0.0 0.0
0.01 2.33510325e-07
0.02 2.34114116e-07
0.03 2.35759686e-07
0.04 2.37961733e-07
0.05 2.38006366e-07
0.06 2.304792e-07
0.07 2.19529182e-07
0.08 2.12759652e-07
0.09 2.10329114e-07
0.1 2.01155692e-07
0.11 1.62219674e-07
0.12 1.28445596e-07
0.13 1.62937605e-07
0.14 1.80842767e-07
0.15 1.45367453e-07
0.16 9.6149422e-08
0.17 6.2698011e-08
0.18 2.14822404e-07
0.19 4.08267061e-07
0.2 4.30779189e-07
0.21 2.40011423e-07
0.22 -5.96858115e-07
0.23 -2.034419147e-06
0.24 -3.256763339e-06
0.25 -4.309449135e-06
0.26 -5.768037934e-06
0.27 -7.777766586e-06
0.28 -9.516544642e-06
0.29 -9.254857747e-06
0.3 -7.286421012e-06
0.31 -5.830661603e-06
0.32 -5.77816532e-06
0.33 -4.886747284e-06
0.34 8.75927149e-07
0.35 1.0822657606e-05
0.36 1.8112171231e-05
0.37 1.5186133496e-05
0.38 7.08974559e-07
0.39 -1.7358605651e-05
0.4 -2.7657735773e-05
0.41 -2.4270625602e-05
0.42 -1.2642378138e-05
0.43 -2.913882561e-06
0.44 3.5112136e-06
0.45 7.957690336e-06
0.46 -1.440978206e-06
0.47 -3.008006262e-05
0.48 -5.4904878318e-05
0.49 -5.3911719525e-05
0.5 -3.8932196416e-05
0.51 -4.2246260433e-05
0.52 -8.0861230305e-05
0.53 -0.000135413106918
0.54 -0.000153468418665
0.55 -0.000101185118037
0.56 3.847975855e-06
0.57 9.5972838958e-05
0.58 0.00010574007978
0.59 8.0874878443e-05
0.6 9.4370578098e-05
0.61 0.000112424167241
0.62 5.3759097597e-05
0.63 -8.3754069042e-05
0.64 -0.000219786375501
0.65 -0.000257228159315
0.66 -0.000174851851501
0.67 -7.6103695173e-05
0.68 -6.9031224541e-05
0.69 -0.000125855458991
0.7 -0.000138556847662
0.71 -7.8790560673e-05
0.72 -3.4620974443e-05
0.73 -6.0134946905e-05
0.74 -0.000101151999481
0.75 -5.8329695329e-05
0.76 2.8824048942e-05
0.77 2.280875002e-05
0.78 -7.5698401308e-05
0.79 -0.00016909914929
0.8 -0.000156816173324
0.81 -3.3620468357e-05
0.82 7.2285045655e-05
0.83 4.8437276926e-05
0.84 -2.4050413738e-05
0.85 -4.39639532e-06
0.86 1.1054358773e-05
0.87 -0.000181362705256
0.88 -0.00031566044492
0.89 -0.000229317433702
0.9 -0.00022786057042
0.91 -0.000388784375066
0.92 -0.000523169781516
0.93 -0.00055619470931
0.94 -0.000482768257195
0.95 -0.000346058926369
0.96 -0.000124907105406
0.97 0.000129604117749
0.98 0.000293244962597
0.99 0.000376029139711
1.0 0.000405113801566
1.01 0.000145061732108
1.02 -0.000187601807849
1.03 -0.000189362714342
1.04 2.2403345e-05
1.05 0.000129857870709
1.06 0.000182934341705
1.07 0.000109945299189
1.08 -0.000289209204959
1.09 -0.000655429948357
1.1 -0.000592402094131
1.11 -0.000435184616664
1.12 -0.000412192776194
1.13 -0.000338935567715
1.14 -0.000219982845408
1.15 -8.5492747736e-05
1.16 0.000112611520698
1.17 0.000288742377428
1.18 0.000298020513348
1.19 5.9405720012e-05
1.2 -0.000194845199182
1.21 -1.0213371379e-05
1.22 0.000402635978147
1.23 0.000395304807511
1.24 5.765254174e-06
1.25 -0.000215927112089
1.26 9.2994540571e-05
1.27 0.000582510534763
1.28 0.000697237357669
1.29 0.000595044701192
1.3 0.00053206540466
1.31 0.000370011215485
1.32 -1.1803100319e-05
1.33 -0.000262394381235
1.34 -0.000261067934905
1.35 -0.000255582682571
1.36 -0.000350989792169
1.37 -0.00024517057532
1.38 -0.000219613883257
1.39 -0.000481336271561
1.4 -0.000879558352711
1.41 -0.001116459162903
1.42 -0.001133662763439
1.43 -0.001365944749282
1.44 -0.001513715121993
1.45 -0.000921806174472
1.46 0.000383565625938
1.47 0.001427700192557
1.48 0.001082760087061
1.49 0.000661699679134
1.5 0.000715120220963
1.51 0.000702151264095
1.52 0.000470188342186
1.53 0.00021721061682
1.54 -0.000299231726552
1.55 -0.000605577390727
1.56 -0.000849050614386
1.57 -0.000763447300796
1.58 -0.000768817990838
1.59 -0.000868828106047
1.6 -0.000620332687884
1.61 -9.1720880999e-05
1.62 1.9717051049e-05
1.63 -0.000247875660785
1.64 -0.000136461310347
1.65 0.00058023043193
1.66 0.001111977188918
1.67 0.001027214294618
1.68 0.00043043237259
1.69 -0.000301553398023
1.7 -0.000555943282396
1.71 -3.7998573984e-05
1.72 0.000351895293722
1.73 -0.00057228324697
1.74 -0.001684308463671
1.75 -0.001517442389704
1.76 -9.0695788348e-05
1.77 0.001061627062071
1.78 0.001023007551299
1.79 0.000662760986258
1.8 -7.2001318418e-05
1.81 -0.000819769877585
1.82 -0.001242487673067
1.83 -0.001579083441743
1.84 -0.001796668865308
1.85 -0.001385390304723
1.86 -0.000893117943105
1.87 -0.000513487084038
1.88 0.000221388273284
1.89 0.001186789235132
1.9 0.00171013102789
1.91 0.001648433378659
1.92 0.0010079538082
1.93 0.00013129314856
1.94 -0.000393216206596
1.95 9.0335817168e-05
1.96 0.000807269619159
1.97 0.000894399834272
1.98 0.000745795311496
1.99 0.000914662636319
2.0 0.001406207806508
2.01 0.001775678741085
2.02 0.001262256934493
2.03 8.1496841356e-05
2.04 -0.001125188752924
2.05 -0.001916487753723
2.06 -0.001691427152697
2.07 -0.001071147016299
2.08 -0.001171144580893
2.09 -0.001092568943299
2.1 -0.000504734578928
2.11 0.000591482975124
2.12 0.001109677352704
2.13 0.001083192981469
2.14 0.000247397413988
2.15 -0.001279393535218
2.16 -0.001640550649474
2.17 -0.000991349284099
2.18 -0.001122106952838
2.19 -0.00108347908399
2.2 6.707390026e-06
2.21 0.001745430062791
2.22 0.002594159306804
2.23 0.001610323814777
2.24 0.000889787538111
2.25 3.360668916e-06
2.26 -0.000612785612315
2.27 -0.000662481361465
2.28 -0.000540180397272
2.29 -0.000863277124125
2.3 -0.000408666658999
2.31 0.000772811397607
2.32 0.001333172047456
2.33 0.000766637580877
2.34 0.00045461505706
2.35 0.000161504396601
2.36 -0.000226543869341
2.37 -0.00102680295839
2.38 -0.001742910560779
2.39 -0.001404536933423
2.4 -5.5827420827e-05
2.41 0.001038269646114
2.42 0.001207163631715
2.43 0.001452160096538
2.44 0.001616488568186
2.45 0.001739354304011
2.46 0.001580519216825
2.47 0.00022547615009
2.48 -0.002141315812864
2.49 -0.003939928546614
2.5 -0.004186449028391
2.51 -0.003778837121606
2.52 -0.002948882601723
2.53 -0.001443089544105
2.54 0.000149302726242
2.55 0.001586191385824
2.56 0.001754037368047
2.57 0.001545179221299
2.58 0.001493831260874
2.59 0.001388885641162
2.6 0.001035365386849
2.61 0.000678221734279
2.62 0.000465139231075
2.63 0.000551595411459
2.64 0.000350633021957
2.65 0.000515927631192
2.66 0.00117441640517
2.67 0.001721370501569
2.68 0.0024150582487
2.69 0.00261698092513
2.7 0.002334832729236
2.71 0.001557640631889
2.72 0.000261317476476
2.73 -0.00120316577489
2.74 -0.0026097354141
2.75 -0.004235015963746
2.76 -0.004937077312571
2.77 -0.005255097475191
2.78 -0.005351416278409
2.79 -0.00418192382608
2.8 -0.00299514365588
2.81 -0.002246739546228
2.82 -0.001815408343923
2.83 -0.001464671515316
2.84 0.000294273456094
2.85 0.00449097894336
2.86 0.005725367550151
2.87 0.004727622553679
2.88 0.005901795499178
2.89 0.005076297525313
2.9 0.004739874143933
2.91 0.005106561397462
2.92 0.00477077053778
2.93 0.002788626214969
2.94 -0.003023943416243
2.95 -0.00550249807004
2.96 -0.005256175952702
2.97 -0.005107307965573
2.98 -0.005410632210757
2.99 -0.004567989425175
3.0 -0.003728034441927
3.01 -0.001891745187866
3.02 0.00075873872693
3.03 -0.001946459592756
3.04 -0.004224782000699
3.05 -0.004732595331471
3.06 -0.005760015590458
3.07 -0.005580400378506
3.08 -0.005622401197105
3.09 -0.004358632185682
3.1 -0.002858452551009
3.11 -0.001841576111093
3.12 -0.002012060819434
3.13 -0.002530351993788
3.14 -0.002616713779105
3.15 -0.002534841553186
3.16 -0.002315281570521
3.17 -0.001396354202032
3.18 0.001441353072864
3.19 0.012322983037636
3.2 0.005219206600037
3.21 0.005648270014905
3.22 0.00523067165345
3.23 0.00162374323039
3.24 0.004197211757561
3.25 -0.003597707316797
3.26 -0.011438153352341
3.27 -0.004505853934429
3.28 -0.003492210072402
3.29 -0.000833931034589
3.3 -0.002655710411887
3.31 -0.003145494912345
3.32 -0.006864628646785
3.33 -0.007308476883755
3.34 -0.006578655055059
3.35 -0.007961478531639
3.36 -0.007631832044818
3.37 -0.007893943417585
3.38 -0.006179811911089
3.39 -0.00594450784643
3.4 -0.00577909268127
3.41 -0.005141781496019
3.42 -0.002391497545563
3.43 0.001169997167274
3.44 0.006301201722221
3.45 0.010032712004369
3.46 0.009022084944929
3.47 0.00843574105715
3.48 0.007292540327388
3.49 0.006206668186031
3.5 0.004566312687235
3.51 0.004847736778455
3.52 0.00530778593142
3.53 0.001514304539998
3.54 -0.002380153224334
3.55 -0.004969229219369
3.56 -0.001365127716741
3.57 -0.001061586999203
3.58 -0.000928278329909
3.59 -0.000300497099309
3.6 -0.000793134798582
3.61 -0.002282868385425
3.62 -0.010844613418648
3.63 -0.013424004641195
3.64 -0.010910479411386
3.65 -0.012527679756568
3.66 -0.01051553658794
3.67 -0.009960652172987
3.68 -0.006030024403014
3.69 0.0008639452205
3.7 0.012082692393765
3.71 0.013853816718245
3.72 0.012630743987003
3.73 0.010292357777473
3.74 0.011385670219709
3.75 0.011668981001656
3.76 0.011904245797075
3.77 0.01266635808776
3.78 0.010402520028818
3.79 0.009821051956635
3.8 0.008951296929838
3.81 0.006452219025772
3.82 0.006152050461604
3.83 0.003330101098444
3.84 -0.010692518074164
3.85 -0.001419723339304
3.86 0.001286845417699
3.87 0.003392601823303
3.88 0.0073552863094
3.89 0.003726869141802
3.9 0.001512648606891
3.91 0.001367066026888
3.92 0.001182127134553
3.93 0.000925211885855
3.94 0.000215206633757
3.95 -0.007477344096283
3.96 -0.017929609345703
3.97 -0.006500317204452
3.98 -0.010572395591593
3.99 -0.007442045816797
4.0 -0.002580203058977
4.01 0.00399749210519
4.02 0.019743264923045
4.03 0.016983171696731
4.04 0.016563766048411
4.05 0.013709061854683
4.06 0.007641590281199
4.07 0.010825033622898
4.08 0.010113820005865
4.09 0.009547198307823
4.1 0.008950000683686
4.11 0.007143484490046
4.12 0.000583940658467
4.13 -0.010275846566123
4.14 -0.0100238659337
4.15 -0.003013360731843
4.16 0.001607895065726
4.17 0.001067819141559
4.18 0.015722253697065
4.19 0.01434994684478
4.2 0.008251494900154
4.21 0.010469666875272
4.22 0.007146928064785
4.23 -0.00848289273658
4.24 -0.010640897880699
4.25 -0.010739963451461
4.26 -0.008817373426193
4.27 -0.008176090333492
4.28 -0.006482599716225
4.29 -0.005848335303453
4.3 -0.004827917139773
4.31 -0.001765062815919
4.32 0.016241368157055
4.33 0.023158726884868
4.34 0.017224806141099
4.35 0.018020242980131
4.36 0.017875863387312
4.37 0.018273947246297
4.38 0.012143612581256
4.39 0.005929463664912
4.4 -0.006389741587654
4.41 -0.019878943704302
4.42 -0.012183028310702
4.43 -0.008598473083993
4.44 -0.010252140566192
4.45 -0.008783650787459
4.46 -0.005791084710922
4.47 -0.003894629678862
4.48 0.003284631775969
4.49 0.025814443785318
4.5 0.012060321185718
4.51 0.011997349014902
4.52 0.013700952753022
4.53 0.012823742925255
4.54 0.011454979299833
4.55 0.009520904089902
4.56 0.0041723402862
4.57 0.001992948802369
4.58 0.002719004383156
4.59 -0.013824332562611
4.6 -0.004088485728681
4.61 -0.009084725970704
4.62 -0.002907400439738
4.63 -0.003283790115598
4.64 -0.008339492119822
4.65 -0.001615223458996
4.66 -0.001614829560635
4.67 0.017617660045523
4.68 0.021375970454484
4.69 0.008502670092341
4.7 0.013429747985511
4.71 0.012037790268393
4.72 0.012979323468306
4.73 0.008367971043574
4.74 0.001100592302614
4.75 0.002438242959401
4.76 0.004714724434887
4.77 0.005726516526945
4.78 0.005743861254159
4.79 0.006566709965166
4.8 0.009378005586936
4.81 -0.010315786145388
4.82 -0.008644055998962
4.83 -0.001235453808375
4.84 -0.004664229408967
4.85 -0.006770761417143
4.86 -0.004986575750597
4.87 -0.006927095209765
4.88 -0.010880349110931
4.89 -0.012439954085209
4.9 -0.012690186495441
4.91 -0.013167313990733
4.92 -0.011540223538277
4.93 -0.001759571712834
4.94 0.032830164169429
4.95 0.015976945097924
4.96 0.018608263707659
4.97 0.025133486945613
4.98 0.02732273671337
4.99 0.026137559233401
5.0 0.027646479299865
5.01 0.03015291509307
5.02 0.029783382620508
5.03 0.027346181564688
5.04 0.022341928485804
5.05 0.015573741125573
5.06 0.011553163857737
5.07 0.012043493789721
5.08 0.01246641197156
5.09 0.009707132460893
5.1 0.008731633484561
5.11 0.008379075008943
5.12 0.008530065387634
5.13 0.008838436498795
5.14 0.009205437502334
5.15 0.0085661778455
5.16 0.00761411200363
5.17 0.006907670969927
5.18 0.005878227736362
5.19 0.004496950542464
5.2 0.004256059976957
5.21 0.003459333370066
5.22 0.002549275648155
5.23 0.001530978373943
5.24 0.000609804063927
5.25 -5.3095184594e-05
5.26 -0.000499028104799
5.27 -0.000459667487542
5.28 -0.000252977250565
5.29 4.7059946283e-05
5.3 3.0097139136e-05
5.31 -0.00034225951689
5.32 -0.008060546749479
5.33 -0.017677753953028
5.34 -0.007246976923259
5.35 -0.017101005240535
5.36 -0.002527600182193
5.37 -0.001526094077673
5.38 -0.012068720431758
5.39 -0.007995550626594
5.4 -0.00532306861784
5.41 -0.009121430536687
5.42 -0.009239602198945
5.43 -0.006586535653892
5.44 -0.006155835088683
5.45 -0.007078377043196
5.46 -0.006442581407317
5.47 -0.004634359358996
5.48 -0.003659911389978
5.49 -0.004247359838765
5.5 -0.005306629774616
5.51 -0.005671595709515
5.52 -0.0057435903411
5.53 -0.006143695547189
5.54 -0.006920626942621
5.55 -0.00750206428773
5.56 -0.007531862820811
5.57 -0.006977810446591
5.58 -0.006210571178404
5.59 -0.005009228328175
5.6 -0.002670940520249
5.61 0.003523182060843
5.62 0.02324557137932
5.63 0.014221015054326
5.64 0.013035780761507
5.65 0.017538699477853
5.66 0.007898496049974
5.67 0.00639437311294
5.68 -0.002285274293571
5.69 0.000216059554028
5.7 -0.00262596855844
5.71 -0.006668914182141
5.72 -0.012628260636519
5.73 -0.010286653378619
5.74 -0.007233691437038
5.75 -0.008139968626168
5.76 -0.008869932543531
5.77 -0.011722179045387
5.78 -0.013424219149485
5.79 -0.012355306796996
5.8 -0.014712136600812
5.81 -0.016189844338036
5.82 -0.016632469847235
5.83 -0.017037649967218
5.84 -0.017936519759694
5.85 -0.019112623755973
5.86 -0.019856581991205
5.87 -0.020096979744988
5.88 -0.02014143993095
5.89 -0.0218895588821
5.9 -0.022474394778099
5.91 -0.023304759014993
5.92 -0.02578170158951
5.93 -0.027117370634546
5.94 -0.026103525871676
5.95 -0.022973239637793
5.96 -0.019912891536641
5.97 -0.0175410825959
5.98 -0.017610229949916
5.99 -0.018526214040946
6.0 -0.0194719258523
6.01 -0.018717329348992
6.02 -0.016718559817195
6.03 -0.013811971775727
6.04 -0.011613926340622
6.05 -0.012165263003484
6.06 -0.010519449739156
6.07 -0.010063519707928
6.08 -0.010554819646472
6.09 -0.011454425903785
6.1 -0.01098825529501
6.11 -0.011430167638507
6.12 -0.011052241697165
6.13 -0.010073922797746
6.14 -0.009185249602594
6.15 -0.008457949658349
6.16 -0.008216048745831
6.17 -0.008158314622254
6.18 -0.00830938811258
6.19 -0.010022307545272
6.2 -0.014148814856484
6.21 -0.009168738103362
6.22 -0.008517845114941
6.23 -0.012578537644939
6.24 -0.009797087331686
6.25 -0.008358355434384
6.26 -0.01130362881438
6.27 -0.00942548921253
6.28 -0.00711533425112
6.29 -0.009016186834251
6.3 -0.008401429887862
6.31 -0.00892753294309
6.32 -0.009012365060738
6.33 -0.008620422427036
6.34 -0.007723174555985
6.35 -0.006187565869758
6.36 -0.004058259804185
6.37 0.000450413962946
6.38 0.011523848616117
6.39 0.023247946164584
6.4 0.010416318538893
6.41 0.004896323863575
6.42 0.011462570686143
6.43 0.008836605320263
6.44 0.005859575639381
6.45 0.004258253102522
6.46 0.001420120587345
6.47 -0.00014363637065
6.48 0.000738268164293
6.49 0.00179057546515
6.5 0.000848032179516
6.51 -0.00044730075597
6.52 -0.000821523915736
6.53 -0.000278631868281
6.54 0.000173739070248
6.55 0.00028273064718
6.56 2.724080406e-05
6.57 -8.6093318636e-05
6.58 0.000142931926788
6.59 0.000446129943148
6.6 0.000845647198602
6.61 0.000852889221305
6.62 0.000698307397027
6.63 -0.000155791293425
6.64 -0.000897350705865
6.65 -0.000939022615542
6.66 -0.000864914821274
6.67 -0.000602760161482
6.68 -6.2686734581e-05
6.69 0.00052973587966
6.7 0.001295120649555
6.71 0.001904877489683
6.72 0.002977276361489
6.73 0.003594358105994
6.74 0.003545976331335
6.75 0.003726924928114
6.76 0.003711217192479
6.77 0.003944841922514
6.78 0.004663744492833
6.79 0.005498403262338
6.8 0.006602409385726
6.81 0.007626455558833
6.82 0.008560293808025
6.83 0.009198708292327
6.84 0.009353409784855
6.85 0.009525355646105
6.86 0.010536121534485
6.87 0.012243293283947
6.88 0.013593071966291
6.89 0.014449439482613
6.9 0.014628009257839
6.91 0.014695178467034
6.92 0.015193104885959
6.93 0.015152876277144
6.94 0.015272606611026
6.95 0.015339350576973
6.96 0.015468595696906
6.97 0.015067974083016
6.98 0.014505500817043
6.99 0.013956859822614
7.0 0.013887940391087
7.01 0.014562313268625
7.02 0.016322189103977
7.03 0.018528731428856
7.04 0.020442888940967
7.05 0.021357039796049
7.06 0.020953817841906
7.07 0.019303498598806
7.08 0.017019576386649
7.09 0.013659532724318
7.1 0.009614700189311
7.11 0.006935515952652
7.12 0.006445608393676
7.13 0.005967837622716
7.14 0.007166109266486
7.15 0.010303581525797
7.16 0.012098075293997
7.17 0.011674983923614
7.18 0.010087381813966
7.19 0.00901257769328
7.2 0.011425910194505
7.21 0.01413606276586
7.22 0.007711837675738
7.23 0.012258557835764
7.24 0.008973544670419
7.25 0.007537456394448
7.26 0.001794458713059
7.27 0.007769054308501
7.28 0.005224220437444
7.29 0.00113525462158
7.3 0.003317655668018
7.31 0.002619201029685
7.32 0.001113234599691
7.33 0.004305787729385
7.34 0.006422067622965
7.35 0.006096026428309
7.36 0.008078392598341
7.37 0.009016482841541
7.38 0.007427057982108
7.39 0.007447865928732
7.4 0.007691796342672
7.41 0.006359933212809
7.42 0.006444522577698
7.43 0.006531025077167
7.44 0.007109237213771
7.45 0.006244886877277
7.46 -0.013161456081187
7.47 -0.020656070142952
7.48 0.000105409972116
7.49 -0.021405940883296
7.5 -0.015936241302485
7.51 -0.008850494787314
7.52 -0.018173747349391
7.53 -0.005914218453766
7.54 -0.005586672999338
7.55 -0.014658987751227
7.56 -0.015688184286435
7.57 -0.008630540204832
7.58 -0.005777899089821
7.59 -0.0013771582735
7.6 -0.00200875722045
7.61 -0.004276486668688
7.62 -0.003523069126517
7.63 -0.002428422479468
7.64 -0.002778943988983
7.65 -0.004003942653821
7.66 -0.004879989846812
7.67 -0.004396264025995
7.68 -0.003056580712052
7.69 -0.002253868794553
7.7 -0.0019944738339
7.71 -0.001668551493198
7.72 -0.001401802637881
7.73 -0.000626583682792
7.74 0.001157780316085
7.75 0.00298890992151
7.76 0.002882951824871
7.77 0.001196441155648
7.78 2.3967597158e-05
7.79 0.00046978397271
7.8 0.001596571406641
7.81 0.003574539988059
7.82 0.006444013506334
7.83 0.010668294000035
7.84 0.015765046335112
7.85 0.025698374121211
7.86 0.027650098332692
7.87 0.022003744107336
7.88 0.019771192019695
7.89 0.016218435658712
7.9 0.014626125932346
7.91 0.000859041361911
7.92 -0.004895464727939
7.93 -0.001521895491764
7.94 -0.002433195095363
7.95 -0.006856766737594
7.96 -0.011418096377704
7.97 -0.017352510728521
7.98 -0.026138389530686
7.99 -0.019521565733344
8.0 -0.017738353970805
8.01 -0.023282521081032
8.02 -0.02542634534819
8.03 -0.028297055552312
8.04 -0.023741212106127
8.05 -0.028556073667753
8.06 -0.028123842703396
8.07 -0.022479906090519
8.08 -0.026969803378323
8.09 -0.025529650105709
8.1 -0.022550745062214
8.11 -0.026339388358976
8.12 -0.023325242468307
8.13 -0.02023001789713
8.14 -0.019559764221677
8.15 -0.015442740791884
8.16 -0.013296822105365
8.17 -0.013836119451589
8.18 -0.014161607937997
8.19 -0.015577121200737
8.2 -0.01516000718487
8.21 -0.013532484739676
8.22 -0.011316423791356
8.23 -0.004194716576467
8.24 -0.00083564220784
8.25 -0.002161911077298
8.26 -0.005092418348012
8.27 -0.007328827433304
8.28 -0.008562023177696
8.29 -0.006956129580054
8.3 -0.004127718804667
8.31 -0.000955676128178
8.32 0.001483996101448
8.33 0.00220369072903
8.34 0.000969162187502
8.35 -0.00137769591341
8.36 -0.004489085424666
8.37 -0.009909575681639
8.38 -0.009372461228809
8.39 -0.008875194324187
8.4 -0.008132577757062
8.41 -0.006273196156844
8.42 -0.005807700634681
8.43 -0.006081916074917
8.44 -0.007461464573502
8.45 -0.009871799139953
8.46 -0.011112631296095
8.47 -0.010954934909604
8.48 -0.009445637515746
8.49 -0.007276806123529
8.5 -0.006248583268558
8.51 -0.006799754770424
8.52 -0.008499091644601
8.53 -0.01015421288145
8.54 -0.010063173976165
8.55 0.012889917549361
8.56 0.003289222445304
8.57 0.004246778382819
8.58 0.019400311456013
8.59 0.005681577135176
8.6 -0.006047646039246
8.61 0.002060616109668
8.62 0.011763782287033
8.63 0.018413268534605
8.64 0.006208728457853
8.65 0.009653138390692
8.66 0.006685328660621
8.67 0.001604719587772
8.68 0.001819204770411
8.69 0.004073881409991
8.7 0.005725544569919
8.71 0.006580218957377
8.72 0.007257739209287
8.73 0.005983535314697
8.74 0.002112517493536
8.75 -0.001317953527475
8.76 -0.001878447953556
8.77 -0.000886520384825
8.78 -0.000299378271598
8.79 -0.000738330879778
8.8 -0.001649670985296
8.81 -0.002511456022014
8.82 -0.003149999395396
8.83 -0.0035280004927
8.84 -0.003761613101076
8.85 -0.004417561158834
8.86 -0.005740874231278
8.87 -0.007043663211402
8.88 -0.007850937441826
8.89 -0.008885796603167
8.9 -0.012782014652918
8.91 -0.03010298595889
8.92 -0.014700649644947
8.93 -0.018207940059535
8.94 -0.027654369037398
8.95 -0.01424854545191
8.96 -0.024807564101242
8.97 -0.020732137606814
8.98 -0.020718016081665
8.99 -0.027677666506977
9.0 -0.01746678180075
9.01 -0.022774868845415
9.02 -0.020308214024093
9.03 -0.012672661502097
9.04 -0.006059556517724
9.05 5.8113987729e-05
9.06 -0.004051375230301
9.07 -0.003009688500896
9.08 0.000451051272349
9.09 -0.000807767947276
9.1 -0.003040082163785
9.11 -0.002106162339245
9.12 -2.9172619045e-05
9.13 0.001383686080692
9.14 0.012293635885828
9.15 0.020485919483701
9.16 0.010650314474814
9.17 0.013147947440241
9.18 0.012310855710976
9.19 0.01419616749436
9.2 0.01310512721311
9.21 0.015954004841179
9.22 0.01753415915461
9.23 0.009327324140096
9.24 0.019066689763909
9.25 0.018085116838237
9.26 0.01803675127167
9.27 0.018197669378849
9.28 0.018201727476377
9.29 0.018016174530884
9.3 0.010243481782534
9.31 0.015570085464778
9.32 0.010078684676958
9.33 0.005891736997685
9.34 -0.001543447028195
9.35 -0.00440741131569
9.36 -0.001533469376688
9.37 -0.003053224663971
9.38 -0.008429232233372
9.39 -0.008454214076781
9.4 -0.005037939162179
9.41 -0.004391765900947
9.42 -0.006085299188033
9.43 -0.007306247755393
9.44 -0.005732803867853
9.45 -0.00478764938414
9.46 -0.010363533736424
9.47 -0.01192875164253
9.48 -0.009433336727299
9.49 -0.008726326326375
9.5 -0.010260685035643
9.51 -0.015920651655559
9.52 -0.034608267437915
9.53 -0.019276425874266
9.54 -0.019946524749932
9.55 -0.030108427950224
9.56 -0.021328188458144
9.57 -0.022287364385868
9.58 -0.024619710136404
9.59 -0.01864621935352
9.6 -0.019338213793956
9.61 -0.017746238179188
9.62 -0.015920591405858
9.63 -0.015241058228424
9.64 -0.009242110684313
9.65 -0.007995668155086
9.66 -0.010384215415663
9.67 -0.011046656742796
9.68 -0.011880896286181
9.69 -0.011883593641561
9.7 -0.009154685909627
9.71 -0.008343171851602
9.72 -0.008279723749295
9.73 -0.007414249926444
9.74 -0.006107777826155
9.75 -0.004605755768025
9.76 -0.003869446656169
9.77 -0.003747192261841
9.78 -0.003832458160806
9.79 -0.00431293603294
9.8 -0.004434672578518
9.81 -0.003808241166356
9.82 -0.002740831430417
9.83 -0.00157376860598
9.84 -0.000547102838102
9.85 0.000335789768218
9.86 0.000792030352722
9.87 0.000814807846531
9.88 0.001167364353947
9.89 0.003950936437501
9.9 0.023783516481941
9.91 0.013796519443292
9.92 0.009984781143355
9.93 0.02791663066315
9.94 0.014179228389059
9.95 0.021796898974007
9.96 0.022390149178354
9.97 0.014473226477546
9.98 0.023875927854614
9.99 0.025549816295357
10.0 0.022757245277788
10.01 0.015260853872133
10.02 0.016376077132511
10.03 0.014513940824395
10.04 0.009987534303962
10.05 0.008928982695993
10.06 0.009234533947727
10.07 0.007983471764125
10.08 0.006457135003012
10.09 0.005543808789678
10.1 0.006477641102197
10.11 0.00654385773987
10.12 0.005644601659339
10.13 0.005957179407163
10.14 0.00720518498919
10.15 0.008853230585874
10.16 0.01027835675186
10.17 0.010639493707205
10.18 0.008363053146481
10.19 0.005531101271596
10.2 0.005830371880114
10.21 0.007713598214881
10.22 0.007636244660627
10.23 0.00591589933064
10.24 0.004104637390228
10.25 0.001728548359167
10.26 -0.002906989595053
10.27 -0.010167909616601
10.28 -0.020250006729876
10.29 -0.021852573315177
10.3 -0.021537213659752
10.31 -0.021803955714313
10.32 -0.018329843454483
10.33 -0.016532337932922
10.34 -0.013788890588646
10.35 -0.011214083550951
10.36 -0.009851113117402
10.37 -0.007738931313379
10.38 0.001286256602282
10.39 0.00933108771229
10.4 -0.00103356471409
10.41 0.005534985696063
10.42 0.012704968908613
10.43 0.008028623334004
10.44 0.011420672821499
10.45 0.011080953728949
10.46 0.013904277217393
10.47 0.0164361312901
10.48 0.013730485788512
10.49 0.01457337800654
10.5 0.0154465146037
10.51 0.018132096956039
10.52 0.020131373596911
10.53 0.016572681952486
10.54 0.019889676226333
10.55 0.0192496991247
10.56 0.017195761781563
10.57 0.021204630703398
10.58 0.022851287782911
10.59 0.018681485615254
10.6 0.010830796043077
10.61 0.002375977054643
10.62 0.001331869744481
10.63 0.006146199397706
10.64 0.006054771825319
10.65 0.007950343896964
10.66 0.008508990881737
10.67 0.006822803405994
10.68 0.003914337868793
10.69 0.001584976852192
10.7 0.000832852513998
10.71 0.00184457868904
10.72 0.003882931729302
10.73 0.005643351642121
10.74 0.006353477399757
10.75 0.005610656458305
10.76 0.003453643160903
10.77 0.001063748444601
10.78 0.000461940727295
10.79 -0.0002497694974
10.8 -0.000333329067942
10.81 -0.001204612496528
10.82 -0.006205977913946
10.83 -0.026952046567686
10.84 -0.023657645968186
10.85 -0.0131384341485
10.86 -0.019215628586841
10.87 -0.015920938733748
10.88 -0.014058369169448
10.89 -0.016632993360846
10.9 -0.017015771080221
10.91 -0.013277160899952
10.92 -0.008785210703219
10.93 -0.008503338279941
10.94 -0.010062059034029
10.95 -0.010185581401031
10.96 -0.008726202379114
10.97 -0.007595224843892
10.98 -0.007116238250882
10.99 -0.006829228832372
11.0 -0.006088034672195
11.01 -0.005182884227978
11.02 -0.004610415629089
11.03 -0.003459846058414
11.04 -0.001720734149453
11.05 -0.001018928946622
11.06 -0.001229489001508
11.07 -0.000676530748973
11.08 -6.135653061e-06
11.09 7.338058935e-05
11.1 0.00048216375548
11.11 0.001238756679665
11.12 0.001544379886782
11.13 0.001502794042438
11.14 0.001406497763438
11.15 0.001176286920952
11.16 0.000817347812365
11.17 0.000720576108696
11.18 0.000899493747275
11.19 0.00147020646321
11.2 0.002109590147574
11.21 0.003448920342141
11.22 0.005843398062483
11.23 0.00678952182741
11.24 0.008055821049564
11.25 0.008441070314673
11.26 0.008643456982176
11.27 0.007947207993278
11.28 0.004664257655074
11.29 0.005413702943342
11.3 0.010283497020176
11.31 0.005080970443491
11.32 0.019436482524824
11.33 0.021530053559772
11.34 0.012197425333458
11.35 0.011739021810541
11.36 0.01363897203499
11.37 0.013049605025749
11.38 0.013506528232351
11.39 0.01615608227728
11.4 0.017881174970064
11.41 0.016889446078992
11.42 0.015833918834461
11.43 0.016228718049789
11.44 0.01708605534268
11.45 0.017057533841702
11.46 0.016187234291457
11.47 0.015982960169198
11.48 0.016303197307185
11.49 0.015402627094634
11.5 0.013039554146453
11.51 0.009644652828244
11.52 0.006573152064145
11.53 0.006612649650983
11.54 0.007477665367571
11.55 0.008180694440829
11.56 0.00857809759882
11.57 0.008640960302502
11.58 0.00846705014058
11.59 0.00815315583393
11.6 0.007828687531367
11.61 0.007699245838569
11.62 0.007344998385908
11.63 0.006647820479735
11.64 0.006116299489294
11.65 0.006131963193147
11.66 0.006709501887795
11.67 0.006596912355312
11.68 0.006004308919333
11.69 0.005012612630782
11.7 0.005096736890363
11.71 0.005965231480367
11.72 0.006719756460668
11.73 0.006683723769656
11.74 0.00615636161414
11.75 0.005614659570293
11.76 0.004344884394866
11.77 -0.001343369471703
11.78 -0.016830789152879
11.79 -0.00235591830787
11.8 -0.006483644293715
11.81 -0.016833946864062
11.82 -0.003801455790556
11.83 -0.00839960438948
11.84 -0.003408949794943
11.85 0.000650740258847
11.86 0.001569130213428
11.87 0.007373048356665
11.88 0.00625213700743
11.89 0.002373004591109
11.9 0.01225481169934
11.91 0.026941718989977
11.92 0.025695831626221
11.93 0.021132875907658
11.94 0.020412562362129
11.95 0.020639037918583
11.96 0.019245888673311
11.97 0.022858510545636
11.98 0.023925990204121
11.99 0.024255158824185
12.0 0.025968286661249
12.01 0.024414966987479
12.02 0.025389587901724
12.03 0.026124869014413
12.04 0.023771546219572
12.05 0.025487313495799
12.06 0.026475254953779
12.07 0.025600833948555
12.08 0.027294683955219
12.09 0.027438809400307
12.1 0.027053536646161
12.11 0.027949624345447
12.12 0.027453950931885
12.13 0.026687311224717
12.14 0.022643068909906
12.15 0.016019997105877
12.16 0.012572726133754
12.17 0.00957246408222
12.18 0.010390429142775
12.19 0.011507629665866
12.2 0.012903859799706
12.21 0.013824778982158
12.22 0.013517342288885
12.23 0.012270498792379
12.24 0.010372552095197
12.25 0.008995107277074
12.26 0.008424179426794
12.27 0.00854790388139
12.28 0.009101114137174
12.29 0.009513396528973
12.3 0.009742168241563
12.31 0.009721411255403
12.32 0.009375311060672
12.33 0.009056197837154
12.34 0.008783964417255
12.35 0.0069709245833
12.36 0.005590596325567
12.37 0.005763801024805
12.38 0.005361476961812
12.39 0.004608080708827
12.4 0.003966763629596
12.41 0.003130207193031
12.42 0.001207477196485
12.43 -0.008721394592233
12.44 -0.019901333675735
12.45 -0.020351304625402
12.46 -0.008295661540513
12.47 -0.012856734001091
12.48 -0.014028576792801
12.49 -0.009794380076753
12.5 -0.008350794401627
12.51 -0.008612092996841
12.52 -0.007316927046572
12.53 -0.005729756856442
12.54 -0.006080942683795
12.55 -0.007010855425134
12.56 -0.005529677933329
12.57 -0.002590982000608
12.58 -0.000774611139798
12.59 -0.000667529694534
12.6 -0.001453398124295
12.61 -0.001604642474457
12.62 -0.000850802641777
12.63 0.000184639274512
12.64 0.001102003402571
12.65 0.001414085210093
12.66 0.001748635850895
12.67 0.00221420457318
12.68 0.002834721692155
12.69 0.003481562501484
12.7 0.003735967337841
12.71 0.003720758764661
12.72 0.003541502114998
12.73 0.003057993889779
12.74 0.002305611089611
12.75 0.001814754540552
12.76 0.001448304045274
12.77 0.001298501575736
12.78 0.001478563290439
12.79 0.002022653144605
12.8 0.002853374039107
12.81 0.00405695933603
12.82 0.005485219628814
12.83 0.008432185225856
12.84 0.018526046293529
12.85 0.015806028344923
12.86 0.013093715003762
12.87 0.015072582552391
12.88 0.008837829751018
12.89 0.011559812419559
12.9 0.009788735451272
12.91 0.005993223657984
12.92 0.007181353749597
12.93 0.000875905060752
12.94 -0.005168583476061
12.95 -0.005209588247598
12.96 -0.007778113866058
12.97 -0.003985061452907
12.98 -1.6587246049e-05
12.99 -0.001431048234203
13.0 -0.005131942016721
13.01 -0.005796188987555
13.02 -0.007004861702088
13.03 -0.007599314926393
13.04 -0.005126425904519
13.05 -0.006507828904457
13.06 -0.009277736660653
13.07 -0.008174054521549
13.08 -0.00863408919009
13.09 -0.007584468475999
13.1 -0.007718151996725
13.11 -0.007643418691153
13.12 -0.006835895273113
13.13 -0.007125527764994
13.14 -0.006861817746882
13.15 -0.006812702365699
13.16 -0.004965709359942
13.17 -0.003267428291464
13.18 -0.002039524798142
13.19 -0.001124618382815
13.2 -0.000169911642586
13.21 0.000863315958914
13.22 0.000652887197156
13.23 -0.00055745020994
13.24 0.000225654782364
13.25 0.002026591587275
13.26 0.000662947306668
13.27 -0.001938220980218
13.28 -0.002623795127362
13.29 -0.00482125362985
13.3 -0.006007342046561
13.31 -0.006144560003449
13.32 -0.005686021315444
13.33 -0.005294674146159
13.34 -0.005376388309534
13.35 -0.005784287868671
13.36 -0.006219127872547
13.37 -0.006251903547198
13.38 -0.006068615931094
13.39 -0.005638613980839
13.4 -0.005266783316267
13.41 -0.005334817189931
13.42 -0.006034422501958
13.43 -0.007061708201051
13.44 -0.008073620271789
13.45 -0.008907120287324
13.46 -0.009469230436772
13.47 -0.009880976721788
13.48 -0.010361485078003
13.49 -0.011221038455008
13.5 -0.012313949160448
13.51 -0.010132983964519
13.52 -0.009932571977182
13.53 -0.010836298150051
13.54 -0.009172326821685
13.55 -0.009430377908034
13.56 -0.007930789369186
13.57 -0.008165234038795
13.58 -0.009185509487515
13.59 -0.008339042357579
13.6 -0.008181494318151
13.61 -0.00813414202171
13.62 -0.008147009647648
13.63 -0.008273387122039
13.64 -0.0083422496295
13.65 -0.008311631222315
13.66 -0.008119305545307
13.67 -0.007772441121094
13.68 -0.007511105879796
13.69 -0.007523320679774
13.7 -0.00778879861511
13.71 -0.008186609443519
13.72 -0.008564265256526
13.73 -0.008763365863593
13.74 -0.008667194043296
13.75 -0.008376191099548
13.76 -0.00819159691707
13.77 -0.008296244073623
13.78 -0.008701963083686
13.79 -0.009310953115721
13.8 -0.009940296421812
13.81 -0.010401139238711
13.82 -0.010523859324438
13.83 -0.010390301814933
13.84 -0.010125397843486
13.85 -0.009834568944432
13.86 -0.00961179786255
13.87 -0.009492123738321
13.88 -0.009436912493336
13.89 -0.009460091178222
13.9 -0.009582323546621
13.91 -0.009904490896964
13.92 -0.010160328375377
13.93 -0.010545635901262
13.94 -0.010896967115151
13.95 -0.011228630008035
13.96 -0.011677699177194
13.97 -0.011980115505743
13.98 -0.011367584152173
13.99 -0.011081797537201
14.0 -0.010551090000836
14.01 -0.009904928830381
14.02 -0.009255218070627
14.03 -0.008433566003533
14.04 -0.00787115347776
14.05 -0.007546428828394
14.06 -0.007248495514079
14.07 -0.007186937862671
14.08 -0.007141719081056
14.09 -0.007087052457895
14.1 -0.007141265363238
14.11 -0.007012355793469
14.12 -0.006661100921465
14.13 -0.006075194789839
14.14 -0.005267580026941
14.15 -0.004530002677454
14.16 -0.004208492029426
14.17 -0.003662464965952
14.18 -0.003112866934247
14.19 -0.001686020844412
14.2 0.011531195260832
14.21 0.011920790871269
14.22 0.005248895990044
14.23 0.006443778650755
14.24 0.006390815585964
14.25 0.005846533290769
14.26 0.006827760143453
14.27 0.006331224273373
14.28 0.004827124345083
14.29 0.003049127787596
14.3 -0.005069695881371
14.31 -0.004924874231326
14.32 -0.00333456852398
14.33 -0.008097235983334
14.34 -0.00567695826259
14.35 -0.004418169243912
14.36 -0.008611259066345
14.37 -0.006194529456471
14.38 -0.0052423214566
14.39 -0.004706940585067
14.4 -9.405814885e-06
14.41 0.000476646738018
14.42 -0.002156180169498
14.43 -0.003245941161081
14.44 -0.003439210093105
14.45 -0.003409749788999
14.46 -0.003371491540252
14.47 -0.003528689330218
14.48 -0.003830598361598
14.49 -0.003823365266761
14.5 -0.003290828874832
14.51 -0.002796917872028
14.52 -0.003270949820099
14.53 -0.004252262650333
14.54 -0.005267588483116
14.55 -0.013112270288836
14.56 -0.016428931680499
14.57 -0.010526528208674
14.58 -0.014143885964879
14.59 -0.017670682710356
14.6 -0.014637074372795
14.61 -0.012277692357803
14.62 -0.012659979385738
14.63 -0.013860364122625
14.64 -0.014613004134347
14.65 -0.015343453869792
14.66 -0.015727328822642
14.67 -0.015976225374603
14.68 -0.015803747356303
14.69 -0.014935843238766
14.7 -0.014481210251887
14.71 -0.015025694779191
14.72 -0.015506579062277
14.73 -0.015032368063678
14.74 -0.013891616536224
14.75 -0.013115027240479
14.76 -0.012088051728255
14.77 -0.011295395615462
14.78 -0.011881113574506
14.79 -0.013500506436015
14.8 -0.01457672680789
14.81 -0.014560901022614
14.82 -0.013523748200536
14.83 -0.011993123972911
14.84 -0.01054135250016
14.85 -0.009595629527083
14.86 -0.009220907843886
14.87 -0.009341637643559
14.88 -0.009588971032243
14.89 -0.009771148065659
14.9 -0.009645320750223
14.91 -0.009158741764118
14.92 -0.008590776213334
14.93 -0.008114390365075
14.94 -0.008009153508492
14.95 -0.008188565010748
14.96 -0.008320816691182
14.97 -0.008821984835448
14.98 -0.009304442377286
14.99 -0.009596042897526
15.0 -0.009720255906521
15.01 -0.009665026927283
15.02 -0.009678679321959
15.03 -0.009546624813226
15.04 -0.009359755685278
15.05 -0.009056620811056
15.06 -0.008395474950956
15.07 -0.0077434769088
15.08 -0.007482404692861
15.09 -0.007507386422654
15.1 -0.007730083782503
15.11 -0.008040132288476
15.12 -0.00809932683023
15.13 -0.007981560720673
15.14 -0.007877053032005
15.15 -0.007453826585522
15.16 -0.003513918770605
15.17 0.012499414302215
15.18 0.002475412023059
15.19 -7.4725098174e-05
15.2 0.005919922274495
15.21 0.004450221003456
15.22 0.002114603916562
15.23 0.002479989766709
15.24 0.001285161140577
15.25 -0.00046496989157
15.26 0.000259671846213
15.27 0.000468779207188
15.28 -0.002795015365616
15.29 -0.010379794265725
15.3 -0.013640647774033
15.31 -0.009077050617313
15.32 -0.012628871149478
15.33 -0.009454671137429
15.34 -0.011511436855062
15.35 -0.012926636456546
15.36 -0.010246342878852
15.37 -0.010906374875736
15.38 -0.012669167191986
15.39 -0.013009502753215
15.4 -0.012183181617694
15.41 -0.012269915775941
15.42 -0.011834186915072
15.43 -0.011175525941811
15.44 -0.010820725578204
15.45 -0.008823241099901
15.46 -0.003607544495286
15.47 0.001581980140734
15.48 0.004188203149716
15.49 0.004946328610851
15.5 0.004614600612922
15.51 0.003024682928856
15.52 0.0028426819301
15.53 0.003033526231391
15.54 0.002099039770224
15.55 0.004025709020053
15.56 0.005721540213642
15.57 0.004745069055757
15.58 0.005284592385182
15.59 0.006292100356394
15.6 0.005782381484965
15.61 0.005878738867435
15.62 0.006217777849106
15.63 0.006207925818204
15.64 0.005129614532709
15.65 0.004268884180761
15.66 0.004355413786982
15.67 0.004948774689636
15.68 0.005899461658644
15.69 0.004598935109044
15.7 0.003492458401618
15.71 0.003100180765665
15.72 0.003378128732732
15.73 0.003118466118501
15.74 0.002871774583666
15.75 0.002547506395989
15.76 0.002667562973886
15.77 0.003021581075686
15.78 0.003369490200713
15.79 0.003537022868868
15.8 0.003278718032934
15.81 0.002930673745198
15.82 0.002537512996368
15.83 0.002552449760015
15.84 0.003146633526256
15.85 0.004223314283748
15.86 0.005309159248313
15.87 0.006149768461824
15.88 0.006605019436713
15.89 0.00669405742729
15.9 0.006279206011338
15.91 0.005986789156645
15.92 0.006270703022733
15.93 0.007595293200511
15.94 0.007750900168835
15.95 0.007693346716701
15.96 0.007129753970017
15.97 0.006367431061751
15.98 0.005686207110644
15.99 0.005028956133126
16.0 0.00461967018849
16.01 0.004218736290732
16.02 0.003367077875076
16.03 0.002471030607843
16.04 0.001923814627135
16.05 0.001521033491179
16.06 0.001798126627258
16.07 0.002254329438118
16.08 0.002837580324008
16.09 0.003428189404147
16.1 0.003462765070628
16.11 0.003293287025573
16.12 0.004204998034341
16.13 0.003936324508268
16.14 0.001602079349574
16.15 -0.014772029283636
16.16 -0.005664859525263
16.17 -0.004384732192529
16.18 -0.012490441582066
16.19 -0.010536856445681
16.2 -0.005912385718382
16.21 -0.006316081553128
16.22 -0.004686285846983
16.23 0.012065553258109
16.24 0.010484663430869
16.25 0.008112501324941
16.26 0.010984101923805
16.27 0.009141767159155
16.28 0.010112591168469
16.29 0.010499921386975
16.3 0.006010056609651
16.31 0.00593262630847
16.32 0.008027443693776
16.33 0.007737182952574
16.34 0.008648719468841
16.35 0.007477797508301
16.36 0.007492126769527
16.37 0.009426355713794
16.38 0.009751141494102
16.39 0.008622380398076
16.4 0.009220948363182
16.41 0.010610198396054
16.42 0.010957683292267
16.43 0.00986953803017
16.44 0.010002782922287
16.45 0.010083408587529
16.46 0.008999517515669
16.47 0.00828407747406
16.48 0.007315457011121
16.49 0.006103649876983
16.5 0.005059695418688
16.51 0.00497907409665
16.52 0.004973171842133
16.53 0.004946441022137
16.54 0.00526550359046
16.55 0.006265868603211
16.56 0.007189255522518
16.57 0.007944774749806
16.58 0.009151991801817
16.59 0.011815479835539
16.6 0.010392101397294
16.61 0.007839169860161
16.62 0.008680755413654
16.63 0.008542888129745
16.64 0.00839268094472
16.65 0.008369182642911
16.66 0.008370850366494
16.67 0.007921122928516
16.68 0.007032103690608
16.69 0.00623322244812
16.7 0.005845417607274
16.71 0.005720730569768
16.72 0.005969818033112
16.73 0.00618665711356
16.74 0.006378146153979
16.75 0.006395521321856
16.76 0.006248060182641
16.77 0.006025204571487
16.78 0.005848533420295
16.79 0.00578140548699
16.8 0.005897711713588
16.81 0.005949904567403
16.82 0.005922785276614
16.83 0.005889312758535
16.84 0.005842183975981
16.85 0.005809217704382
16.86 0.005634372845891
16.87 0.005290447411306
16.88 0.005169536264849
16.89 0.004871755130178
16.9 -0.000992947619774
16.91 -0.013783027374739
16.92 -0.003744454407195
16.93 -0.003358643789195
16.94 -0.00750511167357
16.95 -0.007314108564729
16.96 -0.005154599633377
16.97 -0.004000903062362
16.98 -0.004155324269917
16.99 -0.003661543803612
17.0 -0.00057042986008
17.01 0.011561743491998
17.02 0.01501968180032
17.03 0.00476841591324
17.04 0.008340415108594
17.05 0.011112952201301
17.06 0.010619832761919
17.07 0.009800235120696
17.08 0.008321651368566
17.09 0.007974428598416
17.1 0.008927465075181
17.11 0.008618512207264
17.12 0.007624505965754
17.13 0.008109244308961
17.14 0.008161979412739
17.15 0.007426947231711
17.16 0.007513330906929
17.17 0.007977044428045
17.18 0.007214566439794
17.19 0.00707344263609
17.2 0.007486772763393
17.21 0.006009206359583
17.22 0.003980709278908
17.23 0.003203237378001
17.24 0.001369302293977
17.25 0.001298030648072
17.26 0.001089740176806
17.27 -0.00017528223336
17.28 -0.000388083299378
17.29 0.001705724346903
17.3 0.003466683597028
17.31 0.002896638583982
17.32 0.001433614059896
17.33 4.2443983747e-05
17.34 -0.001449155902639
17.35 6.7528564684e-05
17.36 8.3951245433e-05
17.37 0.001032282912928
17.38 0.002586571557567
17.39 0.001259291189826
17.4 0.001556963812742
17.41 0.000620771893761
17.42 -0.001016976924253
17.43 -0.001588038523524
17.44 -0.000718610918913
17.45 -0.0015281307385
17.46 -0.005828542771712
17.47 -0.008283881579882
17.48 -0.008883440991337
17.49 -0.00854057790719
17.5 -0.007456698819321
17.51 -0.006445157637342
17.52 -0.006017152393103
17.53 -0.00591674367916
17.54 -0.005446511757292
17.55 -0.004986378960649
17.56 -0.004877386458242
17.57 -0.005189095983446
17.58 -0.005769895279442
17.59 -0.006264493076866
17.6 -0.006256967670799
17.61 -0.005741651191294
17.62 -0.005218912957434
17.63 -0.004762658599287
17.64 -0.004417516683476
17.65 -0.004045807017723
17.66 -0.003622701913843
17.67 -0.003085150423022
17.68 -0.002326254673323
17.69 -0.001624776870605
17.7 -0.00127266294062
17.71 -0.001265071815525
17.72 -0.001108383897675
17.73 -0.000902359313356
17.74 -0.00081535373623
17.75 -0.00079810563628
17.76 -0.000951396703138
17.77 -0.001012027824199
17.78 -0.000845461993262
17.79 -0.000558553479437
17.8 3.3444887484e-05
17.81 0.001708787174585
17.82 0.016963826835324
17.83 0.0152215999952
17.84 0.008941080949416
17.85 0.017403601975341
17.86 0.014460225459006
17.87 0.009625783434463
17.88 0.010180497179609
17.89 0.011507469287118
17.9 0.009209603523266
17.91 0.007274462691304
17.92 0.007506612068943
17.93 0.00723270512348
17.94 0.005404790353105
17.95 0.003920226275483
17.96 0.004045261209562
17.97 0.004856003382346
17.98 0.004452610885808
17.99 0.003359138082518
18.0 0.002045859776249
18.01 -0.002889524299833
18.02 -0.012847345199225
18.03 0.000262682213255
18.04 -0.010191249983995
18.05 -0.009626526204606
18.06 -0.00567705057184
18.07 -0.010015322096431
18.08 -0.007571708437483
18.09 -0.009177656657514
18.1 -0.00689000967636
18.11 -0.00675877391223
18.12 -0.005783819585134
18.13 0.002779051513181
18.14 0.005178215356235
18.15 0.002596223326077
18.16 0.00550028759115
18.17 0.009514435813865
18.18 0.010939092420942
18.19 0.011709897105616
18.2 0.011633636740165
18.21 0.011432453741221
18.22 0.011976350271584
18.23 0.012569626572446
18.24 0.012760696231007
18.25 0.011947924776546
18.26 0.010850617885537
18.27 0.009686157465373
18.28 0.009312680421843
18.29 0.009456562833889
18.3 0.009666956556484
18.31 0.009859055681981
18.32 0.010240893743537
18.33 0.01060118839182
18.34 0.010668139078344
18.35 0.010393643777447
18.36 0.009779797044645
18.37 0.009143672471291
18.38 0.008844007734554
18.39 0.008338088001709
18.4 0.007827914552201
18.41 0.007150324128015
18.42 0.006221212599559
18.43 0.00526263194465
18.44 0.00432023541855
18.45 0.00361564823877
18.46 0.002566891605824
18.47 0.002665956384673
18.48 0.003281359237628
18.49 0.003969336294236
18.5 0.004311987586838
18.51 0.004186312048991
18.52 0.003858280212203
18.53 0.003717440955605
18.54 0.0036028768322
18.55 0.003522549314202
18.56 0.003551140172825
18.57 0.003283790707815
18.58 -0.001765340217024
18.59 -0.01296722501663
18.6 -0.002327958703585
18.61 -0.004055038362746
18.62 -0.009310203472843
18.63 -0.004591536367061
18.64 0.001454284985786
18.65 0.00950679791732
18.66 0.009401536434529
18.67 0.005102166058782
18.68 0.004512514927381
18.69 0.006240676523184
18.7 0.003150398047778
18.71 -0.000193585340118
18.72 -0.005262764188291
18.73 -0.002790521608978
18.74 -0.003082819244121
18.75 -0.004414466565737
18.76 -0.004530146363127
18.77 -0.003743742327782
18.78 -0.003066674564984
18.79 -0.002547348332749
18.8 -0.001816337777379
18.81 -0.001057412233257
18.82 -0.000384953385796
18.83 0.000223332877099
18.84 0.000867810500634
18.85 0.001355936352229
18.86 0.001502017125017
18.87 0.001262223764709
18.88 0.000555730480742
18.89 -0.000188645461299
18.9 -0.00085950553242
18.91 -0.001078559094588
18.92 -0.001023757612772
18.93 -0.001407174887706
18.94 -0.002409908957072
18.95 -0.003859977782476
18.96 -0.005049093448077
18.97 -0.005327617329905
18.98 -0.004916179142298
18.99 -0.004338584693258
19.0 -0.003828705830208
19.01 -0.003904563329295
19.02 -0.003853522347355
19.03 -0.003284554623024
19.04 -0.002295991123942
19.05 -0.001679835099322
19.06 -0.001652705814088
19.07 -0.002137082245119
19.08 -0.002897150473512
19.09 -0.003645843142597
19.1 -0.004203206775135
19.11 -0.004376191698389
19.12 -0.004352237694184
19.13 -0.004614133418236
19.14 -0.004773702918449
19.15 -0.003914732860013
19.16 0.009766955877497
19.17 0.007317574179602
19.18 0.001846365737562
19.19 0.007431352951395
19.2 0.006123259675446
19.21 0.001575842819982
19.22 0.001637795102357
19.23 -0.001560892481021
19.24 -0.01404114472713
19.25 -0.010832182224373
19.26 -0.007963437798131
19.27 -0.010053948159331
19.28 -0.010872681977171
19.29 -0.008561776062893
19.3 -0.005801676880083
19.31 -0.005385958580425
19.32 -0.008287213888897
19.33 -0.006610816278523
19.34 -0.00646205586976
19.35 -0.007023264135212
19.36 -0.007033342136848
19.37 -0.007317924022123
19.38 -0.006007876097957
19.39 -0.004979858293549
19.4 -0.005378398478563
19.41 -0.006045017820715
19.42 -0.006109611704421
19.43 -0.005797242776862
19.44 -0.004812746201085
19.45 -0.00362206662184
19.46 -0.002934730905083
19.47 -0.001642189953208
19.48 -0.000268583318882
19.49 -0.000436570101194
19.5 0.000685807585923
19.51 0.002033629759295
19.52 0.002649038902811
19.53 0.002473656571968
19.54 0.001662069305532
19.55 0.000537306675906
19.56 0.000103758053303
19.57 0.001149514590582
19.58 0.012331151763041
19.59 0.018110952704478
19.6 0.007139652531183
19.61 0.008953961051462
19.62 0.011238137038561
19.63 0.010272481007321
19.64 0.011131751753152
19.65 0.011531533847693
19.66 0.010498668695918
19.67 0.009747115452137
19.68 0.00914875287847
19.69 0.00808554391428
19.7 0.006756780544036
19.71 0.005821808454879
19.72 0.005902259745022
19.73 0.005887222528798
19.74 0.005904475599123
19.75 0.00589056006392
19.76 0.005934561225761
19.77 0.005575750486855
19.78 0.004827129445699
19.79 0.004476326951301
19.8 0.004843107890094
19.81 0.004828340577809
19.82 0.004993633079284
19.83 0.005035617471027
19.84 0.004526896956676
19.85 0.004133645480407
19.86 0.003778221444573
19.87 0.003763170788921
19.88 0.003636550874694
19.89 0.003077815153095
19.9 0.002814458138806
19.91 0.002764168186621
19.92 0.002845873910821
19.93 0.003091928608842
19.94 0.00321468060061
19.95 0.00347233740997
19.96 0.004262803314146
19.97 0.004192498476653
19.98 0.004215074873465
19.99 0.004817045953167
20.0 0.005148754714997
20.01 0.005336390673378
20.02 0.005117381434764
20.03 0.004025507111563
20.04 0.002586465947167
20.05 0.002615155924176
20.06 0.001751242416168
20.07 -0.005052233619154
20.08 -0.010573717199162
20.09 -0.00821561272928
20.1 -0.00438080955194
20.11 -0.004365278324501
20.12 -0.00622676611009
20.13 -0.005743509324692
20.14 -0.003582370067275
20.15 -0.002413820030296
20.16 -0.00301745096876
20.17 -0.003967947561675
20.18 -0.004233964560839
20.19 -0.003972046422846
20.2 -0.003626241365544
20.21 -0.003367513405462
20.22 -0.002864389398914
20.23 -0.002514808506084
20.24 -0.002113209465041
20.25 -0.001757930660209
20.26 -0.00148676052622
20.27 -0.001310817185596
20.28 -0.000971945429269
20.29 -0.000604683596811
20.3 -0.000409558702512
20.31 -0.000360699321045
20.32 -0.000277505839971
20.33 -0.00013121296709
20.34 3.7980713417e-05
20.35 0.000153728330277
20.36 0.0002910448279
20.37 0.000737065314934
20.38 0.001419431104958
20.39 0.004002700041602
20.4 0.013207047301336
20.41 0.006801042573976
20.42 0.006736720856122
20.43 0.003462821030153
20.44 -0.003905290368997
20.45 0.003355582251242
20.46 0.000333840714862
20.47 -0.000826805124242
20.48 -0.002789631823991
20.49 -0.004256321333152
20.5 -0.003972648502697
20.51 -0.005152745831294
20.52 -0.003840331545696
20.53 -0.005622582507003
20.54 -0.005911444407239
20.55 -0.004964138304501
20.56 -0.006423733249067
20.57 -0.005448171828321
20.58 -0.006797439798715
20.59 -0.006165467163167
20.6 -0.006576804117345
20.61 -0.00765612247434
20.62 -0.00656148246111
20.63 -0.007688809483201
20.64 -0.007507542600048
20.65 -0.00677481103252
20.66 -0.007126607113293
20.67 -0.006442264866356
20.68 -0.006550926308706
20.69 -0.006374577679879
20.7 -0.005185613158681
20.71 -0.003617184977913
20.72 -0.002184257098346
20.73 -0.003545540570836
20.74 -0.005213371104778
20.75 -0.006094109744441
20.76 -0.005318347620054
20.77 -0.005512295463794
20.78 -0.005711263687148
20.79 -0.005230624409474
20.8 -0.00469305390841
20.81 -0.004398246293235
20.82 -0.004332715925784
20.83 -0.004285689414702
20.84 -0.004016913424985
20.85 -0.003574423424113
20.86 -0.003284901789645
20.87 -0.003458288365545
20.88 -0.004125206171285
20.89 -0.004973312333811
20.9 -0.005645817169111
20.91 -0.005957322636649
20.92 -0.005991038656005
20.93 -0.005882193153581
20.94 -0.005765621074145
20.95 -0.005724598535546
20.96 -0.0057156356349
20.97 -0.005610876054935
20.98 -0.00557268536408
20.99 -0.005354644960276
21.0 -0.005132943670466
21.01 -0.005008671893793
21.02 -0.00502828699297
21.03 -0.005192956467796
21.04 -0.005474575648024
21.05 -0.005871190314616
21.06 -0.006313074988114
21.07 -0.006592834289099
21.08 -0.00662042461892
21.09 -0.006373120844126
21.1 -0.005945961171447
21.11 -0.005387766388411
21.12 0.001822260648428
21.13 -0.000658207070279
21.14 -0.011675075324677
21.15 -0.005945917065233
21.16 -0.004869785121064
21.17 -0.00363751988715
21.18 -0.004010895275009
21.19 -0.0035535551183
21.2 -0.00375715296297
21.21 -0.004251655770521
21.22 -0.003935151458868
21.23 -0.004328415966616
21.24 -0.005131664144716
21.25 -0.004535049208905
21.26 -0.004127370900295
21.27 -0.004033658782429
21.28 -0.004086509720588
21.29 -0.004254900283618
21.3 -0.003535344576523
21.31 -0.003517072592206
21.32 -0.003766809581653
21.33 -0.00399997305681
21.34 -0.004145424156316
21.35 -0.004389102389916
21.36 -0.003859254518246
21.37 -0.003486633943385
21.38 -0.003924315878054
21.39 -0.004102494961442
21.4 -0.003761359490683
21.41 -0.003814848478206
21.42 -0.003373268819067
21.43 -0.002946314519293
21.44 -0.002804746315941
21.45 -0.003259917537191
21.46 -0.003534723442511
21.47 -0.002196017942647
21.48 -0.000116500156741
21.49 0.003432968326264
21.5 0.005849225788085
21.51 0.006293331630342
21.52 0.006263637802966
21.53 0.006132074048005
21.54 0.005632026912974
21.55 0.005325331363048
21.56 0.005506514414031
21.57 0.005573759250013
21.58 0.005345271852311
21.59 0.005370646168687
21.6 0.005423688817022
21.61 0.005571664526073
21.62 0.005683790710244
21.63 0.00528203966262
21.64 0.004798957133075
21.65 0.00455622641287
21.66 0.004332706620499
21.67 0.003915479620883
21.68 0.003324439588599
21.69 0.002779790314496
21.7 0.002091638642253
21.71 0.000706094344503
21.72 -0.004518043355471
21.73 -0.004138036009144
21.74 -0.000382428979171
21.75 -7.4454297751e-05
21.76 -0.000440809474116
21.77 -0.00072420299504
21.78 -8.3997644299e-05
21.79 0.001029084468097
21.8 0.001788632475296
21.81 0.001969162598247
21.82 0.001796890675062
21.83 0.001821114597242
21.84 0.002399420380341
21.85 0.003474560718005
21.86 0.00612017008938
21.87 0.007649804596818
21.88 0.004770088920815
21.89 0.006530233831639
21.9 0.00718593300273
21.91 0.006410059198603
21.92 0.007121003343126
21.93 0.006458015649963
21.94 0.006973052372944
21.95 0.006938939558434
21.96 0.006671445037195
21.97 0.006776638207806
21.98 0.007015604061936
21.99 0.006720458983313
22.0 0.006199079595221
22.01 0.005377578274589
22.02 0.004982081090259
22.03 0.005599648431878
22.04 0.005501382689395
22.05 0.004909441961302
22.06 0.004268517768961
22.07 0.003927277010354
22.08 0.00376390897722
22.09 0.003365321951635
22.1 0.002821536658701
22.11 0.001959190487392
22.12 -0.006923513124938
22.13 -0.010927283856424
22.14 -0.001244676874288
22.15 -0.003473911326086
22.16 -0.005580435131368
22.17 -0.004049312662309
22.18 -0.003886365062678
22.19 -0.003025580524773
22.2 -0.001402141605645
22.21 0.001188024266891
22.22 0.012404131210921
22.23 0.011278453761184
22.24 0.006292251334595
22.25 0.006868335830332
22.26 0.009191779369292
22.27 0.008760597007174
22.28 0.007684090572609
22.29 0.00754688632968
22.3 0.007301435290967
22.31 0.006814002255565
22.32 0.006022695704321
22.33 0.00262578901528
22.34 0.001072274064234
22.35 0.001582787394784
22.36 0.00051358726874
22.37 -0.000698951848741
22.38 -0.002621604872273
22.39 -0.005200414638874
22.4 -0.006951792215874
22.41 -0.007413590384513
22.42 -0.006634960559203
22.43 -0.008667977296072
22.44 -0.009566735221731
22.45 -0.009217364196584
22.46 -0.009138248941209
22.47 -0.009408649296178
22.48 -0.009051197717456
22.49 -0.008269705259149
22.5 -0.008104462348565
22.51 -0.008613659797522
22.52 -0.008941867307311
22.53 -0.008991607340689
22.54 -0.009099292692375
22.55 -0.008854186922688
22.56 -0.007983932789501
22.57 -0.00675041069429
22.58 -0.005827719676091
22.59 -0.005522465365673
22.6 -0.00526748275642
22.61 -0.00510124925098
22.62 -0.004822110345397
22.63 -0.004455361070321
22.64 -0.004008376542288
22.65 -0.003526337592449
22.66 -0.00306485792
22.67 -0.002750099648018
22.68 -0.00269905926994
22.69 -0.002682747895417
22.7 -0.002762623464683
22.71 -0.002825418612232
22.72 -0.003016535238184
22.73 -0.003736605764246
22.74 -0.00406165430922
22.75 -0.004329802949432
22.76 -0.004777428383854
22.77 -0.005272260619852
22.78 -0.005514861997002
22.79 -0.005790559861687
22.8 -0.006010347005988
22.81 -0.006245376286894
22.82 -0.006366144875022
22.83 -0.006432599724776
22.84 -0.00648547497113
22.85 -0.006491395100853
22.86 -0.006372710146092
22.87 -0.006141675350862
22.88 -0.005758499218014
22.89 -0.005588341054208
22.9 -0.005610888346887
22.91 -0.005588792588525
22.92 -0.005636362766624
22.93 -0.005527127876381
22.94 -0.005323802822823
22.95 -0.005160292296171
22.96 -0.004989703178831
22.97 -0.004865750695719
22.98 -0.004832205409553
22.99 -0.004764807560369
23.0 -0.004771205927696
23.01 -0.004682108090542
23.02 -0.004535911305205
23.03 -0.003496040323047
23.04 -0.003789450851646
23.05 -0.003545807870237
23.06 -0.00150341963344
23.07 -0.001979281251095
23.08 -0.002662805902942
23.09 -0.002635081522524
23.1 -0.003060141799806
23.11 -0.002602312920672
23.12 -0.001744858379145
23.13 -0.001638467878943
23.14 -0.001469438488031
23.15 -0.001508441632185
23.16 -0.001441707082502
23.17 -0.000683708366123
23.18 -0.000304128721298
23.19 -4.6723030412e-05
23.2 0.001522305931439
23.21 0.003732909847908
23.22 0.005260545274419
23.23 0.005687238564631
23.24 0.005530222073479
23.25 0.005297510717585
23.26 0.005030235264778
23.27 0.004969381464954
23.28 0.005001281055074
23.29 0.004953814343994
23.3 0.004813336165773
23.31 0.004610534097813
23.32 0.004404839022758
23.33 0.004243411498917
23.34 0.004126946928665
23.35 0.004066717147147
23.36 0.004007450797316
23.37 0.003842157053939
23.38 0.003678158014317
23.39 0.003665185280964
23.4 0.003781362532696
23.41 0.003958578440172
23.42 0.004042684589405
23.43 0.004015030923766
23.44 0.003882346236918
23.45 0.003672320025783
23.46 0.003506951774279
23.47 0.00333101873134
23.48 0.003130020679429
23.49 0.002950071531992
23.5 0.002837528438956
23.51 0.002716839026611
23.52 0.002572505896399
23.53 0.002437229634697
23.54 0.002291615307752
23.55 0.002131295922664
23.56 0.001998767848995
23.57 0.001887106207086
23.58 0.001804389600792
23.59 0.00176229869569
23.6 0.001828193504893
23.61 0.001919171737911
23.62 0.002026155857808
23.63 0.002109700336874
23.64 0.002186516519785
23.65 0.00229661921305
23.66 0.00242949601656
23.67 0.00258422887246
23.68 0.002863854064015
23.69 0.003292251102878
23.7 0.002534025864919
23.71 0.002435456456118
23.72 0.001829704813965
23.73 0.00255989699857
23.74 0.003710414732279
23.75 0.004084913007521
23.76 0.003097857120257
23.77 0.002887527205577
23.78 0.004689884881171
23.79 0.004641184241061
23.8 0.00385839926694
23.81 0.004398287212208
23.82 0.004994711867282
23.83 0.00562279313707
23.84 0.005335049389971
23.85 0.004671402848735
23.86 0.004930902294547
23.87 0.004591501729172
23.88 0.003849119327402
23.89 0.004289814689775
23.9 0.005165216753374
23.91 0.004954433270334
23.92 0.004592601632241
23.93 0.004422560863238
23.94 0.00423939131114
23.95 0.004404389070786
23.96 0.004200206775876
23.97 0.002646217261591
23.98 0.000283365628803
23.99 -0.002149038826054
24.0 -0.003893110708485
24.01 -0.005164658663985
24.02 -0.005384275338475
24.03 -0.003616264527438
24.04 0.002959338814967
24.05 0.011255749758098
24.06 0.005093119327112
24.07 0.00330435091562
24.08 0.004452070368394
24.09 0.003875051533214
24.1 0.002661764037052
24.11 0.002716789234859
24.12 0.000924293824892
24.13 -0.001290820280268
24.14 -0.002772544478625
24.15 -0.002384976505976
24.16 -0.002310887827743
24.17 -0.00274915097652
24.18 -0.002642674600877
24.19 -0.002680041374482
24.2 -0.003668499544368
24.21 -0.004840750490918
24.22 -0.005140898021333
24.23 -0.004766467084127
24.24 -0.004207692956969
24.25 -0.003699254799068
24.26 -0.003427599684884
24.27 -0.003410519211438
24.28 -0.003449986962465
24.29 -0.00335088696321
24.3 -0.003256551680539
24.31 -0.00341179941436
24.32 -0.003752746420524
24.33 -0.00408464909786
24.34 -0.004202480283579
24.35 -0.004065873634588
24.36 -0.003850541740964
24.37 -0.003668081897497
24.38 -0.003467516871876
24.39 -0.003145713254983
24.4 -0.002635739216236
24.41 -0.001915085641666
24.42 -0.001154446897189
24.43 -0.000618682026314
24.44 -0.000467652089704
24.45 -0.000701247338092
24.46 -0.001205585096742
24.47 -0.00175950565061
24.48 -0.002199380948366
24.49 -0.002485255104944
24.5 -0.002698727872641
24.51 -0.002945730564094
24.52 -0.003257543833788
24.53 -0.003565119338557
24.54 -0.003797873400988
24.55 -0.003934284673267
24.56 -0.004004730611463
24.57 -0.003986049922422
24.58 -0.003994681325458
24.59 -0.004118050720315
24.6 -0.004260971118032
24.61 -0.004391091772034
24.62 -0.004523239523205
24.63 -0.004650364358375
24.64 -0.004797339986288
24.65 -0.00503110882051
24.66 -0.005245771569625
24.67 -0.005376232353453
24.68 -0.00532545264146
24.69 -0.0051091843033
24.7 -0.004823655333586
24.71 -0.004604170033194
24.72 -0.004442018982843
24.73 -0.004345936596897
24.74 -0.004262546142421
24.75 -0.004126991509349
24.76 -0.003950775787501
24.77 -0.003780103688742
24.78 -0.003455015627967
24.79 0.001924701445966
24.8 0.004329186202197
24.81 0.002741441108865
24.82 0.002505591314625
24.83 0.002861601686211
24.84 0.003124771447191
24.85 0.002770735487034
24.86 0.00202442849128
24.87 0.001802338756105
24.88 0.001021843266786
24.89 -0.006413994199671
24.9 -0.01387949169576
24.91 -0.007603293019745
24.92 -0.006474386029307
24.93 -0.008884679260031
24.94 -0.009219471822009
 
 
 
 
 
 
 
 
 
 
 
 
 
 
 
 
 
 
 
 
 
 
 
 
 
 
 
 
 
 
 
 
 
 
 
 
 
 
 
 
 
 
 
 
 
 
 
 
 
 
 
 
 
 
 
 
 
 
 
 
 
 
 
 
 
 
 
 
 
 
 
 
 
 
 
 
 
 
 
 
 
 
 
 
 
 
 
 
 
 
 
 
 
 
 
 
 
 
 
 
 
 
 
 
 
 
 
 
 
 
 
 
 
 
 
 
 
 
 
 
 
 
 
 
 
 
 
 
 
 
 
 
 
 
 
 
 
 
 
 
 
 
 
 
 
 
 
 
 
 
 
 
 
 
 
 
 
 
 
 
 
 
 
 
 
 
 
 
 
 
 
 
 
 
 
 
 
 
 
 
 
 
 
 
 
 
 
 
 
 
 
 
 
 
 
 
 
 
 
 
 
 
 
 
 
 
 
 
 
 
 
 
 
 
 
 
 
 
 
 
 
 
 
 
 
 
 
 
 
 
 
 
 
 
 
 
 
 
 
 
 
 
 
 
 
 
 
 
 
 
 
 
 
 
 
 
 
 
 
 
 
 
 
 
 
 
 
 
 
 
 
 
 
 
 
 
 
 
 
 
 
 
 
 
 
 
 
 
 
 
 
 
 
 
 
 
 
 
 
 
 
 
 
 
 
 
 
 
 
 
 
 
 
 
 
 
 
 
 
 
 
 
 
 
 
 
 
 
 
 
 
 
 
 
 
 
 
 
 
 
 
 
 
 
 
 
 
 
 
 
 
 
 
 
 
 
 
 
 
 
 
 
 
 
 
 
 
 
 
 
 
 
 
 
 
 
 
 
 
 
 
 
 
 
 
 
 
 
 
 
 
 
 
 
 
 
 
 
 
 
 
 
 
 
 
 
 
 
 
 
 
 
 
 
 
 
 
 
 
 
 
 
 
 
 
 
 
 
 
 
 
 
 
 
 
 
 
 
 
 
 
 
 
 
 
 
 
 
 
 
 
 
 
 
 
 
 
 
 
 
 
 
 
 
 
 
 
 
 
 
 
 
 
 
 
 
 
 
 
 
 
 
 
 
 
 
 
 
 
 
 
 
 
 
 
 
 
 
 
 
 
 
 
 
 
 
 
 
 
 
 
 
 
 
 
 
 
 
 
 
 
 
 
 
 
 
 
 
 
 
 
 
 
 
 
 
 
 
 
 
 
 
 
 
 
 
 
 
 
 
 
 
 
 
 
 
 
 
 
 
 
 
 
 
 
 
 
 
 
 
 
 
 
 
 
 
 
 
 
 
 
 
 
 
 
 
 
 
 
 
 
 
 
 
 
 
 
 
 
 
 
 
 
 
 
 
 
 
 
 
 
 
 
 
 
 
 
 
 
 
 
 
 
 
 
 
 
 
 
 
 
 
 
 
 
 
 
 
 
 
 
 
 
 
 
 
 
 
 
 
 
 
 
 
 
 
 
 
 
 
 
 
 
 
 
 
 
 
 
 
 
 
 
 
 
 
 
 
 
 
 
 
 
 
 
 
 
 
 
 
 
 
 
 
 
 
 
 
 
 
 
 
 
 
 
 
 
 
 
 
 
 
 
 
 
 
 
 
 
 
 
 
 
 
 
 
 
 
 
 
 
 
 
 
 
 
 
 
 
 
 
 
 
 
 
 
 
 
 
 
 
 
 
 
 
 
 
 
 
 
 
 
 
 
 
 
 
 
 
 
 
 
 
 
 
 
 
 
 
 
 
 
 
 
 
 
 
 
 
 
 
 
 
 
 
 
 
 
 
 
 
 
 
 
 
 
 
 
 
 
 
 
 
 
 
 
 
 
 
 
 
 
 
 
 
 
 
 
 
 
 
 
 
 
 
 
 
 
 
 
 
 
 
 
 
 
 
 
 
 
 
 
 
 
 
 
 
 
 
 
 
 
 
 
 
 
 
 
 
 
 
 
 
 
 
 
 
 
 
 
 
 
 
 
 
 
 
 
 
 
 
 
 
 
 
 
 
 
 
 
 
 
 
 
 
 
 
 
 
 
 
 
 
 
 
 
 
 
 
 
 
 
 
 
 
 
 
 
 
 
 
 
 
 
 
 
 
 
 
 
 
 
 
 
 
 
 
 
 
 
 
 
 
 
 
 
 
 
 
 
 
 
 
 
 
 
 
 
 
 
 
 
 
 
 
 
 
 
 
 
 
 
 
 
 
 
 
 
 
 
 
 
 
 
 
 
 
 
 
 
 
 
 
 
 
 
 
 
 
 
 
 
 
 
 
 
 
 
 
 
 
 
 
 
 
 
 
 
 
 
 
 
 
 
 
 
 
 
 
 
 
 
 
 
 
 
 
 
 
 
 
 
 
 
 
 
 
 
 
 
 
 
 
 
 
 
 
 
 
 
 
 
 
 
 
 
 
 
 
 
 
 
 
 
 
 
 
 
 
 
 
 
 
 
 
 
 
 
 
 
 
 
 
 
 
 
 
 
 
 
 
 
 
 
 
 
 
 
 
 
 
 
 
 
 
 
 
 
 
 
 
 
 
 
 
 
 
 
 
 
 
 
 
 
 
 
 
 
 
 
 
 
 
 
 
 
 
 
 
 
 
 
 
 
 
 
 
 
 
 
 
 
 
 
 
 
 
 
 
 
 
 
 
 
 
 
 
 
 
 
 
 
 
 
 
 
 
 
 
 
 
 
 
 
 
 
 
 
 
 
 
 
 
 
 
 
 
 
 
 
 
 
 
 
 
 
 
 
 
 
 
 
 
 
 
 
 
 
 
 
 
 
 
 
 
 
 
 
 
 
 
 
 
 
 
 
 
 
 
 
 
 
 
 
 
 
 
 
 
 
 
 
 
 
 
 
 
 
 
 
 
 
 
 
 
 
 
 
 
 
 
 
 
 
 
 
 
 
 
 
 
 
 
 
 
 
 
 
 
 
 
 
 
 
 
 
 
 
 
 
 
 
 
 
 
 
 
 
 
 
 
 
 
 
 
 
 
 
 
 
 
 
 
 
 
 
 
 
 
 
 
 
 
 
 
 
 
 
 
 
 
 
 
 
 
 
 
 
 
 
 
 
 
 
 
 
 
 
 
 
 
 
 
 
 
 
 
 
 
 
 
 
 
 
 
 
 
 
 
 
 
 
 
 
 
 
 
 
 
 
 
 
 
 
 
 
 
 
 
 
 
 
 
 
 
 
 
 
 
 
 
 
 
 
 
 
 
 
 
 
 
 
 
 
 
 
 
 
 
 
 
 
 
 
 
 
 
 
 
 
 
 
 
 
 
 
 
 
 
 
 
 
 
 
 
 
 
 
 
 
 
 
 
 
 
 
 
 
 
 
 
 
 
 
 
 
 
 
 
 
 
 
 
 
 
 
 
 
 
 
 
 
 
 
 
 
 
 
 
 
 
 
 
 
 
 
 
 
 
 
 
 
 
 
 
 
 
 
 
 
 
 
 
 
 
 
 
 
 
 
 
 
 
 
 
 
 
 
 
 
 
 
 
 
 
 
 
 
 
 
 
 
 
 
 
 
 
 
 
 
 
 
 
 
 
 
 
 
 
 
 
 
 
 
 
 
 
 
 
 
 
 
 
 
 
 
 
 
 
 
 
 
 
 
 
 
 
 
 
 
 
 
 
 
 
 
 
 
 
 
 
 
 
 
 
 
 
 
 
 
 
 
 
 
 
 
 
 
 
 
 
 
 
 
 
 
 
 
 
 
 
 
 
 
 
 
 
 
 
 
 
 
 
 
 
 
 
 
 
 
 
 
 
 
 
 
 
 
 
 
 
 
 
 
 
 
 
 
 
 
 
 
 
 
 
 
 
 
 
 
 
 
 
 
 
 
 
 
 
 
 
 
 
 
 
 
 
 
 
 
 
 
 
 
 
 
 
 
 
 
 
 
 
 
 
 
 
 
 
 
 
 
 
 
 
 
 
 
 
 
 
 
 
 
 
 
 
 
 
 
 
 
 
 
 
 
 
 
 
 
 
 
 
 
 
 
 
 
 
 
 
 
 
 
 
 
 
 
 
 
 
 
 
 
 
 
 
 
 
 
 
 
 
 
 
 
 
 
 
 
 
 
 
 
 
 
 
 
 
 
 
 
 
 
 
 
 
 
 
 
 
 
 
 
 
 
 
 
 
 
 
 
 
 
 
 
 
 
 
 
 
 
 
 
 
 
 
 
 
 
 
 
 
 
 
 
 
 
 
 
 
 
 
 
 
 
 
 
 
 
 
 
 
 
 
 
 
 
 
 
 
 
 
 
 
 
 
 
 
 
 
 
 
 
 
 
 
 
 
 
 
 
 
 
 
 
 
 
 
 
 
 
 
 
 
 
 
 
 
 
 
 
 
 
 
 
 
 
 
 
 
 
 
 
 
 
 
 
 
 
 
 
 
 
 
 
 
 
 
 
 
 
 
 
 
 
 
 
 
 
 
 
 
 
 
 
 
 
 
 
 
 
 
 
 
 
 
 
 
 
 
 
 
 
 
 
 
 
 
 
 
 
 
 
 
 
 
 
 
 
 
 
 
 
 
 
 
 
 
 
 
 
 
 
 
 
 
 
 
 
 
 
 
 
 
 
 
 
 
 
 
 
 
 
 
 
 
 
 
 
 
 
 
 
 
 
 
 
 
 
 
 
 
 
 
 
 
 
 
 
 
 
 
 
 
 
 
 
 
 
 
 
 
 
 
 
 
 
 
 
 
 
 
 
 
 
 
 
 
 
 
 
 
 
 
 
 
 
 
 
 
 
 
 
 
 
 
 
 
 
 
 
 
 
 
 
 
 
 
 
 
 
 
 
 
 
 
 
 
 
 
 
 
 
 
 
 
 
 
 
 
 
 
 
 
 
 
 
 
 
 
 
 
 
 
 
 
 
 
 
 
 
 
 
 
 
 
 
 
 
 
 
 
 
 
 
 
 
 
 
 
 
 
 
 
 
 
 
 
 
 
 
 
 
 
 
 
 
 
 
 
 
 
 
 
 
 
 
 
 
 
 
 
 
 
 
 
 
 
 
 
 
 
 
 
 
 
 
 
 
 
 
 
 
 
 
 
 
 
 
 
 
 
 
 
 
 
 
 
 
 
 
 
 
 
 
 
 
 
 
 
 
 
 
 
 
 
 
 
 
 
 
 
 
 
 
 
 
 
 
 
 
 
 
 
 
 
 
 
 
 
 
 
 
 
 
 
 
 
 
 
 
 
 
 
 
 
 
 
 
 
 
 
 
 
 
 
 
 
 
 
 
 
 
 
 
 
 
 
 
 
 
 
 
 
 
 
 
 
 
 
 
 
 
 
 
 
 
 
 
 
 
 
 
 
 
 
 
 
 
 
 
 
 
 
 
 
 
 
 
 
 
 
 
 
 
 
 
 
 
 
 
 
 
 
 
 
 
 
 
 
 
 
 
 
 
 
 
 
 
 
 
 
 
 
 
 
 
 
 
 
 
 
 
 
 
 
 
 
 
 
 
 
 
 
 
 
 
 
 
 
 
 
 
 
 
 
 
 
 
 
 
 
 
 
 
 
 
 
 
 
 
 
 
 
 
 
 
 
 
 
 
 
 
 
 
 
 
 
 
 
 
 
 
 
 
 
 
 
 
 
 
 
 
 
 
 
 
 
 
 
 
 
 
 
 
 
 
 
 
 
 
 
 
 
 
 
 
 
 
 
 
 
 
 
 
 
 
 
 
 
 
 
 
 
 
 
 
 
 
 
 
 
 
 
 
 
 
 
 
 
 
 
 
 
 
 
 
 
 
 
 
 
 
 
 
 
 
 
 
 
 
 
 
 
 
 
 
 
 
 
 
 
 
 
 
 
 
 
 
 
 
 
 
 
 
 
 
 
 
 
 
 
 
 
 
 
 
 
 
 
 
 
 
 
 
 
 
 
 
 
 
 
 
 
 
 
 
 
 
 
 
 
 
 
 
 
 
 
 
 
 
 
 
 
 
 
 
 
 
 
 
 
 
 
 
 
 
 
 
 
 
 
 
 
 
 
 
 
 
 
 
 
 
 
 
 
 
 
 
 
 
 
 
 
 
 
 
 
 
 
 
 
 
 
 
 
 
 
 
 
 
 
 
 
 
 
 
 
 
 
 
 
 
 
 
 
 
 
 
 
 
 
 
 
 
 
 
 
 
 
 
 
 
 
 
 
 
 
 
 
 
 
 
 
 
 
 
 
 
 
 
 
 
 
 
 
 
 
 
 
 
 
 
 
 
 
 
 
 
 
 
 
 
 
 
 
 
 
 
 
 
 
 
 
 
 
 
 
 
 
 
 
 
 
 
 
 
 
 
 
 
 
 
 
 
 
 
 
 
 
 
 
 
 
 
 
 
 
 
 
 
 
 
 
 
 
 
 
 
 
 
 
 
 
 
 
 
 
 
 
 
 
 
 
 
 
 
 
 
 
 
 
 
 
 
 
 
 
 
 
 
 
 
 
 
 
 
 
 
 
 
 
 
 
 
 
 
 
 
 
 
 
 
 
 
 
 
 
 
 
 
 
 
 
 
 
 
 
 
 
 
 
 
 
 
 
 
 
 
 
 
 
 
 
 
 
 
 
 
 
 
 
 
 
 
 
 
 
 
 
 
 
 
 
 
 
 
 
 
 
 
 
 
 
 
 
 
 
 
 
 
 
 
 
 
 
 
 
 
 
 
 
 
 
 
 
 
 
 
 
 
 
 
 
 
 
 
 
 
 
 
 
 
 
 
 
 
 
 
 
 
 
 
 
 
 
 
 
 
 
 
 
 
 
 
 
 
 
 
 
 
 
 
 
 
 
 
 
 
 
 
 
 
 
 
 
 
 
 
 
 
 
 
 
 
 
 
 
 
 
 
 
 
 
 
 
 
 
 
 
 
 
 
 
 
 
 
 
 
 
 
 
 
 
 
 
 
 
 
 
 
 
 
 
 
 
 
 
 
 
 
 
 
 
 
 
 
 
 
 
 
 
 
 
 
 
 
 
 
 
 
 
 
 
 
 
 
 
 
 
 
 
 
 
 
 
 
 
 
 
 
 
 
 
 
 
 
 
 
 
 
 
 
 
 
 
 
 
 
 
 
 
 
 
 
 
 
 
 
 
 
 
 
 
 
 
 
 
 
 
 
 
 
 
 
 
 
 
 
 
 
 
 
 
 
 
 
 
 
 
 
 
 
 
 
 
 
 
 
 
 
 
 
 
 
 
 
 
 
 
 
 
 
 
 
 
 
 
 
 
 
 
 
 
 
 
 
 
 
 
 
 
 
 
 
 
 
 
 
 
 
 
 
 
 
 
 
 
 
 
 
 
 
 
 
 
 
 
 
 
 
 
 
 
 
 
 
 
 
 
 
 
 
 
 
 
 
 
 
 
 
 
 
 
 
 
 
 
 
 
 
 
 
 
 
 
 
 
 
 
 
 
 
 
 
 
 
 
 
 
 
 
 
 
 
 
 
 
 
 
 
 
 
 
 
 
 
 
 
 
 
 
 
 
 
 
 
 
 
 
 
 
 
 
 
 
 
 
 
 
 
 
 
 
 
 
 
 
 
 
 
 
 
 
 
 
 
 
 
 
 
 
 
 
 
 
 
 
 
 
 
 
 
 
 
 
 
 
 
 
 
 
 
 
 
 
 
 
 
 
 
 
 
 
 
 
 
 
 
 
 
 
 
 
 
 
 
 
 
 
 
 
 
 
 
 
 
 
 
 
 
 
 
 
 
 
 
 
 
 
 
 
 
 
 
 
 
 
 
 
 
 
 
 
 
 
 
 
 
 
 
 
 
 
 
 
 
 
 
 
 
 
 
 
 
 
 
 
 
 
 
 
 
 
 
 
 
 
 
 
 
 
 
 
 
 
 
 
 
 
 
 
 
 
 
 
 
 
 
 
 
 
 
 
 
 
 
 
 
 
 
 
 
 
 
 
 
 
 
 
 
 
 
 
 
 
 
 
 
 
 
 
 
 
 
 
 
 
 
 
 
 
 
 
 
 
 
 
 
 
 
 
 
 
 
 
 
 
 
 
 
 
 
 
 
 
 
 
 
 
 
 
 
 
 
 
 
 
 
 
 
 
 
 
 
 
 
 
 
 
 
 
 
 
 
 
 
 
 
 
 
 
 
 
 
 
 
 
 
 
 
 
 
 
 
 
 
 
 
 
 
 
 
 
 
 
 
 
 
 
 
 
 
 
 
 
 
 
 
 
 
 
 
 
 
 
 
 
 
 
 
 
 
 
 
 
 
 
 
 
 
 
 
 
 
 
 
 
 
 
 
 
 
 
 
 
 
 
 
 
 
 
 
 
 
 
 
 
 
 
 
 
 
 
 
 
 
 
 
 
 
 
 
 
 
 
 
 
 
 
 
 
 
 
 
 
 
 
 
 
 
 
 
 
 
 
 
 
 
 
 
 
 
 
 
 
 
 
 
 
 
 
 
 
 
 
 
 
 
 
 
 
 
 
 
 
 
 
 
 
 
 
 
 
 
 
 
 
 
 
 
 
 
 
 
 
 
 
 
 
 
 
 
 
 
 
 
 
 
 
 
 
 
 
 
 
 
 
 
 
 
 
 
 
 
 
 
 
 
 
 
 
 
 
 
 
 
 
 
 
 
 
 
 
 
 
 
 
 
 
 
 
 
 
 
 
 
 
 
 
 
 
 
 
 
 
 
 
 
 
 
 
 
 
 
 
 
 
 
 
 
 
 
 
 
 
 
 
 
 
 
 
 
 
 
 
 
 
 
 
 
 
 
 
 
 
 
 
 
 
 
 
 
 
 
 
 
 
 
 
 
 
 
 
 
 
 
 
 
 
 
 
 
 
 
 
 
 
 
 
 
 
 
 
 
 
 
 
 
 
 
 
 
 
 
 
 
 
 
 
 
 
 
 
 
 
 
 
 
 
 
 
 
 
 
 
 
 
 
 
 
 
 
 
 
 
 
 
 
 
 
 
 
 
 
 
 
 
 
 
 
 
 
 
 
 
 
 
 
 
 
 
 
 
 
 
 
 
 
 
 
 
 
 
 
 
 
 
 
 
 
 
 
 
 
 
 
 
 
 
 
 
 
 
 
 
 
 
 
 
 
 
 
 
 
 
 
 
 
 
 
 
 
 
 
 
 
 
 
 
 
 
 
 
 
 
 
 
 
 
 
 
 
 
 
 
 
 
 
 
 
 
 
 
 
 
 
 
 
 
 
 
 
 
 
 
 
 
 
 
 
 
 
 
 
 
 
 
 
 
 
 
 
 
 
 
 
 
 
 
 
 
 
 
 
 
 
 
 
 
 
 
 
 
 
 
 
 
 
 
 
 
 
 
 
 
 
 
 
 
 
 
 
 
 
 
 
 
 
 
 
 
 
 
 
 
 
 
 
 
 
 
 
 
 
 
 
 
 
 
 
 
 
 
 
 
 
 
 
 
 
 
 
 
 
 
 
 
 
 
 
 
 
 
 
 
 
 
 
 
 
 
 
 
 
 
 
 
 
 
 
 
 
 
 
 
 
 
 
 
 
 
 
 
 
 
 
 
 
 
 
 
 
 
 
 
 
 
 
 
 
 
 
 
 
 
 
 
 
 
 
 
 
 
 
 
 
 
 
 
 
 
 
 
 
 
 
 
 
 
 
 
 
 
 
 
 
 
 
 
 
 
 
 
 
 
 
 
 
 
 
 
 
 
 
 
 
 
 
 
 
 
 
 
 
 
 
 
 
 
 
 
 
 
 
 
 
 
 
 
 
 
 
 
 
 
 
 
 
 
 
 
 
 
 
 
 
 
 
 
 
 
 
 
 
 
 
 
 
 
 
 
 
 
 
 
 
 
 
 
 
 
 
 
 
 
 
 
 
 
 
 
 
 
 
 
 
 
 
 
 
 
 
 
 
 
 
 
 
 
 
 
 
 
 
 
 
 
 
 
 
 
 
 
 
 
 
 
 
 
 
 
 
 
 
 
 
 
 
 
 
 
 
 
 
 
 
 
 
 
 
 
 
 
 
 
 
 
 
 
 
 
 
 
 
 
 
 
 
 
 
 
 
 
 
 
 
 
 
 
 
 
 
 
 
 
 
 
 
 
 
 
 
 
 
 
 
 
 
 
 
 
 
 
 
 
 
 
 
 
 
 
 
 
 
 
 
 
 
 
 
 
 
 
 
 
 
 
 
 
 
 
 
 
 
 
 
 
 
 
 
 
 
 
 
 
 
 
 
 
 
 
 
 
 
 
 
 
 
 
 
 
 
 
 
 
 
 
 
 
 
 
 
 
 
 
 
 
 
 
 
 
 
 
 
 
 
 
 
 
 
 
 
 
 
 
 
 
 
 
 
 
 
 
 
 
 
 
 
 
 
 
 
 
 
 
 
 
 
 
 
 
 
 
 
 
 
 
 
 
 
 
 
 
 
 
 
 
 
 
 
 
 
 
 
 
 
 
 
 
 
 
 
 
 
 
 
 
 
 
 
 
 
 
 
 
 
 
 
 
 
 
 
 
 
 
 
 
 
 
 
 
 
 
 
 
 
 
 
 
 
 
 
 
 
 
 
 
 
 
 
 
 
 
 
 
 
 
 
 
 
 
 
 
 
 
 
 
 
 
 
 
 
 
 
 
 
 
 
 
 
 
 
 
 
 
 
 
 
 
 
 
 
 
 
 
 
 
 
 
 
 
 
 
 
 
 
 
 
 
 
 
 
 
 
 
 
 
 
 
 
 
 
 
 
 
 
 
 
 
 
 
 
 
 
 
 
 
 
 
 
 
 
 
 
 
 
 
 
 
 
 
 
 
 
 
 
 
 
 
 
 
 
 
 
 
 
 
 
 
 
 
 
 
 
 
 
 
 
 
 
 
 
 
 
 
 
 
 
 
 
 
 
 
 
 
 
 
 
 
 
 
 
 
 
 
 
 
 
 
 
 
 
 
 
 
 
 
 
 
 
 
 
 
 
 
 
 
 
 
 
 
 
 
 
 
 
 
 
 
 
 
 
 
 
 
 
 
 
 
 
 
 
 
 
 
 
 
 
 
 
 
 
 
 
 
 
 
 
 
 
 
 
 
 
 
 
 
 
 
 
 
 
 
 
 
 
 
 
 
 
 
 
 
 
 
 
 
 
 
 
 
 
 
 
 
 
 
 
 
 
 
 
 
 
 
 
 
 
 
 
 
 
 
 
 
 
 
 
 
 
 
 
 
 
 
 
 
 
 
 
 
 
 
 
 
 
 
 
 
 
 
 
 
 
 
 
 
 
 
 
 
 
 
 
 
 
 
 
 
 
 
 
 
 
 
 
 
 
 
 
 
 
 
 
 
 
 
 
 
 
 
 
 
 
 
 
 
 
 
 
 
 
 
 
 
 
 
 
 
 
 
 
 
 
 
 
 
 
 
 
 
 
 
 
 
 
 
 
 
 
 
 
 
 
 
 
 
 
 
 
 
 
 
 
 
 
 
 
 
 
 
 
 
 
 
 
 
 
 
 
 
 
 
 
 
 
 
 
 
 
 
 
 
 
 
 
 
 
 
 
 
 
 
 
 
 
 
 
 
 
 
 
 
 
 
 
 
 
 
 
 
 
 
 
 
 
 
 
 
 
 
 
 
 
 
 
 
 
 
 
 
 
 
 
 
 
 
 
 
 
 
 
 
 
 
 
 
 
 
 
 
 
 
 
 
 
 
 
 
 
 
 
 
 
 
 
 
 
 
 
 
 
 
 
 
 
 
 
 
 
 
 
 
 
 
 
 
 
 
 
 
 
 
 
 
 
 
 
 
 
 
 
 
 
 
 
 
 
 
 
 
 
 
 
 
 
 
 
 
 
 
 
 
 
 
 
 
 
 
 
 
 
 
 
 
 
 
 
 
 
 
 
 
 
 
 
 
 
 
 
 
 
 
 
 
 
 
 
 
 
 
 
 
 
 
 
 
 
 
 
 
 
 
 
 
 
 
 
 
 
 
 
 
 
 
 
 
 
 
 
 
 
 
 
 
 
 
 
 
 
 
 
 
 
 
 
 
 
 
 
 
 
 
 
 
 
 
 
 
 
 
 
 
 
 
 
 
 
 
 
 
 
 
 
 
 
 
 
 
 
 
 
 
 
 
 
 
 
 
 
 
 
 
 
 
 
 
 
 
 
 
 
 
 
 
 
 
 
 
 
 
 
 
 
 
 
 
 
 
 
 
 
 
 
 
 
 
 
 
 
 
 
 
 
 
 
 
 
 
 
 
 
 
 
 
 
 
 
 
 
 
 
 
 
 
 
 
 
 
 
 
 
 
 
 
 
 
 
 
 
 
 
 
 
 
 
 
 
 
 
 
 
 
 
 
 
 
 
 
 
 
 
 
 
 
 
 
 
 
 
 
 
 
 
 
 
 
 
 
 
 
 
 
 
 
 
 
 
 
 
 
 
 
 
 
 
 
 
 
 
 
 
 
 
 
 
 
 
 
 
 
 
 
 
 
 
 
 
 
 
 
 
 
 
 
 
 
 
 
 
 
 
 
 
 
 
 
 
 
 
 
 
 
 
 
 
 
 
 
 
 
 
 
 
 
 
 
 
 
 
 
 
 
 
 
 
 
 
 
 
 
 
 
 
 
 
 
 
 
 
 
 
 
 
 
 
 
 
 
 
 
 
 
 
 
 
 
 
 
 
 
 
 
 
 
 
 
 
 
 
 
 
 
 
 
 
 
 
 
 
 
 
 
 
 
 
 
 
 
 
 
 
 
 
 
 
 
 
 
 
 
 
 
 
 
 
 
 
 
 
 
 
 
 
 
 
 
 
 
 
 
 
 
 
 
 
 
 
 
 
 
 
 
 
 
