0.0 0.0
0.01 2.33999584e-07
0.02 2.3614695e-07
0.03 2.40474343e-07
0.04 2.53853294e-07
0.05 3.0065257e-07
0.06 4.2937522e-07
0.07 5.94952832e-07
0.08 5.22925621e-07
0.09 -8.0464343e-08
0.1 -1.085991031e-06
0.11 -1.881630123e-06
0.12 -2.316896523e-06
0.13 -3.7842971e-06
0.14 -6.576526125e-06
0.15 -7.87542765e-06
0.16 -6.2936195e-06
0.17 -3.966091405e-06
0.18 -3.79007289e-06
0.19 -6.291791273e-06
0.2 -5.583032414e-06
0.21 1.698849257e-06
0.22 1.031345859e-05
0.23 1.7234672539e-05
0.24 1.4766122916e-05
0.25 -3.457080113e-06
0.26 -2.0937257475e-05
0.27 -2.2248954039e-05
0.28 -1.6665499618e-05
0.29 -1.2871994185e-05
0.3 -5.317165641e-06
0.31 9.199933697e-06
0.32 1.5389477618e-05
0.33 2.06077308e-07
0.34 -2.1965748269e-05
0.35 -3.0865135871e-05
0.36 -1.8983666312e-05
0.37 -5.871768787e-06
0.38 -2.355576833e-05
0.39 -7.4244934559e-05
0.4 -0.000133276766839
0.41 -0.000138055897185
0.42 -4.9564776305e-05
0.43 4.5045032709e-05
0.44 5.6933822474e-05
0.45 3.7957296737e-05
0.46 5.2566775611e-05
0.47 8.5048584371e-05
0.48 0.000114794605241
0.49 6.2737285165e-05
0.5 -0.000103543382337
0.51 -0.000232478635578
0.52 -0.000212245671097
0.53 -0.00012141549204
0.54 -7.2818588219e-05
0.55 -9.413309646e-05
0.56 -8.6169353632e-05
0.57 -5.47164686e-06
0.58 4.0468901992e-05
0.59 2.0252040844e-05
0.6 -1.7229477157e-05
0.61 -9.604628218e-06
0.62 4.3502932287e-05
0.63 6.2498915149e-05
0.64 7.121821249e-06
0.65 -0.000155771780899
0.66 -0.000278335615986
0.67 -0.000148219703567
0.68 -1.166961653e-05
0.69 -9.4914861191e-05
0.7 -0.000114594856541
0.71 6.3978359291e-05
0.72 0.000108770374845
0.73 -1.4249900999e-05
0.74 -3.5047674187e-05
0.75 1.2114343017e-05
0.76 -6.4041571251e-05
0.77 -0.000251090138849
0.78 -0.000371891657691
0.79 -0.000425985109564
0.8 -0.000461864909469
0.81 -0.000351307922725
0.82 -0.00014555790025
0.83 -7.2703065443e-05
0.84 1.2145210271e-05
0.85 0.000293059545127
0.86 0.000380276156437
0.87 7.4080070526e-05
0.88 -9.1038050375e-05
0.89 -8.1658277989e-05
0.9 -0.000240610539662
0.91 -0.000220680500734
0.92 0.000106023663464
0.93 0.000144172261626
0.94 -0.000147249611847
0.95 -0.000372278958931
0.96 -0.000392750418147
0.97 -0.000231919488436
0.98 -0.000131845453185
0.99 -0.000121436290102
1.0 -0.000110534402747
1.01 -6.6122118695e-05
1.02 9.9482222389e-05
1.03 0.00041121398376
1.04 0.00054331413486
1.05 0.000244088838417
1.06 -0.000305899029156
1.07 -0.000498889776669
1.08 -0.000137241392603
1.09 0.000113119778228
1.1 -0.000193482744521
1.11 -0.000443494191329
1.12 -8.2506869243e-05
1.13 0.000263303592802
1.14 0.000255563543351
1.15 0.000390730324271
1.16 0.000631487517727
1.17 0.000450073438063
1.18 0.000211144146948
1.19 0.000168145513358
1.2 0.000119076125783
1.21 1.8514576059e-05
1.22 -0.000198205919321
1.23 -0.000231357876542
1.24 -0.000114300731876
1.25 -0.000466112786757
1.26 -0.000958817329226
1.27 -0.000780420117357
1.28 -0.000553106317169
1.29 -0.00100700354143
1.3 -0.001498252856246
1.31 -0.001113594549225
1.32 -8.9289081263e-05
1.33 0.00068423301742
1.34 0.000755550098949
1.35 0.000571711877112
1.36 0.000390342146323
1.37 4.4907520254e-05
1.38 -5.6999904657e-05
1.39 -8.6328202859e-05
1.4 -0.000575615092796
1.41 -0.001033093165162
1.42 -0.001069281867187
1.43 -0.001084650002245
1.44 -0.000955753067969
1.45 -0.000618107165969
1.46 -8.9649971125e-05
1.47 0.000498947629575
1.48 0.000529409020386
1.49 0.000315381146813
1.5 0.000555615391877
1.51 0.001275997520526
1.52 0.001811456753755
1.53 0.001839482298645
1.54 0.001177583145999
1.55 -0.000232981818593
1.56 -0.001212312312423
1.57 -0.000722824668046
1.58 3.5041019776e-05
1.59 -0.000367499087619
1.6 -0.001239995855957
1.61 -0.001350315664583
1.62 -0.000436299153028
1.63 0.001145296311936
1.64 0.002190296386844
1.65 0.001883428201818
1.66 0.001048577052815
1.67 0.000286534230783
1.68 -0.000642631044892
1.69 -0.001480202786483
1.7 -0.001608775695095
1.71 -0.001625701216734
1.72 -0.002026002127249
1.73 -0.001980678210468
1.74 -0.001277049653745
1.75 -0.000529518214866
1.76 0.000162501486925
1.77 0.000721441560047
1.78 0.000416399721289
1.79 -0.000306974611477
1.8 -0.000587984903848
1.81 -0.000391774424182
1.82 -7.441252861e-06
1.83 0.000431682714757
1.84 0.000781776937074
1.85 0.000691355972509
1.86 0.000539969055834
1.87 0.000614379143832
1.88 0.000878199567478
1.89 0.000753962253925
1.9 -0.00016691417379
1.91 -0.000782523619968
1.92 -0.000301968689667
1.93 0.000142683590168
1.94 -0.000108967864777
1.95 -0.000121833174536
1.96 0.000396680978463
1.97 0.001071864543908
1.98 0.001912523110953
1.99 0.001862188201314
2.0 0.000360664351655
2.01 -0.000701833942395
2.02 -0.000281048048987
2.03 -0.000340501555568
2.04 -0.001617079866447
2.05 -0.0019951894605
2.06 -0.001266651563054
2.07 -0.000635855140991
2.08 5.7719786499e-05
2.09 0.000929664271522
2.1 0.000585360686585
2.11 -0.000486454986728
2.12 -0.000470281860534
2.13 -0.000284182245199
2.14 -0.000497591357853
2.15 -0.000481464220111
2.16 -0.000380542445107
2.17 -0.000409007404109
2.18 -0.000334361296737
2.19 -4.197541204e-06
2.2 5.3079736873e-05
2.21 -0.000166147949827
2.22 -0.000328477749814
2.23 -0.000911854754811
2.24 -0.00121591172307
2.25 -0.000411114686032
2.26 0.000755997263862
2.27 0.001483290516836
2.28 0.001955597739741
2.29 0.002088725618874
2.3 0.001789252023929
2.31 0.001619954505384
2.32 0.001604200827216
2.33 0.00123940614207
2.34 4.7048249468e-05
2.35 -0.001702068148522
2.36 -0.002878451259517
2.37 -0.002889362037284
2.38 -0.002257888570308
2.39 -0.001346638175772
2.4 -0.000145011124471
2.41 0.000590998290035
2.42 0.000620010484704
2.43 0.001036043183257
2.44 0.001814286977739
2.45 0.001759365217813
2.46 0.00115964410069
2.47 0.000624301427495
2.48 -0.000204977086953
2.49 -0.001374960710704
2.5 -0.002067430163317
2.51 -0.002001319796093
2.52 -0.001704683596279
2.53 -0.001041922758012
2.54 0.00018675292476
2.55 0.00147180974693
2.56 0.002597082411052
2.57 0.003358731794405
2.58 0.003002834369427
2.59 0.001749636858392
2.6 0.000564057151609
2.61 -0.000555691714072
2.62 -0.002400866456068
2.63 -0.004246662365871
2.64 -0.004647788041644
2.65 -0.003944967818575
2.66 -0.003271045846819
2.67 -0.002758697092814
2.68 -0.001423484249121
2.69 0.000109762389788
2.7 0.001110038859061
2.71 0.00265569122801
2.72 0.004341753905112
2.73 0.004267013384437
2.74 0.00314391936122
2.75 0.002574462830997
2.76 0.002467074144484
2.77 0.002073434180171
2.78 0.00148296602312
2.79 -0.000302034315526
2.8 -0.0039734669038
2.81 -0.006161448558714
2.82 -0.005264610816878
2.83 -0.003996402142811
2.84 -0.002847994026122
2.85 -0.000665758383172
2.86 0.001761024872357
2.87 0.003141091234542
2.88 0.003552284297839
2.89 0.002948658530399
2.9 0.000665913106421
2.91 -0.002607792054201
2.92 -0.005067614488959
2.93 -0.00649666865319
2.94 -0.007228188853934
2.95 -0.008258692046893
2.96 -0.00873354663294
2.97 -0.007425964639045
2.98 -0.004553451154134
2.99 -0.001635735962728
3.0 2.662796994e-06
3.01 0.000151467998748
3.02 0.000309765548774
3.03 0.00161230024051
3.04 0.003486341401533
3.05 0.004525713221473
3.06 0.00502746849765
3.07 0.005235702750578
3.08 0.003342332676824
3.09 -0.001266228653317
3.1 -0.006058241103255
3.11 -0.008118608483057
3.12 -0.006710388857727
3.13 -0.003685520178753
3.14 -8.265130861e-06
3.15 0.002134860900477
3.16 0.001382851606023
3.17 0.000396047158212
3.18 0.000755017168687
3.19 0.000691506337839
3.2 -0.001225128541988
3.21 -0.004438155655109
3.22 -0.006397406229488
3.23 -0.006561129509645
3.24 -0.005613874078186
3.25 -0.00401550770408
3.26 -0.003233595948823
3.27 -0.001942666350207
3.28 0.000287082698248
3.29 0.003868295852665
3.3 0.0065913152181
3.31 0.005846680209948
3.32 0.003348971390323
3.33 0.001786639895243
3.34 0.001976046377016
3.35 0.002661998068723
3.36 0.001960027252465
3.37 -0.000442450424348
3.38 -0.003937073160498
3.39 -0.005572818954881
3.4 -0.003814638536288
3.41 -0.000912366826154
3.42 0.001601166288681
3.43 0.004059856159993
3.44 0.005718793710247
3.45 0.004649362171403
3.46 0.00108585827084
3.47 -0.003579536479158
3.48 -0.007194931823197
3.49 -0.008563547834705
3.5 -0.00933013673149
3.51 -0.010336967785014
3.52 -0.009979645828119
3.53 -0.007104115349076
3.54 -0.001535230571427
3.55 0.006179189881171
3.56 0.012300153884346
3.57 0.014271572508353
3.58 0.011854465452663
3.59 0.008401982166979
3.6 0.006985627203914
3.61 0.006809649410397
3.62 0.004661830109295
3.63 0.002120901792835
3.64 2.2073989435e-05
3.65 -0.001506238090165
3.66 -0.002048861934153
3.67 -0.002529204809576
3.68 -0.00146303417546
3.69 0.000309437438676
3.7 0.000692599600539
3.71 0.001451921134737
3.72 0.006200621618094
3.73 0.013533627676813
3.74 0.016730253621313
3.75 0.015139515052339
3.76 0.010982058427605
3.77 0.003816159697994
3.78 -0.006227369220052
3.79 -0.013620263916432
3.8 -0.017072830934191
3.81 -0.017764359244101
3.82 -0.015539078547376
3.83 -0.012219769057414
3.84 -0.007274269599017
3.85 -0.000194409927112
3.86 0.011006836076939
3.87 0.024187550400803
3.88 0.034527865100079
3.89 0.035907589851451
3.9 0.031324674663636
3.91 0.022638576820382
3.92 0.00894551137735
3.93 -0.010754847190923
3.94 -0.026236277946009
3.95 -0.026178950302463
3.96 -0.029296422389996
3.97 -0.02178185631999
3.98 -0.013203574987565
3.99 -0.000560754497753
4.0 0.013274286331905
4.01 0.024921108553367
4.02 0.032352378006752
4.03 0.034332612684438
4.04 0.028339365431855
4.05 0.010051988778112
4.06 -0.008315758180464
4.07 -0.020586090976279
4.08 -0.022106993550321
4.09 -0.028232892100068
4.1 -0.032501873268694
4.11 -0.024128305557372
4.12 -0.019266840223772
4.13 -0.00922264683133
4.14 0.007586535017407
4.15 0.024747748660744
4.16 0.041398611354376
4.17 0.044784004313481
4.18 0.041281366907278
4.19 0.031379957365078
4.2 0.017002526681227
4.21 -0.002934768130452
4.22 -0.028185194729137
4.23 -0.034086420115116
4.24 -0.04347394945894
4.25 -0.03981698927099
4.26 -0.02656710900196
4.27 -0.007220377886513
4.28 0.012958169128574
4.29 0.022576819059316
4.3 0.0310289309565
4.31 0.033164284533547
4.32 0.034200630257494
4.33 0.032694467734362
4.34 0.022934817643586
4.35 0.010008625424633
4.36 -0.000841169694321
4.37 -0.012833440668308
4.38 -0.0191727256046
4.39 -0.011054480135919
4.4 -0.007481354425049
4.41 -0.002116832547292
4.42 -0.002959528065266
4.43 -0.007877292463965
4.44 -0.008783627247288
4.45 -0.008763421593969
4.46 -0.00670299707489
4.47 -0.001631797073339
4.48 0.005040167013264
4.49 0.010501489921223
4.5 0.024418163592604
4.51 0.040202904778926
4.52 0.050402408570477
4.53 0.051850759651358
4.54 0.045422212065531
4.55 0.033085636152531
4.56 0.031788108342062
4.57 0.017671014072502
4.58 0.001588024478774
4.59 -0.023478925246118
4.6 -0.037232010095652
4.61 -0.045506196249606
4.62 -0.045856697974924
4.63 -0.04975228110773
4.64 -0.042708386419965
4.65 -0.037580677140695
4.66 -0.02872926421692
4.67 -0.015044632682813
4.68 0.00250583592455
4.69 0.016317606617605
4.7 0.015355036379454
4.71 0.003561006237698
4.72 -0.010760874644092
4.73 0.000540844661665
4.74 0.021206917175371
4.75 0.029564145024864
4.76 0.036929714112179
4.77 0.041154405553939
4.78 0.050238364611108
4.79 0.053671221093342
4.8 0.055615349197445
4.81 0.052050571798727
4.82 0.059013584341821
4.83 0.060668125843061
4.84 0.062331037758753
4.85 0.06595698335946
4.86 0.078516892652458
4.87 0.092621293931703
4.88 0.102206141095383
4.89 0.121968191590279
4.9 0.132833346203143
4.91 0.134301470908823
4.92 0.101824421412504
4.93 0.036491943075489
4.94 0.014405790160705
4.95 0.019825562741889
4.96 0.012547986454386
4.97 0.004063995204862
4.98 -0.010779560945362
4.99 -0.023095552292521
5.0 -0.032762737892493
5.01 -0.035073860730099
5.02 -0.025710340536129
5.03 -0.010072487084801
5.04 0.004770889666771
5.05 0.003202063950891
5.06 -0.013369978887873
5.07 -0.023494137456121
5.08 -0.020758982913097
5.09 -0.039114307785141
5.1 -0.063195525062796
5.11 -0.084351741263673
5.12 -0.114665132751716
5.13 -0.150348640232414
5.14 -0.160590444049913
5.15 -0.183172983533716
5.16 -0.179784432119426
5.17 -0.158128403043183
5.18 -0.118439063945935
5.19 -0.061223181725269
5.2 -0.031839413049048
5.21 -0.055602086486059
5.22 -0.044424076012082
5.23 -0.024277036081166
5.24 -0.025822932093657
5.25 -0.044647902516754
5.26 -0.057570998378496
5.27 -0.05638009424857
5.28 -0.050703017117623
5.29 -0.0409271071956
5.3 -0.032934075286959
5.31 -0.026950401554648
5.32 9.8662219348e-05
5.33 0.028842522363621
5.34 0.032509555377277
5.35 0.037606567567143
5.36 0.063077215719692
5.37 0.089742378203639
5.38 0.090716718854223
5.39 0.094989053196509
5.4 0.092944754411333
5.41 0.079920909399703
5.42 0.06618010495566
5.43 0.044678487167335
5.44 0.01426210227898
5.45 -0.017439768674244
5.46 -0.017599802651422
5.47 -0.002933815082437
5.48 0.006655962870259
5.49 0.025707880755941
5.5 0.048919176281376
5.51 0.060258696005522
5.52 0.051767263735539
5.53 0.034088666064197
5.54 -0.000837174201538
5.55 -0.045840940602131
5.56 -0.087955251739754
5.57 -0.125137132564134
5.58 -0.148691142162785
5.59 -0.148239652704006
5.6 -0.135619234307658
5.61 -0.120017115779312
5.62 -0.110220682658505
5.63 -0.090425740439901
5.64 -0.082602162700954
5.65 -0.077489012832537
5.66 -0.078889475624237
5.67 -0.071570126816676
5.68 -0.046073693210007
5.69 -0.059733484515054
5.7 -0.079805232871383
5.71 -0.12096883112635
5.72 -0.132907752905558
5.73 -0.126972550630158
5.74 -0.135445954524108
5.75 -0.120343586431842
5.76 -0.120334691122406
5.77 -0.091482523057861
5.78 -0.053676746014054
5.79 -0.044925296565004
5.8 -0.013557876302972
5.81 0.014251365941403
5.82 0.010181791131235
5.83 -0.00406098732666
5.84 -0.007067514921237
5.85 0.000358724878628
5.86 0.010688478713552
5.87 0.017653205265759
5.88 0.016248525918632
5.89 0.01201742068604
5.9 -0.000284472039119
5.91 -0.068036936033674
5.92 -0.124698015170916
5.93 -0.123378932759863
5.94 -0.123049860219357
5.95 -0.111831904420391
5.96 -0.099483667170749
5.97 -0.065508397615763
5.98 -0.013757076925358
5.99 0.086004923704272
6.0 0.111367555705964
6.01 0.156055898056019
6.02 0.145692972233773
6.03 0.141806645594243
6.04 0.090781792255532
6.05 0.076100099192992
6.06 0.096402148652295
6.07 0.096565995016259
6.08 0.10706018526197
6.09 0.099661701582285
6.1 0.103900302851917
6.11 0.104488720375824
6.12 0.12537627343906
6.13 0.155673742467612
6.14 0.180790177527335
6.15 0.188716166143972
6.16 0.203060977434099
6.17 0.22328369410461
6.18 0.21167270939049
6.19 0.154158355411244
6.2 0.098079511696017
6.21 0.082357048291963
6.22 0.086378340352421
6.23 0.084160875991153
6.24 0.058346754799853
6.25 0.037581157435241
6.26 0.013262438994275
6.27 -0.004009573707889
6.28 -0.010655995076907
6.29 -0.008449494206848
6.3 -0.008392407336683
6.31 -0.011272491401421
6.32 -0.025499611547287
6.33 -0.047780459451651
6.34 -0.060676577892931
6.35 -0.051817616592438
6.36 -0.031947156441845
6.37 -0.019306080815297
6.38 -0.007149924313512
6.39 -0.00269821107828
6.4 -0.012959701464154
6.41 -0.028105515503542
6.42 -0.045280135595619
6.43 -0.062812442823518
6.44 -0.040871984145997
6.45 0.006697631461574
6.46 0.033818663839695
6.47 0.030613206515699
6.48 0.02966142863581
6.49 0.037147802400907
6.5 0.022206808218355
6.51 0.017391180226198
6.52 0.002576039357917
6.53 0.00436207730774
6.54 0.004900125693304
6.55 0.019683644598873
6.56 0.030036036005066
6.57 0.059815300494176
6.58 0.086759372417554
6.59 0.096753235264004
6.6 0.087838823813174
6.61 0.091775182679759
6.62 0.08838632395732
6.63 0.065390734441444
6.64 0.038079447181668
6.65 -0.021310619114458
6.66 -0.058787559623927
6.67 -0.061102058652707
6.68 -0.072561299732401
6.69 -0.072856835420295
6.7 -0.068324703405357
6.71 -0.048445891254369
6.72 -0.030007698351853
6.73 0.00435905456848
6.74 0.074185430034967
6.75 0.11862964386307
6.76 0.122394730593368
6.77 0.111905211975564
6.78 0.104277489536619
6.79 0.074789882373384
6.8 0.086573349749179
6.81 0.080169360319331
6.82 0.066066724947646
6.83 0.040085951654265
6.84 0.050457992673282
6.85 0.054255291557257
6.86 0.051422001613415
6.87 0.045042154339924
6.88 0.059086872262473
6.89 0.076552086235654
6.9 0.097150696233325
6.91 0.125447117102476
6.92 0.149080021181332
6.93 0.161343581376535
6.94 0.190884216112585
6.95 0.192949639354369
6.96 0.198319190751764
6.97 0.187646562562342
6.98 0.188615355870897
6.99 0.15351562231971
7.0 0.099471851770653
7.01 0.091658534614468
7.02 0.087643300561495
7.03 0.070092133919497
7.04 0.057145513570239
7.05 0.050613385402576
7.06 0.039802415879973
7.07 0.014880571191752
7.08 -0.021766723206318
7.09 -0.07595405261001
7.1 -0.125101728732131
7.11 -0.17719132632655
7.12 -0.233886957623484
7.13 -0.284461990928449
7.14 -0.285685437707766
7.15 -0.351669700089087
7.16 -0.416397497246824
7.17 -0.418100895251544
7.18 -0.403275618926561
7.19 -0.382538987990256
7.2 -0.371051407272663
7.21 -0.38029547370883
7.22 -0.385199257959816
7.23 -0.376756075717933
7.24 -0.359109604691344
7.25 -0.34755627534194
7.26 -0.303497250773652
7.27 -0.028154921139435
7.28 -0.151801950188275
7.29 -0.121194092267972
7.3 -0.161613367505113
7.31 -0.194701040323217
7.32 -0.187886073734614
7.33 -0.183129123377383
7.34 -0.179357034295907
7.35 -0.152404067674441
7.36 -0.131024441071079
7.37 -0.095920223174277
7.38 -0.040328684812351
7.39 0.030444201009433
7.4 0.130819690608894
7.41 0.239449841546564
7.42 0.313589773758862
7.43 0.319180695731057
7.44 0.305280809651406
7.45 0.325462305844016
7.46 0.333234049771468
7.47 0.320753138836576
7.48 0.335305597173654
7.49 0.354104877048533
7.5 0.359502690263304
7.51 0.378504170013823
7.52 0.396177990868802
7.53 0.39670303781458
7.54 0.401858361590998
7.55 0.394724119312331
7.56 0.36661741150678
7.57 0.239464655558913
7.58 0.031594293787963
7.59 0.142220680539686
7.6 0.057663554577905
7.61 0.053882246243435
7.62 0.027001759137357
7.63 0.00561591052937
7.64 -0.013458065507486
7.65 -0.017546834000051
7.66 -0.035700089911464
7.67 -0.048802339442878
7.68 -0.067842959638968
7.69 -0.093481333303401
7.7 -0.142034949516934
7.71 -0.224949621638258
7.72 -0.312155794521138
7.73 -0.340302786761715
7.74 -0.299146262850128
7.75 -0.279127989512179
7.76 -0.293047677065521
7.77 -0.276979361968843
7.78 -0.258024288039891
7.79 -0.266773102242402
7.8 -0.273202510170366
7.81 -0.29858972205079
7.82 -0.325767592360762
7.83 -0.33415301609076
7.84 -0.375575214593604
7.85 -0.346702830167966
7.86 -0.294819823421618
7.87 -0.175623968579189
7.88 -0.133118363865386
7.89 -0.115676391685202
7.9 -0.085338240444661
7.91 -0.05748731977698
7.92 -0.037901866043535
7.93 -0.035799230408506
7.94 -0.047916207469854
7.95 -0.074075973290382
7.96 -0.103899279972635
7.97 -0.121772699763777
7.98 -0.131052757948882
7.99 -0.125909997258997
8.0 -0.104861270902235
8.01 -0.043211364569522
8.02 -0.025237415621398
8.03 -0.036891047268797
8.04 -0.029704822452791
8.05 -0.038781131244647
8.06 -0.051864671168163
8.07 -0.034724020548552
8.08 -0.002055544519884
8.09 0.069520699671282
8.1 0.07613912194431
8.11 0.10440660973991
8.12 0.109284712952528
8.13 0.09839652502627
8.14 0.087387468833871
8.15 0.070596806339762
8.16 0.043907298064336
8.17 0.067034861687308
8.18 0.167844502897966
8.19 0.17059699122026
8.2 0.183503325206383
8.21 0.223966715561466
8.22 0.243444465139483
8.23 0.267882045157451
8.24 0.298849391579853
8.25 0.296305243015898
8.26 0.293523268703231
8.27 0.315028782147162
8.28 0.3243591247412
8.29 0.326958459964582
8.3 0.333627557236003
8.31 0.338597906861841
8.32 0.358866610735159
8.33 0.394516812697104
8.34 0.421939472111821
8.35 0.445657022483145
8.36 0.449574336357176
8.37 0.43299716530573
8.38 0.351941429305949
8.39 0.058346190610517
8.4 0.091284973988629
8.41 0.064683929091762
8.42 0.019780003822933
8.43 0.012816280076798
8.44 -0.002704009276129
8.45 -0.029051658878813
8.46 -0.041582407552742
8.47 -0.051331259531753
8.48 -0.080480965885688
8.49 -0.103491795591453
8.5 -0.130427743433467
8.51 -0.159599205621936
8.52 -0.218552975545752
8.53 -0.307089181894525
8.54 -0.365400994869704
8.55 -0.348728384853456
8.56 -0.336250471054328
8.57 -0.389453467849923
8.58 -0.424098073167375
8.59 -0.438797911179019
8.6 -0.474767991383707
8.61 -0.487672291891382
8.62 -0.490617240030554
8.63 -0.483847040194622
8.64 -0.457385598797727
8.65 -0.461235582010899
8.66 -0.473202530403739
8.67 -0.471372063346248
8.68 -0.348126681200792
8.69 -0.221001229246919
8.7 -0.160084558537231
8.71 -0.164036128342321
8.72 -0.13145470896816
8.73 -0.109863431758072
8.74 -0.079792152730894
8.75 -0.048954103005494
8.76 -0.006054769877619
8.77 0.032280615440837
8.78 0.075648205515088
8.79 0.126337350922041
8.8 0.169290174854778
8.81 0.205284952267062
8.82 0.253241942682448
8.83 0.309146674822942
8.84 0.335779692140345
8.85 0.333081804849701
8.86 0.320293164532774
8.87 0.305220653296499
8.88 0.304149918567141
8.89 0.309727669866153
8.9 0.308763679846872
8.91 0.317026879899538
8.92 0.334519121300671
8.93 0.370712132624919
8.94 0.402582200017934
8.95 0.413483150306363
8.96 0.454616742603491
8.97 0.4395206050255
8.98 0.456845000167595
8.99 0.381939285858751
9.0 0.305806299624822
9.01 0.206039365687277
9.02 0.179446416177911
9.03 0.15448538680709
9.04 0.119519609873392
9.05 0.078750274813392
9.06 0.054134821486562
9.07 0.037590881454665
9.08 0.025362268705072
9.09 0.032120527203275
9.1 0.04150013155733
9.11 0.037148318693984
9.12 0.010255134859183
9.13 -0.029094823233123
9.14 -0.081503165520005
9.15 -0.139439949261189
9.16 -0.186626626346214
9.17 -0.219175618692678
9.18 -0.245667399005463
9.19 -0.278914483723611
9.2 -0.313772349172906
9.21 -0.3370670033368
9.22 -0.354753686039224
9.23 -0.369334378632153
9.24 -0.374856997667411
9.25 -0.373746795448447
9.26 -0.362477988821631
9.27 -0.347382091086898
9.28 -0.329843808098426
9.29 -0.300678796511098
9.3 -0.213972076722183
9.31 -0.000505941045802
9.32 -0.139191200204245
9.33 -0.101148190023554
9.34 -0.187739396268702
9.35 -0.20216125529266
9.36 -0.26298484585149
9.37 -0.326615638353789
9.38 -0.374515335107001
9.39 -0.372072565082348
9.4 -0.375959903217146
9.41 -0.354089880048405
9.42 -0.309616626313902
9.43 -0.21191209805076
9.44 -0.014429073574884
9.45 -0.041538309696673
9.46 -0.004933474189204
9.47 0.040931865006985
9.48 0.038553628704623
9.49 0.072038607855104
9.5 0.064477980962576
9.51 0.091440023851947
9.52 0.096413632424854
9.53 0.141996917430632
9.54 0.154416081566533
9.55 0.196121163523013
9.56 0.237336062708588
9.57 0.278045621943617
9.58 0.314904924084826
9.59 0.32251658037557
9.6 0.337236784708215
9.61 0.343014900793361
9.62 0.335983500883173
9.63 0.327042869689229
9.64 0.329314862750178
9.65 0.359870608695958
9.66 0.391009292547077
9.67 0.394409242716586
9.68 0.382912152253142
9.69 0.387148051281868
9.7 0.395318399903205
9.71 0.36998386428434
9.72 0.261629450614744
9.73 0.180580421746888
9.74 0.177895061191882
9.75 0.18108943418655
9.76 0.152705318465092
9.77 0.141504852865505
9.78 0.134387267474749
9.79 0.11153117306821
9.8 0.092292335207525
9.81 0.05706876665803
9.82 0.018744131728529
9.83 -0.02001840105306
9.84 -0.055078811995611
9.85 -0.095701369447999
9.86 -0.147742512107107
9.87 -0.199885731769575
9.88 -0.222084832459568
9.89 -0.216560960098332
9.9 -0.215576459996768
9.91 -0.232922783941889
9.92 -0.257612973204562
9.93 -0.280016882722558
9.94 -0.303468628605407
9.95 -0.331152336278277
9.96 -0.362277005526295
9.97 -0.388173000708499
9.98 -0.40662645335526
9.99 -0.410248761657978
10.0 -0.388922549903822
10.01 -0.224485059451512
10.02 0.010371618071355
10.03 -0.071254439936061
10.04 -0.020378394685092
10.05 -0.024582933710209
10.06 -0.024301012348611
10.07 -0.026886604617816
10.08 -0.040393091674077
10.09 -0.056218789841139
10.1 -0.070416047641307
10.11 -0.079502207627478
10.12 -0.083363803392168
10.13 -0.074121550037526
10.14 -0.035800031552633
10.15 0.05478645958929
10.16 0.188201956634668
10.17 0.24949701591352
10.18 0.220936583946567
10.19 0.271893809690725
10.2 0.336106949920391
10.21 0.329754003252466
10.22 0.3762226504473
10.23 0.395293628512588
10.24 0.395539004995463
10.25 0.427915973514355
10.26 0.41789827042056
10.27 0.409286740532888
10.28 0.404957033267087
10.29 0.338597148633887
10.3 -0.056224269563571
10.31 -0.067572039338703
10.32 -0.071025827328848
10.33 -0.10830176891441
10.34 -0.067336047319835
10.35 -0.066924365811816
10.36 -0.059967604705204
10.37 -0.030893798308673
10.38 -0.011384001622205
10.39 0.020066863387141
10.4 0.050119266566073
10.41 0.084059769459986
10.42 0.10451097467734
10.43 0.091995389942971
10.44 0.031354642429888
10.45 -0.085048917736459
10.46 -0.125690979082431
10.47 -0.036779828737061
10.48 -0.143076218154387
10.49 -0.102358677690261
10.5 -0.193404408797805
10.51 -0.195237296692169
10.52 -0.23436182240327
10.53 -0.233147674625708
10.54 -0.261865479962198
10.55 -0.245724066023372
10.56 -0.276723440137926
10.57 -0.256768536769769
10.58 -0.247774779457904
10.59 -0.181419910194616
10.6 -0.027401298386164
10.61 -0.024086784027858
10.62 -0.047327007955628
10.63 -0.024267852692845
10.64 -0.036830892172348
10.65 -0.039277927226023
10.66 -0.046671130792206
10.67 -0.056350584409532
10.68 -0.05741383556737
10.69 -0.083813292004784
10.7 -0.067294710254229
10.71 -0.085231093616093
10.72 -0.078291068929341
10.73 -0.042808979560801
10.74 0.004801660102891
10.75 0.022053376684752
10.76 -0.01150006927548
10.77 -0.00900849419664
10.78 -0.019895477832534
10.79 -0.060355046601419
10.8 -0.041872135233245
10.81 -0.057414312477239
10.82 -0.051620482240708
10.83 -0.071521601080414
10.84 -0.068337063770408
10.85 -0.087929081054525
10.86 -0.111297067062525
10.87 -0.113113866758865
10.88 -0.087375007674073
10.89 -0.069050354447785
10.9 -0.046124619913385
10.91 -0.024413720521443
10.92 0.036277371982898
10.93 0.01204569697006
10.94 0.024149792224335
10.95 0.009413310204279
10.96 0.002481395352963
10.97 -0.017004488444374
10.98 -0.033861879207548
10.99 -0.051019360043541
11.0 -0.052320411135272
11.01 -0.037584420192371
11.02 -0.003734977177792
11.03 0.013261424553237
11.04 0.04776387589392
11.05 0.090552437508379
11.06 0.159317498507522
11.07 0.214455996786929
11.08 0.222422434630402
11.09 0.224308827299712
11.1 0.245591863422332
11.11 0.267624734861248
11.12 0.276130078950631
11.13 0.280970682386557
11.14 0.297601195908375
11.15 0.29917183229216
11.16 0.29499925281964
11.17 0.289768817620744
11.18 0.272295978102709
11.19 0.259378990633305
11.2 0.249179485584352
11.21 0.234885423397653
11.22 0.215056628527606
11.23 0.11790882277511
11.24 0.166219221877246
11.25 0.141039589358989
11.26 0.173444562156673
11.27 0.147605352605812
11.28 0.146661611667958
11.29 0.125211576570521
11.3 0.110303318797799
11.31 0.083316624746822
11.32 0.057841490207221
11.33 0.026725620177327
11.34 -0.020119824518239
11.35 -0.078497128681841
11.36 -0.143801268813011
11.37 -0.201702673103815
11.38 -0.224599113314838
11.39 -0.238244080625714
11.4 -0.270782376287674
11.41 -0.290407894456998
11.42 -0.279887739894027
11.43 -0.30017258234377
11.44 -0.296875882216913
11.45 -0.27321335587098
11.46 -0.26215226517122
11.47 -0.255419747236658
11.48 -0.26493003764791
11.49 -0.280523893634552
11.5 -0.283627743655845
11.51 -0.275082910710432
11.52 -0.130440508135875
11.53 -0.120328184700981
11.54 -0.14600620936493
11.55 -0.14585863575851
11.56 -0.123290873574382
11.57 -0.114865542098887
11.58 -0.093537079504539
11.59 -0.075308131388571
11.6 -0.044959249683355
11.61 -0.022448029068678
11.62 -0.009782268586279
11.63 -0.004973252088359
11.64 0.01220733339475
11.65 0.049222702713093
11.66 0.103482076546166
11.67 0.143067244969605
11.68 0.146570400526891
11.69 0.149068318484257
11.7 0.177389094880475
11.71 0.20488273448567
11.72 0.218242969530757
11.73 0.23605904312655
11.74 0.251635202126758
11.75 0.268324825484482
11.76 0.290795900458671
11.77 0.308259466381754
11.78 0.325689025267215
11.79 0.331817447115252
11.8 0.325197863264978
11.81 0.319914781688211
11.82 0.308039688716322
11.83 0.280233667255401
11.84 0.249409383703443
11.85 0.156101718359585
11.86 0.142947809792589
11.87 0.123144729109751
11.88 0.148543045219489
11.89 0.134262522312133
11.9 0.152382920323879
11.91 0.157745181239271
11.92 0.166727666557848
11.93 0.169339114801998
11.94 0.166676852923036
11.95 0.15881098907346
11.96 0.139266235964868
11.97 0.106755560776787
11.98 0.047626729333185
11.99 -0.032003043548801
12.0 -0.077134294793263
12.01 -0.077709155492308
12.02 -0.095332953106675
12.03 -0.119965945321825
12.04 -0.12753110263872
12.05 -0.154344984557452
12.06 -0.174635150022896
12.07 -0.200479759893815
12.08 -0.230291864721814
12.09 -0.243198249439015
12.1 -0.266047654065013
12.11 -0.272968165319675
12.12 -0.280423041644123
12.13 -0.28796236692785
12.14 -0.281119506540518
12.15 -0.271552621607211
12.16 -0.250228774967146
12.17 -0.228336034194621
12.18 -0.21194911235758
12.19 -0.204541959375752
12.2 -0.21043775093742
12.21 -0.173214897244912
12.22 -0.123798129623038
12.23 -0.159950794833542
12.24 -0.174646416616198
12.25 -0.172126953206903
12.26 -0.179037154582243
12.27 -0.168894909441373
12.28 -0.163517752872822
12.29 -0.143443478726835
12.3 -0.119853306339514
12.31 -0.089486317781334
12.32 -0.067449742887196
12.33 -0.049619266596768
12.34 -0.031450477412733
12.35 0.001724844756172
12.36 0.040283768363802
12.37 0.054753832426849
12.38 0.062016656448029
12.39 0.077564430273378
12.4 0.091871203693448
12.41 0.095187518813955
12.42 0.09938036790877
12.43 0.101030320187066
12.44 0.097823738946226
12.45 0.091152453912224
12.46 0.078698841627961
12.47 0.064150377866755
12.48 0.032880871688037
12.49 -0.016163893962797
12.5 -0.012405280794373
12.51 0.001953258867211
12.52 0.020564342023596
12.53 0.036558975627405
12.54 0.055419520935862
12.55 0.088444538715722
12.56 0.118116979789947
12.57 0.127160149199706
12.58 0.134839891658212
12.59 0.116014689595269
12.6 0.08610873170315
12.61 0.074580926962007
12.62 0.06803471842344
12.63 0.060896081420091
12.64 0.042019082293571
12.65 0.001089161294404
12.66 -0.019523603618137
12.67 -0.030530080886392
12.68 -0.010038718506998
12.69 9.5975724929e-05
12.7 0.008460550477945
12.71 0.021813070733929
12.72 0.025767863922762
12.73 0.023485583878377
12.74 0.018708640929118
12.75 0.020434650084133
12.76 -0.001796779366949
12.77 -0.034508617132149
12.78 -0.075860123394354
12.79 -0.115831848306667
12.8 -0.13202288093815
12.81 -0.130920233146721
12.82 -0.12668292185711
12.83 -0.115732489585631
12.84 -0.104443186579405
12.85 -0.090034351241321
12.86 -0.080316008925068
12.87 -0.069544453229413
12.88 -0.042265583931816
12.89 -0.045271330863073
12.9 -0.037914901830665
12.91 -0.043431131192909
12.92 -0.041750420486957
12.93 -0.062741641634151
12.94 -0.062117528525026
12.95 -0.055110985831495
12.96 -0.042148977388501
12.97 -0.025592409181536
12.98 -0.011455329863062
12.99 0.000483037632441
13.0 0.015403994163203
13.01 0.034864445596595
13.02 0.054530751083137
13.03 0.066533608523936
13.04 0.073495255591589
13.05 0.07208673587417
13.06 0.052301430206683
13.07 0.02880975796555
13.08 0.038152277214643
13.09 0.051550276990159
13.1 0.058328072133801
13.11 0.071932263557113
13.12 0.071560806971896
13.13 0.048776018561837
13.14 0.036398169514139
13.15 0.027070914680056
13.16 0.019454152897991
13.17 0.017323540480447
13.18 -0.000642893325873
13.19 -0.021022223430238
13.2 -0.042049039191582
13.21 -0.045660666228802
13.22 -0.047445104076097
13.23 -0.053984938092044
13.24 -0.061132533530074
13.25 -0.06760049328783
13.26 -0.083334966283987
13.27 -0.092232754902607
13.28 -0.090157056181388
13.29 -0.086249709580023
13.3 -0.080762931896896
13.31 -0.074206619522272
13.32 -0.06723364371888
13.33 -0.060039716198544
13.34 -0.053967669884667
13.35 -0.061605658263921
13.36 -0.071098327059997
13.37 -0.07293191734307
13.38 -0.060052560459435
13.39 -0.038408297921746
13.4 -0.027121740873616
13.41 -0.01331745997253
13.42 0.002726589114165
13.43 0.01707113904459
13.44 0.029454738973141
13.45 0.040683901879667
13.46 0.053320637885658
13.47 0.058486424106226
13.48 0.057155216684278
13.49 0.052888414464068
13.5 0.048200819244087
13.51 0.046960464537911
13.52 0.048820652419691
13.53 0.051268611534828
13.54 0.045570696058053
13.55 0.039246164071437
13.56 0.017148142559922
13.57 0.001187839290044
13.58 -0.004919947611143
13.59 -0.01368639945255
13.6 -0.019063771195056
13.61 -0.01876579708213
13.62 -0.022415075023589
13.63 -0.033805190280026
13.64 -0.04423814889752
13.65 -0.057098595805268
13.66 -0.06570227449535
13.67 -0.076750196837166
13.68 -0.087838425936112
13.69 -0.09838100619115
13.7 -0.100952158119486
13.71 -0.098757438451465
13.72 -0.091014909263389
13.73 -0.074541858738414
13.74 -0.061240675939871
13.75 -0.05535670817579
13.76 -0.045018120978088
13.77 -0.031145395452694
13.78 -0.024017544161412
13.79 -0.017884717199945
13.8 -0.015076884632737
13.81 -0.012839042328198
13.82 -0.01145779823811
13.83 -0.007033534549268
13.84 0.004739221029878
13.85 0.022471221163968
13.86 0.039592754873137
13.87 0.0541909419999
13.88 0.066253104886863
13.89 0.078951939501422
13.9 0.096034129518268
13.91 0.110644296867667
13.92 0.118164862390344
13.93 0.107105342919489
13.94 0.107826932773364
13.95 0.119347395932913
13.96 0.112713962674688
13.97 0.112531824123718
13.98 0.100373064848987
13.99 0.052909452009086
14.0 0.068600720966941
14.01 0.040032048008363
14.02 0.036471446338437
14.03 0.035284723620185
14.04 0.031605615937094
14.05 0.037358394180258
14.06 0.034079977297447
14.07 0.035047110883518
14.08 0.038615762168864
14.09 0.043241133623697
14.1 0.036824425681189
14.11 0.022125554272227
14.12 0.001365985750621
14.13 -0.00850084604704
14.14 -0.006968751648484
14.15 -0.015857738690267
14.16 -0.022864368301928
14.17 -0.016083720256684
14.18 -0.014175865187383
14.19 0.00070581062845
14.2 0.005384278062442
14.21 0.009784991069436
14.22 0.017289072652825
14.23 0.029999952522232
14.24 0.038718515095823
14.25 0.03905403389682
14.26 0.030563295404802
14.27 0.019635390489882
14.28 0.003544621277227
14.29 -0.022891828195637
14.3 -0.031531238747016
14.31 -0.034447998318812
14.32 -0.033855771897919
14.33 -0.032227554217396
14.34 -0.025593160089595
14.35 -0.018125010234862
14.36 -0.00389534446292
14.37 0.010701645783972
14.38 0.011092379565566
14.39 0.011075064083963
14.4 0.003661595011026
14.41 -0.011349688646849
14.42 -0.037193831260692
14.43 -0.066517642462634
14.44 -0.079154788552978
14.45 -0.096918095146289
14.46 -0.108367002496992
14.47 -0.122369301453902
14.48 -0.119370260172696
14.49 -0.120490650114121
14.5 -0.110763200814532
14.51 -0.105905536164245
14.52 -0.100054016702278
14.53 -0.09718791184096
14.54 -0.089612277963697
14.55 -0.087063273265718
14.56 -0.085781742230108
14.57 -0.091177441581511
14.58 -0.097838896878493
14.59 -0.105259186249137
14.6 -0.122407086565535
14.61 -0.129487109813263
14.62 -0.125780137424512
14.63 -0.117012048431254
14.64 -0.114765742464073
14.65 -0.106444893821715
14.66 -0.097635394568893
14.67 -0.085118139581154
14.68 -0.062051648442357
14.69 -0.039313904787684
14.7 -0.018228773356648
14.71 -0.003344179594305
14.72 -0.001330193010142
14.73 -0.001229535491021
14.74 0.004526839277113
14.75 0.016643005593044
14.76 0.027469359688068
14.77 0.036523141600312
14.78 0.045806453501565
14.79 0.057373820133768
14.8 0.069070581148495
14.81 0.081990199469145
14.82 0.096009048248316
14.83 0.10673487451126
14.84 0.114468159935507
14.85 0.116679442410336
14.86 0.113677742052391
14.87 0.107169718441327
14.88 0.110167252385472
14.89 0.107176729663818
14.9 0.102465778567771
14.91 0.07763721031281
14.92 0.079672742436434
14.93 0.081751441513954
14.94 0.082517241352625
14.95 0.078467047091731
14.96 0.076851869232031
14.97 0.067617236832348
14.98 0.069842866816193
14.99 0.060434728752184
15.0 0.055345620910051
15.01 0.048101509974396
15.02 0.035848346350231
15.03 0.020990108334815
15.04 0.003207835268957
15.05 -0.003417818093231
15.06 0.001989554754889
15.07 0.003924089646399
15.08 0.001241103228446
15.09 -0.004749561976284
15.1 -0.012495584521481
15.11 -0.018652844634865
15.12 -0.02590032750772
15.13 -0.040128334719656
15.14 -0.050134660097847
15.15 -0.055257165301965
15.16 -0.056746518475659
15.17 -0.051476224993131
15.18 -0.042804578066069
15.19 -0.037774572162163
15.2 -0.025171874995085
15.21 0.018262606605863
15.22 0.024413692636485
15.23 0.025321695400062
15.24 0.021852481895303
15.25 0.014925792419562
15.26 0.005749173368814
15.27 -0.004367132765219
15.28 -0.010652904689259
15.29 -0.016954703697334
15.3 -0.021014908565751
15.31 -0.023036253870013
15.32 -0.018653188981972
15.33 -0.003878803598438
15.34 0.022841464359531
15.35 0.033544991483709
15.36 0.031279311714879
15.37 0.045086403622848
15.38 0.053186679924141
15.39 0.053141958896222
15.4 0.04994684829097
15.41 0.04250789650621
15.42 0.0289727633937
15.43 0.007122977432836
15.44 -0.013341670671254
15.45 -0.029985307779219
15.46 -0.033949637870734
15.47 -0.026219420606358
15.48 -0.016703336656704
15.49 -0.004019100911365
15.5 0.026498349178136
15.51 0.056453254517554
15.52 0.077692533085665
15.53 0.093656014438415
15.54 0.104159887912266
15.55 0.087850927234864
15.56 0.072565086231368
15.57 0.092125719557119
15.58 0.095398911425959
15.59 0.106731482586508
15.6 0.10696499585543
15.61 0.110492053478413
15.62 0.111591941386447
15.63 0.106258646571311
15.64 0.11169515973353
15.65 0.10717164925457
15.66 0.105787052184803
15.67 0.102035872471876
15.68 0.063916777367986
15.69 -0.001288331415173
15.7 0.027408300159469
15.71 0.018614617368881
15.72 0.021522132599776
15.73 0.007991263845916
15.74 0.01382838306908
15.75 0.000461480209644
15.76 0.000571782225675
15.77 -0.006501966454889
15.78 -0.01116436656866
15.79 -0.012085950777017
15.8 -0.021467707784357
15.81 -0.041954124487034
15.82 -0.068339242727325
15.83 -0.086745948064154
15.84 -0.086250456488871
15.85 -0.095993799029255
15.86 -0.117411937464717
15.87 -0.124491398969956
15.88 -0.141911403004303
15.89 -0.152756076258311
15.9 -0.161999241544186
15.91 -0.15705380398291
15.92 -0.156345674080295
15.93 -0.139941189956164
15.94 -0.123772234337488
15.95 -0.003488097832296
15.96 -0.015356946371719
15.97 0.012224199768261
15.98 0.014133278869749
15.99 0.025912998941883
16.0 0.029664654809608
16.01 0.025620531989237
16.02 0.019028159134423
16.03 0.014336907572015
16.04 0.002605513743423
16.05 -0.009834636398212
16.06 -0.027519753108363
16.07 -0.034509419660642
16.08 -0.009478710931233
16.09 0.031180719746735
16.1 0.009823108030331
16.11 0.006160199655297
16.12 0.027988901237321
16.13 0.034678052792685
16.14 0.067695189473123
16.15 0.073282513832516
16.16 0.097441650216665
16.17 0.092005243623122
16.18 0.087818114818192
16.19 0.064790519028118
16.2 0.038433595804624
16.21 -0.003109024679442
16.22 -0.014618672682586
16.23 -0.013861802773525
16.24 -0.018694373042162
16.25 -0.001698661591372
16.26 0.017623889533331
16.27 0.04215807696054
16.28 0.069307653048108
16.29 0.08791518122268
16.3 0.097683441617078
16.31 0.092539391636307
16.32 0.072885018519792
16.33 0.077090343380556
16.34 0.057197708385746
16.35 0.050427919832098
16.36 0.059905643593259
16.37 0.057054828600455
16.38 0.076333918648995
16.39 0.072484867230247
16.4 0.08576622217305
16.41 0.079082205426447
16.42 0.038811771491837
16.43 0.02701459734857
16.44 0.022360283069875
16.45 0.026235355996946
16.46 0.02121533792019
16.47 0.021269154858151
16.48 0.002944286243677
16.49 0.001096072592671
16.5 -0.003461897772286
16.51 -0.001251877462922
16.52 0.003039843013263
16.53 -0.002836502158462
16.54 -0.011384691472654
16.55 -0.033424878157328
16.56 -0.055527841943817
16.57 -0.048962400012385
16.58 -0.047533748254287
16.59 -0.05895753487582
16.6 -0.06837426133324
16.61 -0.079533802758525
16.62 -0.087515806409288
16.63 -0.093621879435005
16.64 -0.102652344793619
16.65 -0.109062457838098
16.66 -0.111367591284849
16.67 -0.10938595698366
16.68 -0.10425076852496
16.69 -0.091101004827787
16.7 -0.078000211624737
16.71 -0.05353821353679
16.72 -0.022421131034651
16.73 -0.020876824204096
16.74 -0.011227785537752
16.75 -0.002452901495297
16.76 -0.00094072355404
16.77 -0.001206405253463
16.78 -0.006211351423095
16.79 -0.007963162809669
16.8 -0.011629230247579
16.81 -0.01517845346151
16.82 -0.016639943712083
16.83 -0.013875847907893
16.84 -0.00343248650795
16.85 0.010390594284825
16.86 0.015928066820714
16.87 0.00659298284068
16.88 0.003989985793454
16.89 0.001537428275438
16.9 0.004440984231903
16.91 0.008331851757088
16.92 0.022123117634247
16.93 0.043598402908414
16.94 0.049194096270234
16.95 0.056077458216674
16.96 0.047040670407903
16.97 0.031904743692893
16.98 0.016732067983468
16.99 0.008660031510306
17.0 -0.019059326192326
17.01 -0.032965867350931
17.02 -0.041691351424824
17.03 -0.043240418278841
17.04 -0.031181153823839
17.05 -0.002861405867913
17.06 0.027197650771979
17.07 0.050981402961577
17.08 0.06576947625099
17.09 0.066131114905602
17.1 0.060933901225314
17.11 0.047413681419071
17.12 0.044617412376188
17.13 0.04007249579505
17.14 0.022248043161034
17.15 0.019481259076853
17.16 0.007836696722093
17.17 -0.004091729019131
17.18 -0.025444454343136
17.19 -0.015758447119544
17.2 -0.012660015529889
17.21 -0.002140100268671
17.22 -0.000551008155161
17.23 0.00302504911412
17.24 0.002863649700403
17.25 0.000313607195611
17.26 -0.005394947037355
17.27 -0.020207366001123
17.28 -0.041373071704914
17.29 -0.062337874202503
17.3 -0.089295836048321
17.31 -0.11444908665119
17.32 -0.12539638839254
17.33 -0.124720822659231
17.34 -0.120067718855694
17.35 -0.12195341430002
17.36 -0.114773142571528
17.37 -0.11174788018941
17.38 -0.107785109799618
17.39 -0.100130575498413
17.4 -0.098927354459869
17.41 -0.097422440038873
17.42 -0.093572272941421
17.43 -0.030215168114132
17.44 -0.044661174383721
17.45 -0.01860974175355
17.46 -0.020667357567383
17.47 -0.004568634531432
17.48 -0.000986399678569
17.49 0.006755370946556
17.5 0.018619542926111
17.51 0.029962000873116
17.52 0.041174843045653
17.53 0.052921776541169
17.54 0.067501206676331
17.55 0.083434475476139
17.56 0.109181678857958
17.57 0.12874624986256
17.58 0.128910166714977
17.59 0.124095605379187
17.6 0.125391595314514
17.61 0.119304238203417
17.62 0.110880320924474
17.63 0.084277819440313
17.64 0.073113456229308
17.65 0.063581359624593
17.66 0.061076229976456
17.67 0.064734693502195
17.68 0.051614013837592
17.69 0.039823589981203
17.7 0.03642576043479
17.71 0.045485787486756
17.72 0.049111994803739
17.73 0.046361872861651
17.74 0.041880527549839
17.75 0.029561654798316
17.76 0.00277951881071
17.77 -0.019846655461388
17.78 -0.037556144432462
17.79 -0.052911078385244
17.8 -0.073684194670332
17.81 -0.095381774246862
17.82 -0.114743959003385
17.83 -0.121285028009256
17.84 -0.116683970020077
17.85 -0.104041791103357
17.86 -0.08769016311358
17.87 -0.066411855266673
17.88 0.015448451943799
17.89 0.047929823728906
17.9 0.060381327863542
17.91 0.062945212267456
17.92 0.068089351923036
17.93 0.068609996668952
17.94 0.066933187449522
17.95 0.052573403422479
17.96 0.041123704819405
17.97 0.028773255881212
17.98 0.0130186899964
17.99 0.00510149523039
18.0 0.005953521912871
18.01 0.024587814597636
18.02 0.060317609862273
18.03 0.059000557633603
18.04 0.043628463515538
18.05 0.062969051857722
18.06 0.054852253267246
18.07 0.068736556113937
18.08 0.080754233722145
18.09 0.08591417652921
18.1 0.091722857909394
18.11 0.091491465450808
18.12 0.088460456148872
18.13 0.055675694601519
18.14 0.027647461142831
18.15 0.01773733378842
18.16 0.020929445288873
18.17 0.006153868749658
18.18 0.019997917161449
18.19 0.005036927395279
18.2 0.006198194745978
18.21 -0.001706353844703
18.22 -0.000754705795026
18.23 -0.003601813527962
18.24 0.001236159727493
18.25 -0.00416431204229
18.26 -0.016159800107381
18.27 -0.040636024715314
18.28 -0.033977893365929
18.29 -0.03682019035406
18.3 -0.041280477537571
18.31 -0.048515102834969
18.32 -0.049625494127209
18.33 -0.05552402811428
18.34 -0.05765427675136
18.35 -0.057771182746039
18.36 -0.058619210508644
18.37 -0.053677149567327
18.38 -0.04607516596785
18.39 -0.029978800754094
18.4 -0.003736692365702
18.41 -0.012243027239905
18.42 -0.005374576406929
18.43 -0.003216896387863
18.44 -0.010117545776507
18.45 -0.014579286461138
18.46 -0.022252073578684
18.47 -0.027155324662635
18.48 -0.037478435913632
18.49 -0.043375183463438
18.5 -0.04642897910002
18.51 -0.038188052823922
18.52 -0.021660220200049
18.53 -0.008937294704347
18.54 -0.007006280552504
18.55 -0.000863934405708
18.56 0.0132502557628
18.57 0.017772075750162
18.58 0.027511899072811
18.59 0.030329170755104
18.6 0.022936937660605
18.61 0.014646233208308
18.62 -0.005542659764667
18.63 -0.026246808495812
18.64 -0.041521325167906
18.65 -0.047391842235971
18.66 -0.052011492412052
18.67 -0.056936983179443
18.68 -0.05126973968261
18.69 -0.042606074475811
18.7 -0.034515577574803
18.71 -0.026765108538672
18.72 -0.01800451913262
18.73 -0.010152950293561
18.74 -0.007219436777374
18.75 -0.016012279055958
18.76 -0.024735586813214
18.77 -0.028391531288181
18.78 -0.032922914026311
18.79 -0.039850050510107
18.8 -0.039281352963553
18.81 -0.038511383490256
18.82 -0.032899519037089
18.83 -0.023428735202817
18.84 -0.013659323906472
18.85 -0.001350197072225
18.86 0.014935600241983
18.87 0.02775079294431
18.88 0.031842941578866
18.89 0.034998838286318
18.9 0.033388198593406
18.91 0.039302315812823
18.92 0.043955891665022
18.93 0.043868599221397
18.94 0.050459331480717
18.95 0.050455343694481
18.96 0.051746529238283
18.97 0.049588416741828
18.98 0.044927870748667
18.99 0.039014590168753
19.0 0.004779118664162
19.01 -0.015184575772152
19.02 -0.023048407469787
19.03 -0.028701513372985
19.04 -0.028748335754877
19.05 -0.032003568256661
19.06 -0.03218625801534
19.07 -0.038668903277472
19.08 -0.040302355041723
19.09 -0.044529446928755
19.1 -0.049332198258955
19.11 -0.051135383814808
19.12 -0.059938775748167
19.13 -0.073350998987619
19.14 -0.08506418461637
19.15 -0.086599840802635
19.16 -0.081097790442721
19.17 -0.075964855718676
19.18 -0.065900904142101
19.19 -0.064559112444815
19.2 -0.047596855036
19.21 -0.033174819702178
19.22 -0.024570661170264
19.23 -0.024672144935375
19.24 -0.017155064469049
19.25 -0.003568687175403
19.26 0.006358782212024
19.27 0.00949726075146
19.28 0.009523964154471
19.29 0.014927646815513
19.3 0.021411883872714
19.31 0.02961159704187
19.32 0.03911983301309
19.33 0.051255800983042
19.34 0.067686608429326
19.35 0.083246368243071
19.36 0.094550667825622
19.37 0.104230630569652
19.38 0.114684579965126
19.39 0.12498906820926
19.4 0.125053452405671
19.41 0.117540437558801
19.42 0.106183649984085
19.43 0.090916905887701
19.44 0.05391874693578
19.45 0.033706089629165
19.46 0.019583129622222
19.47 0.018490765938773
19.48 0.018312402497149
19.49 0.024784681701692
19.5 0.028913778555357
19.51 0.035776108891834
19.52 0.042220740114683
19.53 0.050853635719915
19.54 0.056953234695797
19.55 0.057342852841409
19.56 0.049210360173911
19.57 0.029083136328551
19.58 0.007032654420715
19.59 0.009311738673758
19.6 0.012867598247122
19.61 0.010203081341923
19.62 0.016530891053429
19.63 0.018998979683335
19.64 0.028399064422838
19.65 0.03727050954377
19.66 0.046903749121465
19.67 0.058352812867069
19.68 0.073594200760517
19.69 0.078500818041334
19.7 0.063995523670236
19.71 0.042257182503616
19.72 -0.001364437895637
19.73 -0.035055211612858
19.74 -0.039851194709828
19.75 -0.050185277715253
19.76 -0.047189818716566
19.77 -0.039211545940483
19.78 -0.023770403959975
19.79 -0.017354065907977
19.8 -0.013705809880794
19.81 -0.021993395752453
19.82 -0.001192586756118
19.83 0.001178750944471
19.84 -0.011661605123328
19.85 -0.022242460375781
19.86 -0.047905903349563
19.87 -0.045504628361767
19.88 -0.046802839827552
19.89 -0.060030074968586
19.9 -0.060351133300901
19.91 -0.068051719697414
19.92 -0.069555983170132
19.93 -0.091039315808543
19.94 -0.1052560103881
19.95 -0.104068097560502
19.96 -0.094744749000961
19.97 -0.055503015681117
19.98 -0.016765178724687
19.99 -0.006461485305894
20.0 -0.01074220763667
20.01 -0.006764019663581
20.02 -0.012606047108385
20.03 -0.008791912565139
20.04 -0.008624470183051
20.05 -0.014302286072235
20.06 -0.019558658826
20.07 -0.02538105374234
20.08 -0.024811179877283
20.09 -0.02139046224704
20.1 -0.00720650901325
20.11 0.00892251135171
20.12 0.010459154911166
20.13 0.006308993950982
20.14 0.012524476473798
20.15 0.019585102275783
20.16 0.026240897913723
20.17 0.035911636286479
20.18 0.037630199264586
20.19 0.037574249594006
20.2 0.036257171004406
20.21 0.029058503156095
20.22 -0.0075576972976
20.23 -0.02371186873188
20.24 -0.014246967120596
20.25 -0.013560845536505
20.26 -0.013511155197865
20.27 -0.015727870461842
20.28 -0.012530188926895
20.29 -0.012766994192721
20.3 -0.007095960465435
20.31 -0.002478125436188
20.32 0.00286397612442
20.33 0.00526869829819
20.34 -0.002078599457039
20.35 -0.018496915254374
20.36 -0.02322912706435
20.37 -0.015207524478117
20.38 -0.019290549526717
20.39 -0.031537442886001
20.4 -0.034453990252017
20.41 -0.037359044155243
20.42 -0.037106919852402
20.43 -0.032919417911356
20.44 -0.023468661347646
20.45 -0.00958937220912
20.46 0.002619047592576
20.47 -0.006594106702076
20.48 -0.019297339468136
20.49 -0.022680700208894
20.5 -0.03506804476508
20.51 -0.040253125603514
20.52 -0.041178360361787
20.53 -0.036429138282507
20.54 -0.03163072092499
20.55 -0.024600534905324
20.56 -0.01628277935788
20.57 0.004510020703566
20.58 0.01319881292973
20.59 0.018398862006999
20.6 0.01205586019493
20.61 0.005448514609856
20.62 0.003211924527142
20.63 -0.002398200048235
20.64 -0.008194037831085
20.65 -0.009421513533242
20.66 -0.011309285714571
20.67 -0.011378712031916
20.68 -0.009059413014387
20.69 -0.002834241156495
20.7 0.009460771102697
20.71 0.02041583520413
20.72 0.026966589374627
20.73 0.0344549707004
20.74 0.036407783968854
20.75 0.033871585652681
20.76 0.029070362017106
20.77 0.019468578397374
20.78 0.009885295205303
20.79 -0.003491177792631
20.8 -0.013904328734536
20.81 -0.018575787220571
20.82 -0.017470787931701
20.83 -0.011383393414132
20.84 -0.002394484418614
20.85 0.006330354415399
20.86 0.020241507884244
20.87 0.031487905032912
20.88 0.036010744125527
20.89 0.036448299902777
20.9 0.034405743592508
20.91 0.026854929838614
20.92 0.012949527045235
20.93 -0.002824652217166
20.94 -0.01692709133636
20.95 -0.027394765324894
20.96 -0.034336038563683
20.97 -0.034027478681268
20.98 -0.028431349958368
20.99 -0.017714026444557
21.0 -0.011659835044245
21.01 -0.003565520701523
21.02 0.00391054761194
21.03 0.007822013382834
21.04 0.012485881365452
21.05 0.0107779478498
21.06 0.002707612946134
21.07 -0.009214558811184
21.08 -0.021363232685993
21.09 -0.028336450767915
21.1 -0.036590880408124
21.11 -0.03687632800666
21.12 -0.037970900901184
21.13 -0.038742378686412
21.14 -0.034094890245984
21.15 -0.021375985621366
21.16 -0.011959746384936
21.17 0.004397662967024
21.18 0.011941209320448
21.19 0.014107662505312
21.2 0.011778079080873
21.21 0.006970244911293
21.22 0.002290318131225
21.23 0.002065135567655
21.24 0.002223126852248
21.25 0.002716173135464
21.26 0.002890692401339
21.27 0.005920734100735
21.28 0.01563762064037
21.29 0.028237216511567
21.3 0.042966580379933
21.31 0.056617248126403
21.32 0.062423004545607
21.33 0.055316844652215
21.34 0.055360044894421
21.35 0.061317879879813
21.36 0.065090405629215
21.37 0.059523367414807
21.38 0.052794912031959
21.39 0.048871742345793
21.4 0.037104520455563
21.41 -0.005938065930706
21.42 -0.005196867349653
21.43 -0.015053285877482
21.44 -0.012259205644073
21.45 -0.017734933939172
21.46 -0.018113214009204
21.47 -0.017334472985997
21.48 -0.00692971620999
21.49 0.002694473259968
21.5 0.0087806674972
21.51 0.01683990215679
21.52 0.022959717044811
21.53 0.023056049942984
21.54 0.011503448160999
21.55 0.012098602988077
21.56 0.017705478079287
21.57 0.012568346329487
21.58 0.00954994718348
21.59 0.005383753269938
21.6 -0.008613468056474
21.61 -0.008381800664144
21.62 -0.003044223701324
21.63 0.008474464476218
21.64 0.025173911736059
21.65 0.038449550195109
21.66 0.047261098922898
21.67 0.051948703190033
21.68 0.055974166461683
21.69 0.054772489551214
21.7 0.05425908181658
21.71 0.051898343949887
21.72 0.049076756795354
21.73 0.045026629266201
21.74 0.040112157095492
21.75 0.035685140065406
21.76 0.025406661646844
21.77 0.015304780551702
21.78 0.005219167637236
21.79 -0.008985736803461
21.8 -0.01503745751741
21.81 -0.020528977879417
21.82 -0.025025082103516
21.83 -0.024826111112387
21.84 -0.023058412452997
21.85 -0.02048465842663
21.86 -0.018677577680613
21.87 -0.020416739114436
21.88 -0.026240142056632
21.89 -0.034434825229475
21.9 -0.043025847166541
21.91 -0.048321129469795
21.92 -0.052931774214995
21.93 -0.0515613617103
21.94 -0.048173659781544
21.95 -0.045858398223488
21.96 -0.040146298148671
21.97 -0.038228679660571
21.98 -0.037728349928884
21.99 -0.027424160872101
22.0 -0.015277534229158
22.01 -0.000964493484662
22.02 0.007055736098583
22.03 0.00949519817425
22.04 0.012568509572232
22.05 0.016283705206183
22.06 0.016166160603866
22.07 0.016354142025445
22.08 0.014802565294898
22.09 0.01325871487729
22.1 0.01220195623872
22.11 0.008899139432854
22.12 0.006843382890473
22.13 0.005548112238095
22.14 -0.001977459041886
22.15 -0.003973312734255
22.16 -0.005694792046655
22.17 -0.009190927318765
22.18 -0.009184592868093
22.19 -0.010154490009713
22.2 -0.011032151886782
22.21 -0.011830506330057
22.22 -0.013542767989736
22.23 -0.017458383026284
22.24 -0.021664484535311
22.25 -0.028637415657012
22.26 -0.03643597456255
22.27 -0.04567807214348
22.28 -0.054250529870374
22.29 -0.061292636141529
22.3 -0.067683483801113
22.31 -0.067223124438061
22.32 -0.061278396308749
22.33 -0.063992633544116
22.34 -0.060748508056829
22.35 -0.054721633347776
22.36 -0.033456960633872
22.37 -0.019331045878463
22.38 -0.007425715213262
22.39 -0.004047800846342
22.4 -0.001334772557995
22.41 -0.0063397198693
22.42 -0.011153014211371
22.43 -0.01904479974683
22.44 -0.02548979914783
22.45 -0.032530668419675
22.46 -0.041209931705841
22.47 -0.048313994449203
22.48 -0.045847151963511
22.49 -0.031164542587833
22.5 -0.015809542347017
22.51 -0.008379208082927
22.52 0.002318949084917
22.53 0.012166394980524
22.54 0.018830069368238
22.55 0.026026075342397
22.56 0.027494972520934
22.57 0.02781031225007
22.58 0.020400388653156
22.59 0.010264819775805
22.6 -0.008863351425258
22.61 -0.026382821643927
22.62 -0.026533702948301
22.63 -0.029672235667865
22.64 -0.026902213543733
22.65 -0.021628230557732
22.66 -0.010588373746003
22.67 0.003124463796963
22.68 0.016828796239186
22.69 0.033094370458021
22.7 0.040561581836935
22.71 0.045167330782233
22.72 0.040711104207078
22.73 0.033619758352265
22.74 0.026565833988016
22.75 0.022410206178588
22.76 0.01983468352905
22.77 0.012539152704188
22.78 0.003018893186016
22.79 -0.015765787975047
22.8 -0.014017113438734
22.81 -0.013647043705064
22.82 -0.005681808948401
22.83 0.001447464676068
22.84 0.008248301145497
22.85 0.01500305741647
22.86 0.016495541391322
22.87 0.024388227811615
22.88 0.033369416209071
22.89 0.032060965012008
22.9 0.028869908253825
22.91 0.017114304770711
22.92 0.002706592967485
22.93 -0.002605999659459
22.94 -0.006840701162858
22.95 -0.011461841995574
22.96 -0.008519310293702
22.97 -0.008209460738039
22.98 -0.005112244132599
22.99 0.00214289069391
23.0 0.01590041650433
23.01 0.036028543117168
23.02 0.048500143605997
23.03 0.053359352216647
23.04 0.043726642898307
23.05 0.04810138583798
23.06 0.043439159997558
23.07 0.044210135352901
23.08 0.04124160329306
23.09 0.039167386045005
23.1 0.028122025753916
23.11 0.025230922206369
23.12 0.020245983980495
23.13 0.019176837922753
23.14 0.02694246251097
23.15 0.03475669727469
23.16 0.040248023440025
23.17 0.04226715242881
23.18 0.045477437676778
23.19 0.045236702692265
23.2 0.042435436417073
23.21 0.035276001333666
23.22 0.02832033774679
23.23 0.011533496625094
23.24 -0.001700131340794
23.25 -0.015780860612448
23.26 -0.022449249355106
23.27 -0.020183134610551
23.28 -0.01717423558885
23.29 -0.014229446130777
23.3 -0.011441012884134
23.31 -0.010636952458814
23.32 -0.011871916290687
23.33 -0.013257552212441
23.34 -0.013382439611787
23.35 -0.01269196929546
23.36 -0.0131804248263
23.37 -0.014751809545029
23.38 -0.014425596837376
23.39 -0.013035522705951
23.4 -0.009286229798382
23.41 -0.009137007332011
23.42 -0.014845981637089
23.43 -0.014603695736034
23.44 -0.013230020079367
23.45 -0.010946577628415
23.46 -0.0090928468527
23.47 -0.007306140621295
23.48 -0.003110605247571
23.49 -0.001046858942624
23.5 0.000450259079549
23.51 0.000205422779484
23.52 0.003125932675346
23.53 0.004837750659185
23.54 0.002290227174727
23.55 0.004014851322025
23.56 0.00798188180488
23.57 0.011361059239752
23.58 0.011232092063515
23.59 0.009555943865903
23.6 0.002355719964187
23.61 -0.002215743553294
23.62 -0.004458956060035
23.63 -0.006484806699513
23.64 -0.006706382530368
23.65 -0.007898469078648
23.66 -0.009911959468473
23.67 -0.010308032220992
23.68 -0.007179884199486
23.69 -0.002101610510737
23.7 0.002641550196846
23.71 0.006807157439707
23.72 0.009454998225556
23.73 0.008225660994129
23.74 0.004267341373515
23.75 -0.000365475852461
23.76 -0.00693729349337
23.77 -0.013530349488121
23.78 -0.018606123751394
23.79 -0.025634793552169
23.8 -0.028566547510006
23.81 -0.025080423383226
23.82 -0.01787751026848
23.83 -0.007312963056523
23.84 0.00556548950663
23.85 0.01391857040524
23.86 0.019127236772448
23.87 0.021682060683788
23.88 0.019942559743894
23.89 0.014794430170487
23.9 0.008890235608539
23.91 -0.000714380978378
23.92 -0.012215933333372
23.93 -0.025323632020599
23.94 -0.032576109315374
23.95 -0.033446757811655
23.96 -0.030795729558888
23.97 -0.024206881153575
23.98 -0.016912427796321
23.99 -0.005145344200021
24.0 0.005752399360679
24.01 0.01304663262327
24.02 0.017533931982779
24.03 0.015667435786347
24.04 0.010626578405674
24.05 -0.001340813635577
24.06 -0.013491085924467
24.07 -0.020677827115218
24.08 -0.025782922723462
24.09 -0.025983985310521
24.1 -0.028382682665217
24.11 -0.027980077709935
24.12 -0.022152492617857
24.13 -0.016525027810949
24.14 -0.013489691465743
24.15 -0.00955995149716
24.16 0.001503805506437
24.17 0.002711286851747
24.18 0.001468989627225
24.19 -0.000860556919877
24.2 0.001330423701891
24.21 -0.001376254897854
24.22 -0.005956050470669
24.23 -0.013272752828328
24.24 -0.019811667788612
24.25 -0.025885029908728
24.26 -0.028834809220368
24.27 -0.027408328126271
24.28 -0.021681476948493
24.29 -0.014846159388591
24.3 -0.009640349356399
24.31 -0.006505505019734
24.32 -0.002333053546508
24.33 -0.001438587058667
24.34 -0.002081336912702
24.35 -0.004734499608383
24.36 -0.007721604085153
24.37 -0.011895897652675
24.38 -0.016775960775497
24.39 -0.020384383835475
24.4 -0.017398412594678
24.41 -0.011667020961293
24.42 -0.007385504143011
24.43 -0.001742550861493
24.44 0.005220897005635
24.45 0.008714676000334
24.46 0.009934195579171
24.47 0.01103785400236
24.48 0.01116016663304
24.49 0.009841622400193
24.5 0.007197826360478
24.51 0.004292702729128
24.52 0.003033312319599
24.53 0.004568325599086
24.54 0.006003487866294
24.55 0.007256872738231
24.56 0.009807130077823
24.57 0.014505419386527
24.58 0.017187464155866
24.59 0.018875636340414
24.6 0.020180199863016
24.61 0.021152269416024
24.62 0.024285416745414
24.63 0.024605669058654
24.64 0.022784837120353
24.65 0.020570398740757
24.66 0.015907793184757
24.67 0.004162631363878
24.68 -0.004057820937022
24.69 -0.010317712101863
24.7 -0.01700896086033
24.71 -0.022435372503534
24.72 -0.022805889330881
24.73 -0.022409287856823
24.74 -0.020857053176548
24.75 -0.018368126925877
24.76 -0.014261675467121
24.77 -0.008379954796286
24.78 -0.001868699291988
24.79 0.000663151890721
24.8 0.00140816297288
24.81 0.003392318579087
24.82 0.003893972474288
24.83 0.000593405964572
24.84 -0.004288481377877
24.85 -0.006802125297944
24.86 -0.012404995922947
24.87 -0.01455340894807
24.88 -0.010359757426641
24.89 -0.000735957844896
24.9 0.008857022944994
24.91 0.019571211173025
24.92 0.027931084018568
24.93 0.037106968416119
24.94 0.045808329857535
 
 
 
 
 
 
 
 
 
 
 
 
 
 
 
 
 
 
 
 
 
 
 
 
 
 
 
 
 
 
 
 
 
 
 
 
 
 
 
 
 
 
 
 
 
 
 
 
 
 
 
 
 
 
 
 
 
 
 
 
 
 
 
 
 
 
 
 
 
 
 
 
 
 
 
 
 
 
 
 
 
 
 
 
 
 
 
 
 
 
 
 
 
 
 
 
 
 
 
 
 
 
 
 
 
 
 
 
 
 
 
 
 
 
 
 
 
 
 
 
 
 
 
 
 
 
 
 
 
 
 
 
 
 
 
 
 
 
 
 
 
 
 
 
 
 
 
 
 
 
 
 
 
 
 
 
 
 
 
 
 
 
 
 
 
 
 
 
 
 
 
 
 
 
 
 
 
 
 
 
 
 
 
 
 
 
 
 
 
 
 
 
 
 
 
 
 
 
 
 
 
 
 
 
 
 
 
 
 
 
 
 
 
 
 
 
 
 
 
 
 
 
 
 
 
 
 
 
 
 
 
 
 
 
 
 
 
 
 
 
 
 
 
 
 
 
 
 
 
 
 
 
 
 
 
 
 
 
 
 
 
 
 
 
 
 
 
 
 
 
 
 
 
 
 
 
 
 
 
 
 
 
 
 
 
 
 
 
 
 
 
 
 
 
 
 
 
 
 
 
 
 
 
 
 
 
 
 
 
 
 
 
 
 
 
 
 
 
 
 
 
 
 
 
 
 
 
 
 
 
 
 
 
 
 
 
 
 
 
 
 
 
 
 
 
 
 
 
 
 
 
 
 
 
 
 
 
 
 
 
 
 
 
 
 
 
 
 
 
 
 
 
 
 
 
 
 
 
 
 
 
 
 
 
 
 
 
 
 
 
 
 
 
 
 
 
 
 
 
 
 
 
 
 
 
 
 
 
 
 
 
 
 
 
 
 
 
 
 
 
 
 
 
 
 
 
 
 
 
 
 
 
 
 
 
 
 
 
 
 
 
 
 
 
 
 
 
 
 
 
 
 
 
 
 
 
 
 
 
 
 
 
 
 
 
 
 
 
 
 
 
 
 
 
 
 
 
 
 
 
 
 
 
 
 
 
 
 
 
 
 
 
 
 
 
 
 
 
 
 
 
 
 
 
 
 
 
 
 
 
 
 
 
 
 
 
 
 
 
 
 
 
 
 
 
 
 
 
 
 
 
 
 
 
 
 
 
 
 
 
 
 
 
 
 
 
 
 
 
 
 
 
 
 
 
 
 
 
 
 
 
 
 
 
 
 
 
 
 
 
 
 
 
 
 
 
 
 
 
 
 
 
 
 
 
 
 
 
 
 
 
 
 
 
 
 
 
 
 
 
 
 
 
 
 
 
 
 
 
 
 
 
 
 
 
 
 
 
 
 
 
 
 
 
 
 
 
 
 
 
 
 
 
 
 
 
 
 
 
 
 
 
 
 
 
 
 
 
 
 
 
 
 
 
 
 
 
 
 
 
 
 
 
 
 
 
 
 
 
 
 
 
 
 
 
 
 
 
 
 
 
 
 
 
 
 
 
 
 
 
 
 
 
 
 
 
 
 
 
 
 
 
 
 
 
 
 
 
 
 
 
 
 
 
 
 
 
 
 
 
 
 
 
 
 
 
 
 
 
 
 
 
 
 
 
 
 
 
 
 
 
 
 
 
 
 
 
 
 
 
 
 
 
 
 
 
 
 
 
 
 
 
 
 
 
 
 
 
 
 
 
 
 
 
 
 
 
 
 
 
 
 
 
 
 
 
 
 
 
 
 
 
 
 
 
 
 
 
 
 
 
 
 
 
 
 
 
 
 
 
 
 
 
 
 
 
 
 
 
 
 
 
 
 
 
 
 
 
 
 
 
 
 
 
 
 
 
 
 
 
 
 
 
 
 
 
 
 
 
 
 
 
 
 
 
 
 
 
 
 
 
 
 
 
 
 
 
 
 
 
 
 
 
 
 
 
 
 
 
 
 
 
 
 
 
 
 
 
 
 
 
 
 
 
 
 
 
 
 
 
 
 
 
 
 
 
 
 
 
 
 
 
 
 
 
 
 
 
 
 
 
 
 
 
 
 
 
 
 
 
 
 
 
 
 
 
 
 
 
 
 
 
 
 
 
 
 
 
 
 
 
 
 
 
 
 
 
 
 
 
 
 
 
 
 
 
 
 
 
 
 
 
 
 
 
 
 
 
 
 
 
 
 
 
 
 
 
 
 
 
 
 
 
 
 
 
 
 
 
 
 
 
 
 
 
 
 
 
 
 
 
 
 
 
 
 
 
 
 
 
 
 
 
 
 
 
 
 
 
 
 
 
 
 
 
 
 
 
 
 
 
 
 
 
 
 
 
 
 
 
 
 
 
 
 
 
 
 
 
 
 
 
 
 
 
 
 
 
 
 
 
 
 
 
 
 
 
 
 
 
 
 
 
 
 
 
 
 
 
 
 
 
 
 
 
 
 
 
 
 
 
 
 
 
 
 
 
 
 
 
 
 
 
 
 
 
 
 
 
 
 
 
 
 
 
 
 
 
 
 
 
 
 
 
 
 
 
 
 
 
 
 
 
 
 
 
 
 
 
 
 
 
 
 
 
 
 
 
 
 
 
 
 
 
 
 
 
 
 
 
 
 
 
 
 
 
 
 
 
 
 
 
 
 
 
 
 
 
 
 
 
 
 
 
 
 
 
 
 
 
 
 
 
 
 
 
 
 
 
 
 
 
 
 
 
 
 
 
 
 
 
 
 
 
 
 
 
 
 
 
 
 
 
 
 
 
 
 
 
 
 
 
 
 
 
 
 
 
 
 
 
 
 
 
 
 
 
 
 
 
 
 
 
 
 
 
 
 
 
 
 
 
 
 
 
 
 
 
 
 
 
 
 
 
 
 
 
 
 
 
 
 
 
 
 
 
 
 
 
 
 
 
 
 
 
 
 
 
 
 
 
 
 
 
 
 
 
 
 
 
 
 
 
 
 
 
 
 
 
 
 
 
 
 
 
 
 
 
 
 
 
 
 
 
 
 
 
 
 
 
 
 
 
 
 
 
 
 
 
 
 
 
 
 
 
 
 
 
 
 
 
 
 
 
 
 
 
 
 
 
 
 
 
 
 
 
 
 
 
 
 
 
 
 
 
 
 
 
 
 
 
 
 
 
 
 
 
 
 
 
 
 
 
 
 
 
 
 
 
 
 
 
 
 
 
 
 
 
 
 
 
 
 
 
 
 
 
 
 
 
 
 
 
 
 
 
 
 
 
 
 
 
 
 
 
 
 
 
 
 
 
 
 
 
 
 
 
 
 
 
 
 
 
 
 
 
 
 
 
 
 
 
 
 
 
 
 
 
 
 
 
 
 
 
 
 
 
 
 
 
 
 
 
 
 
 
 
 
 
 
 
 
 
 
 
 
 
 
 
 
 
 
 
 
 
 
 
 
 
 
 
 
 
 
 
 
 
 
 
 
 
 
 
 
 
 
 
 
 
 
 
 
 
 
 
 
 
 
 
 
 
 
 
 
 
 
 
 
 
 
 
 
 
 
 
 
 
 
 
 
 
 
 
 
 
 
 
 
 
 
 
 
 
 
 
 
 
 
 
 
 
 
 
 
 
 
 
 
 
 
 
 
 
 
 
 
 
 
 
 
 
 
 
 
 
 
 
 
 
 
 
 
 
 
 
 
 
 
 
 
 
 
 
 
 
 
 
 
 
 
 
 
 
 
 
 
 
 
 
 
 
 
 
 
 
 
 
 
 
 
 
 
 
 
 
 
 
 
 
 
 
 
 
 
 
 
 
 
 
 
 
 
 
 
 
 
 
 
 
 
 
 
 
 
 
 
 
 
 
 
 
 
 
 
 
 
 
 
 
 
 
 
 
 
 
 
 
 
 
 
 
 
 
 
 
 
 
 
 
 
 
 
 
 
 
 
 
 
 
 
 
 
 
 
 
 
 
 
 
 
 
 
 
 
 
 
 
 
 
 
 
 
 
 
 
 
 
 
 
 
 
 
 
 
 
 
 
 
 
 
 
 
 
 
 
 
 
 
 
 
 
 
 
 
 
 
 
 
 
 
 
 
 
 
 
 
 
 
 
 
 
 
 
 
 
 
 
 
 
 
 
 
 
 
 
 
 
 
 
 
 
 
 
 
 
 
 
 
 
 
 
 
 
 
 
 
 
 
 
 
 
 
 
 
 
 
 
 
 
 
 
 
 
 
 
 
 
 
 
 
 
 
 
 
 
 
 
 
 
 
 
 
 
 
 
 
 
 
 
 
 
 
 
 
 
 
 
 
 
 
 
 
 
 
 
 
 
 
 
 
 
 
 
 
 
 
 
 
 
 
 
 
 
 
 
 
 
 
 
 
 
 
 
 
 
 
 
 
 
 
 
 
 
 
 
 
 
 
 
 
 
 
 
 
 
 
 
 
 
 
 
 
 
 
 
 
 
 
 
 
 
 
 
 
 
 
 
 
 
 
 
 
 
 
 
 
 
 
 
 
 
 
 
 
 
 
 
 
 
 
 
 
 
 
 
 
 
 
 
 
 
 
 
 
 
 
 
 
 
 
 
 
 
 
 
 
 
 
 
 
 
 
 
 
 
 
 
 
 
 
 
 
 
 
 
 
 
 
 
 
 
 
 
 
 
 
 
 
 
 
 
 
 
 
 
 
 
 
 
 
 
 
 
 
 
 
 
 
 
 
 
 
 
 
 
 
 
 
 
 
 
 
 
 
 
 
 
 
 
 
 
 
 
 
 
 
 
 
 
 
 
 
 
 
 
 
 
 
 
 
 
 
 
 
 
 
 
 
 
 
 
 
 
 
 
 
 
 
 
 
 
 
 
 
 
 
 
 
 
 
 
 
 
 
 
 
 
 
 
 
 
 
 
 
 
 
 
 
 
 
 
 
 
 
 
 
 
 
 
 
 
 
 
 
 
 
 
 
 
 
 
 
 
 
 
 
 
 
 
 
 
 
 
 
 
 
 
 
 
 
 
 
 
 
 
 
 
 
 
 
 
 
 
 
 
 
 
 
 
 
 
 
 
 
 
 
 
 
 
 
 
 
 
 
 
 
 
 
 
 
 
 
 
 
 
 
 
 
 
 
 
 
 
 
 
 
 
 
 
 
 
 
 
 
 
 
 
 
 
 
 
 
 
 
 
 
 
 
 
 
 
 
 
 
 
 
 
 
 
 
 
 
 
 
 
 
 
 
 
 
 
 
 
 
 
 
 
 
 
 
 
 
 
 
 
 
 
 
 
 
 
 
 
 
 
 
 
 
 
 
 
 
 
 
 
 
 
 
 
 
 
 
 
 
 
 
 
 
 
 
 
 
 
 
 
 
 
 
 
 
 
 
 
 
 
 
 
 
 
 
 
 
 
 
 
 
 
 
 
 
 
 
 
 
 
 
 
 
 
 
 
 
 
 
 
 
 
 
 
 
 
 
 
 
 
 
 
 
 
 
 
 
 
 
 
 
 
 
 
 
 
 
 
 
 
 
 
 
 
 
 
 
 
 
 
 
 
 
 
 
 
 
 
 
 
 
 
 
 
 
 
 
 
 
 
 
 
 
 
 
 
 
 
 
 
 
 
 
 
 
 
 
 
 
 
 
 
 
 
 
 
 
 
 
 
 
 
 
 
 
 
 
 
 
 
 
 
 
 
 
 
 
 
 
 
 
 
 
 
 
 
 
 
 
 
 
 
 
 
 
 
 
 
 
 
 
 
 
 
 
 
 
 
 
 
 
 
 
 
 
 
 
 
 
 
 
 
 
 
 
 
 
 
 
 
 
 
 
 
 
 
 
 
 
 
 
 
 
 
 
 
 
 
 
 
 
 
 
 
 
 
 
 
 
 
 
 
 
 
 
 
 
 
 
 
 
 
 
 
 
 
 
 
 
 
 
 
 
 
 
 
 
 
 
 
 
 
 
 
 
 
 
 
 
 
 
 
 
 
 
 
 
 
 
 
 
 
 
 
 
 
 
 
 
 
 
 
 
 
 
 
 
 
 
 
 
 
 
 
 
 
 
 
 
 
 
 
 
 
 
 
 
 
 
 
 
 
 
 
 
 
 
 
 
 
 
 
 
 
 
 
 
 
 
 
 
 
 
 
 
 
 
 
 
 
 
 
 
 
 
 
 
 
 
 
 
 
 
 
 
 
 
 
 
 
 
 
 
 
 
 
 
 
 
 
 
 
 
 
 
 
 
 
 
 
 
 
 
 
 
 
 
 
 
 
 
 
 
 
 
 
 
 
 
 
 
 
 
 
 
 
 
 
 
 
 
 
 
 
 
 
 
 
 
 
 
 
 
 
 
 
 
 
 
 
 
 
 
 
 
 
 
 
 
 
 
 
 
 
 
 
 
 
 
 
 
 
 
 
 
 
 
 
 
 
 
 
 
 
 
 
 
 
 
 
 
 
 
 
 
 
 
 
 
 
 
 
 
 
 
 
 
 
 
 
 
 
 
 
 
 
 
 
 
 
 
 
 
 
 
 
 
 
 
 
 
 
 
 
 
 
 
 
 
 
 
 
 
 
 
 
 
 
 
 
 
 
 
 
 
 
 
 
 
 
 
 
 
 
 
 
 
 
 
 
 
 
 
 
 
 
 
 
 
 
 
 
 
 
 
 
 
 
 
 
 
 
 
 
 
 
 
 
 
 
 
 
 
 
 
 
 
 
 
 
 
 
 
 
 
 
 
 
 
 
 
 
 
 
 
 
 
 
 
 
 
 
 
 
 
 
 
 
 
 
 
 
 
 
 
 
 
 
 
 
 
 
 
 
 
 
 
 
 
 
 
 
 
 
 
 
 
 
 
 
 
 
 
 
 
 
 
 
 
 
 
 
 
 
 
 
 
 
 
 
 
 
 
 
 
 
 
 
 
 
 
 
 
 
 
 
 
 
 
 
 
 
 
 
 
 
 
 
 
 
 
 
 
 
 
 
 
 
 
 
 
 
 
 
 
 
 
 
 
 
 
 
 
 
 
 
 
 
 
 
 
 
 
 
 
 
 
 
 
 
 
 
 
 
 
 
 
 
 
 
 
 
 
 
 
 
 
 
 
 
 
 
 
 
 
 
 
 
 
 
 
 
 
 
 
 
 
 
 
 
 
 
 
 
 
 
 
 
 
 
 
 
 
 
 
 
 
 
 
 
 
 
 
 
 
 
 
 
 
 
 
 
 
 
 
 
 
 
 
 
 
 
 
 
 
 
 
 
 
 
 
 
 
 
 
 
 
 
 
 
 
 
 
 
 
 
 
 
 
 
 
 
 
 
 
 
 
 
 
 
 
 
 
 
 
 
 
 
 
 
 
 
 
 
 
 
 
 
 
 
 
 
 
 
 
 
 
 
 
 
 
 
 
 
 
 
 
 
 
 
 
 
 
 
 
 
 
 
 
 
 
 
 
 
 
 
 
 
 
 
 
 
 
 
 
 
 
 
 
 
 
 
 
 
 
 
 
 
 
 
 
 
 
 
 
 
 
 
 
 
 
 
 
 
 
 
 
 
 
 
 
 
 
 
 
 
 
 
 
 
 
 
 
 
 
 
 
 
 
 
 
 
 
 
 
 
 
 
 
 
 
 
 
 
 
 
 
 
 
 
 
 
 
 
 
 
 
 
 
 
 
 
 
 
 
 
 
 
 
 
 
 
 
 
 
 
 
 
 
 
 
 
 
 
 
 
 
 
 
 
 
 
 
 
 
 
 
 
 
 
 
 
 
 
 
 
 
 
 
 
 
 
 
 
 
 
 
 
 
 
 
 
 
 
 
 
 
 
 
 
 
 
 
 
 
 
 
 
 
 
 
 
 
 
 
 
 
 
 
 
 
 
 
 
 
 
 
 
 
 
 
 
 
 
 
 
 
 
 
 
 
 
 
 
 
 
 
 
 
 
 
 
 
 
 
 
 
 
 
 
 
 
 
 
 
 
 
 
 
 
 
 
 
 
 
 
 
 
 
 
 
 
 
 
 
 
 
 
 
 
 
 
 
 
 
 
 
 
 
 
 
 
 
 
 
 
 
 
 
 
 
 
 
 
 
 
 
 
 
 
 
 
 
 
 
 
 
 
 
 
 
 
 
 
 
 
 
 
 
 
 
 
 
 
 
 
 
 
 
 
 
 
 
 
 
 
 
 
 
 
 
 
 
 
 
 
 
 
 
 
 
 
 
 
 
 
 
 
 
 
 
 
 
 
 
 
 
 
 
 
 
 
 
 
 
 
 
 
 
 
 
 
 
 
 
 
 
 
 
 
 
 
 
 
 
 
 
 
 
 
 
 
 
 
 
 
 
 
 
 
 
 
 
 
 
 
 
 
 
 
 
 
 
 
 
 
 
 
 
 
 
 
 
 
 
 
 
 
 
 
 
 
 
 
 
 
 
 
 
 
 
 
 
 
 
 
 
 
 
 
 
 
 
 
 
 
 
 
 
 
 
 
 
 
 
 
 
 
 
 
 
 
 
 
 
 
 
 
 
 
 
 
 
 
 
 
 
 
 
 
 
 
 
 
 
 
 
 
 
 
 
 
 
 
 
 
 
 
 
 
 
 
 
 
 
 
 
 
 
 
 
 
 
 
 
 
 
 
 
 
 
 
 
 
 
 
 
 
 
 
 
 
 
 
 
 
 
 
 
 
 
 
 
 
 
 
 
 
 
 
 
 
 
 
 
 
 
 
 
 
 
 
 
 
 
 
 
 
 
 
 
 
 
 
 
 
 
 
 
 
 
 
 
 
 
 
 
 
 
 
 
 
 
 
 
 
 
 
 
 
 
 
 
 
 
 
 
 
 
 
 
 
 
 
 
 
 
 
 
 
 
 
 
 
 
 
 
 
 
 
 
 
 
 
 
 
 
 
 
 
 
 
 
 
 
 
 
 
 
 
 
 
 
 
 
 
 
 
 
 
 
 
 
 
 
 
 
 
 
 
 
 
 
 
 
 
 
 
 
 
 
 
 
 
 
 
 
 
 
 
 
 
 
 
 
 
 
 
 
 
 
 
 
 
 
 
 
 
 
 
 
 
 
 
 
 
 
 
 
 
 
 
 
 
 
 
 
 
 
 
 
 
 
 
 
 
 
 
 
 
 
 
 
 
 
 
 
 
 
 
 
 
 
 
 
 
 
 
 
 
 
 
 
 
 
 
 
 
 
 
 
 
 
 
 
 
 
 
 
 
 
 
 
 
 
 
 
 
 
 
 
 
 
 
 
 
 
 
 
 
 
 
 
 
 
 
 
 
 
 
 
 
 
 
 
 
 
 
 
 
 
 
 
 
 
 
 
 
 
 
 
 
 
 
 
 
 
 
 
 
 
 
 
 
 
 
 
 
 
 
 
 
 
 
 
 
 
 
 
 
 
 
 
 
 
 
 
 
 
 
 
 
 
 
 
 
 
 
 
 
 
 
 
 
 
 
 
 
 
 
 
 
 
 
 
 
 
 
 
 
 
 
 
 
 
 
 
 
 
 
 
 
 
 
 
 
 
 
 
 
 
 
 
 
 
 
 
 
 
 
 
 
 
 
 
 
 
 
 
 
 
 
 
 
 
 
 
 
 
 
 
 
 
 
 
 
 
 
 
 
 
 
 
 
 
 
 
 
 
 
 
 
 
 
 
 
 
 
 
 
 
 
 
 
 
 
 
 
 
 
 
 
 
 
 
 
 
 
 
 
 
 
 
 
 
 
 
 
 
 
 
 
 
 
 
 
 
 
 
 
 
 
 
 
 
 
 
 
 
 
 
 
 
 
 
 
 
 
 
 
 
 
 
 
 
 
 
 
 
 
 
 
 
 
 
 
 
 
 
 
 
 
 
 
 
 
 
 
 
 
 
 
 
 
 
 
 
 
 
 
 
 
 
 
 
 
 
 
 
 
 
 
 
 
 
 
 
 
 
 
 
 
 
 
 
 
 
 
 
 
 
 
 
 
 
 
 
 
 
 
 
 
 
 
 
 
 
 
 
 
 
 
 
 
 
 
 
 
 
 
 
 
 
 
 
 
 
 
 
 
 
 
 
 
 
 
 
 
 
 
 
 
 
 
 
 
 
 
 
 
 
 
 
 
 
 
 
 
 
 
 
 
 
 
 
 
 
 
 
 
 
 
 
 
 
 
 
 
 
 
 
 
 
 
 
 
 
 
 
 
 
 
 
 
 
 
 
 
 
 
 
 
 
 
 
 
 
 
 
 
 
 
 
 
 
 
 
 
 
 
 
 
 
 
 
 
 
 
 
 
 
 
 
 
 
 
 
 
 
 
 
 
 
 
 
 
 
 
 
 
 
 
 
 
 
 
 
 
 
 
 
 
 
 
 
 
 
 
 
 
 
 
 
 
 
 
 
 
 
 
 
 
 
 
 
 
 
 
 
 
 
 
 
 
 
 
 
 
 
 
 
 
 
 
 
 
 
 
 
 
 
 
 
 
 
 
 
 
 
 
 
 
 
 
 
 
 
 
 
 
 
 
 
 
 
 
 
 
 
 
 
 
 
 
 
 
 
 
 
 
 
 
 
 
 
 
 
 
 
 
 
 
 
 
 
 
 
 
 
 
 
 
 
 
 
 
 
 
 
 
 
 
 
 
 
 
 
 
 
 
 
 
 
 
 
 
 
 
 
 
 
 
 
 
 
 
 
 
 
 
 
 
 
 
 
 
 
 
 
 
 
 
 
 
 
 
 
 
 
 
 
 
 
 
 
 
 
 
 
 
 
 
 
 
 
 
 
 
 
 
 
 
 
 
 
 
 
 
 
 
 
 
 
 
 
 
 
 
 
 
 
 
 
 
 
 
 
 
 
 
 
 
 
 
 
 
 
 
 
 
 
 
 
 
 
 
 
 
 
 
 
 
 
 
 
 
 
 
 
 
 
 
 
 
 
 
 
 
 
 
 
 
 
 
 
 
 
 
 
 
 
 
 
 
 
 
 
 
 
 
 
 
 
 
 
 
 
 
 
 
 
 
 
 
 
 
 
 
 
 
 
 
 
 
 
 
 
 
 
 
 
 
 
 
 
 
 
 
 
 
 
 
 
 
 
 
 
 
 
 
 
 
 
 
 
 
 
 
 
 
 
 
 
 
 
 
 
 
 
 
 
 
 
 
 
 
 
 
 
 
 
 
 
 
 
 
 
 
 
 
 
 
 
 
 
 
 
 
 
 
 
 
 
 
 
 
 
 
 
 
 
 
 
 
 
 
 
 
 
 
 
 
 
 
 
 
 
 
 
 
 
 
 
 
 
 
 
 
 
 
 
 
 
 
 
 
 
 
 
 
 
 
 
 
 
 
 
 
 
 
 
 
 
 
 
 
 
 
 
 
 
 
 
 
 
 
 
 
 
 
 
 
 
 
 
 
 
 
 
 
 
 
 
 
 
 
 
 
 
 
 
 
 
 
 
 
 
 
 
 
 
 
 
 
 
 
 
 
 
 
 
 
 
 
 
 
 
 
 
 
 
 
 
 
 
 
 
 
 
 
 
 
 
 
 
 
 
 
 
 
 
 
 
 
 
 
 
 
 
 
 
 
 
 
 
 
 
 
 
 
 
 
 
 
 
 
 
 
 
 
 
 
 
 
 
 
 
 
 
 
 
 
 
 
 
 
 
 
 
 
 
 
 
 
 
 
 
 
 
 
 
 
 
 
 
 
 
 
 
 
 
 
 
 
 
 
 
 
 
 
 
 
 
 
 
 
 
 
 
 
 
 
 
 
 
 
 
 
 
 
 
 
 
 
 
 
 
 
 
 
 
 
 
 
 
 
 
 
 
 
 
 
 
 
 
 
 
 
 
 
 
 
 
 
 
 
 
 
 
 
 
 
 
 
 
 
 
 
 
 
 
 
 
 
 
 
 
 
 
 
 
 
 
 
 
 
 
 
 
 
 
 
 
 
 
 
 
 
 
 
 
 
 
 
 
 
 
 
 
 
 
 
 
 
 
 
 
 
 
 
 
 
 
 
 
 
 
 
 
 
 
 
 
 
 
 
 
 
 
 
 
 
 
 
 
 
 
 
 
 
 
 
 
 
 
 
 
 
 
 
 
 
 
 
 
 
 
 
 
 
 
 
 
 
 
 
 
 
 
 
 
 
 
 
 
 
 
 
 
 
 
 
 
 
 
 
 
 
 
 
 
 
 
 
 
 
 
 
 
 
 
 
 
 
 
 
 
 
 
 
 
 
 
 
 
 
 
 
 
 
 
 
 
 
 
 
 
 
 
 
 
 
 
 
 
 
 
 
 
 
 
 
 
 
 
 
 
 
 
 
 
 
 
 
 
 
 
 
 
 
 
 
 
 
 
 
 
 
 
 
 
 
 
 
 
 
 
 
 
 
 
 
 
 
 
 
 
 
 
 
 
 
 
 
 
 
 
 
 
 
 
 
 
 
 
 
 
 
 
 
 
 
 
 
 
 
 
 
 
 
 
 
 
 
 
 
 
 
 
 
 
 
 
 
 
 
 
 
 
 
 
 
 
 
 
 
 
 
 
 
 
 
 
 
 
 
 
 
 
 
 
 
 
 
 
 
 
 
 
 
 
 
 
 
 
 
 
 
 
 
 
 
 
 
 
 
 
 
 
 
 
 
 
 
 
 
 
 
 
 
 
 
 
 
 
 
 
 
 
 
 
 
 
 
 
 
 
 
 
 
 
 
 
 
 
 
 
 
 
 
 
 
 
 
 
 
 
 
 
 
 
 
 
 
 
 
 
 
 
 
 
 
 
 
 
 
 
 
 
 
 
 
 
 
 
 
 
 
 
 
 
 
 
 
 
 
 
 
 
 
 
 
 
 
 
 
 
 
 
 
 
 
