0.0 0.0
0.01 2.33252403e-07
0.02 2.3277798e-07
0.03 2.32602807e-07
0.04 2.33431049e-07
0.05 2.37966587e-07
0.06 2.42643711e-07
0.07 2.41719658e-07
0.08 2.36360084e-07
0.09 2.27534764e-07
0.1 2.24701601e-07
0.11 2.26054821e-07
0.12 1.79187375e-07
0.13 1.38320581e-07
0.14 1.43879936e-07
0.15 1.43336043e-07
0.16 1.61525482e-07
0.17 1.17003554e-07
0.18 -7.928877e-09
0.19 2.1094531e-08
0.2 9.449329e-08
0.21 1.93988676e-07
0.22 3.55005698e-07
0.23 1.86092131e-07
0.24 -5.279476e-08
0.25 -5.932107e-09
0.26 -4.7486248e-08
0.27 -3.91589879e-07
0.28 -8.27561347e-07
0.29 -1.256204726e-06
0.3 -1.930528679e-06
0.31 -3.335829809e-06
0.32 -4.903669273e-06
0.33 -7.050044488e-06
0.34 -9.405168324e-06
0.35 -9.887508609e-06
0.36 -8.35109083e-06
0.37 -6.82023653e-06
0.38 -6.969529961e-06
0.39 -8.546590479e-06
0.4 -7.12007701e-06
0.41 -1.136211178e-06
0.42 5.296791093e-06
0.43 6.85917104e-06
0.44 6.07236403e-07
0.45 -1.3487489146e-05
0.46 -2.6370487466e-05
0.47 -2.9340627558e-05
0.48 -2.3669326422e-05
0.49 -1.2048064571e-05
0.5 2.436671791e-06
0.51 1.444684682e-05
0.52 1.5572165471e-05
0.53 -4.449970831e-06
0.54 -3.9630876658e-05
0.55 -6.4390120778e-05
0.56 -6.5168546155e-05
0.57 -5.3979021615e-05
0.58 -6.1361778876e-05
0.59 -9.54314522e-05
0.6 -0.000126418218335
0.61 -0.00011853533398
0.62 -6.2892443326e-05
0.63 9.226698273e-06
0.64 4.9895532526e-05
0.65 4.1390874505e-05
0.66 2.9228503648e-05
0.67 3.0039944845e-05
0.68 5.732437171e-06
0.69 -8.6831994089e-05
0.7 -0.000212537042798
0.71 -0.000270142737549
0.72 -0.000195053015634
0.73 -5.6827572792e-05
0.74 2.7911652923e-05
0.75 7.258266714e-06
0.76 -3.6481538767e-05
0.77 -2.8543941839e-05
0.78 -1.9684226646e-05
0.79 -8.1383445355e-05
0.8 -0.000187335046815
0.81 -0.000221712918045
0.82 -0.000113448878298
0.83 1.9018940204e-05
0.84 3.856444075e-06
0.85 -0.000174968427956
0.86 -0.000297174912642
0.87 -0.000232244078971
0.88 -8.2462051518e-05
0.89 1.2325027259e-05
0.9 7.644942636e-06
0.91 1.107620725e-06
0.92 7.4227634498e-05
0.93 0.000105100175124
0.94 -7.5095623482e-05
0.95 -0.000327555793241
0.96 -0.000375135147084
0.97 -0.000308530407059
0.98 -0.000353912571056
0.99 -0.000420933530396
1.0 -0.000419290947296
1.01 -0.000358488610683
1.02 -0.000241147306451
1.03 -6.8067097153e-05
1.04 7.0304286708e-05
1.05 0.000109652722676
1.06 8.9290273372e-05
1.07 1.7730685374e-05
1.08 -0.000208868932492
1.09 -0.000433356969684
1.1 -0.000366683321626
1.11 -0.000104384952445
1.12 7.0904381336e-05
1.13 0.000192146886459
1.14 0.000234898787944
1.15 -2.864436206e-05
1.16 -0.000339814292675
1.17 -0.000316416832046
1.18 -0.000144175167542
1.19 -0.000123081520884
1.2 -2.4095877604e-05
1.21 0.000269248484878
1.22 0.000438562658468
1.23 0.000385471149853
1.24 0.000212345358246
1.25 -0.000130800153333
1.26 -0.000528824685572
1.27 -0.000608871292683
1.28 -0.000263825411729
1.29 0.000139115496133
1.3 0.000249434376983
1.31 0.000178109766518
1.32 0.000275160271448
1.33 0.000612667865332
1.34 0.000828659155559
1.35 0.000646599781262
1.36 0.000336748043323
1.37 0.000330423803398
1.38 0.000487241592367
1.39 0.000429164491176
1.4 0.000143871055484
1.41 -0.000145604991089
1.42 -0.000172169851561
1.43 -2.8805325588e-05
1.44 0.000109938100243
1.45 -1.8179275816e-05
1.46 -0.000423544407696
1.47 -0.000740436286351
1.48 -0.00081105520344
1.49 -0.000914902770183
1.5 -0.001130604202903
1.51 -0.001226864904527
1.52 -0.001007421384601
1.53 -0.000254354467874
1.54 0.000584896678283
1.55 0.000369860048336
1.56 -0.00056796658475
1.57 -0.000960253300912
1.58 -0.000908616741886
1.59 -0.001024383388582
1.6 -0.001102020884201
1.61 -0.001151617140816
1.62 -0.000884081501761
1.63 -0.000195654655298
1.64 0.000341883279189
1.65 0.000237665044845
1.66 -0.000127478583691
1.67 -0.000108937821421
1.68 0.000409404844913
1.69 0.000566769226072
1.7 0.000175601567332
1.71 0.000239944409984
1.72 0.000632611047943
1.73 0.001022258606378
1.74 0.001006195076868
1.75 0.000409889652768
1.76 -0.000277159418892
1.77 -0.000823119495624
1.78 -0.000228841916861
1.79 0.000374786749316
1.8 0.00018002404414
1.81 -0.000315158413529
1.82 0.000224518556217
1.83 0.001568174450883
1.84 0.002452856041525
1.85 0.001614448552921
1.86 0.000238629579124
1.87 -0.000652029734306
1.88 -0.001195178713454
1.89 -0.001762226513592
1.9 -0.002179876006295
1.91 -0.002483267399503
1.92 -0.002017640511674
1.93 -0.000572617436243
1.94 0.000275954012306
1.95 0.0004174722288
1.96 0.000361224373663
1.97 0.000488982914659
1.98 -2.19214813e-07
1.99 -0.00061936980452
2.0 -0.000984156887933
2.01 -0.000852152671921
2.02 -0.000612353064206
2.03 3.3631825369e-05
2.04 0.000664851132548
2.05 0.00095425653368
2.06 0.001222185705402
2.07 0.001514197354524
2.08 0.001307944148193
2.09 0.000790528695075
2.1 0.000400480691222
2.11 0.00011283035487
2.12 2.7361478667e-05
2.13 0.000551605243689
2.14 0.00127643422146
2.15 0.001363321444021
2.16 0.000949326061794
2.17 0.000905843845302
2.18 0.001287874488473
2.19 0.001035319161654
2.2 1.3653176426e-05
2.21 -0.001179607910668
2.22 -0.002158226239055
2.23 -0.002176467331003
2.24 -0.001350317106093
2.25 -0.000854875877407
2.26 -0.001001901356905
2.27 -0.000427544296946
2.28 0.001238187728934
2.29 0.002279604625084
2.3 0.00062719630916
2.31 -0.001062831168581
2.32 -0.00195554347126
2.33 -0.001959860894279
2.34 -0.001716724660571
2.35 -0.001222780327568
2.36 -0.000943744703095
2.37 -0.000527555763376
2.38 0.00120832543649
2.39 0.001922372386216
2.4 0.00092691444728
2.41 -0.000513762925439
2.42 -0.000794673187968
2.43 -0.000733962029924
2.44 -0.000907954358701
2.45 -0.000448986205141
2.46 0.000500303385557
2.47 0.001433228596392
2.48 0.002276000967028
2.49 0.002430057231086
2.5 0.001842066591728
2.51 0.001019668248481
2.52 0.000567751677859
2.53 0.000117784428937
2.54 -0.000899587864583
2.55 -0.00189382332832
2.56 -0.0021431892655
2.57 -0.00187955721331
2.58 -0.001399399013497
2.59 -0.000813707223362
2.6 5.5822584189e-05
2.61 0.000809581042824
2.62 0.001459681281081
2.63 0.001515480422863
2.64 0.000159408164308
2.65 -0.000695407482294
2.66 -0.001075335698637
2.67 -0.001379297285778
2.68 -0.001760447246005
2.69 -0.001615290801064
2.7 -0.00113881550621
2.71 -0.000550725566692
2.72 0.000317609340594
2.73 0.0013060410122
2.74 0.002119518753492
2.75 0.00264393885186
2.76 0.003100885691313
2.77 0.003100320920992
2.78 0.002318888565229
2.79 0.001603206901786
2.8 0.00083389683285
2.81 -0.000774434725638
2.82 -0.002629149253234
2.83 -0.002975232181452
2.84 -0.002738405962067
2.85 -0.002245077004428
2.86 -0.002263127126049
2.87 -0.001815813790558
2.88 -0.001129214911623
2.89 -0.001372381659245
2.9 -0.001466917491965
2.91 -0.001640408846541
2.92 -0.000986066999828
2.93 0.001783847379411
2.94 0.002230574443243
2.95 0.000522051623348
2.96 0.001082786651144
2.97 0.001769925456972
2.98 0.000980574444475
2.99 0.000960743865404
3.0 0.000633744836084
3.01 -0.001162603604929
3.02 -0.005723640417908
3.03 -0.003644043083318
3.04 2.3615326523e-05
3.05 -0.000845581588688
3.06 -0.000827212142794
3.07 0.001280004709413
3.08 0.003409423320941
3.09 0.004565460268869
3.1 0.00277769812604
3.11 -0.001186760011347
3.12 -0.006045949946463
3.13 -0.00851851707513
3.14 -0.006937839659074
3.15 -0.005793776819835
3.16 -0.006115034237797
3.17 -0.005120354519777
3.18 -0.003498854264336
3.19 -0.002344967040389
3.2 -0.002658021331629
3.21 -0.003370944205869
3.22 -0.004928145743045
3.23 -0.006255179556935
3.24 -0.006215457493743
3.25 -0.005259778347836
3.26 -0.003277317323927
3.27 0.00265437458767
3.28 0.003826066094013
3.29 0.001550651257616
3.3 0.001085829377521
3.31 0.001637020120354
3.32 0.000378034399355
3.33 -0.002820756459149
3.34 -0.008758948233479
3.35 -0.007073285187957
3.36 0.000469161080985
3.37 0.002565330119882
3.38 0.002152232555854
3.39 0.002340773979678
3.4 -0.000219198834397
3.41 -0.002645453347025
3.42 -0.000879247380373
3.43 -0.003104194855188
3.44 -0.006665127414469
3.45 -0.008130567497373
3.46 -0.006173298171953
3.47 -0.003138458062602
3.48 -0.002359154160969
3.49 -0.00389488665538
3.5 -0.00428404936302
3.51 -0.000608159680037
3.52 0.001338259286662
3.53 0.001477929095992
3.54 0.001388974007377
3.55 0.000173691875154
3.56 -8.5546603791e-05
3.57 0.001021038269137
3.58 0.001098273794182
3.59 0.00126306370015
3.6 0.001866262596469
3.61 0.003426794022181
3.62 0.005546873117555
3.63 0.005946994012384
3.64 0.002483092537859
3.65 0.001774592755063
3.66 0.003776952042872
3.67 0.0044427998521
3.68 0.004231018670817
3.69 0.002420329931903
3.7 -0.000891528945152
3.71 -0.005152173696795
3.72 -0.005192987079892
3.73 -0.003361384015153
3.74 -0.004845089626635
3.75 -0.00627720575288
3.76 -0.004338202680081
3.77 -0.000481350772923
3.78 0.008508610086745
3.79 0.010132412791662
3.8 0.004683317738251
3.81 0.001132856712306
3.82 0.002327899033588
3.83 0.001516691346975
3.84 0.002449639165165
3.85 0.003483537920059
3.86 0.002318403310968
3.87 0.003014918931832
3.88 0.004031402567878
3.89 0.007431344122001
3.9 0.013624518675462
3.91 0.005636966896256
3.92 0.009781575669579
3.93 0.005815557448348
3.94 0.005154329681558
3.95 0.003775055898215
3.96 0.008409688691506
3.97 0.006328618400961
3.98 0.009194208464191
3.99 0.007145444729402
4.0 0.00845656252547
4.01 0.005508405572831
4.02 0.005214272110169
4.03 0.00072660447455
4.04 -0.003932735099002
4.05 -0.007002704040395
4.06 -0.003462565648825
4.07 -0.000643311692156
4.08 -0.001131001075172
4.09 -0.001587976276361
4.1 0.003749209643756
4.11 0.017859811786203
4.12 0.009044660554424
4.13 0.006654553042213
4.14 0.004801199682559
4.15 0.001802036598441
4.16 8.0667861307e-05
4.17 0.00159819745787
4.18 0.003234321798402
4.19 0.001297711956917
4.2 0.000576117582959
4.21 -0.004918784650653
4.22 0.00207760816289
4.23 0.000385561798103
4.24 0.001506337623234
4.25 0.0080357715069
4.26 0.010870311474511
4.27 0.012245547734469
4.28 0.01203606166021
4.29 0.008973718541683
4.3 0.005253303755496
4.31 -0.002673075448094
4.32 -0.010552894627142
4.33 -0.008310719986856
4.34 -0.004722735663921
4.35 -0.003937610700599
4.36 0.000539479437705
4.37 0.001568718697284
4.38 0.002385278924417
4.39 0.001428210998681
4.4 0.003255005112856
4.41 0.014404915754282
4.42 0.011534489277469
4.43 0.002587179887838
4.44 0.005962635484819
4.45 0.006815829958308
4.46 0.005277537004362
4.47 0.003576322014733
4.48 -0.000315698196761
4.49 -0.013305693606691
4.5 -0.007471262866954
4.51 -0.003324843957406
4.52 0.001859182764267
4.53 0.002829478534851
4.54 -0.002035972290906
4.55 0.001021593414917
4.56 0.004362100486097
4.57 0.01335954247209
4.58 0.018787132913217
4.59 0.007733706525744
4.6 0.003885181533015
4.61 0.004745121380982
4.62 0.008839479311316
4.63 0.003913811372477
4.64 0.003409905664231
4.65 0.001434621301904
4.66 0.000437743769577
4.67 -0.003781595834167
4.68 -0.003740464359538
4.69 0.001730538121393
4.7 -0.001306569303484
4.71 -0.001731111798301
4.72 0.001406241112873
4.73 0.001673084936219
4.74 0.001373652905859
4.75 0.00661215397321
4.76 0.021621397857088
4.77 0.01067598494104
4.78 0.009760948711496
4.79 0.005327434935502
4.8 0.007090043329653
4.81 0.005935941788673
4.82 0.003287675319837
4.83 0.001884337440678
4.84 0.000236429780344
4.85 0.004263819413396
4.86 0.006800138496024
4.87 0.014993747208551
4.88 0.011344100851793
4.89 0.008996431380246
4.9 0.001666935897998
4.91 0.00330179271867
4.92 0.005146793726515
4.93 0.003102448171465
4.94 0.002191771953455
4.95 0.000183909918332
4.96 -0.000383794756165
4.97 0.000394066882013
4.98 0.000638844355601
4.99 -0.000886047048043
5.0 -0.002492421344531
5.01 -0.005327106424609
5.02 -0.004588942318692
5.03 -0.001041754451573
5.04 0.01413259322078
5.05 0.007751343505704
5.06 0.009903706094465
5.07 0.014938281740949
5.08 0.007052587993454
5.09 0.009242251905141
5.1 0.009641074969144
5.11 0.0060463641486
5.12 0.006420052365245
5.13 0.00636547108416
5.14 0.005334458467676
5.15 0.007614574833708
5.16 0.010592144233386
5.17 0.011316630530418
5.18 0.007544596652357
5.19 0.008904146425661
5.2 0.012749421062101
5.21 0.010888594604222
5.22 0.012696757616628
5.23 0.009968404245117
5.24 0.009892775155167
5.25 0.009631256498527
5.26 0.009412605366171
5.27 0.007240956194348
5.28 0.007663578878246
5.29 0.010029527471949
5.3 0.004720599986313
5.31 0.008527994058136
5.32 0.004506887837837
5.33 0.007605325753387
5.34 0.00488752849114
5.35 0.010298045062139
5.36 0.005596333813859
5.37 0.008460512563616
5.38 0.007897239924046
5.39 0.007853150881453
5.4 0.008399323690217
5.41 0.00354910513792
5.42 0.003700126231593
5.43 0.001010972890999
5.44 -0.001784024971689
5.45 -0.000884691110901
5.46 0.000873797243074
5.47 0.001100880385183
5.48 0.001299473183662
5.49 0.00189023239772
5.5 0.002479964636619
5.51 0.001363228852513
5.52 -7.9838608781e-05
5.53 -0.001391664531082
5.54 -0.00402994496589
5.55 -0.006166717137594
5.56 -0.007945432452616
5.57 -0.009552479002311
5.58 -0.009623774555364
5.59 -0.009449420427013
5.6 -0.009624592864021
5.61 -0.009205042366969
5.62 -0.008750251247906
5.63 -0.009046479875347
5.64 -0.010491192434911
5.65 -0.011814398569765
5.66 -0.011329918995976
5.67 -0.011661061368762
5.68 -0.013285384806386
5.69 -0.013677706562305
5.7 -0.014170156249006
5.71 -0.01563072200841
5.72 -0.016236649439341
5.73 -0.016216655772521
5.74 -0.009277411163
5.75 -0.006932269485309
5.76 -0.011979492858139
5.77 -0.012179472274418
5.78 -0.011792115986918
5.79 -0.012502283049781
5.8 -0.012402527232575
5.81 -0.014275719684129
5.82 -0.01628665405114
5.83 -0.014458536898344
5.84 -0.012288285125294
5.85 -0.007872642651638
5.86 -0.006393564966414
5.87 -0.009615841239227
5.88 -0.011969985003671
5.89 -0.010972369368757
5.9 -0.013795185400043
5.91 -0.013144242930036
5.92 -0.018053320179007
5.93 -0.017439124504924
5.94 -0.017442026623152
5.95 -0.016782626956759
5.96 -0.015532548326025
5.97 -0.015542167071042
5.98 -0.013614861713103
5.99 -0.016041479317089
6.0 -0.015204700476965
6.01 -0.016476373147167
6.02 -0.017795789934847
6.03 -0.015896703410715
6.04 -0.013485313346044
6.05 -0.016930166046193
6.06 -0.01563506502029
6.07 -0.017975701114852
6.08 -0.0143041642954
6.09 -0.015022361343297
6.1 -0.014553530781529
6.11 -0.016307731592172
6.12 -0.016182806700801
6.13 -0.015897653291891
6.14 -0.012169995034048
6.15 -0.015288794174304
6.16 -0.010776348294028
6.17 -0.009353319415831
6.18 -0.00711005493378
6.19 -0.007312857859284
6.2 -0.007909433184304
6.21 -0.008811253334516
6.22 -0.010527668608149
6.23 -0.010392971171373
6.24 -0.009247641000293
6.25 -0.009144537532833
6.26 -0.008983895638246
6.27 -0.008242904044428
6.28 -0.008759804324151
6.29 -0.010518946954577
6.3 -0.011895897833699
6.31 -0.010337064223051
6.32 -0.009028142892904
6.33 -0.008692589347446
6.34 -0.007137882933472
6.35 -0.007826289180329
6.36 -0.010075714160293
6.37 -0.009000101810501
6.38 -0.008063356838636
6.39 -0.008689878050967
6.4 -0.010644119891836
6.41 -0.008526598363811
6.42 -0.010204525701706
6.43 -0.007929403435119
6.44 -0.006080958243503
6.45 -0.005387853162722
6.46 -0.004296350532469
6.47 -0.004642166849138
6.48 -0.003925314604806
6.49 2.1864885517e-05
6.5 0.001205826322065
6.51 -0.000249804411674
6.52 -0.001753516977321
6.53 -0.001590836806278
6.54 0.000642270119425
6.55 0.002579641569927
6.56 0.002736281990559
6.57 0.00153448099995
6.58 0.001801505106897
6.59 0.002981629524519
6.6 0.003975195657654
6.61 0.006050013677064
6.62 0.007950879259764
6.63 0.007266958227842
6.64 0.006217998120209
6.65 0.005702722876604
6.66 0.005383159424821
6.67 0.004999154894423
6.68 0.004518929164845
6.69 0.005376102547079
6.7 0.005471874372308
6.71 0.007079544318372
6.72 0.00650991053275
6.73 0.009137932752391
6.74 0.006435760525271
6.75 0.006833125614118
6.76 0.006720293933846
6.77 0.00708569774123
6.78 0.0078331441103
6.79 0.007810880455487
6.8 0.006220024191303
6.81 0.006666558311175
6.82 0.007049960267789
6.83 0.009099639335106
6.84 0.010246699166105
6.85 0.008972453267969
6.86 0.007967920924004
6.87 0.008578670514268
6.88 0.010556574688731
6.89 0.013216916492976
6.9 0.011618689621243
6.91 0.011659710192571
6.92 0.012045627193572
6.93 0.014355525066266
6.94 0.015273537239016
6.95 0.015268704660187
6.96 0.014761558803769
6.97 0.014445667716846
6.98 0.016167738235118
6.99 0.015828643838922
7.0 0.016439283397889
7.01 0.013892739923098
7.02 0.016562432637049
7.03 0.016722510182778
7.04 0.01963034828632
7.05 0.019478903640608
7.06 0.020438669321072
7.07 0.018858435313036
7.08 0.017666581283969
7.09 0.016776472364428
7.1 0.014643938502856
7.11 0.012065815348223
7.12 0.010949542141962
7.13 0.010533640631527
7.14 0.009070002971646
7.15 0.010585623318936
7.16 0.009603982675146
7.17 0.00865772015954
7.18 0.006730038140687
7.19 0.005934085460946
7.2 0.007423317088187
7.21 0.005344971325819
7.22 0.005193349845442
7.23 0.004624872135995
7.24 0.003009118079996
7.25 0.003518443132184
7.26 0.005541726492794
7.27 -0.002184464039668
7.28 -0.001017661773128
7.29 0.001656172100883
7.3 -0.000861526020199
7.31 -0.003535824446195
7.32 -0.002656708127594
7.33 -0.003636833013154
7.34 -0.005940700484418
7.35 -0.003806382305791
7.36 -0.00099472209224
7.37 -0.002063852679768
7.38 -0.003786781186697
7.39 0.00040931237899
7.4 0.00498889470629
7.41 0.001228288653716
7.42 0.001170410290967
7.43 0.011996061308471
7.44 0.005167269937976
7.45 0.006966975263111
7.46 0.004336451542027
7.47 0.013272079042182
7.48 0.01222346788326
7.49 0.011440134819549
7.5 0.013139077999603
7.51 0.015699787933156
7.52 0.016349222790882
7.53 0.016160238930674
7.54 0.018335618848361
7.55 0.013840226853629
7.56 0.006147156769944
7.57 0.010708515809006
7.58 0.015714204177227
7.59 0.009752776800815
7.6 0.014950076204933
7.61 0.010384311896611
7.62 0.008501986557946
7.63 0.01152152148626
7.64 0.011933362913444
7.65 0.011927432008798
7.66 0.011096013738911
7.67 0.007315207580713
7.68 0.001656725001027
7.69 -0.002143823577461
7.7 1.777164562e-05
7.71 0.004338435314203
7.72 0.004208251618874
7.73 0.000270881472165
7.74 -0.004368253128426
7.75 -0.01266525466531
7.76 -0.000702493161441
7.77 -0.00973520855222
7.78 -0.006443344013592
7.79 -0.014020810459609
7.8 -0.008595485054914
7.81 -0.020611153418796
7.82 -0.016093869257083
7.83 -0.01974225917721
7.84 -0.018533776381459
7.85 -0.016464484381351
7.86 -0.013882065648247
7.87 -0.011337601350563
7.88 -0.011592707664594
7.89 -0.011110369180081
7.9 -0.016552313127913
7.91 -0.015277991510523
7.92 -0.016877862150706
7.93 -0.019897964692798
7.94 -0.019000593960047
7.95 -0.017281225398784
7.96 -0.014945548297274
7.97 -0.013549279526023
7.98 -0.009461079061765
7.99 -0.008955927242883
8.0 -0.012266327041706
8.01 -0.010976344261855
8.02 -0.009719262889184
8.03 -0.01065934342901
8.04 -0.010816717473674
8.05 -0.010600488847081
8.06 -0.012467733888453
8.07 -0.013780513995815
8.08 -0.011618507726277
8.09 -0.010421283525506
8.1 -0.00961385027906
8.11 -0.008412590983986
8.12 -0.004486185447611
8.13 -0.013183414345853
8.14 -0.016152722013195
8.15 -0.011413861109288
8.16 -0.014167713478506
8.17 -0.011489367266081
8.18 -0.010723625441026
8.19 -0.008851358118652
8.2 -0.008319603654047
8.21 -0.008732345275412
8.22 -0.009717794965505
8.23 -0.011089596903308
8.24 -0.010756292805018
8.25 -0.010713590448281
8.26 -0.011594203958511
8.27 -0.009618162196874
8.28 -0.005494670782857
8.29 -0.001624862567936
8.3 -0.000240219975787
8.31 0.001288104836782
8.32 0.001411739719953
8.33 0.001158897631953
8.34 0.001265303281903
8.35 0.001864148174511
8.36 0.004009863663828
8.37 0.004433847816514
8.38 -0.000351652386289
8.39 0.002343916682214
8.4 0.001658468475331
8.41 -7.7119971899e-05
8.42 -0.000195055438473
8.43 0.000278211555213
8.44 0.000306419454718
8.45 0.001344854278053
8.46 0.002986044728046
8.47 0.003961843722886
8.48 0.004791173628619
8.49 0.000208598159555
8.5 -0.001549458705272
8.51 -0.000258756995079
8.52 0.001118592852284
8.53 0.000608914136888
8.54 -0.000618757141494
8.55 -0.010011655094727
8.56 -0.018979718962515
8.57 -0.006462336763188
8.58 -0.018127855884914
8.59 -0.009119659809411
8.6 -0.022503971561017
8.61 -0.012951933775417
8.62 -0.014517017367317
8.63 -0.018122185695447
8.64 -0.014763302811655
8.65 -0.019330669129756
8.66 -0.021874607863513
8.67 -0.027569302423222
8.68 -0.02062063762664
8.69 -0.027971574189119
8.7 -0.025401693354916
8.71 -0.019818630047279
8.72 -0.01948057414245
8.73 -0.012650899028424
8.74 -0.010362852327108
8.75 -0.011228458674612
8.76 -0.012229347863406
8.77 -0.015139795910942
8.78 -0.01531868622789
8.79 -0.013127629016531
8.8 -0.012474111788602
8.81 -0.012115482835141
8.82 -0.010727511565276
8.83 -0.010106849502215
8.84 -0.010698710113711
8.85 -0.009044060942193
8.86 -0.003979254170581
8.87 0.000383569720353
8.88 0.001995682564208
8.89 0.002524354126313
8.9 0.006351908595815
8.91 0.002963383773699
8.92 0.009275257877372
8.93 0.010512917315123
8.94 0.012991415889695
8.95 0.016009364248497
8.96 0.013045181084037
8.97 0.01475360869898
8.98 0.016043033912612
8.99 0.015058576268453
9.0 0.015918099232186
9.01 0.013983327375389
9.02 0.010742247921044
9.03 0.012130527127162
9.04 0.01255936466437
9.05 0.009924273715971
9.06 0.010167434905714
9.07 0.010367583659363
9.08 0.009393122095534
9.09 0.010113708706242
9.1 0.01024421018276
9.11 0.009379825851441
9.12 0.009572302775086
9.13 0.009902443955199
9.14 0.009488768526389
9.15 0.008504293323039
9.16 0.006321279778994
9.17 0.002717203217514
9.18 -0.001390878232248
9.19 -0.005215471601108
9.2 -0.007260964129574
9.21 -0.006392556175195
9.22 -0.007969057575455
9.23 -0.010447376861466
9.24 -0.011346916492539
9.25 -0.011521936011616
9.26 -0.010872988339665
9.27 -0.011257774089076
9.28 -0.011720020866417
9.29 -0.002400907151309
9.3 -0.013342624513806
9.31 -0.00690622450275
9.32 -0.002408538360691
9.33 -0.007634566854506
9.34 -0.00700840132584
9.35 -0.012358473137313
9.36 -0.014906088735925
9.37 -0.014724716535942
9.38 -0.017009642089327
9.39 -0.017542118339251
9.4 -0.01550051236592
9.41 -0.012929814757474
9.42 -0.009941492722934
9.43 -0.010375581159022
9.44 -0.013600832798302
9.45 -0.014422776313539
9.46 -0.008676123983759
9.47 -0.004096934858743
9.48 -0.006242958514861
9.49 -0.008175016725113
9.5 -0.008299870052544
9.51 -0.008674376257894
9.52 -0.007164612223179
9.53 -0.006533126182283
9.54 -0.004506624272379
9.55 -0.002843861016566
9.56 -0.002494492607491
9.57 0.000842665049604
9.58 0.00196941661373
9.59 -0.000768248167001
9.6 0.004303160533638
9.61 0.007076333569953
9.62 0.001818711647343
9.63 0.010191214897856
9.64 0.006585101959
9.65 0.003454873993915
9.66 -0.002565359245206
9.67 0.001653844649897
9.68 0.006413282929427
9.69 0.005846907302246
9.7 0.004493713153766
9.71 0.005344697844518
9.72 0.005135302056974
9.73 0.005973034074378
9.74 0.007628358733665
9.75 0.009036620341312
9.76 0.00921845297451
9.77 0.008828389092979
9.78 0.008397396277597
9.79 0.006126695665335
9.8 0.003280548237107
9.81 0.003219401822835
9.82 0.004760764293533
9.83 0.003803259634403
9.84 0.000188077871157
9.85 -0.003561119794162
9.86 -0.003012165441345
9.87 -0.000341520376324
9.88 0.000980473704305
9.89 -3.9518671584e-05
9.9 -0.008600264585439
9.91 -0.005949643080459
9.92 -0.006280533859499
9.93 -0.012109306108909
9.94 -0.007160025743485
9.95 -0.017579336209331
9.96 -0.011031462074876
9.97 -0.017801341936465
9.98 -0.01301078774038
9.99 -0.015039390255317
10.0 -0.005495975788288
10.01 -0.015980326812737
10.02 -0.011559607132823
10.03 -0.009164023870496
10.04 -0.012049605162359
10.05 -0.005486098334188
10.06 -0.007043509672016
10.07 -0.006882747889102
10.08 -0.009971746008081
10.09 -0.011570149335358
10.1 -0.010920404154703
10.11 -0.008800886803072
10.12 -0.00358667619467
10.13 -0.001961080284048
10.14 -0.008551850475193
10.15 -0.010988661666986
10.16 -0.005319287728972
10.17 -0.001755982583531
10.18 0.009236025077441
10.19 0.013833956253888
10.2 0.003405529285354
10.21 0.013625944427832
10.22 0.010399159927759
10.23 0.015322265618628
10.24 0.012584164700623
10.25 0.016519501618785
10.26 0.018014790181621
10.27 0.01792374218485
10.28 0.013584072642046
10.29 0.007441218473319
10.3 0.01592627438822
10.31 0.013406719902829
10.32 0.010468053146642
10.33 0.015838942285107
10.34 0.017801775702422
10.35 0.019612907308731
10.36 0.017462044197756
10.37 0.019565154011334
10.38 0.020495406634292
10.39 0.01862047406154
10.4 0.011517990409987
10.41 0.010115667019719
10.42 0.016443809991121
10.43 0.011801308160851
10.44 0.01023568170073
10.45 0.015787796862991
10.46 0.01189938854137
10.47 -0.001811051656543
10.48 0.009174554324744
10.49 0.002607015845236
10.5 0.002779016625654
10.51 0.00567925838955
10.52 0.003177217529282
10.53 0.000737179675114
10.54 0.002101426026953
10.55 -0.001577645918625
10.56 0.001443131205547
10.57 -0.002302174103372
10.58 0.000956935086999
10.59 0.007888959524808
10.6 0.002476522772732
10.61 0.008012285824652
10.62 0.006150887298832
10.63 0.00332634963163
10.64 0.003453233602944
10.65 0.000747825221227
10.66 0.002450026464324
10.67 0.001404951987785
10.68 0.000308171849542
10.69 0.003685563073196
10.7 0.005618795814995
10.71 0.006547883885916
10.72 0.006727937381596
10.73 0.004306612764848
10.74 0.003387332411529
10.75 0.003784922897195
10.76 0.002776976646668
10.77 0.000647373313327
10.78 0.005475063442675
10.79 0.002276037181494
10.8 0.005797017022387
10.81 0.002957126460665
10.82 0.005814256364721
10.83 0.004186077962831
10.84 0.005478971335209
10.85 0.003439355427538
10.86 0.003818408811075
10.87 0.001753626483359
10.88 -0.003008709818434
10.89 -1.671128503e-05
10.9 0.001420577563515
10.91 -5.7592065327e-05
10.92 0.00152210541916
10.93 -0.000272320040888
10.94 -0.003344673139818
10.95 -0.006523350884819
10.96 -0.010388969929045
10.97 -0.007494005016772
10.98 -0.008143540869933
10.99 -0.008279692196305
11.0 -0.006707666137234
11.01 -0.005984243594329
11.02 -0.005132426417781
11.03 -0.006731631247488
11.04 -0.005677036880908
11.05 -0.003258070548782
11.06 -0.007232052511683
11.07 -0.009611506066122
11.08 -0.004766460367328
11.09 -0.002871729497169
11.1 -0.004981329182697
11.11 -0.003436478319916
11.12 -0.001007399490151
11.13 -0.001814441800585
11.14 -0.002465271322582
11.15 -0.001359885354722
11.16 -0.000886879945744
11.17 -7.3872425592e-05
11.18 0.002448512013432
11.19 0.00323040942625
11.2 0.000887326968811
11.21 -0.001632707620712
11.22 0.000792328772735
11.23 0.003251421595875
11.24 0.004591856880994
11.25 0.006857095617506
11.26 0.007052476496272
11.27 0.007589366917814
11.28 0.008743027611993
11.29 0.009716965085987
11.3 0.010473951201296
11.31 0.010615461309305
11.32 0.009502605491626
11.33 0.007783728045102
11.34 0.006306737391637
11.35 0.005051705444926
11.36 0.003719574852933
11.37 0.002098345955399
11.38 -0.003434955491919
11.39 -0.001435174654844
11.4 3.02088038e-05
11.41 0.000517575091224
11.42 0.001700735984898
11.43 0.004523830461733
11.44 0.007388189805703
11.45 0.005965455546845
11.46 0.003793102677353
11.47 0.002145301786704
11.48 0.002829741830763
11.49 0.00042908284416
11.5 -0.001678771248531
11.51 0.000529069728564
11.52 -0.000310665350873
11.53 -0.000504027456746
11.54 0.000914156860982
11.55 0.001534105734587
11.56 0.002018909331512
11.57 0.00307063249288
11.58 0.003537446808482
11.59 0.00204747674284
11.6 0.000127629000163
11.61 -0.000725732634728
11.62 0.00119491465356
11.63 0.004288059399164
11.64 0.00665294591038
11.65 0.006688119798833
11.66 0.004965483559162
11.67 0.003902376385558
11.68 0.00566054281708
11.69 0.015234280825616
11.7 0.009320995938702
11.71 0.01158479497616
11.72 0.010006599887575
11.73 0.013801252135824
11.74 0.013493257962095
11.75 0.012510750577704
11.76 0.01708777611398
11.77 0.016629437217542
11.78 0.018097967486145
11.79 0.017716259272024
11.8 0.021033645371941
11.81 0.01928658889559
11.82 0.019733304778565
11.83 0.019025863096938
11.84 0.021029140085868
11.85 0.020014583884969
11.86 0.02042841970539
11.87 0.022522407258124
11.88 0.021623191705116
11.89 0.022012177672784
11.9 0.024056246748308
11.91 0.023527728960299
11.92 0.022220048681061
11.93 0.022075717904081
11.94 0.019750388428767
11.95 0.018778656474872
11.96 0.019249288237663
11.97 0.019650345208411
11.98 0.020285094115616
11.99 0.020480541751255
12.0 0.019958649035729
12.01 0.018356803424198
12.02 0.015573130319532
12.03 0.014815155707055
12.04 0.016682185026752
12.05 0.016419415111196
12.06 0.012629970286388
12.07 0.014842413034976
12.08 0.010251018774732
12.09 0.011964564351505
12.1 0.008156173324566
12.11 0.010189423517863
12.12 0.009278160349257
12.13 0.01194620072717
12.14 0.016081073139514
12.15 0.013757522909734
12.16 0.013163038250368
12.17 0.012241733289279
12.18 0.010307404105248
12.19 0.009808434972979
12.2 0.010181132354329
12.21 0.00989431227528
12.22 0.007946912178406
12.23 0.007786091875414
12.24 0.008466407564578
12.25 0.00938494603319
12.26 0.010394659975893
12.27 0.008986477562418
12.28 0.007225709667306
12.29 0.007423315408462
12.3 0.007859036074979
12.31 0.005571684882441
12.32 0.003190205922367
12.33 0.004191501967282
12.34 0.006090589738213
12.35 0.006076057152829
12.36 0.005178215137202
12.37 0.008800667273117
12.38 0.007160076829785
12.39 0.009661872730876
12.4 0.009407625864173
12.41 0.010582677892573
12.42 0.010614294779559
12.43 0.008683448015278
12.44 0.008596796371951
12.45 0.00608789235483
12.46 0.005017489155899
12.47 0.007731300443701
12.48 0.007124245370424
12.49 0.006856640169405
12.5 0.010025740377772
12.51 0.006634801000353
12.52 0.012327038809748
12.53 0.00952966896263
12.54 0.008326950838629
12.55 0.004624509729044
12.56 0.001325504055431
12.57 0.000967212836595
12.58 0.001109690686209
12.59 0.002828946331052
12.6 0.003956304115315
12.61 0.003501455559743
12.62 0.004201528936529
12.63 0.005510218729363
12.64 0.004731455199239
12.65 0.003531813221336
12.66 0.003049643309744
12.67 0.001715354524092
12.68 -0.000167682411826
12.69 -0.000809967506813
12.7 -0.000863807850619
12.71 -0.000476126409297
12.72 0.000941084282937
12.73 0.001991625614385
12.74 0.00122373008007
12.75 -0.000446672696644
12.76 -0.001906605523226
12.77 -0.002708970081896
12.78 -0.002759806129377
12.79 -0.004198247710166
12.8 -0.004802494820798
12.81 -0.004900026418376
12.82 -0.004822224571899
12.83 -0.003994530997478
12.84 -0.003786341494209
12.85 -0.004350843575523
12.86 -0.003907100146999
12.87 -0.00397115086785
12.88 -0.005311702189745
12.89 -0.006292045986133
12.9 -0.006794561393235
12.91 -0.006908806810711
12.92 -0.007036552241569
12.93 -0.006372753978782
12.94 -0.00749136523135
12.95 -0.005682565605419
12.96 -0.00052689524689
12.97 0.001064732205348
12.98 0.000419754971561
12.99 -0.001633681182069
13.0 -0.000910052740315
13.01 0.000432804997864
13.02 -0.000279052146039
13.03 -0.001468960231051
13.04 -0.002194756101181
13.05 -0.002739628448225
13.06 -0.004494069426955
13.07 -0.002747893029308
13.08 0.002252648664297
13.09 -0.000352452677076
13.1 0.001305703026263
13.11 0.001605794467817
13.12 0.003357807984609
13.13 0.003365511606967
13.14 0.001451812114628
13.15 0.000728260466444
13.16 -0.001757572380701
13.17 -0.004182985541309
13.18 -0.004815109640215
13.19 -0.002986957719236
13.2 -0.002168575736475
13.21 -0.00265841557887
13.22 -0.003615379813896
13.23 -0.004449298475115
13.24 -0.004267592930813
13.25 -0.005008780570405
13.26 -0.006118596410321
13.27 -0.005845607766626
13.28 -0.006343709388115
13.29 -0.006907605502489
13.3 -0.007536773786635
13.31 -0.007660524331256
13.32 -0.00552573881082
13.33 -0.005871599359214
13.34 -0.005555999666544
13.35 -0.006862002188754
13.36 -0.007833966296499
13.37 -0.007070833613643
13.38 -0.008382683608106
13.39 -0.007882609774778
13.4 -0.008129088318498
13.41 -0.007425451848447
13.42 -0.007332843998657
13.43 -0.006778993759423
13.44 -0.005739836427207
13.45 -0.005774162826287
13.46 -0.006440037901344
13.47 -0.006045124153183
13.48 -0.006363408980286
13.49 -0.005726597994382
13.5 -0.005654948618845
13.51 -0.006814445769709
13.52 -0.006901173628681
13.53 -0.006581928817013
13.54 -0.006756696916228
13.55 -0.007084250300433
13.56 -0.006691678158031
13.57 -0.007141703785014
13.58 -0.006862966359246
13.59 -0.005707024268006
13.6 -0.004495266357437
13.61 -0.005472542641437
13.62 -0.006868461462446
13.63 -0.007444471892505
13.64 -0.007414220424425
13.65 -0.00826703181726
13.66 -0.009833933954322
13.67 -0.010123372971297
13.68 -0.0102949485731
13.69 -0.009979946668399
13.7 -0.009288389125754
13.71 -0.008326684434001
13.72 -0.008947017437318
13.73 -0.01017654492425
13.74 -0.010892510566089
13.75 -0.009130291292709
13.76 -0.010176824409875
13.77 -0.010248775819764
13.78 -0.011524044680873
13.79 -0.011660294186434
13.8 -0.011964159670097
13.81 -0.011097710104213
13.82 -0.010955311583019
13.83 -0.011191786411864
13.84 -0.011741193265347
13.85 -0.010569576231309
13.86 -0.009513865292674
13.87 -0.009356016155123
13.88 -0.009169916510051
13.89 -0.009590056191401
13.9 -0.009917849271868
13.91 -0.009573562049216
13.92 -0.007523253696097
13.93 -0.007767583860222
13.94 -0.008078608161203
13.95 -0.007137035996834
13.96 -0.007670539935542
13.97 -0.007959777463942
13.98 -0.007232794094495
13.99 -0.006512521544513
14.0 -0.006974310438877
14.01 -0.006656471325735
14.02 -0.006539949956426
14.03 -0.007063719229935
14.04 -0.007206044960795
14.05 -0.005972313081294
14.06 -0.004894467995138
14.07 -0.004860179140088
14.08 -0.004952657698431
14.09 -0.005382419725465
14.1 -0.006526866325395
14.11 -0.006873826554831
14.12 -0.005870113231441
14.13 -0.005305968287862
14.14 -0.005868404338833
14.15 -0.006479308310954
14.16 -0.006542320549848
14.17 -0.007267996214472
14.18 -0.007302876279893
14.19 -0.006415561490016
14.2 -0.006816240613234
14.21 -0.006104133158588
14.22 -0.00585933023618
14.23 -0.006070592407993
14.24 -0.006025911917883
14.25 -0.00623589060568
14.26 -0.006179031971683
14.27 -0.005976401234209
14.28 -0.006551439876403
14.29 -0.00654442680028
14.3 -0.005473459083736
14.31 -0.001351881725903
14.32 0.001616975492437
14.33 0.000491920946193
14.34 -0.001393474479014
14.35 -0.001128371976487
14.36 3.085803562e-05
14.37 -0.000434293039014
14.38 -0.001827189696872
14.39 -0.001933574937732
14.4 -0.000842137744746
14.41 -0.001024345472973
14.42 -0.001447211070009
14.43 -0.001267663834601
14.44 -0.003646488310498
14.45 -0.004389139345787
14.46 -0.004522687147344
14.47 -0.003685554776793
14.48 -0.002712357202642
14.49 -0.002809542935714
14.5 -0.001940314603412
14.51 -0.001942164060867
14.52 -0.001413877842656
14.53 -0.001814910373109
14.54 -0.00497969232939
14.55 -0.005132787337225
14.56 -0.005204110477465
14.57 -0.005990614414662
14.58 -0.006676899927056
14.59 -0.007010063812674
14.6 -0.008111478692837
14.61 -0.007709578251847
14.62 -0.007405847001163
14.63 -0.008457959879369
14.64 -0.008434477556567
14.65 -0.009888259213617
14.66 -0.015457705096176
14.67 -0.013406819209507
14.68 -0.011304849487585
14.69 -0.012950986741907
14.7 -0.013171721663929
14.71 -0.01264576713271
14.72 -0.013175908666206
14.73 -0.01200868307211
14.74 -0.01197440570915
14.75 -0.012002703267563
14.76 -0.013476130867398
14.77 -0.017877270791954
14.78 -0.017398883338738
14.79 -0.013558489487009
14.8 -0.014574070711875
14.81 -0.012541981893964
14.82 -0.014160534434636
14.83 -0.013829847013572
14.84 -0.012929158534045
14.85 -0.012882105353133
14.86 -0.012040031438377
14.87 -0.013790392910208
14.88 -0.011518811614187
14.89 -0.013054420432418
14.9 -0.01256616885816
14.91 -0.010248792106029
14.92 -0.010373368266857
14.93 -0.009108898582978
14.94 -0.009368346910616
14.95 -0.009070968478867
14.96 -0.007426477931158
14.97 -0.008393783954687
14.98 -0.00890094858936
14.99 -0.008261146681689
15.0 -0.007770025143694
15.01 -0.007992728089851
15.02 -0.008727201915838
15.03 -0.009272809600712
15.04 -0.009087470582202
15.05 -0.008374191126068
15.06 -0.008003526926283
15.07 -0.008649219938106
15.08 -0.009159071543961
15.09 -0.008675687140322
15.1 -0.008143332345256
15.11 -0.008153907947853
15.12 -0.008474501082777
15.13 -0.008611610014767
15.14 -0.008517163571466
15.15 -0.009552401293799
15.16 -0.009219334976133
15.17 -0.009276607296954
15.18 -0.008780682670083
15.19 -0.00889100617505
15.2 -0.008675903969389
15.21 -0.00940199387489
15.22 -0.009191791728186
15.23 -0.008181845888347
15.24 -0.008822553593795
15.25 -0.008243294702303
15.26 -0.007553965821813
15.27 -0.004898011882461
15.28 -0.002421093006159
15.29 -0.002872560872809
15.3 -0.004022888856502
15.31 -0.003957473047885
15.32 -0.003702061531821
15.33 -0.003594398522505
15.34 -0.00350501545801
15.35 -0.004074357941827
15.36 -0.003606339761067
15.37 -0.001713767902418
15.38 -0.000200318274599
15.39 0.001938321776114
15.4 0.001257530356139
15.41 -0.000852452469238
15.42 -0.002908342041454
15.43 -0.004878647072644
15.44 -0.00509575574892
15.45 -0.004843919489927
15.46 -0.005545988630005
15.47 -0.005130362557311
15.48 -0.004267694433437
15.49 -0.003961451158087
15.5 -0.003899318593584
15.51 -0.003918471534477
15.52 -0.006074457630608
15.53 -0.00666933833629
15.54 -0.00419303004792
15.55 -0.004049971371611
15.56 -0.005007829145754
15.57 -0.003010369490404
15.58 0.002439506072392
15.59 0.002551228924358
15.6 1.1886650523e-05
15.61 0.001801663306946
15.62 0.00139440983191
15.63 0.000803484709221
15.64 0.0006742938927
15.65 0.000814634227087
15.66 0.000990045638558
15.67 0.000408974505156
15.68 0.003903939851936
15.69 0.010367696729833
15.7 0.006923464778146
15.71 0.006709383109294
15.72 0.006438361743568
15.73 0.006883060147859
15.74 0.00604437768863
15.75 0.00572418652886
15.76 0.006861636183783
15.77 0.00638449697022
15.78 0.00493690078752
15.79 0.007438673758295
15.8 0.008443651094995
15.81 0.005827709192464
15.82 0.007031556586145
15.83 0.005869309985683
15.84 0.003585314427982
15.85 0.005846593837771
15.86 0.002088277267056
15.87 0.002840569051173
15.88 0.003111589394951
15.89 0.002328683709804
15.9 0.003298444017058
15.91 0.00280069933628
15.92 0.002184667327581
15.93 0.002711283919427
15.94 0.003923072205271
15.95 0.004118072077368
15.96 0.004169519458086
15.97 0.003902334782303
15.98 0.003266952947766
15.99 0.002721171527322
16.0 0.0030119858255
16.01 0.003043021115018
16.02 0.001925306391532
16.03 0.001580257216446
16.04 0.002462459502464
16.05 0.003664290471785
16.06 0.003836248296824
16.07 0.002463931170474
16.08 0.002042167719998
16.09 0.002258222511089
16.1 0.001735106039826
16.11 0.006910032540563
16.12 0.00395211673556
16.13 0.005708226737638
16.14 0.006256378141406
16.15 0.006424573480131
16.16 0.006182704915277
16.17 0.006011120034448
16.18 0.006254099162679
16.19 0.005609227020938
16.2 0.004492099179056
16.21 0.005688006063425
16.22 0.003028560327319
16.23 0.005870414858393
16.24 0.005401233766375
16.25 0.004812457577032
16.26 0.001581615748426
16.27 0.000506675795894
16.28 0.001211423520092
16.29 0.00266581516773
16.3 0.001935320486452
16.31 0.002178035864215
16.32 0.004424050770307
16.33 0.007557249569888
16.34 0.01446160335562
16.35 0.010680434188332
16.36 0.007429834300994
16.37 0.006749746041866
16.38 0.007653736630735
16.39 0.006611400081985
16.4 0.005351907924173
16.41 0.003299810840555
16.42 0.004743532506804
16.43 0.005684282656407
16.44 0.007095408290752
16.45 0.012981268758147
16.46 0.011030528316856
16.47 0.009521650340271
16.48 0.011404864618623
16.49 0.012587162623675
16.5 0.011453936905114
16.51 0.008687172652462
16.52 0.007325945280959
16.53 0.009388299103947
16.54 0.01051684928406
16.55 0.007479901270216
16.56 0.009086254176168
16.57 0.008961519474542
16.58 0.007107154381113
16.59 0.007838150690428
16.6 0.00848545035681
16.61 0.00709707596834
16.62 0.006570305426388
16.63 0.00477811856415
16.64 0.006212800172026
16.65 0.006141442049189
16.66 0.005101201692345
16.67 0.006424537288485
16.68 0.007564546119274
16.69 0.006288077713909
16.7 0.005798292473833
16.71 0.005734835242573
16.72 0.005154279818558
16.73 0.005745000296756
16.74 0.005287016544367
16.75 0.004719021578731
16.76 0.004091486328905
16.77 0.003201649110127
16.78 0.003819813525429
16.79 0.004339630330041
16.8 0.004457496620899
16.81 0.004342377422782
16.82 0.004427580620532
16.83 0.004364578060073
16.84 0.004092337063219
16.85 0.005069576097912
16.86 0.005111635133048
16.87 0.00533759617657
16.88 0.005292505233011
16.89 0.004173689932958
16.9 0.005057708974763
16.91 0.005482447655603
16.92 0.005751296446506
16.93 0.005917861734528
16.94 0.005523901988335
16.95 0.006775170223454
16.96 0.005602399087513
16.97 0.004604035910499
16.98 0.005146263003066
16.99 0.004475416277094
17.0 0.00308931566145
17.01 -0.000360756170911
17.02 -0.001171830713468
17.03 -0.000551856398708
17.04 0.001214265851229
17.05 0.002021209524293
17.06 0.000625306192862
17.07 0.000898332722967
17.08 0.002225878300582
17.09 0.003094056022811
17.1 0.002946127318561
17.11 0.002367875921143
17.12 0.002692357153584
17.13 0.0052029395547
17.14 0.003024506345445
17.15 0.003264384314356
17.16 0.006769915085184
17.17 0.003793895176124
17.18 0.002298931427632
17.19 0.002463475389424
17.2 0.002950208370579
17.21 0.003994772588993
17.22 0.004610578506145
17.23 0.006012740991734
17.24 0.008566690199478
17.25 0.008405957079593
17.26 0.007823546414586
17.27 0.006715989805182
17.28 0.006921089939219
17.29 0.004688814811812
17.3 0.005247700523371
17.31 0.006666314901134
17.32 0.003883411945867
17.33 0.003242879782693
17.34 0.003211892684148
17.35 0.002495513026979
17.36 0.003969350911054
17.37 0.001434660813174
17.38 0.002993916110421
17.39 0.000970841103773
17.4 -0.000229171182027
17.41 0.001130678728472
17.42 0.000475369049022
17.43 0.002662828846006
17.44 0.000703772333151
17.45 -0.000348997249277
17.46 -0.001429629483352
17.47 -0.001415919079124
17.48 -0.00095442494197
17.49 -0.000802553913149
17.5 -0.001648164912866
17.51 -0.001773036107851
17.52 -0.001551148321497
17.53 0.00048579846132
17.54 -0.000246442974327
17.55 -0.000295389037232
17.56 -0.000909191336296
17.57 -0.002821710617481
17.58 -0.002537233972039
17.59 -0.002420359883743
17.6 -0.002112669504348
17.61 -0.003272506292408
17.62 -0.002311240097719
17.63 -0.001528631692906
17.64 -0.00258026514802
17.65 -0.001685088167655
17.66 -0.001447435499838
17.67 -0.001869735976163
17.68 -0.002104037497798
17.69 -0.002777429103695
17.7 -0.002692376318001
17.71 -0.002348421959538
17.72 -0.00306210336771
17.73 -0.003016023965276
17.74 -0.002952272047757
17.75 -0.003397584317592
17.76 -0.002925029223689
17.77 -0.003131315501688
17.78 -0.004921139247722
17.79 -0.006036795694766
17.8 -0.005790684033839
17.81 -0.005864916887668
17.82 -0.005967208733339
17.83 -0.006377149913619
17.84 -0.00553071394735
17.85 -0.006237670266117
17.86 -0.006408788068599
17.87 -0.004752279521967
17.88 -0.004253695096981
17.89 -0.005216698766434
17.9 -0.003853901778134
17.91 -0.00454512881987
17.92 -0.001006345794901
17.93 0.000860873111833
17.94 0.002678560572821
17.95 0.00178744689959
17.96 0.000576765050062
17.97 0.000839489180304
17.98 0.001666002824164
17.99 0.002345871939524
18.0 0.00147303089458
18.01 0.000469397139622
18.02 0.000834625853737
18.03 0.002632241800509
18.04 0.009452008846434
18.05 0.009154775760354
18.06 0.008533407118881
18.07 0.00863904464462
18.08 0.008390204617723
18.09 0.007805532829629
18.1 0.00987642393161
18.11 0.010095182664045
18.12 0.0081399063896
18.13 0.008245105168426
18.14 0.009401608148008
18.15 0.003778237896026
18.16 0.00535157079271
18.17 0.002436426492506
18.18 0.001768419953713
18.19 0.00460461281464
18.2 0.003715303310921
18.21 0.004647249434251
18.22 0.005866504578382
18.23 0.006065101517809
18.24 0.006279153752222
18.25 0.00792578901186
18.26 0.009108107048442
18.27 0.005584526152816
18.28 0.005512644742391
18.29 0.004378254833956
18.3 0.004233390060706
18.31 0.004896272618129
18.32 0.004748961844536
18.33 0.004148531057328
18.34 0.004670351463979
18.35 0.005774915654775
18.36 0.005601257693315
18.37 0.005992145938812
18.38 0.007533394324268
18.39 0.008200471111722
18.4 0.007483927099873
18.41 0.007978395663305
18.42 0.008088143251967
18.43 0.006756405598843
18.44 0.005725851302658
18.45 0.005634865947866
18.46 0.004966219497418
18.47 0.005571644197596
18.48 0.005160189964182
18.49 0.006224418039373
18.5 0.006980530955105
18.51 0.007173861184598
18.52 0.007005721866776
18.53 0.006383568621363
18.54 0.007291141535473
18.55 0.006650105433176
18.56 0.006352596569917
18.57 0.006301839402326
18.58 0.006688389945905
18.59 0.005953517349323
18.6 0.006480775122021
18.61 0.006704570204345
18.62 0.005992164279945
18.63 0.005751229737055
18.64 0.00527858598608
18.65 0.004470705939952
18.66 0.005259819798724
18.67 0.005974623740025
18.68 0.004355051666929
18.69 -0.000940917162349
18.7 -0.001928775542257
18.71 0.000606340115894
18.72 0.000898102379208
18.73 0.000585612377825
18.74 0.000364596249075
18.75 0.002129860932823
18.76 0.007413591915654
18.77 0.005481694263777
18.78 0.000418322790722
18.79 0.001986228871627
18.8 -0.002791641093013
18.81 -0.003971249095235
18.82 -0.003679152622489
18.83 -0.003671923750468
18.84 -0.004019058661895
18.85 -0.004603643604215
18.86 -0.00356393919658
18.87 -0.001218767317393
18.88 -0.000579631474941
18.89 -0.001258542265352
18.9 -0.001968828346795
18.91 -0.002116387784178
18.92 -0.001342684599359
18.93 -0.002744170141565
18.94 -0.002556507378179
18.95 -0.002191895780315
18.96 -0.003123672597469
18.97 -0.002530776063481
18.98 -0.002965488526311
18.99 -0.002286457126432
19.0 -0.002591057989418
19.01 -0.002063796249044
19.02 -0.003577599018717
19.03 -0.003466150275526
19.04 -0.002981218538512
19.05 -0.002797324322256
19.06 -0.003085525852047
19.07 -0.00312943227829
19.08 -0.003523437377139
19.09 -0.003462237093179
19.1 -0.004590508107012
19.11 -0.004779919244216
19.12 -0.003982159894565
19.13 -0.005550799823299
19.14 -0.005963917800834
19.15 -0.005872694344382
19.16 -0.007226889186518
19.17 -0.00687152324404
19.18 -0.006587727434982
19.19 -0.006665415013352
19.2 -0.005938940414596
19.21 -0.007162182434158
19.22 -0.00694191636997
19.23 -0.007011649480622
19.24 -0.006971944768851
19.25 -0.006753696562385
19.26 -0.004883698662862
19.27 -0.001085091584663
19.28 -0.0008170381114
19.29 -0.001581336002333
19.3 -0.002446277692261
19.31 -0.002230138834258
19.32 -0.001464213920753
19.33 -0.003231736256836
19.34 -0.006898004727287
19.35 -0.010883051232515
19.36 -0.005564374887354
19.37 -0.002596000753605
19.38 -0.002356690858136
19.39 -0.000449623743184
19.4 0.00068526271865
19.41 0.001262187808538
19.42 0.000469914115496
19.43 -0.0005103711945
19.44 -0.000299713635417
19.45 -0.001186653941746
19.46 -0.006486227099607
19.47 -0.004396595273394
19.48 -0.003804956762873
19.49 -0.001604047608411
19.5 -0.002728343720977
19.51 -0.002386864592178
19.52 -0.002246674510378
19.53 -0.001120870673246
19.54 -0.002348749848432
19.55 -0.002680277976387
19.56 -0.000833030247642
19.57 -0.000999639274279
19.58 -0.001503267285478
19.59 -0.001212816031539
19.6 -0.002603485037561
19.61 -0.000360463974558
19.62 -0.000360420817342
19.63 -0.001058151670031
19.64 1.6341675841e-05
19.65 0.000322470921714
19.66 0.001261166690216
19.67 0.002769944924739
19.68 0.005495320543995
19.69 0.007574906914358
19.7 0.007455186472975
19.71 0.00624491873979
19.72 0.005130971222162
19.73 0.004843070432621
19.74 0.004818416444731
19.75 0.005134809082
19.76 0.006161674748469
19.77 0.007047110656437
19.78 0.007557483788837
19.79 0.008366574557352
19.8 0.010741597792116
19.81 0.009774894503244
19.82 0.008358335368732
19.83 0.008863050010955
19.84 0.008836986443905
19.85 0.008853344610446
19.86 0.009838149961578
19.87 0.00891620502206
19.88 0.008098016678796
19.89 0.007418445695133
19.9 0.006908492643781
19.91 0.006280101381809
19.92 0.0060728147931
19.93 0.006381509997619
19.94 0.006894352300218
19.95 0.006561637077079
19.96 0.006375226564533
19.97 0.006334638008355
19.98 0.006185104250638
19.99 0.007879955342351
20.0 0.005627743527691
20.01 0.006813941989527
20.02 0.005096379974162
20.03 0.005814236042534
20.04 0.00583318814408
20.05 0.00505498679274
20.06 0.006487387903598
20.07 0.005145206793385
20.08 0.005351257595677
20.09 0.005182774690745
20.1 0.004005277290776
20.11 0.00381318181095
20.12 0.004308634155277
20.13 0.005160860952001
20.14 0.004563898374238
20.15 0.003572909411456
20.16 0.002404176529142
20.17 -0.000152501778818
20.18 -0.000880252927216
20.19 -0.000318768628734
20.2 0.000127784339982
20.21 -0.000673263150169
20.22 -0.000288975804923
20.23 0.000320572229283
20.24 -7.3682459705e-05
20.25 -0.000751346650936
20.26 -0.001226700957445
20.27 -0.001856715121848
20.28 -0.003075274811102
20.29 -0.003976785541377
20.3 -0.004150640830859
20.31 -0.004196172387653
20.32 -0.004763035605357
20.33 -0.004639318968119
20.34 -0.004337937118752
20.35 -0.004629117051608
20.36 -0.004457013371523
20.37 -0.006215452095274
20.38 -0.006040407200737
20.39 -0.005622139887337
20.4 -0.00532524645081
20.41 -0.005829868660635
20.42 -0.00562077549971
20.43 -0.005512461484788
20.44 -0.005400408269081
20.45 -0.005305855054369
20.46 -0.005542114652146
20.47 -0.005599372283669
20.48 -0.005855687617343
20.49 -0.006535641748965
20.5 -0.004821534619048
20.51 -0.002027190426818
20.52 -0.001994455312922
20.53 -0.004736879492637
20.54 -0.005739965810342
20.55 -0.00462105239365
20.56 -0.003160110396891
20.57 -0.003945341832418
20.58 -0.004548396749444
20.59 -0.005018673977586
20.6 -0.004755693082699
20.61 -0.002971093143656
20.62 -0.001635094517593
20.63 -0.002684204545953
20.64 -0.00434406132663
20.65 -0.005162884083955
20.66 -0.004615284199278
20.67 -0.003245936946972
20.68 -0.003614432777804
20.69 -0.004498760660494
20.7 -0.004746827565067
20.71 -0.004660713459996
20.72 -0.004248359402251
20.73 -0.004318908120547
20.74 -0.004693167922593
20.75 -0.00502717465155
20.76 -0.004955900607968
20.77 -0.005307374965965
20.78 -0.005637284092684
20.79 -0.005521584386795
20.8 -0.005815396413526
20.81 -0.005852581546252
20.82 -0.005413036295063
20.83 -0.00468517904046
20.84 -0.005312869663479
20.85 -0.005509416517995
20.86 -0.005470451724447
20.87 -0.004433245067084
20.88 -0.00402976314447
20.89 -0.004410264957331
20.9 -0.005149630905294
20.91 -0.004635580058123
20.92 -0.004835733329824
20.93 -0.00476785360597
20.94 -0.005502371372556
20.95 -0.005628706014507
20.96 -0.00576434780755
20.97 -0.005103574610687
20.98 -0.004658920135486
20.99 -0.004358160454585
21.0 -0.004995717157685
21.01 -0.004644195372157
21.02 -0.004200778757151
21.03 -0.004570543121484
21.04 -0.004658598249603
21.05 -0.005317022412581
21.06 -0.005642697083024
21.07 -0.005645826687737
21.08 -0.005772891815982
21.09 -0.006073575001424
21.1 -0.005500581010961
21.11 -0.006405183598893
21.12 -0.006359142179838
21.13 -0.006192425219422
21.14 -0.006118036993953
21.15 -0.006416238533626
21.16 -0.006186765475414
21.17 -0.005845960310342
21.18 -0.006105800913769
21.19 -0.005586310883258
21.2 -0.005774713419691
21.21 -0.005884788991699
21.22 -0.006080083659026
21.23 -0.005899724594255
21.24 -0.005860392201404
21.25 -0.007107185707218
21.26 -0.006056388273671
21.27 -0.005525309074199
21.28 -0.006114829957373
21.29 -0.005395887039841
21.3 -0.004547952155985
21.31 -0.003943068567527
21.32 -0.004274272453593
21.33 -0.003039503268875
21.34 -0.002770333449908
21.35 -0.003257319593946
21.36 -0.003589461285793
21.37 -0.003012302077286
21.38 -0.002271489782702
21.39 -0.002996910046219
21.4 -0.003021096127913
21.41 -0.001887117633114
21.42 -0.0024757044019
21.43 -0.002758169519458
21.44 -0.002206403028444
21.45 -0.001540624173098
21.46 -0.00189413495135
21.47 -0.001688309679364
21.48 -0.001513998939188
21.49 -0.001985277740545
21.5 -0.002320387283241
21.51 -0.002396028279118
21.52 -0.001780775876665
21.53 -0.001490276779393
21.54 -0.00147663248883
21.55 -0.001683001228614
21.56 -0.001799742759859
21.57 -0.000978286807213
21.58 4.7033202063e-05
21.59 0.000228766642636
21.6 0.000834840436909
21.61 0.00234843031878
21.62 0.002433293882392
21.63 0.002406512460171
21.64 0.003122692644197
21.65 0.003425714378615
21.66 0.003341846002553
21.67 0.003803741675357
21.68 0.004281208533533
21.69 0.00471019175236
21.7 0.005434641819766
21.71 0.005550824610802
21.72 0.006576550085815
21.73 0.008218381544884
21.74 0.008077977710816
21.75 0.007570000151035
21.76 0.007883238605636
21.77 0.007544679603168
21.78 0.007313287890941
21.79 0.007421962466732
21.8 0.007442765468093
21.81 0.007277365299147
21.82 0.007441472052105
21.83 0.007287742775753
21.84 0.007022569420561
21.85 0.005607350580262
21.86 0.004001699779512
21.87 0.004287728429712
21.88 0.004695168982566
21.89 0.005469456723974
21.9 0.005017225156696
21.91 0.005149254795416
21.92 0.005353035530547
21.93 0.005027479008692
21.94 0.004699073147281
21.95 0.003417466930079
21.96 0.002715984870377
21.97 0.002560625148773
21.98 0.002682353257834
21.99 0.003218075220731
22.0 0.003997168358838
22.01 0.004629882363765
22.02 0.00481190208684
22.03 0.004392106909487
22.04 0.004853058689399
22.05 0.00504452313707
22.06 0.004161670750201
22.07 0.004413210102812
22.08 0.004502543046981
22.09 0.004305111687948
22.1 0.004990568558952
22.11 0.00561546874519
22.12 0.005216590425967
22.13 0.003836315700779
22.14 0.004269135100969
22.15 0.004674839742347
22.16 0.00459242177854
22.17 0.005030396976909
22.18 0.004719902564676
22.19 0.004936503064887
22.2 0.004687994580093
22.21 0.003601962052694
22.22 0.001040107610847
22.23 -0.001849218596301
22.24 -0.002763629863667
22.25 -0.000979206978459
22.26 0.000332735925328
22.27 -0.000351790656984
22.28 -0.001387393091684
22.29 -0.001468777270342
22.3 -0.001188622824155
22.31 -0.001077396506464
22.32 -0.000827640589434
22.33 0.002940713920247
22.34 0.00165704080003
22.35 -0.002046645080563
22.36 0.000713678278816
22.37 0.002593084545826
22.38 0.000853665025781
22.39 -0.000177376006556
22.4 -0.000246341141976
22.41 -0.000291235251646
22.42 -0.001071251453643
22.43 -0.000712109331631
22.44 0.000763616294797
22.45 0.000751487361906
22.46 -1.5417065625e-05
22.47 -0.001327510743885
22.48 -0.001584288890858
22.49 -0.00206627666501
22.5 -0.004229903067811
22.51 -0.002519647713383
22.52 -0.002304060237959
22.53 -0.002256767852228
22.54 -0.002233028363877
22.55 -0.003048362242389
22.56 -0.003569979801873
22.57 -0.004381130827332
22.58 -0.005029600913072
22.59 -0.005203911960922
22.6 -0.005771807186319
22.61 -0.007431185693067
22.62 -0.007713616457163
22.63 -0.008017805804831
22.64 -0.007638592549447
22.65 -0.008341207416116
22.66 -0.007631831108442
22.67 -0.007741491884837
22.68 -0.007698805462954
22.69 -0.007030581509099
22.7 -0.007491424769448
22.71 -0.007517677391789
22.72 -0.006440663335148
22.73 -0.006644442400238
22.74 -0.0073674903725
22.75 -0.007331149244375
22.76 -0.007483786481749
22.77 -0.007944422558507
22.78 -0.007519718082513
22.79 -0.007231465370832
22.8 -0.007265295655023
22.81 -0.007584906027635
22.82 -0.007750139917698
22.83 -0.007346184081491
22.84 -0.007040939736606
22.85 -0.007029854636933
22.86 -0.006614307501455
22.87 -0.006385890405772
22.88 -0.006657800154813
22.89 -0.00722694212254
22.9 -0.006827495466693
22.91 -0.007202214840375
22.92 -0.007021515078024
22.93 -0.00644747463236
22.94 -0.007277224374836
22.95 -0.006632050973845
22.96 -0.006678772402776
22.97 -0.0069555146292
22.98 -0.006653504248496
22.99 -0.006478354533887
23.0 -0.006632170578154
23.01 -0.006351817631576
23.02 -0.006030789733952
23.03 -0.005584320193995
23.04 -0.005255023161966
23.05 -0.005016689219256
23.06 -0.004826561567159
23.07 -0.005215105961047
23.08 -0.005279573789378
23.09 -0.005476505688907
23.1 -0.00452323318626
23.11 -0.004513814911006
23.12 -0.004342178584695
23.13 -0.003586252105852
23.14 -0.003571203662173
23.15 -0.001737366353138
23.16 -0.001555136503102
23.17 -0.000627968283972
23.18 -0.000418604532404
23.19 -0.001433511119808
23.2 -0.001494844820174
23.21 -0.001369032755785
23.22 -0.001273676107103
23.23 -0.001136516946551
23.24 -0.000676320074442
23.25 -6.7653860582e-05
23.26 0.000581267150925
23.27 0.000793245308569
23.28 0.001201573372464
23.29 0.001510820616548
23.3 0.001625146515494
23.31 0.001913143077097
23.32 0.002331225354775
23.33 0.002875526819549
23.34 0.003120118843508
23.35 0.003390851408891
23.36 0.003588959469773
23.37 0.003597947645794
23.38 0.003380135030517
23.39 0.003328731318292
23.4 0.003574871682357
23.41 0.003558699949787
23.42 0.003648146092943
23.43 0.004258991664088
23.44 0.004692841017053
23.45 0.004846070226607
23.46 0.005154347082812
23.47 0.005681036168845
23.48 0.006042867630907
23.49 0.00567328528305
23.5 0.005582685210515
23.51 0.006024654973067
23.52 0.005868086129718
23.53 0.005812065685963
23.54 0.005989244911163
23.55 0.006106786474311
23.56 0.006264142855153
23.57 0.006326283635643
23.58 0.006174339938613
23.59 0.006088122887114
23.6 0.006110317607867
23.61 0.006195867530374
23.62 0.006140650312301
23.63 0.005921635804149
23.64 0.005922434578501
23.65 0.005996398908058
23.66 0.005929726510764
23.67 0.00603457938316
23.68 0.006211453615385
23.69 0.006163538584829
23.7 0.006084229475802
23.71 0.006101514586835
23.72 0.006273788183494
23.73 0.00624514226037
23.74 0.005910526894869
23.75 0.005639394499485
23.76 0.00500059716869
23.77 0.004259126255347
23.78 0.003630425401431
23.79 0.003467571140363
23.8 0.00338859345551
23.81 0.003330374597077
23.82 0.003242609132267
23.83 0.003836792737336
23.84 0.004071140394274
23.85 0.004374353256857
23.86 0.00418373833465
23.87 0.003542003374812
23.88 0.002843070025128
23.89 0.002550277951749
23.9 0.002732386906909
23.91 0.001988669776741
23.92 0.00185637935938
23.93 0.002416811474125
23.94 0.0030420867802
23.95 0.002653867998764
23.96 0.002605281280608
23.97 0.002810896837437
23.98 0.002805433978197
23.99 0.003095878423472
24.0 0.003523543146648
24.01 0.003724895262927
24.02 0.003313755805128
24.03 0.002781419959782
24.04 0.003066639605831
24.05 0.0027124461969
24.06 0.001735146789949
24.07 0.000652022930035
24.08 -5.8608607595e-05
24.09 0.000107408699484
24.1 0.000653277048436
24.11 0.000963726223906
24.12 0.000171754321486
24.13 -0.000891317709639
24.14 -0.000518395394621
24.15 0.002421236347873
24.16 0.006569512333855
24.17 0.001625690908557
24.18 0.000442475468639
24.19 0.001688742728621
24.2 -0.000760889968459
24.21 -0.001260595681377
24.22 -0.001944499802738
24.23 -0.003668818654513
24.24 -0.002918583594525
24.25 -0.001826704878771
24.26 -5.2994059004e-05
24.27 0.000596445012767
24.28 -0.000906969690757
24.29 -0.001736775219453
24.3 -0.000837250812403
24.31 -0.001681892110145
24.32 -0.00314315146805
24.33 -0.003526722887384
24.34 -0.00401047200497
24.35 -0.004543118698053
24.36 -0.003978063044127
24.37 -0.00428303396669
24.38 -0.005239532538729
24.39 -0.005098927177404
24.4 -0.005119364629078
24.41 -0.005100893399412
24.42 -0.004848776983423
24.43 -0.005378202534012
24.44 -0.005459212150274
24.45 -0.005013060283102
24.46 -0.00519281579768
24.47 -0.005366709721483
24.48 -0.005480074159044
24.49 -0.005797938889376
24.5 -0.005613258010405
24.51 -0.005674624313454
24.52 -0.005563998478128
24.53 -0.005384290542779
24.54 -0.005249100669955
24.55 -0.005123049226775
24.56 -0.00489897147978
24.57 -0.004638209284394
24.58 -0.00447641447076
24.59 -0.00451716009754
24.6 -0.004660026731265
24.61 -0.004418908394056
24.62 -0.00443392217654
24.63 -0.004542063803554
24.64 -0.004501969774288
24.65 -0.004496832460191
24.66 -0.004475983968681
24.67 -0.004058958794794
24.68 -0.004166742248178
24.69 -0.00436014370249
24.7 -0.004478496766241
24.71 -0.004264608540309
24.72 -0.0044223678088
24.73 -0.004398077382669
24.74 -0.004276695123011
24.75 -0.0044793872087
24.76 -0.004577164108331
24.77 -0.004474565055849
24.78 -0.004747166568595
24.79 -0.004696591818107
24.8 -0.004443126551206
24.81 -0.004778629818246
24.82 -0.004677312710962
24.83 -0.005077498887069
24.84 -0.004961185151808
24.85 -0.0048718799769
24.86 -0.005003355298218
24.87 -0.004383648553457
24.88 -0.002984905564395
24.89 -0.000407739308041
24.9 0.000398799729063
24.91 8.8986395617e-05
24.92 -0.000313640355704
24.93 -0.000124302869864
24.94 -3.2047177795e-05
 
 
 
 
 
 
 
 
 
 
 
 
 
 
 
 
 
 
 
 
 
 
 
 
 
 
 
 
 
 
 
 
 
 
 
 
 
 
 
 
 
 
 
 
 
 
 
 
 
 
 
 
 
 
 
 
 
 
 
 
 
 
 
 
 
 
 
 
 
 
 
 
 
 
 
 
 
 
 
 
 
 
 
 
 
 
 
 
 
 
 
 
 
 
 
 
 
 
 
 
 
 
 
 
 
 
 
 
 
 
 
 
 
 
 
 
 
 
 
 
 
 
 
 
 
 
 
 
 
 
 
 
 
 
 
 
 
 
 
 
 
 
 
 
 
 
 
 
 
 
 
 
 
 
 
 
 
 
 
 
 
 
 
 
 
 
 
 
 
 
 
 
 
 
 
 
 
 
 
 
 
 
 
 
 
 
 
 
 
 
 
 
 
 
 
 
 
 
 
 
 
 
 
 
 
 
 
 
 
 
 
 
 
 
 
 
 
 
 
 
 
 
 
 
 
 
 
 
 
 
 
 
 
 
 
 
 
 
 
 
 
 
 
 
 
 
 
 
 
 
 
 
 
 
 
 
 
 
 
 
 
 
 
 
 
 
 
 
 
 
 
 
 
 
 
 
 
 
 
 
 
 
 
 
 
 
 
 
 
 
 
 
 
 
 
 
 
 
 
 
 
 
 
 
 
 
 
 
 
 
 
 
 
 
 
 
 
 
 
 
 
 
 
 
 
 
 
 
 
 
 
 
 
 
 
 
 
 
 
 
 
 
 
 
 
 
 
 
 
 
 
 
 
 
 
 
 
 
 
 
 
 
 
 
 
 
 
 
 
 
 
 
 
 
 
 
 
 
 
 
 
 
 
 
 
 
 
 
 
 
 
 
 
 
 
 
 
 
 
 
 
 
 
 
 
 
 
 
 
 
 
 
 
 
 
 
 
 
 
 
 
 
 
 
 
 
 
 
 
 
 
 
 
 
 
 
 
 
 
 
 
 
 
 
 
 
 
 
 
 
 
 
 
 
 
 
 
 
 
 
 
 
 
 
 
 
 
 
 
 
 
 
 
 
 
 
 
 
 
 
 
 
 
 
 
 
 
 
 
 
 
 
 
 
 
 
 
 
 
 
 
 
 
 
 
 
 
 
 
 
 
 
 
 
 
 
 
 
 
 
 
 
 
 
 
 
 
 
 
 
 
 
 
 
 
 
 
 
 
 
 
 
 
 
 
 
 
 
 
 
 
 
 
 
 
 
 
 
 
 
 
 
 
 
 
 
 
 
 
 
 
 
 
 
 
 
 
 
 
 
 
 
 
 
 
 
 
 
 
 
 
 
 
 
 
 
 
 
 
 
 
 
 
 
 
 
 
 
 
 
 
 
 
 
 
 
 
 
 
 
 
 
 
 
 
 
 
 
 
 
 
 
 
 
 
 
 
 
 
 
 
 
 
 
 
 
 
 
 
 
 
 
 
 
 
 
 
 
 
 
 
 
 
 
 
 
 
 
 
 
 
 
 
 
 
 
 
 
 
 
 
 
 
 
 
 
 
 
 
 
 
 
 
 
 
 
 
 
 
 
 
 
 
 
 
 
 
 
 
 
 
 
 
 
 
 
 
 
 
 
 
 
 
 
 
 
 
 
 
 
 
 
 
 
 
 
 
 
 
 
 
 
 
 
 
 
 
 
 
 
 
 
 
 
 
 
 
 
 
 
 
 
 
 
 
 
 
 
 
 
 
 
 
 
 
 
 
 
 
 
 
 
 
 
 
 
 
 
 
 
 
 
 
 
 
 
 
 
 
 
 
 
 
 
 
 
 
 
 
 
 
 
 
 
 
 
 
 
 
 
 
 
 
 
 
 
 
 
 
 
 
 
 
 
 
 
 
 
 
 
 
 
 
 
 
 
 
 
 
 
 
 
 
 
 
 
 
 
 
 
 
 
 
 
 
 
 
 
 
 
 
 
 
 
 
 
 
 
 
 
 
 
 
 
 
 
 
 
 
 
 
 
 
 
 
 
 
 
 
 
 
 
 
 
 
 
 
 
 
 
 
 
 
 
 
 
 
 
 
 
 
 
 
 
 
 
 
 
 
 
 
 
 
 
 
 
 
 
 
 
 
 
 
 
 
 
 
 
 
 
 
 
 
 
 
 
 
 
 
 
 
 
 
 
 
 
 
 
 
 
 
 
 
 
 
 
 
 
 
 
 
 
 
 
 
 
 
 
 
 
 
 
 
 
 
 
 
 
 
 
 
 
 
 
 
 
 
 
 
 
 
 
 
 
 
 
 
 
 
 
 
 
 
 
 
 
 
 
 
 
 
 
 
 
 
 
 
 
 
 
 
 
 
 
 
 
 
 
 
 
 
 
 
 
 
 
 
 
 
 
 
 
 
 
 
 
 
 
 
 
 
 
 
 
 
 
 
 
 
 
 
 
 
 
 
 
 
 
 
 
 
 
 
 
 
 
 
 
 
 
 
 
 
 
 
 
 
 
 
 
 
 
 
 
 
 
 
 
 
 
 
 
 
 
 
 
 
 
 
 
 
 
 
 
 
 
 
 
 
 
 
 
 
 
 
 
 
 
 
 
 
 
 
 
 
 
 
 
 
 
 
 
 
 
 
 
 
 
 
 
 
 
 
 
 
 
 
 
 
 
 
 
 
 
 
 
 
 
 
 
 
 
 
 
 
 
 
 
 
 
 
 
 
 
 
 
 
 
 
 
 
 
 
 
 
 
 
 
 
 
 
 
 
 
 
 
 
 
 
 
 
 
 
 
 
 
 
 
 
 
 
 
 
 
 
 
 
 
 
 
 
 
 
 
 
 
 
 
 
 
 
 
 
 
 
 
 
 
 
 
 
 
 
 
 
 
 
 
 
 
 
 
 
 
 
 
 
 
 
 
 
 
 
 
 
 
 
 
 
 
 
 
 
 
 
 
 
 
 
 
 
 
 
 
 
 
 
 
 
 
 
 
 
 
 
 
 
 
 
 
 
 
 
 
 
 
 
 
 
 
 
 
 
 
 
 
 
 
 
 
 
 
 
 
 
 
 
 
 
 
 
 
 
 
 
 
 
 
 
 
 
 
 
 
 
 
 
 
 
 
 
 
 
 
 
 
 
 
 
 
 
 
 
 
 
 
 
 
 
 
 
 
 
 
 
 
 
 
 
 
 
 
 
 
 
 
 
 
 
 
 
 
 
 
 
 
 
 
 
 
 
 
 
 
 
 
 
 
 
 
 
 
 
 
 
 
 
 
 
 
 
 
 
 
 
 
 
 
 
 
 
 
 
 
 
 
 
 
 
 
 
 
 
 
 
 
 
 
 
 
 
 
 
 
 
 
 
 
 
 
 
 
 
 
 
 
 
 
 
 
 
 
 
 
 
 
 
 
 
 
 
 
 
 
 
 
 
 
 
 
 
 
 
 
 
 
 
 
 
 
 
 
 
 
 
 
 
 
 
 
 
 
 
 
 
 
 
 
 
 
 
 
 
 
 
 
 
 
 
 
 
 
 
 
 
 
 
 
 
 
 
 
 
 
 
 
 
 
 
 
 
 
 
 
 
 
 
 
 
 
 
 
 
 
 
 
 
 
 
 
 
 
 
 
 
 
 
 
 
 
 
 
 
 
 
 
 
 
 
 
 
 
 
 
 
 
 
 
 
 
 
 
 
 
 
 
 
 
 
 
 
 
 
 
 
 
 
 
 
 
 
 
 
 
 
 
 
 
 
 
 
 
 
 
 
 
 
 
 
 
 
 
 
 
 
 
 
 
 
 
 
 
 
 
 
 
 
 
 
 
 
 
 
 
 
 
 
 
 
 
 
 
 
 
 
 
 
 
 
 
 
 
 
 
 
 
 
 
 
 
 
 
 
 
 
 
 
 
 
 
 
 
 
 
 
 
 
 
 
 
 
 
 
 
 
 
 
 
 
 
 
 
 
 
 
 
 
 
 
 
 
 
 
 
 
 
 
 
 
 
 
 
 
 
 
 
 
 
 
 
 
 
 
 
 
 
 
 
 
 
 
 
 
 
 
 
 
 
 
 
 
 
 
 
 
 
 
 
 
 
 
 
 
 
 
 
 
 
 
 
 
 
 
 
 
 
 
 
 
 
 
 
 
 
 
 
 
 
 
 
 
 
 
 
 
 
 
 
 
 
 
 
 
 
 
 
 
 
 
 
 
 
 
 
 
 
 
 
 
 
 
 
 
 
 
 
 
 
 
 
 
 
 
 
 
 
 
 
 
 
 
 
 
 
 
 
 
 
 
 
 
 
 
 
 
 
 
 
 
 
 
 
 
 
 
 
 
 
 
 
 
 
 
 
 
 
 
 
 
 
 
 
 
 
 
 
 
 
 
 
 
 
 
 
 
 
 
 
 
 
 
 
 
 
 
 
 
 
 
 
 
 
 
 
 
 
 
 
 
 
 
 
 
 
 
 
 
 
 
 
 
 
 
 
 
 
 
 
 
 
 
 
 
 
 
 
 
 
 
 
 
 
 
 
 
 
 
 
 
 
 
 
 
 
 
 
 
 
 
 
 
 
 
 
 
 
 
 
 
 
 
 
 
 
 
 
 
 
 
 
 
 
 
 
 
 
 
 
 
 
 
 
 
 
 
 
 
 
 
 
 
 
 
 
 
 
 
 
 
 
 
 
 
 
 
 
 
 
 
 
 
 
 
 
 
 
 
 
 
 
 
 
 
 
 
 
 
 
 
 
 
 
 
 
 
 
 
 
 
 
 
 
 
 
 
 
 
 
 
 
 
 
 
 
 
 
 
 
 
 
 
 
 
 
 
 
 
 
 
 
 
 
 
 
 
 
 
 
 
 
 
 
 
 
 
 
 
 
 
 
 
 
 
 
 
 
 
 
 
 
 
 
 
 
 
 
 
 
 
 
 
 
 
 
 
 
 
 
 
 
 
 
 
 
 
 
 
 
 
 
 
 
 
 
 
 
 
 
 
 
 
 
 
 
 
 
 
 
 
 
 
 
 
 
 
 
 
 
 
 
 
 
 
 
 
 
 
 
 
 
 
 
 
 
 
 
 
 
 
 
 
 
 
 
 
 
 
 
 
 
 
 
 
 
 
 
 
 
 
 
 
 
 
 
 
 
 
 
 
 
 
 
 
 
 
 
 
 
 
 
 
 
 
 
 
 
 
 
 
 
 
 
 
 
 
 
 
 
 
 
 
 
 
 
 
 
 
 
 
 
 
 
 
 
 
 
 
 
 
 
 
 
 
 
 
 
 
 
 
 
 
 
 
 
 
 
 
 
 
 
 
 
 
 
 
 
 
 
 
 
 
 
 
 
 
 
 
 
 
 
 
 
 
 
 
 
 
 
 
 
 
 
 
 
 
 
 
 
 
 
 
 
 
 
 
 
 
 
 
 
 
 
 
 
 
 
 
 
 
 
 
 
 
 
 
 
 
 
 
 
 
 
 
 
 
 
 
 
 
 
 
 
 
 
 
 
 
 
 
 
 
 
 
 
 
 
 
 
 
 
 
 
 
 
 
 
 
 
 
 
 
 
 
 
 
 
 
 
 
 
 
 
 
 
 
 
 
 
 
 
 
 
 
 
 
 
 
 
 
 
 
 
 
 
 
 
 
 
 
 
 
 
 
 
 
 
 
 
 
 
 
 
 
 
 
 
 
 
 
 
 
 
 
 
 
 
 
 
 
 
 
 
 
 
 
 
 
 
 
 
 
 
 
 
 
 
 
 
 
 
 
 
 
 
 
 
 
 
 
 
 
 
 
 
 
 
 
 
 
 
 
 
 
 
 
 
 
 
 
 
 
 
 
 
 
 
 
 
 
 
 
 
 
 
 
 
 
 
 
 
 
 
 
 
 
 
 
 
 
 
 
 
 
 
 
 
 
 
 
 
 
 
 
 
 
 
 
 
 
 
 
 
 
 
 
 
 
 
 
 
 
 
 
 
 
 
 
 
 
 
 
 
 
 
 
 
 
 
 
 
 
 
 
 
 
 
 
 
 
 
 
 
 
 
 
 
 
 
 
 
 
 
 
 
 
 
 
 
 
 
 
 
 
 
 
 
 
 
 
 
 
 
 
 
 
 
 
 
 
 
 
 
 
 
 
 
 
 
 
 
 
 
 
 
 
 
 
 
 
 
 
 
 
 
 
 
 
 
 
 
 
 
 
 
 
 
 
 
 
 
 
 
 
 
 
 
 
 
 
 
 
 
 
 
 
 
 
 
 
 
 
 
 
 
 
 
 
 
 
 
 
 
 
 
 
 
 
 
 
 
 
 
 
 
 
 
 
 
 
 
 
 
 
 
 
 
 
 
 
 
 
 
 
 
 
 
 
 
 
 
 
 
 
 
 
 
 
 
 
 
 
 
 
 
 
 
 
 
 
 
 
 
 
 
 
 
 
 
 
 
 
 
 
 
 
 
 
 
 
 
 
 
 
 
 
 
 
 
 
 
 
 
 
 
 
 
 
 
 
 
 
 
 
 
 
 
 
 
 
 
 
 
 
 
 
 
 
 
 
 
 
 
 
 
 
 
 
 
 
 
 
 
 
 
 
 
 
 
 
 
 
 
 
 
 
 
 
 
 
 
 
 
 
 
 
 
 
 
 
 
 
 
 
 
 
 
 
 
 
 
 
 
 
 
 
 
 
 
 
 
 
 
 
 
 
 
 
 
 
 
 
 
 
 
 
 
 
 
 
 
 
 
 
 
 
 
 
 
 
 
 
 
 
 
 
 
 
 
 
 
 
 
 
 
 
 
 
 
 
 
 
 
 
 
 
 
 
 
 
 
 
 
 
 
 
 
 
 
 
 
 
 
 
 
 
 
 
 
 
 
 
 
 
 
 
 
 
 
 
 
 
 
 
 
 
 
 
 
 
 
 
 
 
 
 
 
 
 
 
 
 
 
 
 
 
 
 
 
 
 
 
 
 
 
 
 
 
 
 
 
 
 
 
 
 
 
 
 
 
 
 
 
 
 
 
 
 
 
 
 
 
 
 
 
 
 
 
 
 
 
 
 
 
 
 
 
 
 
 
 
 
 
 
 
 
 
 
 
 
 
 
 
 
 
 
 
 
 
 
 
 
 
 
 
 
 
 
 
 
 
 
 
 
 
 
 
 
 
 
 
 
 
 
 
 
 
 
 
 
 
 
 
 
 
 
 
 
 
 
 
 
 
 
 
 
 
 
 
 
 
 
 
 
 
 
 
 
 
 
 
 
 
 
 
 
 
 
 
 
 
 
 
 
 
 
 
 
 
 
 
 
 
 
 
 
 
 
 
 
 
 
 
 
 
 
 
 
 
 
 
 
 
 
 
 
 
 
 
 
 
 
 
 
 
 
 
 
 
 
 
 
 
 
 
 
 
 
 
 
 
 
 
 
 
 
 
 
 
 
 
 
 
 
 
 
 
 
 
 
 
 
 
 
 
 
 
 
 
 
 
 
 
 
 
 
 
 
 
 
 
 
 
 
 
 
 
 
 
 
 
 
 
 
 
 
 
 
 
 
 
 
 
 
 
 
 
 
 
 
 
 
 
 
 
 
 
 
 
 
 
 
 
 
 
 
 
 
 
 
 
 
 
 
 
 
 
 
 
 
 
 
 
 
 
 
 
 
 
 
 
 
 
 
 
 
 
 
 
 
 
 
 
 
 
 
 
 
 
 
 
 
 
 
 
 
 
 
 
 
 
 
 
 
 
 
 
 
 
 
 
 
 
 
 
 
 
 
 
 
 
 
 
 
 
 
 
 
 
 
 
 
 
 
 
 
 
 
 
 
 
 
 
 
 
 
 
 
 
 
 
 
 
 
 
 
 
 
 
 
 
 
 
 
 
 
 
 
 
 
 
 
 
 
 
 
 
 
 
 
 
 
 
 
 
 
 
 
 
 
 
 
 
 
 
 
 
 
 
 
 
 
 
 
 
 
 
 
 
 
 
 
 
 
 
 
 
 
 
 
 
 
 
 
 
 
 
 
 
 
 
 
 
 
 
 
 
 
 
 
 
 
 
 
 
 
 
 
 
 
 
 
 
 
 
 
 
 
 
 
 
 
 
 
 
 
 
 
 
 
 
 
 
 
 
 
 
 
 
 
 
 
 
 
 
 
 
 
 
 
 
 
 
 
 
 
 
 
 
 
 
 
 
 
 
 
 
 
 
 
 
 
 
 
 
 
 
 
 
 
 
 
 
 
 
 
 
 
 
 
 
 
 
 
 
 
 
 
 
 
 
 
 
 
 
 
 
 
 
 
 
 
 
 
 
 
 
 
 
 
 
 
 
 
 
 
 
 
 
 
 
 
 
 
 
 
 
 
 
 
 
 
 
 
 
 
 
 
 
 
 
 
 
 
 
 
 
 
 
 
 
 
 
 
 
 
 
 
 
 
 
 
 
 
 
 
 
 
 
 
 
 
 
 
 
 
 
 
 
 
 
 
 
 
 
 
 
 
 
 
 
 
 
 
 
 
 
 
 
 
 
 
 
 
 
 
 
 
 
 
 
 
 
 
 
 
 
 
 
 
 
 
 
 
 
 
 
 
 
 
 
 
 
 
 
 
 
 
 
 
 
 
 
 
 
 
 
 
 
 
 
 
 
 
 
 
 
 
 
 
 
 
 
 
 
 
 
 
 
 
 
 
 
 
 
 
 
 
 
 
 
 
 
 
 
 
 
 
 
 
 
 
 
 
 
 
 
 
 
 
 
 
 
 
 
 
 
 
 
 
 
 
 
 
 
 
 
 
 
 
 
 
 
 
 
 
 
 
 
 
 
 
 
 
 
 
 
 
 
 
 
 
 
 
 
 
 
 
 
 
 
 
 
 
 
 
 
 
 
 
 
 
 
 
 
 
 
 
 
 
 
 
 
 
 
 
 
 
 
 
 
 
 
 
 
 
 
 
 
 
 
 
 
 
 
 
 
 
 
 
 
 
 
 
 
 
 
 
 
 
 
 
 
 
 
 
 
 
 
 
 
 
 
 
 
 
 
 
 
 
 
 
 
 
 
 
 
 
 
 
 
 
 
 
 
 
 
 
 
 
 
 
 
 
 
 
 
 
 
 
 
 
 
 
 
 
 
 
 
 
 
 
 
 
 
 
 
 
 
 
 
 
 
 
 
 
 
 
 
 
 
 
 
 
 
 
 
 
 
 
 
 
 
 
 
 
 
 
 
 
 
 
 
 
 
 
 
 
 
 
 
 
 
 
 
 
 
 
 
 
 
 
 
 
 
 
 
 
 
 
 
 
 
 
 
 
 
 
 
 
 
 
 
 
 
 
 
 
 
 
 
 
 
 
 
 
 
 
 
 
 
 
 
 
 
 
 
 
 
 
 
 
 
 
 
 
 
 
 
 
 
 
 
 
 
 
 
 
 
 
 
 
 
 
 
 
 
 
 
 
 
 
 
 
 
 
 
 
 
 
 
 
 
 
 
 
 
 
 
 
 
 
 
 
 
 
 
 
 
 
 
 
 
 
 
 
 
 
 
 
 
 
 
 
 
 
 
 
 
 
 
 
 
 
 
 
 
 
 
 
 
 
 
 
 
 
 
 
 
 
 
 
 
 
 
 
 
 
 
 
 
 
 
 
 
 
 
 
 
 
 
 
 
 
 
 
 
 
 
 
 
 
 
 
 
 
 
 
 
 
 
 
 
 
 
 
 
 
 
 
 
 
 
 
 
 
 
 
 
 
 
 
 
 
 
 
 
 
 
 
 
 
 
 
 
 
 
 
 
 
 
 
 
 
 
 
 
 
 
 
 
 
 
 
 
 
 
 
 
 
 
 
 
 
 
 
 
 
 
 
 
 
 
 
 
 
 
 
 
 
 
 
 
 
 
 
 
 
 
 
 
 
 
 
 
 
 
 
 
 
 
 
 
 
 
 
 
 
 
 
 
 
 
 
 
 
 
 
 
 
 
 
 
 
 
 
 
 
 
 
 
 
 
 
 
 
 
 
 
 
 
 
 
 
 
 
 
 
 
 
 
 
 
 
 
 
 
 
 
 
 
 
 
 
 
 
 
 
 
 
 
 
 
 
 
 
 
 
 
 
 
 
 
 
 
 
 
 
 
 
 
 
 
 
 
 
 
 
 
 
 
 
 
 
 
 
 
 
 
 
 
 
 
 
 
 
 
 
 
 
 
 
 
 
 
 
 
 
 
 
 
 
 
 
 
 
 
 
 
 
 
 
 
 
 
 
 
 
 
 
 
 
 
 
 
 
 
 
 
 
 
 
 
 
 
 
 
 
 
 
 
 
 
 
 
 
 
 
 
 
 
 
 
 
 
 
 
 
 
 
 
 
 
 
 
 
 
 
 
 
 
 
 
 
 
 
 
 
 
 
 
 
 
 
 
 
 
 
 
 
 
 
 
 
 
 
 
 
 
 
 
 
 
 
 
 
 
 
 
 
 
 
 
 
 
 
 
 
 
 
 
 
 
 
 
 
 
 
 
 
 
 
 
 
 
 
 
 
 
 
 
 
 
 
 
 
 
 
 
 
 
 
 
 
 
 
 
 
 
 
 
 
 
 
 
 
 
 
 
 
 
 
 
 
 
 
 
 
 
 
 
 
 
 
 
 
 
 
 
 
 
 
 
 
 
 
 
 
 
 
 
 
 
 
 
 
 
 
 
 
 
 
 
 
 
 
 
 
 
 
 
 
 
 
 
 
 
 
 
 
 
 
 
 
 
 
 
 
 
 
 
 
 
 
 
 
 
 
 
 
 
 
 
 
 
 
 
 
 
 
 
 
 
 
 
 
 
 
 
 
 
 
 
 
 
 
 
 
 
 
 
 
 
 
 
 
 
 
 
 
 
 
 
 
 
 
 
 
 
 
 
 
 
 
 
 
 
 
 
 
 
 
 
 
 
 
 
 
 
 
 
 
 
 
 
 
 
 
 
 
 
 
 
 
 
 
 
 
 
 
 
 
 
 
 
 
 
 
 
 
 
 
 
 
 
 
 
 
 
 
 
 
 
 
 
 
 
 
 
 
 
 
 
 
 
 
 
 
 
 
 
 
 
 
 
 
 
 
 
 
 
 
 
 
 
 
 
 
 
 
 
 
 
 
 
 
 
 
 
 
 
 
 
 
 
 
 
 
 
 
 
 
 
 
 
 
 
 
 
 
 
 
 
 
 
 
 
 
 
 
 
 
 
 
 
 
 
 
 
 
 
 
 
 
 
 
 
 
 
 
 
 
 
 
 
 
 
 
 
 
 
 
 
 
 
 
 
 
 
 
 
 
 
 
 
 
 
 
 
 
 
 
 
 
 
 
 
 
 
 
 
 
 
 
 
 
 
 
 
 
 
 
 
 
 
 
 
 
 
 
 
 
 
 
 
 
 
 
 
 
 
 
 
 
 
 
 
 
 
 
 
 
 
 
 
 
 
 
 
 
 
 
 
 
 
 
 
 
 
 
 
 
 
 
 
 
 
 
 
 
 
 
 
 
 
 
 
 
 
 
 
 
 
 
 
 
 
 
 
 
 
 
 
 
 
 
 
 
 
 
 
 
 
 
 
 
 
 
 
 
 
 
 
 
 
 
 
 
 
 
 
 
 
 
 
 
 
 
 
 
 
 
 
 
 
 
 
 
 
 
 
 
 
 
 
 
 
 
 
 
 
 
 
 
 
 
 
 
 
 
 
 
 
 
 
 
 
 
 
 
 
 
 
 
 
 
 
 
 
 
 
 
 
 
 
 
 
 
 
 
 
 
 
 
 
 
 
 
 
 
 
 
 
 
 
 
 
 
 
 
 
 
 
 
 
 
 
 
 
 
 
 
 
 
 
 
 
 
 
 
 
 
 
 
 
 
 
 
 
 
 
 
 
 
 
 
 
 
 
 
 
 
 
 
 
 
 
 
 
 
 
 
 
 
 
 
 
 
 
 
 
 
 
 
 
 
 
 
 
 
 
 
 
 
 
 
 
 
 
 
 
 
 
 
 
 
 
 
 
 
 
 
 
 
 
 
 
 
 
 
 
 
 
 
 
 
 
 
 
 
 
 
 
 
 
 
 
 
 
 
 
 
 
 
 
 
 
 
 
 
 
 
 
 
 
 
 
 
 
 
 
 
 
 
 
 
 
 
 
 
 
 
 
 
 
 
 
 
 
 
 
 
 
 
 
 
 
 
 
 
 
 
 
 
 
 
 
 
 
 
 
 
 
 
 
 
 
 
 
 
 
 
 
 
 
 
 
 
 
 
 
 
 
 
 
 
 
 
 
 
 
 
 
 
 
 
 
 
 
 
 
 
 
 
 
 
 
 
 
 
 
 
 
 
 
 
 
 
 
 
 
 
 
 
 
 
 
 
 
 
 
 
 
 
 
 
 
 
 
 
 
 
 
 
 
 
 
 
 
 
 
 
 
 
 
 
 
 
 
 
 
 
 
 
 
 
 
 
 
 
 
 
 
 
 
 
 
 
 
 
 
 
 
 
 
 
 
 
 
 
 
 
 
 
 
 
 
 
 
 
 
 
 
 
 
 
 
 
 
 
 
 
 
 
 
 
 
 
 
 
 
 
 
 
 
 
 
 
 
 
 
 
 
 
 
 
 
 
 
 
 
 
 
 
 
 
 
 
 
 
 
 
 
 
 
 
 
 
 
 
 
 
 
 
 
 
 
 
 
 
 
 
 
 
 
 
 
 
 
 
 
 
 
 
 
 
 
 
 
 
 
 
 
 
 
 
 
 
 
 
 
 
 
 
 
 
 
 
 
 
 
 
 
 
 
 
 
 
 
 
 
 
 
 
 
 
 
 
 
 
 
 
 
 
 
 
 
 
 
 
 
 
 
 
 
 
 
 
