0.0 0.0
0.01 2.33784778e-07
0.02 2.35229049e-07
0.03 2.37451044e-07
0.04 2.39298557e-07
0.05 2.38037624e-07
0.06 2.3604194e-07
0.07 2.45738198e-07
0.08 2.858847e-07
0.09 3.73103371e-07
0.1 4.66009126e-07
0.11 3.55665135e-07
0.12 -1.95654016e-07
0.13 -1.115842307e-06
0.14 -1.957204529e-06
0.15 -2.57135364e-06
0.16 -3.790623082e-06
0.17 -6.13003767e-06
0.18 -7.753998146e-06
0.19 -6.814409569e-06
0.2 -4.980479086e-06
0.21 -5.056595173e-06
0.22 -7.208868938e-06
0.23 -7.624390711e-06
0.24 -1.939200378e-06
0.25 7.41402349e-06
0.26 1.4125226736e-05
0.27 1.2682994291e-05
0.28 -1.608592099e-06
0.29 -1.8476083515e-05
0.3 -1.9725842924e-05
0.31 -9.627021304e-06
0.32 -2.870928592e-06
0.33 1.847827368e-06
0.34 8.473747321e-06
0.35 7.725914386e-06
0.36 -9.446718323e-06
0.37 -3.1689524047e-05
0.38 -3.9313141496e-05
0.39 -2.7432557812e-05
0.4 -9.299931333e-06
0.41 -1.5441284557e-05
0.42 -6.2702068343e-05
0.43 -0.000122674797913
0.44 -0.000138011242979
0.45 -6.8749643567e-05
0.46 2.8201151664e-05
0.47 5.028404104e-05
0.48 1.4290871222e-05
0.49 8.60275643e-06
0.5 4.4048884274e-05
0.51 8.1894796706e-05
0.52 6.9977563564e-05
0.53 -4.3783881167e-05
0.54 -0.000170038191855
0.55 -0.000155851405132
0.56 -4.8551395251e-05
0.57 -5.073522323e-06
0.58 -6.4027930351e-05
0.59 -0.000134640612085
0.6 -0.000124087986782
0.61 -6.9034438779e-05
0.62 -5.3371905866e-05
0.63 -6.6625647476e-05
0.64 -5.7610059947e-05
0.65 1.0600461739e-05
0.66 9.0247188292e-05
0.67 7.5313817828e-05
0.68 -6.7096368749e-05
0.69 -0.000223965493033
0.7 -0.000166065575274
0.71 2.4451847811e-05
0.72 1.7903195797e-05
0.73 -8.2538997797e-05
0.74 -2.4093262819e-05
0.75 2.4271731852e-05
0.76 -6.7669004216e-05
0.77 -9.2514477357e-05
0.78 -3.5759018537e-05
0.79 -0.000109100692303
0.8 -0.000245733559826
0.81 -0.000294460567149
0.82 -0.000337115550009
0.83 -0.000433351727386
0.84 -0.000411648084591
0.85 -0.000227059518402
0.86 -0.00013114127343
0.87 -0.000118757610587
0.88 6.1923398857e-05
0.89 0.000242775768445
0.9 0.00010036058935
0.91 -7.941038139e-05
0.92 1.3260252083e-05
0.93 4.9193664733e-05
0.94 3.6222717798e-05
0.95 0.000277745750243
0.96 0.000321676936352
0.97 -0.000126274910882
0.98 -0.000500220376285
0.99 -0.000505364258341
1.0 -0.000361991888449
1.01 -0.000203520401711
1.02 -0.00011353545771
1.03 -0.000103937937138
1.04 -0.000118908479656
1.05 -2.6901674098e-05
1.06 0.000227473562459
1.07 0.000386272679437
1.08 0.000181567111868
1.09 -0.000231019380356
1.1 -0.000311197671082
1.11 7.2449567411e-05
1.12 0.000341150015856
1.13 8.246100648e-05
1.14 -0.000268247604842
1.15 -0.000191459030542
1.16 0.000119915860199
1.17 0.000230502812729
1.18 0.000324693918171
1.19 0.000488860564628
1.2 0.000326513750734
1.21 6.9265015792e-05
1.22 0.00015902390555
1.23 0.000206144810053
1.24 -3.9507787414e-05
1.25 -0.00018684976091
1.26 -0.000136247459125
1.27 -5.9586744999e-05
1.28 -0.000335423500424
1.29 -0.000818896982195
1.3 -0.00082929728862
1.31 -0.000578107844773
1.32 -0.000860085750795
1.33 -0.001367685474644
1.34 -0.001196991981329
1.35 -0.000465910511971
1.36 0.000137363989018
1.37 0.000342028874472
1.38 0.000197711623942
1.39 -0.000160967693252
1.4 -0.000359279178694
1.41 -0.000115692367243
1.42 0.00030047638558
1.43 9.7834939941e-05
1.44 -0.00049361750606
1.45 -0.000594184116793
1.46 -0.000429861781079
1.47 -0.000458175663042
1.48 -0.000444703304968
1.49 -0.000139690303339
1.5 0.000219767886634
1.51 0.000270741678724
1.52 1.2187958443e-05
1.53 0.000127824728589
1.54 0.000747418040918
1.55 0.001476817125548
1.56 0.001867543401847
1.57 0.001537906598309
1.58 0.000472137932292
1.59 -0.00048496541355
1.6 -4.9894097612e-05
1.61 0.000993066237138
1.62 0.000730006299015
1.63 -0.000588981171401
1.64 -0.001310379615146
1.65 -0.000921367930036
1.66 0.000192262292825
1.67 0.001085019377979
1.68 0.000754819318748
1.69 -0.000383369424359
1.7 -0.001014207207667
1.71 -0.001151818693479
1.72 -0.001316007657134
1.73 -0.001357715437472
1.74 -0.001337838045172
1.75 -0.001603523341231
1.76 -0.001678858516917
1.77 -0.001200757319866
1.78 -0.000850037943878
1.79 -0.000588691438551
1.8 6.6351786293e-05
1.81 0.000410311767711
1.82 6.4427325813e-05
1.83 -0.000176149919319
1.84 0.000115065907318
1.85 0.000561428655636
1.86 0.000985413251446
1.87 0.001143631951171
1.88 0.000855408756461
1.89 0.000469397505536
1.9 0.000580423405636
1.91 0.000921618661
1.92 0.000962889392712
1.93 0.000421351399791
1.94 -0.000112320492819
1.95 0.000278279372877
1.96 0.000893337089114
1.97 0.000666303136855
1.98 0.000236997958641
1.99 0.000390741699678
2.0 0.000766278404018
2.01 0.001271236396773
2.02 0.001303033834223
2.03 -0.000113905961598
2.04 -0.00172917172576
2.05 -0.001451390612854
2.06 -0.000614476687296
2.07 -0.001170318118391
2.08 -0.001823053086811
2.09 -0.001293997962314
2.1 -0.000555397015903
2.11 0.000190565890167
2.12 0.000874759248655
2.13 0.000134853280795
2.14 -0.001526239818443
2.15 -0.001767399964129
2.16 -0.000696153785855
2.17 -0.000484083850337
2.18 -0.000736629445011
2.19 -0.000476299847411
2.2 -0.000173025133684
2.21 8.2846769395e-05
2.22 0.000386096509957
2.23 0.000499502867513
2.24 0.000335644585298
2.25 0.000250374868132
2.26 0.000189561309361
2.27 4.1808816358e-05
2.28 0.000471193780032
2.29 0.001255461933969
2.3 0.001773542069424
2.31 0.002022740845448
2.32 0.001900520348713
2.33 0.001449958691149
2.34 0.001187295895857
2.35 0.001360465666184
2.36 0.001221941947102
2.37 0.000215332866794
2.38 -0.001324108469521
2.39 -0.002536411515228
2.4 -0.002708959891936
2.41 -0.002120498782541
2.42 -0.001408344508671
2.43 -0.000798366840297
2.44 -0.000502688983192
2.45 -0.000778029423199
2.46 -0.00075145994498
2.47 2.4741717944e-05
2.48 0.000339851368221
2.49 0.000113086154146
2.5 0.000284543204332
2.51 0.000435046625711
2.52 -6.0132693645e-05
2.53 -0.000549708483667
2.54 -0.000337772208193
2.55 8.0589689855e-05
2.56 0.000445554977073
2.57 0.001166302011238
2.58 0.001717373953969
2.59 0.001822505843171
2.6 0.001943739736322
2.61 0.00179978946527
2.62 0.000948499532396
2.63 0.000124129864506
2.64 -0.000244431033193
2.65 -0.000874936882369
2.66 -0.002069461041833
2.67 -0.003039797692914
2.68 -0.003267045477635
2.69 -0.003508485684903
2.7 -0.003768127243267
2.71 -0.003388574814686
2.72 -0.002421634157534
2.73 -0.001260260215896
2.74 0.000556794032159
2.75 0.00305380141354
2.76 0.004021160511762
2.77 0.003316318021465
2.78 0.003275848210433
2.79 0.004228617422589
2.8 0.004494900008471
2.81 0.00388956178794
2.82 0.002169742147089
2.83 -0.001209328550484
2.84 -0.004602853016333
2.85 -0.004811319163995
2.86 -0.003747472562467
2.87 -0.00348049588241
2.88 -0.002770428595829
2.89 -0.001413943954768
2.9 -0.000470181504519
2.91 -0.000173835584629
2.92 -0.000443463671316
2.93 -0.001501343212434
2.94 -0.003104640335747
2.95 -0.003629632403521
2.96 -0.003132530521133
2.97 -0.003568773738373
2.98 -0.00496496469888
2.99 -0.006837883949026
3.0 -0.007395893153379
3.01 -0.006123282815098
3.02 -0.004481969941793
3.03 -0.003405164752386
3.04 -0.002998125457388
3.05 -0.00302346293699
3.06 -0.001488011562545
3.07 0.001794689771358
3.08 0.004669442028531
3.09 0.006518931684592
3.1 0.007176221848482
3.11 0.006527630496859
3.12 0.003275491552617
3.13 -0.001194016561987
3.14 -0.003594367470968
3.15 -0.002990157082577
3.16 -0.000378903998707
3.17 0.001949743524053
3.18 0.002021044322417
3.19 -0.001551277852148
3.2 -0.005320990773292
3.21 -0.005481120895893
3.22 -0.004191759169613
3.23 -0.003452857044648
3.24 -0.003746605568822
3.25 -0.004063507289009
3.26 -0.003308763700436
3.27 -0.003259209149078
3.28 -0.003249827889735
3.29 -0.003920432544283
3.3 -0.004526362473505
3.31 -0.002982644809847
3.32 0.001210153839588
3.33 0.004916022182568
3.34 0.004965955630289
3.35 0.002567281856164
3.36 0.00117766197598
3.37 0.003172839767427
3.38 0.00578373360144
3.39 0.006347505223613
3.4 0.00480130379307
3.41 0.001247867265058
3.42 -0.001655834619664
3.43 -0.001489327177054
3.44 6.0213111547e-05
3.45 0.000332939234245
3.46 0.000584333755284
3.47 0.000784058712403
3.48 -0.00044889008635
3.49 -0.003350043763527
3.5 -0.006969369662306
3.51 -0.009236016144314
3.52 -0.008832120138088
3.53 -0.007130269410633
3.54 -0.006293160490596
3.55 -0.007082865589242
3.56 -0.006998600134579
3.57 -0.00346562628047
3.58 0.002752975868788
3.59 0.00841977661928
3.6 0.010547523328074
3.61 0.009132058960638
3.62 0.008305103108305
3.63 0.010091769079503
3.64 0.012629439627124
3.65 0.013222660273516
3.66 0.011803363707698
3.67 0.009621222316596
3.68 0.006280394286973
3.69 0.003556531389161
3.7 0.000397220091777
3.71 -0.001844595185201
3.72 -0.003394151191491
3.73 -0.004534336911036
3.74 -0.004650283890141
3.75 -0.001304840224019
3.76 0.003893010381055
3.77 0.007551733174157
3.78 0.007526418950462
3.79 0.00532439625693
3.8 0.001939035794401
3.81 -0.004038644562733
3.82 -0.007376995692649
3.83 -0.005582557446549
3.84 -0.003444447963568
3.85 -0.003616787800978
3.86 -0.006303525387898
3.87 -0.007220762411238
3.88 -0.008159848234866
3.89 -0.001189871266218
3.9 0.007296959750102
3.91 0.019310601966264
3.92 0.025535650909093
3.93 0.026800967652325
3.94 0.025170826035697
3.95 0.018719394349382
3.96 0.007067694411585
3.97 -0.004450328532525
3.98 -0.002075350033109
3.99 -0.00267539102345
4.0 0.000603037782718
4.01 -0.000805497263147
4.02 -0.007753803619146
4.03 -0.01380066840655
4.04 -0.011140602527804
4.05 -0.000858290491136
4.06 -0.001928780203258
4.07 -0.000399391733696
4.08 0.00363756217857
4.09 4.9065251179e-05
4.1 0.00092107166226
4.11 -0.003848478143394
4.12 -0.006702401273808
4.13 -0.010372340870749
4.14 -0.012747057530448
4.15 -0.014283615901626
4.16 -0.012595546106901
4.17 -0.003013110151638
4.18 0.010318819039297
4.19 0.021725412677669
4.2 0.026736128183422
4.21 0.026309735514208
4.22 0.025419833944658
4.23 0.021646150264139
4.24 0.017691055235293
4.25 0.004671017027041
4.26 -0.000441550239205
4.27 -0.002759943461471
4.28 -0.01041671781247
4.29 -0.009537936462276
4.3 -0.01279010741743
4.31 -0.015411882727677
4.32 -0.019135206109911
4.33 -0.012307502142008
4.34 -0.010519076272842
4.35 -0.002767877905668
4.36 0.012410791901705
4.37 0.02223758988691
4.38 0.027160583266293
4.39 0.022215778155724
4.4 0.013591518777533
4.41 0.01146140452321
4.42 0.015544911254721
4.43 0.017909567441035
4.44 0.015799897193754
4.45 0.005952926741881
4.46 -0.008146455607306
4.47 -0.01830032228889
4.48 -0.021102926550479
4.49 -0.022536408689636
4.5 -0.018461717308918
4.51 -0.010353112243842
4.52 -0.001144376650826
4.53 0.01225838208537
4.54 0.025625497094973
4.55 0.032010994271346
4.56 0.036441892257898
4.57 0.038936813215003
4.58 0.041123835064644
4.59 0.050940126222751
4.6 0.054626354491765
4.61 0.046009687316094
4.62 0.027914267031658
4.63 0.002135580757866
4.64 -0.010632874752356
4.65 -0.025652350347919
4.66 -0.035925988707269
4.67 -0.051441495175144
4.68 -0.067876420859953
4.69 -0.081036967917878
4.7 -0.082150143791425
4.71 -0.071910490935316
4.72 -0.057289386238159
4.73 -0.05675595046699
4.74 -0.053889062865627
4.75 -0.041019270588849
4.76 -0.010040903441679
4.77 0.029976714199276
4.78 0.056485575828247
4.79 0.075989618708153
4.8 0.089624910054298
4.81 0.098591498080397
4.82 0.109071264572525
4.83 0.121022178112396
4.84 0.120262219053049
4.85 0.116713251097713
4.86 0.130266250380165
4.87 0.129848911393901
4.88 0.127834146146867
4.89 0.120064064208908
4.9 0.11037282238981
4.91 0.103397432469144
4.92 0.107417004216588
4.93 0.112571731937601
4.94 0.105732227177687
4.95 0.07797035775652
4.96 0.029574871986648
4.97 0.005784861096026
4.98 0.018476376214442
4.99 0.015827179690429
5.0 0.010637647830781
5.01 -0.011831792019333
5.02 -0.056111117857264
5.03 -0.095750028891489
5.04 -0.106715905981177
5.05 -0.100030208547935
5.06 -0.09799568313695
5.07 -0.086814795926085
5.08 -0.06932100341105
5.09 -0.061653686267883
5.1 -0.059265179786758
5.11 -0.055230203887001
5.12 -0.064928318041188
5.13 -0.067667424785853
5.14 -0.063125698491194
5.15 -0.059203198922337
5.16 -0.085663510617586
5.17 -0.101537992393909
5.18 -0.128825194098536
5.19 -0.122638217121819
5.2 -0.143304117274437
5.21 -0.156028210849993
5.22 -0.137183541877699
5.23 -0.129079354384194
5.24 -0.123324307901283
5.25 -0.139795583431266
5.26 -0.099893870450473
5.27 -0.091070112674607
5.28 -0.076905179758526
5.29 -0.029006789709694
5.3 -0.001840943624168
5.31 0.007318650680668
5.32 0.023864029347618
5.33 0.060814094989191
5.34 0.065798010015766
5.35 0.070339997845217
5.36 0.07897875437339
5.37 0.089883381022998
5.38 0.096546553371999
5.39 0.11038883680079
5.4 0.122074599439321
5.41 0.128366991070315
5.42 0.12155697218739
5.43 0.114507870330362
5.44 0.107065646834381
5.45 0.079190132198919
5.46 0.060193621547343
5.47 0.037503367608729
5.48 0.015484269817106
5.49 0.008516039992906
5.5 0.007205369842167
5.51 -0.01041261991058
5.52 -0.027352826192805
5.53 -0.034655709287409
5.54 -0.04800301830573
5.55 -0.062290311580987
5.56 -0.066004551384467
5.57 -0.068292803886147
5.58 -0.08512969549186
5.59 -0.090272422753892
5.6 -0.085449782992987
5.61 -0.10677172781552
5.62 -0.112225512155015
5.63 -0.124052731955335
5.64 -0.134655579890833
5.65 -0.141462286141506
5.66 -0.14395484872991
5.67 -0.146013022554948
5.68 -0.156097084205507
5.69 -0.145420505035815
5.7 -0.128005447220079
5.71 -0.089208778001041
5.72 -0.072776765441638
5.73 -0.081997779263543
5.74 -0.092005288889334
5.75 -0.102451647648674
5.76 -0.087534805504339
5.77 -0.065647663083293
5.78 -0.050649072514161
5.79 -0.050042928490531
5.8 -0.058778934595178
5.81 -0.036412758664111
5.82 -0.041856550284622
5.83 -0.037854170400125
5.84 -0.032817256702968
5.85 -0.024522408366835
5.86 -0.018346782125134
5.87 0.006510940444642
5.88 0.037872538550194
5.89 0.044940110218509
5.9 0.055027041720694
5.91 0.066124830774543
5.92 0.059761913426467
5.93 0.040862213718011
5.94 -0.021487516083284
5.95 -0.087510002052401
5.96 -0.062032367427721
5.97 -0.076527201006534
5.98 -0.067417829423728
5.99 -0.078596256265612
6.0 -0.097759763637116
6.01 -0.118617074412003
6.02 -0.094211873114586
6.03 -0.011571920301359
6.04 -0.015914679061108
6.05 0.027329940349881
6.06 0.041754443062817
6.07 0.078073745767298
6.08 0.122435582117307
6.09 0.202370396630923
6.1 0.242829001001713
6.11 0.251366053592839
6.12 0.28000108703064
6.13 0.278639826428638
6.14 0.267507767715068
6.15 0.268899298783605
6.16 0.248648361140865
6.17 0.256387237090695
6.18 0.250903651359826
6.19 0.256926610169571
6.2 0.241935498799857
6.21 0.215123755208079
6.22 0.148735094800652
6.23 0.076804006312467
6.24 0.049406663135041
6.25 0.042302177343102
6.26 0.047231209576282
6.27 0.030884337066531
6.28 -0.006690451384619
6.29 -0.064528663403586
6.3 -0.113886778216974
6.31 -0.132325311869053
6.32 -0.135456476809811
6.33 -0.133320595056693
6.34 -0.133607441906978
6.35 -0.135062463594944
6.36 -0.126354232644388
6.37 -0.11386069353493
6.38 -0.089405802357511
6.39 -0.071017502675012
6.4 -0.060526671008668
6.41 -0.03247879400041
6.42 -0.006588936760371
6.43 0.015627479294233
6.44 0.023367837352063
6.45 0.022749950344837
6.46 0.025104947540277
6.47 0.047118111553002
6.48 0.090149797837778
6.49 0.117345749213561
6.5 0.099881214095507
6.51 0.070465415370209
6.52 0.049628879872176
6.53 0.027932817537282
6.54 0.014206247428377
6.55 0.024834403840786
6.56 0.028126428203992
6.57 0.030735767081447
6.58 0.033217081358208
6.59 0.031397396395966
6.6 0.021302578989396
6.61 0.010518094354914
6.62 0.011273644286914
6.63 0.019844499110405
6.64 0.046829888926752
6.65 0.074345229489616
6.66 0.080782869373303
6.67 0.083424984540304
6.68 0.053539347999841
6.69 -0.007053474980248
6.7 -0.008348205394223
6.71 -0.01899894105
6.72 -0.021423580836117
6.73 -0.036034057606868
6.74 -0.044898700517325
6.75 -0.071766023042933
6.76 -0.085596184074313
6.77 -0.043672109778209
6.78 -0.007239571030554
6.79 0.000871267404131
6.8 0.020651215938251
6.81 0.028623027704067
6.82 0.070626881788449
6.83 0.10502643618916
6.84 0.155938954463743
6.85 0.170404701861771
6.86 0.154037531511096
6.87 0.152904741961547
6.88 0.183478487859721
6.89 0.185432557797215
6.9 0.162984124278993
6.91 0.130121477164847
6.92 0.128813808016674
6.93 0.130602493220304
6.94 0.134084868228469
6.95 0.137378524503716
6.96 0.122923247088322
6.97 0.100805150937046
6.98 0.119143390996773
6.99 0.135114337017105
7.0 0.148640582915342
7.01 0.148214342638509
7.02 0.144066539335636
7.03 0.131514968903507
7.04 0.141776765647108
7.05 0.143585549558816
7.06 0.115488130420785
7.07 0.097041089633032
7.08 0.077121802401892
7.09 0.044846442102277
7.1 -0.00044580479354
7.11 -0.047523344547469
7.12 -0.106474354630632
7.13 -0.170258620204665
7.14 -0.218167870991633
7.15 -0.260826402583651
7.16 -0.302289560796267
7.17 -0.348934677290053
7.18 -0.392317431314493
7.19 -0.453734481342986
7.2 -0.512706176168495
7.21 -0.548962833467599
7.22 -0.556331966336885
7.23 -0.552681746169596
7.24 -0.542231103384114
7.25 -0.555094406262245
7.26 -0.566063856501566
7.27 -0.567987734820126
7.28 -0.56105421400485
7.29 -0.446510415383099
7.3 -0.26296334102642
7.31 -0.20067408218456
7.32 -0.24530237614991
7.33 -0.188146729306939
7.34 -0.156561059075343
7.35 -0.120099487747209
7.36 -0.005356262078973
7.37 0.09910239169532
7.38 0.149343389712392
7.39 0.138991096132618
7.4 0.166229327946083
7.41 0.216936489209152
7.42 0.23144828083206
7.43 0.263017230741976
7.44 0.302845535479812
7.45 0.316861371830936
7.46 0.337422236723969
7.47 0.361714506521938
7.48 0.376170335473349
7.49 0.39467298352621
7.5 0.411677360201767
7.51 0.422724954979974
7.52 0.434133678953224
7.53 0.467502178094232
7.54 0.48975705368136
7.55 0.495482202165765
7.56 0.505734763441778
7.57 0.496433216184196
7.58 0.482088106829257
7.59 0.457040807795793
7.6 0.321416390333826
7.61 0.137828523033931
7.62 0.153921580336293
7.63 0.176891500161986
7.64 0.106826604046137
7.65 0.092703594331624
7.66 0.020823312748982
7.67 -0.12226595657743
7.68 -0.256815547938096
7.69 -0.276818245540936
7.7 -0.276611494589992
7.71 -0.337336884406383
7.72 -0.376834517442681
7.73 -0.391974634850561
7.74 -0.422644326443765
7.75 -0.451536459376778
7.76 -0.454556752637028
7.77 -0.461587243586447
7.78 -0.454934782260655
7.79 -0.441734208195498
7.8 -0.42148153910666
7.81 -0.406015780984394
7.82 -0.373976604338108
7.83 -0.362981470790803
7.84 -0.347920048858248
7.85 -0.336801598795123
7.86 -0.320655324575084
7.87 -0.290346208321198
7.88 -0.246537445797373
7.89 -0.181938560081777
7.9 -0.107998386443819
7.91 -0.045956042579407
7.92 -0.041562323703261
7.93 -0.05368802404227
7.94 -0.04241815736771
7.95 -0.028236657307249
7.96 0.006270264155712
7.97 0.04989325137877
7.98 0.087516030035842
7.99 0.080599321842338
8.0 0.056459894872569
8.01 0.052842252773003
8.02 0.035274245200733
8.03 0.015310225434546
8.04 -0.007916239307804
8.05 -0.03761877394208
8.06 -0.063900376516608
8.07 -0.077603804531116
8.08 -0.095332805481209
8.09 -0.116099750895965
8.1 -0.124401709854545
8.11 -0.102606709314858
8.12 -0.036142535834598
8.13 0.015764144584385
8.14 0.018531310999861
8.15 0.048481871765985
8.16 0.04333509606155
8.17 0.070773550599538
8.18 0.098565137415658
8.19 0.134781404473413
8.2 0.161516403034539
8.21 0.199403552890632
8.22 0.301043421694766
8.23 0.333155800272502
8.24 0.322545113057962
8.25 0.340445063601532
8.26 0.336600418840379
8.27 0.312282264397076
8.28 0.328863416626398
8.29 0.35385615064993
8.3 0.379633218698748
8.31 0.409393273085659
8.32 0.418283159262444
8.33 0.45190114565983
8.34 0.442652651095339
8.35 0.448162109609361
8.36 0.4435160649849
8.37 0.445718729284212
8.38 0.441414573540813
8.39 0.438262536597655
8.4 0.436846185695539
8.41 0.395936660006922
8.42 0.146100830770308
8.43 0.130645416992406
8.44 0.16025207218253
8.45 0.116492919501016
8.46 0.080351778815682
8.47 0.049156112903114
8.48 -0.058496749767063
8.49 -0.226260365236894
8.5 -0.296583914178678
8.51 -0.272909082007436
8.52 -0.34163973504118
8.53 -0.393410449186825
8.54 -0.418337472142863
8.55 -0.446180908283544
8.56 -0.470042031688923
8.57 -0.486394493904348
8.58 -0.49069353065098
8.59 -0.501058784799247
8.6 -0.510611964602916
8.61 -0.525115536128064
8.62 -0.55405021236128
8.63 -0.58032761735648
8.64 -0.583620982807657
8.65 -0.583888048515258
8.66 -0.563691872978633
8.67 -0.538354046123407
8.68 -0.50481563092843
8.69 -0.476226262522894
8.7 -0.464910772736318
8.71 -0.389900288434268
8.72 -0.28959090753572
8.73 -0.231934706442645
8.74 -0.195223048601918
8.75 -0.150459248167269
8.76 -0.088841131258778
8.77 -0.036055300955921
8.78 0.068144334860397
8.79 0.167680294637561
8.8 0.236787978625693
8.81 0.282956704038564
8.82 0.31079423600662
8.83 0.355593143822698
8.84 0.399152218427141
8.85 0.436304354594395
8.86 0.466207458476154
8.87 0.495684776020052
8.88 0.511649662315904
8.89 0.52397858248362
8.9 0.527715856178156
8.91 0.526056640824631
8.92 0.51626396688003
8.93 0.484434475130838
8.94 0.480601764173193
8.95 0.449750700646315
8.96 0.437073419086598
8.97 0.413407217719815
8.98 0.393849872966381
8.99 0.378162993406592
9.0 0.364113138383506
9.01 0.327432043721261
9.02 0.291139181137988
9.03 0.218081000230698
9.04 0.167162682802459
9.05 0.119379305173002
9.06 0.142169471754151
9.07 0.12521376207106
9.08 0.096779302028701
9.09 0.044668755802602
9.1 -0.014215655622862
9.11 -0.077406785046472
9.12 -0.11785445299856
9.13 -0.126219045203749
9.14 -0.128255301313471
9.15 -0.151807452756192
9.16 -0.177184487927023
9.17 -0.202739190027888
9.18 -0.229713571923099
9.19 -0.250620330205222
9.2 -0.273581180157249
9.21 -0.289326044967488
9.22 -0.312627754703074
9.23 -0.335031432169041
9.24 -0.358408317052414
9.25 -0.377228106704187
9.26 -0.394519278354265
9.27 -0.407512939587246
9.28 -0.41362985083319
9.29 -0.430859946714274
9.3 -0.453932589157151
9.31 -0.450731088055215
9.32 -0.445634078574193
9.33 -0.377098593356801
9.34 -0.175036433061134
9.35 -0.214840693720199
9.36 -0.250480291794641
9.37 -0.211307914653478
9.38 -0.252560403559147
9.39 -0.206660004536207
9.4 -0.157206880001692
9.41 -0.073711124204428
9.42 -0.145640731514686
9.43 -0.14223105465679
9.44 -0.121149698201005
9.45 -0.136415629809651
9.46 -0.12154088532968
9.47 -0.130313350060708
9.48 -0.147279030430715
9.49 -0.113189306308484
9.5 -0.072483935724995
9.51 -0.053967996430074
9.52 -0.040931035571887
9.53 0.00436456379789
9.54 0.132126650857902
9.55 0.138665106403335
9.56 0.218147494484363
9.57 0.253298015938416
9.58 0.278682265339404
9.59 0.296065486263321
9.6 0.328938951580789
9.61 0.413395156128903
9.62 0.464733406748526
9.63 0.470954399733596
9.64 0.498240797047803
9.65 0.511347785261288
9.66 0.506035960120389
9.67 0.517283560100776
9.68 0.516089667923134
9.69 0.546159299621156
9.7 0.539036159739556
9.71 0.536469943337902
9.72 0.487418653650489
9.73 0.467403561618991
9.74 0.415123413747312
9.75 0.318485368539942
9.76 0.216005896208743
9.77 0.165779557918296
9.78 0.15728963038958
9.79 0.126487806581649
9.8 0.086128937546048
9.81 0.032915614945603
9.82 -0.040434424390219
9.83 -0.125925821012458
9.84 -0.169591361198653
9.85 -0.18665603319615
9.86 -0.21627975957801
9.87 -0.249600170841974
9.88 -0.272215096645925
9.89 -0.284457932130725
9.9 -0.293070541399459
9.91 -0.304697307527452
9.92 -0.309799817600214
9.93 -0.317902165882437
9.94 -0.332590155999195
9.95 -0.347731482862296
9.96 -0.363399920701127
9.97 -0.37389953827276
9.98 -0.373837472173635
9.99 -0.382119895903469
10.0 -0.393939168310249
10.01 -0.395281369174644
10.02 -0.398438533328972
10.03 -0.392612958415616
10.04 -0.351251873323518
10.05 -0.03461791941343
10.06 -0.124808691217406
10.07 -0.128806071160672
10.08 -0.108076568877442
10.09 -0.116363102157661
10.1 -0.09090697890516
10.11 0.016067145992047
10.12 0.182659162342113
10.13 0.188916268896136
10.14 0.137121097607188
10.15 0.212184769604664
10.16 0.195927239175594
10.17 0.206597335344581
10.18 0.230185982930255
10.19 0.236130084814823
10.2 0.248392373141947
10.21 0.256201648557391
10.22 0.278198912637266
10.23 0.30128247495829
10.24 0.325901998889419
10.25 0.341904943045761
10.26 0.364869269227318
10.27 0.38936251128112
10.28 0.40968960093564
10.29 0.432535970879702
10.3 0.456986543148973
10.31 0.467122388497319
10.32 0.466499222261872
10.33 0.361916524971293
10.34 -0.024036546065739
10.35 0.163621349651422
10.36 0.080180807027757
10.37 0.067264377958968
10.38 0.089157066803746
10.39 0.014475808974052
10.4 -0.122931130173662
10.41 -0.3250955330274
10.42 -0.317551505593737
10.43 -0.253193622603582
10.44 -0.344980753598314
10.45 -0.296267914501668
10.46 -0.279347304133363
10.47 -0.281170573800269
10.48 -0.227689434221604
10.49 -0.195266238632623
10.5 -0.144748088877969
10.51 -0.116582131351486
10.52 -0.111178905076008
10.53 -0.107591502059251
10.54 -0.097817584733473
10.55 -0.090131572845222
10.56 -0.072463932107645
10.57 -0.073443376466306
10.58 -0.118486690578937
10.59 -0.146609673956379
10.6 -0.197367407642728
10.61 -0.207975815743023
10.62 -0.222932868819197
10.63 -0.157259313800399
10.64 -0.103419416752618
10.65 -0.176700248476971
10.66 -0.142754589148597
10.67 -0.162771376832976
10.68 -0.147919132645741
10.69 -0.113073169514547
10.7 -0.029094214507546
10.71 0.026759429162951
10.72 -0.005772322251603
10.73 0.024404404839836
10.74 0.057364267036758
10.75 0.048584214904491
10.76 0.058507801597605
10.77 0.066489571123389
10.78 0.070230960416204
10.79 0.063785842834291
10.8 0.045479234596569
10.81 0.031034553414268
10.82 -0.00568810607501
10.83 -0.027500169396369
10.84 -0.032729463646419
10.85 -0.061176740865645
10.86 -0.07193931575786
10.87 -0.105397772591683
10.88 -0.136209692335839
10.89 -0.169329366933478
10.9 -0.192705352459607
10.91 -0.186230703934955
10.92 -0.168045380160015
10.93 -0.146077047735491
10.94 -0.11222440985049
10.95 -0.064470109890525
10.96 -0.054951354566994
10.97 -0.053583735911912
10.98 -0.023915232318575
10.99 -0.003172576673311
11.0 0.033730214811919
11.01 0.064064536384457
11.02 0.103917298177338
11.03 0.108032487452162
11.04 0.116835972818768
11.05 0.133021741985494
11.06 0.132787074703114
11.07 0.133571577999135
11.08 0.1292954537798
11.09 0.144772948393934
11.1 0.173010029540316
11.11 0.209013343480449
11.12 0.220881103425309
11.13 0.217063527578697
11.14 0.228582396628198
11.15 0.260127022333809
11.16 0.28560352241118
11.17 0.316605184403914
11.18 0.354300572282298
11.19 0.36894437380067
11.2 0.365748616534195
11.21 0.368887127827467
11.22 0.384781260420121
11.23 0.379285544986413
11.24 0.361950261401203
11.25 0.310369721224258
11.26 0.224026379892539
11.27 0.223893850186023
11.28 0.215327176157645
11.29 0.186307321722837
11.3 0.161211513591308
11.31 0.089257815539132
11.32 0.028384860996404
11.33 -0.052972072211904
11.34 -0.063211503768922
11.35 -0.083320875482214
11.36 -0.123175083092906
11.37 -0.146515863126333
11.38 -0.183326591680244
11.39 -0.219639538367642
11.4 -0.245830125063448
11.41 -0.283318303736204
11.42 -0.309361535838482
11.43 -0.342913715543772
11.44 -0.367654947217299
11.45 -0.383889252557232
11.46 -0.399485109547478
11.47 -0.406781330087151
11.48 -0.413454966355324
11.49 -0.400074383386674
11.5 -0.377034827767928
11.51 -0.383837553337713
11.52 -0.37688032556873
11.53 -0.378574919506076
11.54 -0.334974166269002
11.55 -0.232166415209788
11.56 -0.133592985740989
11.57 -0.124429265737898
11.58 -0.108394861178395
11.59 -0.079488475793242
11.6 -0.05705267122395
11.61 0.002650076185928
11.62 0.082858102362161
11.63 0.143646096824003
11.64 0.142030455513889
11.65 0.148237719890275
11.66 0.174838043562462
11.67 0.18659005632769
11.68 0.195212250830263
11.69 0.206930624389291
11.7 0.212093295255377
11.71 0.217972356995282
11.72 0.224545240157437
11.73 0.236179379638181
11.74 0.246428561690395
11.75 0.248889151063634
11.76 0.247065969952418
11.77 0.259269948879035
11.78 0.263766928602664
11.79 0.269778671322842
11.8 0.289270148325851
11.81 0.30750158694324
11.82 0.328342372215339
11.83 0.342212001089853
11.84 0.351707114672967
11.85 0.34870999981953
11.86 0.3460264823135
11.87 0.330525971620424
11.88 0.272493756187041
11.89 0.180532032474471
11.9 0.225844888142188
11.91 0.198795472063904
11.92 0.209293068065796
11.93 0.178913439333538
11.94 0.146300360657728
11.95 0.061086916992453
11.96 0.008372978944618
11.97 0.017507377044729
11.98 -0.000368931150261
11.99 -0.018582156969301
12.0 -0.023427753838404
12.01 -0.049622803071277
12.02 -0.057896495046679
12.03 -0.086448791144624
12.04 -0.098918267423298
12.05 -0.121844653505607
12.06 -0.138485853024124
12.07 -0.157919523479761
12.08 -0.181335193414045
12.09 -0.208255642679137
12.1 -0.23653568707278
12.11 -0.265552373144823
12.12 -0.292997204549424
12.13 -0.31363914030526
12.14 -0.332005884787984
12.15 -0.346623693897222
12.16 -0.35822247494992
12.17 -0.366662898881191
12.18 -0.364191929105495
12.19 -0.355139089551949
12.2 -0.359109290225437
12.21 -0.324015207034176
12.22 -0.30529752389051
12.23 -0.28498922576751
12.24 -0.251512776968946
12.25 -0.186510029596
12.26 -0.156971917544073
12.27 -0.136657132076572
12.28 -0.099528010332724
12.29 -0.07498435987244
12.3 -0.057575120553999
12.31 -0.019092187721892
12.32 0.020714201894464
12.33 0.032757093177105
12.34 0.028774020702801
12.35 0.038111531036226
12.36 0.04223838307439
12.37 0.041147805106341
12.38 0.047276164724665
12.39 0.055423070569296
12.4 0.066189989086377
12.41 0.080241953254665
12.42 0.091200325785074
12.43 0.100125060949028
12.44 0.104210444841561
12.45 0.10822053117169
12.46 0.11050594885785
12.47 0.113888734960033
12.48 0.117316697691059
12.49 0.117707338765977
12.5 0.108812024797526
12.51 0.077154293395596
12.52 0.03680561686487
12.53 0.030955878437732
12.54 0.034201271438155
12.55 0.033828260413774
12.56 0.030881979376525
12.57 0.022968613217323
12.58 0.012604809208855
12.59 0.009807126306888
12.6 0.028682365619023
12.61 0.044900843814513
12.62 0.052138164604967
12.63 0.052171943318713
12.64 0.072452736479853
12.65 0.116049520096972
12.66 0.126422860816736
12.67 0.114763358065343
12.68 0.084788776028236
12.69 0.04113520853489
12.7 0.023138514247683
12.71 0.031731147359341
12.72 0.042378793403165
12.73 0.031222841020825
12.74 0.012314724566443
12.75 -0.024807873727571
12.76 -0.052541678521847
12.77 -0.061440739249913
12.78 -0.077725774471098
12.79 -0.089511120371395
12.8 -0.107535909955016
12.81 -0.113412097340142
12.82 -0.122162738320355
12.83 -0.127187308192208
12.84 -0.13253338861955
12.85 -0.134702586255402
12.86 -0.13634011896377
12.87 -0.146383410480902
12.88 -0.145668986125714
12.89 -0.144283299131006
12.9 -0.132835743137458
12.91 -0.104628246361914
12.92 -0.082265560612113
12.93 -0.067363127260056
12.94 -0.038641707948622
12.95 -0.027130930709436
12.96 -0.017926746670223
12.97 -0.011201677740589
12.98 0.017221374623162
12.99 0.033414429717079
13.0 0.050941549576193
13.01 0.069641139396195
13.02 0.073512609884042
13.03 0.068012070826926
13.04 0.068533524930149
13.05 0.07493318735059
13.06 0.084353815752239
13.07 0.089495006862272
13.08 0.091243404588746
13.09 0.079911048418405
13.1 0.062823430775892
13.11 0.057444486492281
13.12 0.066494928901257
13.13 0.072674432451678
13.14 0.075285632038546
13.15 0.067487254009571
13.16 0.030453741763405
13.17 0.007931933347961
13.18 0.008204799014921
13.19 0.004777619123447
13.2 -0.003496785570321
13.21 -0.008286459555585
13.22 -0.02711600192147
13.23 -0.052286353393339
13.24 -0.067487013107552
13.25 -0.077491926971759
13.26 -0.08894591449545
13.27 -0.099725185748822
13.28 -0.112609847112744
13.29 -0.123154704516267
13.3 -0.130700028612539
13.31 -0.133136631526737
13.32 -0.134313645790101
13.33 -0.13464393489652
13.34 -0.127760344408855
13.35 -0.113164346453722
13.36 -0.097313889429435
13.37 -0.083380094446735
13.38 -0.07466484967002
13.39 -0.070019555927026
13.4 -0.055532604902914
13.41 -0.031862274264676
13.42 0.003006153157548
13.43 0.029592150739744
13.44 0.042586996227142
13.45 0.053857685225665
13.46 0.060244525307709
13.47 0.070455644289796
13.48 0.082335565530877
13.49 0.096949959856834
13.5 0.105762090168345
13.51 0.10881307675891
13.52 0.112802498105449
13.53 0.113741626859264
13.54 0.10568418540959
13.55 0.091663169751643
13.56 0.071860001884411
13.57 0.054098361166308
13.58 0.04376605875882
13.59 0.017235997609362
13.6 -0.008871814346657
13.61 -0.025898081843231
13.62 -0.040911212486346
13.63 -0.054248736860618
13.64 -0.066498984187415
13.65 -0.083253167498923
13.66 -0.099404274323171
13.67 -0.113764137234928
13.68 -0.126152188471872
13.69 -0.129039483028226
13.7 -0.133981192178206
13.71 -0.135060563981821
13.72 -0.138624079951078
13.73 -0.136695088406362
13.74 -0.131725042382769
13.75 -0.11472726746138
13.76 -0.095082641577965
13.77 -0.078867604113181
13.78 -0.068886279610244
13.79 -0.053736716311506
13.8 -0.032484163417758
13.81 -0.00676346663254
13.82 0.015295146361947
13.83 0.034454339689777
13.84 0.048308919930482
13.85 0.057852185683008
13.86 0.069835033705363
13.87 0.082877691151872
13.88 0.093036916017113
13.89 0.100916396994505
13.9 0.105810450547101
13.91 0.110163877037134
13.92 0.113081545858172
13.93 0.117625317363059
13.94 0.122738882444159
13.95 0.128001796989604
13.96 0.125793451884913
13.97 0.115009986939257
13.98 0.110692245532936
13.99 0.125237212759333
14.0 0.12559698388277
14.01 0.122489143371828
14.02 0.081249805068943
14.03 0.069867989577766
14.04 0.058884530942774
14.05 0.043971495716991
14.06 0.041337377195059
14.07 0.02435517230443
14.08 0.005296633357068
14.09 -0.015081315966263
14.1 -0.018140279240763
14.11 -0.019129939159742
14.12 -0.034920652287457
14.13 -0.033144917155354
14.14 -0.043363631060386
14.15 -0.036432545592385
14.16 -0.028776725120419
14.17 -0.020121920242236
14.18 -0.019933831155197
14.19 -0.012829461601767
14.2 -0.009687934336522
14.21 -0.003816348447505
14.22 0.000529565444335
14.23 0.008881471325034
14.24 0.015183718727049
14.25 0.024929794063231
14.26 0.039292488036533
14.27 0.053007483094826
14.28 0.058136325527282
14.29 0.053538229175337
14.3 0.043978868692273
14.31 0.029647748062241
14.32 0.006472912574011
14.33 -0.003375405168152
14.34 0.000258163565466
14.35 -0.008786952188502
14.36 -0.017705483791087
14.37 -0.031237310456018
14.38 -0.045093013601953
14.39 -0.06006879689605
14.4 -0.060779070089739
14.41 -0.052400375155087
14.42 -0.052472814953415
14.43 -0.0531156594542
14.44 -0.050508437889969
14.45 -0.052057831985975
14.46 -0.058147594961782
14.47 -0.067581033235512
14.48 -0.076405060853128
14.49 -0.077691705554301
14.5 -0.086784643947643
14.51 -0.105157453143524
14.52 -0.107212612426394
14.53 -0.12352649986507
14.54 -0.130908969420082
14.55 -0.13573788543924
14.56 -0.13854696836246
14.57 -0.146081244173473
14.58 -0.151023391867775
14.59 -0.141138671213136
14.6 -0.134588861076887
14.61 -0.127627471022477
14.62 -0.126034687876896
14.63 -0.126761265825071
14.64 -0.122653746980535
14.65 -0.107818883796109
14.66 -0.09263983410158
14.67 -0.086054665976954
14.68 -0.078044068762765
14.69 -0.074528932937217
14.7 -0.06673033548754
14.71 -0.051816297828737
14.72 -0.028892256204377
14.73 -0.010030136917763
14.74 0.005015123289452
14.75 0.015675223879573
14.76 0.024544958013879
14.77 0.036465453326669
14.78 0.055502079430321
14.79 0.073605612150036
14.8 0.090325289937482
14.81 0.104219755308671
14.82 0.113823930200614
14.83 0.119424435622398
14.84 0.12690673900062
14.85 0.133958766261647
14.86 0.139827053901853
14.87 0.142850831304406
14.88 0.143709505409053
14.89 0.141351693812465
14.9 0.143048036657285
14.91 0.133097548795783
14.92 0.130682821600487
14.93 0.125082884938676
14.94 0.099381576935463
14.95 0.081253584574355
14.96 0.081623354363428
14.97 0.075531790380443
14.98 0.072231497940393
14.99 0.054024862684056
15.0 0.032994945518888
15.01 0.014912350960321
15.02 0.012900800463555
15.03 0.009080374798006
15.04 0.004965632742415
15.05 -0.002657349908504
15.06 -0.012798177045784
15.07 -0.019562487297037
15.08 -0.017659314779142
15.09 -0.01612159079206
15.1 -0.018580783955332
15.11 -0.019690480853482
15.12 -0.023899549227222
15.13 -0.027038421064844
15.14 -0.026280883156735
15.15 -0.034294770506886
15.16 -0.041107919084344
15.17 -0.046994701308936
15.18 -0.049060319729481
15.19 -0.050801065969865
15.2 -0.050337128027148
15.21 -0.049242232909447
15.22 -0.048876707174777
15.23 -0.047559964453272
15.24 -0.021447340411885
15.25 -0.000585914123703
15.26 -0.007460582927379
15.27 0.003095754337763
15.28 0.003744162366235
15.29 0.013486737467828
15.3 0.026780548178352
15.31 0.04840206633336
15.32 0.050525365351096
15.33 0.038983342349685
15.34 0.03846073132526
15.35 0.030217431687829
15.36 0.027854549826754
15.37 0.022297303199601
15.38 0.019413320984054
15.39 0.017812144146958
15.4 0.020639874228533
15.41 0.026279454374669
15.42 0.029483077516128
15.43 0.031888880927102
15.44 0.029882463122937
15.45 0.020250818604208
15.46 0.009631101448361
15.47 0.002756283944929
15.48 -0.005275029002209
15.49 -0.00912501771936
15.5 -0.004639419564869
15.51 -0.002527628169925
15.52 -0.004676950799265
15.53 -0.00169048741202
15.54 0.013801179263224
15.55 0.026498755717934
15.56 0.049095860987936
15.57 0.061963678926981
15.58 0.069353271025834
15.59 0.073480306423166
15.6 0.10766687876324
15.61 0.140935709418187
15.62 0.154221692352992
15.63 0.172212294333734
15.64 0.177957307518384
15.65 0.171204350712299
15.66 0.170614279913622
15.67 0.168419022441659
15.68 0.179062243966918
15.69 0.160854089781813
15.7 0.141686153008331
15.71 0.104419750969242
15.72 0.04119284435358
15.73 0.044804338465469
15.74 0.025505480400071
15.75 -0.001018075060981
15.76 -0.013485429835026
15.77 -0.055805515421063
15.78 -0.085659784218532
15.79 -0.127635550994274
15.8 -0.120619102990758
15.81 -0.125479557359921
15.82 -0.134952301591237
15.83 -0.127013687318552
15.84 -0.127703192545991
15.85 -0.120633368629517
15.86 -0.122386641217164
15.87 -0.118467694847204
15.88 -0.113162712057017
15.89 -0.106216912840506
15.9 -0.112599134474508
15.91 -0.116476369878632
15.92 -0.119873820488816
15.93 -0.128264013854228
15.94 -0.123760598798799
15.95 -0.123682544678614
15.96 -0.137146657769541
15.97 -0.135444183522858
15.98 -0.068115589834559
15.99 -0.021488481171636
16.0 -0.047345143615762
16.01 -0.010177370261359
16.02 -0.015596831487298
16.03 0.002588277457754
16.04 0.030314252516778
16.05 0.100901114789013
16.06 0.117532242924813
16.07 0.103329751382671
16.08 0.115464021507665
16.09 0.103173153067493
16.1 0.094703921315481
16.11 0.072494069869168
16.12 0.059415278083658
16.13 0.050435085354605
16.14 0.030334586795285
16.15 0.021508046452314
16.16 0.011168063880862
16.17 0.01452296145347
16.18 0.018961240022147
16.19 0.017107549181281
16.2 0.013086735112446
16.21 0.006715522402935
16.22 0.011181462272659
16.23 0.008392461701951
16.24 0.009276918376077
16.25 0.012389193497749
16.26 0.034090084836825
16.27 0.036877013608215
16.28 0.044061448845959
16.29 0.04876317111003
16.3 0.040778050488546
16.31 0.042380958985814
16.32 0.052339106667674
16.33 0.075092879459274
16.34 0.07373338191651
16.35 0.076460539636106
16.36 0.088314978591567
16.37 0.100513693988733
16.38 0.09909546746755
16.39 0.105253906289757
16.4 0.104513323675445
16.41 0.104721142539998
16.42 0.103214524862
16.43 0.099810843321479
16.44 0.093066940862071
16.45 0.043210821528434
16.46 0.012254723811342
16.47 0.018960305690156
16.48 0.019489936328349
16.49 0.022278854761236
16.5 0.000814781615267
16.51 -0.015971972886762
16.52 -0.060257847570603
16.53 -0.068468513472289
16.54 -0.065663835966925
16.55 -0.064919011218972
16.56 -0.065992940872312
16.57 -0.065946793012034
16.58 -0.070836902215065
16.59 -0.06950715515246
16.6 -0.068375331063498
16.61 -0.0674224326819
16.62 -0.072888346750614
16.63 -0.074893419021692
16.64 -0.078483351671678
16.65 -0.077202761146318
16.66 -0.077807555065283
16.67 -0.082317547417017
16.68 -0.090077719107903
16.69 -0.102905413748017
16.7 -0.109411433841076
16.71 -0.111381093878586
16.72 -0.105697566635352
16.73 -0.099024656424085
16.74 -0.089125030303242
16.75 -0.059828515304634
16.76 -0.052036190626876
16.77 -0.042009449670952
16.78 -0.030217594234665
16.79 -0.015794778109291
16.8 0.002518582788359
16.81 0.030836374281423
16.82 0.054851996408176
16.83 0.062430129968624
16.84 0.065878354166611
16.85 0.070078046336055
16.86 0.06536795694764
16.87 0.062092120384154
16.88 0.048088537260568
16.89 0.043875076548667
16.9 0.030668631109355
16.91 0.015261718545849
16.92 0.002074896160605
16.93 -0.004680126165636
16.94 -0.008166090149318
16.95 -0.005506675978623
16.96 -0.002719152070642
16.97 -0.000940751394706
16.98 -0.002005186787264
16.99 -0.001822405057548
17.0 -0.009215200781723
17.01 -0.005394482137241
17.02 0.005225252428306
17.03 0.004707741874822
17.04 0.00218024898685
17.05 0.006945138987728
17.06 -0.003913139756598
17.07 -0.004780047303379
17.08 0.005057338462273
17.09 0.022592179773784
17.1 0.027277064808846
17.11 0.029636158046431
17.12 0.031309652587275
17.13 0.033562982856424
17.14 0.039795564366287
17.15 0.049768996849031
17.16 0.06249553335389
17.17 0.075289305909548
17.18 0.068098320478935
17.19 0.065942820981138
17.2 0.042918453101106
17.21 0.013941889523072
17.22 -0.00151034506714
17.23 -0.000712986884851
17.24 -0.014129092510012
17.25 -0.015700020628097
17.26 -0.02669378181346
17.27 -0.045386922619643
17.28 -0.062382398836787
17.29 -0.072137079844519
17.3 -0.082810220323734
17.31 -0.096668448867323
17.32 -0.103370335974755
17.33 -0.113317473763354
17.34 -0.118484368879712
17.35 -0.121100980826393
17.36 -0.1204818414589
17.37 -0.121710051576193
17.38 -0.134187654553094
17.39 -0.146090295679501
17.4 -0.148756689248266
17.41 -0.153594929502146
17.42 -0.149700581957342
17.43 -0.141912479270017
17.44 -0.127777277583697
17.45 -0.10877337289323
17.46 -0.059088854219034
17.47 -0.029936115917975
17.48 -0.02782096605316
17.49 -0.004258398292235
17.5 0.0022903507641
17.51 0.027878856127423
17.52 0.05825164762025
17.53 0.10274333107289
17.54 0.120863934839752
17.55 0.130545416442266
17.56 0.148838234036962
17.57 0.155292888531816
17.58 0.163460339450482
17.59 0.169464937396276
17.6 0.169943413094906
17.61 0.17202152984549
17.62 0.161057013914866
17.63 0.163981787742692
17.64 0.162354545716257
17.65 0.147244605592077
17.66 0.117622531582934
17.67 0.091547765141338
17.68 0.080409782875256
17.69 0.064192334796348
17.7 0.050366114647288
17.71 0.026412706498685
17.72 -0.003326571229901
17.73 -0.031564214398418
17.74 -0.038927713753648
17.75 -0.034571582318925
17.76 -0.0369506621986
17.77 -0.042006655521689
17.78 -0.048807782069777
17.79 -0.059641569699518
17.8 -0.06553290311707
17.81 -0.064114424515946
17.82 -0.065959388079779
17.83 -0.069708058288112
17.84 -0.075987667383516
17.85 -0.088052678392963
17.86 -0.094143547382314
17.87 -0.098487021954696
17.88 -0.104295415289157
17.89 -0.103231765623127
17.9 -0.09497874601137
17.91 -0.04953616241659
17.92 0.006107077744646
17.93 -0.004726288571768
17.94 0.014953741408574
17.95 0.021062961213338
17.96 0.044399457260934
17.97 0.073943294638395
17.98 0.130650447340296
17.99 0.161571082004597
18.0 0.150384263483762
18.01 0.150549912381197
18.02 0.14567263871541
18.03 0.122172202505596
18.04 0.118963527319742
18.05 0.104874447639963
18.06 0.086841075124363
18.07 0.064992694708141
18.08 0.053010937853643
18.09 0.036629842598519
18.1 0.027267320656388
18.11 0.016102253239102
18.12 0.012821567531903
18.13 0.005330139414817
18.14 0.010930393489395
18.15 0.018844389290203
18.16 0.011098441988465
18.17 -0.003617715022832
18.18 0.004636321295377
18.19 0.02488485526038
18.2 0.035425338965117
18.21 0.046290496547289
18.22 0.039424292045332
18.23 0.01722946519284
18.24 0.001638749779927
18.25 0.003463853454742
18.26 0.000708605700389
18.27 -0.002029824215746
18.28 -0.004520952817495
18.29 -0.007371103842157
18.3 -0.034656464554152
18.31 -0.046015659918762
18.32 -0.057960351305167
18.33 -0.070967284986354
18.34 -0.078727333408093
18.35 -0.077666316414673
18.36 -0.081831675598786
18.37 -0.088414232990218
18.38 -0.093483482114102
18.39 -0.08527128692169
18.4 -0.084249151925513
18.41 -0.076875448580544
18.42 -0.06659688778571
18.43 -0.034697548549046
18.44 -0.021434530450082
18.45 -0.016247697334695
18.46 -0.002239227875117
18.47 0.00202681526508
18.48 0.013881611300611
18.49 0.028102324198592
18.5 0.039136527456202
18.51 0.034134828369748
18.52 0.023732987004044
18.53 0.015153545405184
18.54 0.004506935109152
18.55 0.008529499599746
18.56 -0.004667900447219
18.57 -0.017735955976585
18.58 -0.024432160071259
18.59 -0.021555137339291
18.6 -0.01736804266295
18.61 -0.010584052902046
18.62 -0.005960805792052
18.63 -0.007017273278758
18.64 -0.009978447250653
18.65 -0.011577439365165
18.66 -0.017627978153405
18.67 -0.023534941120891
18.68 -0.025989925040381
18.69 -0.027725399598767
18.7 -0.028706376754265
18.71 -0.031576816804377
18.72 -0.042954418283026
18.73 -0.050228348855278
18.74 -0.052676909242999
18.75 -0.051594970994607
18.76 -0.046854122900542
18.77 -0.041053695218948
18.78 -0.041818472450117
18.79 -0.042985909212547
18.8 -0.038560658878469
18.81 -0.032451547802736
18.82 -0.02792645920318
18.83 -0.022031770865563
18.84 -0.018044086299541
18.85 -0.012231734625493
18.86 -0.003863811094363
18.87 0.00497249970732
18.88 0.008306404484078
18.89 0.016705526058928
18.9 0.027084051175684
18.91 0.036027241380888
18.92 0.043853891564263
18.93 0.049765275160156
18.94 0.053524699493995
18.95 0.067569704568655
18.96 0.078263679937408
18.97 0.084081714607446
18.98 0.083658382207341
18.99 0.074456835586756
19.0 0.074662197826163
19.01 0.065297992026057
19.02 0.057176187311089
19.03 0.027143081478585
19.04 -0.00179618866592
19.05 -0.003283179648771
19.06 -0.01950086700103
19.07 -0.029238282993371
19.08 -0.04750280454092
19.09 -0.072860317781123
19.1 -0.102243690802526
19.11 -0.119466044472535
19.12 -0.120033263733119
19.13 -0.121397119594981
19.14 -0.116947899396266
19.15 -0.121031533998387
19.16 -0.122139200086033
19.17 -0.119872867157484
19.18 -0.113479336265017
19.19 -0.106980215369699
19.2 -0.097521508842581
19.21 -0.081255557527565
19.22 -0.06538342752486
19.23 -0.042347346516767
19.24 -0.01950896480013
19.25 -0.001789517014978
19.26 0.006234862497754
19.27 0.016626338519383
19.28 0.035944329576865
19.29 0.054623308119008
19.3 0.069852450065444
19.31 0.078131378922926
19.32 0.079969068783718
19.33 0.082541701107925
19.34 0.084941712676439
19.35 0.091265504384596
19.36 0.094281542242638
19.37 0.094181661379329
19.38 0.095101767774286
19.39 0.094262009208325
19.4 0.100937462028415
19.41 0.108066342702726
19.42 0.112354620415505
19.43 0.113241189284876
19.44 0.113244814865718
19.45 0.112318832992396
19.46 0.108594858107553
19.47 0.088794525698786
19.48 0.055769242814161
19.49 0.056066906758062
19.5 0.045303547859066
19.51 0.043311917324318
19.52 0.032653893945243
19.53 0.016144569010582
19.54 -0.01357564476066
19.55 -0.031041877608182
19.56 -0.02604972760791
19.57 -0.025174181546799
19.58 -0.018438879976234
19.59 -0.015349718975878
19.6 -0.012978792249811
19.61 -0.007163657073938
19.62 0.005049712686826
19.63 0.01819010202355
19.64 0.02680252200386
19.65 0.036181316657026
19.66 0.043816321286952
19.67 0.052467724050583
19.68 0.064623629501119
19.69 0.074399334708171
19.7 0.082092512726247
19.71 0.090827927627367
19.72 0.099446200205338
19.73 0.0942193199678
19.74 0.074788131904402
19.75 0.034437137323357
19.76 -0.00364579522025
19.77 -0.004624397523073
19.78 -0.010685508187567
19.79 -0.017872443631183
19.8 -0.032076349514207
19.81 -0.056539189745189
19.82 -0.087789993078866
19.83 -0.110974371152212
19.84 -0.120797062117536
19.85 -0.129062246470661
19.86 -0.112598951103218
19.87 -0.098930386737701
19.88 -0.072457970873595
19.89 -0.051935208413292
19.9 -0.052367622282132
19.91 -0.046926887781257
19.92 -0.047417412365265
19.93 -0.035234442801058
19.94 -0.037811655334059
19.95 -0.031962385375782
19.96 -0.035766654081097
19.97 -0.042440912360871
19.98 -0.044830141651025
19.99 -0.053838144142078
20.0 -0.044698924971993
20.01 -0.023366878942435
20.02 -0.033944379562472
20.03 -0.05084172128811
20.04 -0.057733802230366
20.05 -0.056596304500693
20.06 -0.03982304487334
20.07 -0.011781593890901
20.08 0.01098561580134
20.09 -0.000284454148661
20.1 0.006885348662403
20.11 0.008367614192899
20.12 0.01143482671013
20.13 0.019059064001809
20.14 0.024707085682814
20.15 0.02440472341667
20.16 0.029177795715355
20.17 0.037770681788787
20.18 0.040545557266575
20.19 0.037986207431276
20.2 0.038381052785247
20.21 0.03758850653777
20.22 0.040246463264778
20.23 0.036620335199879
20.24 0.032321862291362
20.25 0.006463823064117
20.26 -0.009716475266084
20.27 -0.001726905889627
20.28 -0.000722755826771
20.29 -0.006072137798053
20.3 -0.015556077273757
20.31 -0.034094260506494
20.32 -0.055129576918324
20.33 -0.057367023356287
20.34 -0.0402955035651
20.35 -0.036391073707501
20.36 -0.034563485982193
20.37 -0.029557814976489
20.38 -0.028354132140711
20.39 -0.023705195005666
20.4 -0.021270210232925
20.41 -0.021327705545634
20.42 -0.019927815673464
20.43 -0.016601958677091
20.44 -0.013475305427634
20.45 -0.011215385254716
20.46 -0.008100001909889
20.47 -0.007123448623388
20.48 -0.005733235929881
20.49 -0.002467025968924
20.5 -0.011950578745486
20.51 -0.028650964231362
20.52 -0.032626707456308
20.53 -0.03707188663303
20.54 -0.034483288974051
20.55 -0.026579429709249
20.56 -0.024673288827839
20.57 -0.031556880431491
20.58 -0.036518267727494
20.59 -0.034404706662204
20.6 -0.026747715369613
20.61 -0.017586404099499
20.62 -0.009815744249871
20.63 -0.000837615954323
20.64 0.007214173433239
20.65 0.015316614332496
20.66 0.022620918849689
20.67 0.028094414076113
20.68 0.029093483574433
20.69 0.026424317749293
20.7 0.026621457988843
20.71 0.024702214978308
20.72 0.025131306986895
20.73 0.023741571388437
20.74 0.023595525031152
20.75 0.022286835056169
20.76 0.020721489056784
20.77 0.017035294039278
20.78 0.014675283579093
20.79 0.011525907840633
20.8 0.009767420676805
20.81 0.006594135864372
20.82 0.001281748913699
20.83 -0.003098564874642
20.84 -0.008098418253639
20.85 -0.011572183249921
20.86 -0.011191068250247
20.87 -0.007736630994997
20.88 -0.004857305735964
20.89 -0.004123594957866
20.9 0.001514520712346
20.91 0.007623890124572
20.92 0.013059234606581
20.93 0.018543177003914
20.94 0.021466796638863
20.95 0.023762656398546
20.96 0.026437025465791
20.97 0.023191901440987
20.98 0.014714558820086
20.99 0.004587709955311
21.0 -0.007670255096901
21.01 -0.010792470208155
21.02 -0.015011010637696
21.03 -0.024264627383927
21.04 -0.03232383465154
21.05 -0.031106369931995
21.06 -0.030950488207976
21.07 -0.027650133658142
21.08 -0.027640052504673
21.09 -0.030916384997305
21.1 -0.031283982572312
21.11 -0.03227524563089
21.12 -0.027291911541684
21.13 -0.021916783236706
21.14 -0.017289437182245
21.15 -0.01483809555784
21.16 -0.019237508812311
21.17 -0.020129601152837
21.18 -0.018538496786677
21.19 -0.015090990988893
21.2 -0.006794786471597
21.21 0.002317614473212
21.22 0.007147346127516
21.23 0.007433622145591
21.24 0.009494753181292
21.25 0.012365448999505
21.26 0.016576773325152
21.27 0.025005137390502
21.28 0.030045266864878
21.29 0.031938529185329
21.3 0.032632453636838
21.31 0.033931179923799
21.32 0.038339081794998
21.33 0.046333429885342
21.34 0.052426566421037
21.35 0.056058921189494
21.36 0.054055136416772
21.37 0.048592908373706
21.38 0.060178379399887
21.39 0.070739510039432
21.4 0.07615282072921
21.41 0.072782664891701
21.42 0.069443242387021
21.43 0.056046498284231
21.44 0.023489001590134
21.45 0.010715775822555
21.46 0.011285954400863
21.47 -0.005033144910137
21.48 -0.009369614956364
21.49 -0.023749000774421
21.5 -0.038251905210052
21.51 -0.0634991017135
21.52 -0.066161209031527
21.53 -0.062817801700025
21.54 -0.059014234820612
21.55 -0.039370956060422
21.56 -0.026744519934811
21.57 -0.017017552812276
21.58 0.001453668896782
21.59 0.014451142336226
21.6 0.024701421372729
21.61 0.03329919039202
21.62 0.039663215946269
21.63 0.043190805138554
21.64 0.049404501089202
21.65 0.056001051220985
21.66 0.061365426568642
21.67 0.071314681724175
21.68 0.071135423886773
21.69 0.065499080497101
21.7 0.056556190124936
21.71 0.049904814037684
21.72 0.050263328872273
21.73 0.050440485974443
21.74 0.053689184387381
21.75 0.054522339424535
21.76 0.052412469569885
21.77 0.04449397973259
21.78 0.032913540518091
21.79 0.01758194751103
21.8 0.001583830093651
21.81 -0.007873309992522
21.82 -0.017355139001274
21.83 -0.023535244367824
21.84 -0.029517695433803
21.85 -0.039915865887263
21.86 -0.05132293747566
21.87 -0.059703413073176
21.88 -0.066231589056892
21.89 -0.071311168440553
21.9 -0.071039028512987
21.91 -0.069528672962556
21.92 -0.066289703268527
21.93 -0.056863622553763
21.94 -0.055581427542331
21.95 -0.052074451593475
21.96 -0.04612605404859
21.97 -0.039442910956437
21.98 -0.037306489595722
21.99 -0.033838652820844
22.0 -0.030318479343613
22.01 -0.024017284089132
22.02 -0.013677616351693
22.03 -0.000852569311883
22.04 0.012091137977315
22.05 0.020440087718247
22.06 0.022762937876675
22.07 0.024137810871431
22.08 0.029101750161258
22.09 0.034954300515649
22.1 0.039848419008318
22.11 0.041570521853757
22.12 0.042780793691791
22.13 0.042661310649994
22.14 0.036937283329463
22.15 0.028890770348075
22.16 0.017805736298225
22.17 0.004756669605321
22.18 -0.003087524273129
22.19 -0.009476854445961
22.2 -0.017170544074563
22.21 -0.024754220859242
22.22 -0.033791261784985
22.23 -0.041719009731998
22.24 -0.049468938674721
22.25 -0.053400411958213
22.26 -0.056666826073543
22.27 -0.058066794377962
22.28 -0.052440704205108
22.29 -0.052686643497084
22.3 -0.055555591707
22.31 -0.056719247239755
22.32 -0.061034243847477
22.33 -0.065347186021028
22.34 -0.067036665733496
22.35 -0.06503814365213
22.36 -0.061998143883283
22.37 -0.062782844012025
22.38 -0.059463843416562
22.39 -0.045870367609523
22.4 -0.028955215512645
22.41 -0.023714632962345
22.42 -0.013579391528422
22.43 -0.011436963881556
22.44 -0.006589033003587
22.45 0.001133054523331
22.46 0.015780392201273
22.47 0.021076890721439
22.48 0.018268565811478
22.49 0.012819801444254
22.5 0.002022814284212
22.51 -0.0048155832634
22.52 -0.010104333160936
22.53 -0.012574382433645
22.54 -0.01636110671931
22.55 -0.018433340338126
22.56 -0.020012527628027
22.57 -0.018871002772956
22.58 -0.01395552742549
22.59 -0.007072151729572
22.6 -0.000506791083012
22.61 0.005479826061532
22.62 0.009760189754111
22.63 0.009710722450518
22.64 0.002839106186048
22.65 0.006658799419183
22.66 0.008962904811728
22.67 0.008856476388591
22.68 0.00842304925268
22.69 0.005310878127554
22.7 0.001370525124883
22.71 -0.000113352855528
22.72 0.009491208370061
22.73 0.013811038974081
22.74 0.016049414011976
22.75 0.020368102745466
22.76 0.021904052424272
22.77 0.030353465875375
22.78 0.037892309933141
22.79 0.044500795522001
22.8 0.04334365703201
22.81 0.037112658009283
22.82 0.015797434056272
22.83 0.001940989776103
22.84 0.003599743239132
22.85 0.000700090233994
22.86 0.000717246475624
22.87 -0.002450944486991
22.88 -0.006721627418096
22.89 -0.01319629001264
22.9 -0.00717277617413
22.91 -0.003713559216239
22.92 -0.002222279052155
22.93 0.002678780128162
22.94 0.004185883468306
22.95 0.007137562240411
22.96 0.009503525652742
22.97 0.011998630233579
22.98 0.014197471083929
22.99 0.016396345333076
23.0 0.014636024584886
23.01 0.012711301640874
23.02 0.009860578462569
23.03 0.015646934484049
23.04 0.026950657594858
23.05 0.037956463224441
23.06 0.040140972837498
23.07 0.036731660130498
23.08 0.036092258026803
23.09 0.044724569680426
23.1 0.048508984693762
23.11 0.059475612560736
23.12 0.063115412297108
23.13 0.058843986659275
23.14 0.051820459110216
23.15 0.048057600779545
23.16 0.042057131294575
23.17 0.038282773704622
23.18 0.042202404074657
23.19 0.039002653024024
23.2 0.035588436149907
23.21 0.031358871957289
23.22 0.024805630008988
23.23 0.016443138323872
23.24 0.012694373176534
23.25 0.008359320367112
23.26 0.001890082470472
23.27 -0.004275797308057
23.28 -0.012364870197423
23.29 -0.018360647954672
23.3 -0.020518218078228
23.31 -0.024506442166996
23.32 -0.029901539983761
23.33 -0.035884641566252
23.34 -0.042874450127437
23.35 -0.046873095883189
23.36 -0.045020051851672
23.37 -0.034815174772242
23.38 -0.028739057657538
23.39 -0.02454887809501
23.4 -0.01695985341347
23.41 -0.011304038968068
23.42 -0.007910262731426
23.43 -0.00591680264319
23.44 -0.003027637691027
23.45 0.001220883867086
23.46 0.004894635387001
23.47 0.00868719904093
23.48 0.009818804335402
23.49 0.011974333742221
23.5 0.009466316531641
23.51 0.006225300828528
23.52 0.003090594816227
23.53 0.000746774209376
23.54 0.000765556636094
23.55 0.002744902355877
23.56 0.003836130139397
23.57 0.002126646041558
23.58 0.002225028503635
23.59 0.003532578258345
23.6 0.00492351983942
23.61 0.004864436724048
23.62 0.00440668989224
23.63 0.001119786166064
23.64 -0.003232866199627
23.65 -0.000412134975634
23.66 0.001600085787829
23.67 0.001987325379377
23.68 -0.001891515835376
23.69 -0.007171119283903
23.7 -0.012555778285849
23.71 -0.013338648831899
23.72 -0.01097276153468
23.73 -0.00827132412747
23.74 -0.003837112334077
23.75 0.000572079455697
23.76 0.00024214958812
23.77 -0.000939082634268
23.78 -0.00315849083211
23.79 -0.006428288600649
23.8 -0.010271527406899
23.81 -0.011207789966545
23.82 -0.011695475828846
23.83 -0.013496529963838
23.84 -0.012692925453587
23.85 -0.014415261058506
23.86 -0.011610792475324
23.87 -0.00679690756298
23.88 -0.001913271718324
23.89 -7.418232896e-05
23.9 0.001457230198406
23.91 0.007311812367062
23.92 0.012351302934765
23.93 0.016755567857801
23.94 0.014814759089074
23.95 0.007375831853961
23.96 -0.000599869272007
23.97 -0.006619635866551
23.98 -0.008086836215736
23.99 -0.011629564704881
24.0 -0.015099686415601
24.01 -0.017964886040274
24.02 -0.021317567430251
24.03 -0.022441525053827
24.04 -0.0235583635276
24.05 -0.021885440976595
24.06 -0.015037798390826
24.07 -0.013872048180623
24.08 -0.010392915892729
24.09 -0.006830320706283
24.1 -0.003467406118083
24.11 -0.003304088494682
24.12 -0.004556871395052
24.13 -0.006939679008522
24.14 -0.010394976622953
24.15 -0.013105567608279
24.16 -0.013929432506566
24.17 -0.014835744232004
24.18 -0.016950382772116
24.19 -0.011919046781919
24.2 -0.010300229291666
24.21 -0.012000015574086
24.22 -0.011582022182797
24.23 -0.009431191117751
24.24 -0.006211045049337
24.25 -0.003924632940415
24.26 -0.002643809137126
24.27 -0.006976831973864
24.28 -0.013502368371448
24.29 -0.01576294519953
24.3 -0.01463311864435
24.31 -0.013276683802775
24.32 -0.014620352347227
24.33 -0.016677869287138
24.34 -0.017480341427517
24.35 -0.018135689341471
24.36 -0.019241407898359
24.37 -0.018491949593044
24.38 -0.016457924196342
24.39 -0.01280140700157
24.4 -0.008943578669739
24.41 -0.006817357054702
24.42 -0.007099960706224
24.43 -0.00671217072998
24.44 -0.002993403408874
24.45 0.000142473711334
24.46 0.003589808112137
24.47 0.006834412773314
24.48 0.008043287619328
24.49 0.009188390931472
24.5 0.01309200628495
24.51 0.016059007168422
24.52 0.016083989312777
24.53 0.016514083951124
24.54 0.01740651521614
24.55 0.017771159206433
24.56 0.017897187059369
24.57 0.015315368918463
24.58 0.012278408061157
24.59 0.013300565228302
24.6 0.012434258656868
24.61 0.011996072607434
24.62 0.012859823590982
24.63 0.014861300218813
24.64 0.015347649020546
24.65 0.019011074497613
24.66 0.021964277701107
24.67 0.020225280922286
24.68 0.019726946944241
24.69 0.01706809580578
24.7 0.010380288976973
24.71 0.002190438389281
24.72 -0.002626891391454
24.73 -0.009235762960493
24.74 -0.013797397126794
24.75 -0.01886776737701
24.76 -0.025790174175492
24.77 -0.034692113143143
24.78 -0.038356069839001
24.79 -0.037258438927134
24.8 -0.037968669420331
24.81 -0.033242974028265
24.82 -0.027030373051368
24.83 -0.021567838381898
24.84 -0.016336081183133
24.85 -0.009490267557615
24.86 -0.0055018353245
24.87 0.001832442405503
24.88 0.008297981874387
24.89 0.013704683597276
24.9 0.018647341512409
24.91 0.025675148853187
24.92 0.032295350501703
24.93 0.037055883763213
24.94 0.040153201062244
 
 
 
 
 
 
 
 
 
 
 
 
 
 
 
 
 
 
 
 
 
 
 
 
 
 
 
 
 
 
 
 
 
 
 
 
 
 
 
 
 
 
 
 
 
 
 
 
 
 
 
 
 
 
 
 
 
 
 
 
 
 
 
 
 
 
 
 
 
 
 
 
 
 
 
 
 
 
 
 
 
 
 
 
 
 
 
 
 
 
 
 
 
 
 
 
 
 
 
 
 
 
 
 
 
 
 
 
 
 
 
 
 
 
 
 
 
 
 
 
 
 
 
 
 
 
 
 
 
 
 
 
 
 
 
 
 
 
 
 
 
 
 
 
 
 
 
 
 
 
 
 
 
 
 
 
 
 
 
 
 
 
 
 
 
 
 
 
 
 
 
 
 
 
 
 
 
 
 
 
 
 
 
 
 
 
 
 
 
 
 
 
 
 
 
 
 
 
 
 
 
 
 
 
 
 
 
 
 
 
 
 
 
 
 
 
 
 
 
 
 
 
 
 
 
 
 
 
 
 
 
 
 
 
 
 
 
 
 
 
 
 
 
 
 
 
 
 
 
 
 
 
 
 
 
 
 
 
 
 
 
 
 
 
 
 
 
 
 
 
 
 
 
 
 
 
 
 
 
 
 
 
 
 
 
 
 
 
 
 
 
 
 
 
 
 
 
 
 
 
 
 
 
 
 
 
 
 
 
 
 
 
 
 
 
 
 
 
 
 
 
 
 
 
 
 
 
 
 
 
 
 
 
 
 
 
 
 
 
 
 
 
 
 
 
 
 
 
 
 
 
 
 
 
 
 
 
 
 
 
 
 
 
 
 
 
 
 
 
 
 
 
 
 
 
 
 
 
 
 
 
 
 
 
 
 
 
 
 
 
 
 
 
 
 
 
 
 
 
 
 
 
 
 
 
 
 
 
 
 
 
 
 
 
 
 
 
 
 
 
 
 
 
 
 
 
 
 
 
 
 
 
 
 
 
 
 
 
 
 
 
 
 
 
 
 
 
 
 
 
 
 
 
 
 
 
 
 
 
 
 
 
 
 
 
 
 
 
 
 
 
 
 
 
 
 
 
 
 
 
 
 
 
 
 
 
 
 
 
 
 
 
 
 
 
 
 
 
 
 
 
 
 
 
 
 
 
 
 
 
 
 
 
 
 
 
 
 
 
 
 
 
 
 
 
 
 
 
 
 
 
 
 
 
 
 
 
 
 
 
 
 
 
 
 
 
 
 
 
 
 
 
 
 
 
 
 
 
 
 
 
 
 
 
 
 
 
 
 
 
 
 
 
 
 
 
 
 
 
 
 
 
 
 
 
 
 
 
 
 
 
 
 
 
 
 
 
 
 
 
 
 
 
 
 
 
 
 
 
 
 
 
 
 
 
 
 
 
 
 
 
 
 
 
 
 
 
 
 
 
 
 
 
 
 
 
 
 
 
 
 
 
 
 
 
 
 
 
 
 
 
 
 
 
 
 
 
 
 
 
 
 
 
 
 
 
 
 
 
 
 
 
 
 
 
 
 
 
 
 
 
 
 
 
 
 
 
 
 
 
 
 
 
 
 
 
 
 
 
 
 
 
 
 
 
 
 
 
 
 
 
 
 
 
 
 
 
 
 
 
 
 
 
 
 
 
 
 
 
 
 
 
 
 
 
 
 
 
 
 
 
 
 
 
 
 
 
 
 
 
 
 
 
 
 
 
 
 
 
 
 
 
 
 
 
 
 
 
 
 
 
 
 
 
 
 
 
 
 
 
 
 
 
 
 
 
 
 
 
 
 
 
 
 
 
 
 
 
 
 
 
 
 
 
 
 
 
 
 
 
 
 
 
 
 
 
 
 
 
 
 
 
 
 
 
 
 
 
 
 
 
 
 
 
 
 
 
 
 
 
 
 
 
 
 
 
 
 
 
 
 
 
 
 
 
 
 
 
 
 
 
 
 
 
 
 
 
 
 
 
 
 
 
 
 
 
 
 
 
 
 
 
 
 
 
 
 
 
 
 
 
 
 
 
 
 
 
 
 
 
 
 
 
 
 
 
 
 
 
 
 
 
 
 
 
 
 
 
 
 
 
 
 
 
 
 
 
 
 
 
 
 
 
 
 
 
 
 
 
 
 
 
 
 
 
 
 
 
 
 
 
 
 
 
 
 
 
 
 
 
 
 
 
 
 
 
 
 
 
 
 
 
 
 
 
 
 
 
 
 
 
 
 
 
 
 
 
 
 
 
 
 
 
 
 
 
 
 
 
 
 
 
 
 
 
 
 
 
 
 
 
 
 
 
 
 
 
 
 
 
 
 
 
 
 
 
 
 
 
 
 
 
 
 
 
 
 
 
 
 
 
 
 
 
 
 
 
 
 
 
 
 
 
 
 
 
 
 
 
 
 
 
 
 
 
 
 
 
 
 
 
 
 
 
 
 
 
 
 
 
 
 
 
 
 
 
 
 
 
 
 
 
 
 
 
 
 
 
 
 
 
 
 
 
 
 
 
 
 
 
 
 
 
 
 
 
 
 
 
 
 
 
 
 
 
 
 
 
 
 
 
 
 
 
 
 
 
 
 
 
 
 
 
 
 
 
 
 
 
 
 
 
 
 
 
 
 
 
 
 
 
 
 
 
 
 
 
 
 
 
 
 
 
 
 
 
 
 
 
 
 
 
 
 
 
 
 
 
 
 
 
 
 
 
 
 
 
 
 
 
 
 
 
 
 
 
 
 
 
 
 
 
 
 
 
 
 
 
 
 
 
 
 
 
 
 
 
 
 
 
 
 
 
 
 
 
 
 
 
 
 
 
 
 
 
 
 
 
 
 
 
 
 
 
 
 
 
 
 
 
 
 
 
 
 
 
 
 
 
 
 
 
 
 
 
 
 
 
 
 
 
 
 
 
 
 
 
 
 
 
 
 
 
 
 
 
 
 
 
 
 
 
 
 
 
 
 
 
 
 
 
 
 
 
 
 
 
 
 
 
 
 
 
 
 
 
 
 
 
 
 
 
 
 
 
 
 
 
 
 
 
 
 
 
 
 
 
 
 
 
 
 
 
 
 
 
 
 
 
 
 
 
 
 
 
 
 
 
 
 
 
 
 
 
 
 
 
 
 
 
 
 
 
 
 
 
 
 
 
 
 
 
 
 
 
 
 
 
 
 
 
 
 
 
 
 
 
 
 
 
 
 
 
 
 
 
 
 
 
 
 
 
 
 
 
 
 
 
 
 
 
 
 
 
 
 
 
 
 
 
 
 
 
 
 
 
 
 
 
 
 
 
 
 
 
 
 
 
 
 
 
 
 
 
 
 
 
 
 
 
 
 
 
 
 
 
 
 
 
 
 
 
 
 
 
 
 
 
 
 
 
 
 
 
 
 
 
 
 
 
 
 
 
 
 
 
 
 
 
 
 
 
 
 
 
 
 
 
 
 
 
 
 
 
 
 
 
 
 
 
 
 
 
 
 
 
 
 
 
 
 
 
 
 
 
 
 
 
 
 
 
 
 
 
 
 
 
 
 
 
 
 
 
 
 
 
 
 
 
 
 
 
 
 
 
 
 
 
 
 
 
 
 
 
 
 
 
 
 
 
 
 
 
 
 
 
 
 
 
 
 
 
 
 
 
 
 
 
 
 
 
 
 
 
 
 
 
 
 
 
 
 
 
 
 
 
 
 
 
 
 
 
 
 
 
 
 
 
 
 
 
 
 
 
 
 
 
 
 
 
 
 
 
 
 
 
 
 
 
 
 
 
 
 
 
 
 
 
 
 
 
 
 
 
 
 
 
 
 
 
 
 
 
 
 
 
 
 
 
 
 
 
 
 
 
 
 
 
 
 
 
 
 
 
 
 
 
 
 
 
 
 
 
 
 
 
 
 
 
 
 
 
 
 
 
 
 
 
 
 
 
 
 
 
 
 
 
 
 
 
 
 
 
 
 
 
 
 
 
 
 
 
 
 
 
 
 
 
 
 
 
 
 
 
 
 
 
 
 
 
 
 
 
 
 
 
 
 
 
 
 
 
 
 
 
 
 
 
 
 
 
 
 
 
 
 
 
 
 
 
 
 
 
 
 
 
 
 
 
 
 
 
 
 
 
 
 
 
 
 
 
 
 
 
 
 
 
 
 
 
 
 
 
 
 
 
 
 
 
 
 
 
 
 
 
 
 
 
 
 
 
 
 
 
 
 
 
 
 
 
 
 
 
 
 
 
 
 
 
 
 
 
 
 
 
 
 
 
 
 
 
 
 
 
 
 
 
 
 
 
 
 
 
 
 
 
 
 
 
 
 
 
 
 
 
 
 
 
 
 
 
 
 
 
 
 
 
 
 
 
 
 
 
 
 
 
 
 
 
 
 
 
 
 
 
 
 
 
 
 
 
 
 
 
 
 
 
 
 
 
 
 
 
 
 
 
 
 
 
 
 
 
 
 
 
 
 
 
 
 
 
 
 
 
 
 
 
 
 
 
 
 
 
 
 
 
 
 
 
 
 
 
 
 
 
 
 
 
 
 
 
 
 
 
 
 
 
 
 
 
 
 
 
 
 
 
 
 
 
 
 
 
 
 
 
 
 
 
 
 
 
 
 
 
 
 
 
 
 
 
 
 
 
 
 
 
 
 
 
 
 
 
 
 
 
 
 
 
 
 
 
 
 
 
 
 
 
 
 
 
 
 
 
 
 
 
 
 
 
 
 
 
 
 
 
 
 
 
 
 
 
 
 
 
 
 
 
 
 
 
 
 
 
 
 
 
 
 
 
 
 
 
 
 
 
 
 
 
 
 
 
 
 
 
 
 
 
 
 
 
 
 
 
 
 
 
 
 
 
 
 
 
 
 
 
 
 
 
 
 
 
 
 
 
 
 
 
 
 
 
 
 
 
 
 
 
 
 
 
 
 
 
 
 
 
 
 
 
 
 
 
 
 
 
 
 
 
 
 
 
 
 
 
 
 
 
 
 
 
 
 
 
 
 
 
 
 
 
 
 
 
 
 
 
 
 
 
 
 
 
 
 
 
 
 
 
 
 
 
 
 
 
 
 
 
 
 
 
 
 
 
 
 
 
 
 
 
 
 
 
 
 
 
 
 
 
 
 
 
 
 
 
 
 
 
 
 
 
 
 
 
 
 
 
 
 
 
 
 
 
 
 
 
 
 
 
 
 
 
 
 
 
 
 
 
 
 
 
 
 
 
 
 
 
 
 
 
 
 
 
 
 
 
 
 
 
 
 
 
 
 
 
 
 
 
 
 
 
 
 
 
 
 
 
 
 
 
 
 
 
 
 
 
 
 
 
 
 
 
 
 
 
 
 
 
 
 
 
 
 
 
 
 
 
 
 
 
 
 
 
 
 
 
 
 
 
 
 
 
 
 
 
 
 
 
 
 
 
 
 
 
 
 
 
 
 
 
 
 
 
 
 
 
 
 
 
 
 
 
 
 
 
 
 
 
 
 
 
 
 
 
 
 
 
 
 
 
 
 
 
 
 
 
 
 
 
 
 
 
 
 
 
 
 
 
 
 
 
 
 
 
 
 
 
 
 
 
 
 
 
 
 
 
 
 
 
 
 
 
 
 
 
 
 
 
 
 
 
 
 
 
 
 
 
 
 
 
 
 
 
 
 
 
 
 
 
 
 
 
 
 
 
 
 
 
 
 
 
 
 
 
 
 
 
 
 
 
 
 
 
 
 
 
 
 
 
 
 
 
 
 
 
 
 
 
 
 
 
 
 
 
 
 
 
 
 
 
 
 
 
 
 
 
 
 
 
 
 
 
 
 
 
 
 
 
 
 
 
 
 
 
 
 
 
 
 
 
 
 
 
 
 
 
 
 
 
 
 
 
 
 
 
 
 
 
 
 
 
 
 
 
 
 
 
 
 
 
 
 
 
 
 
 
 
 
 
 
 
 
 
 
 
 
 
 
 
 
 
 
 
 
 
 
 
 
 
 
 
 
 
 
 
 
 
 
 
 
 
 
 
 
 
 
 
 
 
 
 
 
 
 
 
 
 
 
 
 
 
 
 
 
 
 
 
 
 
 
 
 
 
 
 
 
 
 
 
 
 
 
 
 
 
 
 
 
 
 
 
 
 
 
 
 
 
 
 
 
 
 
 
 
 
 
 
 
 
 
 
 
 
 
 
 
 
 
 
 
 
 
 
 
 
 
 
 
 
 
 
 
 
 
 
 
 
 
 
 
 
 
 
 
 
 
 
 
 
 
 
 
 
 
 
 
 
 
 
 
 
 
 
 
 
 
 
 
 
 
 
 
 
 
 
 
 
 
 
 
 
 
 
 
 
 
 
 
 
 
 
 
 
 
 
 
 
 
 
 
 
 
 
 
 
 
 
 
 
 
 
 
 
 
 
 
 
 
 
 
 
 
 
 
 
 
 
 
 
 
 
 
 
 
 
 
 
 
 
 
 
 
 
 
 
 
 
 
 
 
 
 
 
 
 
 
 
 
 
 
 
 
 
 
 
 
 
 
 
 
 
 
 
 
 
 
 
 
 
 
 
 
 
 
 
 
 
 
 
 
 
 
 
 
 
 
 
 
 
 
 
 
 
 
 
 
 
 
 
 
 
 
 
 
 
 
 
 
 
 
 
 
 
 
 
 
 
 
 
 
 
 
 
 
 
 
 
 
 
 
 
 
 
 
 
 
 
 
 
 
 
 
 
 
 
 
 
 
 
 
 
 
 
 
 
 
 
 
 
 
 
 
 
 
 
 
 
 
 
 
 
 
 
 
 
 
 
 
 
 
 
 
 
 
 
 
 
 
 
 
 
 
 
 
 
 
 
 
 
 
 
 
 
 
 
 
 
 
 
 
 
 
 
 
 
 
 
 
 
 
 
 
 
 
 
 
 
 
 
 
 
 
 
 
 
 
 
 
 
 
 
 
 
 
 
 
 
 
 
 
 
 
 
 
 
 
 
 
 
 
 
 
 
 
 
 
 
 
 
 
 
 
 
 
 
 
 
 
 
 
 
 
 
 
 
 
 
 
 
 
 
 
 
 
 
 
 
 
 
 
 
 
 
 
 
 
 
 
 
 
 
 
 
 
 
 
 
 
 
 
 
 
 
 
 
 
 
 
 
 
 
 
 
 
 
 
 
 
 
 
 
 
 
 
 
 
 
 
 
 
 
 
 
 
 
 
 
 
 
 
 
 
 
 
 
 
 
 
 
 
 
 
 
 
 
 
 
 
 
 
 
 
 
 
 
 
 
 
 
 
 
 
 
 
 
 
 
 
 
 
 
 
 
 
 
 
 
 
 
 
 
 
 
 
 
 
 
 
 
 
 
 
 
 
 
 
 
 
 
 
 
 
 
 
 
 
 
 
 
 
 
 
 
 
 
 
 
 
 
 
 
 
 
 
 
 
 
 
 
 
 
 
 
 
 
 
 
 
 
 
 
 
 
 
 
 
 
 
 
 
 
 
 
 
 
 
 
 
 
 
 
 
 
 
 
 
 
 
 
 
 
 
 
 
 
 
 
 
 
 
 
 
 
 
 
 
 
 
 
 
 
 
 
 
 
 
 
 
 
 
 
 
 
 
 
 
 
 
 
 
 
 
 
 
 
 
 
 
 
 
 
 
 
 
 
 
 
 
 
 
 
 
 
 
 
 
 
 
 
 
 
 
 
 
 
 
 
 
 
 
 
 
 
 
 
 
 
 
 
 
 
 
 
 
 
 
 
 
 
 
 
 
 
 
 
 
 
 
 
 
 
 
 
 
 
 
 
 
 
 
 
 
 
 
 
 
 
 
 
 
 
 
 
 
 
 
 
 
 
 
 
 
 
 
 
 
 
 
 
 
 
 
 
 
 
 
 
 
 
 
 
 
 
 
 
 
 
 
 
 
 
 
 
 
 
 
 
 
 
 
 
 
 
 
 
 
 
 
 
 
 
 
 
 
 
 
 
 
 
 
 
 
 
 
 
 
 
 
 
 
 
 
 
 
 
 
 
 
 
 
 
 
 
 
 
 
 
 
 
 
 
 
 
 
 
 
 
 
 
 
 
 
 
 
 
 
 
 
 
 
 
 
 
 
 
 
 
 
 
 
 
 
 
 
 
 
 
 
 
 
 
 
 
 
 
 
 
 
 
 
 
 
 
 
 
 
 
 
 
 
 
 
 
 
 
 
 
 
 
 
 
 
 
 
 
 
 
 
 
 
 
 
 
 
 
 
 
 
 
 
 
 
 
 
 
 
 
 
 
 
 
 
 
 
 
 
 
 
 
 
 
 
 
 
 
 
 
 
 
 
 
 
 
 
 
 
 
 
 
 
 
 
 
 
 
 
 
 
 
 
 
 
 
 
 
 
 
 
 
 
 
 
 
 
 
 
 
 
 
 
 
 
 
 
 
 
 
 
 
 
 
 
 
 
 
 
 
 
 
 
 
 
 
 
 
 
 
 
 
 
 
 
 
 
 
 
 
 
 
 
 
 
 
 
 
 
 
 
 
 
 
 
 
 
 
 
 
 
 
 
 
 
 
 
 
 
 
 
 
 
 
 
 
 
 
 
 
 
 
 
 
 
 
 
 
 
 
 
 
 
 
 
 
 
 
 
 
 
 
 
 
 
 
 
 
 
 
 
 
 
 
 
 
 
 
 
 
 
 
 
 
 
 
 
 
 
 
 
 
 
 
 
 
 
 
 
 
 
 
 
 
 
 
 
 
 
 
 
 
 
 
 
 
 
 
 
 
 
 
 
 
 
 
 
 
 
 
 
 
 
 
 
 
 
 
 
 
 
 
 
 
 
 
 
 
 
 
 
 
 
 
 
 
 
 
 
 
 
 
 
 
 
 
 
 
 
 
 
 
 
 
 
 
 
 
 
 
 
 
 
 
 
 
 
 
 
 
 
 
 
 
 
 
 
 
 
 
 
 
 
 
 
 
 
 
 
 
 
 
 
 
 
 
 
 
 
 
 
 
 
 
 
 
 
 
 
 
 
 
 
 
 
 
 
 
 
 
 
 
 
 
 
 
 
 
 
 
 
 
 
 
 
 
 
 
 
 
 
 
 
 
 
 
 
 
 
 
 
 
 
 
 
 
 
 
 
 
 
 
 
 
 
 
 
 
 
 
 
 
 
 
 
 
 
 
 
 
 
 
 
 
 
 
 
 
 
 
 
 
 
 
 
 
 
 
 
 
 
 
 
 
 
 
 
 
 
 
 
 
 
 
 
 
 
 
 
 
 
 
 
 
 
 
 
 
 
 
 
 
 
 
 
 
 
 
 
 
 
 
 
 
 
 
 
 
 
 
 
 
 
 
 
 
 
 
 
 
 
 
 
 
 
 
 
 
 
 
 
 
 
 
 
 
 
 
 
 
 
 
 
 
 
 
 
 
 
 
 
 
 
 
 
 
 
 
 
 
 
 
 
 
 
 
 
 
 
 
 
 
 
 
 
 
 
 
 
 
 
 
 
 
 
 
 
 
 
 
 
 
 
 
 
 
 
 
 
 
 
 
 
 
 
 
 
 
 
 
 
 
 
 
 
 
 
 
 
 
 
 
 
 
 
 
 
 
 
 
 
 
 
 
 
 
 
 
 
 
 
 
 
 
 
 
 
 
 
 
 
 
 
 
 
 
 
 
 
 
 
 
 
 
 
 
 
 
 
 
 
 
 
 
 
 
 
 
 
 
 
 
 
 
 
 
 
 
 
 
 
 
 
 
 
 
 
 
 
 
 
 
 
 
 
 
 
 
 
 
 
 
 
 
 
 
 
 
 
 
 
 
 
 
 
 
 
 
 
 
 
 
 
 
 
 
 
 
 
 
 
 
 
 
 
 
 
 
 
 
 
 
 
 
 
 
 
 
 
 
 
 
 
 
 
 
 
 
 
 
 
 
 
 
 
 
 
 
 
 
 
 
 
 
 
 
 
 
 
 
 
 
 
 
 
 
 
 
 
 
 
 
 
 
 
 
 
 
 
 
 
 
 
 
 
 
 
 
 
 
 
 
 
 
 
 
 
 
 
 
 
 
 
 
 
 
 
 
 
 
 
 
 
 
 
 
 
 
 
 
 
 
 
 
 
 
 
 
 
 
 
 
 
 
 
 
 
 
 
 
 
 
 
 
 
 
 
 
 
 
 
 
 
 
 
 
 
 
 
 
 
 
 
 
 
 
 
 
 
 
 
 
 
 
 
 
 
 
 
 
 
 
 
 
 
 
 
 
 
 
 
 
 
 
 
 
 
 
 
 
 
 
 
 
 
 
 
 
 
 
 
 
 
 
 
 
 
 
 
 
 
 
 
 
 
 
 
 
 
 
 
 
 
 
 
 
 
 
 
 
 
 
 
 
 
 
 
 
 
 
 
 
 
 
 
 
 
 
 
 
 
 
 
 
 
 
 
 
 
 
 
 
 
 
 
 
 
 
 
 
 
 
 
 
 
 
 
 
 
 
 
 
 
 
 
 
 
 
 
 
 
 
 
 
 
 
 
 
 
 
 
 
 
 
 
 
 
 
 
 
 
 
 
 
 
 
 
 
 
 
 
 
 
 
 
 
 
 
 
 
 
 
 
 
 
 
 
 
 
 
 
 
 
 
 
 
 
 
 
 
 
 
 
 
 
 
 
 
 
 
 
 
 
 
 
 
 
 
 
 
 
 
 
 
 
 
 
 
 
 
 
 
 
 
 
 
 
 
 
 
 
 
 
 
 
 
 
 
 
 
 
 
 
 
 
 
 
 
 
 
 
 
 
 
 
 
 
 
 
 
 
 
 
 
 
 
 
 
 
 
 
 
 
 
 
 
 
 
 
 
 
 
 
 
 
 
 
 
 
 
 
 
 
 
 
 
 
 
 
 
 
 
 
 
 
 
 
 
 
 
 
 
 
 
 
 
 
 
 
 
 
 
 
 
 
 
 
 
 
 
 
 
 
 
 
 
 
 
 
 
 
 
 
 
 
 
 
 
 
 
 
 
 
 
 
 
 
 
 
 
 
 
 
 
 
 
 
 
 
 
 
 
 
 
 
 
 
 
 
 
 
 
 
 
 
 
 
 
 
 
 
 
 
 
 
 
 
 
 
 
 
 
 
 
 
 
 
 
 
 
 
 
 
 
 
 
 
 
 
 
 
 
 
 
 
 
 
 
 
 
 
 
 
 
 
 
 
 
 
 
 
 
 
 
 
 
 
 
 
 
 
 
 
 
 
 
 
 
 
 
 
 
 
 
 
 
 
 
 
 
 
 
 
 
 
 
 
 
 
 
 
 
 
 
 
 
 
 
 
 
 
 
 
 
 
 
 
 
 
 
 
 
 
 
 
 
 
 
 
 
 
 
 
 
 
 
 
 
 
 
 
 
 
 
 
 
 
 
 
 
 
 
 
 
 
 
 
 
 
 
 
 
 
 
 
 
 
 
 
 
 
 
 
 
 
 
 
 
 
 
 
 
 
 
 
 
 
 
 
 
 
 
 
 
 
 
 
 
 
 
 
 
 
 
 
 
 
 
 
 
 
 
 
 
 
 
 
 
 
 
 
 
 
 
 
 
 
 
 
 
 
 
 
 
 
 
 
 
 
 
 
 
 
 
 
 
 
 
 
 
 
 
 
 
 
 
 
 
 
 
 
 
 
 
 
 
 
 
 
 
 
 
 
 
 
 
 
 
 
 
 
 
 
 
 
 
 
 
 
 
 
 
 
 
 
 
 
 
 
 
 
 
 
 
 
 
 
 
 
 
 
 
 
 
 
 
 
 
 
 
 
 
 
 
 
 
 
 
 
 
 
 
 
 
 
 
 
 
 
 
 
 
 
 
 
 
 
 
 
 
 
 
 
 
 
 
 
 
 
 
 
 
 
 
 
 
 
 
 
 
 
 
 
 
 
 
 
 
 
 
 
 
 
 
 
 
 
 
 
 
 
 
 
 
 
 
 
 
 
 
 
 
 
 
 
 
 
 
 
 
 
 
 
 
 
 
 
 
 
 
 
 
 
 
 
 
 
 
 
 
 
 
 
 
 
 
 
 
 
 
 
 
 
 
 
 
 
 
 
 
 
 
 
 
 
 
 
 
 
 
 
 
 
 
 
 
 
 
 
 
 
 
 
 
 
 
 
 
 
 
 
 
 
 
 
 
 
 
 
 
 
 
 
 
 
 
 
 
 
 
 
 
 
 
 
 
 
 
 
 
 
 
 
 
 
 
 
 
 
 
 
 
 
 
 
 
 
 
 
 
 
 
 
 
 
 
 
 
 
 
 
 
 
 
 
 
 
 
 
 
 
 
 
 
 
 
 
 
 
 
 
 
 
 
 
 
 
 
 
 
 
 
 
 
 
 
 
 
 
 
 
 
 
 
 
 
 
 
 
 
 
 
 
 
 
 
 
 
 
 
 
 
 
 
 
 
 
 
 
 
 
 
 
 
 
 
 
 
 
 
 
 
 
 
 
 
 
 
 
 
 
 
 
 
 
 
 
 
 
 
 
 
 
 
 
 
 
 
 
 
 
 
 
 
 
 
 
 
 
 
 
 
 
 
 
 
 
 
 
 
 
 
 
 
 
 
 
 
 
 
 
 
 
 
 
 
 
 
 
 
 
 
 
 
 
 
 
 
 
 
 
 
 
 
 
 
 
 
 
 
 
 
 
 
 
 
 
 
 
 
 
 
 
 
 
 
 
 
 
 
 
 
 
 
 
 
 
 
 
 
 
 
 
 
 
 
 
 
 
 
 
 
 
 
 
 
 
 
 
 
 
 
 
 
 
 
 
 
 
 
 
 
 
 
 
 
 
 
 
 
 
 
 
 
 
 
 
 
 
 
 
 
 
 
 
 
 
 
 
 
 
 
 
 
 
 
 
 
 
 
 
 
 
