0.0 0.0
0.01 2.34022452e-07
0.02 2.38061036e-07
0.03 2.58015894e-07
0.04 3.34970799e-07
0.05 4.95210867e-07
0.06 6.0489498e-07
0.07 3.87556093e-07
0.08 -3.0697353e-07
0.09 -1.171205775e-06
0.1 -1.65816479e-06
0.11 -2.458419848e-06
0.12 -4.663947741e-06
0.13 -6.778528595e-06
0.14 -6.923069109e-06
0.15 -5.479282157e-06
0.16 -4.106779105e-06
0.17 -5.452780265e-06
0.18 -6.704973297e-06
0.19 -2.832129049e-06
0.2 3.770983939e-06
0.21 1.218003921e-05
0.22 1.7798738202e-05
0.23 9.274879248e-06
0.24 -7.457330299e-06
0.25 -1.6297611251e-05
0.26 -1.7416688333e-05
0.27 -1.6636445064e-05
0.28 -1.2960486975e-05
0.29 -1.455994678e-06
0.3 1.0759680825e-05
0.31 7.406297816e-06
0.32 -9.747398609e-06
0.33 -2.728595472e-05
0.34 -2.7863489097e-05
0.35 -1.1685832979e-05
0.36 -6.004782414e-06
0.37 -2.7800512579e-05
0.38 -8.2458314286e-05
0.39 -0.000132654362451
0.4 -0.000107293272938
0.41 -2.6529759324e-05
0.42 2.1253880072e-05
0.43 3.2325992663e-05
0.44 5.0142662336e-05
0.45 7.2083612783e-05
0.46 0.000108957618766
0.47 0.00011196373882
0.48 6.282910683e-06
0.49 -0.000131586879749
0.5 -0.000178732806768
0.51 -0.000143543083598
0.52 -9.7834049393e-05
0.53 -0.000116260545531
0.54 -0.00014799758101
0.55 -9.8812852332e-05
0.56 -2.3777075111e-05
0.57 1.0682143822e-05
0.58 -4.506252595e-06
0.59 -1.4513369759e-05
0.6 3.9355758848e-05
0.61 0.000106994204175
0.62 0.000132037869411
0.63 7.720886591e-06
0.64 -0.000215551520696
0.65 -0.000238240705282
0.66 -0.000101255560489
0.67 -9.0011601201e-05
0.68 -0.000136003831241
0.69 -4.2268118169e-05
0.7 4.1348221305e-05
0.71 1.159454867e-05
0.72 -7.644336189e-06
0.73 5.870183671e-06
0.74 -2.7497965036e-05
0.75 -0.0001309772629
0.76 -0.000205680500565
0.77 -0.000268318830679
0.78 -0.000403710513772
0.79 -0.000464956775443
0.8 -0.000326466444704
0.81 -0.000184205194233
0.82 -0.000110349530307
0.83 0.00010736215249
0.84 0.00033383080847
0.85 0.000225322769165
0.86 8.243593059e-05
0.87 7.2442523463e-05
0.88 -8.9808040962e-05
0.89 -0.000202535375745
0.9 5.646585231e-06
0.91 9.9525195482e-05
0.92 -7.0470518643e-05
0.93 -0.000299632805549
0.94 -0.000464783203088
0.95 -0.000421528482513
0.96 -0.00030280161503
0.97 -0.000206770150692
0.98 -7.4609606329e-05
0.99 2.931775625e-05
1.0 8.7916680423e-05
1.01 0.000242205417916
1.02 0.000393547649087
1.03 0.000332766445869
1.04 -3.7356108e-07
1.05 -0.000250592239267
1.06 -0.000119066740484
1.07 0.000115424794904
1.08 -4.9580325516e-05
1.09 -0.000422445898885
1.1 -0.000353237866932
1.11 -3.6892808738e-05
1.12 4.2085791278e-05
1.13 0.000161617103466
1.14 0.000474175152347
1.15 0.000484324895287
1.16 0.00039711635043
1.17 0.00039740820935
1.18 0.000284190299922
1.19 0.000117604818703
1.2 -0.000135104808437
1.21 -0.000219748076389
1.22 2.3637685125e-05
1.23 -0.00010873282422
1.24 -0.000715712847853
1.25 -0.000891787504173
1.26 -0.000676616827796
1.27 -0.000807209944234
1.28 -0.001249211486461
1.29 -0.001307170229105
1.3 -0.000765430504703
1.31 1.6885408437e-05
1.32 0.000483360888183
1.33 0.000604722594841
1.34 0.000604418705313
1.35 0.000346134646976
1.36 0.000205836847285
1.37 0.000333370065345
1.38 4.0360069449e-05
1.39 -0.000577492721271
1.4 -0.000851261308909
1.41 -0.000988902836644
1.42 -0.001057765277945
1.43 -0.00109899390691
1.44 -0.000960358801273
1.45 -0.000339775704385
1.46 0.000211665772338
1.47 0.000348222357025
1.48 0.000389453414886
1.49 0.00078374203381
1.5 0.001354680423074
1.51 0.001813732860676
1.52 0.001908068778526
1.53 0.001049169306193
1.54 -0.000269217378142
1.55 -0.000662888174969
1.56 -0.0002966795024
1.57 -0.000419382831537
1.58 -0.001098587446002
1.59 -0.001557578328038
1.6 -0.001319786256349
1.61 -0.000197903062239
1.62 0.001025132714999
1.63 0.001362627677786
1.64 0.001237174863093
1.65 0.001134935101152
1.66 0.000789317493946
1.67 -3.7994048906e-05
1.68 -0.000779767133814
1.69 -0.001259978925521
1.7 -0.001679986073504
1.71 -0.001646222830402
1.72 -0.001256060871524
1.73 -0.001126285582086
1.74 -0.000975813174234
1.75 -0.000317397584683
1.76 0.000260721737419
1.77 0.000374262618308
1.78 0.000145149325484
1.79 -8.5113620222e-05
1.8 -0.000106759152612
1.81 8.2428217212e-05
1.82 0.000380980712638
1.83 0.000404388568372
1.84 0.000331429484568
1.85 0.000365160339176
1.86 0.000616605369874
1.87 0.000779951423912
1.88 0.000231106684966
1.89 -0.000458149005306
1.9 -0.000282710432397
1.91 0.000104636383872
1.92 -0.000129316288774
1.93 -0.000410097579923
1.94 -0.000314000362871
1.95 7.9331171239e-05
1.96 0.001073755332515
1.97 0.001791760048434
1.98 0.001109145635855
1.99 -8.3022395031e-05
2.0 -0.000140035375605
2.01 0.000112930248345
2.02 -0.000644175511167
2.03 -0.001355862357865
2.04 -0.001307779616744
2.05 -0.000862964299758
2.06 -0.000236406964419
2.07 0.00061157716025
2.08 0.000509622865966
2.09 -0.00048599320539
2.1 -0.000580954681874
2.11 -7.1303446932e-05
2.12 -3.142264264e-05
2.13 -0.000300763693813
2.14 -0.000430619113326
2.15 -0.00016510404799
2.16 0.000199828620357
2.17 0.0003775496586
2.18 -2.245059538e-06
2.19 -0.000570650325816
2.2 -0.000558187616255
2.21 -0.000590262565929
2.22 -0.000846488920531
2.23 -0.000770725700396
2.24 -0.000311570627938
2.25 0.000251910071109
2.26 0.000955688098393
2.27 0.001556704884516
2.28 0.00165247454946
2.29 0.001526670023788
2.3 0.001557094750346
2.31 0.001584662351272
2.32 0.00106554424086
2.33 -0.00024875739884
2.34 -0.001678052138858
2.35 -0.002438771225753
2.36 -0.002586061648472
2.37 -0.002321356980699
2.38 -0.001359773101429
2.39 -0.000226644816085
2.4 0.000277713861694
2.41 0.000766041214238
2.42 0.001505277369561
2.43 0.001731418216085
2.44 0.001607787449165
2.45 0.001635527477733
2.46 0.001427593609182
2.47 0.00054414316052
2.48 -0.000697533149014
2.49 -0.001580905562543
2.5 -0.002002619728678
2.51 -0.001939462154317
2.52 -0.00119170362808
2.53 -0.000172356495525
2.54 0.000887366815523
2.55 0.002055046543458
2.56 0.002509650825254
2.57 0.002110087835822
2.58 0.001387341014031
2.59 0.000733451582975
2.6 -0.000282491333455
2.61 -0.001970695168623
2.62 -0.003382573186829
2.63 -0.004000957790308
2.64 -0.004214228331046
2.65 -0.004188232572095
2.66 -0.003346815164038
2.67 -0.001890948961542
2.68 -0.000610093423643
2.69 0.001273560082471
2.7 0.003872276197599
2.71 0.005204664240936
2.72 0.004823117563836
2.73 0.004105846668448
2.74 0.003625438233155
2.75 0.002923370356569
2.76 0.002235074126349
2.77 0.001055762442715
2.78 -0.001884228440293
2.79 -0.004916835361718
2.8 -0.00593245948971
2.81 -0.006005943684597
2.82 -0.005520011733648
2.83 -0.003641412668306
2.84 -0.000775001975576
2.85 0.00182409538496
2.86 0.003422043394867
2.87 0.003882693598642
2.88 0.00273402327148
2.89 0.00047494303688
2.9 -0.001552907883848
2.91 -0.002949034462929
2.92 -0.004300597310045
2.93 -0.006346496426336
2.94 -0.008540885752696
2.95 -0.009237228423779
2.96 -0.007988283383711
2.97 -0.005747787748071
2.98 -0.00329736890472
2.99 -0.001460881918568
3.0 -0.00018430277428
3.01 0.001720033050579
3.02 0.003822960718884
3.03 0.004995290878242
3.04 0.005743373236335
3.05 0.006265680840216
3.06 0.00589583450919
3.07 0.003218905330351
3.08 -0.001723990574398
3.09 -0.006472560174608
3.1 -0.008784965600645
3.11 -0.008199413994992
3.12 -0.00464331129511
3.13 -0.000876155764146
3.14 0.000172204867478
3.15 -0.000439760360712
3.16 -0.000927138302564
3.17 -0.000425452338022
3.18 -0.000542507594295
3.19 -0.001669761008448
3.2 -0.002078298194129
3.21 -0.002099896158208
3.22 -0.00251332042913
3.23 -0.003577737989142
3.24 -0.005245031675973
3.25 -0.006038582732066
3.26 -0.00425262073253
3.27 0.000217567603304
3.28 0.005081902561678
3.29 0.007257478183466
3.3 0.005941543641223
3.31 0.003868240262377
3.32 0.00327953923267
3.33 0.003353918722798
3.34 0.003064242712545
3.35 0.001302219763148
3.36 -0.001681191106903
3.37 -0.004197931521485
3.38 -0.004721402226653
3.39 -0.004478621917952
3.4 -0.003665857363353
3.41 -0.001218061928972
3.42 0.002113677480487
3.43 0.004914343162307
3.44 0.004585828048511
3.45 0.000920480349322
3.46 -0.003461948498015
3.47 -0.006022838659495
3.48 -0.006579092594881
3.49 -0.006956082196764
3.5 -0.007877442033139
3.51 -0.008060423830507
3.52 -0.006382415133856
3.53 -0.001492159692813
3.54 0.005393326111379
3.55 0.010326426402745
3.56 0.0122138516607
3.57 0.011598860448281
3.58 0.011116825821312
3.59 0.010344878518202
3.6 0.007849754878649
3.61 0.0042628445659
3.62 0.001518767695699
3.63 -0.000466469287863
3.64 -0.002759803861116
3.65 -0.00556620874618
3.66 -0.006971664379009
3.67 -0.00620181405478
3.68 -0.004044091287067
3.69 -0.001612507458292
3.7 0.002905621540207
3.71 0.009398376976594
3.72 0.01474708881387
3.73 0.016773707171975
3.74 0.016648812953766
3.75 0.013577294619111
3.76 0.004949037547633
3.77 -0.003537603248269
3.78 -0.010311115335511
3.79 -0.014439166839863
3.8 -0.015662649764824
3.81 -0.015568793891706
3.82 -0.01359858763753
3.83 -0.010299097934027
3.84 -0.003985311950266
3.85 0.006588055090033
3.86 0.020326146675163
3.87 0.033202832559007
3.88 0.039487649800381
3.89 0.03896729900687
3.9 0.028890002134501
3.91 0.008213795993219
3.92 -0.010430202332251
3.93 -0.021860212288587
3.94 -0.029135448460965
3.95 -0.029944457176951
3.96 -0.025413119727461
3.97 -0.018300412484505
3.98 -0.008075831247724
3.99 0.003712190770632
4.0 0.014724436876025
4.01 0.024900757084492
4.02 0.030073747922848
4.03 0.031397275465116
4.04 0.024965659798364
4.05 0.014921767448989
4.06 0.000884630815519
4.07 -0.017307911022714
4.08 -0.02988529333867
4.09 -0.0338907482282
4.1 -0.030338682034819
4.11 -0.028135687147886
4.12 -0.016860004317408
4.13 0.003632180861015
4.14 0.023080043863264
4.15 0.038427179431329
4.16 0.045456707971918
4.17 0.044429571011954
4.18 0.035999178784136
4.19 0.020354645170773
4.2 -0.004371998726149
4.21 -0.01888356616723
4.22 -0.032088115629954
4.23 -0.041790659744708
4.24 -0.040837692806865
4.25 -0.03504849805923
4.26 -0.0212239773482
4.27 -0.006329094074029
4.28 0.00854609960431
4.29 0.023536256927065
4.3 0.033794459224904
4.31 0.043411600857839
4.32 0.048528553575392
4.33 0.044186262417923
4.34 0.031235161477484
4.35 0.010359500588906
4.36 -0.006942392277865
4.37 -0.015687236876887
4.38 -0.016196815970638
4.39 -0.017645460239277
4.4 -0.018100729085156
4.41 -0.016060413736951
4.42 -0.016903860073646
4.43 -0.015758973452603
4.44 -0.017604410806651
4.45 -0.013439100557395
4.46 -0.003471382340727
4.47 0.009369178956886
4.48 0.024860435944225
4.49 0.039935957418351
4.5 0.048768113116599
4.51 0.052779135968528
4.52 0.051908771143823
4.53 0.045347151121487
4.54 0.046295553886599
4.55 0.036213128805502
4.56 0.020682893723823
4.57 -0.003221537560464
4.58 -0.025511003260138
4.59 -0.045611427337051
4.6 -0.059550341098804
4.61 -0.071156590522378
4.62 -0.070664175222559
4.63 -0.064777032835608
4.64 -0.051340290475919
4.65 -0.032392680464506
4.66 -0.010389653817982
4.67 0.009754657439028
4.68 0.019386562278413
4.69 0.022050661146135
4.7 0.027462945397426
4.71 0.035852843526772
4.72 0.052701476090561
4.73 0.048074277688471
4.74 0.053003204331725
4.75 0.056483850093647
4.76 0.0591907919647
4.77 0.05796529442627
4.78 0.049246157134967
4.79 0.034059893057317
4.8 0.033376816529621
4.81 0.03478646057783
4.82 0.036846357640337
4.83 0.042148225452126
4.84 0.048865899489051
4.85 0.05433830934526
4.86 0.060740823740019
4.87 0.073731687204188
4.88 0.091930498522279
4.89 0.106269579883234
4.9 0.106745580897145
4.91 0.076778735477921
4.92 0.040101081790838
4.93 0.039060657644564
4.94 0.019377072533886
4.95 0.013558023227047
4.96 -0.003982634575596
4.97 -0.016412506800286
4.98 -0.029091276370442
4.99 -0.039263916245597
5.0 -0.037451373594218
5.01 -0.022744515418513
5.02 0.000839270202658
5.03 0.024763661721992
5.04 0.041918834431299
5.05 0.046300905074658
5.06 0.036240567426181
5.07 0.01143609176575
5.08 -0.036276417522531
5.09 -0.053576517848158
5.1 -0.07474108188192
5.11 -0.120557947036909
5.12 -0.147904535015587
5.13 -0.174803887874858
5.14 -0.199947149906337
5.15 -0.187924587077109
5.16 -0.156958986427779
5.17 -0.115921289457241
5.18 -0.079222784239884
5.19 -0.066531546911587
5.2 -0.055019986891728
5.21 -0.013683653205274
5.22 -0.003279195745133
5.23 -0.007536162292755
5.24 -0.009214048667632
5.25 -0.005738708189027
5.26 -0.015400254141619
5.27 -0.016622790756564
5.28 -0.022372389840803
5.29 -0.022980801723099
5.3 -0.024106831065842
5.31 -0.019155667443174
5.32 -0.01548915102882
5.33 -0.007921785635322
5.34 0.020503527569126
5.35 0.051657581114575
5.36 0.06132626728753
5.37 0.061513578416453
5.38 0.063120392404294
5.39 0.059995580188873
5.4 0.046261032715394
5.41 0.033360963971975
5.42 0.021016868874735
5.43 -0.012432573937903
5.44 -0.017838783977244
5.45 -0.012640432139244
5.46 -0.009392438012578
5.47 0.003146261532125
5.48 0.021832406942586
5.49 0.039549993699294
5.5 0.042725024339907
5.51 0.039421684904446
5.52 0.026827813213931
5.53 0.004704833073092
5.54 -0.019844898737906
5.55 -0.046350087827552
5.56 -0.07250092757731
5.57 -0.097206566190421
5.58 -0.115936995151635
5.59 -0.12747796213296
5.6 -0.131517895086326
5.61 -0.124357493714334
5.62 -0.109467941847332
5.63 -0.095691369240429
5.64 -0.080372351293031
5.65 -0.053453921572905
5.66 -0.02039687636579
5.67 -0.023384019691903
5.68 -0.031940595426676
5.69 -0.061489330382741
5.7 -0.099240433093288
5.71 -0.105582753008369
5.72 -0.130695980715127
5.73 -0.132275627620948
5.74 -0.13201368261535
5.75 -0.125211465477394
5.76 -0.082163720248343
5.77 -0.078443080089651
5.78 -0.059591560605998
5.79 -0.039283450645076
5.8 -0.03036689888655
5.81 -0.017656853228312
5.82 0.00612092067602
5.83 0.03092527172743
5.84 0.035829587893351
5.85 0.034979598177066
5.86 0.026639018444274
5.87 0.014546007348425
5.88 -0.005465509163042
5.89 -0.057051971335175
5.9 -0.135349217700209
5.91 -0.135806327410242
5.92 -0.149671323850609
5.93 -0.135924611871359
5.94 -0.125089984908009
5.95 -0.104345350895048
5.96 -0.061661606862114
5.97 0.022005819322731
5.98 0.052458914515325
5.99 0.111413762100724
6.0 0.147561491024322
6.01 0.176036532750882
6.02 0.177619653673691
6.03 0.188153784997924
6.04 0.203824435659708
6.05 0.196246748736575
6.06 0.150940706924146
6.07 0.119560564492352
6.08 0.101288333050324
6.09 0.08053930842488
6.1 0.06487966621258
6.11 0.054166913357264
6.12 0.062541869701791
6.13 0.08076200416127
6.14 0.102530166937293
6.15 0.130643288862095
6.16 0.150426202113331
6.17 0.145365649579738
6.18 0.092470539401964
6.19 0.067028300459874
6.2 0.058876170494539
6.21 0.064952818725568
6.22 0.055380181335339
6.23 0.05106213066794
6.24 0.034334148475351
6.25 0.018391284382652
6.26 0.007857147542057
6.27 -0.001000165132547
6.28 -0.001169989268262
6.29 0.005241630530789
6.3 0.020181244178872
6.31 0.037056573161433
6.32 0.047390856924808
6.33 0.05039225890999
6.34 0.042590507274734
6.35 0.022631778525136
6.36 -0.008927456120372
6.37 0.020806059424782
6.38 0.021530093769703
6.39 0.006788443174136
6.4 -0.019526984638472
6.41 -0.049093533414517
6.42 -0.039830930610649
6.43 -0.006509306213794
6.44 0.01687852384167
6.45 -0.011168540364642
6.46 -0.009038626671031
6.47 -0.014739799048752
6.48 -0.029660876576078
6.49 -0.027241991995926
6.5 -0.033748757625094
6.51 -0.016227821892097
6.52 -0.002945674820477
6.53 0.024121269600894
6.54 0.038233800441241
6.55 0.046481893491201
6.56 0.050405098105541
6.57 0.056140564671238
6.58 0.065339669391635
6.59 0.087004439512619
6.6 0.117613926381
6.61 0.114336870598679
6.62 0.106830556164855
6.63 0.057340955731174
6.64 -0.007777248503807
6.65 -0.048254129494987
6.66 -0.085901073443594
6.67 -0.104272851721456
6.68 -0.103306418730922
6.69 -0.088342893690083
6.7 -0.062875368935092
6.71 -0.035754161638229
6.72 0.028462389849577
6.73 0.069593136504736
6.74 0.097660141889777
6.75 0.113928337912611
6.76 0.139653795027126
6.77 0.152772397552004
6.78 0.159730284582585
6.79 0.15299585553264
6.8 0.127981954983054
6.81 0.081233111746411
6.82 0.078251686169787
6.83 0.061293846501662
6.84 0.024004746736578
6.85 -0.01410164014155
6.86 -0.019345372456946
6.87 -0.006193803094174
6.88 0.017738999020863
6.89 0.05153334493654
6.9 0.088969808682497
6.91 0.115353953575816
6.92 0.135639349139949
6.93 0.175427427263395
6.94 0.193275346087072
6.95 0.20254203268697
6.96 0.211225739533004
6.97 0.193626875036883
6.98 0.160910390898403
6.99 0.153216988607322
7.0 0.131869580682997
7.01 0.091239572883483
7.02 0.055342275787469
7.03 0.044046831005243
7.04 0.036702349150814
7.05 0.012567365188334
7.06 -0.030192831107605
7.07 -0.0864171543135
7.08 -0.141340720636943
7.09 -0.193676105552505
7.1 -0.245482124664938
7.11 -0.297547588848534
7.12 -0.302206083645123
7.13 -0.382718895058827
7.14 -0.433652476947373
7.15 -0.400944602338819
7.16 -0.366197456244156
7.17 -0.352837663654028
7.18 -0.350148963683731
7.19 -0.335792496768038
7.2 -0.305944178520177
7.21 -0.271819630773319
7.22 -0.242368829249083
7.23 -0.212239278834166
7.24 -0.180192524377855
7.25 0.062723789792919
7.26 -0.073965125980358
7.27 -0.009875117908525
7.28 -0.041748153046046
7.29 -0.066379132793652
7.3 -0.07325870152215
7.31 -0.106569400421879
7.32 -0.1218615959664
7.33 -0.133179002081949
7.34 -0.128459900959199
7.35 -0.098021596756974
7.36 -0.060289343207919
7.37 -0.023019542752167
7.38 0.014601998335969
7.39 0.047343866458705
7.4 0.075298373438062
7.41 0.104171144138504
7.42 0.141729843465656
7.43 0.195918813488658
7.44 0.261136275505076
7.45 0.312399564338217
7.46 0.329428935497327
7.47 0.329339127622342
7.48 0.343753224071452
7.49 0.3636803700498
7.5 0.36114799171091
7.51 0.342984061831623
7.52 0.326567512061198
7.53 0.306366587000354
7.54 0.273649802718735
7.55 0.221122796094593
7.56 -0.020186231951026
7.57 0.077991828400917
7.58 -0.011531480766511
7.59 -0.021052639425519
7.6 -0.017222104064127
7.61 -0.049475208407438
7.62 -0.061735024040598
7.63 -0.072512263120296
7.64 -0.094092696680818
7.65 -0.106875648283188
7.66 -0.111320896209942
7.67 -0.114878047606923
7.68 -0.114821418929438
7.69 -0.108793518523771
7.7 -0.096705849164743
7.71 -0.08305128208894
7.72 -0.075181745640895
7.73 -0.084565010522205
7.74 -0.118006797892492
7.75 -0.162823113540688
7.76 -0.186127154773674
7.77 -0.175930786902345
7.78 -0.170160154514663
7.79 -0.200541531257866
7.8 -0.240373039353768
7.81 -0.271111595565693
7.82 -0.326710281529086
7.83 -0.307189535358448
7.84 -0.30586868021405
7.85 -0.167501659039625
7.86 -0.135361667618859
7.87 -0.127347852372619
7.88 -0.109923126895315
7.89 -0.107698047291118
7.9 -0.110039133927642
7.91 -0.102349965678261
7.92 -0.106934616135747
7.93 -0.114314792737478
7.94 -0.112263909052588
7.95 -0.112926695393334
7.96 -0.124980209515081
7.97 -0.143791334214687
7.98 -0.163019082538315
7.99 -0.175204761828171
8.0 -0.17491799548149
8.01 -0.162413203398859
8.02 -0.133102273049129
8.03 -0.044768662078743
8.04 -0.069948991976314
8.05 -0.049272612050608
8.06 -0.016585006362958
8.07 0.071584900250334
8.08 0.08272086236863
8.09 0.12329210160649
8.1 0.143698126213725
8.11 0.136851907809713
8.12 0.142257881874478
8.13 0.116992494677598
8.14 0.151937044971433
8.15 0.189202966502222
8.16 0.16243741890717
8.17 0.208921939084359
8.18 0.223307541907858
8.19 0.198098789920517
8.2 0.200202055580025
8.21 0.197629744292027
8.22 0.172101132409366
8.23 0.167062195854909
8.24 0.197468770809137
8.25 0.237342045966701
8.26 0.273742551361546
8.27 0.312445652895181
8.28 0.344533601741375
8.29 0.359412939863131
8.3 0.365323002745082
8.31 0.368716834172113
8.32 0.366818974353461
8.33 0.356359740756813
8.34 0.341160574264388
8.35 0.324311074849819
8.36 0.305537226136267
8.37 0.076806408788563
8.38 0.110584016423231
8.39 0.06607524296504
8.4 -0.014241476180951
8.41 -0.005328793313764
8.42 -0.057285566825334
8.43 -0.090062226741739
8.44 -0.098858373545098
8.45 -0.123618307909067
8.46 -0.147438257838496
8.47 -0.158681784372271
8.48 -0.161515806334577
8.49 -0.153374274596646
8.5 -0.139152894997269
8.51 -0.128103618854696
8.52 -0.125275439965992
8.53 -0.136842299621698
8.54 -0.172022585539948
8.55 -0.238304978531311
8.56 -0.325672562607812
8.57 -0.394822220068174
8.58 -0.409132492187731
8.59 -0.389464298190395
8.6 -0.372390377394952
8.61 -0.378207491681881
8.62 -0.387541179546231
8.63 -0.378223089759816
8.64 -0.370960207771553
8.65 -0.370447126978022
8.66 -0.362803415384032
8.67 -0.230707519496689
8.68 -0.159834386831936
8.69 -0.155283404861291
8.7 -0.098839426679726
8.71 -0.060481642828991
8.72 -0.022439703335578
8.73 0.02760772831004
8.74 0.060583753714355
8.75 0.081983645454593
8.76 0.103879266358892
8.77 0.123400292232973
8.78 0.134866394720518
8.79 0.141729889783386
8.8 0.148256856988033
8.81 0.154686787768251
8.82 0.157714672908509
8.83 0.155344582709671
8.84 0.1534847250101
8.85 0.163524084506915
8.86 0.185852837395201
8.87 0.203185910639896
8.88 0.204089664859215
8.89 0.199107460690574
8.9 0.204337737577796
8.91 0.2249875667592
8.92 0.256545768878821
8.93 0.291217608560238
8.94 0.327323004295592
8.95 0.394653965176532
8.96 0.437554250744278
8.97 0.410600592285864
8.98 0.325917810063946
8.99 0.237435383261604
9.0 0.22036956194715
9.01 0.201289913440712
9.02 0.163212482888128
9.03 0.131844828684295
9.04 0.098023430253916
9.05 0.060133576662902
9.06 0.040418529236973
9.07 0.034469953047202
9.08 0.02701796389815
9.09 0.017738924766276
9.1 0.007794523971588
9.11 -0.002719564841142
9.12 -0.014706430632213
9.13 -0.033908380536002
9.14 -0.065950345904968
9.15 -0.110332403762902
9.16 -0.161421785206367
9.17 -0.214499439431958
9.18 -0.262542455101547
9.19 -0.295954742904322
9.2 -0.312348211111806
9.21 -0.321106095284799
9.22 -0.33073280052216
9.23 -0.337738448538583
9.24 -0.333098770459042
9.25 -0.315976308082807
9.26 -0.291226147515508
9.27 -0.25635142426948
9.28 -0.179688078378083
9.29 -0.002938935370718
9.3 -0.079050021312054
9.31 -0.047057555466438
9.32 -0.083764191206306
9.33 -0.1228236167227
9.34 -0.169648694248107
9.35 -0.255811003611339
9.36 -0.319613965274321
9.37 -0.330539044345308
9.38 -0.358749505577715
9.39 -0.350569166769509
9.4 -0.337806465324598
9.41 -0.298880590408844
9.42 -0.271540046669906
9.43 -0.236143993676997
9.44 -0.176534428817301
9.45 -0.096841300372124
9.46 0.042345568588791
9.47 0.131851737447212
9.48 0.128762764668065
9.49 0.170233469815995
9.5 0.220064863807939
9.51 0.217385628757586
9.52 0.215483399247972
9.53 0.233091130510946
9.54 0.242071125956701
9.55 0.252355152017788
9.56 0.265711702863656
9.57 0.265431143455504
9.58 0.259532949641016
9.59 0.261435830887562
9.6 0.270394371136554
9.61 0.281660603813668
9.62 0.289946198379441
9.63 0.292363209892532
9.64 0.287587341687134
9.65 0.276794337533189
9.66 0.264305621527161
9.67 0.265266340725699
9.68 0.260555350534529
9.69 0.264337004953646
9.7 0.257027251650472
9.71 0.099191811256293
9.72 0.112559263715382
9.73 0.103043125067192
9.74 0.089289729229006
9.75 0.121381215385323
9.76 0.113485895150173
9.77 0.09799890443885
9.78 0.081183746429078
9.79 0.050405662113478
9.8 0.022774018650025
9.81 0.004377786279174
9.82 -0.006532951604922
9.83 -0.012780458731984
9.84 -0.017898330915775
9.85 -0.022840734134359
9.86 -0.029598112089132
9.87 -0.048009193241309
9.88 -0.087306710668756
9.89 -0.145332697571683
9.9 -0.208162923849583
9.91 -0.255350270737087
9.92 -0.279759760242194
9.93 -0.296451268353167
9.94 -0.31931351174158
9.95 -0.34002615485682
9.96 -0.34280718509368
9.97 -0.325920266826467
9.98 -0.292880296622152
9.99 -0.229973073328695
10.0 0.010194530899324
10.01 -0.069820170447484
10.02 -0.005641959880939
10.03 0.000524866724194
10.04 -0.010166486918506
10.05 0.010326360554808
10.06 0.000174611670504
10.07 -0.011446566585096
10.08 -0.012395169981144
10.09 -0.023622756757209
10.1 -0.035205499087302
10.11 -0.040232885601925
10.12 -0.041787288560506
10.13 -0.037793977051607
10.14 -0.024677812498554
10.15 0.000150063694854
10.16 0.041144701576844
10.17 0.109544382930071
10.18 0.212607939549343
10.19 0.325276154890752
10.2 0.383231777024238
10.21 0.378306832088828
10.22 0.390041167648037
10.23 0.430764616467076
10.24 0.435853645218506
10.25 0.410857795061651
10.26 0.379795787322444
10.27 0.32356279407684
10.28 -0.089957123130983
10.29 -0.030226832027851
10.3 -0.117580662184789
10.31 -0.179811911138478
10.32 -0.164909258295176
10.33 -0.168659162439857
10.34 -0.171761410862227
10.35 -0.142540574508648
10.36 -0.107689326790491
10.37 -0.067691671031785
10.38 -0.017343185235124
10.39 0.032074430735271
10.4 0.077211076210974
10.41 0.11890368244119
10.42 0.157048882890133
10.43 0.191933644437453
10.44 0.217561795080792
10.45 0.217372544628667
10.46 0.171747959815357
10.47 0.036909668232239
10.48 -0.159254204345112
10.49 -0.089418183437798
10.5 -0.208706227425953
10.51 -0.203203300328778
10.52 -0.249102735441632
10.53 -0.290632020773275
10.54 -0.29639383306534
10.55 -0.321626005733182
10.56 -0.315714384067109
10.57 -0.313522284453606
10.58 -0.172776995050429
10.59 -0.107758137602803
10.6 -0.088379226149936
10.61 -0.00995119574483
10.62 -0.023936269685316
10.63 0.002395922132268
10.64 -0.013728199142124
10.65 -0.004009069812098
10.66 0.015123578688865
10.67 0.002468064188136
10.68 -0.007933150883424
10.69 -0.024015005845282
10.7 -0.052092066380287
10.71 -0.067621070361519
10.72 -0.067692016467726
10.73 -0.079822000600507
10.74 -0.090271985533174
10.75 -0.08619198042976
10.76 -0.068744202689513
10.77 -0.056559225953379
10.78 -0.081748188347867
10.79 -0.074765418697553
10.8 -0.079412270131405
10.81 -0.088313603705259
10.82 -0.090236159300277
10.83 -0.105953994669551
10.84 -0.126261372002192
10.85 -0.126698937550742
10.86 -0.089756214871632
10.87 -0.05688983680713
10.88 -0.035303894189719
10.89 0.006871218093393
10.9 0.061295335463744
10.91 0.053597657043352
10.92 0.068425176536662
10.93 0.060354835718518
10.94 0.045316141765868
10.95 0.029054740704104
10.96 0.010368556576243
10.97 -0.005111168927792
10.98 -0.017339160257193
10.99 -0.016283213758811
11.0 -0.016863662416709
11.01 -0.018558974700763
11.02 -0.024075392848342
11.03 -0.003621763716635
11.04 0.070768539514307
11.05 0.113530432952141
11.06 0.123807984901808
11.07 0.17379325620788
11.08 0.23498196255088
11.09 0.265119938170883
11.1 0.284225891899384
11.11 0.305089544239628
11.12 0.313483190976526
11.13 0.307439179758495
11.14 0.29990819061885
11.15 0.290632038758617
11.16 0.271216203561274
11.17 0.246851305311696
11.18 0.220920711073386
11.19 0.188785640712819
11.2 0.144391151136633
11.21 0.064006785264673
11.22 0.11165308591583
11.23 0.106916199637492
11.24 0.11048754411144
11.25 0.11071828097837
11.26 0.086642530660554
11.27 0.078805054824529
11.28 0.071372059309552
11.29 0.053973274565636
11.3 0.040488450037109
11.31 0.020476798002858
11.32 -0.000802060991247
11.33 -0.027112309442212
11.34 -0.056998853628238
11.35 -0.087436010070013
11.36 -0.122779101351987
11.37 -0.166261223650421
11.38 -0.214658594132738
11.39 -0.249628848143885
11.4 -0.266559027082516
11.41 -0.251283834467936
11.42 -0.213620124199392
11.43 -0.19542269060074
11.44 -0.194163481402776
11.45 -0.197410958774492
11.46 -0.207823906508976
11.47 -0.216863572705662
11.48 -0.209066293782302
11.49 -0.187376375503046
11.5 -0.128942608967272
11.51 -0.059828706256193
11.52 -0.090501497479812
11.53 -0.063975581533551
11.54 -0.066317840535543
11.55 -0.066897833316857
11.56 -0.058283815871729
11.57 -0.062806496921645
11.58 -0.055575039828149
11.59 -0.048676025900823
11.6 -0.047532275260453
11.61 -0.043269983307865
11.62 -0.034641087437427
11.63 -0.023268628178419
11.64 -0.012867908169207
11.65 -0.004806650826203
11.66 0.009752010440854
11.67 0.041480722411131
11.68 0.091070214073798
11.69 0.146242162052407
11.7 0.18325699910048
11.71 0.191898077318739
11.72 0.198051930048155
11.73 0.227111656571372
11.74 0.264180398508848
11.75 0.288613082502004
11.76 0.306884448470173
11.77 0.323510278882917
11.78 0.328962961458126
11.79 0.319264667976305
11.8 0.29772990348775
11.81 0.267422571637342
11.82 0.23313282573273
11.83 0.155800341154065
11.84 0.150121004724708
11.85 0.110490540574724
11.86 0.116022602313837
11.87 0.1091648846061
11.88 0.120020622328821
11.89 0.119346915251439
11.9 0.124589483927792
11.91 0.121439877006776
11.92 0.125695612287776
11.93 0.125939876478643
11.94 0.125678268600408
11.95 0.119822083815942
11.96 0.105116495044284
11.97 0.083565091545145
11.98 0.05957232769885
11.99 0.031871812312101
12.0 -0.008418998205135
12.01 -0.065998977890921
12.02 -0.123728145061294
12.03 -0.153385126004546
12.04 -0.166220310829494
12.05 -0.194474914465174
12.06 -0.224191919977855
12.07 -0.235540353463661
12.08 -0.244767251651722
12.09 -0.254182532360228
12.1 -0.255393316971944
12.11 -0.250037872526068
12.12 -0.236832721282275
12.13 -0.215395672650141
12.14 -0.189753175872416
12.15 -0.169343673602718
12.16 -0.160213320506282
12.17 -0.159881175289505
12.18 -0.1619024014536
12.19 -0.15741900310327
12.2 -0.090844362919135
12.21 -0.111821285007452
12.22 -0.108063273653342
12.23 -0.116506468511577
12.24 -0.12686456010225
12.25 -0.138775184772068
12.26 -0.148083496099267
12.27 -0.145687787923604
12.28 -0.143914086189704
12.29 -0.14103825928078
12.3 -0.136192404144874
12.31 -0.130664775015934
12.32 -0.114352381995955
12.33 -0.086625860597852
12.34 -0.053733338846219
12.35 -0.022655101772632
12.36 0.005987067905127
12.37 0.036500642837704
12.38 0.069110248835569
12.39 0.089316207968768
12.4 0.088049151231854
12.41 0.081204669839354
12.42 0.08031479793445
12.43 0.074760269991133
12.44 0.061519434160603
12.45 0.050942528477149
12.46 0.041949673575351
12.47 0.003106634482988
12.48 -0.012336066128294
12.49 -0.016422646289977
12.5 -0.012842248333194
12.51 -0.00116759037639
12.52 0.020820577295136
12.53 0.055519548625722
12.54 0.089196042930482
12.55 0.10878378858298
12.56 0.125363357355286
12.57 0.133529819588105
12.58 0.122393922557996
12.59 0.123352602443757
12.6 0.137116137264957
12.61 0.123351436816089
12.62 0.093511209558709
12.63 0.028895106801304
12.64 -0.015690993313417
12.65 -0.042261531491802
12.66 -0.041707692796928
12.67 -0.041803278398723
12.68 -0.03126901816391
12.69 -0.015692589551554
12.7 -0.001526784866767
12.71 0.006712908441571
12.72 0.010378790988994
12.73 0.001625608013473
12.74 -0.011201186054309
12.75 -0.031858857270223
12.76 -0.043804997598284
12.77 -0.048029132117065
12.78 -0.055725896954126
12.79 -0.067831102866522
12.8 -0.082539797389009
12.81 -0.098086298484299
12.82 -0.104643864479579
12.83 -0.096035711050496
12.84 -0.083526239979155
12.85 -0.070702095136182
12.86 -0.043200986206425
12.87 -0.040112233917609
12.88 -0.01910597768037
12.89 -0.010067867531017
12.9 -0.005042692973923
12.91 -0.022463632859903
12.92 -0.039960745725724
12.93 -0.045416922472386
12.94 -0.045063424024451
12.95 -0.037011553246392
12.96 -0.029240637802202
12.97 -0.023062508962037
12.98 -0.015738824922655
12.99 -0.006598709021261
13.0 0.005668825538536
13.01 0.017531949673313
13.02 0.02637349985461
13.03 0.030243383816981
13.04 0.029115351054651
13.05 0.026527498441486
13.06 0.032572991103497
13.07 0.048010049901559
13.08 0.045221279794004
13.09 0.055801721360571
13.1 0.051725871677983
13.11 0.046547962848725
13.12 0.037290053231218
13.13 0.037193051033922
13.14 0.021597890155818
13.15 0.017805149713736
13.16 0.007359226115806
13.17 -0.004781537464891
13.18 -0.013726797705362
13.19 -0.023372772636303
13.2 -0.039672383595992
13.21 -0.056484389713644
13.22 -0.070237321450565
13.23 -0.074015402951339
13.24 -0.070931368681926
13.25 -0.068660584567946
13.26 -0.065618944215608
13.27 -0.061304551127816
13.28 -0.060136416456051
13.29 -0.057894287392026
13.3 -0.04717430988185
13.31 -0.036546443181753
13.32 -0.033303450536201
13.33 -0.038504744288568
13.34 -0.04717809791477
13.35 -0.050194863852969
13.36 -0.051341294753305
13.37 -0.031935935255886
13.38 -0.025536578902369
13.39 -0.014456772371902
13.4 -0.002754282783595
13.41 0.006012185472158
13.42 0.009533699328991
13.43 0.013683270268623
13.44 0.019499904118249
13.45 0.023159540314836
13.46 0.028184537864092
13.47 0.033997597318132
13.48 0.035549499383697
13.49 0.033250949305875
13.5 0.025620287843029
13.51 0.015736378275418
13.52 0.009702172203623
13.53 0.009375216192691
13.54 0.007090854904973
13.55 -0.009834558976553
13.56 -0.013901152418697
13.57 -0.019097058035248
13.58 -0.016682407638644
13.59 -0.017998084297457
13.6 -0.02186003523796
13.61 -0.029710010238579
13.62 -0.038000777699454
13.63 -0.039864394344968
13.64 -0.040112028186771
13.65 -0.046109577581731
13.66 -0.052940299856362
13.67 -0.058178259703429
13.68 -0.060169014906539
13.69 -0.056795008833332
13.7 -0.052948357718758
13.71 -0.051362952405658
13.72 -0.050771077652266
13.73 -0.05164249603021
13.74 -0.041106631349603
13.75 -0.025707468794471
13.76 -0.014906126756073
13.77 -0.008651275492014
13.78 -0.005792638097798
13.79 -0.005498513421557
13.8 -0.007239146659466
13.81 -0.008078049049576
13.82 -0.006295188595067
13.83 -0.002157383386688
13.84 0.00290935339145
13.85 0.010164607161201
13.86 0.021333202468724
13.87 0.037604558447271
13.88 0.056422558149844
13.89 0.073126907520649
13.9 0.085647662471471
13.91 0.083140168848985
13.92 0.091391461320977
13.93 0.100551262893154
13.94 0.108089714803834
13.95 0.102431246135583
13.96 0.089651771432632
13.97 0.064755760265128
13.98 0.065445342643705
13.99 0.05201190416948
14.0 0.035235486805821
14.01 0.030580841834894
14.02 0.018668935568685
14.03 0.020076344017121
14.04 0.023790576691656
14.05 0.033557074655138
14.06 0.040097825637403
14.07 0.042451413212133
14.08 0.040436157959402
14.09 0.035877109560277
14.1 0.035516769051048
14.11 0.038148871305533
14.12 0.03659751918129
14.13 0.027138179319474
14.14 0.013305150095389
14.15 0.003080084436901
14.16 0.001947989418611
14.17 -0.006999157243428
14.18 -0.004465795254881
14.19 -0.001040864909415
14.2 0.007538507002242
14.21 0.023937425577894
14.22 0.036628298069665
14.23 0.040669698598696
14.24 0.033778271489108
14.25 0.0234496360815
14.26 0.005801421602484
14.27 -0.015723147947695
14.28 -0.031347341702755
14.29 -0.038906906060261
14.3 -0.044794820514177
14.31 -0.044695196504022
14.32 -0.04085748380789
14.33 -0.034663154015935
14.34 -0.024702263230077
14.35 -0.011872933543525
14.36 -0.003553094819063
14.37 0.003102019838795
14.38 0.011075023806557
14.39 0.012091879827777
14.4 0.011846401286608
14.41 -0.010368512230659
14.42 -0.036643079158422
14.43 -0.059415826043874
14.44 -0.091629259910459
14.45 -0.11686904239901
14.46 -0.121768218525831
14.47 -0.121902748338671
14.48 -0.123938367076532
14.49 -0.12104326693878
14.5 -0.11678301944885
14.51 -0.109500482133581
14.52 -0.098996962126048
14.53 -0.086489677312919
14.54 -0.076488612649921
14.55 -0.069897833269058
14.56 -0.067839692703929
14.57 -0.072985525395302
14.58 -0.083433117765743
14.59 -0.092510978400939
14.6 -0.098118423959383
14.61 -0.101842068235152
14.62 -0.122485220304997
14.63 -0.109540536250329
14.64 -0.108168329352885
14.65 -0.0972782256203
14.66 -0.083927439097747
14.67 -0.063151247673053
14.68 -0.043185090483762
14.69 -0.022504937559237
14.7 -0.010983532374788
14.71 -0.00333915369312
14.72 0.006097768117335
14.73 0.014246253387447
14.74 0.019698463923259
14.75 0.025090605423568
14.76 0.033712393757401
14.77 0.043041012191731
14.78 0.05296027972791
14.79 0.060517354708201
14.8 0.06501093501418
14.81 0.070128221387964
14.82 0.075326785710338
14.83 0.07937338003995
14.84 0.08489456172685
14.85 0.090878913285629
14.86 0.093104944937387
14.87 0.090375696114922
14.88 0.083760673530821
14.89 0.073365815578394
14.9 0.064456456613039
14.91 0.067476583515301
14.92 0.069563767364555
14.93 0.074951859581708
14.94 0.072414321575983
14.95 0.064452275769827
14.96 0.068268300225491
14.97 0.061516106600475
14.98 0.064489610437744
14.99 0.058579220251953
15.0 0.050955085180308
15.01 0.043148918992071
15.02 0.036507044814708
15.03 0.034866454775355
15.04 0.029793823138644
15.05 0.023587083488593
15.06 0.012324050964408
15.07 0.002543629141854
15.08 0.001104602458023
15.09 -0.00273203945196
15.1 -0.015003719132253
15.11 -0.028691800103677
15.12 -0.039881616837887
15.13 -0.046262674974735
15.14 -0.045916751759924
15.15 -0.044885417707229
15.16 -0.043283520069453
15.17 -0.038652239346853
15.18 -0.033037637926918
15.19 -0.006402737115319
15.2 0.016052582718319
15.21 0.018657408565592
15.22 0.030284480568884
15.23 0.026753789538842
15.24 0.026693139759798
15.25 0.018373909183149
15.26 0.011231549251965
15.27 -0.000864682243703
15.28 -0.013155198033242
15.29 -0.024311188909566
15.3 -0.030046358023285
15.31 -0.028883987247243
15.32 -0.023912111588985
15.33 -0.01866636163041
15.34 -0.006654835926068
15.35 0.013568055511948
15.36 0.043427368989354
15.37 0.055248785974855
15.38 0.054968841717004
15.39 0.057669709741925
15.4 0.047940733627814
15.41 0.031357890783626
15.42 0.012503272685785
15.43 -0.010167744765819
15.44 -0.023140385663151
15.45 -0.028215059471385
15.46 -0.024161573374334
15.47 -0.018078525065191
15.48 -0.00110724300445
15.49 0.022825811460849
15.5 0.045918581840168
15.51 0.070461504318191
15.52 0.096179509578199
15.53 0.105958386065104
15.54 0.109522891232034
15.55 0.12028340712292
15.56 0.134655393618958
15.57 0.128608288728468
15.58 0.120963514569174
15.59 0.116763823749003
15.6 0.108284828973411
15.61 0.100541931914751
15.62 0.087108199100609
15.63 0.073098595968763
15.64 0.061705068024114
15.65 0.059662130239822
15.66 0.048992192119392
15.67 -0.015846074595075
15.68 0.011328554783746
15.69 -0.006049207603559
15.7 -0.01132167294011
15.71 -0.017708739717034
15.72 -0.017436099640974
15.73 -0.011782605385038
15.74 -0.007069364581584
15.75 -0.009969564912466
15.76 0.002604310263674
15.77 0.00929529701831
15.78 0.015032799052489
15.79 0.020178167793038
15.8 0.013805439842383
15.81 0.00467990587809
15.82 -0.008385803682899
15.83 -0.032780377495693
15.84 -0.065644840214586
15.85 -0.096978792859314
15.86 -0.116666522561401
15.87 -0.130188120278186
15.88 -0.152423093850042
15.89 -0.163718071438732
15.9 -0.163229755409681
15.91 -0.162649299028628
15.92 -0.150940509442621
15.93 -0.063460632391921
15.94 -0.035028269526835
15.95 -0.011831973392387
15.96 0.015717566326364
15.97 0.027688768912329
15.98 0.043689017882127
15.99 0.048893840238854
16.0 0.049810793781382
16.01 0.044843097453714
16.02 0.029912207904931
16.03 0.006110906873551
16.04 -0.018561036542039
16.05 -0.040108027604955
16.06 -0.056065250424796
16.07 -0.06472890078914
16.08 -0.072048392295444
16.09 -0.073979576966089
16.1 -0.043089743162187
16.11 0.01831552119243
16.12 0.023987694084804
16.13 0.052097580691631
16.14 0.082754835426933
16.15 0.083991943939963
16.16 0.099016708741971
16.17 0.084976618869337
16.18 0.088937010386644
16.19 0.049444611730164
16.2 0.036506566611406
16.21 0.031113258176432
16.22 0.009688990896705
16.23 0.007911645694197
16.24 0.005402305055982
16.25 0.010012763495738
16.26 0.023660182389882
16.27 0.044240257837074
16.28 0.06596046204631
16.29 0.082332480729974
16.3 0.075143668917496
16.31 0.09658538705853
16.32 0.087678956619534
16.33 0.081826999202163
16.34 0.083236868342929
16.35 0.064172921910718
16.36 0.053743478600556
16.37 0.05710752106417
16.38 0.054458024785131
16.39 0.056562363556954
16.4 0.031127974850229
16.41 0.010904644500444
16.42 0.011406540258719
16.43 0.018123770445511
16.44 0.019932375885095
16.45 0.021962220114084
16.46 0.008421884627188
16.47 0.005267708639744
16.48 -0.000391053976941
16.49 0.002384923832677
16.5 -0.002346442902127
16.51 0.000359127455827
16.52 0.004304883546175
16.53 0.004384521240479
16.54 0.007873689990234
16.55 0.004106464983383
16.56 -0.010970187477771
16.57 -0.033869839935139
16.58 -0.06065195384331
16.59 -0.07094571899876
16.6 -0.068244501071808
16.61 -0.078528762159775
16.62 -0.092066162217533
16.63 -0.102593000701039
16.64 -0.11359868095061
16.65 -0.115457869661469
16.66 -0.111850693973211
16.67 -0.102639548564181
16.68 -0.088535604166351
16.69 -0.069297763085885
16.7 -0.043503604379189
16.71 -0.022540079135911
16.72 -0.010983111011326
16.73 0.006531222243381
16.74 0.007289902185923
16.75 0.01240660070929
16.76 0.013797055090788
16.77 0.01491371976915
16.78 0.010526305064296
16.79 0.000277939874509
16.8 -0.012791264163711
16.81 -0.022744706489783
16.82 -0.030792930483398
16.83 -0.036177000135215
16.84 -0.03989114339199
16.85 -0.041504594939844
16.86 -0.036864879585192
16.87 -0.019513155073644
16.88 -0.014159455185882
16.89 -0.007332713727797
16.9 0.007974416136169
16.91 0.027701813652105
16.92 0.040068310314079
16.93 0.053133495682271
16.94 0.056647517304989
16.95 0.054452480342847
16.96 0.040890321028021
16.97 0.04127104522969
16.98 0.017249196954163
16.99 0.004393541023446
17.0 -0.012071518056541
17.01 -0.026598447106436
17.02 -0.036148853492336
17.03 -0.032227091832107
17.04 -0.013526104279821
17.05 0.010870695713457
17.06 0.032196247873255
17.07 0.050269919014884
17.08 0.061640111843038
17.09 0.059598880150609
17.1 0.060509026569505
17.11 0.060788132232511
17.12 0.044705155687052
17.13 0.040023670274287
17.14 0.030977926190578
17.15 0.003803117302335
17.16 -0.031243429390641
17.17 -0.035730378938013
17.18 -0.042579190837484
17.19 -0.04182697097654
17.2 -0.023339710339862
17.21 -0.017547384296907
17.22 -2.2400861066e-05
17.23 0.002366985734786
17.24 -0.00082144178928
17.25 -0.011312550769319
17.26 -0.026441063897424
17.27 -0.042511265928752
17.28 -0.057208834608703
17.29 -0.068009836315228
17.3 -0.080245204796059
17.31 -0.08962732731246
17.32 -0.098473725478662
17.33 -0.110442590958989
17.34 -0.117333016744767
17.35 -0.116152176965521
17.36 -0.111757500898165
17.37 -0.105821337233068
17.38 -0.096944020116076
17.39 -0.088201603546748
17.4 -0.079242007350127
17.41 -0.020974062518282
17.42 -0.02226946343167
17.43 -0.002565217758317
17.44 -0.002628898657253
17.45 -0.000262307901404
17.46 0.002416572430596
17.47 0.010298380647993
17.48 0.020743195152982
17.49 0.032321682266007
17.5 0.040891645411587
17.51 0.047411625267095
17.52 0.052575241268533
17.53 0.055598649328331
17.54 0.05610244729267
17.55 0.057517258449691
17.56 0.059644291370366
17.57 0.064281535620744
17.58 0.075494332820653
17.59 0.088644347529154
17.6 0.088479715190315
17.61 0.072825731719622
17.62 0.062435333015224
17.63 0.054996852303926
17.64 0.047876750407542
17.65 0.045979349175765
17.66 0.036602090464297
17.67 0.023978613494803
17.68 0.022027856102035
17.69 0.042634802444362
17.7 0.050840849337894
17.71 0.054315847684549
17.72 0.062984815075813
17.73 0.058386675595571
17.74 0.049249340782843
17.75 0.036710125767917
17.76 0.018731291030854
17.77 -0.004069740198618
17.78 -0.033343545577707
17.79 -0.06298722086629
17.8 -0.083517188879046
17.81 -0.09424441846437
17.82 -0.10076567164427
17.83 -0.104136811193408
17.84 -0.100235537576622
17.85 -0.087763120776382
17.86 -0.034118017211933
17.87 0.019711030759406
17.88 0.043675972677526
17.89 0.069684317115105
17.9 0.082700892709839
17.91 0.092869914478207
17.92 0.097951019919489
17.93 0.092583630368032
17.94 0.080365877822931
17.95 0.061310350715617
17.96 0.038931326583228
17.97 0.012511290793591
17.98 -0.009461221828829
17.99 -0.024790528050399
18.0 -0.036543892254398
18.01 -0.042140748659502
18.02 -0.035998479645616
18.03 -0.011831525752238
18.04 0.047955082720923
18.05 0.042710563142964
18.06 0.054840696981846
18.07 0.072590317779878
18.08 0.080335410114804
18.09 0.096247545208011
18.1 0.112542640637816
18.11 0.09527646313595
18.12 0.069336929883835
18.13 0.070748764047071
18.14 0.064452547228474
18.15 0.047413350398296
18.16 0.048665732028846
18.17 0.021177409333524
18.18 0.013123145108563
18.19 -0.004381486290693
18.2 -0.006431870801863
18.21 -0.01775530226799
18.22 -0.01466215144217
18.23 -0.020068169633066
18.24 -0.025211864183482
18.25 -0.020215475574303
18.26 -0.028040239559559
18.27 -0.032313557686682
18.28 -0.049669065262989
18.29 -0.060065477467076
18.3 -0.056046372599994
18.31 -0.049045889588517
18.32 -0.041819129891779
18.33 -0.040124403510507
18.34 -0.035918136641671
18.35 -0.034676349570791
18.36 -0.033659853188102
18.37 -0.024959820733741
18.38 -0.007703953748564
18.39 0.001587414449863
18.4 0.007762707754658
18.41 0.016101955554148
18.42 0.005948969575469
18.43 0.000191142282303
18.44 -0.006975838206707
18.45 -0.016518517045073
18.46 -0.032086294334268
18.47 -0.045891480012815
18.48 -0.05665771923706
18.49 -0.056418670172405
18.5 -0.055987302797675
18.51 -0.055395770987229
18.52 -0.052921824858053
18.53 -0.038064640217953
18.54 -0.011405864881076
18.55 0.009278446342524
18.56 0.022667093135508
18.57 0.029442302426679
18.58 0.033822878061601
18.59 0.031940239346889
18.6 0.025983258679203
18.61 0.008795561943724
18.62 -0.014833635643516
18.63 -0.029712331219819
18.64 -0.042383445831125
18.65 -0.04985473522313
18.66 -0.052239900361177
18.67 -0.052523065610908
18.68 -0.053301339990861
18.69 -0.049105066063993
18.7 -0.037592944748394
18.71 -0.022405334937546
18.72 -0.011282487702141
18.73 -0.00854611670318
18.74 -0.007395276196179
18.75 -0.006650509961171
18.76 -0.009539817666146
18.77 -0.019625626161419
18.78 -0.029126905933071
18.79 -0.033722773531396
18.8 -0.0339556553882
18.81 -0.028013006478739
18.82 -0.02198991905324
18.83 -0.016501371233037
18.84 -0.006010830125078
18.85 0.007789081131541
18.86 0.018221462465399
18.87 0.02960652654967
18.88 0.031833079493345
18.89 0.042743821367868
18.9 0.040397907174098
18.91 0.0472223402032
18.92 0.047664232084196
18.93 0.047434583245631
18.94 0.041221788475738
18.95 0.035524490350123
18.96 0.030050423779632
18.97 0.02270476898326
18.98 0.007474422394292
18.99 -0.019758630900841
19.0 -0.021719414618437
19.01 -0.034104142115514
19.02 -0.033289398648843
19.03 -0.041403380409703
19.04 -0.047851734018204
19.05 -0.050905694558018
19.06 -0.050755766459587
19.07 -0.049564575319271
19.08 -0.044714307043558
19.09 -0.041969245185674
19.1 -0.038602669245458
19.11 -0.034097768621791
19.12 -0.03296378947201
19.13 -0.030072334758698
19.14 -0.035221955265642
19.15 -0.04477753723269
19.16 -0.053600830683331
19.17 -0.061415522962433
19.18 -0.041745517182832
19.19 -0.025928238717452
19.2 -0.014277352947018
19.21 -0.019643084525048
19.22 -0.014615723447112
19.23 -0.007276755064558
19.24 0.000186594290169
19.25 -0.000741546233486
19.26 -0.003713149600847
19.27 -0.000624978961031
19.28 0.001998183297656
19.29 0.004746999394354
19.3 0.00852739800765
19.31 0.014461627633218
19.32 0.024910830072781
19.33 0.040436388639829
19.34 0.059063166355293
19.35 0.076884984763027
19.36 0.0939033409102
19.37 0.107220967885836
19.38 0.111501060578958
19.39 0.109363975675759
19.4 0.105639102016577
19.41 0.100778934089134
19.42 0.082359101581222
19.43 0.051531933207183
19.44 0.033404485888426
19.45 0.016139895813266
19.46 0.013418654810821
19.47 0.011791954795838
19.48 0.011375246255289
19.49 0.012837754379111
19.5 0.020821252408782
19.51 0.032541551458342
19.52 0.04617646495428
19.53 0.057616301527705
19.54 0.063778234220566
19.55 0.065574396148576
19.56 0.066448752724545
19.57 0.06499364754556
19.58 0.057294928515838
19.59 0.039203982157519
19.6 0.018036034320814
19.61 0.023274232794941
19.62 0.027282668820781
19.63 0.031947677619966
19.64 0.038758693334691
19.65 0.042607960480314
19.66 0.057484663272522
19.67 0.065929591724145
19.68 0.057915331828125
19.69 0.041103913885308
19.7 0.0164753148173
19.71 -0.02803102852218
19.72 -0.040214510757845
19.73 -0.059689215737783
19.74 -0.062282470599699
19.75 -0.059740022804409
19.76 -0.04801132807925
19.77 -0.041873356986697
19.78 -0.042177364050611
19.79 -0.043935308071349
19.8 -0.014547910753448
19.81 -0.008393538463503
19.82 0.011693238366108
19.83 0.031684390924877
19.84 0.036785835339891
19.85 0.04075464600041
19.86 0.024658541539765
19.87 -0.015554443308464
19.88 -0.045252563211268
19.89 -0.064377279172353
19.9 -0.069756005785118
19.91 -0.092886729482003
19.92 -0.094796648803006
19.93 -0.100645779342644
19.94 -0.104202495564363
19.95 -0.099247137548772
19.96 -0.062433558365326
19.97 -0.053074360250315
19.98 -0.041941211990652
19.99 -0.02651008566633
20.0 -0.02262367760643
20.01 -0.003488733728141
20.02 0.001040826301764
20.03 0.010433202659959
20.04 0.009154597140293
20.05 0.002729087897829
20.06 -0.002299485467744
20.07 -0.014662672530847
20.08 -0.018747929881879
20.09 -0.024483320162289
20.1 -0.021382160505238
20.11 -0.012336836664111
20.12 0.001866563183694
20.13 0.017873808776854
20.14 0.022799774759393
20.15 0.018010602692242
20.16 0.020536703304936
20.17 0.024708814135112
20.18 0.024343558490587
20.19 0.024669810810921
20.2 0.009384188081665
20.21 -0.015030616409031
20.22 -0.008749067222272
20.23 -0.013591249294357
20.24 -0.016312989656873
20.25 -0.02116646778219
20.26 -0.020975700713629
20.27 -0.022020824181374
20.28 -0.0170527551666
20.29 -0.010936950032516
20.3 -0.001442160476693
20.31 0.007285978741105
20.32 0.013723698500422
20.33 0.015986638383579
20.34 0.016032013017798
20.35 0.008790044094414
20.36 -0.006339693789766
20.37 -0.028347706659348
20.38 -0.03037554305993
20.39 -0.026874112192389
20.4 -0.031186166649865
20.41 -0.034473833686692
20.42 -0.032574545975081
20.43 -0.026643425704959
20.44 -0.015246397666835
20.45 -0.016823204331437
20.46 -0.025193324173685
20.47 -0.024454368552729
20.48 -0.031785145310961
20.49 -0.034600850791152
20.5 -0.033994273727394
20.51 -0.031477620263266
20.52 -0.030742235121417
20.53 -0.02705052924333
20.54 -0.02647134997698
20.55 -0.011701962332099
20.56 -0.004621116412078
20.57 0.005799204345828
20.58 0.014768927271264
20.59 0.021240783882082
20.6 0.025935931911952
20.61 0.020803257128026
20.62 0.008885227682557
20.63 -0.002928306310082
20.64 -0.011187828516914
20.65 -0.017928852737013
20.66 -0.021617162296168
20.67 -0.019455205498039
20.68 -0.014353233494802
20.69 -0.006211916384725
20.7 0.003455301950863
20.71 0.013768539228179
20.72 0.023554771667112
20.73 0.027808693962608
20.74 0.028999385271878
20.75 0.02821426616836
20.76 0.02355487411548
20.77 0.01532963465627
20.78 0.003921156637361
20.79 -0.006255587150774
20.8 -0.01292150243589
20.81 -0.014213007013441
20.82 -0.011589002859055
20.83 -0.005051527752815
20.84 0.005934770733812
20.85 0.018182614108221
20.86 0.030431891984406
20.87 0.037576927082242
20.88 0.042177852797898
20.89 0.039678364399607
20.9 0.032720242563686
20.91 0.022679636574797
20.92 0.007750445430829
20.93 -0.008110447654062
20.94 -0.026942268800382
20.95 -0.039079745706905
20.96 -0.042879070164784
20.97 -0.040085338692993
20.98 -0.037651602401573
20.99 -0.029027113251301
21.0 -0.01816251590161
21.01 -0.003367538217745
21.02 0.012011264179608
21.03 0.016846242483824
21.04 0.017578443689401
21.05 0.012184184438206
21.06 0.003207567733243
21.07 -0.002115678646644
21.08 -0.01300086582733
21.09 -0.020736187301984
21.1 -0.025515510655693
21.11 -0.032646489964134
21.12 -0.038233186076721
21.13 -0.032654046881826
21.14 -0.032071926031317
21.15 -0.018985890679658
21.16 -0.006393876629364
21.17 0.005826500832142
21.18 0.012801839746186
21.19 0.015134029078948
21.2 0.011062652021605
21.21 0.008195807107805
21.22 0.005313374525511
21.23 0.002451942394593
21.24 0.0018966909075
21.25 0.00211620151976
21.26 0.005711891471995
21.27 0.013505917683598
21.28 0.022180908996719
21.29 0.033110056052432
21.3 0.044560067030413
21.31 0.046960506970012
21.32 0.050697342990682
21.33 0.064280572543625
21.34 0.069319193948553
21.35 0.061592600571708
21.36 0.058516152086552
21.37 0.051991181966618
21.38 0.042003057176627
21.39 0.010754835204241
21.4 -0.001301472909726
21.41 -0.01728300726588
21.42 -0.026217812932942
21.43 -0.02982173465593
21.44 -0.029387473787883
21.45 -0.024336826321637
21.46 -0.019222313112344
21.47 -0.012453346921351
21.48 -0.004179775199349
21.49 0.008627004854137
21.5 0.026490990644316
21.51 0.04219871488923
21.52 0.051336550649355
21.53 0.057486952687434
21.54 0.055601138655949
21.55 0.045212495873524
21.56 0.027350083744285
21.57 0.013866281837204
21.58 0.004250433272415
21.59 -0.00574623059738
21.6 -0.005514053773353
21.61 -0.000217430136618
21.62 0.003793615599855
21.63 0.01090331936703
21.64 0.015056631948371
21.65 0.017105985592003
21.66 0.022862506734303
21.67 0.029576987434696
21.68 0.036315952003173
21.69 0.041899686255038
21.7 0.053979119090172
21.71 0.051667552556152
21.72 0.052861443843937
21.73 0.045391051897304
21.74 0.03051944750562
21.75 0.015189139576513
21.76 0.003810378103402
21.77 -0.007284469974629
21.78 -0.011030832077069
21.79 -0.012204128333217
21.8 -0.016129088892726
21.81 -0.017678728578461
21.82 -0.018418436681531
21.83 -0.02057058880337
21.84 -0.019166713217191
21.85 -0.018086099771436
21.86 -0.016816382197371
21.87 -0.014739365079388
21.88 -0.014223746306753
21.89 -0.015715392711793
21.9 -0.020023410913133
21.91 -0.026210073447326
21.92 -0.033252872099079
21.93 -0.042563613448922
21.94 -0.04496065382063
21.95 -0.044796458982245
21.96 -0.04219440348733
21.97 -0.035483044864616
21.98 -0.023268714184159
21.99 -0.011096643431985
22.0 -0.001771936171538
22.01 0.00310240611755
22.02 0.006454308436806
22.03 0.009556761145275
22.04 0.008090464094386
22.05 0.008983161821296
22.06 0.009065770991433
22.07 0.009565442039009
22.08 0.0095015903094
22.09 0.004966667781593
22.1 -0.001713006023925
22.11 -0.007935322656033
22.12 -0.014621520090556
22.13 -0.016514698842657
22.14 -0.01620487879022
22.15 -0.015362921596454
22.16 -0.014741168854125
22.17 -0.013132818669239
22.18 -0.011014818560545
22.19 -0.010650069719977
22.2 -0.009881263285692
22.21 -0.011204205959837
22.22 -0.012356055136572
22.23 -0.012723203823797
22.24 -0.014934802151632
22.25 -0.019703066243702
22.26 -0.027932863333277
22.27 -0.039053538405824
22.28 -0.051218306560245
22.29 -0.06038346532746
22.3 -0.062847052147045
22.31 -0.064280150230026
22.32 -0.061883780583824
22.33 -0.058046541272687
22.34 -0.042270476382645
22.35 -0.030192446463268
22.36 -0.016411283167027
22.37 -0.006959517343008
22.38 -0.001839780119203
22.39 -0.000460816979479
22.4 -0.001719303430548
22.41 -0.005784155783952
22.42 -0.012954415381558
22.43 -0.022751777776261
22.44 -0.036124366402649
22.45 -0.048458632378583
22.46 -0.056212221731359
22.47 -0.057874069355508
22.48 -0.052808102174677
22.49 -0.046553116887051
22.5 -0.030047688991254
22.51 -0.008083038528488
22.52 0.007279665535305
22.53 0.019156336929656
22.54 0.028544201332648
22.55 0.034764796959422
22.56 0.036042116679756
22.57 0.033797576065948
22.58 0.024699759438705
22.59 0.001393735342057
22.6 -0.008285682831458
22.61 -0.022319222351683
22.62 -0.029736186750347
22.63 -0.030625498015641
22.64 -0.02792031135233
22.65 -0.021793390273184
22.66 -0.01168529226271
22.67 0.007226725236488
22.68 0.019182956328104
22.69 0.033386768866958
22.7 0.039386075803739
22.71 0.044928140106764
22.72 0.047040055450748
22.73 0.044218527400181
22.74 0.03675603796872
22.75 0.027291952362551
22.76 0.010065797908283
22.77 -0.011723189810272
22.78 -0.014422458880093
22.79 -0.025901244905959
22.8 -0.024924370253356
22.81 -0.020725936571681
22.82 -0.011671780496291
22.83 0.001302782621398
22.84 0.011268421066647
22.85 0.02074099958745
22.86 0.028085908616958
22.87 0.031932191248149
22.88 0.03294432275581
22.89 0.034930830757591
22.9 0.031884018132721
22.91 0.023471592510856
22.92 0.013455430248864
22.93 0.000896993642415
22.94 -0.006891756196776
22.95 -0.008889105394832
22.96 -0.011544829120022
22.97 -0.01276679306254
22.98 -0.004666550005684
22.99 0.010568860097184
23.0 0.027750232596876
23.01 0.04319934494347
23.02 0.041504919061729
23.03 0.055084743324243
23.04 0.050951865723809
23.05 0.050657960466956
23.06 0.05201046049705
23.07 0.042562449636932
23.08 0.035822392274699
23.09 0.028436761129895
23.1 0.021994803210215
23.11 0.011711314338255
23.12 0.012407212754289
23.13 0.013788829718026
23.14 0.017708927837876
23.15 0.028553458781239
23.16 0.039317887988676
23.17 0.040890115827951
23.18 0.043161721793678
23.19 0.037278782879494
23.2 0.033637535237868
23.21 0.026821366054605
23.22 0.015649617956719
23.23 0.004870825418152
23.24 -0.004296344023211
23.25 -0.009585761924008
23.26 -0.013883615975489
23.27 -0.016088116350599
23.28 -0.017453754845051
23.29 -0.016658143019307
23.3 -0.013544580702381
23.31 -0.011457835325802
23.32 -0.006596735129651
23.33 -0.000954801458499
23.34 0.002257498826509
23.35 0.00389094814239
23.36 0.003267086592846
23.37 -0.00010330349539
23.38 -0.005300615747081
23.39 -0.010739964769903
23.4 -0.014516023351634
23.41 -0.0155471125031
23.42 -0.012338559522757
23.43 -0.011631496778801
23.44 -0.012905767416342
23.45 -0.013252938498952
23.46 -0.012910435103183
23.47 -0.01415859134043
23.48 -0.013260217127721
23.49 -0.010927453761864
23.5 -0.005295753705598
23.51 0.000428012728705
23.52 0.002506017294184
23.53 0.003475269302238
23.54 0.007208892867255
23.55 0.009896069996398
23.56 0.0095018259505
23.57 0.010495961622659
23.58 0.00608474803616
23.59 0.002940589224499
23.6 0.001310490355592
23.61 -0.000930666207344
23.62 -0.002888361721195
23.63 -0.005485059673
23.64 -0.009844947603223
23.65 -0.012144126554348
23.66 -0.011449066176796
23.67 -0.009342697785989
23.68 -0.005280104303714
23.69 7.2309346047e-05
23.7 0.007575529114171
23.71 0.012805087754285
23.72 0.013480458261925
23.73 0.008942246522867
23.74 0.00158470685458
23.75 -0.006586353094834
23.76 -0.012924943506787
23.77 -0.018689912205847
23.78 -0.023189524998775
23.79 -0.025422186834985
23.8 -0.023191310192192
23.81 -0.019090523076724
23.82 -0.009083539731204
23.83 0.000188064817398
23.84 0.007617598464509
23.85 0.014801652580289
23.86 0.02068155123891
23.87 0.024660265910393
23.88 0.023636164882551
23.89 0.016967765309657
23.9 0.003411890937777
23.91 -0.01164984087078
23.92 -0.023589051001106
23.93 -0.033239262105526
23.94 -0.038421917240339
23.95 -0.039931971302943
23.96 -0.034129977626118
23.97 -0.023113111115341
23.98 -0.010222688580533
23.99 -0.000861019769096
24.0 0.00642362221819
24.01 0.013123187854121
24.02 0.017460126098434
24.03 0.018508294225894
24.04 0.013868720433391
24.05 0.006525313049538
24.06 -0.003388810327416
24.07 -0.015685870342643
24.08 -0.025817923834347
24.09 -0.031456100208792
24.1 -0.033200285526838
24.11 -0.030168428645946
24.12 -0.027300809624576
24.13 -0.024393540338005
24.14 -0.010377401385678
24.15 -0.003849111609501
24.16 0.000963833939854
24.17 0.001483764355228
24.18 0.004400330219579
24.19 0.004367127813799
24.2 0.002859489578507
24.21 -0.001940264824085
24.22 -0.008009372055437
24.23 -0.017214899240159
24.24 -0.024406421527997
24.25 -0.028039536294523
24.26 -0.028088348027168
24.27 -0.025973396827609
24.28 -0.02230251345145
24.29 -0.016019756395387
24.3 -0.008773113058364
24.31 -0.00427877222408
24.32 -0.003541474320989
24.33 -0.003811725612078
24.34 -0.001802011288807
24.35 -0.000705962597516
24.36 -0.00329433736722
24.37 -0.00829540065286
24.38 -0.013235134505713
24.39 -0.013757790060389
24.4 -0.013555837134868
24.41 -0.010914862344057
24.42 -0.005089387219769
24.43 -0.000324918401962
24.44 0.003919818809185
24.45 0.008283773322996
24.46 0.010705434997552
24.47 0.010170828786653
24.48 0.007733458529579
24.49 0.005765855695419
24.5 0.005045914229019
24.51 0.004475917758396
24.52 0.002875452746991
24.53 0.001224283881941
24.54 0.001556675430308
24.55 0.00464329474342
24.56 0.008773116164332
24.57 0.011906252998818
24.58 0.015971772677385
24.59 0.020831312134844
24.6 0.024231263872813
24.61 0.026857630608176
24.62 0.026845747259445
24.63 0.024969320228367
24.64 0.021420889851123
24.65 0.013580514985232
24.66 0.003837531019898
24.67 -0.004155905645
24.68 -0.012388159533048
24.69 -0.019395077366074
24.7 -0.023257966219518
24.71 -0.024512547717276
24.72 -0.026380081636255
24.73 -0.025485378481264
24.74 -0.021721563632201
24.75 -0.014953085654998
24.76 -0.005965453178569
24.77 0.002794709701599
24.78 0.010100472656224
24.79 0.016073571511899
24.8 0.017242729846686
24.81 0.013442286851312
24.82 0.009378302849534
24.83 0.004375353175209
24.84 6.3249453017e-05
24.85 -0.006452286270086
24.86 -0.008703201982459
24.87 -0.005478967614215
24.88 -0.00237948068484
24.89 0.002080456149066
24.9 0.007240849811577
24.91 0.014778016027922
24.92 0.023504737140372
24.93 0.034484155769029
24.94 0.043375222440582
 
 
 
 
 
 
 
 
 
 
 
 
 
 
 
 
 
 
 
 
 
 
 
 
 
 
 
 
 
 
 
 
 
 
 
 
 
 
 
 
 
 
 
 
 
 
 
 
 
 
 
 
 
 
 
 
 
 
 
 
 
 
 
 
 
 
 
 
 
 
 
 
 
 
 
 
 
 
 
 
 
 
 
 
 
 
 
 
 
 
 
 
 
 
 
 
 
 
 
 
 
 
 
 
 
 
 
 
 
 
 
 
 
 
 
 
 
 
 
 
 
 
 
 
 
 
 
 
 
 
 
 
 
 
 
 
 
 
 
 
 
 
 
 
 
 
 
 
 
 
 
 
 
 
 
 
 
 
 
 
 
 
 
 
 
 
 
 
 
 
 
 
 
 
 
 
 
 
 
 
 
 
 
 
 
 
 
 
 
 
 
 
 
 
 
 
 
 
 
 
 
 
 
 
 
 
 
 
 
 
 
 
 
 
 
 
 
 
 
 
 
 
 
 
 
 
 
 
 
 
 
 
 
 
 
 
 
 
 
 
 
 
 
 
 
 
 
 
 
 
 
 
 
 
 
 
 
 
 
 
 
 
 
 
 
 
 
 
 
 
 
 
 
 
 
 
 
 
 
 
 
 
 
 
 
 
 
 
 
 
 
 
 
 
 
 
 
 
 
 
 
 
 
 
 
 
 
 
 
 
 
 
 
 
 
 
 
 
 
 
 
 
 
 
 
 
 
 
 
 
 
 
 
 
 
 
 
 
 
 
 
 
 
 
 
 
 
 
 
 
 
 
 
 
 
 
 
 
 
 
 
 
 
 
 
 
 
 
 
 
 
 
 
 
 
 
 
 
 
 
 
 
 
 
 
 
 
 
 
 
 
 
 
 
 
 
 
 
 
 
 
 
 
 
 
 
 
 
 
 
 
 
 
 
 
 
 
 
 
 
 
 
 
 
 
 
 
 
 
 
 
 
 
 
 
 
 
 
 
 
 
 
 
 
 
 
 
 
 
 
 
 
 
 
 
 
 
 
 
 
 
 
 
 
 
 
 
 
 
 
 
 
 
 
 
 
 
 
 
 
 
 
 
 
 
 
 
 
 
 
 
 
 
 
 
 
 
 
 
 
 
 
 
 
 
 
 
 
 
 
 
 
 
 
 
 
 
 
 
 
 
 
 
 
 
 
 
 
 
 
 
 
 
 
 
 
 
 
 
 
 
 
 
 
 
 
 
 
 
 
 
 
 
 
 
 
 
 
 
 
 
 
 
 
 
 
 
 
 
 
 
 
 
 
 
 
 
 
 
 
 
 
 
 
 
 
 
 
 
 
 
 
 
 
 
 
 
 
 
 
 
 
 
 
 
 
 
 
 
 
 
 
 
 
 
 
 
 
 
 
 
 
 
 
 
 
 
 
 
 
 
 
 
 
 
 
 
 
 
 
 
 
 
 
 
 
 
 
 
 
 
 
 
 
 
 
 
 
 
 
 
 
 
 
 
 
 
 
 
 
 
 
 
 
 
 
 
 
 
 
 
 
 
 
 
 
 
 
 
 
 
 
 
 
 
 
 
 
 
 
 
 
 
 
 
 
 
 
 
 
 
 
 
 
 
 
 
 
 
 
 
 
 
 
 
 
 
 
 
 
 
 
 
 
 
 
 
 
 
 
 
 
 
 
 
 
 
 
 
 
 
 
 
 
 
 
 
 
 
 
 
 
 
 
 
 
 
 
 
 
 
 
 
 
 
 
 
 
 
 
 
 
 
 
 
 
 
 
 
 
 
 
 
 
 
 
 
 
 
 
 
 
 
 
 
 
 
 
 
 
 
 
 
 
 
 
 
 
 
 
 
 
 
 
 
 
 
 
 
 
 
 
 
 
 
 
 
 
 
 
 
 
 
 
 
 
 
 
 
 
 
 
 
 
 
 
 
 
 
 
 
 
 
 
 
 
 
 
 
 
 
 
 
 
 
 
 
 
 
 
 
 
 
 
 
 
 
 
 
 
 
 
 
 
 
 
 
 
 
 
 
 
 
 
 
 
 
 
 
 
 
 
 
 
 
 
 
 
 
 
 
 
 
 
 
 
 
 
 
 
 
 
 
 
 
 
 
 
 
 
 
 
 
 
 
 
 
 
 
 
 
 
 
 
 
 
 
 
 
 
 
 
 
 
 
 
 
 
 
 
 
 
 
 
 
 
 
 
 
 
 
 
 
 
 
 
 
 
 
 
 
 
 
 
 
 
 
 
 
 
 
 
 
 
 
 
 
 
 
 
 
 
 
 
 
 
 
 
 
 
 
 
 
 
 
 
 
 
 
 
 
 
 
 
 
 
 
 
 
 
 
 
 
 
 
 
 
 
 
 
 
 
 
 
 
 
 
 
 
 
 
 
 
 
 
 
 
 
 
 
 
 
 
 
 
 
 
 
 
 
 
 
 
 
 
 
 
 
 
 
 
 
 
 
 
 
 
 
 
 
 
 
 
 
 
 
 
 
 
 
 
 
 
 
 
 
 
 
 
 
 
 
 
 
 
 
 
 
 
 
 
 
 
 
 
 
 
 
 
 
 
 
 
 
 
 
 
 
 
 
 
 
 
 
 
 
 
 
 
 
 
 
 
 
 
 
 
 
 
 
 
 
 
 
 
 
 
 
 
 
 
 
 
 
 
 
 
 
 
 
 
 
 
 
 
 
 
 
 
 
 
 
 
 
 
 
 
 
 
 
 
 
 
 
 
 
 
 
 
 
 
 
 
 
 
 
 
 
 
 
 
 
 
 
 
 
 
 
 
 
 
 
 
 
 
 
 
 
 
 
 
 
 
 
 
 
 
 
 
 
 
 
 
 
 
 
 
 
 
 
 
 
 
 
 
 
 
 
 
 
 
 
 
 
 
 
 
 
 
 
 
 
 
 
 
 
 
 
 
 
 
 
 
 
 
 
 
 
 
 
 
 
 
 
 
 
 
 
 
 
 
 
 
 
 
 
 
 
 
 
 
 
 
 
 
 
 
 
 
 
 
 
 
 
 
 
 
 
 
 
 
 
 
 
 
 
 
 
 
 
 
 
 
 
 
 
 
 
 
 
 
 
 
 
 
 
 
 
 
 
 
 
 
 
 
 
 
 
 
 
 
 
 
 
 
 
 
 
 
 
 
 
 
 
 
 
 
 
 
 
 
 
 
 
 
 
 
 
 
 
 
 
 
 
 
 
 
 
 
 
 
 
 
 
 
 
 
 
 
 
 
 
 
 
 
 
 
 
 
 
 
 
 
 
 
 
 
 
 
 
 
 
 
 
 
 
 
 
 
 
 
 
 
 
 
 
 
 
 
 
 
 
 
 
 
 
 
 
 
 
 
 
 
 
 
 
 
 
 
 
 
 
 
 
 
 
 
 
 
 
 
 
 
 
 
 
 
 
 
 
 
 
 
 
 
 
 
 
 
 
 
 
 
 
 
 
 
 
 
 
 
 
 
 
 
 
 
 
 
 
 
 
 
 
 
 
 
 
 
 
 
 
 
 
 
 
 
 
 
 
 
 
 
 
 
 
 
 
 
 
 
 
 
 
 
 
 
 
 
 
 
 
 
 
 
 
 
 
 
 
 
 
 
 
 
 
 
 
 
 
 
 
 
 
 
 
 
 
 
 
 
 
 
 
 
 
 
 
 
 
 
 
 
 
 
 
 
 
 
 
 
 
 
 
 
 
 
 
 
 
 
 
 
 
 
 
 
 
 
 
 
 
 
 
 
 
 
 
 
 
 
 
 
 
 
 
 
 
 
 
 
 
 
 
 
 
 
 
 
 
 
 
 
 
 
 
 
 
 
 
 
 
 
 
 
 
 
 
 
 
 
 
 
 
 
 
 
 
 
 
 
 
 
 
 
 
 
 
 
 
 
 
 
 
 
 
 
 
 
 
 
 
 
 
 
 
 
 
 
 
 
 
 
 
 
 
 
 
 
 
 
 
 
 
 
 
 
 
 
 
 
 
 
 
 
 
 
 
 
 
 
 
 
 
 
 
 
 
 
 
 
 
 
 
 
 
 
 
 
 
 
 
 
 
 
 
 
 
 
 
 
 
 
 
 
 
 
 
 
 
 
 
 
 
 
 
 
 
 
 
 
 
 
 
 
 
 
 
 
 
 
 
 
 
 
 
 
 
 
 
 
 
 
 
 
 
 
 
 
 
 
 
 
 
 
 
 
 
 
 
 
 
 
 
 
 
 
 
 
 
 
 
 
 
 
 
 
 
 
 
 
 
 
 
 
 
 
 
 
 
 
 
 
 
 
 
 
 
 
 
 
 
 
 
 
 
 
 
 
 
 
 
 
 
 
 
 
 
 
 
 
 
 
 
 
 
 
 
 
 
 
 
 
 
 
 
 
 
 
 
 
 
 
 
 
 
 
 
 
 
 
 
 
 
 
 
 
 
 
 
 
 
 
 
 
 
 
 
 
 
 
 
 
 
 
 
 
 
 
 
 
 
 
 
 
 
 
 
 
 
 
 
 
 
 
 
 
 
 
 
 
 
 
 
 
 
 
 
 
 
 
 
 
 
 
 
 
 
 
 
 
 
 
 
 
 
 
 
 
 
 
 
 
 
 
 
 
 
 
 
 
 
 
 
 
 
 
 
 
 
 
 
 
 
 
 
 
 
 
 
 
 
 
 
 
 
 
 
 
 
 
 
 
 
 
 
 
 
 
 
 
 
 
 
 
 
 
 
 
 
 
 
 
 
 
 
 
 
 
 
 
 
 
 
 
 
 
 
 
 
 
 
 
 
 
 
 
 
 
 
 
 
 
 
 
 
 
 
 
 
 
 
 
 
 
 
 
 
 
 
 
 
 
 
 
 
 
 
 
 
 
 
 
 
 
 
 
 
 
 
 
 
 
 
 
 
 
 
 
 
 
 
 
 
 
 
 
 
 
 
 
 
 
 
 
 
 
 
 
 
 
 
 
 
 
 
 
 
 
 
 
 
 
 
 
 
 
 
 
 
 
 
 
 
 
 
 
 
 
 
 
 
 
 
 
 
 
 
 
 
 
 
 
 
 
 
 
 
 
 
 
 
 
 
 
 
 
 
 
 
 
 
 
 
 
 
 
 
 
 
 
 
 
 
 
 
 
 
 
 
 
 
 
 
 
 
 
 
 
 
 
 
 
 
 
 
 
 
 
 
 
 
 
 
 
 
 
 
 
 
 
 
 
 
 
 
 
 
 
 
 
 
 
 
 
 
 
 
 
 
 
 
 
 
 
 
 
 
 
 
 
 
 
 
 
 
 
 
 
 
 
 
 
 
 
 
 
 
 
 
 
 
 
 
 
 
 
 
 
 
 
 
 
 
 
 
 
 
 
 
 
 
 
 
 
 
 
 
 
 
 
 
 
 
 
 
 
 
 
 
 
 
 
 
 
 
 
 
 
 
 
 
 
 
 
 
 
 
 
 
 
 
 
 
 
 
 
 
 
 
 
 
 
 
 
 
 
 
 
 
 
 
 
 
 
 
 
 
 
 
 
 
 
 
 
 
 
 
 
 
 
 
 
 
 
 
 
 
 
 
 
 
 
 
 
 
 
 
 
 
 
 
 
 
 
 
 
 
 
 
 
 
 
 
 
 
 
 
 
 
 
 
 
 
 
 
 
 
 
 
 
 
 
 
 
 
 
 
 
 
 
 
 
 
 
 
 
 
 
 
 
 
 
 
 
 
 
 
 
 
 
 
 
 
 
 
 
 
 
 
 
 
 
 
 
 
 
 
 
 
 
 
 
 
 
 
 
 
 
 
 
 
 
 
 
 
 
 
 
 
 
 
 
 
 
 
 
 
 
 
 
 
 
 
 
 
 
 
 
 
 
 
 
 
 
 
 
 
 
 
 
 
 
 
 
 
 
 
 
 
 
 
 
 
 
 
 
 
 
 
 
 
 
 
 
 
 
 
 
 
 
 
 
 
 
 
 
 
 
 
 
 
 
 
 
 
 
 
 
 
 
 
 
 
 
 
 
 
 
 
 
 
 
 
 
 
 
 
 
 
 
 
 
 
 
 
 
 
 
 
 
 
 
 
 
 
 
 
 
 
 
 
 
 
 
 
 
 
 
 
 
 
 
 
 
 
 
 
 
 
 
 
 
 
 
 
 
 
 
 
 
 
 
 
 
 
 
 
 
 
 
 
 
 
 
 
 
 
 
 
 
 
 
 
 
 
 
 
 
 
 
 
 
 
 
 
 
 
 
 
 
 
 
 
 
 
 
 
 
 
 
 
 
 
 
 
 
 
 
 
 
 
 
 
 
 
 
 
 
 
 
 
 
 
 
 
 
 
 
 
 
 
 
 
 
 
 
 
 
 
 
 
 
 
 
 
 
 
 
 
 
 
 
 
 
 
 
 
 
 
 
 
 
 
 
 
 
 
 
 
 
 
 
 
 
 
 
 
 
 
 
 
 
 
 
 
 
 
 
 
 
 
 
 
 
 
 
 
 
 
 
 
 
 
 
 
 
 
 
 
 
 
 
 
 
 
 
 
 
 
 
 
 
 
 
 
 
 
 
 
 
 
 
 
 
 
 
 
 
 
 
 
 
 
 
 
 
 
 
 
 
 
 
 
 
 
 
 
 
 
 
 
 
 
 
 
 
 
 
 
 
 
 
 
 
 
 
 
 
 
 
 
 
 
 
 
 
 
 
 
 
 
 
 
 
 
 
 
 
 
 
 
 
 
 
 
 
 
 
 
 
 
 
 
 
 
 
 
 
 
 
 
 
 
 
 
 
 
 
 
 
 
 
 
 
 
 
 
 
 
 
 
 
 
 
 
 
 
 
 
 
 
 
 
 
 
 
 
 
 
 
 
 
 
 
 
 
 
 
 
 
 
 
 
 
 
 
 
 
 
 
 
 
 
 
 
 
 
 
 
 
 
 
 
 
 
 
 
 
 
 
 
 
 
 
 
 
 
 
 
 
 
 
 
 
 
 
 
 
 
 
 
 
 
 
 
 
 
 
 
 
 
 
 
 
 
 
 
 
 
 
 
 
 
 
 
 
 
 
 
 
 
 
 
 
 
 
 
 
 
 
 
 
 
 
 
 
 
 
 
 
 
 
 
 
 
 
 
 
 
 
 
 
 
 
 
 
 
 
 
 
 
 
 
 
 
 
 
 
 
 
 
 
 
 
 
 
 
 
 
 
 
 
 
 
 
 
 
 
 
 
 
 
 
 
 
 
 
 
 
 
 
 
 
 
 
 
 
 
 
 
 
 
 
 
 
 
 
 
 
 
 
 
 
 
 
 
 
 
 
 
 
 
 
 
 
 
 
 
 
 
 
 
 
 
 
 
 
 
 
 
 
 
 
 
 
 
 
 
 
 
 
 
 
 
 
 
 
 
 
 
 
 
 
 
 
 
 
 
 
 
 
 
 
 
 
 
 
 
 
 
 
 
 
 
 
 
 
 
 
 
 
 
 
 
 
 
 
 
 
 
 
 
 
 
 
 
 
 
 
 
 
 
 
 
 
 
 
 
 
 
 
 
 
 
 
 
 
 
 
 
 
 
 
 
 
 
 
 
 
 
 
 
 
 
 
 
 
 
 
 
 
 
 
 
 
 
 
 
 
 
 
 
 
 
 
 
 
 
 
 
 
 
 
 
 
 
 
 
 
 
 
 
 
 
 
 
 
 
 
 
 
 
 
 
 
 
 
 
 
 
 
 
 
 
 
 
 
 
 
 
 
 
 
 
 
 
 
 
 
 
 
 
 
 
 
 
 
 
 
 
 
 
 
 
 
 
 
 
 
 
 
 
 
 
 
 
 
 
 
 
 
 
 
 
 
 
 
 
 
 
 
 
 
 
 
 
 
 
 
 
 
 
 
 
 
 
 
 
 
 
 
 
 
 
 
 
 
 
 
 
 
 
 
 
 
 
 
 
 
 
 
 
 
 
 
 
 
 
 
 
 
 
 
 
 
 
 
 
 
 
 
 
 
 
 
 
 
 
 
 
 
 
 
 
 
 
 
 
 
 
 
 
 
 
 
 
 
 
 
 
 
 
 
 
 
 
 
 
 
 
 
 
 
 
 
 
 
 
 
 
 
 
 
 
 
 
 
 
 
 
 
 
 
 
 
 
 
 
 
 
 
 
 
 
 
 
 
 
 
 
 
 
 
 
 
 
 
 
 
 
 
 
 
 
 
 
 
 
 
 
 
 
 
 
 
 
 
 
 
 
 
 
 
 
 
 
 
 
 
 
 
 
 
 
 
 
 
 
 
 
 
 
 
 
 
 
 
 
 
 
 
 
 
 
 
 
 
 
 
 
 
 
 
 
 
 
 
 
 
 
 
 
 
 
 
 
 
 
 
 
 
 
 
 
 
 
 
 
 
 
 
 
 
 
 
 
 
 
 
 
 
 
 
 
 
 
 
 
 
 
 
 
 
 
 
 
 
 
 
 
 
 
 
 
 
 
 
 
 
 
 
 
 
 
 
 
 
 
 
 
 
 
 
 
 
 
 
 
 
 
 
 
 
 
 
 
 
 
 
 
 
 
 
 
 
 
 
 
 
 
 
 
 
 
 
 
 
 
 
 
 
 
 
 
 
 
 
 
 
 
 
 
 
 
 
 
 
 
 
 
 
 
 
 
 
 
 
 
 
 
 
 
 
 
 
 
 
 
 
 
 
 
 
 
 
 
 
 
 
 
 
 
 
 
 
 
 
 
 
 
 
 
 
 
 
 
 
 
 
 
 
 
 
 
 
 
 
 
 
 
 
 
 
 
 
 
 
 
 
 
 
 
 
 
 
 
 
 
 
 
 
 
 
 
 
 
 
 
 
 
 
 
 
 
 
 
 
 
 
 
 
 
 
 
 
 
 
 
 
 
 
 
 
 
 
 
 
 
 
 
 
 
 
 
 
 
 
 
 
 
 
 
 
 
 
 
 
 
 
 
 
 
 
 
 
 
 
 
 
 
 
 
 
 
 
 
 
 
 
 
 
 
 
 
 
 
 
 
 
 
 
 
 
 
 
 
 
 
 
 
 
 
 
 
 
 
 
 
 
 
 
 
 
 
 
 
 
 
 
 
 
 
 
 
 
 
 
 
 
 
 
 
 
 
 
 
 
 
 
 
 
 
 
 
 
 
 
 
 
 
 
 
 
 
 
 
 
 
 
 
 
 
 
 
 
 
 
 
 
 
 
 
 
 
 
 
 
 
 
 
 
 
 
 
 
 
 
 
 
 
 
 
 
 
 
 
 
 
 
 
 
 
 
 
 
 
 
 
 
 
 
 
 
 
 
 
 
 
 
 
 
 
 
 
 
 
 
 
 
 
 
 
 
 
 
 
 
 
 
 
 
 
 
 
 
 
 
 
 
 
 
 
 
 
 
 
 
 
 
 
 
 
 
 
 
 
 
 
 
 
 
 
 
 
 
 
 
 
 
 
 
 
 
 
 
 
 
 
 
 
 
 
 
 
 
 
 
 
 
 
 
 
 
 
 
 
 
 
 
 
 
 
 
 
 
 
 
 
 
 
 
 
 
 
 
 
 
 
 
 
 
 
 
 
 
 
 
 
 
 
 
 
 
 
 
 
 
 
 
 
 
 
 
 
 
 
 
 
 
 
 
 
 
 
 
 
 
 
 
 
 
 
 
 
 
 
 
 
 
 
 
 
 
 
 
 
 
 
 
 
 
 
 
 
 
 
 
 
 
 
 
 
 
 
 
 
 
 
 
 
 
 
 
 
 
 
 
 
 
 
 
 
 
 
 
 
 
 
 
 
 
 
 
 
 
 
 
 
 
 
 
 
 
 
 
 
 
 
 
 
 
 
 
 
 
 
 
 
 
 
 
 
 
 
 
 
 
 
 
 
 
 
 
 
 
 
 
 
 
 
 
 
 
 
 
 
 
 
 
 
 
 
 
 
 
 
 
 
 
 
 
 
 
 
 
 
 
 
 
 
 
 
 
 
 
 
 
 
 
 
 
 
 
 
 
 
 
 
 
 
 
 
 
 
 
 
 
 
 
 
 
 
 
 
 
 
 
 
 
 
 
 
 
 
 
 
 
 
 
 
 
 
 
 
 
 
 
 
 
 
 
 
 
 
 
 
 
 
 
 
 
 
 
 
 
 
 
 
 
 
 
 
 
 
 
 
 
 
 
 
 
 
 
 
 
 
 
 
 
 
 
 
 
 
 
 
 
 
 
 
 
 
 
 
 
 
 
 
 
 
 
 
 
 
 
 
 
 
 
 
 
 
 
 
 
 
 
 
 
 
 
 
 
 
 
 
 
 
 
 
 
 
 
 
 
 
 
 
 
 
 
 
 
 
 
 
 
 
 
 
 
 
 
 
 
 
 
 
 
 
 
 
 
 
 
 
 
 
 
 
 
 
 
 
 
 
 
 
 
 
 
 
 
 
 
 
 
 
 
 
 
 
 
 
 
 
 
 
 
 
 
 
 
 
 
 
 
 
 
 
 
 
 
 
 
 
 
 
 
 
 
 
 
 
 
 
 
 
 
 
 
 
 
 
 
 
 
 
 
 
 
 
 
 
 
 
 
 
 
 
 
 
 
 
 
 
 
 
 
 
 
 
 
 
 
 
 
 
 
 
 
 
 
 
 
 
 
 
 
 
 
 
 
 
 
 
 
 
 
 
 
 
 
 
 
 
 
 
 
 
 
 
 
 
 
 
 
 
 
 
 
 
 
 
 
 
 
 
 
 
 
 
 
 
 
 
 
 
 
 
 
 
 
 
 
 
 
 
 
 
 
 
 
 
 
 
 
 
 
 
 
 
 
 
 
 
 
 
 
 
 
 
 
 
 
 
 
 
 
 
 
 
 
 
 
 
 
 
 
 
 
 
 
 
 
 
 
 
 
 
 
 
 
 
 
 
 
 
 
 
 
 
 
 
 
 
 
 
 
 
 
 
 
 
 
 
 
 
 
 
 
 
 
 
 
 
 
 
 
 
 
 
 
 
 
 
 
 
 
 
 
 
 
 
 
 
 
 
 
 
 
 
 
 
 
 
 
 
 
 
 
 
 
 
 
 
 
 
 
 
 
 
 
 
 
 
 
 
 
 
 
 
 
 
 
 
 
 
 
 
 
 
 
 
 
 
 
 
 
 
 
 
 
 
 
 
 
 
 
 
 
 
 
 
 
 
 
 
 
 
 
 
 
 
 
 
 
 
 
 
 
 
 
 
 
 
 
 
 
 
 
 
 
 
 
 
 
 
 
 
 
 
 
 
 
 
 
 
 
 
 
 
 
 
 
 
 
 
 
 
 
 
 
 
 
 
 
 
 
 
 
 
 
 
 
 
 
 
 
 
 
 
 
 
 
 
 
 
 
 
 
 
 
 
 
 
 
 
 
 
 
 
 
 
 
 
 
 
 
 
 
 
 
 
 
 
 
 
 
 
 
 
 
 
 
 
 
 
 
 
 
 
 
 
 
 
 
 
 
 
 
 
 
 
 
 
 
 
 
 
 
 
 
 
 
 
 
 
 
 
 
 
 
 
 
 
 
 
 
 
 
 
 
 
 
 
 
 
 
 
 
 
 
 
 
 
 
 
 
 
 
 
 
 
 
 
 
 
 
 
 
 
 
 
 
 
 
 
 
 
 
 
 
 
 
 
 
 
 
 
 
 
 
 
 
 
 
 
 
 
 
 
 
 
 
 
 
 
 
 
 
 
 
 
 
 
 
 
 
 
 
 
 
 
 
 
 
 
 
 
 
 
 
 
 
 
 
 
 
 
 
 
 
 
 
 
 
 
 
 
 
 
 
 
 
 
 
 
 
 
 
 
 
 
 
 
 
 
 
 
 
 
 
 
 
 
 
 
 
 
 
 
 
 
 
 
 
 
 
 
 
 
 
 
 
 
 
 
 
 
 
 
 
 
 
 
 
 
 
 
 
 
 
 
 
 
 
 
 
 
 
 
 
 
 
 
 
 
 
 
 
 
 
 
 
 
 
 
 
 
 
 
 
 
 
 
 
 
 
 
 
 
 
 
 
 
 
 
 
 
 
 
 
 
 
 
 
 
 
 
 
 
 
 
 
 
 
 
 
 
 
 
 
 
 
 
 
 
 
 
 
 
 
 
 
 
 
 
 
 
 
 
 
 
 
 
 
 
 
 
 
 
 
 
 
 
 
 
 
 
 
 
 
 
 
 
 
 
 
 
 
 
 
 
 
 
 
 
 
 
 
 
 
 
 
 
 
 
 
 
 
 
 
 
 
 
 
 
 
 
 
 
 
 
 
 
 
 
 
 
 
 
 
 
 
 
 
 
 
 
 
 
 
 
 
 
 
 
 
 
 
 
 
 
 
 
 
 
 
 
 
 
 
 
 
 
 
 
 
 
 
 
 
 
 
 
 
 
 
 
 
 
 
 
 
 
 
 
 
 
 
 
 
 
 
 
 
 
 
 
 
 
 
 
 
 
 
 
 
 
 
 
 
 
 
 
 
 
 
 
 
 
 
 
 
 
 
 
 
 
 
 
 
 
 
 
 
 
 
 
 
 
 
 
 
 
 
 
 
 
 
 
 
 
 
 
 
 
 
 
 
 
 
 
 
 
 
 
 
 
 
 
 
 
 
 
 
 
 
 
 
 
 
 
 
 
 
 
 
 
 
 
 
 
 
 
 
 
 
 
 
 
 
 
 
 
 
 
 
 
 
 
 
 
 
 
 
 
 
 
 
 
 
 
 
 
 
 
 
 
 
 
 
 
 
 
 
 
 
 
 
 
 
 
 
 
 
 
 
 
 
 
 
 
 
 
 
 
 
 
 
 
 
 
 
 
 
 
 
 
 
 
 
 
 
 
