0.0 0.0
0.01 2.33523009e-07
0.02 2.34334241e-07
0.03 2.36240288e-07
0.04 2.36821084e-07
0.05 2.3363726e-07
0.06 2.27140374e-07
0.07 2.2411344e-07
0.08 2.27997968e-07
0.09 2.17446223e-07
0.1 1.80833605e-07
0.11 1.71123774e-07
0.12 1.86294084e-07
0.13 1.78877593e-07
0.14 1.48608738e-07
0.15 1.00562896e-07
0.16 8.2009094e-08
0.17 1.49208783e-07
0.18 1.62044308e-07
0.19 2.40793296e-07
0.2 3.84283289e-07
0.21 2.31302494e-07
0.22 -8.8954609e-08
0.23 -5.61803368e-07
0.24 -1.661194602e-06
0.25 -3.173906872e-06
0.26 -4.453669506e-06
0.27 -5.77810279e-06
0.28 -7.70023908e-06
0.29 -9.735889969e-06
0.3 -9.661552619e-06
0.31 -7.275434179e-06
0.32 -5.455387421e-06
0.33 -5.638964957e-06
0.34 -4.851955511e-06
0.35 8.02318011e-07
0.36 1.0550598188e-05
0.37 1.770579788e-05
0.38 1.5674682407e-05
0.39 1.442385458e-06
0.4 -1.8439186039e-05
0.41 -2.9846165748e-05
0.42 -2.4523321731e-05
0.43 -1.1851908573e-05
0.44 -3.281953078e-06
0.45 1.324895554e-06
0.46 3.255312243e-06
0.47 -7.085825977e-06
0.48 -3.2453011478e-05
0.49 -5.3090108834e-05
0.5 -5.1531286152e-05
0.51 -3.8947501622e-05
0.52 -4.3637099942e-05
0.53 -7.9798170169e-05
0.54 -0.00013185436108
0.55 -0.000147935705949
0.56 -9.0498801576e-05
0.57 1.6110647133e-05
0.58 9.920466225e-05
0.59 9.6997454124e-05
0.6 6.0622425976e-05
0.61 7.2449142012e-05
0.62 9.8132149011e-05
0.63 5.6680118511e-05
0.64 -6.7688314172e-05
0.65 -0.00020624695807
0.66 -0.000254638846702
0.67 -0.000176465277044
0.68 -8.7806240919e-05
0.69 -9.9092952154e-05
0.7 -0.000156299438395
0.71 -0.000148982469096
0.72 -8.0035130316e-05
0.73 -5.1247982188e-05
0.74 -9.7321357774e-05
0.75 -0.000128822759404
0.76 -5.1094813847e-05
0.77 9.3648286477e-05
0.78 0.000140261315001
0.79 2.9530914872e-05
0.8 -0.000130718885497
0.81 -0.000171865129641
0.82 -6.464357859e-05
0.83 3.2080772029e-05
0.84 -3.1253126655e-05
0.85 -0.000161435943313
0.86 -0.000156855318283
0.87 -6.6149440461e-05
0.88 -0.000106297060333
0.89 -0.000191258645503
0.9 -0.000165303770098
0.91 -0.000245350161241
0.92 -0.000412789358518
0.93 -0.000479128060127
0.94 -0.00047042418232
0.95 -0.000445676701076
0.96 -0.00033622606646
0.97 -0.000119304984377
0.98 0.000153092755323
0.99 0.000283402597654
1.0 0.000269331847698
1.01 0.000216783770837
1.02 5.8592349899e-05
1.03 -9.8337615209e-05
1.04 -6.163251669e-06
1.05 0.000131371566169
1.06 0.00012337788218
1.07 0.000125481256984
1.08 9.2874704992e-05
1.09 -0.000317532678116
1.1 -0.000779487531573
1.11 -0.000768382383374
1.12 -0.000535648137778
1.13 -0.000479133664337
1.14 -0.000457520144849
1.15 -0.000298793670632
1.16 -1.857201441e-06
1.17 0.000342517217765
1.18 0.00055953404488
1.19 0.000588559525748
1.2 0.000342322019516
1.21 -6.3138539308e-05
1.22 -0.000103245178731
1.23 0.000231516822542
1.24 0.000248464898616
1.25 -0.000122388796246
1.26 -0.000224056490185
1.27 0.000188438963322
1.28 0.00060892765534
1.29 0.000480418289277
1.3 0.000233978358635
1.31 0.00024367862066
1.32 0.000275303679486
1.33 0.000123393867608
1.34 8.6436576275e-05
1.35 0.0001054968457
1.36 -5.7894654997e-05
1.37 -0.000190221622886
1.38 -2.8726146476e-05
1.39 -0.000112440272075
1.4 -0.000695115755554
1.41 -0.001224339182526
1.42 -0.001420546905252
1.43 -0.001275377337001
1.44 -0.00119804734427
1.45 -0.001228912540277
1.46 -0.000782270145159
1.47 0.000248150214755
1.48 0.001456932276909
1.49 0.001445233703669
1.5 0.001066600157413
1.51 0.000807708440471
1.52 0.000513984994293
1.53 0.000312103130274
1.54 0.000134785924057
1.55 -0.000491243193021
1.56 -0.001048972670331
1.57 -0.001205280683607
1.58 -0.001038047071189
1.59 -0.000907015492238
1.6 -0.001081538611547
1.61 -0.000951817550579
1.62 -0.000421194771169
1.63 -0.000302921047588
1.64 -0.000348652201918
1.65 3.551676947e-06
1.66 0.000893494588816
1.67 0.001493665412389
1.68 0.001696105831998
1.69 0.001464265968677
1.7 0.000564185008083
1.71 -0.000506846517771
1.72 -0.000764909881251
1.73 -0.000397365316037
1.74 -0.000736090412837
1.75 -0.001778303354789
1.76 -0.001900152006675
1.77 -0.000571886265666
1.78 0.000963344750817
1.79 0.001133631763443
1.8 0.000804468466793
1.81 0.000369078470168
1.82 -0.000381251256621
1.83 -0.000834323349505
1.84 -0.000994262792485
1.85 -0.001206252662708
1.86 -0.001119997133209
1.87 -0.000722583848357
1.88 -0.000247182550128
1.89 0.000323108526445
1.9 0.000784798023794
1.91 0.000752102828881
1.92 0.000342939028521
1.93 0.000110040175104
1.94 1.9817663485e-05
1.95 -5.5485850656e-05
1.96 0.000132729689581
1.97 0.000695258934943
1.98 0.001281988261031
1.99 0.002030823136121
2.0 0.002260394583643
2.01 0.001588199654252
2.02 0.000691531503452
2.03 -4.5067451947e-05
2.04 -0.000950932562786
2.05 -0.001896177463238
2.06 -0.002414932586451
2.07 -0.001879668820858
2.08 -0.000932923571227
2.09 -0.000610625420571
2.1 -0.000579977554495
2.11 0.000245007580575
2.12 0.001463984148618
2.13 0.002007855341609
2.14 0.001551447499779
2.15 0.000142373367626
2.16 -0.001456614704782
2.17 -0.00150037315283
2.18 -0.000642639584813
2.19 -0.000613411342917
2.2 -0.000956132841876
2.21 -7.6876532218e-05
2.22 0.001230724320715
2.23 0.002103706151333
2.24 0.001229849466643
2.25 0.000278328742311
2.26 -0.000465784987432
2.27 -0.001069924443506
2.28 -0.000656875340419
2.29 -0.000219356037012
2.3 -0.000123394539437
2.31 4.0511333463e-05
2.32 0.00092577925325
2.33 0.001357491013072
2.34 0.001033627529367
2.35 0.000226173934998
2.36 -0.000715474820739
2.37 -0.00184854535451
2.38 -0.002285914388749
2.39 -0.001938073585224
2.4 -0.000965041889192
2.41 0.00042842369339
2.42 0.001565080771245
2.43 0.00204526028243
2.44 0.00261512191655
2.45 0.002680918414166
2.46 0.001647155145437
2.47 0.000313409386016
2.48 -0.000711936304551
2.49 -0.002120296003272
2.5 -0.003548968795453
2.51 -0.004033429090868
2.52 -0.003532361574881
2.53 -0.002523158346966
2.54 -0.001205110382286
2.55 0.000265989793302
2.56 0.001323619564548
2.57 0.001151286384277
2.58 0.000852096503707
2.59 0.001473147648926
2.6 0.001807752017757
2.61 0.001632981926545
2.62 0.001561967717194
2.63 0.001588088724017
2.64 0.001148000181763
2.65 0.000449064518432
2.66 0.000194231179725
2.67 0.000676302120736
2.68 0.000896102776767
2.69 0.001077119168542
2.7 0.00102091723008
2.71 0.000619469508065
2.72 0.00034356682095
2.73 -9.4872068235e-05
2.74 -0.000711123506705
2.75 -0.001662194319027
2.76 -0.003105473021784
2.77 -0.00362274568963
2.78 -0.003500682444374
2.79 -0.003772788105561
2.8 -0.003646421920748
2.81 -0.003040107035689
2.82 -0.002516608256608
2.83 -0.001893873280656
2.84 -0.001703341855687
2.85 -0.0010424036525
2.86 0.003124783573242
2.87 0.005575868349629
2.88 0.004765759834695
2.89 0.005595775953451
2.9 0.006240601286247
2.91 0.005618300389257
2.92 0.005860878354899
2.93 0.005232528048789
2.94 0.002940988415136
2.95 -0.002810742351529
2.96 -0.006207147986509
2.97 -0.00644380157653
2.98 -0.006792395064361
2.99 -0.007505076989373
3.0 -0.00679881968209
3.01 -0.004297207632824
3.02 -0.001963040039421
3.03 0.000273478334119
3.04 -0.001065174950912
3.05 -0.00360907964465
3.06 -0.003738006251851
3.07 -0.004077371856564
3.08 -0.003589918115241
3.09 -0.002551245094388
3.1 -0.002208884644102
3.11 -0.000866458658959
3.12 -0.001082383767701
3.13 -0.00190024809846
3.14 -0.002378118287303
3.15 -0.002474111562167
3.16 -0.002184462304111
3.17 -0.002164318266836
3.18 -0.002593163000973
3.19 -0.002601838023312
3.2 0.002915482122555
3.21 0.005024433992837
3.22 0.002809844656238
3.23 0.006007157433776
3.24 0.00435769901944
3.25 0.00251323229102
3.26 0.0016319830181
3.27 -0.007524078416887
3.28 -0.007651059925068
3.29 -0.003201920221249
3.3 -0.005115426732908
3.31 -0.003298837489037
3.32 -0.004047901412055
3.33 -0.005588595783025
3.34 -0.007620642981632
3.35 -0.006697435005905
3.36 -0.006767810638104
3.37 -0.008010480851798
3.38 -0.007529354882908
3.39 -0.007093841647679
3.4 -0.004997345024345
3.41 -0.004578657538692
3.42 -0.003267251848233
3.43 0.000316103029862
3.44 0.00417395562339
3.45 0.008114844899466
3.46 0.009940647214313
3.47 0.008455690420876
3.48 0.006248757071934
3.49 0.005752707635592
3.5 0.00531602802646
3.51 0.002976613911723
3.52 0.000616453342348
3.53 0.001763863247482
3.54 0.003665456072267
3.55 0.00126194220241
3.56 -0.003858401615289
3.57 -0.005198529006835
3.58 -0.002772133628499
3.59 -0.002384702362255
3.6 -0.001656963317525
3.61 -0.000414094059804
3.62 -0.001732178811112
3.63 -0.005945172575339
3.64 -0.015019949429804
3.65 -0.010106347035254
3.66 -0.009890942892402
3.67 -0.00939826864643
3.68 -0.006181168103388
3.69 -0.003221192024095
3.7 0.002816685912195
3.71 0.01148806960225
3.72 0.013273268897372
3.73 0.011177850034095
3.74 0.011055978841365
3.75 0.010302260249041
3.76 0.011647701972113
3.77 0.011396139060503
3.78 0.01024151623787
3.79 0.009709595468188
3.8 0.009209426153535
3.81 0.008172005196781
3.82 0.005085208879789
3.83 0.005046771303251
3.84 0.004564886669574
3.85 -0.004813093698832
3.86 -0.006595828450384
3.87 0.001887372143268
3.88 -0.000373509787128
3.89 0.002430501539084
3.9 0.002959230836827
3.91 0.001461600754052
3.92 0.000713100219323
3.93 0.000551438416442
3.94 0.000817773720677
3.95 0.000991132570223
3.96 -0.000260194812268
3.97 -0.017589991769567
3.98 -0.003647462013891
3.99 -0.001565633954528
4.0 -0.005331891019137
4.01 -0.000144295486623
4.02 -0.001043147500966
4.03 0.015843989421267
4.04 0.019122674579229
4.05 0.01548672431046
4.06 0.015145650353714
4.07 0.007539826299218
4.08 0.009502314035766
4.09 0.008889852866756
4.1 0.008367112945946
4.11 0.006775688782289
4.12 0.005926850167539
4.13 0.002852848085564
4.14 -0.007375420663815
4.15 -0.008486651551823
4.16 -0.004347492590194
4.17 0.000749589496868
4.18 0.002687210614635
4.19 0.008789998884021
4.2 0.015549189683558
4.21 0.005443010034952
4.22 0.005216526549111
4.23 0.005386507889
4.24 -0.003339418339156
4.25 -0.013567309801889
4.26 -0.00703958176146
4.27 -0.007982591746339
4.28 -0.003221770649299
4.29 -0.001438118663686
4.3 -0.000779515733251
4.31 -0.00249241847108
4.32 -0.003892476417409
4.33 0.005334337731149
4.34 0.028408767113291
4.35 0.016009264182358
4.36 0.017611073306692
4.37 0.015219573123541
4.38 0.013590140378595
4.39 0.009271362059703
4.4 0.003012033243251
4.41 -0.00269748453157
4.42 -0.01732523989082
4.43 -0.009978861825485
4.44 -0.003839956401715
4.45 -0.004305057258746
4.46 -0.00658229606919
4.47 -0.006291253162379
4.48 -0.004035757870845
4.49 -0.003190770275651
4.5 0.015140438859897
4.51 0.013091945540503
4.52 0.005894353909523
4.53 0.012046278165981
4.54 0.011519373394322
4.55 0.011150060961491
4.56 0.009976570370166
4.57 0.00815547180715
4.58 0.002928140038707
4.59 0.004469240929124
4.6 0.004246807911802
4.61 -0.005344498702585
4.62 -0.001608373453009
4.63 -0.006767525242517
4.64 -0.001295912972758
4.65 -0.003518968240168
4.66 -0.008837646039623
4.67 -0.00675324058304
4.68 -5.7947339337e-05
4.69 0.019069284099722
4.7 0.010942168167512
4.71 0.008026403318479
4.72 0.011439760216957
4.73 0.011119853568005
4.74 0.009905886200149
4.75 0.006565601910925
4.76 0.007877869731424
4.77 0.009060391775347
4.78 0.008502724906746
4.79 0.010175343901653
4.8 0.011548512012224
4.81 0.006840249289753
4.82 -0.001898567853335
4.83 -0.011346374212864
4.84 -0.004192647674115
4.85 -0.003694511916866
4.86 -0.008576387203166
4.87 -0.01067909498148
4.88 -0.010086030691251
4.89 -0.010725207249979
4.9 -0.012023955410476
4.91 -0.00912791831742
4.92 -0.009411354643355
4.93 -0.010450752433663
4.94 -0.003962529724892
4.95 0.0200964828768
4.96 0.032895847768487
4.97 0.015045860711711
4.98 0.023126643067267
4.99 0.026644716236261
5.0 0.027761419376348
5.01 0.026445206293355
5.02 0.025232205372045
5.03 0.024870788142435
5.04 0.024380350247026
5.05 0.023712908104393
5.06 0.020324543614244
5.07 0.014046980401034
5.08 0.009974414940231
5.09 0.009331555715435
5.1 0.008214317458141
5.11 0.00647652931493
5.12 0.005348759943223
5.13 0.005178784964749
5.14 0.005493333044585
5.15 0.006820642579423
5.16 0.007530515282435
5.17 0.006133430320384
5.18 0.004769330814152
5.19 0.003755144914311
5.2 0.002700945157426
5.21 0.001970060024139
5.22 0.001488483705947
5.23 0.000902953017728
5.24 0.000617710685177
5.25 0.000278421583337
5.26 0.000191842700895
5.27 0.000256780925729
5.28 0.000316426238861
5.29 0.00055085387031
5.3 0.000848625616612
5.31 0.00095353929218
5.32 0.001632546816357
5.33 0.002759007863131
5.34 0.007267228416633
5.35 -0.010007269765816
5.36 -0.005929648662589
5.37 -0.00637406528895
5.38 -0.007746653633707
5.39 -0.00315676086164
5.4 -0.006000175231304
5.41 -0.009306418103583
5.42 -0.006295692152353
5.43 -0.003600831410227
5.44 -0.004626302575184
5.45 -0.005138690601351
5.46 -0.003975005531355
5.47 -0.003196457254767
5.48 -0.003472594499583
5.49 -0.003758830730605
5.5 -0.00373746446766
5.51 -0.003764771181475
5.52 -0.003919096916171
5.53 -0.004495011327376
5.54 -0.005012865789798
5.55 -0.005209068822766
5.56 -0.004855430602703
5.57 -0.004345977784349
5.58 -0.004438971316511
5.59 -0.004714171020304
5.6 -0.00467122862574
5.61 -0.004281009469103
5.62 -0.002883663375363
5.63 -0.000235439351624
5.64 0.005461518987741
5.65 0.016967549484706
5.66 0.011910830214564
5.67 0.006828536160329
5.68 0.004138050133084
5.69 -0.009800517696516
5.7 -0.004997471120818
5.71 -0.007448666600335
5.72 -0.00592456347166
5.73 -0.008309853886518
5.74 -0.01076197579806
5.75 -0.008845246758573
5.76 -0.010561828877198
5.77 -0.010053376938871
5.78 -0.012915259462104
5.79 -0.014331956134065
5.8 -0.015871516277975
5.81 -0.014410268817801
5.82 -0.016143300236165
5.83 -0.016988483232729
5.84 -0.017567198178282
5.85 -0.01848298314234
5.86 -0.018543010212482
5.87 -0.020227593947176
5.88 -0.020534273597555
5.89 -0.020032922334996
5.9 -0.01815418375864
5.91 -0.018333120306423
5.92 -0.016038357082175
5.93 -0.013520581145556
5.94 -0.013525413554085
5.95 -0.016144781956475
5.96 -0.021423307661767
5.97 -0.024044479213412
5.98 -0.022339475560462
5.99 -0.020065411870067
6.0 -0.018633739307316
6.01 -0.019779458297221
6.02 -0.020285949572569
6.03 -0.019636065790375
6.04 -0.018168833088081
6.05 -0.015231206504319
6.06 -0.012267348863423
6.07 -0.010888886518277
6.08 -0.010681001451187
6.09 -0.010487061458655
6.1 -0.01079483766316
6.11 -0.011065866058654
6.12 -0.010304402375288
6.13 -0.006432794741296
6.14 -0.009297253472988
6.15 -0.009396740976537
6.16 -0.009785998244964
6.17 -0.011992407833367
6.18 -0.013096150008381
6.19 -0.011252973667257
6.2 -0.012185113471352
6.21 -0.012715429882392
6.22 -0.012981277342844
6.23 -0.012986337268498
6.24 -0.012457749751845
6.25 -0.011794758589679
6.26 -0.01107810181943
6.27 -0.010046413800329
6.28 -0.008817900606952
6.29 -0.007779619536026
6.3 -0.006755849787178
6.31 -0.004334226217942
6.32 -0.003876480483186
6.33 -0.004085322763971
6.34 -0.001940490073956
6.35 -0.001946095628698
6.36 -0.002916982900482
6.37 -0.001171333797631
6.38 -0.001922353101247
6.39 -0.002139069433387
6.4 0.002815016431718
6.41 0.01087429719393
6.42 0.009835675109922
6.43 0.001279586577016
6.44 0.00017803542748
6.45 0.004760011343292
6.46 0.002619639181252
6.47 -0.000596583848868
6.48 -0.00054800660615
6.49 0.000444036400645
6.5 0.000130408361266
6.51 -0.000674181169534
6.52 -0.000439913379426
6.53 0.000105019860342
6.54 -7.8641851095e-05
6.55 -0.000739199975478
6.56 -0.000816816749447
6.57 4.5835462785e-05
6.58 0.001310799155643
6.59 0.002029666746625
6.6 0.001497566300502
6.61 0.000423645974121
6.62 -0.000623327063065
6.63 -0.000870390021098
6.64 -0.000960091838436
6.65 -0.001062440223972
6.66 -0.000660618495835
6.67 0.000390465151966
6.68 0.001621489380385
6.69 0.002557025628942
6.7 0.003128844813053
6.71 0.003650656473243
6.72 0.003426477782243
6.73 0.003882479342984
6.74 0.004822407484533
6.75 0.006069152616103
6.76 0.007231547930197
6.77 0.007920865318912
6.78 0.007926325461511
6.79 0.007665812246955
6.8 0.007382044205068
6.81 0.007228534939247
6.82 0.00719853527445
6.83 0.007068044879683
6.84 0.00791585152099
6.85 0.010908064851722
6.86 0.011596707244982
6.87 0.011175683812555
6.88 0.010799531048129
6.89 0.011957951444052
6.9 0.013554255090336
6.91 0.014342560212772
6.92 0.013602716256474
6.93 0.012519616302825
6.94 0.011562840368309
6.95 0.010647492195562
6.96 0.011041786396662
6.97 0.012589321537994
6.98 0.014459053500766
6.99 0.016579726230308
7.0 0.01792388130802
7.01 0.01909439595181
7.02 0.020128147503609
7.03 0.020924486322135
7.04 0.020594995861943
7.05 0.01893874699595
7.06 0.016137500067388
7.07 0.010263593472832
7.08 0.013735509326567
7.09 0.013863503843619
7.1 0.010756966573141
7.11 0.014118299279583
7.12 0.01494489844464
7.13 0.012480083231334
7.14 0.01304266637669
7.15 0.014000418453447
7.16 0.012428167314625
7.17 0.01197138159591
7.18 0.013157091944884
7.19 0.012940021740642
7.2 0.012198291001678
7.21 0.008904330225566
7.22 0.007857896190825
7.23 0.011427314578521
7.24 0.00816863828287
7.25 0.008284698568869
7.26 0.008931939207935
7.27 -0.001623650502079
7.28 0.001826662549033
7.29 0.000925567505229
7.3 0.001652098418036
7.31 0.002900346668358
7.32 0.00312170441749
7.33 0.003786448285058
7.34 0.004685894349715
7.35 0.005177743044649
7.36 0.005176416725816
7.37 0.00511267756814
7.38 0.004933569962663
7.39 0.004983485864463
7.4 0.005290472176279
7.41 0.00533191239869
7.42 0.005342768685279
7.43 0.005770498396365
7.44 0.00596004566189
7.45 0.004577848984277
7.46 0.001117435350458
7.47 -0.003081750153309
7.48 -0.007080531673183
7.49 -0.011101489667701
7.5 -0.013014771064646
7.51 -0.009782916024746
7.52 -0.010522664084987
7.53 -0.00741844185253
7.54 -0.015686891154375
7.55 -0.013780465637723
7.56 0.000678961858906
7.57 -0.001421725607979
7.58 -0.003449258617754
7.59 -0.003828275726158
7.6 -0.001564400788557
7.61 -0.001517452259538
7.62 -0.002669063843683
7.63 -0.001858492084687
7.64 -0.001062111679689
7.65 -0.001079866583539
7.66 -0.000944581134689
7.67 -0.000572302155114
7.68 -0.000116801118358
7.69 0.000572928075824
7.7 0.001425631426295
7.71 0.001899021204802
7.72 0.002151706585488
7.73 0.001974552450167
7.74 0.000952907413399
7.75 -0.000338249191877
7.76 -0.000297431426637
7.77 0.001269844269326
7.78 0.002919549961301
7.79 0.003205953456808
7.8 0.003536266707241
7.81 0.004392121205013
7.82 0.005918548853784
7.83 0.007752332903748
7.84 0.009926873695425
7.85 0.00949163944447
7.86 0.010245490256308
7.87 0.011541798565389
7.88 0.011782800381907
7.89 0.005137103559827
7.9 -0.004405349069648
7.91 0.000515476207509
7.92 -0.002616682499589
7.93 -0.004241966552903
7.94 -0.003474088600676
7.95 -0.004509889490515
7.96 -0.006988282053379
7.97 -0.00883781869508
7.98 -0.010895148892509
7.99 -0.015438212822562
8.0 -0.025617609710635
8.01 -0.022718229833994
8.02 -0.019372961319412
8.03 -0.025985421313333
8.04 -0.028634825094315
8.05 -0.024842900051804
8.06 -0.026036842649343
8.07 -0.026286069360135
8.08 -0.025251258284978
8.09 -0.026631697160885
8.1 -0.02363186997194
8.11 -0.023193459788961
8.12 -0.020610765245909
8.13 -0.018765291477839
8.14 -0.018477913532239
8.15 -0.016837946135504
8.16 -0.018845280326635
8.17 -0.016683422256978
8.18 -0.012951706884973
8.19 -0.012990046747443
8.2 -0.009798517573089
8.21 -0.007318193550382
8.22 -0.008158423661368
8.23 -0.008215993306166
8.24 -0.005476352571597
8.25 -0.002623640307894
8.26 -0.001665370336051
8.27 -0.001654256254796
8.28 -0.001572792259275
8.29 -0.00061297159945
8.3 -0.002262796610134
8.31 -0.004574601976774
8.32 -0.004486207064024
8.33 -0.003631942723545
8.34 -0.004277825678344
8.35 -0.005089942983186
8.36 -0.005774115752452
8.37 -0.000968054820686
8.38 -0.00494893924013
8.39 -0.004867075346249
8.4 -0.004255933595167
8.41 -0.006107817403739
8.42 -0.006185400933941
8.43 -0.00321367256089
8.44 -0.002145731039696
8.45 -0.002755519314405
8.46 -0.005077659117945
8.47 -0.006672477154854
8.48 -0.006689507555599
8.49 -0.006113483070092
8.5 -0.006525519595044
8.51 -0.008782411182755
8.52 -0.012411609549793
8.53 -0.016190195828353
8.54 -0.014313098386563
8.55 -0.012024331054313
8.56 -0.010465206062336
8.57 -0.007909520352604
8.58 0.009104667895639
8.59 0.003269359850804
8.6 0.007744635168268
8.61 0.020771365257174
8.62 0.00510076919934
8.63 0.009853736932529
8.64 0.008485995591256
8.65 0.001830652811818
8.66 0.003138324115549
8.67 0.00236591853642
8.68 0.004398579588696
8.69 0.007252231797266
8.7 0.005942994752628
8.71 0.002726954745848
8.72 -0.000780313978078
8.73 -0.003042750522326
8.74 -0.003307330464004
8.75 -0.002245562086947
8.76 -0.002252862170086
8.77 -0.00331570164874
8.78 -0.004501391243907
8.79 -0.005005264245588
8.8 -0.005175008399211
8.81 -0.00509022925483
8.82 -0.004998263315722
8.83 -0.00518773964058
8.84 -0.005367082976058
8.85 -0.004900898529257
8.86 -0.004024302030572
8.87 -0.003399102905253
8.88 -0.003551827127628
8.89 -0.004224185304689
8.9 -0.004587824462312
8.91 -0.005012978561916
8.92 -0.007453889271922
8.93 -0.014973800382178
8.94 -0.025237611196085
8.95 -0.019031844467153
8.96 -0.026220307874683
8.97 -0.022996438569643
8.98 -0.021841418935695
8.99 -0.022005203174181
9.0 -0.023071945286658
9.01 -0.022070107612594
9.02 -0.002550127149684
9.03 -0.002480369273966
9.04 -0.005100703249754
9.05 -5.718351955e-05
9.06 -0.002129841497018
9.07 -0.003070843200261
9.08 -0.001080004352031
9.09 -0.000759734256085
9.1 -0.0013472137892
9.11 -0.000811644996141
9.12 -0.00016768694669
9.13 -0.000321898816933
9.14 -0.00074678648919
9.15 0.000660342089006
9.16 0.009051236579751
9.17 0.025963025390432
9.18 0.006126226146094
9.19 0.016995388905858
9.2 0.021082265375178
9.21 0.008492180795586
9.22 0.019600204858113
9.23 0.014150038091945
9.24 0.015681338516985
9.25 0.016449721960319
9.26 0.016120559259629
9.27 0.018636398098375
9.28 0.016641397999109
9.29 0.01513688214675
9.3 0.016918067374362
9.31 0.009499225995273
9.32 0.001578933715192
9.33 0.003738632104386
9.34 0.002199800780209
9.35 -0.00121110981625
9.36 -0.003539408116291
9.37 -0.00431089501231
9.38 -0.004883662092018
9.39 -0.00587173261226
9.4 -0.008379961668366
9.41 -0.010418055319918
9.42 -0.009352963981573
9.43 -0.007096413509253
9.44 -0.007431986051882
9.45 -0.007782856927649
9.46 -0.005868341572384
9.47 -0.006705462482728
9.48 -0.011560205641846
9.49 -0.013809903055668
9.5 -0.012937656004992
9.51 -0.012850081023497
9.52 -0.014316212022548
9.53 -0.017179219393909
9.54 -0.026505688456191
9.55 -0.027576922663908
9.56 -0.019674446258197
9.57 -0.025253700061842
9.58 -0.023816806640688
9.59 -0.013716349983086
9.6 -0.020391117477295
9.61 -0.016414627208062
9.62 -0.00922343586332
9.63 -0.013233699222798
9.64 -0.010440875125807
9.65 -0.011846473985139
9.66 -0.014652415499296
9.67 -0.009796963261257
9.68 -0.007241636261124
9.69 -0.009068744929811
9.7 -0.008785522162118
9.71 -0.005116561609106
9.72 -0.005744661315139
9.73 -0.004960585334474
9.74 -0.003670093261169
9.75 -0.003976650965814
9.76 -0.005268954046295
9.77 -0.005590249567946
9.78 -0.004199114532716
9.79 -0.002274686714117
9.8 -0.000882785197473
9.81 0.000395920450784
9.82 0.001235078437387
9.83 0.001598657577619
9.84 0.001588661754926
9.85 0.001418382857323
9.86 0.001056607452998
9.87 0.000593591689434
9.88 0.000209693694222
9.89 -0.000176944849329
9.9 -6.9958206286e-05
9.91 0.002277529999917
9.92 0.010273348674596
9.93 0.022807123207217
9.94 0.015904040239938
9.95 0.02376451555001
9.96 0.017376951216086
9.97 0.022279425658027
9.98 0.027687548810088
9.99 0.011168239977927
10.0 0.016969889879485
10.01 0.017606649376331
10.02 0.009594489978757
10.03 0.01279437890416
10.04 0.010876884443152
10.05 0.00782853817602
10.06 0.007914328327707
10.07 0.007417598945312
10.08 0.005831253826823
10.09 0.00505310458068
10.1 0.004145979020574
10.11 0.004135565750747
10.12 0.004630174608006
10.13 0.004658330825545
10.14 0.005199741685775
10.15 0.006122998994393
10.16 0.006969690142029
10.17 0.007643002194697
10.18 0.009202211531039
10.19 0.010359502225758
10.2 0.008768592190418
10.21 0.005000898144226
10.22 0.002225767176465
10.23 0.000794929488081
10.24 -0.00170620485657
10.25 -0.004829556647947
10.26 -0.007515470615499
10.27 -0.009801677453709
10.28 -0.005003371717063
10.29 -0.009345418980488
10.3 -0.010459765371739
10.31 -0.011596810548217
10.32 -0.013292453972107
10.33 -0.012177623093479
10.34 -0.012198039066378
10.35 -0.01170679302619
10.36 -0.006233050129096
10.37 -4.450149709e-06
10.38 0.003248370701056
10.39 0.000170778270582
10.4 0.001820219838572
10.41 0.007189598360162
10.42 0.003289277705978
10.43 0.008908200996431
10.44 0.019278068653924
10.45 0.011467482263334
10.46 0.01223897125667
10.47 0.013600334272125
10.48 0.01331945410782
10.49 0.0200511766677
10.5 0.014701635462473
10.51 0.015297501905517
10.52 0.016475060608209
10.53 0.018492839314821
10.54 0.016577275332776
10.55 0.019293798364873
10.56 0.022673701240981
10.57 0.022463768212753
10.58 0.014215617943684
10.59 0.008713321736052
10.6 0.010198269298732
10.61 0.009618001067895
10.62 0.006687348951673
10.63 0.001804276807635
10.64 0.0014539055806
10.65 0.00458550887596
10.66 0.002889865402471
10.67 0.001104670319086
10.68 0.004700775650538
10.69 0.005613799042866
10.7 0.003357040652433
10.71 0.003298940708386
10.72 0.003615892502042
10.73 0.001838577877186
10.74 0.000992814647212
10.75 0.003183466664631
10.76 0.003995191931116
10.77 0.002881954217874
10.78 -0.00033890908668
10.79 -0.001696582853314
10.8 -0.002511265476937
10.81 -0.002315845026626
10.82 -0.001616457403188
10.83 -0.001733113639715
10.84 -0.002670958763596
10.85 -0.017884463087927
10.86 -0.021552338886015
10.87 -0.012620938482098
10.88 -0.020840052845744
10.89 -0.0114941061161
10.9 -0.006232190554238
10.91 -0.01031357334486
10.92 -0.010199202033821
10.93 -0.008114969010467
10.94 -0.008267385747769
10.95 -0.008804439426452
10.96 -0.008327375450149
10.97 -0.007759737602935
10.98 -0.00778998313749
10.99 -0.007682180480912
11.0 -0.00702587594687
11.01 -0.005856806319962
11.02 -0.003469827069681
11.03 -0.003331966273837
11.04 -0.004802094195761
11.05 -0.003687989544899
11.06 -0.001408658661709
11.07 -0.000734955950279
11.08 -0.000556017918661
11.09 -0.000307666662114
11.1 -0.000865138654365
11.11 -0.001386565981773
11.12 -0.00109458664506
11.13 -0.000595922164644
11.14 -0.000568907365999
11.15 -0.000562485672582
11.16 -0.000224496831541
11.17 0.000427131382893
11.18 0.001554801291154
11.19 0.002717298917423
11.2 0.004852950295754
11.21 0.005390801001708
11.22 0.005367186715319
11.23 0.005445750988319
11.24 0.005740243290848
11.25 0.005727946002103
11.26 0.005706489076035
11.27 0.005392844735566
11.28 0.005311453233357
11.29 0.005750765707597
11.3 0.005993145009326
11.31 0.005652968733934
11.32 0.001592572041843
11.33 0.012369494889723
11.34 0.016225084701056
11.35 0.017277041516477
11.36 0.016525055439024
11.37 0.014559550307389
11.38 0.015631723836218
11.39 0.01608734723119
11.4 0.015934086438641
11.41 0.018022026193494
11.42 0.018581335159469
11.43 0.016596786043925
11.44 0.016524310340446
11.45 0.018207265967042
11.46 0.016531388145097
11.47 0.012314318201019
11.48 0.010457024070743
11.49 0.010169501468404
11.5 0.008350161023321
11.51 0.006598624952087
11.52 0.007390492420052
11.53 0.008270513619531
11.54 0.008515385123913
11.55 0.007749271367871
11.56 0.006979814073556
11.57 0.006371263834029
11.58 0.00630925621502
11.59 0.006374501858156
11.6 0.006294435830346
11.61 0.005951295557401
11.62 0.005731125313425
11.63 0.005645141116366
11.64 0.004628287283145
11.65 0.003446069624953
11.66 0.003377096674099
11.67 0.004329510543329
11.68 0.006169683907843
11.69 0.0069395797546
11.7 0.006282188744191
11.71 0.00489614439691
11.72 0.004410064858509
11.73 0.005683883058463
11.74 0.007407852407002
11.75 0.007995373625923
11.76 0.00756028696705
11.77 0.006689298614602
11.78 0.005130323913049
11.79 0.002894796592424
11.8 -0.000973479076623
11.81 -0.00499656625857
11.82 -0.007177593821727
11.83 -0.007065234748973
11.84 0.000812253475723
11.85 0.002060924004803
11.86 0.003960330846525
11.87 -0.00127207634484
11.88 0.001679234540407
11.89 0.012191726693917
11.9 0.012307875021266
11.91 0.011739563940298
11.92 0.019724837584505
11.93 0.029951805474908
11.94 0.022908072729358
11.95 0.024378663410483
11.96 0.020550975746228
11.97 0.022413189665417
11.98 0.022926489287949
11.99 0.021420163281317
12.0 0.023442425464818
12.01 0.024442698265961
12.02 0.025926470281346
12.03 0.028034483428587
12.04 0.027308931622866
12.05 0.025645614397211
12.06 0.02536722282113
12.07 0.026431796591919
12.08 0.027120934793396
12.09 0.026451180587752
12.1 0.026485785488979
12.11 0.026878444946819
12.12 0.024639112864671
12.13 0.018221726903346
12.14 0.018258096197894
12.15 0.016780144863715
12.16 0.016680011203117
12.17 0.016063376070596
12.18 0.012646415402786
12.19 0.009664353493394
12.2 0.008278527516664
12.21 0.00863981427945
12.22 0.007093351981196
12.23 0.007246848213418
12.24 0.009239748327667
12.25 0.009395649801976
12.26 0.008989451043508
12.27 0.009186484312544
12.28 0.008579134337175
12.29 0.007586789800471
12.3 0.00894374963945
12.31 0.010259658584126
12.32 0.009644495816044
12.33 0.009466078808192
12.34 0.009723637724245
12.35 0.008015547644662
12.36 0.00646321418114
12.37 0.006113822357468
12.38 0.006328512626106
12.39 0.005761303559006
12.4 0.003544520041838
12.41 0.000564725513117
12.42 -0.001340872509109
12.43 0.001138356675836
12.44 -0.000988115333358
12.45 -0.004096748312632
12.46 -0.013184129171718
12.47 -0.012888764425729
12.48 -0.006361337552427
12.49 -0.009323285294479
12.5 -0.010272783039515
12.51 -0.009619477885274
12.52 -0.010391905506453
12.53 -0.00802627230492
12.54 -0.003024557013971
12.55 -0.001215109214427
12.56 -0.002620597806788
12.57 -0.002931688451195
12.58 -0.001295033706099
12.59 -0.000203219920833
12.6 -0.000158447840955
12.61 -0.00036354488802
12.62 -0.000418298437141
12.63 2.4827781822e-05
12.64 0.000419551270854
12.65 0.001084142939758
12.66 0.001808997369658
12.67 0.002708394743778
12.68 0.003509441139555
12.69 0.003790911114566
12.7 0.003656462170713
12.71 0.003240255031129
12.72 0.002777534091168
12.73 0.002546518135063
12.74 0.002462157874522
12.75 0.002279409383255
12.76 0.002323049108041
12.77 0.002603701153883
12.78 0.002693352587213
12.79 0.002580843142557
12.8 0.002454921222988
12.81 0.002395040545745
12.82 0.002604799994337
12.83 0.003124046515314
12.84 0.003888098879638
12.85 0.004657305500609
12.86 0.008845386348904
12.87 0.016786940489297
12.88 0.008432050671685
12.89 0.012359948327532
12.9 0.007661840216321
12.91 0.008603660363238
12.92 0.010536587431909
12.93 0.003230367890169
12.94 0.001775765216559
12.95 -0.003544657481533
12.96 -0.010156073868403
12.97 -0.005018683974451
12.98 -0.008428759059502
12.99 -0.004808780328372
13.0 -0.00277166869398
13.01 -0.006007602311481
13.02 -0.005690180896916
13.03 -0.006006872487249
13.04 -0.006136162325899
13.05 -0.006649247388741
13.06 -0.006091105036983
13.07 -0.006424433302852
13.08 -0.010035873972472
13.09 -0.008448638301324
13.1 -0.007743163015006
13.11 -0.006708599647856
13.12 -0.005878959300594
13.13 -0.00703600954594
13.14 -0.00468666481587
13.15 -0.004182900867191
13.16 -0.002393880961537
13.17 -0.002852118963787
13.18 -0.00333280682654
13.19 -0.002439599357698
13.2 -0.002225870452485
13.21 -0.000946567202413
13.22 0.001087360851669
13.23 0.001687335908074
13.24 0.001038733347279
13.25 7.9476977349e-05
13.26 0.001259750163501
13.27 0.000302523053676
13.28 -0.001721143010137
13.29 -0.002509900612088
13.3 -0.002754926461841
13.31 -0.001822412982129
13.32 -0.002896718946642
13.33 -0.004280915694396
13.34 -0.004175681051809
13.35 -0.005281394513665
13.36 -0.005569607462562
13.37 -0.005968853399939
13.38 -0.007330849128999
13.39 -0.009280375989922
13.4 -0.008853785202402
13.41 -0.008039092041839
13.42 -0.009506084574218
13.43 -0.010022213164769
13.44 -0.011028716254928
13.45 -0.010887578520769
13.46 -0.010737952860268
13.47 -0.011306011099865
13.48 -0.0105629364099
13.49 -0.010448591514682
13.5 -0.010768222473106
13.51 -0.01080149376045
13.52 -0.01092730890977
13.53 -0.009112410253624
13.54 -0.007224096113889
13.55 -0.00656306237197
13.56 -0.007084909577927
13.57 -0.008141591994949
13.58 -0.009031981636145
13.59 -0.009276365575198
13.6 -0.008502997684738
13.61 -0.007138566347088
13.62 -0.006096409205287
13.63 -0.005727369037309
13.64 -0.006038546439928
13.65 -0.006627012076878
13.66 -0.007098834238072
13.67 -0.007354027120519
13.68 -0.007548055294008
13.69 -0.007761331406915
13.7 -0.008090485958842
13.71 -0.008464692141669
13.72 -0.008689404266241
13.73 -0.008662009001905
13.74 -0.008461732526265
13.75 -0.008344464492916
13.76 -0.008340082438836
13.77 -0.008503755770218
13.78 -0.008888596546072
13.79 -0.009348736871601
13.8 -0.009717702531504
13.81 -0.009885964959562
13.82 -0.010032184197231
13.83 -0.010206853046429
13.84 -0.010439221771047
13.85 -0.010716395540015
13.86 -0.01086582090165
13.87 -0.010889772780024
13.88 -0.010807517609297
13.89 -0.01070475842403
13.9 -0.010733939127475
13.91 -0.010667151294137
13.92 -0.010870130092218
13.93 -0.011352278366495
13.94 -0.011772189354559
13.95 -0.011723300216975
13.96 -0.011266562196799
13.97 -0.010612595944531
13.98 -0.010722417830726
13.99 -0.010610767777962
14.0 -0.010402097916509
14.01 -0.009846807527346
14.02 -0.009193567313491
14.03 -0.00887985690835
14.04 -0.008528719176583
14.05 -0.008092244416409
14.06 -0.007670526580877
14.07 -0.007069352057396
14.08 -0.006515696479712
14.09 -0.00629473397053
14.1 -0.006213046480096
14.11 -0.006180727206299
14.12 -0.005984339104949
14.13 -0.005702700383026
14.14 -0.005479091954271
14.15 -0.005213884570942
14.16 -0.004684555153612
14.17 -0.004423825086759
14.18 -0.004090397544683
14.19 -0.003600456209673
14.2 -0.003015773382205
14.21 0.000249838080618
14.22 0.011458251503443
14.23 0.008852580236829
14.24 0.007084309531023
14.25 0.005709081198967
14.26 0.007064534076778
14.27 0.008209755591794
14.28 0.005070169433802
14.29 0.004247094165013
14.3 0.003478717916609
14.31 -0.001229909509491
14.32 -0.008255063358301
14.33 -0.005355882265592
14.34 -0.006972183357734
14.35 -0.008302706706791
14.36 -0.004893518344747
14.37 -0.00815666944624
14.38 -0.007883071373142
14.39 -0.00667839273231
14.4 -0.004832184370212
14.41 -0.004294450253621
14.42 -0.003617751974571
14.43 -0.000829979324398
14.44 -0.000536815935304
14.45 -0.002978353618671
14.46 -0.003396287960361
14.47 -0.002137132153413
14.48 -0.002547531552776
14.49 -0.003846458506129
14.5 -0.003979415457224
14.51 -0.002981268734919
14.52 -0.00219421258374
14.53 -0.001914225856358
14.54 -0.002157099165852
14.55 -0.002787202971854
14.56 -0.006373061208272
14.57 -0.016317229040623
14.58 -0.013337157957119
14.59 -0.010689566199545
14.6 -0.012371148234619
14.61 -0.014819160178984
14.62 -0.015597017311553
14.63 -0.014468948056023
14.64 -0.014478597460782
14.65 -0.015672202285135
14.66 -0.016769443580031
14.67 -0.016685751251423
14.68 -0.016428547553102
14.69 -0.014933077440846
14.7 -0.013549051176387
14.71 -0.013839120183152
14.72 -0.014337970591114
14.73 -0.01412309757219
14.74 -0.013740412121593
14.75 -0.013926069744703
14.76 -0.014087124885333
14.77 -0.013343906385753
14.78 -0.011895807324104
14.79 -0.012442955378438
14.8 -0.012342186875372
14.81 -0.011367520454945
14.82 -0.010149876795724
14.83 -0.009491220781667
14.84 -0.00963226578307
14.85 -0.010441797568472
14.86 -0.01136872038288
14.87 -0.011812537400474
14.88 -0.011577679821036
14.89 -0.010784289568644
14.9 -0.01009100737
14.91 -0.009874897125789
14.92 -0.010329235172567
14.93 -0.010727767722902
14.94 -0.010622922010739
14.95 -0.010262662767407
14.96 -0.010218239437633
14.97 -0.010108648493256
14.98 -0.010054495324677
14.99 -0.009967207596659
15.0 -0.009450589720346
15.01 -0.008203653081596
15.02 -0.009457060135244
15.03 -0.0091170392624
15.04 -0.008016859046234
15.05 -0.008907849114313
15.06 -0.008787064774286
15.07 -0.007821130662636
15.08 -0.007427879419582
15.09 -0.006992250911337
15.1 -0.007111116676592
15.11 -0.007552265817541
15.12 -0.008017177760875
15.13 -0.008008826568556
15.14 -0.007568519720966
15.15 -0.007180972289424
15.16 -0.006910595515088
15.17 -0.00632100194424
15.18 -0.000552433162688
15.19 0.00914138397683
15.2 0.002173199614122
15.21 0.003202874120342
15.22 0.00293950622501
15.23 0.001347281793103
15.24 0.001506130934789
15.25 -0.000319515624176
15.26 -0.001521144676544
15.27 -0.001102352360317
15.28 -0.001354759413679
15.29 -0.002279871190069
15.3 -0.003839309167134
15.31 -0.008596644740512
15.32 -0.015005054574359
15.33 -0.008618189051637
15.34 -0.012831079271715
15.35 -0.010151440177162
15.36 -0.011263148100653
15.37 -0.014105498899358
15.38 -0.01030131531416
15.39 -0.013218073045105
15.4 -0.01222000162092
15.41 -0.012225999405678
15.42 -0.011702239514295
15.43 -0.010706448347515
15.44 -0.010749284887907
15.45 -0.008354870346718
15.46 -0.006742647114747
15.47 -0.003833714947396
15.48 0.003143168635399
15.49 0.005226515809833
15.5 0.005406661975092
15.51 0.005145711429517
15.52 0.002539581111191
15.53 0.00387521858781
15.54 0.004636616866423
15.55 0.003601492264702
15.56 0.002690567884076
15.57 0.003670660586433
15.58 0.005441963985879
15.59 0.006099215087458
15.6 0.005088468704212
15.61 0.003362840747332
15.62 0.002781668384686
15.63 0.003676337059387
15.64 0.005173656840775
15.65 0.004158437884306
15.66 0.003931256656739
15.67 0.004270470430005
15.68 0.003861374443432
15.69 0.003019562268986
15.7 0.002166555204105
15.71 0.001844515357302
15.72 0.002350597842494
15.73 0.003005952249143
15.74 0.003364140946631
15.75 0.003647442546974
15.76 0.004074077994122
15.77 0.004244499047676
15.78 0.003837675280649
15.79 0.003417311203555
15.8 0.003571189083724
15.81 0.004398027158595
15.82 0.005723393137309
15.83 0.006639326889763
15.84 0.006762270099479
15.85 0.00524717675031
15.86 0.006723162032642
15.87 0.007173535347982
15.88 0.005177272198084
15.89 0.00640184032127
15.9 0.007078053725656
15.91 0.005551115718243
15.92 0.006020565878096
15.93 0.005187052088572
15.94 0.005532194972908
15.95 0.005975587062897
15.96 0.00570578706737
15.97 0.005016001742398
15.98 0.003946368769098
15.99 0.003475352138723
16.0 0.003058851586214
16.01 0.00268093743257
16.02 0.002479808983258
16.03 0.00199866974507
16.04 0.001642973959926
16.05 0.001976650211772
16.06 0.002457899847982
16.07 0.003009473974609
16.08 0.003504940131681
16.09 0.004173417716199
16.1 0.004971492485378
16.11 0.005722009624081
16.12 0.004912449702742
16.13 0.005151872336087
16.14 0.004672231432746
16.15 0.003441901804769
16.16 -0.000609637052851
16.17 -0.015446251492037
16.18 -0.006556987512415
16.19 -0.008007940074789
16.2 -0.013122070313745
16.21 -0.005903646595332
16.22 -0.005690852315596
16.23 -0.000305679730497
16.24 0.007605710157304
16.25 0.014475742530539
16.26 0.011278639935411
16.27 0.00855072793256
16.28 0.008695952622992
16.29 0.010071927135836
16.3 0.009249155706335
16.31 0.008648033248063
16.32 0.007439520363781
16.33 0.006054476610778
16.34 0.009089911816763
16.35 0.009198186912422
16.36 0.008945720871244
16.37 0.008245712213411
16.38 0.007640087004116
16.39 0.010015200170444
16.4 0.01119991213093
16.41 0.00925910560537
16.42 0.010277952138213
16.43 0.009519876586482
16.44 0.007831269143098
16.45 0.006510266948106
16.46 0.0057335859589
16.47 0.004948627248023
16.48 0.004753744597015
16.49 0.006500863076554
16.5 0.0079826480117
16.51 0.007193575859434
16.52 0.00756001752382
16.53 0.008249153181178
16.54 0.004832363382461
16.55 0.007861226394469
16.56 0.009805006348224
16.57 0.008942873797553
16.58 0.011894229172089
16.59 0.010415129436244
16.6 0.006971277990643
16.61 0.009264774724329
16.62 0.008195505015496
16.63 0.009130906412824
16.64 0.00828614863585
16.65 0.007296424359276
16.66 0.006846487535471
16.67 0.004830135144842
16.68 0.006141129370423
16.69 0.005950672646823
16.7 0.006105549863128
16.71 0.007221756498734
16.72 0.006814651180017
16.73 0.006409122982017
16.74 0.006636400909595
16.75 0.00622735302406
16.76 0.005603481574056
16.77 0.005678733552036
16.78 0.005580129942182
16.79 0.005199764625642
16.8 0.005144108466015
16.81 0.00538925205354
16.82 0.005325740564346
16.83 0.005063169659095
16.84 0.005041777712752
16.85 0.005462228245141
16.86 0.006039190176429
16.87 0.006125622498477
16.88 0.005462653331662
16.89 0.00494793427722
16.9 0.004815029063889
16.91 0.004232807353399
16.92 -0.002963075248815
16.93 -0.012931123716298
16.94 -0.002578773339509
16.95 -0.004698591262442
16.96 -0.007311396878565
16.97 -0.006709039051141
16.98 -0.003319900281947
16.99 -0.000570523036355
17.0 -0.000903751476597
17.01 -0.000545691573553
17.02 0.002797030212257
17.03 0.013411587858749
17.04 0.011662033568641
17.05 0.005660028412115
17.06 0.00946604191377
17.07 0.00980145740958
17.08 0.009800224168732
17.09 0.009281769886561
17.1 0.008269564337119
17.11 0.008698531197886
17.12 0.008963425749096
17.13 0.008274312458204
17.14 0.008346196815501
17.15 0.008377360892424
17.16 0.007924756547631
17.17 0.00810386863682
17.18 0.008164536318054
17.19 0.007436005792671
17.2 0.005664291289653
17.21 0.003793635537907
17.22 0.002395894338497
17.23 0.001399417037838
17.24 0.000836207703703
17.25 0.001170705438623
17.26 0.00116084681803
17.27 0.001049486382052
17.28 0.002186621283658
17.29 0.003087895449338
17.3 0.000371517728222
17.31 0.000925605883659
17.32 0.003153111383227
17.33 0.001293682044566
17.34 0.00129414301942
17.35 0.002659097901241
17.36 0.000826254311991
17.37 0.003018327435629
17.38 0.002275076899694
17.39 0.001172085169798
17.4 0.003030948656456
17.41 -0.000912564054398
17.42 0.000612103418096
17.43 -0.000747357724763
17.44 -0.001803581345433
17.45 -0.000690863857318
17.46 -0.001206061747777
17.47 -0.002520546226064
17.48 -0.005474543000773
17.49 -0.007750051979349
17.5 -0.008071720909166
17.51 -0.007776960134047
17.52 -0.007183653971842
17.53 -0.006282293914651
17.54 -0.006172464547768
17.55 -0.006378016272358
17.56 -0.006200302368465
17.57 -0.005697277472068
17.58 -0.005316504554284
17.59 -0.004995285777269
17.6 -0.004887963906933
17.61 -0.005091782656321
17.62 -0.004989735134379
17.63 -0.004394781515805
17.64 -0.003584760297707
17.65 -0.003059855801523
17.66 -0.002956944419373
17.67 -0.002678176362148
17.68 -0.001978011740216
17.69 -0.001393064545692
17.7 -0.001192724703091
17.71 -0.001339668441362
17.72 -0.001314715167823
17.73 -0.000974134815296
17.74 -0.000630960244694
17.75 -0.00072220340801
17.76 -0.001107063893633
17.77 -0.001363333447826
17.78 -0.001346285637078
17.79 -0.001165407890124
17.8 -0.00072454813341
17.81 -0.000198600727244
17.82 0.000390122159634
17.83 0.001862977599879
17.84 0.01488633740723
17.85 0.014226682922436
17.86 0.009158694238333
17.87 0.015648743100629
17.88 0.009292130543262
17.89 0.006083723660881
17.9 0.00835185154722
17.91 0.007022499185734
17.92 0.005472377418359
17.93 0.005823938427643
17.94 0.00579655636908
17.95 0.004757113145359
17.96 0.004250327130058
17.97 0.004160330601188
17.98 0.004203263210891
17.99 0.003962957559967
18.0 0.003618429423803
18.01 0.003567254990904
18.02 0.002676361709599
18.03 -0.000246198449366
18.04 -0.009685808088353
18.05 -0.005925546194891
18.06 -0.008216450667161
18.07 -0.014196497339633
18.08 -0.004537463891165
18.09 -0.010953699539117
18.1 -0.008766241328586
18.11 -0.007501722304734
18.12 -0.006743251976173
18.13 -0.00335744602319
18.14 0.002742097628221
18.15 0.0079983871792
18.16 0.009466979275659
18.17 0.010618270298838
18.18 0.007513948366358
18.19 0.010072585118824
18.2 0.01220566306297
18.21 0.01037524440412
18.22 0.010528888970589
18.23 0.011154518185048
18.24 0.009887812804047
18.25 0.010553948104561
18.26 0.010151355924301
18.27 0.009289987486862
18.28 0.011004655236226
18.29 0.011902441013341
18.3 0.011629865680004
18.31 0.010697014505205
18.32 0.009969941106301
18.33 0.009595624612694
18.34 0.009283536903143
18.35 0.008841766888407
18.36 0.008555000161817
18.37 0.008249983204368
18.38 0.007280051022294
18.39 0.006316080656046
18.4 0.005419339675921
18.41 0.004848951481084
18.42 0.004123772957912
18.43 0.004391123879257
18.44 0.00528242781779
18.45 0.006044648637997
18.46 0.005677012906197
18.47 0.004842748742713
18.48 0.004044940613682
18.49 0.003509654853482
18.5 0.003349406188304
18.51 0.003696483284782
18.52 0.004284684744692
18.53 0.004767031927005
18.54 0.00521301595046
18.55 0.005401477273171
18.56 0.005452914978533
18.57 0.005491823128908
18.58 0.005491041152075
18.59 0.004823446147483
18.6 -0.004746502382202
18.61 -0.00814282242889
18.62 -0.004391361036758
18.63 -0.004984050779413
18.64 -0.005724185774944
18.65 -0.003185455817693
18.66 0.005243196362519
18.67 0.012629781481189
18.68 0.006487922241952
18.69 0.005381709084715
18.7 0.003722699716724
18.71 0.004517536930314
18.72 0.001565377804066
18.73 -0.002428091150356
18.74 -0.001382672299679
18.75 -0.003236052492292
18.76 -0.002545635021077
18.77 -0.00242277309353
18.78 -0.003374538907044
18.79 -0.002941407321482
18.8 -0.002006268597467
18.81 -0.002014018987468
18.82 -0.001983279570677
18.83 -0.001036398712295
18.84 -1.186622914e-05
18.85 0.000339647600937
18.86 0.000369613065938
18.87 0.000633940727723
18.88 0.001066479467421
18.89 0.000953378176222
18.9 -3.8059787569e-05
18.91 -0.001914908046949
18.92 -0.005194320646548
18.93 -0.004134307072098
18.94 -0.00368641189428
18.95 -0.003551969206875
18.96 -0.003530440931848
18.97 -0.003597502631095
18.98 -0.003374957536944
18.99 -0.00282712585538
19.0 -0.00227131646745
19.01 -0.001869571369718
19.02 -0.001753740503186
19.03 -0.001808449821209
19.04 -0.002098463787349
19.05 -0.002709005603446
19.06 -0.00343000052653
19.07 -0.003749564517555
19.08 -0.003709127845206
19.09 -0.003729115326053
19.1 -0.004157189521426
19.11 -0.004989158999257
19.12 -0.005644176684374
19.13 -0.005763813789816
19.14 -0.005450617224261
19.15 -0.005123601144101
19.16 -0.004661843949597
19.17 -0.002189865951912
19.18 0.010348888559943
19.19 0.004875256352169
19.2 0.004423588859596
19.21 0.006712355474169
19.22 0.004256958463314
19.23 0.00202408768188
19.24 -0.000842168786798
19.25 -0.008951827815989
19.26 -0.015868399022416
19.27 -0.011870389770781
19.28 -0.009614852839281
19.29 -0.010008876092356
19.3 -0.010101235454911
19.31 -0.008203586329461
19.32 -0.005756858632283
19.33 -0.007095649945411
19.34 -0.008237610911378
19.35 -0.006868089332028
19.36 -0.006334319952913
19.37 -0.00607432556978
19.38 -0.005935500467816
19.39 -0.005837733758994
19.4 -0.004863749113352
19.41 -0.004571247112021
19.42 -0.004821737585566
19.43 -0.00502360854078
19.44 -0.003788561323891
19.45 -0.003434502676058
19.46 -0.002075292326104
19.47 -4.6182841429e-05
19.48 0.000352399871204
19.49 -0.001075316694958
19.5 0.001451016385081
19.51 0.002098369994796
19.52 -0.00021729061103
19.53 0.000679772825025
19.54 0.002474131792096
19.55 0.001904571400319
19.56 0.001564847365028
19.57 0.002243301073102
19.58 0.002023155666014
19.59 0.002435341165214
19.6 0.011072038025382
19.61 0.01245785135016
19.62 0.007484603745615
19.63 0.008289604626137
19.64 0.011307938258182
19.65 0.011270245099558
19.66 0.009739509019229
19.67 0.008759697310506
19.68 0.00807432173934
19.69 0.007050907551436
19.7 0.006392823969968
19.71 0.00664548873067
19.72 0.006536416307631
19.73 0.006180625038134
19.74 0.00557068012322
19.75 0.00540507774026
19.76 0.004820809474305
19.77 0.004845745963228
19.78 0.005694338943433
19.79 0.00580646042344
19.8 0.005622011661636
19.81 0.00585763040063
19.82 0.005445069261341
19.83 0.005058202789838
19.84 0.004678359836368
19.85 0.004069442792423
19.86 0.003582534568125
19.87 0.003081319144973
19.88 0.003260545461466
19.89 0.004113098358674
19.9 0.003912698647143
19.91 0.00361094275198
19.92 0.00397892832994
19.93 0.004714693462085
19.94 0.005702537996687
19.95 0.006196661654958
19.96 0.006215441936325
19.97 0.006740456974119
19.98 0.005782300773606
19.99 0.006187599518728
20.0 0.005533903535175
20.01 0.004757022998914
20.02 0.004669031029594
20.03 0.004139897973917
20.04 0.003520234511449
20.05 0.003388665019239
20.06 0.002436594827756
20.07 0.001082727032028
20.08 -0.0013802996315
20.09 -0.006496290408278
20.1 -0.008340959692016
20.11 -0.00547474366537
20.12 -0.003128954976507
20.13 -0.002918719415413
20.14 -0.004198235155712
20.15 -0.004648239202113
20.16 -0.003665983515646
20.17 -0.002845408590012
20.18 -0.002976315204288
20.19 -0.003427358723704
20.2 -0.003550661327066
20.21 -0.003067856345076
20.22 -0.00277521139858
20.23 -0.002404957634994
20.24 -0.001731985255235
20.25 -0.001015640405115
20.26 -0.000895715031163
20.27 -0.001024752686598
20.28 -0.000924737252716
20.29 -0.000541211642373
20.3 -0.00023266172297
20.31 -0.000220417076787
20.32 -0.000393770754483
20.33 -0.000399063212866
20.34 -0.000263498244257
20.35 -0.000243468163031
20.36 -0.000294774004601
20.37 -0.000228449191646
20.38 0.000146543227213
20.39 0.000332000184131
20.4 0.000675044936363
20.41 0.001551986037503
20.42 0.007625929686212
20.43 0.008108432605649
20.44 0.000119157879376
20.45 -0.00059221420915
20.46 -0.006098114132833
20.47 0.001558116380588
20.48 -0.002421698205521
20.49 -0.003905668013832
20.5 -0.002644431036995
20.51 -0.006116441358066
20.52 -0.003956673062388
20.53 -0.004709348847089
20.54 -0.00524726346786
20.55 -0.004867719430709
20.56 -0.006756183798523
20.57 -0.00551162390794
20.58 -0.00602101490864
20.59 -0.0069177576123
20.6 -0.00656532372986
20.61 -0.007092663245902
20.62 -0.007252732744255
20.63 -0.006967149136591
20.64 -0.006679881344037
20.65 -0.007190454173023
20.66 -0.00693826261615
20.67 -0.006699565201609
20.68 -0.006257241081868
20.69 -0.004287600005253
20.7 -0.004090268676246
20.71 -0.004343349828837
20.72 -0.004963077772305
20.73 -0.004706134731535
20.74 -0.003611868131905
20.75 -0.004135999400217
20.76 -0.004125396067426
20.77 -0.004373356250581
20.78 -0.0031662769772
20.79 -0.002796677835913
20.8 -0.003349869698089
20.81 -0.003437250565465
20.82 -0.00365642540832
20.83 -0.003954200812639
20.84 -0.004968657652654
20.85 -0.00523450856782
20.86 -0.004893477692529
20.87 -0.004665643415934
20.88 -0.004915018810882
20.89 -0.005447494182755
20.9 -0.005877939347658
20.91 -0.00601433737023
20.92 -0.005909259860253
20.93 -0.005926151752488
20.94 -0.006116592956692
20.95 -0.006280383630209
20.96 -0.006193158553306
20.97 -0.005904796512356
20.98 -0.005333390829095
20.99 -0.005139328509641
21.0 -0.005171586375936
21.01 -0.005438176915851
21.02 -0.005821151703372
21.03 -0.006032555433897
21.04 -0.006038372485164
21.05 -0.005982995812585
21.06 -0.005884554701451
21.07 -0.005883693687522
21.08 -0.005988002252136
21.09 -0.006050668907718
21.1 -0.006010489888679
21.11 -0.00581567064724
21.12 -0.005533445657919
21.13 -0.004628231860831
21.14 0.002294609345379
21.15 -0.00522809579605
21.16 -0.0070763232204
21.17 -0.004735833156597
21.18 -0.004655354887743
21.19 -0.004866361297348
21.2 -0.005106070252438
21.21 -0.0051995326693
21.22 -0.004618827219276
21.23 -0.004422556171849
21.24 -0.005122678731554
21.25 -0.003667670681624
21.26 -0.0054015865505
21.27 -0.004304750184007
21.28 -0.004337225594324
21.29 -0.004158998988147
21.3 -0.003928000360371
21.31 -0.004755637473844
21.32 -0.003700519933439
21.33 -0.00420026218608
21.34 -0.003924600855843
21.35 -0.003402512150182
21.36 -0.003953529698139
21.37 -0.003669944153805
21.38 -0.003607598535632
21.39 -0.003207911413099
21.4 -0.00311991146926
21.41 -0.003025665052247
21.42 -0.002981931947727
21.43 -0.003206697958243
21.44 -0.003457056891242
21.45 -0.003632711318122
21.46 -0.00357587382557
21.47 -0.00322401391867
21.48 -0.002443990377747
21.49 -0.000897910542291
21.5 0.001684576967372
21.51 0.004089781358463
21.52 0.005709105044005
21.53 0.006456027353356
21.54 0.00662861986724
21.55 0.00623777728496
21.56 0.005517867510737
21.57 0.005169038085577
21.58 0.005366848765112
21.59 0.005244077784585
21.6 0.004882084995025
21.61 0.004786807111552
21.62 0.00481637723962
21.63 0.004707907194903
21.64 0.004264743791237
21.65 0.003977126693843
21.66 0.003883362542103
21.67 0.003523851179173
21.68 0.00313661484918
21.69 0.002933773492476
21.7 0.002770926847588
21.71 0.002434533294013
21.72 0.00207411787524
21.73 0.001034618704326
21.74 -0.000312779773192
21.75 -0.001772997046748
21.76 -0.002442631197948
21.77 -0.001800239455726
21.78 -0.000503632488496
21.79 0.000633947064654
21.8 0.001324980172955
21.81 0.001973879579411
21.82 0.003088807454745
21.83 0.004717006556843
21.84 0.007297365865528
21.85 0.005899813539064
21.86 0.005752513024402
21.87 0.006113440161472
21.88 0.006354089601868
21.89 0.007413984178234
21.9 0.004944716667022
21.91 0.006803113043107
21.92 0.006950757130783
21.93 0.006540785874829
21.94 0.00731863210174
21.95 0.006129410191497
21.96 0.007386595393181
21.97 0.00653194455014
21.98 0.00665665274564
21.99 0.006160094486858
22.0 0.005722827119514
22.01 0.005381952286272
22.02 0.004324969131905
22.03 0.003974249398215
22.04 0.003559636934422
22.05 0.002920728656546
22.06 0.002185411502478
22.07 0.002484385307591
22.08 0.003692151136197
22.09 0.004606805505634
22.1 0.004457154150069
22.11 0.003805953865961
22.12 0.003388461642249
22.13 0.002521267131932
22.14 -0.007642480935286
22.15 -0.007222739139039
22.16 -0.002297731251585
22.17 -0.002471470383044
22.18 -0.004157916447087
22.19 -0.0040560541091
22.2 -0.002267013478596
22.21 -0.000833339242417
22.22 8.6801175256e-05
22.23 0.004599389863491
22.24 0.014148396351728
22.25 0.008285409035759
22.26 0.006449412896678
22.27 0.008179767306909
22.28 0.008998365477941
22.29 0.00863007059475
22.3 0.007505306687247
22.31 0.007005817030534
22.32 0.006489234050593
22.33 0.005737855300829
22.34 0.003750594390149
22.35 0.000185006650575
22.36 0.000390511724384
22.37 0.000291717950836
22.38 -0.000770602342619
22.39 -0.00228299330618
22.4 -0.00495349386567
22.41 -0.00731781416865
22.42 -0.008859136161224
22.43 -0.008142147303628
22.44 -0.008936715610379
22.45 -0.009716384112901
22.46 -0.008961119072041
22.47 -0.008926955740516
22.48 -0.009354460964109
22.49 -0.008352434346733
22.5 -0.008243249893337
22.51 -0.008868481455556
22.52 -0.008672260191523
22.53 -0.007460883433736
22.54 -0.006359150889955
22.55 -0.005963177406631
22.56 -0.005633660686981
22.57 -0.005345515814919
22.58 -0.005407140133727
22.59 -0.005473903821577
22.6 -0.005376328279061
22.61 -0.004739149948328
22.62 -0.004027087238496
22.63 -0.003663726302168
22.64 -0.003565023697715
22.65 -0.003448374069325
22.66 -0.003214760775536
22.67 -0.002929776304663
22.68 -0.002802944822593
22.69 -0.003130835787083
22.7 -0.003529562934483
22.71 -0.004198355716789
22.72 -0.004836957638714
22.73 -0.005433468061772
22.74 -0.005834076399502
22.75 -0.006160407031912
22.76 -0.006165670079107
22.77 -0.006260898962376
22.78 -0.006649384758621
22.79 -0.007066453903342
22.8 -0.007162830317825
22.81 -0.006974598568035
22.82 -0.006656597135497
22.83 -0.006383940528107
22.84 -0.006032995447503
22.85 -0.005899034918494
22.86 -0.006032139218712
22.87 -0.005959355095612
22.88 -0.005666253548971
22.89 -0.005372747609693
22.9 -0.005286037754805
22.91 -0.005399581938319
22.92 -0.005628108256972
22.93 -0.005960366643778
22.94 -0.006120143534648
22.95 -0.006128561301927
22.96 -0.006082354281904
22.97 -0.005979582288315
22.98 -0.005472442709862
22.99 -0.005373042454612
23.0 -0.005333612814488
23.01 -0.004933477394235
23.02 -0.004713432747014
23.03 -0.004722149363751
23.04 -0.004298232914461
23.05 -0.004399917299989
23.06 -0.00472861945086
23.07 -0.003045020996968
23.08 -0.001851485911868
23.09 -0.001597078290474
23.1 -0.001984714587033
23.11 -0.002426987020908
23.12 -0.002403012132163
23.13 -0.00199809882752
23.14 -0.001594384335733
23.15 -0.001136447148205
23.16 -0.001526056604905
23.17 -0.002201116997936
23.18 -0.001948122811442
23.19 -0.001149328527756
23.2 -0.000245606591776
23.21 0.000540563731062
23.22 0.00168885582496
23.23 0.003378807337297
23.24 0.004746398497661
23.25 0.005326592252745
23.26 0.005596882825764
23.27 0.005427797853093
23.28 0.005037568737354
23.29 0.004696332761405
23.3 0.004509278296482
23.31 0.004391323499498
23.32 0.004257045577728
23.33 0.00413010218668
23.34 0.004017282769878
23.35 0.003933860252918
23.36 0.003945923332866
23.37 0.004179019623375
23.38 0.00437809148186
23.39 0.004277497089719
23.4 0.004201162232824
23.41 0.004366657840231
23.42 0.0043520382157
23.43 0.003865644812713
23.44 0.003362336139983
23.45 0.003325756495704
23.46 0.003439434832735
23.47 0.003344292045791
23.48 0.003153561891322
23.49 0.003003037165013
23.5 0.002827677879838
23.51 0.002623337443125
23.52 0.002543982497158
23.53 0.00252769594664
23.54 0.002552888259042
23.55 0.002584783196092
23.56 0.002622195586577
23.57 0.002712963911599
23.58 0.002839007023696
23.59 0.003014167823789
23.6 0.003167674246683
23.61 0.00337090460088
23.62 0.00359105423653
23.63 0.003821830958156
23.64 0.004029067040549
23.65 0.004191137311552
23.66 0.004288797327524
23.67 0.004328790028696
23.68 0.004301184240352
23.69 0.003824053701889
23.7 0.003319684364113
23.71 0.002911000699345
23.72 0.002414440867463
23.73 0.002189640628724
23.74 0.00216523805833
23.75 0.003017198426339
23.76 0.004246538159824
23.77 0.004262159997637
23.78 0.003802391328759
23.79 0.004177305423952
23.8 0.00509782402731
23.81 0.004838528837177
23.82 0.003968803525332
23.83 0.004334314719827
23.84 0.004927827927745
23.85 0.005097050055563
23.86 0.004934303991449
23.87 0.004599656714425
23.88 0.004612247045561
23.89 0.004372908972066
23.9 0.004045041349886
23.91 0.004672838576077
23.92 0.005329017149547
23.93 0.004987009818559
23.94 0.004603651479928
23.95 0.004148920729115
23.96 0.003439239908668
23.97 0.002022631686158
23.98 0.001344181232586
23.99 7.4096982774e-05
24.0 -0.001069635455001
24.01 -0.001997215945818
24.02 -0.003719213163377
24.03 -0.003939907091218
24.04 -0.003573977731974
24.05 -0.002107129739994
24.06 0.005905549225491
24.07 0.010613848591433
24.08 0.003585580213527
24.09 0.004543332067158
24.1 0.003892625168705
24.11 0.003272480555455
24.12 0.002556313710862
24.13 0.002050223553284
24.14 -0.000283806532259
24.15 -0.002842523464204
24.16 -0.001714966476046
24.17 -0.002350098040061
24.18 -0.002721946285608
24.19 -0.002045646959041
24.2 -0.002487761157497
24.21 -0.002843540260218
24.22 -0.002549316913204
24.23 -0.00298117336616
24.24 -0.004210928189073
24.25 -0.004787224399599
24.26 -0.004357610963241
24.27 -0.003962780868868
24.28 -0.004205100569269
24.29 -0.004652085446624
24.3 -0.004791774989383
24.31 -0.004661526792771
24.32 -0.004573251376849
24.33 -0.004531820052009
24.34 -0.004435898401751
24.35 -0.004278612387892
24.36 -0.004006723298145
24.37 -0.003493021622257
24.38 -0.002710994020509
24.39 -0.001794747462011
24.4 -0.001053820408014
24.41 -0.000772171597205
24.42 -0.000961511641316
24.43 -0.001313103080498
24.44 -0.001553250363359
24.45 -0.001673532306477
24.46 -0.001797118093932
24.47 -0.002057803495868
24.48 -0.002459126109501
24.49 -0.002893515761261
24.5 -0.003249881403776
24.51 -0.003484779900117
24.52 -0.003634841714523
24.53 -0.003784374459977
24.54 -0.003967354623157
24.55 -0.004159213599366
24.56 -0.004332394191294
24.57 -0.004540949883476
24.58 -0.004656669448468
24.59 -0.004643813039282
24.6 -0.004876688885966
24.61 -0.005274866890473
24.62 -0.005462547790362
24.63 -0.005423790456948
24.64 -0.005235542621223
24.65 -0.005010782319602
24.66 -0.00495799464289
24.67 -0.004935365307629
24.68 -0.004885821310386
24.69 -0.004780054916247
24.7 -0.004670347095461
24.71 -0.004653047100644
24.72 -0.004742781380038
24.73 -0.004745931326561
24.74 -0.004558196937556
24.75 -0.004273115603246
24.76 -0.004106547747319
24.77 -0.004060853110783
24.78 -0.004062806437228
24.79 -0.004003438735111
24.8 -0.001373194618999
24.81 0.002922054408411
24.82 0.003968111716875
24.83 0.002316115901213
24.84 0.002132403098415
24.85 0.003070220537158
24.86 0.002981845313254
24.87 0.002408123881906
24.88 0.001782675494074
24.89 0.000747367714944
24.9 -0.00146500049028
24.91 -0.010285860833227
24.92 -0.012544594332382
24.93 -0.006840747265656
24.94 -0.007847888067638
 
 
 
 
 
 
 
 
 
 
 
 
 
 
 
 
 
 
 
 
 
 
 
 
 
 
 
 
 
 
 
 
 
 
 
 
 
 
 
 
 
 
 
 
 
 
 
 
 
 
 
 
 
 
 
 
 
 
 
 
 
 
 
 
 
 
 
 
 
 
 
 
 
 
 
 
 
 
 
 
 
 
 
 
 
 
 
 
 
 
 
 
 
 
 
 
 
 
 
 
 
 
 
 
 
 
 
 
 
 
 
 
 
 
 
 
 
 
 
 
 
 
 
 
 
 
 
 
 
 
 
 
 
 
 
 
 
 
 
 
 
 
 
 
 
 
 
 
 
 
 
 
 
 
 
 
 
 
 
 
 
 
 
 
 
 
 
 
 
 
 
 
 
 
 
 
 
 
 
 
 
 
 
 
 
 
 
 
 
 
 
 
 
 
 
 
 
 
 
 
 
 
 
 
 
 
 
 
 
 
 
 
 
 
 
 
 
 
 
 
 
 
 
 
 
 
 
 
 
 
 
 
 
 
 
 
 
 
 
 
 
 
 
 
 
 
 
 
 
 
 
 
 
 
 
 
 
 
 
 
 
 
 
 
 
 
 
 
 
 
 
 
 
 
 
 
 
 
 
 
 
 
 
 
 
 
 
 
 
 
 
 
 
 
 
 
 
 
 
 
 
 
 
 
 
 
 
 
 
 
 
 
 
 
 
 
 
 
 
 
 
 
 
 
 
 
 
 
 
 
 
 
 
 
 
 
 
 
 
 
 
 
 
 
 
 
 
 
 
 
 
 
 
 
 
 
 
 
 
 
 
 
 
 
 
 
 
 
 
 
 
 
 
 
 
 
 
 
 
 
 
 
 
 
 
 
 
 
 
 
 
 
 
 
 
 
 
 
 
 
 
 
 
 
 
 
 
 
 
 
 
 
 
 
 
 
 
 
 
 
 
 
 
 
 
 
 
 
 
 
 
 
 
 
 
 
 
 
 
 
 
 
 
 
 
 
 
 
 
 
 
 
 
 
 
 
 
 
 
 
 
 
 
 
 
 
 
 
 
 
 
 
 
 
 
 
 
 
 
 
 
 
 
 
 
 
 
 
 
 
 
 
 
 
 
 
 
 
 
 
 
 
 
 
 
 
 
 
 
 
 
 
 
 
 
 
 
 
 
 
 
 
 
 
 
 
 
 
 
 
 
 
 
 
 
 
 
 
 
 
 
 
 
 
 
 
 
 
 
 
 
 
 
 
 
 
 
 
 
 
 
 
 
 
 
 
 
 
 
 
 
 
 
 
 
 
 
 
 
 
 
 
 
 
 
 
 
 
 
 
 
 
 
 
 
 
 
 
 
 
 
 
 
 
 
 
 
 
 
 
 
 
 
 
 
 
 
 
 
 
 
 
 
 
 
 
 
 
 
 
 
 
 
 
 
 
 
 
 
 
 
 
 
 
 
 
 
 
 
 
 
 
 
 
 
 
 
 
 
 
 
 
 
 
 
 
 
 
 
 
 
 
 
 
 
 
 
 
 
 
 
 
 
 
 
 
 
 
 
 
 
 
 
 
 
 
 
 
 
 
 
 
 
 
 
 
 
 
 
 
 
 
 
 
 
 
 
 
 
 
 
 
 
 
 
 
 
 
 
 
 
 
 
 
 
 
 
 
 
 
 
 
 
 
 
 
 
 
 
 
 
 
 
 
 
 
 
 
 
 
 
 
 
 
 
 
 
 
 
 
 
 
 
 
 
 
 
 
 
 
 
 
 
 
 
 
 
 
 
 
 
 
 
 
 
 
 
 
 
 
 
 
 
 
 
 
 
 
 
 
 
 
 
 
 
 
 
 
 
 
 
 
 
 
 
 
 
 
 
 
 
 
 
 
 
 
 
 
 
 
 
 
 
 
 
 
 
 
 
 
 
 
 
 
 
 
 
 
 
 
 
 
 
 
 
 
 
 
 
 
 
 
 
 
 
 
 
 
 
 
 
 
 
 
 
 
 
 
 
 
 
 
 
 
 
 
 
 
 
 
 
 
 
 
 
 
 
 
 
 
 
 
 
 
 
 
 
 
 
 
 
 
 
 
 
 
 
 
 
 
 
 
 
 
 
 
 
 
 
 
 
 
 
 
 
 
 
 
 
 
 
 
 
 
 
 
 
 
 
 
 
 
 
 
 
 
 
 
 
 
 
 
 
 
 
 
 
 
 
 
 
 
 
 
 
 
 
 
 
 
 
 
 
 
 
 
 
 
 
 
 
 
 
 
 
 
 
 
 
 
 
 
 
 
 
 
 
 
 
 
 
 
 
 
 
 
 
 
 
 
 
 
 
 
 
 
 
 
 
 
 
 
 
 
 
 
 
 
 
 
 
 
 
 
 
 
 
 
 
 
 
 
 
 
 
 
 
 
 
 
 
 
 
 
 
 
 
 
 
 
 
 
 
 
 
 
 
 
 
 
 
 
 
 
 
 
 
 
 
 
 
 
 
 
 
 
 
 
 
 
 
 
 
 
 
 
 
 
 
 
 
 
 
 
 
 
 
 
 
 
 
 
 
 
 
 
 
 
 
 
 
 
 
 
 
 
 
 
 
 
 
 
 
 
 
 
 
 
 
 
 
 
 
 
 
 
 
 
 
 
 
 
 
 
 
 
 
 
 
 
 
 
 
 
 
 
 
 
 
 
 
 
 
 
 
 
 
 
 
 
 
 
 
 
 
 
 
 
 
 
 
 
 
 
 
 
 
 
 
 
 
 
 
 
 
 
 
 
 
 
 
 
 
 
 
 
 
 
 
 
 
 
 
 
 
 
 
 
 
 
 
 
 
 
 
 
 
 
 
 
 
 
 
 
 
 
 
 
 
 
 
 
 
 
 
 
 
 
 
 
 
 
 
 
 
 
 
 
 
 
 
 
 
 
 
 
 
 
 
 
 
 
 
 
 
 
 
 
 
 
 
 
 
 
 
 
 
 
 
 
 
 
 
 
 
 
 
 
 
 
 
 
 
 
 
 
 
 
 
 
 
 
 
 
 
 
 
 
 
 
 
 
 
 
 
 
 
 
 
 
 
 
 
 
 
 
 
 
 
 
 
 
 
 
 
 
 
 
 
 
 
 
 
 
 
 
 
 
 
 
 
 
 
 
 
 
 
 
 
 
 
 
 
 
 
 
 
 
 
 
 
 
 
 
 
 
 
 
 
 
 
 
 
 
 
 
 
 
 
 
 
 
 
 
 
 
 
 
 
 
 
 
 
 
 
 
 
 
 
 
 
 
 
 
 
 
 
 
 
 
 
 
 
 
 
 
 
 
 
 
 
 
 
 
 
 
 
 
 
 
 
 
 
 
 
 
 
 
 
 
 
 
 
 
 
 
 
 
 
 
 
 
 
 
 
 
 
 
 
 
 
 
 
 
 
 
 
 
 
 
 
 
 
 
 
 
 
 
 
 
 
 
 
 
 
 
 
 
 
 
 
 
 
 
 
 
 
 
 
 
 
 
 
 
 
 
 
 
 
 
 
 
 
 
 
 
 
 
 
 
 
 
 
 
 
 
 
 
 
 
 
 
 
 
 
 
 
 
 
 
 
 
 
 
 
 
 
 
 
 
 
 
 
 
 
 
 
 
 
 
 
 
 
 
 
 
 
 
 
 
 
 
 
 
 
 
 
 
 
 
 
 
 
 
 
 
 
 
 
 
 
 
 
 
 
 
 
 
 
 
 
 
 
 
 
 
 
 
 
 
 
 
 
 
 
 
 
 
 
 
 
 
 
 
 
 
 
 
 
 
 
 
 
 
 
 
 
 
 
 
 
 
 
 
 
 
 
 
 
 
 
 
 
 
 
 
 
 
 
 
 
 
 
 
 
 
 
 
 
 
 
 
 
 
 
 
 
 
 
 
 
 
 
 
 
 
 
 
 
 
 
 
 
 
 
 
 
 
 
 
 
 
 
 
 
 
 
 
 
 
 
 
 
 
 
 
 
 
 
 
 
 
 
 
 
 
 
 
 
 
 
 
 
 
 
 
 
 
 
 
 
 
 
 
 
 
 
 
 
 
 
 
 
 
 
 
 
 
 
 
 
 
 
 
 
 
 
 
 
 
 
 
 
 
 
 
 
 
 
 
 
 
 
 
 
 
 
 
 
 
 
 
 
 
 
 
 
 
 
 
 
 
 
 
 
 
 
 
 
 
 
 
 
 
 
 
 
 
 
 
 
 
 
 
 
 
 
 
 
 
 
 
 
 
 
 
 
 
 
 
 
 
 
 
 
 
 
 
 
 
 
 
 
 
 
 
 
 
 
 
 
 
 
 
 
 
 
 
 
 
 
 
 
 
 
 
 
 
 
 
 
 
 
 
 
 
 
 
 
 
 
 
 
 
 
 
 
 
 
 
 
 
 
 
 
 
 
 
 
 
 
 
 
 
 
 
 
 
 
 
 
 
 
 
 
 
 
 
 
 
 
 
 
 
 
 
 
 
 
 
 
 
 
 
 
 
 
 
 
 
 
 
 
 
 
 
 
 
 
 
 
 
 
 
 
 
 
 
 
 
 
 
 
 
 
 
 
 
 
 
 
 
 
 
 
 
 
 
 
 
 
 
 
 
 
 
 
 
 
 
 
 
 
 
 
 
 
 
 
 
 
 
 
 
 
 
 
 
 
 
 
 
 
 
 
 
 
 
 
 
 
 
 
 
 
 
 
 
 
 
 
 
 
 
 
 
 
 
 
 
 
 
 
 
 
 
 
 
 
 
 
 
 
 
 
 
 
 
 
 
 
 
 
 
 
 
 
 
 
 
 
 
 
 
 
 
 
 
 
 
 
 
 
 
 
 
 
 
 
 
 
 
 
 
 
 
 
 
 
 
 
 
 
 
 
 
 
 
 
 
 
 
 
 
 
 
 
 
 
 
 
 
 
 
 
 
 
 
 
 
 
 
 
 
 
 
 
 
 
 
 
 
 
 
 
 
 
 
 
 
 
 
 
 
 
 
 
 
 
 
 
 
 
 
 
 
 
 
 
 
 
 
 
 
 
 
 
 
 
 
 
 
 
 
 
 
 
 
 
 
 
 
 
 
 
 
 
 
 
 
 
 
 
 
 
 
 
 
 
 
 
 
 
 
 
 
 
 
 
 
 
 
 
 
 
 
 
 
 
 
 
 
 
 
 
 
 
 
 
 
 
 
 
 
 
 
 
 
 
 
 
 
 
 
 
 
 
 
 
 
 
 
 
 
 
 
 
 
 
 
 
 
 
 
 
 
 
 
 
 
 
 
 
 
 
 
 
 
 
 
 
 
 
 
 
 
 
 
 
 
 
 
 
 
 
 
 
 
 
 
 
 
 
 
 
 
 
 
 
 
 
 
 
 
 
 
 
 
 
 
 
 
 
 
 
 
 
 
 
 
 
 
 
 
 
 
 
 
 
 
 
 
 
 
 
 
 
 
 
 
 
 
 
 
 
 
 
 
 
 
 
 
 
 
 
 
 
 
 
 
 
 
 
 
 
 
 
 
 
 
 
 
 
 
 
 
 
 
 
 
 
 
 
 
 
 
 
 
 
 
 
 
 
 
 
 
 
 
 
 
 
 
 
 
 
 
 
 
 
 
 
 
 
 
 
 
 
 
 
 
 
 
 
 
 
 
 
 
 
 
 
 
 
 
 
 
 
 
 
 
 
 
 
 
 
 
 
 
 
 
 
 
 
 
 
 
 
 
 
 
 
 
 
 
 
 
 
 
 
 
 
 
 
 
 
 
 
 
 
 
 
 
 
 
 
 
 
 
 
 
 
 
 
 
 
 
 
 
 
 
 
 
 
 
 
 
 
 
 
 
 
 
 
 
 
 
 
 
 
 
 
 
 
 
 
 
 
 
 
 
 
 
 
 
 
 
 
 
 
 
 
 
 
 
 
 
 
 
 
 
 
 
 
 
 
 
 
 
 
 
 
 
 
 
 
 
 
 
 
 
 
 
 
 
 
 
 
 
 
 
 
 
 
 
 
 
 
 
 
 
 
 
 
 
 
 
 
 
 
 
 
 
 
 
 
 
 
 
 
 
 
 
 
 
 
 
 
 
 
 
 
 
 
 
 
 
 
 
 
 
 
 
 
 
 
 
 
 
 
 
 
 
 
 
 
 
 
 
 
 
 
 
 
 
 
 
 
 
 
 
 
 
 
 
 
 
 
 
 
 
 
 
 
 
 
 
 
 
 
 
 
 
 
 
 
 
 
 
 
 
 
 
 
 
 
 
 
 
 
 
 
 
 
 
 
 
 
 
 
 
 
 
 
 
 
 
 
 
 
 
 
 
 
 
 
 
 
 
 
 
 
 
 
 
 
 
 
 
 
 
 
 
 
 
 
 
 
 
 
 
 
 
 
 
 
 
 
 
 
 
 
 
 
 
 
 
 
 
 
 
 
 
 
 
 
 
 
 
 
 
 
 
 
 
 
 
 
 
 
 
 
 
 
 
 
 
 
 
 
 
 
 
 
 
 
 
 
 
 
 
 
 
 
 
 
 
 
 
 
 
 
 
 
 
 
 
 
 
 
 
 
 
 
 
 
 
 
 
 
 
 
 
 
 
 
 
 
 
 
 
 
 
 
 
 
 
 
 
 
 
 
 
 
 
 
 
 
 
 
 
 
 
 
 
 
 
 
 
 
 
 
 
 
 
 
 
 
 
 
 
 
 
 
 
 
 
 
 
 
 
 
 
 
 
 
 
 
 
 
 
 
 
 
 
 
 
 
 
 
 
 
 
 
 
 
 
 
 
 
 
 
 
 
 
 
 
 
 
 
 
 
 
 
 
 
 
 
 
 
 
 
 
 
 
 
 
 
 
 
 
 
 
 
 
 
 
 
 
 
 
 
 
 
 
 
 
 
 
 
 
 
 
 
 
 
 
 
 
 
 
 
 
 
 
 
 
 
 
 
 
 
 
 
 
 
 
 
 
 
 
 
 
 
 
 
 
 
 
 
 
 
 
 
 
 
 
 
 
 
 
 
 
 
 
 
 
 
 
 
 
 
 
 
 
 
 
 
 
 
 
 
 
 
 
 
 
 
 
 
 
 
 
 
 
 
 
 
 
 
 
 
 
 
 
 
 
 
 
 
 
 
 
 
 
 
 
 
 
 
 
 
 
 
 
 
 
 
 
 
 
 
 
 
 
 
 
 
 
 
 
 
 
 
 
 
 
 
 
 
 
 
 
 
 
 
 
 
 
 
 
 
 
 
 
 
 
 
 
 
 
 
 
 
 
 
 
 
 
 
 
 
 
 
 
 
 
 
 
 
 
 
 
 
 
 
 
 
 
 
 
 
 
 
 
 
 
 
 
 
 
 
 
 
 
 
 
 
 
 
 
 
 
 
 
 
 
 
 
 
 
 
 
 
 
 
 
 
 
 
 
 
 
 
 
 
 
 
 
 
 
 
 
 
 
 
 
 
 
 
 
 
 
 
 
 
 
 
 
 
 
 
 
 
 
 
 
 
 
 
 
 
 
 
 
 
 
 
 
 
 
 
 
 
 
 
 
 
 
 
 
 
 
 
 
 
 
 
 
 
 
 
 
 
 
 
 
 
 
 
 
 
 
 
 
 
 
 
 
 
 
 
 
 
 
 
 
 
 
 
 
 
 
 
 
 
 
 
 
 
 
 
 
 
 
 
 
 
 
 
 
 
 
 
 
 
 
 
 
 
 
 
 
 
 
 
 
 
 
 
 
 
 
 
 
 
 
 
 
 
 
 
 
 
 
 
 
 
 
 
 
 
 
 
 
 
 
 
 
 
 
 
 
 
 
 
 
 
 
 
 
 
 
 
 
 
 
 
 
 
 
 
 
 
 
 
 
 
 
 
 
 
 
 
 
 
 
 
 
 
 
 
 
 
 
 
 
 
 
 
 
 
 
 
 
 
 
 
 
 
 
 
 
 
 
 
 
 
 
 
 
 
 
 
 
 
 
 
 
 
 
 
 
 
 
 
 
 
 
 
 
 
 
 
 
 
 
 
 
 
 
 
 
 
 
 
 
 
 
 
 
 
 
 
 
 
 
 
 
 
 
 
 
 
 
 
 
 
 
 
 
 
 
 
 
 
 
 
 
 
 
 
 
 
 
 
 
 
 
 
 
 
 
 
 
 
 
 
 
 
 
 
 
 
 
 
 
 
 
 
 
 
 
 
 
 
 
 
 
 
 
 
 
 
 
 
 
 
 
 
 
 
 
 
 
 
 
 
 
 
 
 
 
 
 
 
 
 
 
 
 
 
 
 
 
 
 
 
 
 
 
 
 
 
 
 
 
 
 
 
 
 
 
 
 
 
 
 
 
 
 
 
 
 
 
 
 
 
 
 
 
 
 
 
 
 
 
 
 
 
 
 
 
 
 
 
 
 
 
 
 
 
 
 
 
 
 
 
 
 
 
 
 
 
 
 
 
 
 
 
 
 
 
 
 
 
 
 
 
 
 
 
 
 
 
 
 
 
 
 
 
 
 
 
 
 
 
 
 
 
 
 
 
 
 
 
 
 
 
 
 
 
 
 
 
 
 
 
 
 
 
 
 
 
 
 
 
 
 
 
 
 
 
 
 
 
 
 
 
 
 
 
 
 
 
 
 
 
 
 
 
 
 
 
 
 
 
 
 
 
 
 
 
 
 
 
 
 
 
 
 
 
 
 
 
 
 
 
 
 
 
 
 
 
 
 
 
 
 
 
 
 
 
 
 
 
 
 
 
 
 
 
 
 
 
 
 
 
 
 
 
 
 
 
 
 
 
 
 
 
 
 
 
 
 
 
 
 
 
 
 
 
 
 
 
 
 
 
 
 
 
 
 
 
 
 
 
 
 
 
 
 
 
 
 
 
 
 
 
 
 
 
 
 
 
 
 
 
 
 
 
 
 
 
 
 
 
 
 
 
 
 
 
 
 
 
 
 
 
 
 
 
 
 
 
 
 
 
 
 
 
 
 
 
 
 
 
 
 
 
 
 
 
 
 
 
 
 
 
 
 
 
 
 
 
 
 
 
 
 
 
 
 
 
 
 
 
 
 
 
 
 
 
 
 
 
 
 
 
 
 
 
 
 
 
 
 
 
 
 
 
 
 
 
 
 
 
 
 
 
 
 
 
 
 
 
 
 
 
 
 
 
 
 
 
 
 
 
 
 
 
 
 
 
 
 
 
 
 
 
 
 
 
 
 
 
 
 
 
 
 
 
 
 
 
 
 
 
 
 
 
 
 
 
 
 
 
 
 
 
 
 
 
 
 
 
 
 
 
 
 
 
 
 
 
 
 
 
 
 
 
 
 
 
 
 
 
 
 
 
 
 
 
 
 
 
 
 
 
 
 
 
 
 
 
 
 
 
 
 
 
 
 
 
 
 
 
 
 
 
 
 
 
 
 
 
 
 
 
 
 
 
 
 
 
 
 
 
 
 
 
 
 
 
 
 
 
 
 
 
 
 
 
 
 
 
 
 
 
 
 
 
 
 
 
 
 
 
 
 
 
 
 
 
 
 
 
 
 
 
 
 
 
 
 
 
 
 
 
 
 
 
 
 
 
 
 
 
 
 
 
 
 
 
 
 
 
 
 
 
 
 
 
 
 
 
 
 
 
 
 
 
 
 
 
 
 
 
 
 
 
 
 
 
 
 
 
 
 
 
 
 
 
 
 
 
 
 
 
 
 
 
 
 
 
 
 
 
 
 
 
 
 
 
 
 
 
 
 
 
 
 
 
 
 
 
 
 
 
 
 
 
 
 
 
 
 
 
 
 
 
 
 
 
 
 
 
 
 
 
 
 
 
 
 
 
 
 
 
 
 
 
 
 
 
 
 
 
 
 
 
 
 
 
 
 
 
 
 
 
 
 
 
 
 
 
 
 
 
 
 
 
 
 
 
 
 
 
 
 
 
 
 
 
 
 
 
 
 
 
 
 
 
 
 
 
 
 
 
 
 
 
 
 
 
 
 
 
 
 
 
 
 
 
 
 
 
 
 
 
 
 
 
 
 
 
 
 
 
 
 
 
 
 
 
 
 
 
 
 
 
 
 
 
 
 
 
 
 
 
 
 
 
 
 
 
 
 
 
 
 
 
 
 
 
 
 
 
 
 
 
 
 
 
 
 
 
 
 
 
 
 
 
 
 
 
 
 
 
 
 
 
 
 
 
 
 
 
 
 
 
 
 
 
 
 
 
 
 
 
 
 
 
 
 
 
 
 
 
 
 
 
 
 
 
 
 
 
 
 
 
 
 
 
 
 
 
 
 
 
 
 
 
 
 
 
 
 
 
 
 
 
 
 
 
 
 
 
 
 
 
 
 
 
 
 
 
 
 
 
 
 
 
 
 
 
 
 
 
 
 
 
 
 
 
 
 
 
 
 
 
 
 
 
 
 
 
 
 
 
 
 
 
 
 
 
 
 
 
 
 
 
 
 
 
 
 
 
 
 
 
 
 
 
 
 
 
 
 
 
 
 
 
 
 
 
 
 
 
 
 
 
 
 
 
 
 
 
 
 
 
 
 
 
 
 
 
 
 
 
 
 
 
 
 
 
 
 
 
 
 
 
 
 
 
 
 
 
 
 
 
 
 
 
 
 
 
 
 
 
 
 
 
 
 
 
 
 
 
 
 
 
 
 
 
 
 
 
 
 
 
 
 
 
 
 
 
 
 
 
 
 
 
 
 
 
 
 
 
 
 
 
 
 
 
 
 
 
 
 
 
 
 
 
 
 
 
 
 
 
 
 
 
 
 
 
 
 
 
 
 
 
 
 
 
 
 
 
 
 
 
 
 
 
 
 
 
 
 
 
 
 
 
 
 
 
 
 
 
 
 
 
 
 
 
 
 
 
 
 
 
 
 
 
 
 
 
 
 
 
 
 
 
 
 
 
 
 
 
 
 
 
 
 
 
 
 
 
 
 
 
 
 
 
 
 
 
 
 
 
 
 
 
 
 
 
 
 
 
 
 
 
 
 
 
 
 
 
 
 
 
 
 
 
 
 
 
 
 
 
 
 
 
 
 
 
 
 
 
 
 
 
 
 
 
 
 
 
 
 
 
 
 
 
 
 
 
 
 
 
 
 
 
 
 
 
 
 
 
 
 
 
 
 
 
 
 
 
 
 
 
 
 
 
 
 
 
 
 
 
 
 
 
 
 
 
 
 
 
 
 
 
 
 
 
 
 
 
 
 
 
 
 
 
 
 
 
 
 
 
 
 
 
 
 
 
 
 
 
 
 
 
 
 
 
 
 
 
 
 
 
 
 
 
 
 
 
 
 
 
 
 
 
 
 
 
 
 
 
 
 
 
 
 
 
 
 
 
 
 
 
 
 
 
 
 
 
 
 
 
 
 
 
 
 
 
 
 
 
 
 
 
 
 
 
 
 
 
 
 
 
 
 
 
 
 
 
 
 
 
 
 
 
 
 
 
 
 
 
 
 
 
 
 
 
 
 
 
 
 
 
 
 
 
 
 
 
 
 
 
 
 
 
 
 
 
 
 
 
 
 
 
 
 
 
 
 
 
 
 
 
 
 
 
 
 
 
 
 
 
 
 
 
 
 
 
 
 
 
 
 
 
 
 
 
 
 
 
 
 
 
 
 
 
 
 
 
 
 
 
 
 
 
 
 
 
 
 
 
 
 
 
 
 
 
 
 
 
 
 
 
 
 
 
 
 
 
 
 
 
 
 
 
 
 
 
 
 
 
 
 
 
 
 
 
 
 
 
 
 
 
 
 
 
 
 
 
 
 
 
 
 
 
 
 
 
 
 
 
 
 
 
 
 
 
 
 
 
 
 
 
 
 
 
 
 
 
 
 
 
 
 
 
 
 
 
 
 
 
 
 
 
 
 
 
 
 
 
 
 
 
 
 
 
 
 
 
 
 
 
 
 
 
 
 
 
 
 
 
 
 
 
 
 
 
 
 
 
 
 
 
 
 
 
 
 
 
 
 
 
 
 
 
 
 
 
 
 
 
 
 
 
 
 
 
 
 
 
 
 
 
 
 
 
 
 
 
 
 
 
 
 
 
 
 
 
 
 
 
 
 
 
 
 
 
 
 
 
 
 
 
 
 
 
 
 
 
 
 
 
 
 
 
 
 
 
 
 
 
 
 
 
 
 
 
 
 
 
 
 
 
 
 
 
 
 
 
 
 
 
 
 
 
 
 
 
 
 
 
 
 
 
 
 
 
 
 
 
 
 
 
 
 
 
 
 
 
 
 
 
 
 
 
 
 
 
 
 
 
 
 
 
 
 
 
 
 
 
 
 
 
 
 
 
 
 
 
 
 
 
 
 
 
 
 
 
 
 
 
 
 
 
 
 
 
 
 
 
 
 
 
 
 
 
 
 
 
 
 
 
 
 
 
 
 
 
 
 
 
 
 
 
 
 
 
 
 
 
 
 
 
 
 
 
 
 
 
 
 
 
 
 
 
 
 
 
 
 
 
 
 
 
 
 
 
 
 
 
 
 
 
 
 
 
 
 
 
 
 
 
 
 
 
 
 
 
 
 
 
 
 
 
 
 
 
 
 
 
 
 
 
 
 
 
 
 
 
 
 
 
 
 
 
 
 
 
 
 
 
 
 
 
 
 
 
 
 
 
 
 
 
 
 
 
 
 
 
 
 
 
 
 
 
 
 
 
 
 
 
 
 
 
 
 
 
 
 
 
 
 
 
 
 
 
 
 
 
 
 
 
 
 
 
 
 
 
 
 
 
 
 
 
 
 
 
 
 
 
 
 
 
 
 
 
 
 
 
 
 
 
 
 
 
 
 
 
 
 
 
 
 
 
 
 
 
 
 
 
 
 
 
 
 
 
 
 
 
 
