0.0 0.0
0.01 2.33736619e-07
0.02 2.34768074e-07
0.03 2.36060769e-07
0.04 2.36842078e-07
0.05 2.33426224e-07
0.06 2.27433322e-07
0.07 2.22961722e-07
0.08 2.17274348e-07
0.09 2.08083422e-07
0.1 1.91772836e-07
0.11 1.63800997e-07
0.12 1.67477023e-07
0.13 1.73786379e-07
0.14 1.51636275e-07
0.15 1.29472804e-07
0.16 9.3940842e-08
0.17 1.07031485e-07
0.18 2.25397366e-07
0.19 3.12904567e-07
0.2 3.69260758e-07
0.21 2.67841053e-07
0.22 -3.0491922e-07
0.23 -1.23850722e-06
0.24 -2.425148537e-06
0.25 -3.72617196e-06
0.26 -5.017743248e-06
0.27 -6.676535413e-06
0.28 -8.757293591e-06
0.29 -9.892969151e-06
0.3 -8.753429238e-06
0.31 -6.233137512e-06
0.32 -5.323132089e-06
0.33 -5.629692498e-06
0.34 -2.923000824e-06
0.35 5.268062251e-06
0.36 1.5069130717e-05
0.37 1.8363180652e-05
0.38 9.615766475e-06
0.39 -7.803592205e-06
0.4 -2.4635125054e-05
0.41 -2.9368562885e-05
0.42 -1.8928243272e-05
0.43 -5.935727052e-06
0.44 -2.77894991e-07
0.45 4.620916061e-06
0.46 3.767537785e-06
0.47 -1.7066745853e-05
0.48 -4.5774628978e-05
0.49 -5.666562204e-05
0.5 -4.5508096886e-05
0.51 -3.6250011529e-05
0.52 -5.7926371091e-05
0.53 -0.000107863432839
0.54 -0.000149935788023
0.55 -0.000135594697855
0.56 -4.7660371254e-05
0.57 6.3874476309e-05
0.58 0.000115116964234
0.59 8.6815353072e-05
0.6 6.8754100565e-05
0.61 9.6067953063e-05
0.62 9.0501870683e-05
0.63 -7.112007684e-06
0.64 -0.000148309845011
0.65 -0.000247064452606
0.66 -0.000229952290997
0.67 -0.000119059686848
0.68 -6.110276422e-05
0.69 -0.000112452283066
0.7 -0.000162174086954
0.71 -0.000118810087036
0.72 -4.6970297948e-05
0.73 -4.5857980551e-05
0.74 -0.000106201295582
0.75 -0.000111271831844
0.76 -8.79058295e-06
0.77 7.5796251519e-05
0.78 4.3303987406e-05
0.79 -7.013998085e-05
0.8 -0.000162159606488
0.81 -0.000119312289323
0.82 1.5675365855e-05
0.83 6.2786324695e-05
0.84 -3.0026292218e-05
0.85 -0.00010469238151
0.86 -6.1437838645e-05
0.87 -9.7037277227e-05
0.88 -0.000245172872709
0.89 -0.000216200771593
0.9 -0.000162784120278
0.91 -0.0003130500153
0.92 -0.000491294674723
0.93 -0.000522055916115
0.94 -0.000483275735611
0.95 -0.000401309041109
0.96 -0.000254633265909
0.97 8.791973135e-06
0.98 0.000247002370896
0.99 0.000335594335429
1.0 0.000351699839537
1.01 0.000220224239915
1.02 -0.000100101087475
1.03 -0.000192988028087
1.04 2.2778006784e-05
1.05 0.000160155324399
1.06 0.000133108056545
1.07 0.000146548704454
1.08 -4.1167489374e-05
1.09 -0.000523573339891
1.1 -0.000750502614101
1.11 -0.000586544322966
1.12 -0.000462070044535
1.13 -0.000418413487546
1.14 -0.000339261928573
1.15 -0.000217434964042
1.16 4.9802734816e-05
1.17 0.000337479960429
1.18 0.000459212970371
1.19 0.000355422376473
1.2 6.0070406995e-05
1.21 -0.000105591633876
1.22 0.000142012532511
1.23 0.000394173722619
1.24 0.000156251165219
1.25 -0.000240183212523
1.26 -0.000149344754989
1.27 0.000432253286731
1.28 0.00073441273106
1.29 0.000529367938033
1.3 0.0003404667284
1.31 0.000346049981521
1.32 0.000149783978006
1.33 -0.000118141421915
1.34 -0.000108501248839
1.35 -1.5813086979e-05
1.36 -0.000219821767229
1.37 -0.000292390735111
1.38 -4.2018282167e-05
1.39 -0.00023963729446
1.4 -0.000810123625329
1.41 -0.001218772753667
1.42 -0.001291885456799
1.43 -0.001281874148365
1.44 -0.00140691957965
1.45 -0.001163836257346
1.46 -0.000302797520806
1.47 0.001022187649195
1.48 0.001389306746633
1.49 0.000977067671932
1.5 0.000889601187237
1.51 0.000808152541821
1.52 0.000457022782631
1.53 0.000269683922586
1.54 -1.344959282e-06
1.55 -0.000583348689834
1.56 -0.000981173626055
1.57 -0.001073772987316
1.58 -0.000818707258308
1.59 -0.000879059045664
1.6 -0.000950747871945
1.61 -0.000520418989302
1.62 -0.000117937296719
1.63 -0.000252313753462
1.64 -0.000398188993175
1.65 0.000266039549633
1.66 0.00108578681506
1.67 0.001345450395504
1.68 0.001089500173902
1.69 0.000622756659173
1.7 -3.4875086491e-05
1.71 -0.000363007231178
1.72 -0.000174013824737
1.73 -0.000314331185263
1.74 -0.001284957116158
1.75 -0.001812418225012
1.76 -0.001169264405451
1.77 0.00037546825666
1.78 0.001138054940882
1.79 0.000919224979705
1.8 0.000419443795765
1.81 -0.000236982747083
1.82 -0.000858706477098
1.83 -0.001211890406724
1.84 -0.001427857092064
1.85 -0.001363311797587
1.86 -0.000977588573666
1.87 -0.000656358305797
1.88 -9.533990774e-05
1.89 0.000785598102086
1.9 0.001385659069823
1.91 0.001268406381678
1.92 0.000665058808937
1.93 0.000119834986798
1.94 -0.000269509789547
1.95 -8.2538314315e-05
1.96 0.000554375238399
1.97 0.00080737463659
1.98 0.0009552421171
1.99 0.001438351059367
2.0 0.001959616228866
2.01 0.001756066752014
2.02 0.000997288872651
2.03 7.217929038e-05
2.04 -0.001043043252671
2.05 -0.00203060198961
2.06 -0.00217928605617
2.07 -0.001531404030635
2.08 -0.000864286663133
2.09 -0.000932064579299
2.1 -0.000681937593259
2.11 0.00038223333119
2.12 0.001428371335869
2.13 0.001646580068998
2.14 0.001085973963089
2.15 -0.000568804464074
2.16 -0.001876725266659
2.17 -0.001289326055901
2.18 -0.000597086956286
2.19 -0.001062343413406
2.2 -0.000610853936573
2.21 0.000777431204949
2.22 0.002220126291646
2.23 0.001991021093678
2.24 0.000921015137188
2.25 0.000287847904323
2.26 -0.000705929498559
2.27 -0.000928387389015
2.28 -0.000575899181625
2.29 -0.00047155607355
2.3 -0.000467013430687
2.31 0.000441599219798
2.32 0.001247694430484
2.33 0.001156513636916
2.34 0.000643559024664
2.35 0.000358793705738
2.36 -0.000485550268943
2.37 -0.00148660313062
2.38 -0.00212882700107
2.39 -0.001844630678905
2.4 -0.00052690327182
2.41 0.000836937964014
2.42 0.001465939819522
2.43 0.00166505694969
2.44 0.00215564018401
2.45 0.002357519710399
2.46 0.001708893390432
2.47 0.000354139492444
2.48 -0.001472812811731
2.49 -0.003075441948932
2.5 -0.004009676307336
2.51 -0.003984646147812
2.52 -0.003333513580896
2.53 -0.002097241595879
2.54 -0.000459687678927
2.55 0.000931489367148
2.56 0.00182359166083
2.57 0.001255104059145
2.58 0.001040675124967
2.59 0.001525434610515
2.6 0.001505451140818
2.61 0.001085564476108
2.62 0.000991801987675
2.63 0.001103249131053
2.64 0.000870984765284
2.65 0.0002778619646
2.66 0.000667403094478
2.67 0.001267116283735
2.68 0.001596221221111
2.69 0.001971856596498
2.7 0.001697872063597
2.71 0.001129070100176
2.72 0.000332638920353
2.73 -0.000596784995677
2.74 -0.001617278205912
2.75 -0.002952815492297
2.76 -0.004276937375747
2.77 -0.004386475171264
2.78 -0.004469878526086
2.79 -0.004160205641289
2.8 -0.003171477922846
2.81 -0.00268162844564
2.82 -0.002155974008693
2.83 -0.001565244012704
2.84 -0.001174082291779
2.85 0.001249079770853
2.86 0.00530005170354
2.87 0.005007061302794
2.88 0.005022527347702
2.89 0.005901371056528
2.9 0.005051197290433
2.91 0.005470647809083
2.92 0.005580649009147
2.93 0.004306749434384
2.94 0.000315635635235
2.95 -0.004906433500715
2.96 -0.005884468816401
2.97 -0.005613806935418
2.98 -0.006114061527199
2.99 -0.006378129392753
3.0 -0.005303335803932
3.01 -0.003405307441159
3.02 -0.000344491041345
3.03 0.000181842813811
3.04 -0.003385731854126
3.05 -0.004219323255589
3.06 -0.004515436203951
3.07 -0.005320282188706
3.08 -0.004294386040308
3.09 -0.003801051023973
3.1 -0.002461607738129
3.11 -0.001110525569263
3.12 -0.001358768456572
3.13 -0.002176426000234
3.14 -0.002786160370431
3.15 -0.002619024161626
3.16 -0.002201365818779
3.17 -0.001865103113928
3.18 -0.001263204528612
3.19 0.002382964669681
3.2 0.009871201054473
3.21 0.000236844431106
3.22 0.005176305682111
3.23 0.006716077210062
3.24 0.000900472244034
3.25 0.002244475707566
3.26 -0.00488086828075
3.27 -0.009863837781104
3.28 -0.002024359145096
3.29 -0.00391623416131
3.3 -0.002626269935088
3.31 -0.0037474903248
3.32 -0.004866464254077
3.33 -0.007110056829098
3.34 -0.007105438640236
3.35 -0.006920026312185
3.36 -0.007634907122108
3.37 -0.007458743816434
3.38 -0.007911103472053
3.39 -0.005685382167372
3.4 -0.005568969256249
3.41 -0.005210650658868
3.42 -0.003172712254323
3.43 0.000536100704884
3.44 0.005388661886885
3.45 0.009450794138903
3.46 0.0103473573532
3.47 0.007952732224918
3.48 0.006885297294442
3.49 0.005962582927561
3.5 0.00503439542561
3.51 0.003991982397375
3.52 0.002421419681671
3.53 0.002406634054679
3.54 0.000654213726469
3.55 -0.001625905257092
3.56 -0.004057405620453
3.57 -0.002161218832936
3.58 -0.002214772908457
3.59 -0.001834615027815
3.6 -0.000506319106762
3.61 -0.000936255552433
3.62 -0.003809282133328
3.63 -0.014116089218205
3.64 -0.011871282503001
3.65 -0.011112979757189
3.66 -0.011729519894649
3.67 -0.008145805836479
3.68 -0.007767847804137
3.69 -0.002183254884442
3.7 0.008346625821295
3.71 0.014702465227652
3.72 0.01196425255828
3.73 0.011315633366115
3.74 0.0102887118517
3.75 0.011651000317422
3.76 0.011651389462968
3.77 0.010531664127014
3.78 0.011539504613446
3.79 0.011201877346851
3.8 0.00850149651426
3.81 0.006994345294186
3.82 0.006201186552306
3.83 0.004465123852408
3.84 -0.000533759989561
3.85 -0.009305035673799
3.86 0.001533021239924
3.87 0.000571099891727
3.88 0.004054295078825
3.89 0.003573358103174
3.9 0.002281344309796
3.91 0.001001936837385
3.92 0.001138144172167
3.93 0.00108680661376
3.94 0.000700377672963
3.95 -0.000187269592739
3.96 -0.013019568430473
3.97 -0.012933863610736
3.98 -0.005680455720637
3.99 -0.005033332970787
4.0 -0.003394844527324
4.01 -0.001731399706604
4.02 0.010335526911032
4.03 0.018805753524728
4.04 0.017501052151079
4.05 0.016082109710483
4.06 0.010231953818053
4.07 0.008621660421137
4.08 0.00975448413993
4.09 0.010159639500101
4.1 0.008015044117131
4.11 0.007398364627201
4.12 0.005066844446201
4.13 -0.00472972925863
4.14 -0.010263485478355
4.15 -0.007141687637695
4.16 -0.000470073137239
4.17 0.00207568357383
4.18 0.003822237194071
4.19 0.018632007616003
4.2 0.009890623264433
4.21 0.006799463569446
4.22 0.00843195141701
4.23 0.001370255815373
4.24 -0.013510713933485
4.25 -0.009108216104351
4.26 -0.009951750955329
4.27 -0.006910066960059
4.28 -0.005861556990039
4.29 -0.00294658719281
4.3 -0.001510245318164
4.31 -0.003367779127882
4.32 -0.000564823780547
4.33 0.023989643991972
4.34 0.020632107140639
4.35 0.017150971422551
4.36 0.017140889700061
4.37 0.017723615124768
4.38 0.01458114848244
4.39 0.007012104380234
4.4 0.000531315178414
4.41 -0.015463637673156
4.42 -0.016614681417356
4.43 -0.007743974607582
4.44 -0.006067767203248
4.45 -0.007399180448591
4.46 -0.006187757812509
4.47 -0.004075462609647
4.48 -0.003264829036643
4.49 0.009032677179423
4.5 0.021449026132433
4.51 0.007026382247256
4.52 0.0104285909856
4.53 0.013166824574556
4.54 0.012217218605642
4.55 0.009581755443147
4.56 0.008379154199266
4.57 0.002556446280296
4.58 0.001958647777576
4.59 0.001819516440267
4.6 -0.00937255424676
4.61 0.001356592254949
4.62 -0.00820321973734
4.63 -0.003422253211649
4.64 -0.00239152118918
4.65 -0.006284607315796
4.66 -0.002877659987209
4.67 -0.002040601396336
4.68 0.020310086661836
4.69 0.012947431213926
4.7 0.008461956184621
4.71 0.014257438655129
4.72 0.010496579541678
4.73 0.01033184922693
4.74 0.006685988952626
4.75 0.005000939111408
4.76 0.003407504973516
4.77 0.004262567341993
4.78 0.008535589526298
4.79 0.010582648211995
4.8 0.009314044961405
4.81 0.004062807860712
4.82 -0.01238982503027
4.83 -0.004954547645442
4.84 -0.002026028183495
4.85 -0.005824990871281
4.86 -0.007748658636167
4.87 -0.008086127129758
4.88 -0.010352029025972
4.89 -0.012710815211917
4.9 -0.012653161973585
4.91 -0.011627529524303
4.92 -0.009530718011963
4.93 -0.008644896022255
4.94 0.005133947137426
4.95 0.034310843098978
4.96 0.018148994671367
4.97 0.022078328673341
4.98 0.023532294001396
4.99 0.027555781475756
5.0 0.028596443278992
5.01 0.027470939497731
5.02 0.027574841045565
5.03 0.026885555548735
5.04 0.024146028674615
5.05 0.019988697067754
5.06 0.015602812516318
5.07 0.012064420263749
5.08 0.010279783191189
5.09 0.009735845016413
5.1 0.006582918990129
5.11 0.006516006815702
5.12 0.007981074562568
5.13 0.008647453929935
5.14 0.008454181376009
5.15 0.007420300789623
5.16 0.006174083447081
5.17 0.005689021088664
5.18 0.004874141397619
5.19 0.004456364503216
5.2 0.003685363131701
5.21 0.002826417961088
5.22 0.001704798488302
5.23 0.001362543106893
5.24 0.001336530066264
5.25 0.001437576107879
5.26 0.001359356175936
5.27 0.000977563764111
5.28 0.000667570457368
5.29 0.00035904551486
5.3 0.000200631696288
5.31 0.00028095595739
5.32 0.000164600385636
5.33 -0.002884925369005
5.34 -0.017446243796448
5.35 -0.00233922401817
5.36 -0.008970501238325
5.37 -0.007007552432984
5.38 -0.001773651975817
5.39 -0.009670909518621
5.4 -0.010028700035031
5.41 -0.004843035731569
5.42 -0.005975575803101
5.43 -0.008274694208433
5.44 -0.006024986181679
5.45 -0.003460137419375
5.46 -0.003587100381805
5.47 -0.004844647618984
5.48 -0.005202782639752
5.49 -0.004720935003115
5.5 -0.00430418060201
5.51 -0.004591460911827
5.52 -0.005375003541907
5.53 -0.00576593063825
5.54 -0.005676235244265
5.55 -0.005434615730153
5.56 -0.005497478297823
5.57 -0.005763251739113
5.58 -0.005535104761604
5.59 -0.004984909649042
5.6 -0.00422479075599
5.61 -0.002718297541918
5.62 0.000755601555704
5.63 0.012929825919525
5.64 0.020638822622698
5.65 0.009057009138819
5.66 0.015274287543729
5.67 0.006871664476075
5.68 -0.003237984996666
5.69 -0.002395698123377
5.7 -0.004706109814719
5.71 -0.007847320015912
5.72 -0.00868047004442
5.73 -0.010182995403086
5.74 -0.009198763973867
5.75 -0.007511272228341
5.76 -0.009615905774099
5.77 -0.011826292953723
5.78 -0.011756928761198
5.79 -0.014856458823847
5.8 -0.014125160957486
5.81 -0.015770327587684
5.82 -0.016333416919458
5.83 -0.016988571728429
5.84 -0.017921564728829
5.85 -0.018802264486132
5.86 -0.019757330790633
5.87 -0.019814436411703
5.88 -0.020893243074221
5.89 -0.020974251239168
5.9 -0.022800035960924
5.91 -0.023315564930576
5.92 -0.021040116019798
5.93 -0.017906996040039
5.94 -0.015734233793343
5.95 -0.015232537537485
5.96 -0.01665766371415
5.97 -0.019493010091962
5.98 -0.022434009873928
5.99 -0.022819994948681
6.0 -0.021419573843024
6.01 -0.018735507523038
6.02 -0.016769516432622
6.03 -0.015656668955948
6.04 -0.015410056272024
6.05 -0.015226469663952
6.06 -0.014925284616941
6.07 -0.013273285306281
6.08 -0.01065431123695
6.09 -0.00831719457088
6.1 -0.007091848807559
6.11 -0.005641472374786
6.12 -0.006201080885665
6.13 -0.01094327382172
6.14 -0.00967642900149
6.15 -0.011752589992333
6.16 -0.013833723588876
6.17 -0.015123268478937
6.18 -0.015187822121639
6.19 -0.01303548146121
6.2 -0.007575079738291
6.21 -0.011779165834747
6.22 -0.012022607248124
6.23 -0.00768603074967
6.24 -0.010463226638602
6.25 -0.01164261792775
6.26 -0.007906130156119
6.27 -0.008859641569481
6.28 -0.010166951296012
6.29 -0.006980691380752
6.3 -0.006398225553848
6.31 -0.006188973355768
6.32 -0.004308187222285
6.33 -0.002227380376753
6.34 -0.003140118233768
6.35 -0.002509067343232
6.36 -0.001220827126491
6.37 -0.002615596044181
6.38 -0.001907578353005
6.39 -0.000490921203744
6.4 0.012376274973012
6.41 0.011009723905003
6.42 0.004463441929013
6.43 0.008735304847869
6.44 0.00540482207547
6.45 -0.000582510101015
6.46 0.000786016467641
6.47 0.002450773250228
6.48 0.000837479493866
6.49 -0.001112514395643
6.5 -0.000549914978143
6.51 0.000808593119433
6.52 0.000848804804063
6.53 -8.4332993082e-05
6.54 -0.00054499775068
6.55 -0.000153309167653
6.56 0.000542109193884
6.57 0.000832810133581
6.58 0.000706233394454
6.59 0.000449349145317
6.6 -7.4718488748e-05
6.61 -0.00055364135683
6.62 -0.000976607342817
6.63 -0.001308925034616
6.64 -0.000820894573466
6.65 -0.000291980266132
6.66 0.000194280542737
6.67 0.00056621174091
6.68 0.000946513612575
6.69 0.001663266350669
6.7 0.002466765220492
6.71 0.003319873743845
6.72 0.004079844066602
6.73 0.004086156679274
6.74 0.00453251916649
6.75 0.005043442546468
6.76 0.005815147783235
6.77 0.006441128868633
6.78 0.006810031466951
6.79 0.006742946417994
6.8 0.006259724646333
6.81 0.006071074983312
6.82 0.006452411560267
6.83 0.007281917458545
6.84 0.008632396412318
6.85 0.010316518720601
6.86 0.012105821358459
6.87 0.013368721218541
6.88 0.013636083811207
6.89 0.013317545183585
6.9 0.012917285115301
6.91 0.012872852768765
6.92 0.013649042068329
6.93 0.014311518018898
6.94 0.014415063421444
6.95 0.014364255897424
6.96 0.013673114378359
6.97 0.01303264078328
6.98 0.013211688405929
6.99 0.014011108341736
7.0 0.015388225816618
7.01 0.016711282035515
7.02 0.017678335322955
7.03 0.017611855637986
7.04 0.016632589284021
7.05 0.015335669339548
7.06 0.014163248044285
7.07 0.016210322338348
7.08 0.010615717829537
7.09 0.01064381496388
7.1 0.015247447325019
7.11 0.013256345222398
7.12 0.01207331835476
7.13 0.014551632902162
7.14 0.014381161462892
7.15 0.012296507683578
7.16 0.012441204774548
7.17 0.01293616508226
7.18 0.012941567501498
7.19 0.013759260211596
7.2 0.011052834985789
7.21 0.009595073443455
7.22 0.011226567238615
7.23 0.006389302235735
7.24 0.013851389168333
7.25 0.006990280686275
7.26 0.001610665890114
7.27 0.007689458872844
7.28 0.002874667418855
7.29 0.00531706736017
7.3 0.001512207366837
7.31 0.001112567081632
7.32 0.00415715431235
7.33 0.003658725092661
7.34 0.004553049930688
7.35 0.007691265491835
7.36 0.007601274511907
7.37 0.007131097766028
7.38 0.008247005407574
7.39 0.007429811312283
7.4 0.006293044405752
7.41 0.007143595581341
7.42 0.006858188388215
7.43 0.005645011549298
7.44 0.00255998613544
7.45 -0.000257266648304
7.46 -0.0016598806645
7.47 -0.007130907815141
7.48 -0.020160473495979
7.49 -0.008595058426115
7.5 -0.013797349544704
7.51 -0.018546505026929
7.52 -0.004194722625657
7.53 -0.012267510293625
7.54 -0.009784236132141
7.55 -0.011337531460387
7.56 -0.013924953153041
7.57 -0.004673735085171
7.58 -0.000405754067042
7.59 -0.0034126207134
7.6 -0.005427349790237
7.61 -0.00290279029063
7.62 -0.001412277791955
7.63 -0.002744828170137
7.64 -0.003256263917487
7.65 -0.002237204180557
7.66 -0.001526761629937
7.67 -0.001571013851239
7.68 -0.00149624591862
7.69 -0.00079128896364
7.7 0.000146682288488
7.71 0.000942191336555
7.72 0.0011948848118
7.73 0.000893560821378
7.74 0.000677449400177
7.75 0.001193033010865
7.76 0.002112827627915
7.77 0.002316663885766
7.78 0.001631947382511
7.79 0.00142868410142
7.8 0.00213456703378
7.81 0.003694127324429
7.82 0.006089833574716
7.83 0.009018604295548
7.84 0.012036618350247
7.85 0.014699758946224
7.86 0.016204712584421
7.87 0.017366116641886
7.88 0.017040116308941
7.89 0.019176481051546
7.9 0.003578903422933
7.91 -0.006451168372169
7.92 -0.001681488173808
7.93 -0.002316908365422
7.94 -0.004890448695871
7.95 -0.005732556156627
7.96 -0.007110253172536
7.97 -0.010901707806837
7.98 -0.016490493429753
7.99 -0.023346566634035
8.0 -0.018429088439004
8.01 -0.021486444509564
8.02 -0.026240855805341
8.03 -0.022382396767804
8.04 -0.028088859290052
8.05 -0.028345663062442
8.06 -0.023982821093625
8.07 -0.026372384844356
8.08 -0.025035686118727
8.09 -0.025113776516192
8.1 -0.025758907914579
8.11 -0.021128268359022
8.12 -0.022866471361146
8.13 -0.020957102363577
8.14 -0.016112093345792
8.15 -0.017587817368906
8.16 -0.016443583309583
8.17 -0.015369254295491
8.18 -0.015025455645593
8.19 -0.011979635993681
8.2 -0.011770088454564
8.21 -0.010668921990513
8.22 -0.007731056878141
8.23 -0.006158105702166
8.24 -0.004929974273501
8.25 -0.002472853415658
8.26 -0.000558075095114
8.27 -0.000564310041436
8.28 -0.001039597590467
8.29 -0.003588755981343
8.3 -0.004129125838078
8.31 -0.003729669594953
8.32 -0.004367398282477
8.33 -0.004851745256648
8.34 -0.004005445141959
8.35 -0.00380921498815
8.36 -0.005228022602651
8.37 -0.007088624573365
8.38 -0.003878012225773
8.39 -0.005196685445701
8.4 -0.005933751366765
8.41 -0.006933536876847
8.42 -0.008509599216262
8.43 -0.011168408479396
8.44 -0.010722398190593
8.45 -0.007864643169863
8.46 -0.004151196659083
8.47 -0.002513625064129
8.48 -0.003860624559927
8.49 -0.007037733714226
8.5 -0.010178680805545
8.51 -0.012105269211925
8.52 -0.012591352185043
8.53 -0.012103980029028
8.54 -0.013656101729803
8.55 -0.014433675143968
8.56 0.006415378177918
8.57 0.020348488213202
8.58 0.002283778965581
8.59 0.003613798360465
8.6 0.006865641219766
8.61 0.004147321903013
8.62 0.016297180800246
8.63 0.010552009834104
8.64 0.010566718143979
8.65 0.005036218107748
8.66 0.003719789467143
8.67 0.004664722148251
8.68 0.001939300759527
8.69 0.00286628354671
8.7 0.007712439235586
8.71 0.009097051077157
8.72 0.004844530965715
8.73 -0.000305043910673
8.74 -0.002026798542883
8.75 -0.001674350271865
8.76 -0.001393429504456
8.77 -0.001982837196217
8.78 -0.002818827425923
8.79 -0.00352614306203
8.8 -0.004017447359129
8.81 -0.004589881082196
8.82 -0.00512271063499
8.83 -0.005271990813362
8.84 -0.005003161701676
8.85 -0.004620412922759
8.86 -0.004268620453871
8.87 -0.004164225241246
8.88 -0.004252215472729
8.89 -0.004560740096709
8.9 -0.005657611577623
8.91 -0.008951348036082
8.92 -0.026191206440055
8.93 -0.02363726069957
8.94 -0.012832304855874
8.95 -0.031209540131506
8.96 -0.017343772922503
8.97 -0.021780662525029
8.98 -0.023696036387377
8.99 -0.020593469721606
9.0 -0.024225143972144
9.01 -0.019904025215592
9.02 -0.017992254743938
9.03 -0.005433065880525
9.04 -0.00040557642769
9.05 -0.004863469038203
9.06 -0.001008528695275
9.07 -0.000957615386711
9.08 -0.003651819063042
9.09 -0.002434097960123
9.1 -0.000493764917081
9.11 -0.001395215776193
9.12 -0.002711047404413
9.13 -0.001996013041543
9.14 0.000703892108162
9.15 0.01409786151236
9.16 0.024510281952375
9.17 0.007729140164566
9.18 0.015852577482965
9.19 0.012409103136882
9.2 0.016720411842379
9.21 0.019598695661175
9.22 0.008657424886638
9.23 0.019846848942938
9.24 0.014242115142533
9.25 0.015461994689451
9.26 0.019784252635891
9.27 0.019527807110888
9.28 0.016819748193477
9.29 0.013573654524425
9.3 0.015713490781427
9.31 0.011508431323641
9.32 0.008113318288552
9.33 0.000853561623254
9.34 0.000327659624495
9.35 -0.000551395187312
9.36 -0.003953477147581
9.37 -0.004860115215849
9.38 -0.004182424088714
9.39 -0.006651318389432
9.4 -0.008774496620159
9.41 -0.007817013724552
9.42 -0.006449652365396
9.43 -0.006699919531648
9.44 -0.006833765642503
9.45 -0.00629898524152
9.46 -0.006744737691771
9.47 -0.009370776639478
9.48 -0.010541808257471
9.49 -0.010846048900716
9.5 -0.012175544377223
9.51 -0.012838131684844
9.52 -0.013727679936802
9.53 -0.030309535110454
9.54 -0.0247463171788
9.55 -0.019339783593498
9.56 -0.029261553788954
9.57 -0.024897017759333
9.58 -0.019067350865917
9.59 -0.021021288407856
9.6 -0.016790825643185
9.61 -0.01763584898046
9.62 -0.015812925356588
9.63 -0.008303090402648
9.64 -0.012391399951545
9.65 -0.0121909444907
9.66 -0.00940922557683
9.67 -0.012541928480033
9.68 -0.012133632602979
9.69 -0.007962639175901
9.7 -0.008173610327801
9.71 -0.008786192856335
9.72 -0.005442307141705
9.73 -0.005130777498695
9.74 -0.00558233870514
9.75 -0.005742809858746
9.76 -0.005106468562021
9.77 -0.004285111438856
9.78 -0.004004529515745
9.79 -0.003308643449867
9.8 -0.002008705731751
9.81 -0.001273102030933
9.82 -0.000964038584118
9.83 -0.000622602139648
9.84 -0.000114891080845
9.85 0.000280157367667
9.86 0.000414678166261
9.87 0.000187934324063
9.88 -0.000269739609485
9.89 -0.000111001635983
9.9 0.002369430488471
9.91 0.019861421265337
9.92 0.022414438540794
9.93 0.007430379923939
9.94 0.03087469434409
9.95 0.017971792587038
9.96 0.015886419004571
9.97 0.02420380402966
9.98 0.020077463914205
9.99 0.025944106319887
10.0 0.014203970850373
10.01 0.016135121275702
10.02 0.017123991566356
10.03 0.010255019988826
10.04 0.009960691725085
10.05 0.009813280919567
10.06 0.007658181550935
10.07 0.007408329034576
10.08 0.007545407972166
10.09 0.006346197762592
10.1 0.005384891771111
10.11 0.005392043060904
10.12 0.006027680967683
10.13 0.006796922856945
10.14 0.007186732408666
10.15 0.007701398608194
10.16 0.008855644107269
10.17 0.010297731905456
10.18 0.010576348810761
10.19 0.00855498770454
10.2 0.00507887951904
10.21 0.002710249598883
10.22 0.001518469782114
10.23 0.00031163018654
10.24 -0.000736594111043
10.25 -0.001916599636174
10.26 -0.004824826268211
10.27 -0.009371623651139
10.28 -0.01337769028455
10.29 -0.012044849914375
10.3 -0.015731835979317
10.31 -0.016289269385153
10.32 -0.016590385180627
10.33 -0.016242269004888
10.34 -0.01385378329914
10.35 -0.011125845614927
10.36 -0.008583190457648
10.37 -0.000720207879591
10.38 0.002793242095756
10.39 0.002829271429266
10.4 0.005429255667456
10.41 -0.000117446622105
10.42 0.007789752869584
10.43 0.015237727526745
10.44 0.008299448450668
10.45 0.015122514925086
10.46 0.012383027090426
10.47 0.0124983662712
10.48 0.019137057265382
10.49 0.013166793951078
10.5 0.015282657614756
10.51 0.016206527149074
10.52 0.018564007244445
10.53 0.019548971474519
10.54 0.017357171729351
10.55 0.017539373441344
10.56 0.021442093445225
10.57 0.020567016923743
10.58 0.021254561176068
10.59 0.01461095345552
10.6 0.007465389524123
10.61 0.007097593866081
10.62 0.005091275447634
10.63 0.001795963143162
10.64 0.003505801445962
10.65 0.002055898512363
10.66 0.003185469058703
10.67 0.004768067580463
10.68 0.003609672216144
10.69 0.003569023518307
10.7 0.004519750712715
10.71 0.003584142080805
10.72 0.001877958184803
10.73 0.001659803909023
10.74 0.002084974676421
10.75 0.002376611382711
10.76 0.003227780134962
10.77 0.00392350040742
10.78 0.004150662227135
10.79 0.002490399078709
10.8 -0.00045291631113
10.81 -0.003243991577912
10.82 -0.005086159736907
10.83 -0.006358467812582
10.84 -0.015884995536329
10.85 -0.018018034375685
10.86 -0.014934836360832
10.87 -0.020411557885849
10.88 -0.015067924835624
10.89 -0.013447210134225
10.9 -0.012989841892327
10.91 -0.010232153082415
10.92 -0.009529034827144
10.93 -0.009047556158613
10.94 -0.008066355049936
10.95 -0.008110623193734
10.96 -0.008821351755527
10.97 -0.008362546216602
10.98 -0.006803603140295
10.99 -0.005657129430285
11.0 -0.005532786027505
11.01 -0.005561693830804
11.02 -0.005263009496357
11.03 -0.003133790335952
11.04 -0.001238838297182
11.05 -0.001469152376994
11.06 -0.001774602978587
11.07 -0.001328527773768
11.08 -0.001097847153242
11.09 -0.000790683504332
11.1 -4.3253953577e-05
11.11 0.000289461422541
11.12 -6.1038064079e-05
11.13 -0.000523103336703
11.14 -0.000616796001998
11.15 -0.00042139589674
11.16 0.000108700527777
11.17 0.000878349552245
11.18 0.001596907031765
11.19 0.002281200314385
11.2 0.002673444349905
11.21 0.004648663155065
11.22 0.005471666648299
11.23 0.005949389155386
11.24 0.005387926027442
11.25 0.005177558073615
11.26 0.005105071580809
11.27 0.005782595763768
11.28 0.008468783867012
11.29 0.006704246906116
11.3 0.004382283855108
11.31 0.008450297237978
11.32 0.008884755627336
11.33 0.012146732748774
11.34 0.019655836247118
11.35 0.015997492084243
11.36 0.012165755489441
11.37 0.01431479801148
11.38 0.016308054068744
11.39 0.016208248816006
11.4 0.015937657256634
11.41 0.016682731313959
11.42 0.018110252956689
11.43 0.018427621789056
11.44 0.016893010832674
11.45 0.015814215410205
11.46 0.016994147617545
11.47 0.017402066353085
11.48 0.014129601886401
11.49 0.010026279125862
11.5 0.008729336196779
11.51 0.008235568577923
11.52 0.008417661118298
11.53 0.007910207806134
11.54 0.007155265669988
11.55 0.007226596262472
11.56 0.007402952899333
11.57 0.007720765151768
11.58 0.007692301527994
11.59 0.00722378145123
11.6 0.006703346275631
11.61 0.006509638462751
11.62 0.006503096219758
11.63 0.006536002549902
11.64 0.007300262569143
11.65 0.007993963736284
11.66 0.007539252350346
11.67 0.006451904443906
11.68 0.005360146292837
11.69 0.00478633155871
11.7 0.004316327063963
11.71 0.00480165798069
11.72 0.005875806665043
11.73 0.006545179912205
11.74 0.006576020634447
11.75 0.006500161269815
11.76 0.006389495003616
11.77 0.005726274412522
11.78 0.003300204819685
11.79 -0.009900908015716
11.8 -0.011840734208032
11.81 -0.005589698736851
11.82 -0.012003829399579
11.83 -0.004252929098817
11.84 -0.002003510423295
11.85 0.000827716543584
11.86 0.00457463944911
11.87 0.003954387375639
11.88 0.001308115040815
11.89 0.004564217802827
11.9 0.012955620634811
11.91 0.019173898174917
11.92 0.025773426150811
11.93 0.024594064065964
11.94 0.023279127150959
11.95 0.019954899373666
11.96 0.021970768172908
11.97 0.020502739265194
11.98 0.023514046441387
11.99 0.02461183234405
12.0 0.022335177458141
12.01 0.025378490899525
12.02 0.026991223676644
12.03 0.025573525903727
12.04 0.025980669522701
12.05 0.024886933586723
12.06 0.025496527546413
12.07 0.027097768494211
12.08 0.026504561910065
12.09 0.027289049490495
12.1 0.027608524583941
12.11 0.026669779529005
12.12 0.027321426965261
12.13 0.0243273568746
12.14 0.01691165767795
12.15 0.017215960834181
12.16 0.016443088546487
12.17 0.012612365255057
12.18 0.010094530039874
12.19 0.010392484795421
12.2 0.00968833624466
12.21 0.00689190783327
12.22 0.007396745653544
12.23 0.008517926638821
12.24 0.009033069895873
12.25 0.009648136018414
12.26 0.009600902920917
12.27 0.008714829177039
12.28 0.008294257692441
12.29 0.008414214919311
12.3 0.008131632456729
12.31 0.009114290599551
12.32 0.011107032702811
12.33 0.01139591389948
12.34 0.010239387565047
12.35 0.010573844794354
12.36 0.009659483035655
12.37 0.006522455306197
12.38 0.003247734973996
12.39 0.000613641224149
12.4 -0.00054792592835
12.41 0.00102532398212
12.42 0.001886898926423
12.43 -0.001789305459108
12.44 -0.001552656782925
12.45 -0.00754726499207
12.46 -0.018430052701955
12.47 -0.011265200201476
12.48 -0.007651218916826
12.49 -0.009008266550078
12.5 -0.010127910575299
12.51 -0.00921185024852
12.52 -0.007834682565403
12.53 -0.007616800776526
12.54 -0.006484138709911
12.55 -0.003229588940968
12.56 -0.001006288401452
12.57 -0.001691863041873
12.58 -0.002774480260924
12.59 -0.001958970050594
12.6 -0.000440972877778
12.61 8.289354702e-05
12.62 -0.000336470779481
12.63 -0.000682687225914
12.64 5.5555941806e-05
12.65 0.001306696643213
12.66 0.002269953715657
12.67 0.002622238528858
12.68 0.002603112415126
12.69 0.002547306637337
12.7 0.00268203741119
12.71 0.002777358663943
12.72 0.002752154865059
12.73 0.002558633678672
12.74 0.00242756944553
12.75 0.002527874442572
12.76 0.002716938557006
12.77 0.002683426818385
12.78 0.002584429033092
12.79 0.002597078347541
12.8 0.002832931575153
12.81 0.003378389150408
12.82 0.004185624482704
12.83 0.005024739410758
12.84 0.006241091646729
12.85 0.011679636673693
12.86 0.016516996443664
12.87 0.010421943908787
12.88 0.013774427829971
12.89 0.008262980308706
12.9 0.009451599130149
12.91 0.009335880371671
12.92 0.006563111692256
12.93 0.006836390649534
12.94 -0.00311131822049
12.95 -0.008667859536506
12.96 -0.004435627132013
12.97 -0.008659541057108
12.98 -0.004512178259465
12.99 -0.000543327981813
13.0 -0.004474480951956
13.01 -0.007084144538921
13.02 -0.006282965766435
13.03 -0.005353524914316
13.04 -0.006928028515657
13.05 -0.006032283392739
13.06 -0.006430772031876
13.07 -0.009535004783029
13.08 -0.008016980087699
13.09 -0.00896574183226
13.1 -0.007735145548947
13.11 -0.006429691002847
13.12 -0.006959853282027
13.13 -0.006547044307374
13.14 -0.006883785506539
13.15 -0.004893478176666
13.16 -0.004229553626061
13.17 -0.002755098630833
13.18 -0.002385235455343
13.19 -0.00275071546246
13.2 -0.001192551933333
13.21 0.000359127268924
13.22 0.001057627663329
13.23 0.001175915230172
13.24 0.000191400409984
13.25 0.000247852702483
13.26 2.1248679798e-05
13.27 0.000476374030012
13.28 -0.001201626496349
13.29 -0.00131676589967
13.3 -0.002432384303529
13.31 -0.004290453723626
13.32 -0.005817051323065
13.33 -0.006424554226782
13.34 -0.00606209704115
13.35 -0.004990115576696
13.36 -0.004024316642246
13.37 -0.003803508359176
13.38 -0.004540358337602
13.39 -0.006099155871019
13.4 -0.008160008063599
13.41 -0.009677551743595
13.42 -0.010098422647144
13.43 -0.009785103165175
13.44 -0.00938432032003
13.45 -0.009457269747884
13.46 -0.009970144308045
13.47 -0.010756177760445
13.48 -0.011495203420376
13.49 -0.011489983982354
13.5 -0.010005197810389
13.51 -0.011700169592022
13.52 -0.010607428208405
13.53 -0.009738682121407
13.54 -0.009964388947436
13.55 -0.008756060399351
13.56 -0.007914046702716
13.57 -0.007244565340455
13.58 -0.008356574313255
13.59 -0.008981213476895
13.6 -0.008607560137094
13.61 -0.008243201696381
13.62 -0.007541860434416
13.63 -0.006581620080448
13.64 -0.005737916353404
13.65 -0.00531186108157
13.66 -0.005495169348988
13.67 -0.006254171766806
13.68 -0.007223339417132
13.69 -0.008100730357708
13.7 -0.008668550847103
13.71 -0.008845360364184
13.72 -0.008728270118342
13.73 -0.008468229363577
13.74 -0.008324019459156
13.75 -0.008467089065193
13.76 -0.008771566810889
13.77 -0.009004437475135
13.78 -0.009022218121653
13.79 -0.008921433966048
13.8 -0.008913118762132
13.81 -0.009171264306262
13.82 -0.009640059254457
13.83 -0.010167261325985
13.84 -0.010549867104397
13.85 -0.010652761057955
13.86 -0.0105682716604
13.87 -0.010420546594776
13.88 -0.010393597185994
13.89 -0.010522701360645
13.9 -0.010699419529822
13.91 -0.010884570868873
13.92 -0.010899416530246
13.93 -0.010870975273725
13.94 -0.011019682595889
13.95 -0.011347061957071
13.96 -0.011566646390189
13.97 -0.011519451269137
13.98 -0.011185386365793
13.99 -0.010848341117089
14.0 -0.010295510805947
14.01 -0.009853919663344
14.02 -0.009330733544706
14.03 -0.008656366104043
14.04 -0.008039562560943
14.05 -0.007570681707055
14.06 -0.007299728691385
14.07 -0.007239071191713
14.08 -0.007190339825188
14.09 -0.006798649107237
14.1 -0.006202911082296
14.11 -0.005752825990225
14.12 -0.005658871588477
14.13 -0.005707532858939
14.14 -0.005597311736623
14.15 -0.005207618420462
14.16 -0.004700514475059
14.17 -0.004062506387518
14.18 -0.003372912189108
14.19 -0.002955779885122
14.2 -0.002077583601457
14.21 0.008627150152949
14.22 0.010683374202737
14.23 0.006310005152226
14.24 0.005608224807094
14.25 0.006776922815365
14.26 0.006207252023579
14.27 0.006788197394345
14.28 0.007558267786415
14.29 0.004376448870838
14.3 6.528094599e-05
14.31 -0.006068260525172
14.32 -0.005147957043188
14.33 -0.005773368168406
14.34 -0.008199587913445
14.35 -0.005836896395062
14.36 -0.005541271514595
14.37 -0.008689625149938
14.38 -0.007358849570762
14.39 -0.004469902348775
14.4 -0.004755683801896
14.41 -0.003066190776699
14.42 -0.000234358060902
14.43 -0.001348209694186
14.44 -0.002926125758337
14.45 -0.002785004658473
14.46 -0.003026602176431
14.47 -0.003644670931404
14.48 -0.003246272139646
14.49 -0.002936776468373
14.5 -0.003697020233257
14.51 -0.004479020304368
14.52 -0.003844962821962
14.53 -0.00255501242179
14.54 -0.001922545606581
14.55 -0.003142517202484
14.56 -0.013615754549354
14.57 -0.016071344372372
14.58 -0.01204565719224
14.59 -0.012374098709026
14.6 -0.015216441812801
14.61 -0.014511502313142
14.62 -0.012649163933405
14.63 -0.013234328718744
14.64 -0.014903546931504
14.65 -0.015787109627892
14.66 -0.016098237976968
14.67 -0.016499148162994
14.68 -0.016574860627221
14.69 -0.017411656374792
14.7 -0.017477692837102
14.71 -0.015247802226398
14.72 -0.012808079535528
14.73 -0.011941463921312
14.74 -0.012638201026358
14.75 -0.01364814195809
14.76 -0.014096513822302
14.77 -0.013546936202457
14.78 -0.012180436944517
14.79 -0.010247523005762
14.8 -0.009403187456861
14.81 -0.01000211912371
14.82 -0.011535304518086
14.83 -0.012974403605723
14.84 -0.013566358825132
14.85 -0.013010176323981
14.86 -0.011624218067189
14.87 -0.009972938262569
14.88 -0.008630905737962
14.89 -0.007957725856984
14.9 -0.007813128549464
14.91 -0.008312370937065
14.92 -0.00889477737241
14.93 -0.009679147314753
14.94 -0.010506163046485
14.95 -0.010852614334262
14.96 -0.010710144018088
14.97 -0.010140160606416
14.98 -0.009424751286093
14.99 -0.008939288107598
15.0 -0.008998645242233
15.01 -0.009902045465414
15.02 -0.008391742985218
15.03 -0.008575405614357
15.04 -0.00950137144482
15.05 -0.00843848174053
15.06 -0.008331543121471
15.07 -0.008874250420334
15.08 -0.008734276390463
15.09 -0.00880223109519
15.1 -0.008421476061628
15.11 -0.007713139532447
15.12 -0.007064406704922
15.13 -0.006793210195645
15.14 -0.006818467783146
15.15 -0.006858225297559
15.16 -0.006643589841915
15.17 -0.003812515501862
15.18 0.008997851174861
15.19 0.003064359854567
15.2 0.000716035663515
15.21 0.005399756508002
15.22 0.005522009214021
15.23 0.00039579316629
15.24 -0.001267990782535
15.25 0.001110370965391
15.26 0.000868296160067
15.27 -0.001430308071853
15.28 -0.002183594761192
15.29 -0.003041222227772
15.3 -0.008512019464329
15.31 -0.014383026311795
15.32 -0.009077073374726
15.33 -0.012703939053135
15.34 -0.009705376850567
15.35 -0.01174273491634
15.36 -0.012921655162145
15.37 -0.010216701606453
15.38 -0.012459008530781
15.39 -0.012961312577608
15.4 -0.012985484927472
15.41 -0.011568129143065
15.42 -0.011503974212535
15.43 -0.011627367342535
15.44 -0.010253402863412
15.45 -0.009290960888618
15.46 -0.006351403449889
15.47 -0.000250532285463
15.48 0.003863583508465
15.49 0.006158899309739
15.5 0.005549555580393
15.51 0.003881074421037
15.52 0.002883537535802
15.53 0.002261658414805
15.54 0.004281711038722
15.55 0.004113232994172
15.56 0.003872632640185
15.57 0.005412510263839
15.58 0.0051836215029
15.59 0.004958993610103
15.6 0.006214325684029
15.61 0.005941921154777
15.62 0.004048605629541
15.63 0.002272844229167
15.64 0.003155806240144
15.65 0.005479550099894
15.66 0.00553601614135
15.67 0.004742886649888
15.68 0.003550071649881
15.69 0.003417375679213
15.7 0.003369552128251
15.71 0.003075287988493
15.72 0.002474643168156
15.73 0.002467590305236
15.74 0.00287326863181
15.75 0.003624478232295
15.76 0.003896786654202
15.77 0.003734404463413
15.78 0.003599978332516
15.79 0.003379060079828
15.8 0.003096490932194
15.81 0.002879214559164
15.82 0.002918849231747
15.83 0.003564162770176
15.84 0.004808094498925
15.85 0.00728240858814
15.86 0.006371694081616
15.87 0.005770633757856
15.88 0.007251253770469
15.89 0.005974323340674
15.9 0.005699526046144
15.91 0.007497146145678
15.92 0.007367063012938
15.93 0.007290255208714
15.94 0.006215125272372
15.95 0.005630969635957
15.96 0.005650581437118
15.97 0.005736092016024
15.98 0.005585268159058
15.99 0.004598503194425
16.0 0.003400872768787
16.01 0.002290737203861
16.02 0.001488652768589
16.03 0.001483493623587
16.04 0.001848344035573
16.05 0.002074007949624
16.06 0.00222772713894
16.07 0.002547145070936
16.08 0.003202171714404
16.09 0.004109261355855
16.1 0.005060547850891
16.11 0.004907364945437
16.12 0.004837615319053
16.13 0.004401501138165
16.14 0.003847049395029
16.15 0.001796953043819
16.16 -0.012528701431333
16.17 -0.006222584515596
16.18 -0.007636802453578
16.19 -0.01217180388593
16.2 -0.009619734975609
16.21 -0.006873232325134
16.22 -0.003533317549788
16.23 -0.00038355028591
16.24 0.014727871925308
16.25 0.014140187364768
16.26 0.007018257117973
16.27 0.009598072647632
16.28 0.010484957311488
16.29 0.008868587267918
16.3 0.009518914246003
16.31 0.006725514132213
16.32 0.005689102204153
16.33 0.008866970988264
16.34 0.008043624572509
16.35 0.008490014123824
16.36 0.008700790471006
16.37 0.007953639843157
16.38 0.008566595706707
16.39 0.009379458408821
16.4 0.009660483870502
16.41 0.011101962669796
16.42 0.010103462517015
16.43 0.009896271900463
16.44 0.009125745325942
16.45 0.009040834427692
16.46 0.009934912975891
16.47 0.008963683775463
16.48 0.006624998834977
16.49 0.004911851758713
16.5 0.004547680332412
16.51 0.003405818056482
16.52 0.003460483219179
16.53 0.004673373211298
16.54 0.008171350222735
16.55 0.00702233265365
16.56 0.00704621213182
16.57 0.010754843511225
16.58 0.011535215936123
16.59 0.010419781876436
16.6 0.010069191533355
16.61 0.006787575938503
16.62 0.008528221663169
16.63 0.008838162334381
16.64 0.009224475024372
16.65 0.007993505369429
16.66 0.006127768003888
16.67 0.005667038437796
16.68 0.00504347236007
16.69 0.006269407359824
16.7 0.006885216937708
16.71 0.006454460848827
16.72 0.006935817088681
16.73 0.007005149987541
16.74 0.006206173405549
16.75 0.006028258569168
16.76 0.006092921537231
16.77 0.00556567987037
16.78 0.005238321876319
16.79 0.005319783115112
16.8 0.005247362131386
16.81 0.005100753976359
16.82 0.005347131232154
16.83 0.005807111078736
16.84 0.006068559905209
16.85 0.005952724999769
16.86 0.005710371860313
16.87 0.005694428064559
16.88 0.005902873397993
16.89 0.006085807873256
16.9 0.005740876810238
16.91 -0.001388982057948
16.92 -0.013108243455001
16.93 -0.003434515216439
16.94 -0.004182063987824
16.95 -0.007152662562471
16.96 -0.006890964798693
16.97 -0.005531742906094
16.98 -0.004220590871542
16.99 -0.001944158297748
17.0 7.2980343188e-05
17.01 0.001805095406829
17.02 0.011077537862038
17.03 0.013638240458655
17.04 0.005483490383768
17.05 0.008734966200398
17.06 0.011432584349139
17.07 0.009922415701705
17.08 0.008198871791715
17.09 0.008511562117275
17.1 0.009080231934023
17.11 0.00849785868593
17.12 0.008175103427784
17.13 0.008126833998164
17.14 0.008011806727704
17.15 0.008179564491924
17.16 0.008103751185405
17.17 0.007473582299549
17.18 0.007841244092028
17.19 0.007865744807014
17.2 0.0065957200998
17.21 0.004870170650854
17.22 0.00292368894898
17.23 0.001315909698393
17.24 0.001050802277638
17.25 0.000834559393433
17.26 0.00112856386508
17.27 0.001224936597606
17.28 0.000446621722788
17.29 -0.000152380981533
17.3 0.002347890613962
17.31 0.002224652959995
17.32 0.000607196901446
17.33 0.002659889284878
17.34 0.002297420989592
17.35 0.000282003431767
17.36 0.00160413350361
17.37 0.001271101221932
17.38 0.002339076640619
17.39 0.002895593832851
17.4 0.000391067461223
17.41 0.001583608699348
17.42 -0.000797290386039
17.43 -0.001509144819442
17.44 -0.00102215760846
17.45 -0.00074416862369
17.46 -0.001661436595178
17.47 -0.005621054727331
17.48 -0.007771374000048
17.49 -0.007839158756537
17.5 -0.007948434185771
17.51 -0.007616088329015
17.52 -0.006695105334191
17.53 -0.005983266431988
17.54 -0.005633210333478
17.55 -0.005752623446238
17.56 -0.006066078307705
17.57 -0.006061500285238
17.58 -0.005686569321187
17.59 -0.005508977552578
17.6 -0.005602901203272
17.61 -0.005436503294736
17.62 -0.004922595095687
17.63 -0.004554505081232
17.64 -0.004020685971053
17.65 -0.003358294709869
17.66 -0.002568954478957
17.67 -0.001951597572
17.68 -0.001734079010671
17.69 -0.001842610176106
17.7 -0.001858038024611
17.71 -0.001413276692305
17.72 -0.001213588525713
17.73 -0.001285584821922
17.74 -0.001340860396742
17.75 -0.001248744932435
17.76 -0.001028010769109
17.77 -0.000937611813556
17.78 -0.000903426558313
17.79 -0.000594238284519
17.8 -0.000114211223425
17.81 0.000583381807248
17.82 0.002222270390642
17.83 0.014407202231077
17.84 0.014450843425844
17.85 0.00985278341651
17.86 0.016694920969243
17.87 0.013367576665528
17.88 0.009008379292678
17.89 0.007088069831506
17.9 0.008015049900307
17.91 0.00937204306328
17.92 0.007255364841847
17.93 0.004593599634046
17.94 0.004437354463407
17.95 0.005253124307522
17.96 0.004822945876657
17.97 0.003878771992753
17.98 0.003601694870493
17.99 0.003821078587037
18.0 0.003762738603844
18.01 0.002693194426398
18.02 -0.001023615933986
18.03 -0.01129781805042
18.04 -0.001703613705761
18.05 -0.010317499928048
18.06 -0.011120349517331
18.07 -0.004241248907033
18.08 -0.013135519303546
18.09 -0.006329794437055
18.1 -0.007822464167948
18.11 -0.009607575638794
18.12 -0.004903529402597
18.13 -0.002200619064177
18.14 0.004028199763689
18.15 0.008317704217211
18.16 0.007899418160046
18.17 0.006994178948403
18.18 0.009673882456149
18.19 0.009993517333159
18.2 0.011306603873871
18.21 0.012518995637002
18.22 0.012132383278346
18.23 0.010888705356892
18.24 0.010225281126884
18.25 0.01022129186045
18.26 0.010712728378915
18.27 0.010867211447481
18.28 0.010319310971286
18.29 0.010114079688042
18.3 0.010403643400472
18.31 0.010891140809056
18.32 0.010981780450704
18.33 0.010644637355074
18.34 0.010099743704033
18.35 0.009596436831344
18.36 0.009282188329977
18.37 0.009011846342944
18.38 0.008570177457805
18.39 0.007579971530146
18.4 0.006386016544908
18.41 0.005119669688932
18.42 0.004948120002993
18.43 0.00476175430822
18.44 0.004332649027667
18.45 0.004031926650038
18.46 0.004135851120322
18.47 0.003605719035033
18.48 0.003060549036378
18.49 0.002785092972906
18.5 0.002952927729845
18.51 0.00354091178644
18.52 0.00435815570481
18.53 0.005084096555264
18.54 0.005347282185169
18.55 0.005250171073249
18.56 0.004887294712458
18.57 0.004455399102732
18.58 0.003854814037773
18.59 -0.001755599199677
18.6 -0.00911394598362
18.61 -0.003505988700151
18.62 -0.004345248066479
18.63 -0.008630734612588
18.64 -0.004987703209529
18.65 0.003755277440453
18.66 0.011346492956597
18.67 0.008319816835836
18.68 0.005730368435398
18.69 0.004194944549553
18.7 0.005771373129635
18.71 0.001432982173373
18.72 -0.001509930591597
18.73 -0.002718169949409
18.74 -0.003120438278411
18.75 -0.002677662388717
18.76 -0.003534946710611
18.77 -0.0039410605898
18.78 -0.003088049260173
18.79 -0.002308563526981
18.8 -0.001984225718204
18.81 -0.00150775440527
18.82 -0.00106982634661
18.83 -0.000669230711397
18.84 6.260721799e-06
18.85 0.000932799336716
18.86 0.001631563472391
18.87 0.001632708059282
18.88 0.001133984779076
18.89 0.000391396323607
18.9 -0.000260845482537
18.91 -0.000999466621798
18.92 -0.002266107599091
18.93 -0.004103993018392
18.94 -0.005123841533093
18.95 -0.004815638529338
18.96 -0.004060055426699
18.97 -0.003706300568271
18.98 -0.003993836071449
18.99 -0.004149052667814
19.0 -0.004065606068112
19.01 -0.003235627982177
19.02 -0.002244696122239
19.03 -0.001758653340604
19.04 -0.001850303373246
19.05 -0.002105202333801
19.06 -0.002362760935216
19.07 -0.002685038315617
19.08 -0.003113130688886
19.09 -0.003580194086757
19.1 -0.003945959796033
19.11 -0.004323951913176
19.12 -0.004828846797085
19.13 -0.005187250666215
19.14 -0.005345568699415
19.15 -0.005014060689136
19.16 -0.003537598403166
19.17 0.009232159929914
19.18 0.006183506767021
19.19 0.002794592483108
19.2 0.006620624499367
19.21 0.006706755079265
19.22 0.00224609330604
19.23 -0.000338661437944
19.24 -0.004228105423741
19.25 -0.01341031002718
19.26 -0.012305333883938
19.27 -0.010492173290793
19.28 -0.010158243265608
19.29 -0.009661650031374
19.3 -0.008265832886205
19.31 -0.006166068579377
19.32 -0.006179694024526
19.33 -0.008138718027487
19.34 -0.006824580579947
19.35 -0.006799021037541
19.36 -0.007281504933881
19.37 -0.006486119578047
19.38 -0.006201433391649
19.39 -0.005435162308532
19.4 -0.004703167328426
19.41 -0.00520985659246
19.42 -0.006000182903401
19.43 -0.005156305017028
19.44 -0.004525512654474
19.45 -0.003234437854518
19.46 -0.00216722218592
19.47 -0.001109442609488
19.48 0.000383213090643
19.49 0.002949651295566
19.5 0.000423530478768
19.51 -0.000387926363945
19.52 0.001950831280176
19.53 0.001639097823266
19.54 0.000756797956235
19.55 0.002164280790145
19.56 0.002747798483896
19.57 0.001693697263471
19.58 0.001739980544553
19.59 0.01004599422065
19.6 0.014953952765733
19.61 0.007196329450124
19.62 0.007847197856359
19.63 0.011394023558928
19.64 0.011118801139078
19.65 0.010660914195335
19.66 0.010725678006587
19.67 0.009354953913182
19.68 0.007543721683928
19.69 0.006758147288468
19.7 0.00648203099573
19.71 0.006258313389513
19.72 0.005973730867971
19.73 0.005924206119888
19.74 0.006072122287379
19.75 0.005806571156994
19.76 0.00558076867733
19.77 0.005134456151849
19.78 0.004924914468006
19.79 0.005547281450797
19.8 0.005741541905395
19.81 0.00549900687937
19.82 0.005327888202123
19.83 0.004821486054516
19.84 0.004420291213563
19.85 0.004022558801088
19.86 0.00357566412932
19.87 0.003366935085431
19.88 0.003354993020683
19.89 0.003013858682065
19.9 0.003054345495502
19.91 0.003326427660416
19.92 0.003376342337826
19.93 0.003462478947533
19.94 0.003774208228653
19.95 0.004786513904332
19.96 0.005447146662515
19.97 0.005616592119755
19.98 0.006864712529009
19.99 0.005944863195995
20.0 0.005364926330731
20.01 0.005123456429975
20.02 0.004531177602472
20.03 0.004296082165912
20.04 0.003808056162333
20.05 0.002952874601109
20.06 0.002180948090327
20.07 0.000225259680067
20.08 -0.006723691562509
20.09 -0.009051122449122
20.1 -0.006451931522138
20.11 -0.004416324856908
20.12 -0.003987897825201
20.13 -0.004588896557334
20.14 -0.004517457806463
20.15 -0.003603043104214
20.16 -0.00297333522824
20.17 -0.003142456207011
20.18 -0.003615468080386
20.19 -0.003939186785164
20.2 -0.003902023937618
20.21 -0.003331038519806
20.22 -0.002700201920193
20.23 -0.002220007402447
20.24 -0.001903982820673
20.25 -0.001611517173526
20.26 -0.001073940940593
20.27 -0.00056957669596
20.28 -0.000477828852583
20.29 -0.000628156530482
20.3 -0.000659196188693
20.31 -0.000500734890003
20.32 -0.000274838052776
20.33 -0.00017934425925
20.34 -0.000216903359193
20.35 -0.000174282108432
20.36 4.125423699e-06
20.37 0.000289304196582
20.38 0.000585932293595
20.39 0.001042616473548
20.4 0.002233931572322
20.41 0.00990918051654
20.42 0.008052354197236
20.43 0.003944205647903
20.44 0.00203501444072
20.45 -0.005665879942641
20.46 0.002407137061673
20.47 -0.001460023000661
20.48 -0.002415615320082
20.49 -0.003189924104956
20.5 -0.005199482056218
20.51 -0.0035109867983
20.52 -0.005664003037329
20.53 -0.00422776205179
20.54 -0.00489777736093
20.55 -0.006637550885271
20.56 -0.004838691408049
20.57 -0.006677637260511
20.58 -0.006036466205924
20.59 -0.006265269134257
20.6 -0.007151657999431
20.61 -0.006858065501184
20.62 -0.007434420298187
20.63 -0.006850654636001
20.64 -0.007303574480935
20.65 -0.00722023573871
20.66 -0.006543200926035
20.67 -0.007014923836828
20.68 -0.006401890948047
20.69 -0.005531276315935
20.7 -0.004339893622151
20.71 -0.004102821004528
20.72 -0.003689971793321
20.73 -0.00344461408749
20.74 -0.004864729499597
20.75 -0.005044466949186
20.76 -0.00499153908413
20.77 -0.003046419175279
20.78 -0.003117494325316
20.79 -0.004389762896944
20.8 -0.00506704817465
20.81 -0.004897756123209
20.82 -0.004079851088249
20.83 -0.003241475252772
20.84 -0.003034156496048
20.85 -0.003684378375896
20.86 -0.004714915655238
20.87 -0.005453885485001
20.88 -0.005611975935757
20.89 -0.005412005066855
20.9 -0.005311194617525
20.91 -0.005580053676888
20.92 -0.006082723683344
20.93 -0.006444620917412
20.94 -0.006459976556845
20.95 -0.006153755823478
20.96 -0.005808479028938
20.97 -0.005582495950952
20.98 -0.005491407049487
20.99 -0.005306815821683
21.0 -0.005151594205854
21.01 -0.005057287986758
21.02 -0.005171394758916
21.03 -0.00551445291018
21.04 -0.005916126518368
21.05 -0.006165964319084
21.06 -0.006201741994906
21.07 -0.006128104368728
21.08 -0.006010725430977
21.09 -0.005926103986807
21.1 -0.005959918059694
21.11 -0.005899931088346
21.12 -0.005318680899001
21.13 0.001717062853826
21.14 -0.002797622841153
21.15 -0.010719072626547
21.16 -0.004854961075454
21.17 -0.004821732361638
21.18 -0.004643983103444
21.19 -0.004352934507549
21.2 -0.004009960566947
21.21 -0.003839251692409
21.22 -0.004382216108184
21.23 -0.005072200799882
21.24 -0.00419672561921
21.25 -0.004903846977273
21.26 -0.003969123789004
21.27 -0.004659617123869
21.28 -0.004180735376142
21.29 -0.003841104932205
21.3 -0.004298576782762
21.31 -0.003675975271084
21.32 -0.003952096339831
21.33 -0.003987222336775
21.34 -0.004306098268013
21.35 -0.003993417826777
21.36 -0.003636746488833
21.37 -0.003938807729447
21.38 -0.00369200505444
21.39 -0.003661909586016
21.4 -0.003448081947179
21.41 -0.003355340827719
21.42 -0.003273502016898
21.43 -0.002885861337904
21.44 -0.002993793060933
21.45 -0.003514417904814
21.46 -0.003727083508947
21.47 -0.003016373421725
21.48 -0.001367987354453
21.49 0.000874871950335
21.5 0.003708419963656
21.51 0.005932887851219
21.52 0.006332859828052
21.53 0.006077324885415
21.54 0.00616912841989
21.55 0.006093013616872
21.56 0.005617049178859
21.57 0.005216623151732
21.58 0.005092124437076
21.59 0.005256580120916
21.6 0.005442789169409
21.61 0.005206975769885
21.62 0.004860127027955
21.63 0.00477215804189
21.64 0.00477395780734
21.65 0.004497256838922
21.66 0.004005799452118
21.67 0.003645367410493
21.68 0.003344871560721
21.69 0.002960308396319
21.7 0.002490487052533
21.71 0.001918978459488
21.72 0.00087988512098
21.73 -0.001317400434611
21.74 -0.003200662667422
21.75 -0.002786943881826
21.76 -0.00149458522043
21.77 -0.00035415108407
21.78 0.000109314813197
21.79 0.000260958999661
21.8 0.000796038257085
21.81 0.001833280106199
21.82 0.002858408574019
21.83 0.003622614155182
21.84 0.004330392973784
21.85 0.006667031599506
21.86 0.006188066723509
21.87 0.005286497219727
21.88 0.007821564772696
21.89 0.005282608040413
21.9 0.006537482577128
21.91 0.006949467513571
21.92 0.006503346490386
21.93 0.007140020943891
21.94 0.006519286520505
21.95 0.00717552442392
21.96 0.006541465988397
21.97 0.006861224498832
21.98 0.006726094440137
21.99 0.006647374973973
22.0 0.006006753422378
22.01 0.005236909953889
22.02 0.004634504268715
22.03 0.00319462595614
22.04 0.003735135006816
22.05 0.004263573390284
22.06 0.004688926727211
22.07 0.004184637484434
22.08 0.003061172357267
22.09 0.002450751186619
22.1 0.002814528199316
22.11 0.00352261410375
22.12 0.003478135098938
22.13 -0.006159725751078
22.14 -0.008850252820814
22.15 -0.001631188711013
22.16 -0.003348598752309
22.17 -0.005747831756956
22.18 -0.003217241792694
22.19 -0.002367870551966
22.2 -0.003305923426208
22.21 -0.001631976447723
22.22 0.003920150390272
22.23 0.014047108962712
22.24 0.009369455227793
22.25 0.006137640395559
22.26 0.007544070217149
22.27 0.0092003180264
22.28 0.008830558917418
22.29 0.007718015437608
22.3 0.007502192642668
22.31 0.007153695726561
22.32 0.006351622992578
22.33 0.0051782949563
22.34 0.001602371417895
22.35 0.000289359125567
22.36 0.000904108491776
22.37 3.5375925689e-05
22.38 -0.001611342012778
22.39 -0.003449263542789
22.4 -0.005739381757152
22.41 -0.007923465539768
22.42 -0.008317062336187
22.43 -0.008093616892528
22.44 -0.009064087247491
22.45 -0.009968451911553
22.46 -0.009887865005613
22.47 -0.008712062973717
22.48 -0.008272843547104
22.49 -0.00876320344377
22.5 -0.008627383718153
22.51 -0.008139788802009
22.52 -0.008380571241335
22.53 -0.008901675070619
22.54 -0.008523840778393
22.55 -0.007310428832035
22.56 -0.006271593313603
22.57 -0.005791086308969
22.58 -0.005571247143598
22.59 -0.005293646920321
22.6 -0.00509166586868
22.61 -0.004983937946779
22.62 -0.004666841737264
22.63 -0.004082926299511
22.64 -0.003459946405428
22.65 -0.003041828112835
22.66 -0.002884523604211
22.67 -0.002871613322306
22.68 -0.002885815249144
22.69 -0.002849839667545
22.7 -0.002953528886243
22.71 -0.003339915199802
22.72 -0.004259340238344
22.73 -0.004571092321142
22.74 -0.004757616275051
22.75 -0.005075766007734
22.76 -0.005543132600173
22.77 -0.005811444309003
22.78 -0.006123979634701
22.79 -0.006373163073882
22.8 -0.006682332283622
22.81 -0.006892416992872
22.82 -0.006952046664187
22.83 -0.006769725117104
22.84 -0.006517127636633
22.85 -0.006077853168486
22.86 -0.005585347911777
22.87 -0.005435723535594
22.88 -0.005608847198879
22.89 -0.005772152943191
22.9 -0.00579843579142
22.91 -0.005716684683365
22.92 -0.005522609737033
22.93 -0.005333633779317
22.94 -0.005294059966342
22.95 -0.005396071280187
22.96 -0.005526565737013
22.97 -0.005504756663589
22.98 -0.005665606085667
22.99 -0.005442332712532
23.0 -0.005086288682011
23.01 -0.005112071815366
23.02 -0.004812070511909
23.03 -0.004408313377506
23.04 -0.004208737085134
23.05 -0.003698984597237
23.06 -0.003755834998296
23.07 -0.002264561257479
23.08 -0.001672964353825
23.09 -0.002457227910227
23.1 -0.002427294806617
23.11 -0.002385335634087
23.12 -0.00236959012548
23.13 -0.00177898895587
23.14 -0.001298297978132
23.15 -0.001424927515076
23.16 -0.001541292314306
23.17 -0.001553035081569
23.18 -0.00139289018368
23.19 -0.000762417906486
23.2 0.000186988214762
23.21 0.001774368538559
23.22 0.003578701141838
23.23 0.004763623376956
23.24 0.005281755604848
23.25 0.005437572892684
23.26 0.005344946342157
23.27 0.005205394216416
23.28 0.005043160752859
23.29 0.004855457217505
23.3 0.00461500172512
23.31 0.004422113213834
23.32 0.004299677212835
23.33 0.004166858628324
23.34 0.004043614057115
23.35 0.003960127652819
23.36 0.003910164470907
23.37 0.003843509845134
23.38 0.003866294534119
23.39 0.004065790517046
23.4 0.004185809404772
23.41 0.004033228717675
23.42 0.003842583818077
23.43 0.003825136813518
23.44 0.00384071579734
23.45 0.003641696181287
23.46 0.003339719974107
23.47 0.003210897201761
23.48 0.003163251077722
23.49 0.003056041978499
23.5 0.002908113382014
23.51 0.002785041439711
23.52 0.002643696375235
23.53 0.002555451595974
23.54 0.002465542102567
23.55 0.002348578576343
23.56 0.002251015879417
23.57 0.002184626909012
23.58 0.002202326154605
23.59 0.002336701138595
23.6 0.002497050555861
23.61 0.002654424934209
23.62 0.002824696430684
23.63 0.003012898457279
23.64 0.003249438634114
23.65 0.003499813671636
23.66 0.00371398961322
23.67 0.003858043527467
23.68 0.003789182265719
23.69 0.003451998184118
23.7 0.003144679370473
23.71 0.002388764671458
23.72 0.002243878050577
23.73 0.002040963346987
23.74 0.002699484313387
23.75 0.003810854692628
23.76 0.004071944886988
23.77 0.003397558938286
23.78 0.003571215096401
23.79 0.005168931684234
23.8 0.00491398141406
23.81 0.003860587016008
23.82 0.004540024883813
23.83 0.005147355644396
23.84 0.005222587983538
23.85 0.004938493794003
23.86 0.004596470235272
23.87 0.004764648710507
23.88 0.004408400687095
23.89 0.003791819156747
23.9 0.004350037402766
23.91 0.005369450983555
23.92 0.005100882699577
23.93 0.004619489623619
23.94 0.004381730108505
23.95 0.004321284295158
23.96 0.004121262734595
23.97 0.003014047470748
23.98 0.000394162115655
23.99 -0.000899269341799
24.0 -0.002265997190136
24.01 -0.003921412335294
24.02 -0.004598759741605
24.03 -0.004633493986537
24.04 -0.002855165804152
24.05 0.004420087579747
24.06 0.010831023349641
24.07 0.004483203903393
24.08 0.003941109791345
24.09 0.004527713099188
24.1 0.00381263618301
24.11 0.002079706936384
24.12 0.002435680793879
24.13 0.00089277372784
24.14 -0.001857830114448
24.15 -0.00325078225228
24.16 -0.00268619558794
24.17 -0.00209257036375
24.18 -0.002117644402773
24.19 -0.002806398112884
24.2 -0.003015604545169
24.21 -0.003338013168097
24.22 -0.004064812234484
24.23 -0.004306299790042
24.24 -0.003966047073691
24.25 -0.003845124654692
24.26 -0.004055170071496
24.27 -0.004086360517488
24.28 -0.003813810348329
24.29 -0.003702861735874
24.3 -0.003946601755869
24.31 -0.004275947522861
24.32 -0.004388263325896
24.33 -0.004300612649215
24.34 -0.004228687455422
24.35 -0.004217933664722
24.36 -0.004108816104807
24.37 -0.003787962548318
24.38 -0.003209129421422
24.39 -0.002467742037184
24.4 -0.001703391246445
24.41 -0.0010642095568
24.42 -0.00070789894727
24.43 -0.000697926793444
24.44 -0.000948704648967
24.45 -0.001291678709863
24.46 -0.001590309053936
24.47 -0.00183102812259
24.48 -0.002089279940893
24.49 -0.002447411800118
24.5 -0.002904857671537
24.51 -0.003351326353286
24.52 -0.003651324623344
24.53 -0.003773007176259
24.54 -0.003804899930924
24.55 -0.003874829702997
24.56 -0.004042332691367
24.57 -0.004216806937606
24.58 -0.004373560469838
24.59 -0.004563770929426
24.6 -0.004654942367015
24.61 -0.004721111848452
24.62 -0.004948751850666
24.63 -0.005255712737574
24.64 -0.005520122264063
24.65 -0.005604350662607
24.66 -0.005410383522111
24.67 -0.005128813794241
24.68 -0.004896299601805
24.69 -0.004768333786631
24.7 -0.004734441688493
24.71 -0.004684098425321
24.72 -0.004524603802457
24.73 -0.004305711154382
24.74 -0.004152639348324
24.75 -0.004102336088652
24.76 -0.004068475312788
24.77 -0.004013467298113
24.78 -0.003885631390303
24.79 -0.002933772540349
24.8 0.002180586553151
24.81 0.004074930989538
24.82 0.002583014701391
24.83 0.00260032145928
24.84 0.002727167220178
24.85 0.002682354017974
24.86 0.002978513049407
24.87 0.002443255120234
24.88 0.001423173850692
24.89 3.4648911015e-05
24.9 -0.008203672343031
24.91 -0.013467864086979
24.92 -0.007322262625065
24.93 -0.00696257520026
24.94 -0.009154677287327
 
 
 
 
 
 
 
 
 
 
 
 
 
 
 
 
 
 
 
 
 
 
 
 
 
 
 
 
 
 
 
 
 
 
 
 
 
 
 
 
 
 
 
 
 
 
 
 
 
 
 
 
 
 
 
 
 
 
 
 
 
 
 
 
 
 
 
 
 
 
 
 
 
 
 
 
 
 
 
 
 
 
 
 
 
 
 
 
 
 
 
 
 
 
 
 
 
 
 
 
 
 
 
 
 
 
 
 
 
 
 
 
 
 
 
 
 
 
 
 
 
 
 
 
 
 
 
 
 
 
 
 
 
 
 
 
 
 
 
 
 
 
 
 
 
 
 
 
 
 
 
 
 
 
 
 
 
 
 
 
 
 
 
 
 
 
 
 
 
 
 
 
 
 
 
 
 
 
 
 
 
 
 
 
 
 
 
 
 
 
 
 
 
 
 
 
 
 
 
 
 
 
 
 
 
 
 
 
 
 
 
 
 
 
 
 
 
 
 
 
 
 
 
 
 
 
 
 
 
 
 
 
 
 
 
 
 
 
 
 
 
 
 
 
 
 
 
 
 
 
 
 
 
 
 
 
 
 
 
 
 
 
 
 
 
 
 
 
 
 
 
 
 
 
 
 
 
 
 
 
 
 
 
 
 
 
 
 
 
 
 
 
 
 
 
 
 
 
 
 
 
 
 
 
 
 
 
 
 
 
 
 
 
 
 
 
 
 
 
 
 
 
 
 
 
 
 
 
 
 
 
 
 
 
 
 
 
 
 
 
 
 
 
 
 
 
 
 
 
 
 
 
 
 
 
 
 
 
 
 
 
 
 
 
 
 
 
 
 
 
 
 
 
 
 
 
 
 
 
 
 
 
 
 
 
 
 
 
 
 
 
 
 
 
 
 
 
 
 
 
 
 
 
 
 
 
 
 
 
 
 
 
 
 
 
 
 
 
 
 
 
 
 
 
 
 
 
 
 
 
 
 
 
 
 
 
 
 
 
 
 
 
 
 
 
 
 
 
 
 
 
 
 
 
 
 
 
 
 
 
 
 
 
 
 
 
 
 
 
 
 
 
 
 
 
 
 
 
 
 
 
 
 
 
 
 
 
 
 
 
 
 
 
 
 
 
 
 
 
 
 
 
 
 
 
 
 
 
 
 
 
 
 
 
 
 
 
 
 
 
 
 
 
 
 
 
 
 
 
 
 
 
 
 
 
 
 
 
 
 
 
 
 
 
 
 
 
 
 
 
 
 
 
 
 
 
 
 
 
 
 
 
 
 
 
 
 
 
 
 
 
 
 
 
 
 
 
 
 
 
 
 
 
 
 
 
 
 
 
 
 
 
 
 
 
 
 
 
 
 
 
 
 
 
 
 
 
 
 
 
 
 
 
 
 
 
 
 
 
 
 
 
 
 
 
 
 
 
 
 
 
 
 
 
 
 
 
 
 
 
 
 
 
 
 
 
 
 
 
 
 
 
 
 
 
 
 
 
 
 
 
 
 
 
 
 
 
 
 
 
 
 
 
 
 
 
 
 
 
 
 
 
 
 
 
 
 
 
 
 
 
 
 
 
 
 
 
 
 
 
 
 
 
 
 
 
 
 
 
 
 
 
 
 
 
 
 
 
 
 
 
 
 
 
 
 
 
 
 
 
 
 
 
 
 
 
 
 
 
 
 
 
 
 
 
 
 
 
 
 
 
 
 
 
 
 
 
 
 
 
 
 
 
 
 
 
 
 
 
 
 
 
 
 
 
 
 
 
 
 
 
 
 
 
 
 
 
 
 
 
 
 
 
 
 
 
 
 
 
 
 
 
 
 
 
 
 
 
 
 
 
 
 
 
 
 
 
 
 
 
 
 
 
 
 
 
 
 
 
 
 
 
 
 
 
 
 
 
 
 
 
 
 
 
 
 
 
 
 
 
 
 
 
 
 
 
 
 
 
 
 
 
 
 
 
 
 
 
 
 
 
 
 
 
 
 
 
 
 
 
 
 
 
 
 
 
 
 
 
 
 
 
 
 
 
 
 
 
 
 
 
 
 
 
 
 
 
 
 
 
 
 
 
 
 
 
 
 
 
 
 
 
 
 
 
 
 
 
 
 
 
 
 
 
 
 
 
 
 
 
 
 
 
 
 
 
 
 
 
 
 
 
 
 
 
 
 
 
 
 
 
 
 
 
 
 
 
 
 
 
 
 
 
 
 
 
 
 
 
 
 
 
 
 
 
 
 
 
 
 
 
 
 
 
 
 
 
 
 
 
 
 
 
 
 
 
 
 
 
 
 
 
 
 
 
 
 
 
 
 
 
 
 
 
 
 
 
 
 
 
 
 
 
 
 
 
 
 
 
 
 
 
 
 
 
 
 
 
 
 
 
 
 
 
 
 
 
 
 
 
 
 
 
 
 
 
 
 
 
 
 
 
 
 
 
 
 
 
 
 
 
 
 
 
 
 
 
 
 
 
 
 
 
 
 
 
 
 
 
 
 
 
 
 
 
 
 
 
 
 
 
 
 
 
 
 
 
 
 
 
 
 
 
 
 
 
 
 
 
 
 
 
 
 
 
 
 
 
 
 
 
 
 
 
 
 
 
 
 
 
 
 
 
 
 
 
 
 
 
 
 
 
 
 
 
 
 
 
 
 
 
 
 
 
 
 
 
 
 
 
 
 
 
 
 
 
 
 
 
 
 
 
 
 
 
 
 
 
 
 
 
 
 
 
 
 
 
 
 
 
 
 
 
 
 
 
 
 
 
 
 
 
 
 
 
 
 
 
 
 
 
 
 
 
 
 
 
 
 
 
 
 
 
 
 
 
 
 
 
 
 
 
 
 
 
 
 
 
 
 
 
 
 
 
 
 
 
 
 
 
 
 
 
 
 
 
 
 
 
 
 
 
 
 
 
 
 
 
 
 
 
 
 
 
 
 
 
 
 
 
 
 
 
 
 
 
 
 
 
 
 
 
 
 
 
 
 
 
 
 
 
 
 
 
 
 
 
 
 
 
 
 
 
 
 
 
 
 
 
 
 
 
 
 
 
 
 
 
 
 
 
 
 
 
 
 
 
 
 
 
 
 
 
 
 
 
 
 
 
 
 
 
 
 
 
 
 
 
 
 
 
 
 
 
 
 
 
 
 
 
 
 
 
 
 
 
 
 
 
 
 
 
 
 
 
 
 
 
 
 
 
 
 
 
 
 
 
 
 
 
 
 
 
 
 
 
 
 
 
 
 
 
 
 
 
 
 
 
 
 
 
 
 
 
 
 
 
 
 
 
 
 
 
 
 
 
 
 
 
 
 
 
 
 
 
 
 
 
 
 
 
 
 
 
 
 
 
 
 
 
 
 
 
 
 
 
 
 
 
 
 
 
 
 
 
 
 
 
 
 
 
 
 
 
 
 
 
 
 
 
 
 
 
 
 
 
 
 
 
 
 
 
 
 
 
 
 
 
 
 
 
 
 
 
 
 
 
 
 
 
 
 
 
 
 
 
 
 
 
 
 
 
 
 
 
 
 
 
 
 
 
 
 
 
 
 
 
 
 
 
 
 
 
 
 
 
 
 
 
 
 
 
 
 
 
 
 
 
 
 
 
 
 
 
 
 
 
 
 
 
 
 
 
 
 
 
 
 
 
 
 
 
 
 
 
 
 
 
 
 
 
 
 
 
 
 
 
 
 
 
 
 
 
 
 
 
 
 
 
 
 
 
 
 
 
 
 
 
 
 
 
 
 
 
 
 
 
 
 
 
 
 
 
 
 
 
 
 
 
 
 
 
 
 
 
 
 
 
 
 
 
 
 
 
 
 
 
 
 
 
 
 
 
 
 
 
 
 
 
 
 
 
 
 
 
 
 
 
 
 
 
 
 
 
 
 
 
 
 
 
 
 
 
 
 
 
 
 
 
 
 
 
 
 
 
 
 
 
 
 
 
 
 
 
 
 
 
 
 
 
 
 
 
 
 
 
 
 
 
 
 
 
 
 
 
 
 
 
 
 
 
 
 
 
 
 
 
 
 
 
 
 
 
 
 
 
 
 
 
 
 
 
 
 
 
 
 
 
 
 
 
 
 
 
 
 
 
 
 
 
 
 
 
 
 
 
 
 
 
 
 
 
 
 
 
 
 
 
 
 
 
 
 
 
 
 
 
 
 
 
 
 
 
 
 
 
 
 
 
 
 
 
 
 
 
 
 
 
 
 
 
 
 
 
 
 
 
 
 
 
 
 
 
 
 
 
 
 
 
 
 
 
 
 
 
 
 
 
 
 
 
 
 
 
 
 
 
 
 
 
 
 
 
 
 
 
 
 
 
 
 
 
 
 
 
 
 
 
 
 
 
 
 
 
 
 
 
 
 
 
 
 
 
 
 
 
 
 
 
 
 
 
 
 
 
 
 
 
 
 
 
 
 
 
 
 
 
 
 
 
 
 
 
 
 
 
 
 
 
 
 
 
 
 
 
 
 
 
 
 
 
 
 
 
 
 
 
 
 
 
 
 
 
 
 
 
 
 
 
 
 
 
 
 
 
 
 
 
 
 
 
 
 
 
 
 
 
 
 
 
 
 
 
 
 
 
 
 
 
 
 
 
 
 
 
 
 
 
 
 
 
 
 
 
 
 
 
 
 
 
 
 
 
 
 
 
 
 
 
 
 
 
 
 
 
 
 
 
 
 
 
 
 
 
 
 
 
 
 
 
 
 
 
 
 
 
 
 
 
 
 
 
 
 
 
 
 
 
 
 
 
 
 
 
 
 
 
 
 
 
 
 
 
 
 
 
 
 
 
 
 
 
 
 
 
 
 
 
 
 
 
 
 
 
 
 
 
 
 
 
 
 
 
 
 
 
 
 
 
 
 
 
 
 
 
 
 
 
 
 
 
 
 
 
 
 
 
 
 
 
 
 
 
 
 
 
 
 
 
 
 
 
 
 
 
 
 
 
 
 
 
 
 
 
 
 
 
 
 
 
 
 
 
 
 
 
 
 
 
 
 
 
 
 
 
 
 
 
 
 
 
 
 
 
 
 
 
 
 
 
 
 
 
 
 
 
 
 
 
 
 
 
 
 
 
 
 
 
 
 
 
 
 
 
 
 
 
 
 
 
 
 
 
 
 
 
 
 
 
 
 
 
 
 
 
 
 
 
 
 
 
 
 
 
 
 
 
 
 
 
 
 
 
 
 
 
 
 
 
 
 
 
 
 
 
 
 
 
 
 
 
 
 
 
 
 
 
 
 
 
 
 
 
 
 
 
 
 
 
 
 
 
 
 
 
 
 
 
 
 
 
 
 
 
 
 
 
 
 
 
 
 
 
 
 
 
 
 
 
 
 
 
 
 
 
 
 
 
 
 
 
 
 
 
 
 
 
 
 
 
 
 
 
 
 
 
 
 
 
 
 
 
 
 
 
 
 
 
 
 
 
 
 
 
 
 
 
 
 
 
 
 
 
 
 
 
 
 
 
 
 
 
 
 
 
 
 
 
 
 
 
 
 
 
 
 
 
 
 
 
 
 
 
 
 
 
 
 
 
 
 
 
 
 
 
 
 
 
 
 
 
 
 
 
 
 
 
 
 
 
 
 
 
 
 
 
 
 
 
 
 
 
 
 
 
 
 
 
 
 
 
 
 
 
 
 
 
 
 
 
 
 
 
 
 
 
 
 
 
 
 
 
 
 
 
 
 
 
 
 
 
 
 
 
 
 
 
 
 
 
 
 
 
 
 
 
 
 
 
 
 
 
 
 
 
 
 
 
 
 
 
 
 
 
 
 
 
 
 
 
 
 
 
 
 
 
 
 
 
 
 
 
 
 
 
 
 
 
 
 
 
 
 
 
 
 
 
 
 
 
 
 
 
 
 
 
 
 
 
 
 
 
 
 
 
 
 
 
 
 
 
 
 
 
 
 
 
 
 
 
 
 
 
 
 
 
 
 
 
 
 
 
 
 
 
 
 
 
 
 
 
 
 
 
 
 
 
 
 
 
 
 
 
 
 
 
 
 
 
 
 
 
 
 
 
 
 
 
 
 
 
 
 
 
 
 
 
 
 
 
 
 
 
 
 
 
 
 
 
 
 
 
 
 
 
 
 
 
 
 
 
 
 
 
 
 
 
 
 
 
 
 
 
 
 
 
 
 
 
 
 
 
 
 
 
 
 
 
 
 
 
 
 
 
 
 
 
 
 
 
 
 
 
 
 
 
 
 
 
 
 
 
 
 
 
 
 
 
 
 
 
 
 
 
 
 
 
 
 
 
 
 
 
 
 
 
 
 
 
 
 
 
 
 
 
 
 
 
 
 
 
 
 
 
 
 
 
 
 
 
 
 
 
 
 
 
 
 
 
 
 
 
 
 
 
 
 
 
 
 
 
 
 
 
 
 
 
 
 
 
 
 
 
 
 
 
 
 
 
 
 
 
 
 
 
 
 
 
 
 
 
 
 
 
 
 
 
 
 
 
 
 
 
 
 
 
 
 
 
 
 
 
 
 
 
 
 
 
 
 
 
 
 
 
 
 
 
 
 
 
 
 
 
 
 
 
 
 
 
 
 
 
 
 
 
 
 
 
 
 
 
 
 
 
 
 
 
 
 
 
 
 
 
 
 
 
 
 
 
 
 
 
 
 
 
 
 
 
 
 
 
 
 
 
 
 
 
 
 
 
 
 
 
 
 
 
 
 
 
 
 
 
 
 
 
 
 
 
 
 
 
 
 
 
 
 
 
 
 
 
 
 
 
 
 
 
 
 
 
 
 
 
 
 
 
 
 
 
 
 
 
 
 
 
 
 
 
 
 
 
 
 
 
 
 
 
 
 
 
 
 
 
 
 
 
 
 
 
 
 
 
 
 
 
 
 
 
 
 
 
 
 
 
 
 
 
 
 
 
 
 
 
 
 
 
 
 
 
 
 
 
 
 
 
 
 
 
 
 
 
 
 
 
 
 
 
 
 
 
 
 
 
 
 
 
 
 
 
 
 
 
 
 
 
 
 
 
 
 
 
 
 
 
 
 
 
 
 
 
 
 
 
 
 
 
 
 
 
 
 
 
 
 
 
 
 
 
 
 
 
 
 
 
 
 
 
 
 
 
 
 
 
 
 
 
 
 
 
 
 
 
 
 
 
 
 
 
 
 
 
 
 
 
 
 
 
 
 
 
 
 
 
 
 
 
 
 
 
 
 
 
 
 
 
 
 
 
 
 
 
 
 
 
 
 
 
 
 
 
 
 
 
 
 
 
 
 
 
 
 
 
 
 
 
 
 
 
 
 
 
 
 
 
 
 
 
 
 
 
 
 
 
 
 
 
 
 
 
 
 
 
 
 
 
 
 
 
 
 
 
 
 
 
 
 
 
 
 
 
 
 
 
 
 
 
 
 
 
 
 
 
 
 
 
 
 
 
 
 
 
 
 
 
 
 
 
 
 
 
 
 
 
 
 
 
 
 
 
 
 
 
 
 
 
 
 
 
 
 
 
 
 
 
 
 
 
 
 
 
 
 
 
 
 
 
 
 
 
 
 
 
 
 
 
 
 
 
 
 
 
 
 
 
 
 
 
 
 
 
 
 
 
 
 
 
 
 
 
 
 
 
 
 
 
 
 
 
 
 
 
 
 
 
 
 
 
 
 
 
 
 
 
 
 
 
 
 
 
 
 
 
 
 
 
 
 
 
 
 
 
 
 
 
 
 
 
 
 
 
 
 
 
 
 
 
 
 
 
 
 
 
 
 
 
 
 
 
 
 
 
 
 
 
 
 
 
 
 
 
 
 
 
 
 
 
 
 
 
 
 
 
 
 
 
 
 
 
 
 
 
 
 
 
 
 
 
 
 
 
 
 
 
 
 
 
 
 
 
 
 
 
 
 
 
 
 
 
 
 
 
 
 
 
 
 
 
 
 
 
 
 
 
 
 
 
 
 
 
 
 
 
 
 
 
 
 
 
 
 
 
 
 
 
 
 
 
 
 
 
 
 
 
 
 
 
 
 
 
 
 
 
 
 
 
 
 
 
 
 
 
 
 
 
 
 
 
 
 
 
 
 
 
 
 
 
 
 
 
 
 
 
 
 
 
 
 
 
 
 
 
 
 
 
 
 
 
 
 
 
 
 
 
 
 
 
 
 
 
 
 
 
 
 
 
 
 
 
 
 
 
 
 
 
 
 
 
 
 
 
 
 
 
 
 
 
 
 
 
 
 
 
 
 
 
 
 
 
 
 
 
 
 
 
 
 
 
 
 
 
 
 
 
 
 
 
 
 
 
 
 
 
 
 
 
 
 
 
 
 
 
 
 
 
 
 
 
 
 
 
 
 
 
 
 
 
 
 
 
 
 
 
 
 
 
 
 
 
 
 
 
 
 
 
 
 
 
 
 
 
 
 
 
 
 
 
 
 
 
 
 
 
 
 
 
 
 
 
 
 
 
 
 
 
 
 
 
 
 
 
 
 
 
 
 
 
 
 
 
 
 
 
 
 
 
 
 
 
 
 
 
 
 
 
 
 
 
 
 
 
 
 
 
 
 
 
 
 
 
 
 
 
 
 
 
 
 
 
 
 
 
 
 
 
 
 
 
 
 
 
 
 
 
 
 
 
 
 
 
 
 
 
 
 
 
 
 
 
 
 
 
 
 
 
 
 
 
 
 
 
 
 
 
 
 
 
 
 
 
 
 
 
 
 
 
 
 
 
 
 
 
 
 
 
 
 
 
 
 
 
 
 
 
 
 
 
 
 
 
 
 
 
 
 
 
 
 
 
 
 
 
 
 
 
 
 
 
 
 
 
 
 
 
 
 
 
 
 
 
 
 
 
 
 
 
 
 
 
 
 
 
 
 
 
 
 
 
 
 
 
 
 
 
 
 
 
 
 
 
 
 
 
 
 
 
 
 
 
 
 
 
 
 
 
 
 
 
 
 
 
 
 
 
 
 
 
 
 
 
 
 
 
 
 
 
 
 
 
 
 
 
 
 
 
 
 
 
 
 
 
 
 
 
 
 
 
 
 
 
 
 
 
 
 
 
 
 
 
 
 
 
 
 
 
 
 
 
 
 
 
 
 
 
 
 
 
 
 
 
 
 
 
 
 
 
 
 
 
 
 
 
 
 
 
 
 
 
 
 
 
 
 
 
 
 
 
 
 
 
 
 
 
 
 
 
 
 
 
 
 
 
 
 
 
 
 
 
 
 
 
 
 
 
 
 
 
 
 
 
 
 
 
 
 
 
 
 
 
 
 
 
 
 
 
 
 
 
 
 
 
 
 
 
 
 
 
 
 
 
 
 
 
 
 
 
 
 
 
 
 
 
 
 
 
 
 
 
 
 
 
 
 
 
 
 
 
 
 
 
 
 
 
 
 
 
 
 
 
 
 
 
 
 
 
 
 
 
 
 
 
 
 
 
 
 
 
 
 
 
 
 
 
 
 
 
 
 
 
 
 
 
 
 
 
 
 
 
 
 
 
 
 
 
 
 
 
 
 
 
 
 
 
 
 
 
 
 
 
 
 
 
 
 
 
 
 
 
 
 
 
 
 
 
 
 
 
 
 
 
 
 
 
 
 
 
 
 
 
 
 
 
 
 
 
 
 
 
 
 
 
 
 
 
 
 
 
 
 
 
 
 
 
 
 
 
 
 
 
 
 
 
 
 
 
 
 
 
 
 
 
 
 
 
 
 
 
 
 
 
 
 
 
 
 
 
 
 
 
 
 
 
 
 
 
 
 
 
 
 
 
 
 
 
 
 
 
 
 
 
 
 
 
 
 
 
 
 
 
 
 
 
 
 
 
 
 
 
 
 
 
 
 
 
 
 
 
 
 
 
 
 
 
 
 
 
 
 
 
 
 
 
 
 
 
 
 
 
 
 
 
 
 
 
 
 
 
 
 
 
 
 
 
 
 
 
 
 
 
 
 
 
 
 
 
 
 
 
 
 
 
 
 
 
 
 
 
 
 
 
 
 
 
 
 
 
 
 
 
 
 
 
 
 
 
 
 
 
 
 
 
 
 
 
 
 
 
 
 
 
 
 
 
 
 
 
 
 
 
 
 
 
 
 
 
 
 
 
 
 
 
 
 
 
 
 
 
 
 
 
 
 
 
 
 
 
 
 
 
 
 
 
 
 
 
 
 
 
 
 
 
 
 
 
 
 
 
 
 
 
 
 
 
 
 
 
 
 
 
 
 
 
 
 
 
 
 
 
 
 
 
 
 
 
 
 
 
 
 
 
 
 
 
 
 
 
 
 
 
 
 
 
 
 
 
 
 
 
 
 
 
 
 
 
 
 
 
 
 
 
 
 
 
 
 
 
 
 
 
 
 
 
 
 
 
 
 
 
 
 
 
 
 
 
 
 
 
 
 
 
 
 
 
 
 
 
 
 
 
 
 
 
 
 
 
 
 
 
 
 
 
 
 
 
 
 
 
 
 
 
 
 
 
 
 
 
 
 
 
 
 
 
 
 
 
 
 
 
 
 
 
 
 
 
 
 
 
 
 
 
 
 
 
 
 
 
 
 
 
 
 
 
 
 
 
 
 
 
 
 
 
 
 
 
 
 
 
 
 
 
 
 
 
 
 
 
 
 
 
 
 
 
 
 
 
 
 
 
 
 
 
 
 
 
 
 
 
 
 
 
 
 
 
 
 
 
 
 
 
 
 
 
 
 
 
 
 
 
 
 
 
 
 
 
 
 
 
 
 
 
 
 
 
 
 
 
 
 
 
 
 
 
 
 
 
 
 
 
 
 
 
 
 
 
 
 
 
 
 
 
 
 
 
 
 
 
 
 
 
 
 
 
 
 
 
 
 
 
 
 
 
 
 
 
 
 
 
 
 
 
 
 
 
 
 
 
 
 
 
 
 
 
 
 
 
 
 
 
 
 
 
 
 
 
 
 
 
 
 
 
 
 
 
 
 
 
 
 
 
 
 
 
 
 
 
 
 
 
 
 
 
 
 
 
 
 
 
 
 
 
 
 
 
 
 
 
 
 
 
 
 
 
 
 
 
 
 
 
 
 
 
 
 
 
 
 
 
 
 
 
 
 
 
 
 
 
 
 
 
 
 
 
 
 
 
 
 
 
 
 
 
 
 
 
 
 
 
 
 
 
 
 
 
 
 
 
 
 
 
 
 
 
 
 
 
 
 
 
 
 
 
 
 
 
 
 
 
 
 
 
 
 
 
 
 
 
 
 
 
 
 
 
 
 
 
 
 
 
 
 
 
 
 
 
 
 
 
 
 
 
 
 
 
 
 
 
 
 
 
 
 
 
 
 
 
 
 
 
 
 
 
 
 
 
 
 
 
 
 
 
 
 
 
 
 
 
 
 
 
 
 
 
 
 
 
 
 
 
 
 
 
 
 
 
 
 
 
 
 
 
 
 
 
 
 
 
 
 
 
 
 
 
 
 
 
 
 
 
 
 
 
 
 
 
 
 
 
 
 
 
 
 
 
 
 
 
 
 
 
 
 
 
 
 
 
 
 
 
 
 
 
 
 
 
 
 
 
 
 
 
 
 
 
 
 
 
 
 
 
 
 
 
 
 
 
 
 
 
 
 
 
 
 
 
 
 
 
 
 
 
 
 
 
 
 
 
 
 
 
 
 
 
 
 
 
 
 
 
 
 
 
 
 
 
 
 
 
 
 
 
 
 
 
 
 
 
 
 
 
 
 
 
 
 
 
 
 
 
 
 
 
 
 
 
 
 
 
 
 
 
 
 
 
 
 
 
 
 
 
 
 
 
 
 
 
 
 
 
 
 
 
 
 
 
 
 
 
 
 
 
 
 
 
 
 
 
 
 
 
 
 
 
 
 
 
 
 
 
 
 
 
 
 
 
 
 
 
 
 
 
 
 
 
 
 
 
 
 
 
 
 
 
 
 
 
 
 
 
 
 
 
 
 
 
 
 
 
 
 
 
 
 
 
 
 
 
 
 
 
 
 
 
 
 
 
 
 
 
 
 
 
 
 
 
 
 
 
 
 
 
 
 
 
 
 
 
 
 
 
 
 
 
 
 
 
 
 
 
 
 
 
 
 
 
 
 
 
 
 
 
 
 
 
 
 
 
 
 
 
 
 
 
 
 
 
 
 
 
 
 
 
 
 
 
 
 
 
 
 
 
 
 
 
 
 
 
 
 
 
 
 
 
 
 
 
 
 
 
 
 
 
 
 
 
 
 
 
 
 
 
 
 
 
 
 
 
 
 
 
 
 
 
 
 
 
 
 
 
 
 
 
 
 
 
 
 
 
 
 
 
 
 
 
 
 
 
 
 
 
 
 
 
 
 
 
 
 
 
 
 
 
 
 
 
 
 
 
 
 
 
 
 
 
 
 
 
 
 
 
 
 
 
 
 
 
 
 
 
 
 
 
 
 
 
 
 
 
 
 
 
 
 
 
 
 
 
 
 
 
 
 
 
 
 
 
 
 
 
 
 
 
 
 
 
 
 
 
 
 
 
 
 
 
 
 
 
 
 
 
 
 
 
 
 
 
 
 
 
 
 
 
 
 
 
 
 
 
 
 
 
 
 
 
 
 
 
 
 
 
 
 
 
 
 
 
 
 
 
 
 
 
 
 
 
 
 
 
 
 
 
 
 
 
 
 
 
 
 
 
 
 
 
 
 
 
 
 
 
 
 
 
 
 
 
 
 
 
 
 
 
 
 
 
 
 
 
 
 
 
 
 
 
 
 
 
 
 
 
 
 
 
 
 
 
 
 
 
 
 
 
 
 
 
 
 
 
 
 
 
 
 
 
 
 
 
 
 
 
 
 
 
 
 
 
 
 
 
 
 
 
 
 
 
 
 
 
 
 
 
 
 
 
 
 
 
 
 
 
 
 
 
 
 
 
 
 
 
 
 
