0.0 0.0
0.01 2.33690964e-07
0.02 2.34867875e-07
0.03 2.36850669e-07
0.04 2.38400255e-07
0.05 2.3680898e-07
0.06 2.30909899e-07
0.07 2.2449502e-07
0.08 2.16162434e-07
0.09 1.98411224e-07
0.1 1.7893453e-07
0.11 1.70540704e-07
0.12 2.01173466e-07
0.13 3.05679474e-07
0.14 4.04561078e-07
0.15 2.43604835e-07
0.16 -4.75382464e-07
0.17 -1.739902372e-06
0.18 -3.000621237e-06
0.19 -3.940991593e-06
0.2 -5.429332862e-06
0.21 -8.190358874e-06
0.22 -1.0499344394e-05
0.23 -9.654811001e-06
0.24 -6.559649625e-06
0.25 -5.251827052e-06
0.26 -6.673625984e-06
0.27 -6.29130614e-06
0.28 1.022655343e-06
0.29 1.3405951316e-05
0.3 2.178438252e-05
0.31 1.8762998299e-05
0.32 2.105443552e-06
0.33 -2.0957994039e-05
0.34 -3.0735153682e-05
0.35 -2.1763825757e-05
0.36 -1.2401964873e-05
0.37 -6.602568086e-06
0.38 6.17675422e-06
0.39 1.5601059094e-05
0.4 1.761970646e-06
0.41 -3.026587949e-05
0.42 -5.0366146607e-05
0.43 -4.063535741e-05
0.44 -2.0769321374e-05
0.45 -2.8598384257e-05
0.46 -8.1276562406e-05
0.47 -0.000151649070548
0.48 -0.000171173165499
0.49 -9.59461932e-05
0.5 3.223310149e-05
0.51 9.6968953127e-05
0.52 6.9146704763e-05
0.53 6.3380882842e-05
0.54 0.000114725165221
0.55 0.000139577736532
0.56 7.5665473276e-05
0.57 -8.1935400481e-05
0.58 -0.000253092029653
0.59 -0.000274110874092
0.6 -0.000144715010447
0.61 -6.2625950424e-05
0.62 -9.9758317829e-05
0.63 -0.000136141819568
0.64 -7.8943058447e-05
0.65 1.6841626543e-05
0.66 1.5054926382e-05
0.67 -6.2206759349e-05
0.68 -5.8751381345e-05
0.69 5.131552535e-05
0.7 0.000142236221226
0.71 0.00010497784249
0.72 -8.3443984569e-05
0.73 -0.000276015370668
0.74 -0.000257447199174
0.75 -6.8954648947e-05
0.76 1.766150367e-06
0.77 -0.000145582890991
0.78 -0.000101299183329
0.79 0.000102549341753
0.8 4.2783483349e-05
0.81 -0.000151940054049
0.82 -0.000159609720368
0.83 -0.000128810695605
0.84 -0.000248493025234
0.85 -0.000368973325601
0.86 -0.000408120966217
0.87 -0.000455220595112
0.88 -0.000453184171923
0.89 -0.000274537052601
0.9 -1.2995275214e-05
0.91 8.2456007238e-05
0.92 0.000156914214462
0.93 0.000337238745633
0.94 0.000259866282818
0.95 -5.0537100464e-05
0.96 -0.00010051239387
0.97 2.9996668439e-05
0.98 -2.7257926875e-05
0.99 4.082330838e-05
1.0 0.000283991979613
1.01 6.1372246661e-05
1.02 -0.000485864269368
1.03 -0.000644719970555
1.04 -0.000480473658039
1.05 -0.000295832022164
1.06 -0.000200904805013
1.07 -0.000169870962126
1.08 -5.3500041115e-05
1.09 0.000158136375885
1.1 0.000429983787374
1.11 0.000685575826498
1.12 0.000498652289025
1.13 -0.000148281284479
1.14 -0.000501514161446
1.15 -0.000159041288021
1.16 0.000244588967327
1.17 -1.7586052855e-05
1.18 -0.000558127321827
1.19 -0.000480638950461
1.2 6.8083763302e-05
1.21 0.000273712963754
1.22 0.000189740108033
1.23 0.000403740265059
1.24 0.000701543673678
1.25 0.00056216907153
1.26 0.000384408996502
1.27 0.000441117725884
1.28 0.000205957618632
1.29 -0.000191366571623
1.3 -0.00028278528993
1.31 -0.000240394325883
1.32 -0.000472938625488
1.33 -0.001086426978676
1.34 -0.001356157029466
1.35 -0.001011618914682
1.36 -0.001160015696796
1.37 -0.002010651003205
1.38 -0.001992339255981
1.39 -0.000770059153599
1.4 0.000709486899235
1.41 0.001082329472662
1.42 0.001026439371931
1.43 0.000707391129998
1.44 0.000474206651137
1.45 0.00037414692422
1.46 0.000421252291867
1.47 3.7837052933e-05
1.48 -0.000848306640181
1.49 -0.001292817580474
1.5 -0.000965607307035
1.51 -0.000752554742726
1.52 -0.000723607942421
1.53 -0.000311560929042
1.54 0.000410126138549
1.55 0.000854485961618
1.56 0.000824980493801
1.57 0.000953851035307
1.58 0.001687437697323
1.59 0.002451234136898
1.6 0.002495152275727
1.61 0.001892705700407
1.62 0.000547369758068
1.63 -0.001057176460648
1.64 -0.001426399446249
1.65 -0.000618173098843
1.66 -0.000498271944561
1.67 -0.001940087454767
1.68 -0.002757077605896
1.69 -0.001844583963494
1.7 -0.00010298837266
1.71 0.000966481854879
1.72 0.001084466056024
1.73 0.000395863038026
1.74 -0.0002079875812
1.75 -0.00048158953799
1.76 -0.000977960953602
1.77 -0.001407514102771
1.78 -0.001583775127708
1.79 -0.001810324059514
1.8 -0.001956124459027
1.81 -0.001418729372589
1.82 -0.000522971694282
1.83 -0.000123972107822
1.84 0.000266612791176
1.85 0.000588878255342
1.86 0.000440856405304
1.87 -4.383646581e-05
1.88 0.000281411131965
1.89 0.000983654973092
1.9 0.001591643404358
1.91 0.001898937388394
1.92 0.00192606580251
1.93 0.001730328872361
1.94 0.001542728125617
1.95 0.00158683485393
1.96 0.001385262678032
1.97 0.000461819454626
1.98 -0.000880534524478
1.99 -0.001309818681739
2.0 -0.000669783555738
2.01 -0.000326099774159
2.02 -0.000752919508137
2.03 -0.000365050908176
2.04 0.000602748456701
2.05 0.001440584285062
2.06 0.00187690947505
2.07 0.001376341901729
2.08 -0.00075855616126
2.09 -0.001894608290611
2.1 -0.001921882783999
2.11 -0.00247740546795
2.12 -0.003658153774687
2.13 -0.003186231388418
2.14 -0.001083796810595
2.15 0.000107893822925
2.16 0.00055440860403
2.17 0.000598297994063
2.18 -0.000177977218709
2.19 -0.000657606819777
2.2 0.000285791299582
2.21 0.000716682135171
2.22 -5.0598569166e-05
2.23 -0.000192875907076
2.24 0.00070269828895
2.25 0.001554896688935
2.26 0.001653875738506
2.27 0.00120579919544
2.28 0.000668222485293
2.29 0.000340528073631
2.3 -0.000159801809484
2.31 -0.000675211703899
2.32 -0.000505971401153
2.33 0.00047096520692
2.34 0.001404773097969
2.35 0.001857530923278
2.36 0.002297082738783
2.37 0.002220559110433
2.38 0.001824799297221
2.39 0.001597784327069
2.4 0.001078429202822
2.41 -0.000332748711522
2.42 -0.002286288137633
2.43 -0.004192819882156
2.44 -0.005354879187505
2.45 -0.004956100448027
2.46 -0.003908347808993
2.47 -0.001889761584068
2.48 -0.000213183515565
2.49 0.000634513062701
2.5 0.001026598735206
2.51 0.001994693509077
2.52 0.002952964076926
2.53 0.002436866218044
2.54 0.001235244409175
2.55 0.00037115574695
2.56 -0.000167629503151
2.57 -0.001065515940018
2.58 -0.001225674630553
2.59 -0.000941964033902
2.6 -0.000138257438705
2.61 0.000960911654739
2.62 0.002231715502425
2.63 0.002980543681667
2.64 0.003465969242809
2.65 0.002627980330018
2.66 0.001633310559326
2.67 0.000165544625357
2.68 -0.001046809287485
2.69 -0.002149453027558
2.7 -0.003498521031342
2.71 -0.004567460707735
2.72 -0.004762860999889
2.73 -0.004335386842712
2.74 -0.003697177560147
2.75 -0.003627737530546
2.76 -0.002732483162471
2.77 -0.00114183847053
2.78 0.001796971292691
2.79 0.00346560371432
2.8 0.005223283515342
2.81 0.005423419482472
2.82 0.004553679958136
2.83 0.004695922460812
2.84 0.004984215806434
2.85 0.004326569653295
2.86 0.002192138004757
2.87 -0.002519525772601
2.88 -0.006311402241546
2.89 -0.007892097430095
2.9 -0.007140826430413
2.91 -0.00545025582551
2.92 -0.004181718509954
2.93 -0.001439567851058
2.94 0.002387746099193
2.95 0.003118159337018
2.96 0.002562868110065
2.97 0.000611033186337
2.98 -0.00216083406756
2.99 -0.003909766921858
3.0 -0.004550245289465
3.01 -0.006304398283971
3.02 -0.006106341922665
3.03 -0.007750783387907
3.04 -0.008946683919511
3.05 -0.008584873722212
3.06 -0.007366297006775
3.07 -0.005724487124724
3.08 -0.004014235681677
3.09 -0.00128194494963
3.1 0.001268865270016
3.11 0.00449109234224
3.12 0.00744387777781
3.13 0.008785371275481
3.14 0.009346066721439
3.15 0.008985142411654
3.16 0.007017497968483
3.17 0.001766627503438
3.18 -0.007727070685824
3.19 -0.006948122046876
3.2 -0.00484284148544
3.21 -0.001289348117213
3.22 0.001974284748412
3.23 0.001561893506661
3.24 -0.000477725349022
3.25 -0.002938675506258
3.26 -0.003513210553661
3.27 -0.00409245616519
3.28 -0.006949760884004
3.29 -0.00975005010114
3.3 -0.00958424029101
3.31 -0.005586560945909
3.32 -0.00438417408737
3.33 -0.004786391343238
3.34 -0.004355045834333
3.35 -0.002877529402329
3.36 0.003826277190303
3.37 0.008013017320741
3.38 0.010363745901878
3.39 0.007167006057128
3.4 0.003852919094451
3.41 0.002576976808128
3.42 0.004038364845069
3.43 0.005251570942883
3.44 0.002719509669577
3.45 -0.000567747586464
3.46 -0.003872056481761
3.47 -0.007001218525476
3.48 -0.004189238326485
3.49 -0.00341038395365
3.5 -0.000481240710495
3.51 0.002804242846982
3.52 0.005076201426985
3.53 0.005726665904401
3.54 -0.001450943740889
3.55 -0.008048970925032
3.56 -0.01038295485311
3.57 -0.011624210406405
3.58 -0.010580345763666
3.59 -0.010203385294586
3.6 -0.009283003237088
3.61 -0.005592826958898
3.62 0.005954956863094
3.63 0.013502631780451
3.64 0.01659509314586
3.65 0.017349947880594
3.66 0.014797840375785
3.67 0.011800395794715
3.68 0.011458135831529
3.69 0.011673632024371
3.7 0.009756128512895
3.71 0.006116808279655
3.72 0.002575263419421
3.73 0.000368338684354
3.74 -0.002461315257548
3.75 -0.012544201923489
3.76 -0.008473172054031
3.77 -0.008360133558402
3.78 -0.005590374882292
3.79 0.001367242326357
3.8 0.008675124581417
3.81 0.014912541037925
3.82 0.006845168277035
3.83 0.007546271992904
3.84 0.011313424293083
3.85 0.014125462378086
3.86 0.003689550772009
3.87 -0.028391705795666
3.88 -0.006975603802866
3.89 -0.017890862953913
3.9 -0.014412731638701
3.91 -0.008364148544688
3.92 -0.009136112267837
3.93 -0.001019353401073
3.94 0.019921544584202
3.95 0.024922394647902
3.96 0.033449544179249
3.97 0.032756746511794
3.98 0.013611431124517
3.99 0.015274561184832
4.0 0.01618584782958
4.01 0.01479265439947
4.02 0.0094461520151
4.03 -0.031608467004406
4.04 -0.038175625294107
4.05 -0.014058440320833
4.06 -0.026473647253235
4.07 -0.017207398293241
4.08 0.000313977083954
4.09 0.012603517400922
4.1 0.014415902319763
4.11 0.018463472824325
4.12 0.017458909668784
4.13 0.016033160306273
4.14 0.010305103138247
4.15 -0.007081465337376
4.16 -0.010264015194691
4.17 -0.013833059514563
4.18 -0.017806576451809
4.19 -0.016609909142484
4.2 -0.017240942144961
4.21 -0.015992145845125
4.22 -0.008617941928061
4.23 0.028560784555524
4.24 0.041009177862395
4.25 0.03725714201499
4.26 0.041454423861692
4.27 0.038995468527116
4.28 0.027795496661076
4.29 0.010203420909867
4.3 0.005801075261463
4.31 -0.036814351318847
4.32 -0.030678986112803
4.33 -0.030000217338309
4.34 -0.031497652027896
4.35 -0.028122427423532
4.36 -0.022415698893353
4.37 -0.014826267905271
4.38 -0.001830309925543
4.39 0.026002218547593
4.4 0.021784367910274
4.41 0.030337488836008
4.42 0.033180481232689
4.43 0.031891380110687
4.44 0.029370250579836
4.45 0.023850453494715
4.46 0.01651503116814
4.47 0.008874164171381
4.48 -0.003477604859911
4.49 -0.003394255602902
4.5 -0.013746028661763
4.51 -0.017961182916701
4.52 -0.022216531408278
4.53 -0.024164337909068
4.54 -0.022725478036586
4.55 -0.020994115945862
4.56 -0.016064823754216
4.57 -0.003663318985375
4.58 0.043625009666388
4.59 0.040782943029598
4.6 0.041885091274774
4.61 0.046503210273508
4.62 0.043178743641134
4.63 0.019298886303341
4.64 0.016895356859331
4.65 0.017000182410478
4.66 0.016133471984816
4.67 0.014163406493257
4.68 0.011508251045404
4.69 0.006238487449057
4.7 -0.037677114029184
4.71 -0.074414253383077
4.72 -0.044515462612393
4.73 -0.042873528286995
4.74 -0.046172763798291
4.75 -0.047000721250327
4.76 -0.045563202797154
4.77 -0.041119927714044
4.78 -0.034290756433853
4.79 -0.026106109710517
4.8 -0.016962736639489
4.81 -0.005436073255296
4.82 0.0375924779845
4.83 0.081812522831961
4.84 0.058305147403894
4.85 0.064559413064383
4.86 0.070790310518344
4.87 0.072886970868425
4.88 0.076730945765496
4.89 0.08197940184638
4.9 0.073661998053398
4.91 0.047344150910264
4.92 0.041880969061862
4.93 0.0429566043421
4.94 0.042941966530502
4.95 0.042202031002891
4.96 0.041345058028568
4.97 0.040587303856747
4.98 0.039873469773953
4.99 0.038755581158474
5.0 0.036887804426509
5.01 0.034561736335742
5.02 0.032053380341634
5.03 0.028942939067317
5.04 0.025554889185413
5.05 0.021895012620577
5.06 0.017698447055864
5.07 0.013194879908412
5.08 0.007492070496339
5.09 -0.000304158507618
5.1 -0.012624431756995
5.11 -0.073282709692385
5.12 -0.096537256088093
5.13 -0.048881460875478
5.14 -0.022292397007853
5.15 -0.03061320724837
5.16 -0.036698605532356
5.17 -0.014573799544695
5.18 -0.024745495145918
5.19 -0.04039687025227
5.2 -0.036601321449857
5.21 -0.040377682697977
5.22 -0.045037210803377
5.23 -0.048188430787134
5.24 -0.050339685421595
5.25 -0.052555285394996
5.26 -0.054250499725406
5.27 -0.055543234675095
5.28 -0.056585014845412
5.29 -0.057236171213864
5.3 -0.056478428402855
5.31 -0.055000901676999
5.32 -0.052587756079536
5.33 -0.049418994655096
5.34 -0.045539176914814
5.35 -0.040993693724072
5.36 -0.035668122738029
5.37 -0.029821295810524
5.38 -0.023429344559408
5.39 -0.01621769367282
5.4 -0.006242320080164
5.41 0.011052181381178
5.42 0.071493389671033
5.43 0.095603858655218
5.44 0.058604054819813
5.45 0.034958042784692
5.46 0.046135541114346
5.47 0.055916654055137
5.48 0.053020398771401
5.49 0.0473626481119
5.5 0.04294023733938
5.51 0.038793098783989
5.52 0.034411849981632
5.53 0.029824129357336
5.54 0.024208606940103
5.55 0.014206075194059
5.56 -0.039822827617473
5.57 -0.042672807908994
5.58 -0.02044461185634
5.59 -0.019290161267334
5.6 -0.019635476217897
5.61 -0.01675216688713
5.62 -0.015540066412648
5.63 -0.017947852071513
5.64 -0.022959618883352
5.65 -0.029110762095053
5.66 -0.034655503477822
5.67 -0.039839783051404
5.68 -0.044680571249731
5.69 -0.047666697714254
5.7 -0.053499679652884
5.71 -0.058476768546198
5.72 -0.062383879199438
5.73 -0.065725069799207
5.74 -0.068277758537405
5.75 -0.069975068960121
5.76 -0.071098025905422
5.77 -0.071980802045335
5.78 -0.072461480203044
5.79 -0.072391540328091
5.8 -0.071446430351434
5.81 -0.070017036019571
5.82 -0.067876451669726
5.83 -0.059755377194566
5.84 -0.045573403786591
5.85 -0.040592913424956
5.86 -0.039930821993062
5.87 -0.038923446823336
5.88 -0.037552482006699
5.89 -0.036219803544833
5.9 -0.034956580481327
5.91 -0.033076988263989
5.92 -0.030798693690747
5.93 -0.0281727503764
5.94 -0.025321436118856
5.95 -0.022452751926673
5.96 -0.019942929405721
5.97 -0.017988800270926
5.98 -0.017611548086353
5.99 -0.018791911732585
6.0 -0.019592210884129
6.01 -0.021300632578138
6.02 -0.022664771369961
6.03 -0.023434963756565
6.04 -0.023666172773315
6.05 -0.022546999643331
6.06 -0.019562049117019
6.07 -0.015272285000437
6.08 -0.01032423352823
6.09 -0.00393072862481
6.1 0.00246799871371
6.11 0.009071541551073
6.12 0.015142344314192
6.13 0.022824478913687
6.14 0.034973217435899
6.15 0.106620546933482
6.16 0.103379679738286
6.17 0.081887813631861
6.18 0.082513421761269
6.19 0.09234063727791
6.2 0.110373313025846
6.21 0.120049976650862
6.22 0.108404784338997
6.23 0.09901595619188
6.24 0.089827942182152
6.25 0.08329463379674
6.26 0.078695390018896
6.27 0.075081421786572
6.28 0.072142425593579
6.29 0.069294215183132
6.3 0.066417459585353
6.31 0.063195444580054
6.32 0.059364731230556
6.33 0.055043819161928
6.34 0.050143165457444
6.35 0.044196809900534
6.36 0.034799308457359
6.37 0.023197014929879
6.38 0.011040484560952
6.39 -0.047303425427433
6.4 -0.084452829792834
6.41 -0.08986823399683
6.42 -0.045352062608963
6.43 -0.013904297709682
6.44 -0.018303449481295
6.45 -0.036227889334046
6.46 -0.018124110145109
6.47 -0.010629441582327
6.48 0.013628664196256
6.49 0.025079976980048
6.5 0.027964857145124
6.51 0.021858297696214
6.52 0.02212969998632
6.53 0.030081838391341
6.54 0.031241085027958
6.55 0.032045092001943
6.56 0.033008951976744
6.57 0.033626334529012
6.58 0.033654992602335
6.59 0.033138060268479
6.6 0.031941753348144
6.61 0.030482184088588
6.62 0.028780319999317
6.63 0.027200784040462
6.64 0.025836725544665
6.65 0.025084890261573
6.66 0.024615640928315
6.67 0.024478613355933
6.68 0.024644306552824
6.69 0.02523979082086
6.7 0.025449938050117
6.71 0.025642035396921
6.72 0.024792363928252
6.73 0.022992774662484
6.74 0.020885563248197
6.75 0.018079184312557
6.76 0.014756929945661
6.77 0.008930187608959
6.78 0.001221978730858
6.79 -0.0393090078189
6.8 -0.076700294289026
6.81 -0.079797560728881
6.82 -0.046176519925258
6.83 0.008723672346156
6.84 0.018759835212213
6.85 0.027201335575974
6.86 0.031584226046924
6.87 0.03653813104463
6.88 0.041507772611174
6.89 0.046383519065417
6.9 0.050825961779899
6.91 0.054847431465598
6.92 0.058516558251672
6.93 0.061583679766862
6.94 0.063750486919069
6.95 0.065321323311342
6.96 0.066864057450327
6.97 0.0685068702863
6.98 0.069937919797927
6.99 0.07162343218528
7.0 0.073352318269562
7.01 0.075301341522531
7.02 0.077048285651449
7.03 0.078155112718375
7.04 0.078329142504543
7.05 0.077359577082703
7.06 0.075160819198728
7.07 0.0717063806137
7.08 0.06771490744665
7.09 0.06304638802772
7.1 0.057818088576763
7.11 0.052343400502033
7.12 0.046443556414192
7.13 0.040401649211953
7.14 0.033612886455746
7.15 0.02581508820421
7.16 0.017124220142478
7.17 0.007283853842765
7.18 -0.003545906441395
7.19 -0.01549033951943
7.2 -0.029938685544498
7.21 -0.048565086965428
7.22 -0.129311824689438
7.23 -0.183884134867032
7.24 -0.205890715419599
7.25 -0.182046099470506
7.26 -0.149530683559506
7.27 -0.152280642297233
7.28 -0.161570532236166
7.29 -0.168646561235426
7.3 -0.17367447458839
7.31 -0.178466939857568
7.32 -0.182775289411627
7.33 -0.185047670651921
7.34 -0.184499336177874
7.35 -0.182284938967564
7.36 -0.179684044346779
7.37 -0.174806086134058
7.38 -0.168296658796489
7.39 -0.161152544929117
7.4 -0.152272277625065
7.41 -0.142183582394495
7.42 -0.131301865264346
7.43 -0.119060347810448
7.44 -0.105634535359408
7.45 -0.091028365779014
7.46 -0.075702841985839
7.47 -0.059693122618983
7.48 -0.041661704314498
7.49 -0.019441334014989
7.5 0.004378643662491
7.51 0.07673316160203
7.52 0.143801128155533
7.53 0.16961699203527
7.54 0.180253375894408
7.55 0.143097846205304
7.56 0.109960735069621
7.57 0.111010038203095
7.58 0.127700508881733
7.59 0.142113055326559
7.6 0.147146088721298
7.61 0.14569061534319
7.62 0.144370918115045
7.63 0.145376643432681
7.64 0.145196707967271
7.65 0.143202754598204
7.66 0.141641698914652
7.67 0.139149589312212
7.68 0.134262080361358
7.69 0.128152463722364
7.7 0.120774774291197
7.71 0.111211909207721
7.72 0.100334005682498
7.73 0.087993164092849
7.74 0.073966166535729
7.75 0.058270207216622
7.76 0.039210527522542
7.77 0.016154457998997
7.78 -0.008197640344519
7.79 -0.052639141617484
7.8 -0.142388113876961
7.81 -0.177056109979355
7.82 -0.190069072418128
7.83 -0.145923982639386
7.84 -0.113816212073701
7.85 -0.112101288548041
7.86 -0.120064622987073
7.87 -0.125265103268313
7.88 -0.126628670688316
7.89 -0.126965267216565
7.9 -0.128104037028166
7.91 -0.130175125798407
7.92 -0.132278132466455
7.93 -0.133777230749821
7.94 -0.133957879201472
7.95 -0.132357455079251
7.96 -0.129611271745035
7.97 -0.125982440903284
7.98 -0.121285509010345
7.99 -0.116089631098058
8.0 -0.110404824839172
8.01 -0.104325510534845
8.02 -0.098222348598274
8.03 -0.091814802084742
8.04 -0.085912499813706
8.05 -0.080136187879292
8.06 -0.074465952579557
8.07 -0.069372878856137
8.08 -0.064821160643145
8.09 -0.06083446155656
8.1 -0.056817404063629
8.11 -0.052663485999746
8.12 -0.049161601290737
8.13 -0.04612785600994
8.14 -0.04255111758907
8.15 -0.038037848339025
8.16 -0.032868317718629
8.17 -0.026968720091053
8.18 -0.020729510477295
8.19 -0.01353111292134
8.2 -0.005697221800853
8.21 0.002528868560532
8.22 0.013686710512711
8.23 0.02419727271816
8.24 0.034094065520204
8.25 0.043759517183863
8.26 0.054350959774195
8.27 0.119240680479347
8.28 0.145116666686654
8.29 0.114224737528623
8.3 0.11332850372915
8.31 0.122856699058427
8.32 0.135059163367411
8.33 0.147402575130677
8.34 0.158636628035751
8.35 0.168326291228812
8.36 0.174340928607301
8.37 0.176585826306351
8.38 0.17547304010144
8.39 0.175565730487529
8.4 0.175354619699502
8.41 0.175693646969413
8.42 0.176743175376276
8.43 0.177209293502645
8.44 0.177509031462297
8.45 0.176766865299153
8.46 0.171333348599494
8.47 0.165294301530123
8.48 0.158363052807808
8.49 0.148747059191551
8.5 0.137813315704301
8.51 0.125457374153177
8.52 0.111844588091102
8.53 0.097207796842235
8.54 0.08206722910216
8.55 0.066137453148982
8.56 0.049509769622972
8.57 0.030900006292516
8.58 0.008243165360999
8.59 -0.016092526539329
8.6 -0.080911754254627
8.61 -0.15965564048911
8.62 -0.189471079102049
8.63 -0.167865020843907
8.64 -0.129088483233022
8.65 -0.127966049425687
8.66 -0.141002272621922
8.67 -0.159265033050379
8.68 -0.184307025232953
8.69 -0.190955028523397
8.7 -0.195023023524937
8.71 -0.195082751960252
8.72 -0.194618083711376
8.73 -0.194673277345623
8.74 -0.194996787684396
8.75 -0.194090621543461
8.76 -0.191928957044908
8.77 -0.188173237362744
8.78 -0.183208231945526
8.79 -0.176673867154637
8.8 -0.168009187990545
8.81 -0.157197869089105
8.82 -0.144460068140516
8.83 -0.129725375025936
8.84 -0.11341987533702
8.85 -0.095498977008204
8.86 -0.076066857885485
8.87 -0.053176345325751
8.88 -0.026701474832809
8.89 -0.001840552293474
8.9 0.02413671475446
8.91 0.049897232269459
8.92 0.147248274508637
8.93 0.19443630417655
8.94 0.21080438456496
8.95 0.152228763329658
8.96 0.130395394007601
8.97 0.13207352570195
8.98 0.142261742492573
8.99 0.154885589208686
9.0 0.166143737490028
9.01 0.1702093576716
9.02 0.168826888090887
9.03 0.165693458880505
9.04 0.162932206551837
9.05 0.160700381058282
9.06 0.158316716547503
9.07 0.154948986256282
9.08 0.150287807283434
9.09 0.14409675127618
9.1 0.137080269147416
9.11 0.129083846349998
9.12 0.120035091263539
9.13 0.11037222396017
9.14 0.099941770766176
9.15 0.089183350478563
9.16 0.078063705938918
9.17 0.066952371513405
9.18 0.055944423136641
9.19 0.045122354155138
9.2 0.034451210334613
9.21 0.024088638874722
9.22 0.013841125506853
9.23 0.003578197776783
9.24 -0.00698621376173
9.25 -0.020648768333533
9.26 -0.054954735230016
9.27 -0.132914883105834
9.28 -0.164262270421392
9.29 -0.159072474688869
9.3 -0.116734794219075
9.31 -0.113167985184063
9.32 -0.126684928566326
9.33 -0.147453611522862
9.34 -0.168521089543929
9.35 -0.170851406754062
9.36 -0.168194618084661
9.37 -0.162183968925958
9.38 -0.155196302484492
9.39 -0.15057312841341
9.4 -0.146931935334477
9.41 -0.142321651429873
9.42 -0.139109724862417
9.43 -0.13558086579632
9.44 -0.13302675727476
9.45 -0.131776535467509
9.46 -0.1304796175051
9.47 -0.128515870316066
9.48 -0.126659337681353
9.49 -0.123792399883959
9.5 -0.119453374966183
9.51 -0.114476934071622
9.52 -0.108268326722507
9.53 -0.100850526592898
9.54 -0.092308218654949
9.55 -0.08322970724127
9.56 -0.073690417314169
9.57 -0.06423312161389
9.58 -0.052617118662354
9.59 -0.040866655329321
9.6 -0.028258277855113
9.61 -0.014300949659839
9.62 0.001219671791944
9.63 0.017492308558865
9.64 0.034857379915822
9.65 0.117120560491824
9.66 0.169990580230942
9.67 0.146351301618628
9.68 0.124093430676192
9.69 0.128940858544783
9.7 0.143816520181676
9.71 0.162800729124622
9.72 0.175493222385224
9.73 0.179613345158386
9.74 0.17646069907882
9.75 0.173178165628944
9.76 0.171301490834818
9.77 0.170123886815268
9.78 0.168851494640901
9.79 0.166444909272943
9.8 0.162232211206701
9.81 0.157028339480016
9.82 0.150905363667397
9.83 0.143625246538384
9.84 0.135100798258812
9.85 0.125495729178855
9.86 0.115089182198011
9.87 0.103712717375545
9.88 0.091473439470678
9.89 0.07850002007323
9.9 0.064914407622232
9.91 0.051229426667357
9.92 0.03772713375885
9.93 0.024772781317773
9.94 0.01211167037477
9.95 -0.002593543973021
9.96 -0.019205536096488
9.97 -0.090497392791465
9.98 -0.141069814974697
9.99 -0.156745685744984
10.0 -0.122922106948679
10.01 -0.089155442886319
10.02 -0.090193916227279
10.03 -0.111649048797518
10.04 -0.144459113117463
10.05 -0.126663991101894
10.06 -0.119180830375147
10.07 -0.113503672257394
10.08 -0.109558624249518
10.09 -0.102606136203384
10.1 -0.09859597275123
10.11 -0.093724604697546
10.12 -0.086517884890764
10.13 -0.079573209312679
10.14 -0.070944024308604
10.15 -0.061779625504047
10.16 -0.052259936072892
10.17 -0.042879840948197
10.18 -0.033131766907729
10.19 -0.023281870116031
10.2 -0.013441574945019
10.21 -0.004690421576735
10.22 0.004240667611995
10.23 0.040759766022351
10.24 0.10060661169683
10.25 0.079585684644069
10.26 0.07309105796313
10.27 0.082963589547493
10.28 0.112699358098963
10.29 0.104315205185122
10.3 0.099826770052893
10.31 0.095378077852559
10.32 0.095762504748092
10.33 0.10001972675112
10.34 0.105932111044584
10.35 0.110953556896123
10.36 0.116055436418764
10.37 0.117271919187992
10.38 0.111973552055186
10.39 0.109046830408027
10.4 0.102895521053505
10.41 0.093575584213966
10.42 0.086163627356691
10.43 0.076592777080576
10.44 0.065821543859988
10.45 0.054681527699937
10.46 0.043573553418859
10.47 0.032367356942794
10.48 0.019275326438709
10.49 0.005613139947227
10.5 -0.01010962703535
10.51 -0.02771883900645
10.52 -0.099737338675099
10.53 -0.12601441969586
10.54 -0.126342257021903
10.55 -0.079002495258678
10.56 -0.026809788733263
10.57 -0.032642400870706
10.58 -0.043156337158026
10.59 -0.045631165930472
10.6 -0.070137774432485
10.61 -0.068817986136997
10.62 -0.056048321875079
10.63 -0.065622293929523
10.64 -0.07567698162682
10.65 -0.074368781849127
10.66 -0.067963687167548
10.67 -0.062341465421472
10.68 -0.059099244098389
10.69 -0.059516423889598
10.7 -0.059914493255638
10.71 -0.060648773418189
10.72 -0.060981561875007
10.73 -0.059873388978936
10.74 -0.058284978990846
10.75 -0.055515480901209
10.76 -0.052507737435668
10.77 -0.048861381791947
10.78 -0.045077625055979
10.79 -0.041160095957676
10.8 -0.037723190373627
10.81 -0.034184141035847
10.82 -0.029707841964515
10.83 -0.023595106945427
10.84 -0.017450193077714
10.85 0.009324007752018
10.86 0.000624101346945
10.87 -0.02008368679114
10.88 -0.022349080126505
10.89 -0.025280830837068
10.9 -0.028629880775773
10.91 -0.032433944775484
10.92 -0.036674241997946
10.93 -0.040991850995868
10.94 -0.045200450692373
10.95 -0.048629382148481
10.96 -0.050771745630583
10.97 -0.05137763135606
10.98 -0.050295337885064
10.99 -0.047380332763128
11.0 -0.043512044140186
11.01 -0.038880818059656
11.02 -0.033484357937005
11.03 -0.02767216141959
11.04 -0.021629738505932
11.05 -0.015435416626364
11.06 -0.009290977976348
11.07 -0.003608288452346
11.08 0.002154219599505
11.09 0.008159462025803
11.1 0.014257977138333
11.11 0.046313698926354
11.12 0.082806304219762
11.13 0.064044832376082
11.14 0.064861963319867
11.15 0.078698208537998
11.16 0.097326364518568
11.17 0.112080427641832
11.18 0.11261683464133
11.19 0.107352496013405
11.2 0.102881697104051
11.21 0.102430778479562
11.22 0.105876313218409
11.23 0.111107823019714
11.24 0.117051275367809
11.25 0.122789408407031
11.26 0.127962828911697
11.27 0.131783167444248
11.28 0.134104085971408
11.29 0.134351128089415
11.3 0.132065413849858
11.31 0.128862590797411
11.32 0.124354032014399
11.33 0.11805525080531
11.34 0.110787211673968
11.35 0.102904146629258
11.36 0.095344964608541
11.37 0.087896698611071
11.38 0.080649795747338
11.39 0.072560058241013
11.4 0.063206718819646
11.41 0.053173906706261
11.42 0.042436161957286
11.43 0.031334597365982
11.44 0.019732483898473
11.45 0.007830131196202
11.46 -0.005959279776948
11.47 -0.023246748168548
11.48 -0.10126208703319
11.49 -0.151781736297003
11.5 -0.165450633747263
11.51 -0.115291463113752
11.52 -0.100716689329399
11.53 -0.107299366492327
11.54 -0.122628173171757
11.55 -0.134735992283273
11.56 -0.131432354374777
11.57 -0.125003065365451
11.58 -0.118271185400319
11.59 -0.11217587718721
11.6 -0.106625057605568
11.61 -0.102185124214296
11.62 -0.097467677249044
11.63 -0.091715467384452
11.64 -0.085496029181799
11.65 -0.078563326376167
11.66 -0.071133128740339
11.67 -0.063161605991657
11.68 -0.054544558954722
11.69 -0.045277375053837
11.7 -0.035460488712297
11.71 -0.025466519373329
11.72 -0.015044234709902
11.73 -0.002033180856484
11.74 0.031705300599265
11.75 0.101992824246474
11.76 0.1014375442388
11.77 0.06747392950738
11.78 0.06488152423622
11.79 0.075651286382924
11.8 0.095224313176817
11.81 0.10518286057611
11.82 0.103019463507491
11.83 0.099192011509495
11.84 0.096075865953597
11.85 0.096453718448609
11.86 0.099268011039416
11.87 0.103733015533422
11.88 0.108931066105668
11.89 0.114239956356321
11.9 0.118788083079245
11.91 0.122446305745152
11.92 0.123687553801703
11.93 0.122647978693146
11.94 0.121625992666521
11.95 0.120187976039448
11.96 0.11799631410102
11.97 0.114229390462882
11.98 0.109628198990773
11.99 0.104618182684359
12.0 0.09898570710237
12.01 0.093040487723045
12.02 0.081996313059577
12.03 0.068831587368225
12.04 0.059365705476052
12.05 0.053875856786195
12.06 0.04778348617366
12.07 0.041383832679393
12.08 0.034567596264429
12.09 0.027409310009407
12.1 0.019878886133622
12.11 0.012051720722458
12.12 0.003896598900215
12.13 -0.004372362194793
12.14 -0.012665786725296
12.15 -0.022279859586355
12.16 -0.034453277282961
12.17 -0.047163963106017
12.18 -0.112285002594749
12.19 -0.16092303567085
12.2 -0.177919797384783
12.21 -0.143512563029993
12.22 -0.108364466502487
12.23 -0.105064069537915
12.24 -0.113119191257304
12.25 -0.123658815759616
12.26 -0.128436130892332
12.27 -0.125035732622686
12.28 -0.117861045268413
12.29 -0.110409906049293
12.3 -0.104125223300835
12.31 -0.098931763262992
12.32 -0.093890462034955
12.33 -0.089028184297961
12.34 -0.084351565748803
12.35 -0.079661661241161
12.36 -0.075112743229281
12.37 -0.070707559372282
12.38 -0.066279588685049
12.39 -0.061763792372536
12.4 -0.057342689597646
12.41 -0.052939486886442
12.42 -0.048418266367462
12.43 -0.043757816715287
12.44 -0.039042173267699
12.45 -0.034132612130858
12.46 -0.029027523947376
12.47 -0.023631413168442
12.48 -0.016271429896124
12.49 -0.006735490147844
12.5 0.005170383320658
12.51 0.067036278424964
12.52 0.096082372138794
12.53 0.088818970813115
12.54 0.03950699084263
12.55 0.027730447327922
12.56 0.041961495888018
12.57 0.069316089617478
12.58 0.061223490202932
12.59 0.034535737697286
12.6 -0.002643860318032
12.61 -0.014432345573709
12.62 -7.0294461316e-05
12.63 0.008302308608399
12.64 0.047046080015022
12.65 0.061134019198458
12.66 0.045223941445016
12.67 0.038974766625613
12.68 0.036164822936461
12.69 0.032488346058973
12.7 0.029716636424836
12.71 0.028708471136432
12.72 0.028190764766414
12.73 0.027478606752393
12.74 0.026295074691196
12.75 0.024255630607372
12.76 0.021668144269717
12.77 0.018601873111621
12.78 0.015475183237076
12.79 0.012288985474529
12.8 0.009198983397457
12.81 0.006053557265377
12.82 0.002219765493088
12.83 -0.032537186000701
12.84 -0.046683544763137
12.85 -0.038979000929822
12.86 -0.037604082973456
12.87 -0.037704240793482
12.88 -0.038335000104976
12.89 -0.039257547524779
12.9 -0.040213695166604
12.91 -0.040916652373148
12.92 -0.04129439343709
12.93 -0.04126260162779
12.94 -0.045216559238621
12.95 -0.045093823269701
12.96 -0.043578364887993
12.97 -0.041710407232714
12.98 -0.039274308901968
12.99 -0.036841751161569
13.0 -0.034470090901595
13.01 -0.032181007313165
13.02 -0.029591228022012
13.03 -0.026759003077927
13.04 -0.023628084179835
13.05 -0.020251364624453
13.06 -0.016800106148054
13.07 -0.013201930261714
13.08 -0.009535027195363
13.09 -0.00441300328707
13.1 0.002251539657531
13.11 0.022321987498492
13.12 0.071547951772622
13.13 0.086443086792994
13.14 0.05974424970818
13.15 0.022463138823746
13.16 0.031630967816663
13.17 0.060365302818141
13.18 0.057132949054169
13.19 0.026944272053086
13.2 0.026221237105909
13.21 0.022047751271287
13.22 0.02165958156691
13.23 0.028543463655175
13.24 -0.007489598499678
13.25 -0.023263968131492
13.26 -0.016575131113498
13.27 -0.017723761213367
13.28 -0.025937064895332
13.29 -0.027451015636599
13.3 -0.029534889767702
13.31 -0.031766672174079
13.32 -0.034034062998831
13.33 -0.036300476343444
13.34 -0.038412675252936
13.35 -0.040246380650576
13.36 -0.041653463413037
13.37 -0.042583590892812
13.38 -0.043056529401588
13.39 -0.043038368395379
13.4 -0.042582255042057
13.41 -0.041740606856569
13.42 -0.040654074829096
13.43 -0.039364933583682
13.44 -0.03783469369684
13.45 -0.035994346629911
13.46 -0.033725551500971
13.47 -0.031103669382331
13.48 -0.028169257493146
13.49 -0.024851190923227
13.5 -0.02129755482479
13.51 -0.017617209617528
13.52 -0.01394457909578
13.53 -0.0100604818213
13.54 -0.004371220571824
13.55 0.002556432575114
13.56 0.016437532863978
13.57 0.069693289227166
13.58 0.088223043376894
13.59 0.080324522374948
13.6 0.022681490707353
13.61 0.029855629309862
13.62 0.049143471045113
13.63 0.043525304542195
13.64 -0.010186500365141
13.65 -0.025667315853957
13.66 -0.022906583918834
13.67 -0.02450404419035
13.68 -0.026422726861225
13.69 -0.02833936744767
13.7 -0.030227457345675
13.71 -0.032128338969025
13.72 -0.033989164888413
13.73 -0.035813915192046
13.74 -0.037612647388388
13.75 -0.039329264439917
13.76 -0.040934455015103
13.77 -0.042327232833537
13.78 -0.043205949689188
13.79 -0.043435278989176
13.8 -0.043001846936989
13.81 -0.04190708392694
13.82 -0.040290504743498
13.83 -0.038065591708167
13.84 -0.035270988955488
13.85 -0.032058895558152
13.86 -0.028519809194596
13.87 -0.024795287549924
13.88 -0.020969859015027
13.89 -0.017156707741458
13.9 -0.013376947857467
13.91 -0.009727422069223
13.92 -0.0060635516165
13.93 -0.002279420232131
13.94 0.001614207808798
13.95 0.007020971145861
13.96 0.013939693300209
13.97 0.036559092413421
13.98 0.088027586239475
13.99 0.105243134845747
14.0 0.075299730934972
14.01 0.045428081854174
14.02 0.050510425596204
14.03 0.081524547596804
14.04 0.088427920438103
14.05 0.064364693800003
14.06 0.052655210531159
14.07 0.044789438194392
14.08 0.041097119645993
14.09 0.038953386957071
14.1 0.037000934013181
14.11 0.034338249065495
14.12 0.031761880989323
14.13 0.02899346991514
14.14 0.024505564517286
14.15 -0.003486352856619
14.16 -0.024492681534662
14.17 -0.005965882637331
14.18 -0.001406130587215
14.19 -0.003233091796602
14.2 -0.005347278890285
14.21 -0.006835778104708
14.22 -0.006775764754502
14.23 -0.005481617079333
14.24 -0.004299860617752
14.25 -0.003869471824744
14.26 -0.003892779332609
14.27 -0.003746003377859
14.28 -0.00294395516272
14.29 -0.000527736541826
14.3 0.025275162200193
14.31 0.034222514724473
14.32 0.028558823190132
14.33 0.026954462440934
14.34 0.025643925442495
14.35 0.023026650892764
14.36 0.019237436650807
14.37 0.018579660522763
14.38 0.014095631059308
14.39 -0.003033421799956
14.4 -0.05012095057162
14.41 -0.039955168429531
14.42 -0.028636924550442
14.43 -0.033570590434953
14.44 -0.035718870771004
14.45 -0.03233555468483
14.46 -0.028238358843036
14.47 -0.025582217243452
14.48 -0.024591575194326
14.49 -0.024833625174252
14.5 -0.025865736267898
14.51 -0.027565080159978
14.52 -0.029606602330472
14.53 -0.031882087155615
14.54 -0.032155970023744
14.55 -0.035623844081944
14.56 -0.039340338025832
14.57 -0.04296734380682
14.58 -0.046213104598045
14.59 -0.04912946028073
14.6 -0.051724347940334
14.61 -0.053931627576852
14.62 -0.05565575160683
14.63 -0.056973710936319
14.64 -0.057912749173382
14.65 -0.058472007453214
14.66 -0.058885423979543
14.67 -0.059122404833981
14.68 -0.059257876170109
14.69 -0.059104004805521
14.7 -0.05868405681517
14.71 -0.058074324108614
14.72 -0.057071517306235
14.73 -0.055684395858836
14.74 -0.053894051534662
14.75 -0.051624661304344
14.76 -0.04890854492578
14.77 -0.045808127080804
14.78 -0.042368272250369
14.79 -0.038714242502526
14.8 -0.03492746414886
14.81 -0.031054777711817
14.82 -0.027053328671818
14.83 -0.023008803191283
14.84 -0.018902123863645
14.85 -0.014672512314709
14.86 -0.010302576428782
14.87 -0.005779748434934
14.88 -0.000346898655549
14.89 0.007273016483429
14.9 0.020979897623536
14.91 0.083250014521956
14.92 0.109690922686976
14.93 0.076472193688336
14.94 0.049404985851731
14.95 0.051565178036435
14.96 0.076758469127428
14.97 0.093016975576522
14.98 0.069368930598913
14.99 0.057233233271565
15.0 0.048181650694999
15.01 0.042404190647984
15.02 0.039636714887188
15.03 0.037898630140399
15.04 0.036214105390977
15.05 0.034594765175467
15.06 0.033177449186379
15.07 0.031661486067528
15.08 0.030008988788314
15.09 0.027954605022677
15.1 0.025422360961091
15.11 0.021760146743855
15.12 0.016549981626026
15.13 -0.017046749732479
15.14 -0.030639089246622
15.15 -0.005608663921993
15.16 -0.004753985205544
15.17 -0.013706421345734
15.18 -0.012696555726266
15.19 -0.009548155109938
15.2 -0.01076053279944
15.21 -0.014546684908412
15.22 -0.017843690638081
15.23 -0.01952792056316
15.24 -0.020076941502084
15.25 -0.020131234435366
15.26 -0.019836931516325
15.27 -0.019158451960026
15.28 -0.017616708257408
15.29 -0.015523935709162
15.3 -0.013382877523466
15.31 -0.010821426472392
15.32 -0.008350419439101
15.33 -0.005858835185983
15.34 -0.002759396821628
15.35 0.005928933211156
15.36 0.040522055200734
15.37 0.027026785309107
15.38 0.012049425636072
15.39 0.011199638452813
15.4 0.009027274128651
15.41 0.003943288915048
15.42 0.000897447241329
15.43 0.001365552742684
15.44 0.003785661703083
15.45 0.006779462728767
15.46 0.010072433741848
15.47 0.013302350633714
15.48 0.015796135487826
15.49 0.017137062181187
15.5 0.017250477556975
15.51 0.016367569027817
15.52 0.014725478875852
15.53 0.011458411716337
15.54 0.005276261351575
15.55 -0.030754944096583
15.56 -0.047962292454808
15.57 -0.010639702027832
15.58 0.019345132323032
15.59 0.02327923533426
15.6 0.021959389620293
15.61 0.027467667582507
15.62 0.032493678682761
15.63 0.036735725159453
15.64 0.040306948210084
15.65 0.042494607595772
15.66 0.044636474131182
15.67 0.047064314265376
15.68 0.049557863017627
15.69 0.051843972613049
15.7 0.053937771047445
15.71 0.055393398465389
15.72 0.056320595154894
15.73 0.056654513532326
15.74 0.056015207298859
15.75 0.05442247364108
15.76 0.051330768128717
15.77 0.048083451845641
15.78 0.044181340591211
15.79 0.039565696445713
15.8 0.034899040761169
15.81 0.029525862332185
15.82 0.024195955357843
15.83 0.018594852850721
15.84 0.013098956858672
15.85 0.007491973139022
15.86 0.000338895644832
15.87 -0.00793339432554
15.88 -0.016825161858201
15.89 -0.072178829017008
15.9 -0.098723112778802
15.91 -0.0845093605419
15.92 -0.038050649979265
15.93 -0.032815903655661
15.94 -0.064473673962347
15.95 -0.083506803535383
15.96 -0.061000044150395
15.97 -0.047206029426135
15.98 -0.043073819311022
15.99 -0.04349273003341
16.0 -0.046965773145161
16.01 -0.050089393996393
16.02 -0.049536275216474
16.03 -0.046669217308508
16.04 -0.043313546466044
16.05 -0.038507179620674
16.06 -0.033844403168015
16.07 -0.02855452283507
16.08 -0.022551041018457
16.09 -0.013126547446831
16.1 0.044079561384553
16.11 0.046935735738308
16.12 0.029568524086167
16.13 0.026677883596189
16.14 0.024494851913737
16.15 0.021359089022173
16.16 0.01796942914179
16.17 0.014986756991094
16.18 0.012384013272994
16.19 0.010457697242933
16.2 0.009050749272189
16.21 0.008445098904543
16.22 0.008452151070622
16.23 0.011281884989562
16.24 0.014087495187954
16.25 0.016186147209558
16.26 0.016968253321194
16.27 0.017419759454051
16.28 0.017504280362529
16.29 0.017490741299219
16.3 0.01769128257474
16.31 0.017823969200234
16.32 0.018633706986797
16.33 0.01969326766771
16.34 0.021135412449304
16.35 0.023029646445729
16.36 0.024906042232887
16.37 0.026948215849504
16.38 0.028826752154777
16.39 0.030488916824497
16.4 0.032239314612419
16.41 0.033712635238324
16.42 0.035200093590708
16.43 0.03643858319144
16.44 0.037519929608309
16.45 0.038432810362982
16.46 0.039300746136305
16.47 0.039510682334447
16.48 0.039671589578612
16.49 0.03870532788618
16.5 0.037209499729911
16.51 0.035581868323683
16.52 0.033360960567282
16.53 0.030971910097698
16.54 0.028242349497103
16.55 0.025306668096815
16.56 0.022201775163159
16.57 0.019008325732497
16.58 0.015694137777793
16.59 0.012301449229785
16.6 0.00906271907118
16.61 0.005835140844619
16.62 0.002796482658033
16.63 -0.00014160698412
16.64 -0.002959887825381
16.65 -0.006287885887759
16.66 -0.010332710947067
16.67 -0.021498036000764
16.68 -0.061120448329195
16.69 -0.074593350294744
16.7 -0.041296696028962
16.71 -0.036262969487973
16.72 -0.057429916671166
16.73 -0.078488649506114
16.74 -0.068845344445935
16.75 -0.060039623492841
16.76 -0.04864230118675
16.77 -0.041897656876875
16.78 -0.039616598092046
16.79 -0.038617985517114
16.8 -0.037661295964876
16.81 -0.035948245678193
16.82 -0.033537110749436
16.83 -0.030641224549203
16.84 -0.027261186754978
16.85 -0.022414373785066
16.86 -0.014556450905405
16.87 0.035171740386821
16.88 0.049803518805646
16.89 0.023413077399748
16.9 0.018137372063576
16.91 0.018971330488827
16.92 0.018206953224156
16.93 0.016194110658775
16.94 0.013771299271682
16.95 0.011276351202277
16.96 0.009046585131301
16.97 0.006991899363794
16.98 0.005226115084598
16.99 0.002987051637612
17.0 0.000201308970508
17.01 -0.003233462640631
17.02 0.000975033558521
17.03 0.002027590742718
17.04 0.003198909867753
17.05 0.004431045704528
17.06 0.005646589462332
17.07 0.006470537477288
17.08 0.006747780525684
17.09 0.006869584539354
17.1 0.006597884002753
17.11 0.005943727351303
17.12 0.004706272357896
17.13 0.004322143404982
17.14 0.005142288030643
17.15 0.006431147273922
17.16 0.00807176714634
17.17 0.010125915469574
17.18 0.012249745342256
17.19 0.014166237887856
17.2 0.01591287824437
17.21 0.016977560332036
17.22 0.017276151899353
17.23 0.016931531766566
17.24 0.015638383694078
17.25 0.01370016286228
17.26 0.011442451401124
17.27 0.009089232274343
17.28 0.006557351587199
17.29 0.004105730461866
17.3 0.001632594298765
17.31 -0.000744501328521
17.32 -0.003090285737696
17.33 -0.005797946808945
17.34 -0.030574874346989
17.35 -0.042846774668647
17.36 -0.048591771125294
17.37 -0.056265756759226
17.38 -0.058148370972725
17.39 -0.052600423847129
17.4 -0.047555809797513
17.41 -0.045631982139183
17.42 -0.045706992620383
17.43 -0.046945773141858
17.44 -0.047956345106415
17.45 -0.048693263679858
17.46 -0.048782172283396
17.47 -0.048247939771113
17.48 -0.047141925638933
17.49 -0.045317551825798
17.5 -0.042381720260066
17.51 -0.038934264384844
17.52 -0.035213602043256
17.53 -0.030773698497371
17.54 -0.026364916384752
17.55 -0.021604469084522
17.56 -0.016816720991907
17.57 -0.011936533277553
17.58 -0.006960734964289
17.59 -0.000368485353169
17.6 0.008727985378851
17.61 0.057553982985385
17.62 0.101567733576345
17.63 0.092197394612275
17.64 0.057196931658873
17.65 0.054270777891188
17.66 0.064754211288063
17.67 0.068890604903525
17.68 0.063454326127468
17.69 0.057007398423609
17.7 0.052609761483732
17.71 0.049405436907753
17.72 0.046530393126199
17.73 0.043432783329206
17.74 0.040162004732459
17.75 0.036568041309345
17.76 0.032723394640829
17.77 0.028831255640749
17.78 0.025112711292407
17.79 0.02170296768484
17.8 0.018517105526805
17.81 0.01563241447999
17.82 0.013044682585842
17.83 0.010465256711082
17.84 0.006775687354663
17.85 -0.012388354824717
17.86 -0.04988051769926
17.87 -0.043924462277719
17.88 -0.024683805475525
17.89 -0.030573104754743
17.9 -0.035431931767835
17.91 -0.033173565627594
17.92 -0.030986969405112
17.93 -0.03018103015336
17.94 -0.029083007414162
17.95 -0.026244046532801
17.96 -0.021707201317826
17.97 -0.0172334281132
17.98 -0.011845228054056
17.99 -0.006387645937028
18.0 0.000649876925278
18.01 0.025694198420909
18.02 0.081837855406387
18.03 0.064760994227007
18.04 0.051668451752429
18.05 0.050818304536443
18.06 0.049009482244788
18.07 0.045861278104064
18.08 0.042419675581451
18.09 0.039526344301894
18.1 0.036878395220142
18.11 0.034390173347063
18.12 0.030862243836693
18.13 0.02947771342665
18.14 0.028362996662616
18.15 0.027302223743508
18.16 0.026156547427811
18.17 0.025212781849371
18.18 0.024334722191811
18.19 0.023653715211811
18.2 0.022777290801749
18.21 0.021716237171668
18.22 0.020689003072369
18.23 0.01982983596486
18.24 0.018728464562925
18.25 0.017552902331403
18.26 0.016239081895674
18.27 0.015342581662907
18.28 0.014310762260194
18.29 0.012988091607377
18.3 0.01151184992188
18.31 0.009908412254691
18.32 0.008203642916565
18.33 0.006455198589198
18.34 0.004369249833442
18.35 0.002113973118241
18.36 -8.5692292116e-05
18.37 -0.003383176109698
18.38 -0.012423085798859
18.39 -0.061942575652715
18.4 -0.081473873748123
18.41 -0.048122083156626
18.42 -0.03855960400501
18.43 -0.048657563231829
18.44 -0.052450862060769
18.45 -0.045062660515606
18.46 -0.039017712351013
18.47 -0.036388524709927
18.48 -0.03377355332038
18.49 -0.029938373653368
18.5 -0.024973709165746
18.51 -0.017715900070085
18.52 0.023550145927349
18.53 0.033816070946907
18.54 0.014921782015944
18.55 0.013002096249391
18.56 0.013456528944405
18.57 0.010878646269987
18.58 0.006945784259804
18.59 0.002446518508493
18.6 -0.005712647381111
18.61 -0.033210890420032
18.62 -0.029777999486776
18.63 -0.023237318634965
18.64 -0.022066162527305
18.65 -0.019119236365696
18.66 -0.012209393621339
18.67 0.011708028279215
18.68 0.015340070485046
18.69 0.004664100987135
18.7 0.004006009064436
18.71 -0.014408539729425
18.72 -0.027768720440909
18.73 -0.01836217043169
18.74 -0.021005079962792
18.75 -0.024432333520743
18.76 -0.025100016174125
18.77 -0.024547359121729
18.78 -0.023987293658828
18.79 -0.02344130882554
18.8 -0.022784893378509
18.81 -0.021971185171971
18.82 -0.021066954327244
18.83 -0.020047679096744
18.84 -0.018894413623437
18.85 -0.01769871328985
18.86 -0.016472331529746
18.87 -0.015181006257597
18.88 -0.013822548381677
18.89 -0.012309201124706
18.9 -0.010626516386836
18.91 -0.008794782435298
18.92 -0.006890285118699
18.93 -0.004757514582517
18.94 -0.002514599400811
18.95 -1.8090090496e-05
18.96 0.004067924596634
18.97 0.037368898522219
18.98 0.067769873433572
18.99 0.043148564109771
19.0 0.031451305684391
19.01 0.041256533131162
19.02 0.044526440437417
19.03 0.037587381960548
19.04 0.033182212363725
19.05 0.032237324527097
19.06 0.031208811773859
19.07 0.028065566739785
19.08 0.023144905433287
19.09 0.017637409128201
19.1 0.01154770680379
19.11 -0.011562805145411
19.12 -0.048840945020583
19.13 -0.03729005421063
19.14 -0.034494866418952
19.15 -0.034676248362336
19.16 -0.033934648616935
19.17 -0.033388965635754
19.18 -0.033048617945119
19.19 -0.03172502129381
19.2 -0.033647316070468
19.21 -0.035046796099592
19.22 -0.035843048246077
19.23 -0.036099513155248
19.24 -0.035901470712858
19.25 -0.035250664314816
19.26 -0.034199604120377
19.27 -0.032636773154765
19.28 -0.030517129021474
19.29 -0.027944519870228
19.3 -0.0250509801346
19.31 -0.021899490244133
19.32 -0.018453581486295
19.33 -0.01483974731172
19.34 -0.011190427112124
19.35 -0.007691188519367
19.36 -0.004237215255519
19.37 0.000518128342011
19.38 0.006496946553224
19.39 0.036315173827264
19.4 0.0759959010187
19.41 0.065295622569677
19.42 0.033067023204043
19.43 0.035791837508465
19.44 0.065268105475365
19.45 0.068461694556473
19.46 0.050393398019133
19.47 0.043222424743604
19.48 0.041953784967346
19.49 0.043017636828474
19.5 0.043664034945446
19.51 0.04292442139202
19.52 0.04106499179619
19.53 0.039025345981906
19.54 0.036443509422502
19.55 0.033776030405591
19.56 0.030996088722341
19.57 0.028251962982567
19.58 0.025670770331495
19.59 0.023402624890852
19.6 0.021416660701896
19.61 0.019801124776637
19.62 0.018509950810017
19.63 0.017408571400876
19.64 0.016516113070039
19.65 0.015896945617647
19.66 0.015480943792378
19.67 0.015174121510726
19.68 0.014901178715869
19.69 0.014785938227339
19.7 0.014888916134995
19.71 0.015317835852999
19.72 0.016125437824774
19.73 0.017253174358528
19.74 0.018533148694487
19.75 0.019896087255395
19.76 0.021253017906602
19.77 0.02208759253074
19.78 0.022284031757313
19.79 0.021452864124936
19.8 0.01956031604391
19.81 0.017492562912742
19.82 0.01451245584832
19.83 0.011166501229502
19.84 0.007690001039286
19.85 0.003846170588697
19.86 -0.001567311969457
19.87 -0.013014183624655
19.88 -0.06690977957876
19.89 -0.088390748622946
19.9 -0.051379348481123
19.91 -0.037105761288505
19.92 -0.044701476630371
19.93 -0.049755403947181
19.94 -0.043986785647318
19.95 -0.035913101404301
19.96 -0.030619048031594
19.97 -0.027483394655613
19.98 -0.026109874519796
19.99 -0.02601330323981
20.0 -0.026714536727098
20.01 -0.027494656118338
20.02 -0.027969128332867
20.03 -0.028100549290925
20.04 -0.027869998914527
20.05 -0.026926940001939
20.06 -0.025915573770978
20.07 -0.024715583940037
20.08 -0.023253098934863
20.09 -0.021840718807511
20.1 -0.020246557629825
20.11 -0.018594224655446
20.12 -0.016951816937441
20.13 -0.015328551474374
20.14 -0.013484320417901
20.15 -0.011683929181393
20.16 -0.009892865157286
20.17 -0.007288165996293
20.18 -3.5460610682e-05
20.19 0.029305609847753
20.2 0.031759966216721
20.21 0.009362728527187
20.22 0.019424512828182
20.23 0.031783346967111
20.24 0.025082849016041
20.25 0.021192270282987
20.26 0.023571302060119
20.27 0.024301864361349
20.28 0.021726877173496
20.29 0.018132218717697
20.3 0.014892194760532
20.31 0.011625035412623
20.32 0.000202541959367
20.33 -0.031742042961216
20.34 -0.02339713668331
20.35 -0.019170355761022
20.36 -0.019700382123729
20.37 -0.019040913599679
20.38 -0.017640921747873
20.39 -0.016363882837001
20.4 -0.015331734543949
20.41 -0.014770983301366
20.42 -0.014033974251811
20.43 -0.013235910513968
20.44 -0.012528938592942
20.45 -0.012117541696164
20.46 -0.011925199644906
20.47 -0.011837412301054
20.48 -0.011773539180581
20.49 -0.011703263715314
20.5 -0.011570082944165
20.51 -0.011352276159985
20.52 -0.010991882501607
20.53 -0.010557095163938
20.54 -0.010345147165138
20.55 -0.010452297237816
20.56 -0.010640748089127
20.57 -0.011109510047077
20.58 -0.011693349038439
20.59 -0.012278834439814
20.6 -0.012814931874762
20.61 -0.013154407025092
20.62 -0.013243125743553
20.63 -0.013067986201446
20.64 -0.012486848446291
20.65 -0.011635904214128
20.66 -0.010582886319665
20.67 -0.009283339031298
20.68 -0.007906225587946
20.69 -0.006442442149757
20.7 -0.005054070594398
20.71 -0.003784560108161
20.72 -0.002652365457821
20.73 -0.001677517727917
20.74 -0.000758072719062
20.75 0.00011141227094
20.76 0.000720528543867
20.77 0.001335584933431
20.78 0.002102492712948
20.79 0.003339234914067
20.8 0.005077762460565
20.81 0.016841431685003
20.82 0.030981565240626
20.83 0.02408636325091
20.84 0.0051275757233
20.85 0.007793283044456
20.86 0.003048862807038
20.87 0.001082155387575
20.88 0.000503040853474
20.89 -0.000128650648894
20.9 -0.000690358904764
20.91 -0.001138670450164
20.92 -0.001380324039453
20.93 -0.001284433776163
20.94 -0.000842717287933
20.95 -0.000186620288488
20.96 0.000644135892789
20.97 0.002167015927324
20.98 0.01702375348528
20.99 0.046130921914095
21.0 0.029211343864512
21.01 0.014218633808695
21.02 0.009456256092257
21.03 -0.008334037960162
21.04 -0.018403064660023
21.05 -0.019491220693288
21.06 -0.009400328442057
21.07 -0.006002626651371
21.08 -0.006948940544666
21.09 -0.007602915211122
21.1 -0.008048077014132
21.11 -0.008335886358943
21.12 -0.008490490017853
21.13 -0.008513135113787
21.14 -0.008552084260172
21.15 -0.008755043948855
21.16 -0.009014851298453
21.17 -0.009422731609023
21.18 -0.009847945858201
21.19 -0.010198424921077
21.2 -0.010488526400349
21.21 -0.010607765348552
21.22 -0.010460444551425
21.23 -0.010097298938279
21.24 -0.009383104636452
21.25 -0.008398480793373
21.26 -0.007236039976106
21.27 -0.005942088851564
21.28 -0.004612995099019
21.29 -0.00332996139835
21.3 -0.002088805295744
21.31 -0.000911153367911
21.32 0.000202285898538
21.33 0.001348652550319
21.34 0.00261320073663
21.35 0.00448244724124
21.36 0.022404038485249
21.37 0.037127328742763
21.38 0.027937666669061
21.39 0.035406557087968
21.4 0.048124895393428
21.41 0.04475975545958
21.42 0.032976205530598
21.43 0.026698833684878
21.44 0.025619426249534
21.45 0.026324542614386
21.46 0.026724553238604
21.47 0.026141063485865
21.48 0.024158035559346
21.49 0.021448349775764
21.5 0.018437214013263
21.51 0.014998342069354
21.52 0.011265054046113
21.53 0.005247589420087
21.54 -0.019423181426803
21.55 -0.062152291883478
21.56 -0.054351752084229
21.57 -0.024851314787717
21.58 -0.023651940748683
21.59 -0.027332981326606
21.6 -0.023966119464603
21.61 -0.018055616755782
21.62 -0.012180392519772
21.63 0.016393503997927
21.64 0.034053154924303
21.65 0.027609317027052
21.66 0.025727104400136
21.67 0.023795987142941
21.68 0.01833629942157
21.69 0.019644577380007
21.7 0.020715553104717
21.71 0.021671849013698
21.72 0.022580993767147
21.73 0.02331020513856
21.74 0.023942814212715
21.75 0.024394865547831
21.76 0.024702344285035
21.77 0.024835899895558
21.78 0.024800287885021
21.79 0.024642124890753
21.8 0.024304997589284
21.81 0.023731004258342
21.82 0.022858843711394
21.83 0.021568771969847
21.84 0.01984638907569
21.85 0.01778468887903
21.86 0.015340997478162
21.87 0.012674705166737
21.88 0.009903024618798
21.89 0.007020377915577
21.9 0.003269362556207
21.91 -0.001996145153264
21.92 -0.028327528795859
21.93 -0.066247209532792
21.94 -0.063232568451046
21.95 -0.026473436083281
21.96 -0.025504688440933
21.97 -0.053619606430717
21.98 -0.046034325990111
21.99 -0.029833721878949
22.0 -0.024914328517395
22.01 -0.026451756604158
22.02 -0.027490202260237
22.03 -0.025460739049269
22.04 -0.02252949095821
22.05 -0.020459364412481
22.06 -0.018952121274947
22.07 -0.017123707193433
22.08 -0.013713498036624
22.09 0.016050466381624
22.1 0.024461155796337
22.11 0.019092498101476
22.12 0.019862049853933
22.13 0.01976246146931
22.14 0.018963093317067
22.15 0.018250710828393
22.16 0.017479331813724
22.17 0.01656749382398
22.18 0.013388044782405
22.19 0.011452176470629
22.2 0.010826793247077
22.21 0.009784208549917
22.22 0.008454095563021
22.23 0.006899880648443
22.24 0.005067400511567
22.25 0.002554996080596
22.26 -0.008586190192288
22.27 -0.046168703122825
22.28 -0.034431126468449
22.29 -0.027092414962599
22.3 -0.035459362959522
22.31 -0.038119851882698
22.32 -0.030701560491184
22.33 -0.024175140909941
22.34 -0.022196698443772
22.35 -0.022842893747384
22.36 -0.024152305351277
22.37 -0.024999118569474
22.38 -0.025243376230017
22.39 -0.025089886201315
22.4 -0.024814619155211
22.41 -0.024525889127838
22.42 -0.024168788221164
22.43 -0.02348503465044
22.44 -0.022467847811422
22.45 -0.021271979175724
22.46 -0.01976354100259
22.47 -0.018172940400043
22.48 -0.016445413454108
22.49 -0.014754929671556
22.5 -0.013231250024021
22.51 -0.011904446726893
22.52 -0.01084620382244
22.53 -0.010103497272539
22.54 -0.009677171703671
22.55 -0.009475282270237
22.56 -0.009432549281962
22.57 -0.0094488196488
22.58 -0.009469687300341
22.59 -0.009352815695227
22.6 -0.00904430780708
22.61 -0.008503151767613
22.62 -0.007757449274874
22.63 -0.006835517973055
22.64 -0.00578041300594
22.65 -0.004709030461402
22.66 -0.003700542388473
22.67 -0.002863612880215
22.68 -0.002352532167262
22.69 -0.001941013265258
22.7 -0.001673471697379
22.71 -0.001537833463205
22.72 -0.001388041157179
22.73 -0.001220849477495
22.74 -0.000859902934403
22.75 -0.000358236724773
22.76 0.000404826503222
22.77 0.001274168411188
22.78 0.002305932203737
22.79 0.003463067274311
22.8 0.005308237563554
22.81 0.018269676042347
22.82 0.048593104146374
22.83 0.038812141747299
22.84 0.022816792035856
22.85 0.030388784161853
22.86 0.032161506142505
22.87 0.016458400745603
22.88 -0.014739727906746
22.89 -0.009806304494616
22.9 -0.008327723159005
22.91 -0.007622370250813
22.92 -0.000656456780681
22.93 -0.000546070355609
22.94 -0.000302322466897
22.95 0.000129052443983
22.96 0.000710469208014
22.97 0.00136911393116
22.98 0.00210183181411
22.99 0.002770214389036
23.0 0.003439951029465
23.01 0.004122466418939
23.02 0.004627705308457
23.03 0.005550814254243
23.04 0.00744649958315
23.05 0.003700031480084
23.06 0.006061805298095
23.07 0.009029530005878
23.08 0.015074576411207
23.09 0.02916477094693
23.1 0.036825468858332
23.11 0.040820359198725
23.12 0.038507450495262
23.13 0.033448486874015
23.14 0.030585389157308
23.15 0.030053542917997
23.16 0.030054893604456
23.17 0.029582383417512
23.18 0.028554815287395
23.19 0.027117677163016
23.2 0.025438564405802
23.21 0.023807366872768
23.22 0.02232757850347
23.23 0.020981261045376
23.24 0.019888407792718
23.25 0.018907980462677
23.26 0.017984233648549
23.27 0.017004707278957
23.28 0.015903551548828
23.29 0.014667986112571
23.3 0.013223836613587
23.31 0.011583755003643
23.32 0.009766705782342
23.33 0.007839551072308
23.34 0.00546664928351
23.35 0.001701492908234
23.36 -0.016616269464162
23.37 -0.048657161008359
23.38 -0.043105331544078
23.39 -0.013878105823163
23.4 -0.022906406708307
23.41 -0.044117701056466
23.42 -0.028376705537705
23.43 -0.017520451628531
23.44 -0.017318320462103
23.45 -0.01778246776106
23.46 0.00447671514057
23.47 0.011307810682237
23.48 -0.002048707137617
23.49 -0.000549081342533
23.5 0.005142201359049
23.51 0.00404715066597
23.52 0.004225450715018
23.53 0.006688722284093
23.54 0.006452383293548
23.55 0.006284038743399
23.56 0.006043929171878
23.57 0.005762653169716
23.58 0.005449816713545
23.59 0.005134670901643
23.6 0.004835056342262
23.61 0.00450283496752
23.62 0.004143494111825
23.63 0.003870521376814
23.64 0.00363401254225
23.65 0.003371650014686
23.66 0.003109827260439
23.67 0.002783796904516
23.68 0.002379869303221
23.69 0.001946424709935
23.7 0.001405593931036
23.71 0.000759976031076
23.72 -0.000247044766112
23.73 -0.001820045142993
23.74 -0.014924281500087
23.75 -0.0252429094607
23.76 -0.014914651293986
23.77 -0.007479800340558
23.78 -0.01433453941696
23.79 -0.003352980824543
23.8 0.00173634429204
23.81 0.001753109470997
23.82 0.001605783972212
23.83 0.00131595526784
23.84 0.000832154935945
23.85 8.2891284399e-05
23.86 -0.00163296683278
23.87 -0.022899135626706
23.88 -0.038792478352355
23.89 -0.019457362984439
23.9 -0.016484950308081
23.91 -0.021710524651302
23.92 -0.004003547468151
23.93 0.014328741683345
23.94 0.008685781565628
23.95 0.012978093899606
23.96 0.007504386877608
23.97 0.003772886212498
23.98 0.004324744538906
23.99 0.004477631401377
24.0 0.004271505244079
24.01 0.00382044663118
24.02 0.00313140337407
24.03 0.001554636979955
24.04 -0.018025101488023
24.05 -0.027665586567837
24.06 -0.021030362227953
24.07 -0.015701572318127
24.08 -0.012690377247029
24.09 -0.010548666903289
24.1 -0.008515954100019
24.11 -0.006405050937571
24.12 -0.003949645932409
24.13 -0.000188178056132
24.14 0.002369692310722
24.15 -0.001366940571606
24.16 -0.002533439007097
24.17 -0.003669620142181
24.18 -0.004923273333051
24.19 -0.006434717706757
24.2 -0.008116150170852
24.21 -0.009709959648631
24.22 -0.010927244029571
24.23 -0.011453728128906
24.24 -0.011387931537379
24.25 -0.010841824715743
24.26 -0.009936533687938
24.27 -0.008871582155399
24.28 -0.00780834175679
24.29 -0.00685419063104
24.3 -0.006070633201238
24.31 -0.005503622836564
24.32 -0.00521691180303
24.33 -0.005222553016263
24.34 -0.005485279694307
24.35 -0.005965860444582
24.36 -0.006575895452418
24.37 -0.007235237026048
24.38 -0.007817723121371
24.39 -0.008250705501014
24.4 -0.008539684987711
24.41 -0.008695514744047
24.42 -0.00872027861903
24.43 -0.008614190251894
24.44 -0.008408668549336
24.45 -0.008136261574831
24.46 -0.00778894081868
24.47 -0.007331080773481
24.48 -0.006730948092175
24.49 -0.006041879523166
24.5 -0.005243370085389
24.51 -0.004328398194137
24.52 -0.003336621608069
24.53 -0.002306065887459
24.54 -0.001103101000565
24.55 0.000824008177769
24.56 0.010032454773735
24.57 0.028775941194217
24.58 0.017049956752406
24.59 0.001421768227235
24.6 0.0200410899702
24.61 0.017317204474486
24.62 0.004193051023319
24.63 0.007919048230426
24.64 0.004677011910863
24.65 0.007142227409449
24.66 0.012422934999073
24.67 0.010563969498142
24.68 0.013251224746211
24.69 0.015810978697783
24.7 0.015783295509451
24.71 0.017468011968792
24.72 0.019313460652163
24.73 0.018479560157018
24.74 0.015744001176051
24.75 0.012765507114135
24.76 0.006833455231697
24.77 -0.018849819751037
24.78 -0.020568011364919
24.79 -0.019047762099243
24.8 -0.020493807409891
24.81 -0.019908729309569
24.82 -0.011818567499932
24.83 -0.008476906337028
24.84 -0.009450837938101
24.85 -0.009955622673393
24.86 -0.010080100975376
24.87 -0.009878450060711
24.88 -0.009363149146957
24.89 -0.00860918375666
24.9 -0.007700119065778
24.91 -0.006663653314615
24.92 -0.005542313066005
24.93 -0.004402502206484
24.94 -0.003219452722005
 
 
 
 
 
 
 
 
 
 
 
 
 
 
 
 
 
 
 
 
 
 
 
 
 
 
 
 
 
 
 
 
 
 
 
 
 
 
 
 
 
 
 
 
 
 
 
 
 
 
 
 
 
 
 
 
 
 
 
 
 
 
 
 
 
 
 
 
 
 
 
 
 
 
 
 
 
 
 
 
 
 
 
 
 
 
 
 
 
 
 
 
 
 
 
 
 
 
 
 
 
 
 
 
 
 
 
 
 
 
 
 
 
 
 
 
 
 
 
 
 
 
 
 
 
 
 
 
 
 
 
 
 
 
 
 
 
 
 
 
 
 
 
 
 
 
 
 
 
 
 
 
 
 
 
 
 
 
 
 
 
 
 
 
 
 
 
 
 
 
 
 
 
 
 
 
 
 
 
 
 
 
 
 
 
 
 
 
 
 
 
 
 
 
 
 
 
 
 
 
 
 
 
 
 
 
 
 
 
 
 
 
 
 
 
 
 
 
 
 
 
 
 
 
 
 
 
 
 
 
 
 
 
 
 
 
 
 
 
 
 
 
 
 
 
 
 
 
 
 
 
 
 
 
 
 
 
 
 
 
 
 
 
 
 
 
 
 
 
 
 
 
 
 
 
 
 
 
 
 
 
 
 
 
 
 
 
 
 
 
 
 
 
 
 
 
 
 
 
 
 
 
 
 
 
 
 
 
 
 
 
 
 
 
 
 
 
 
 
 
 
 
 
 
 
 
 
 
 
 
 
 
 
 
 
 
 
 
 
 
 
 
 
 
 
 
 
 
 
 
 
 
 
 
 
 
 
 
 
 
 
 
 
 
 
 
 
 
 
 
 
 
 
 
 
 
 
 
 
 
 
 
 
 
 
 
 
 
 
 
 
 
 
 
 
 
 
 
 
 
 
 
 
 
 
 
 
 
 
 
 
 
 
 
 
 
 
 
 
 
 
 
 
 
 
 
 
 
 
 
 
 
 
 
 
 
 
 
 
 
 
 
 
 
 
 
 
 
 
 
 
 
 
 
 
 
 
 
 
 
 
 
 
 
 
 
 
 
 
 
 
 
 
 
 
 
 
 
 
 
 
 
 
 
 
 
 
 
 
 
 
 
 
 
 
 
 
 
 
 
 
 
 
 
 
 
 
 
 
 
 
 
 
 
 
 
 
 
 
 
 
 
 
 
 
 
 
 
 
 
 
 
 
 
 
 
 
 
 
 
 
 
 
 
 
 
 
 
 
 
 
 
 
 
 
 
 
 
 
 
 
 
 
 
 
 
 
 
 
 
 
 
 
 
 
 
 
 
 
 
 
 
 
 
 
 
 
 
 
 
 
 
 
 
 
 
 
 
 
 
 
 
 
 
 
 
 
 
 
 
 
 
 
 
 
 
 
 
 
 
 
 
 
 
 
 
 
 
 
 
 
 
 
 
 
 
 
 
 
 
 
 
 
 
 
 
 
 
 
 
 
 
 
 
 
 
 
 
 
 
 
 
 
 
 
 
 
 
 
 
 
 
 
 
 
 
 
 
 
 
 
 
 
 
 
 
 
 
 
 
 
 
 
 
 
 
 
 
 
 
 
 
 
 
 
 
 
 
 
 
 
 
 
 
 
 
 
 
 
 
 
 
 
 
 
 
 
 
 
 
 
 
 
 
 
 
 
 
 
 
 
 
 
 
 
 
 
 
 
 
 
 
 
 
 
 
 
 
 
 
 
 
 
 
 
 
 
 
 
 
 
 
 
 
 
 
 
 
 
 
 
 
 
 
 
 
 
 
 
 
 
 
 
 
 
 
 
 
 
 
 
 
 
 
 
 
 
 
 
 
 
 
 
 
 
 
 
 
 
 
 
 
 
 
 
 
 
 
 
 
 
 
 
 
 
 
 
 
 
 
 
 
 
 
 
 
 
 
 
 
 
 
 
 
 
 
 
 
 
 
 
 
 
 
 
 
 
 
 
 
 
 
 
 
 
 
 
 
 
 
 
 
 
 
 
 
 
 
 
 
 
 
 
 
 
 
 
 
 
 
 
 
 
 
 
 
 
 
 
 
 
 
 
 
 
 
 
 
 
 
 
 
 
 
 
 
 
 
 
 
 
 
 
 
 
 
 
 
 
 
 
 
 
 
 
 
 
 
 
 
 
 
 
 
 
 
 
 
 
 
 
 
 
 
 
 
 
 
 
 
 
 
 
 
 
 
 
 
 
 
 
 
 
 
 
 
 
 
 
 
 
 
 
 
 
 
 
 
 
 
 
 
 
 
 
 
 
 
 
 
 
 
 
 
 
 
 
 
 
 
 
 
 
 
 
 
 
 
 
 
 
 
 
 
 
 
 
 
 
 
 
 
 
 
 
 
 
 
 
 
 
 
 
 
 
 
 
 
 
 
 
 
 
 
 
 
 
 
 
 
 
 
 
 
 
 
 
 
 
 
 
 
 
 
 
 
 
 
 
 
 
 
 
 
 
 
 
 
 
 
 
 
 
 
 
 
 
 
 
 
 
 
 
 
 
 
 
 
 
 
 
 
 
 
 
 
 
 
 
 
 
 
 
 
 
 
 
 
 
 
 
 
 
 
 
 
 
 
 
 
 
 
 
 
 
 
 
 
 
 
 
 
 
 
 
 
 
 
 
 
 
 
 
 
 
 
 
 
 
 
 
 
 
 
 
 
 
 
 
 
 
 
 
 
 
 
 
 
 
 
 
 
 
 
 
 
 
 
 
 
 
 
 
 
 
 
 
 
 
 
 
 
 
 
 
 
 
 
 
 
 
 
 
 
 
 
 
 
 
 
 
 
 
 
 
 
 
 
 
 
 
 
 
 
 
 
 
 
 
 
 
 
 
 
 
 
 
 
 
 
 
 
 
 
 
 
 
 
 
 
 
 
 
 
 
 
 
 
 
 
 
 
 
 
 
 
 
 
 
 
 
 
 
 
 
 
 
 
 
 
 
 
 
 
 
 
 
 
 
 
 
 
 
 
 
 
 
 
 
 
 
 
 
 
 
 
 
 
 
 
 
 
 
 
 
 
 
 
 
 
 
 
 
 
 
 
 
 
 
 
 
 
 
 
 
 
 
 
 
 
 
 
 
 
 
 
 
 
 
 
 
 
 
 
 
 
 
 
 
 
 
 
 
 
 
 
 
 
 
 
 
 
 
 
 
 
 
 
 
 
 
 
 
 
 
 
 
 
 
 
 
 
 
 
 
 
 
 
 
 
 
 
 
 
 
 
 
 
 
 
 
 
 
 
 
 
 
 
 
 
 
 
 
 
 
 
 
 
 
 
 
 
 
 
 
 
 
 
 
 
 
 
 
 
 
 
 
 
 
 
 
 
 
 
 
 
 
 
 
 
 
 
 
 
 
 
 
 
 
 
 
 
 
 
 
 
 
 
 
 
 
 
 
 
 
 
 
 
 
 
 
 
 
 
 
 
 
 
 
 
 
 
 
 
 
 
 
 
 
 
 
 
 
 
 
 
 
 
 
 
 
 
 
 
 
 
 
 
 
 
 
 
 
 
 
 
 
 
 
 
 
 
 
 
 
 
 
 
 
 
 
 
 
 
 
 
 
 
 
 
 
 
 
 
 
 
 
 
 
 
 
 
 
 
 
 
 
 
 
 
 
 
 
 
 
 
 
 
 
 
 
 
 
 
 
 
 
 
 
 
 
 
 
 
 
 
 
 
 
 
 
 
 
 
 
 
 
 
 
 
 
 
 
 
 
 
 
 
 
 
 
 
 
 
 
 
 
 
 
 
 
 
 
 
 
 
 
 
 
 
 
 
 
 
 
 
 
 
 
 
 
 
 
 
 
 
 
 
 
 
 
 
 
 
 
 
 
 
 
 
 
 
 
 
 
 
 
 
 
 
 
 
 
 
 
 
 
 
 
 
 
 
 
 
 
 
 
 
 
 
 
 
 
 
 
 
 
 
 
 
 
 
 
 
 
 
 
 
 
 
 
 
 
 
 
 
 
 
 
 
 
 
 
 
 
 
 
 
 
 
 
 
 
 
 
 
 
 
 
 
 
 
 
 
 
 
 
 
 
 
 
 
 
 
 
 
 
 
 
 
 
 
 
 
 
 
 
 
 
 
 
 
 
 
 
 
 
 
 
 
 
 
 
 
 
 
 
 
 
 
 
 
 
 
 
 
 
 
 
 
 
 
 
 
 
 
 
 
 
 
 
 
 
 
 
 
 
 
 
 
 
 
 
 
 
 
 
 
 
 
 
 
 
 
 
 
 
 
 
 
 
 
 
 
 
 
 
 
 
 
 
 
 
 
 
 
 
 
 
 
 
 
 
 
 
 
 
 
 
 
 
 
 
 
 
 
 
 
 
 
 
 
 
 
 
 
 
 
 
 
 
 
 
 
 
 
 
 
 
 
 
 
 
 
 
 
 
 
 
 
 
 
 
 
 
 
 
 
 
 
 
 
 
 
 
 
 
 
 
 
 
 
 
 
 
 
 
 
 
 
 
 
 
 
 
 
 
 
 
 
 
 
 
 
 
 
 
 
 
 
 
 
 
 
 
 
 
 
 
 
 
 
 
 
 
 
 
 
 
 
 
 
 
 
 
 
 
 
 
 
 
 
 
 
 
 
 
 
 
 
 
 
 
 
 
 
 
 
 
 
 
 
 
 
 
 
 
 
 
 
 
 
 
 
 
 
 
 
 
 
 
 
 
 
 
 
 
 
 
 
 
 
 
 
 
 
 
 
 
 
 
 
 
 
 
 
 
 
 
 
 
 
 
 
 
 
 
 
 
 
 
 
 
 
 
 
 
 
 
 
 
 
 
 
 
 
 
 
 
 
 
 
 
 
 
 
 
 
 
 
 
 
 
 
 
 
 
 
 
 
 
 
 
 
 
 
 
 
 
 
 
 
 
 
 
 
 
 
 
 
 
 
 
 
 
 
 
 
 
 
 
 
 
 
 
 
 
 
 
 
 
 
 
 
 
 
 
 
 
 
 
 
 
 
 
 
 
 
 
 
 
 
 
 
 
 
 
 
 
 
 
 
 
 
 
 
 
 
 
 
 
 
 
 
 
 
 
 
 
 
 
 
 
 
 
 
 
 
 
 
 
 
 
 
 
 
 
 
 
 
 
 
 
 
 
 
 
 
 
 
 
 
 
 
 
 
 
 
 
 
 
 
 
 
 
 
 
 
 
 
 
 
 
 
 
 
 
 
 
 
 
 
 
 
 
 
 
 
 
 
 
 
 
 
 
 
 
 
 
 
 
 
 
 
 
 
 
 
 
 
 
 
 
 
 
 
 
 
 
 
 
 
 
 
 
 
 
 
 
 
 
 
 
 
 
 
 
 
 
 
 
 
 
 
 
 
 
 
 
 
 
 
 
 
 
 
 
 
 
 
 
 
 
 
 
 
 
 
 
 
 
 
 
 
 
 
 
 
 
 
 
 
 
 
 
 
 
 
 
 
 
 
 
 
 
 
 
 
 
 
 
 
 
 
 
 
 
 
 
 
 
 
 
 
 
 
 
 
 
 
 
 
 
 
 
 
 
 
 
 
 
 
 
 
 
 
 
 
 
 
 
 
 
 
 
 
 
 
 
 
 
 
 
 
 
 
 
 
 
 
 
 
 
 
 
 
 
 
 
 
 
 
 
 
 
 
 
 
 
 
 
 
 
 
 
 
 
 
 
 
 
 
 
 
 
 
 
 
 
 
 
 
 
 
 
 
 
 
 
 
 
 
 
 
 
 
 
 
 
 
 
 
 
 
 
 
 
 
 
 
 
 
 
 
 
 
 
 
 
 
 
 
 
 
 
 
 
 
 
 
 
 
 
 
 
 
 
 
 
 
 
 
 
 
 
 
 
 
 
 
 
 
 
 
 
 
 
 
 
 
 
 
 
 
 
 
 
 
 
 
 
 
 
 
 
 
 
 
 
 
 
 
 
 
 
 
 
 
 
 
 
 
 
 
 
 
 
 
 
 
 
 
 
 
 
 
 
 
 
 
 
 
 
 
 
 
 
 
 
 
 
 
 
 
 
 
 
 
 
 
 
 
 
 
 
 
 
 
 
 
 
 
 
 
 
 
 
 
 
 
 
 
 
 
 
 
 
 
 
 
 
 
 
 
 
 
 
 
 
 
 
 
 
 
 
 
 
 
 
 
 
 
 
 
 
 
 
 
 
 
 
 
 
 
 
 
 
 
 
 
 
 
 
 
 
 
 
 
 
 
 
 
 
 
 
 
 
 
 
 
 
 
 
 
 
 
 
 
 
 
 
 
 
 
 
 
 
 
 
 
 
 
 
 
 
 
 
 
 
 
 
 
 
 
 
 
 
 
 
 
 
 
 
 
 
 
 
 
 
 
 
 
 
 
 
 
 
 
 
 
 
 
 
 
 
 
 
 
 
 
 
 
 
 
 
 
 
 
 
 
 
 
 
 
 
 
 
 
 
 
 
 
 
 
 
 
 
 
 
 
 
 
 
 
 
 
 
 
 
 
 
 
 
 
 
 
 
 
 
 
 
 
 
 
 
 
 
 
 
 
 
 
 
 
 
 
 
 
 
 
 
 
 
 
 
 
 
 
 
 
 
 
 
 
 
 
 
 
 
 
 
 
 
 
 
 
 
 
 
 
 
 
 
 
 
 
 
 
 
 
 
 
 
 
 
 
 
 
 
 
 
 
 
 
 
 
 
 
 
 
 
 
 
 
 
 
 
 
 
 
 
 
 
 
 
 
 
 
 
 
 
 
 
 
 
 
 
 
 
 
 
 
 
 
 
 
 
 
 
 
 
 
 
 
 
 
 
 
 
 
 
 
 
 
 
 
 
 
 
 
 
 
 
 
 
 
 
 
 
 
 
 
 
 
 
 
 
 
 
 
 
 
 
 
 
 
 
 
 
 
 
 
 
 
 
 
 
 
 
 
 
 
 
 
 
 
 
 
 
 
 
 
 
 
 
 
 
 
 
 
 
 
 
 
 
 
 
 
 
 
 
 
 
 
 
 
 
 
 
 
 
 
 
 
 
 
 
 
 
 
 
 
 
 
 
 
 
 
 
 
 
 
 
 
 
 
 
 
 
 
 
 
 
 
 
 
 
 
 
 
 
 
 
 
 
 
 
 
 
 
 
 
 
 
 
 
 
 
 
 
 
 
 
 
 
 
 
 
 
 
 
 
 
 
 
 
 
 
 
 
 
 
 
 
 
 
 
 
 
 
 
 
 
 
 
 
 
 
 
 
 
 
 
 
 
 
 
 
 
 
 
 
 
 
 
 
 
 
 
 
 
 
 
 
 
 
 
 
 
 
 
 
 
 
 
 
 
 
 
 
 
 
 
 
 
 
 
 
 
 
 
 
 
 
 
 
 
 
 
 
 
 
 
 
 
 
 
 
 
 
 
 
 
 
 
 
 
 
 
 
 
 
 
 
 
 
 
 
 
 
 
 
 
 
 
 
 
 
 
 
 
 
 
 
 
 
 
 
 
 
 
 
 
 
 
 
 
 
 
 
 
 
 
 
 
 
 
 
 
 
 
 
 
 
 
 
 
 
 
 
 
 
 
 
 
 
 
 
 
 
 
 
 
 
 
 
 
 
 
 
 
 
 
 
 
 
 
 
 
 
 
 
 
 
 
 
 
 
 
 
 
 
 
 
 
 
 
 
 
 
 
 
 
 
 
 
 
 
 
 
 
 
 
 
 
 
 
 
 
 
 
 
 
 
 
 
 
 
 
 
 
 
 
 
 
 
 
 
 
 
 
 
 
 
 
 
 
 
 
 
 
 
 
 
 
 
 
 
 
 
 
 
 
 
 
 
 
 
 
 
 
 
 
 
 
 
 
 
 
 
 
 
 
 
 
 
 
 
 
 
 
 
 
 
 
 
 
 
 
 
 
 
 
 
 
 
 
 
 
 
 
 
 
 
 
 
 
 
 
 
 
 
 
 
 
 
 
 
 
 
 
 
 
 
 
 
 
 
 
 
 
 
 
 
 
 
 
 
 
 
 
 
 
 
 
 
 
 
 
 
 
 
 
 
 
 
 
 
 
 
 
 
 
 
 
 
 
 
 
 
 
 
 
 
 
 
 
 
 
 
 
 
 
 
 
 
 
 
 
 
 
 
 
 
 
 
 
 
 
 
 
 
 
 
 
 
 
 
 
 
 
 
 
 
 
 
 
 
 
 
 
 
 
 
 
 
 
 
 
 
 
 
 
 
 
 
 
 
 
 
 
 
 
 
 
 
 
 
 
 
 
 
 
 
 
 
 
 
 
 
 
 
 
 
 
 
 
 
 
 
 
 
 
 
 
 
 
 
 
 
 
 
 
 
 
 
 
 
 
 
 
 
 
 
 
 
 
 
 
 
 
 
 
 
 
 
 
 
 
 
 
 
 
 
 
 
 
 
 
 
 
 
 
 
 
 
 
 
 
 
 
 
 
 
 
 
 
 
 
 
 
 
 
 
 
 
 
 
 
 
 
 
 
 
 
 
 
 
 
 
 
 
 
 
 
 
 
 
 
 
 
 
 
 
 
 
 
 
 
 
 
 
 
 
 
 
 
 
 
 
 
 
 
 
 
 
 
 
 
 
 
 
 
 
 
 
 
 
 
 
 
 
 
 
 
 
 
 
 
 
 
 
 
 
 
 
 
 
 
 
 
 
 
 
 
 
 
 
 
 
 
 
 
 
 
 
 
 
 
 
 
 
 
 
 
 
 
 
 
 
 
 
 
 
 
 
 
 
 
 
 
 
 
 
 
 
 
 
 
 
 
 
 
 
 
 
 
 
 
 
 
 
 
 
 
 
 
 
 
 
 
 
 
 
 
 
 
 
 
 
 
 
 
 
 
 
 
 
 
 
 
 
 
 
 
 
 
 
 
 
 
 
 
 
 
 
 
 
 
 
 
 
 
 
 
 
 
 
 
 
 
 
 
 
 
 
 
 
 
 
 
 
 
 
 
 
 
 
 
 
 
 
 
 
 
 
 
 
 
 
 
 
 
 
 
 
 
 
 
 
 
 
 
 
 
 
 
 
 
 
 
 
 
 
 
 
 
 
 
 
 
 
 
 
 
 
 
 
 
 
 
 
 
 
 
 
 
 
 
 
 
 
 
 
 
 
 
 
 
 
 
 
 
 
 
 
 
 
 
 
 
 
 
 
 
 
 
 
 
 
 
 
 
 
 
 
 
 
 
 
 
 
 
 
 
 
 
 
 
 
 
 
 
 
 
 
 
 
 
 
 
 
 
 
 
 
 
 
 
 
 
 
 
 
 
 
 
 
 
 
 
 
 
 
 
 
 
 
 
 
 
 
 
 
 
 
 
 
 
 
 
 
 
 
 
 
 
 
 
 
 
 
 
 
 
 
 
 
 
 
 
 
 
 
 
 
 
 
 
 
 
 
 
 
 
 
 
 
 
 
 
 
 
 
 
 
 
 
 
 
 
 
 
 
 
 
 
 
 
 
 
 
 
 
 
 
 
 
 
 
 
 
 
 
 
 
 
 
 
 
 
 
 
 
 
 
 
 
 
 
 
 
 
 
 
 
 
 
 
 
 
 
 
 
 
 
 
 
 
 
 
 
 
 
 
 
 
 
 
 
 
 
 
 
 
 
 
 
 
 
 
 
 
 
 
 
 
 
 
 
 
 
 
 
 
 
 
 
 
 
 
 
 
 
 
 
 
 
 
 
 
 
 
 
 
 
 
 
 
 
 
 
 
 
 
 
 
 
 
 
 
 
 
 
 
 
 
 
 
 
 
 
 
 
 
 
 
 
 
 
 
 
 
 
 
 
 
 
 
 
 
 
 
 
 
 
 
 
 
 
 
 
 
 
 
 
 
 
 
 
 
 
 
 
 
 
 
 
 
 
 
 
 
 
 
 
 
 
 
 
 
 
 
 
 
 
 
 
 
 
 
 
 
 
 
 
 
 
 
 
 
 
 
 
 
 
 
 
 
 
 
 
 
 
 
 
 
 
 
 
 
 
 
 
 
 
 
 
 
 
 
 
 
 
 
 
 
 
 
 
 
 
 
 
 
 
 
 
 
 
 
 
 
 
 
 
 
 
 
 
 
 
 
 
 
 
 
 
 
 
 
 
 
 
 
 
 
 
 
 
 
 
 
 
 
 
 
 
 
 
 
 
 
 
 
 
 
 
 
 
 
 
 
 
 
 
 
 
 
 
 
 
 
 
 
 
 
 
 
 
 
 
 
 
 
 
 
 
 
 
 
 
 
 
 
 
 
 
 
 
 
 
 
 
 
 
 
 
 
 
 
 
 
 
 
 
 
 
 
 
 
 
 
 
 
 
 
 
 
 
 
 
 
 
 
 
 
 
 
 
 
 
 
 
 
 
 
 
 
 
 
 
 
 
 
 
 
 
 
 
 
 
 
 
 
 
 
 
 
 
 
 
 
 
 
 
 
 
 
 
 
 
 
 
 
 
 
 
 
 
 
 
 
 
 
 
 
 
 
 
 
 
 
 
 
 
 
 
 
 
 
 
 
 
 
 
 
 
 
 
 
 
 
 
 
 
 
 
 
 
 
 
 
 
 
 
 
 
 
 
 
 
 
 
 
 
 
 
 
 
 
 
 
 
 
 
 
 
 
 
 
 
 
 
 
 
 
 
 
 
 
 
 
 
 
 
 
 
 
 
 
 
 
 
 
 
 
 
 
 
 
 
 
 
 
 
 
 
 
 
 
 
 
 
 
 
 
 
 
 
 
 
 
 
 
 
 
 
 
 
 
 
 
 
 
 
 
 
 
 
 
 
 
 
 
 
 
 
 
 
 
 
 
 
 
 
 
 
 
 
 
 
 
 
 
 
 
 
 
 
 
 
 
 
 
 
 
 
 
 
 
 
 
 
 
 
 
 
 
 
 
 
 
 
 
 
 
 
 
 
 
 
 
 
 
 
 
 
 
 
 
 
 
 
 
 
 
 
 
 
 
 
 
 
 
 
 
 
 
 
 
 
 
 
 
 
 
 
 
 
 
 
 
 
 
 
 
 
 
 
 
 
 
 
 
 
 
 
 
 
 
 
 
 
 
 
 
 
 
 
 
 
 
 
 
 
 
 
 
 
 
 
 
 
 
 
 
 
 
 
 
 
 
 
 
 
 
 
 
 
 
 
 
 
 
 
 
 
 
 
 
 
 
 
 
 
 
 
 
 
 
 
 
 
 
 
 
 
 
 
 
 
 
 
 
 
 
 
 
 
 
 
 
 
 
 
 
 
 
 
 
 
 
 
 
 
 
 
 
 
 
 
 
 
 
 
 
 
 
 
 
 
 
 
 
 
 
 
 
 
 
 
 
 
 
 
 
 
 
 
 
 
 
 
 
 
 
 
 
 
 
 
 
 
 
 
 
 
 
 
 
 
 
 
 
 
 
 
 
 
 
 
 
 
 
 
 
 
 
 
 
 
 
 
 
 
 
 
 
 
 
 
 
 
 
 
 
 
 
 
 
 
 
 
 
 
 
 
 
 
 
 
 
 
 
 
 
 
 
 
 
 
 
 
 
 
 
 
 
 
 
 
 
 
 
 
 
 
 
 
 
 
 
 
 
 
 
 
 
 
 
 
 
 
 
 
 
 
 
 
 
 
 
 
 
 
 
 
 
 
 
 
 
 
 
 
 
 
 
 
 
 
 
 
 
 
 
 
 
 
 
 
 
 
 
 
 
 
 
 
 
 
 
 
 
 
 
 
 
 
 
 
 
 
 
 
 
 
 
 
 
 
 
 
 
 
 
 
 
 
 
 
 
 
 
 
 
 
 
 
 
 
 
 
 
 
 
 
 
 
 
 
 
 
 
 
 
 
 
 
 
 
 
 
 
 
 
 
 
 
 
 
 
 
 
 
 
 
 
 
 
 
 
 
 
 
 
 
 
 
 
 
 
 
 
 
 
 
 
 
 
 
 
 
 
 
 
 
 
 
 
 
 
 
 
 
 
 
 
 
 
 
 
 
 
 
 
 
 
 
 
 
 
 
 
 
 
 
 
 
 
 
 
 
 
 
 
 
 
 
 
 
 
 
 
 
 
 
 
 
 
 
 
 
 
 
 
 
 
 
 
 
 
 
 
 
 
 
 
 
 
 
 
 
 
 
 
 
 
 
 
 
 
 
 
 
 
 
 
 
 
 
 
 
 
 
 
 
 
 
 
 
 
 
 
 
 
 
 
 
 
 
 
 
 
 
 
 
 
 
 
 
 
 
 
 
 
 
 
 
 
 
 
 
 
 
 
 
 
 
 
 
 
 
 
 
 
 
 
 
 
 
 
 
 
 
 
 
 
 
 
 
 
 
 
 
 
 
 
 
 
 
 
 
 
 
 
 
 
 
 
 
 
 
 
 
 
 
 
 
 
 
 
 
 
 
 
 
 
 
 
 
 
 
 
 
 
 
 
 
 
 
 
 
 
 
 
 
 
 
 
 
 
 
 
 
 
 
 
 
 
 
 
 
 
 
 
 
 
 
 
 
 
 
 
 
 
 
 
 
 
 
 
 
 
 
 
 
 
 
 
 
 
 
 
 
 
 
 
 
 
 
 
 
 
 
 
 
 
 
 
 
 
 
 
 
 
 
 
 
 
 
 
 
 
 
 
 
 
 
 
 
 
 
 
 
 
 
 
 
 
 
 
 
 
 
 
 
 
 
 
 
 
 
 
 
 
 
 
 
 
 
 
 
 
 
 
 
 
 
 
 
 
 
 
 
 
 
 
 
 
 
 
 
 
 
 
 
 
 
 
 
 
 
 
 
 
 
 
 
 
 
 
 
 
 
 
 
 
 
 
 
 
 
 
 
 
 
 
 
 
 
 
 
 
 
 
