0.0 0.0
0.01 2.3333801e-07
0.02 2.33732533e-07
0.03 2.35972477e-07
0.04 2.38750486e-07
0.05 2.40352461e-07
0.06 2.33751979e-07
0.07 2.20926829e-07
0.08 2.12955664e-07
0.09 2.03149479e-07
0.1 1.79499878e-07
0.11 1.61125458e-07
0.12 1.30745599e-07
0.13 1.19099034e-07
0.14 1.42668332e-07
0.15 1.66722332e-07
0.16 1.75436265e-07
0.17 2.02367025e-07
0.18 2.63709204e-07
0.19 3.45720394e-07
0.2 1.69556338e-07
0.21 -8.09370112e-07
0.22 -2.344832406e-06
0.23 -3.832388325e-06
0.24 -5.346809787e-06
0.25 -7.214583793e-06
0.26 -9.078455646e-06
0.27 -9.744459526e-06
0.28 -8.054454241e-06
0.29 -5.564810159e-06
0.3 -5.211991911e-06
0.31 -6.13700533e-06
0.32 -3.449023591e-06
0.33 5.558678289e-06
0.34 1.6597904076e-05
0.35 1.9710486699e-05
0.36 9.634674903e-06
0.37 -9.974219121e-06
0.38 -2.6913397846e-05
0.39 -2.8856607616e-05
0.4 -1.6487219557e-05
0.41 -4.321359409e-06
0.42 1.582441882e-06
0.43 7.470822621e-06
0.44 7.609391609e-06
0.45 -1.1175405207e-05
0.46 -3.9478582255e-05
0.47 -5.140890168e-05
0.48 -4.1396886893e-05
0.49 -3.6077250303e-05
0.5 -6.2142681615e-05
0.51 -0.000114522642589
0.52 -0.000157212869259
0.53 -0.000138567894699
0.54 -4.9061382218e-05
0.55 5.685480198e-05
0.56 9.5736497305e-05
0.57 6.9887802467e-05
0.58 7.6844409196e-05
0.59 0.000131163565803
0.6 0.000127225310146
0.61 1.6828137511e-05
0.62 -0.000152699654714
0.63 -0.000269620302668
0.64 -0.000242240327624
0.65 -0.000121821390404
0.66 -6.445647051e-05
0.67 -0.000100943095873
0.68 -0.000126541158442
0.69 -6.8387604525e-05
0.7 -1.704490004e-06
0.71 -1.9554109342e-05
0.72 -8.8091154447e-05
0.73 -6.514350591e-05
0.74 4.9434456861e-05
0.75 8.0568889966e-05
0.76 -4.6962952537e-05
0.77 -0.000244611452161
0.78 -0.000342100901314
0.79 -0.000229165303325
0.8 -1.4367672487e-05
0.81 8.4734928601e-05
0.82 3.3746383622e-05
0.83 4.6161868331e-05
0.84 0.000185637142739
0.85 0.000106188990498
0.86 -0.000108213469255
0.87 -0.000187274575845
0.88 -0.00026710120894
0.89 -0.000448955305584
0.9 -0.000583073151909
0.91 -0.000560751881286
0.92 -0.000523046239345
0.93 -0.000474800949591
0.94 -0.000317531333273
0.95 -3.5899499436e-05
0.96 0.000195641622945
0.97 0.000314288383556
0.98 0.000418240190316
0.99 0.000338908963962
1.0 6.7424212682e-05
1.01 -2.4553679006e-05
1.02 4.7933629185e-05
1.03 -6.102039106e-06
1.04 -4.4940579048e-05
1.05 5.5393963294e-05
1.06 -0.000106225995712
1.07 -0.000523935420016
1.08 -0.000602048573924
1.09 -0.000391940485864
1.1 -0.000257013830928
1.11 -0.000172137133102
1.12 -0.000116468679962
1.13 -1.4296137547e-05
1.14 0.000170089786944
1.15 0.000294324410829
1.16 0.000222672145624
1.17 -0.0001188903132
1.18 -0.000570865101859
1.19 -0.000603593730561
1.2 -7.5113960047e-05
1.21 0.000336217547663
1.22 0.000249736419789
1.23 -7.581739952e-06
1.24 0.00013420386913
1.25 0.000577013180096
1.26 0.000708387391032
1.27 0.000551637744871
1.28 0.000604044928128
1.29 0.000762297384427
1.3 0.000602511201692
1.31 0.000178703585153
1.32 -0.000115907130254
1.33 -0.000436593101804
1.34 -0.000786733650069
1.35 -0.000738756288546
1.36 -0.000540776183108
1.37 -0.000630782470709
1.38 -0.000962835876242
1.39 -0.001141456497251
1.4 -0.000852655741868
1.41 -0.000774701975761
1.42 -0.001195885506028
1.43 -0.001187097180505
1.44 -0.000291131360351
1.45 0.000929265556304
1.46 0.001118674343044
1.47 0.000666434858988
1.48 0.000543048828356
1.49 0.000310137401422
1.5 0.000174516138065
1.51 0.000236432978901
1.52 5.5711906453e-05
1.53 -0.000323041210601
1.54 -0.000665367354573
1.55 -0.000399918357267
1.56 -0.000202448380165
1.57 -0.000349184647336
1.58 -0.000361824677908
1.59 8.551682701e-06
1.6 0.000413207104809
1.61 0.000257975127569
1.62 0.000194961307089
1.63 0.000741182266118
1.64 0.001164549481391
1.65 0.001011213634473
1.66 0.000194465269909
1.67 -0.000853474162476
1.68 -0.001668388828923
1.69 -0.001602229460157
1.7 -0.000508415910298
1.71 -0.000160861659012
1.72 -0.000676312000788
1.73 -0.001038871772678
1.74 -0.000111890097599
1.75 0.001165573243366
1.76 0.001609117446005
1.77 0.001323037293532
1.78 0.000458455553351
1.79 -0.000717636156861
1.8 -0.001420450940853
1.81 -0.001913729768204
1.82 -0.00243708899412
1.83 -0.002327611365971
1.84 -0.001857465991087
1.85 -0.001440676430572
1.86 -0.000617892909094
1.87 0.00051134069093
1.88 0.001352722366203
1.89 0.001652516279177
1.9 0.001885613132246
1.91 0.0017860090752
1.92 0.00127590288126
1.93 0.001023676161478
1.94 0.000911560827133
1.95 0.000767458036382
1.96 0.00065257846848
1.97 0.000628333373179
1.98 0.000418362008519
1.99 0.000170158366308
2.0 0.000136529317999
2.01 0.000373153182948
2.02 0.000459908960486
2.03 5.6303590721e-05
2.04 -0.000262357386242
2.05 -7.5021909711e-05
2.06 -0.000309594213567
2.07 -0.001089548603697
2.08 -0.001117159140337
2.09 -0.000170950520869
2.1 0.000181115048692
2.11 -2.5539249992e-05
2.12 -0.000568921708393
2.13 -0.002161264952052
2.14 -0.002297605471255
2.15 -0.001105976575925
2.16 -0.000938707668324
2.17 -0.001475705470086
2.18 -0.001010107504157
2.19 0.000709548500218
2.2 0.002329135252128
2.21 0.002081418045897
2.22 0.001708232134506
2.23 0.00091054808336
2.24 0.000192969490804
2.25 0.000258695639793
2.26 0.000285456612973
2.27 -0.000271445530135
2.28 -0.000730367586391
2.29 -0.00016624767448
2.3 0.000458695214207
2.31 0.000380157835597
2.32 0.000179061768709
2.33 7.8988585544e-05
2.34 -0.000134457373129
2.35 -0.000262076913239
2.36 -0.000263858161988
2.37 0.000300889534568
2.38 0.001099451408514
2.39 0.001340752965247
2.4 0.00073483743855
2.41 0.000577938667676
2.42 0.000599505780119
2.43 0.000380017138009
2.44 0.000177336582924
2.45 -0.000150130067031
2.46 -0.000963593504243
2.47 -0.002336312799772
2.48 -0.003122431371652
2.49 -0.00372855365595
2.5 -0.003608581814721
2.51 -0.002357031397053
2.52 -0.000785107928302
2.53 0.000682030761547
2.54 0.001290500595902
2.55 0.001331145938775
2.56 0.001956606182231
2.57 0.002329177621522
2.58 0.001839429554604
2.59 0.000973497594888
2.6 -3.9805364517e-05
2.61 -0.000396479637779
2.62 -0.000992104258225
2.63 -0.000987514736413
2.64 2.4445818961e-05
2.65 0.001269203924565
2.66 0.002559528745711
2.67 0.003407041673022
2.68 0.003794396152617
2.69 0.003931638111987
2.7 0.003241211285688
2.71 0.001613208789374
2.72 -0.000595774940044
2.73 -0.003316545089369
2.74 -0.004954817328906
2.75 -0.006189341009845
2.76 -0.006989372124117
2.77 -0.006800513725509
2.78 -0.005611244778389
2.79 -0.004344763961276
2.8 -0.003436230422282
2.81 -0.00209681347351
2.82 -0.000306294575899
2.83 0.003969978937159
2.84 0.006146489249929
2.85 0.005998490053162
2.86 0.007022872249602
2.87 0.005831779698396
2.88 0.005055051660422
2.89 0.004550477027676
2.9 0.004158191293159
2.91 0.002329682897477
2.92 -0.002231450050592
2.93 -0.006310447938756
2.94 -0.005458123382716
2.95 -0.004877945561913
2.96 -0.004412306579435
2.97 -0.002728699249821
2.98 -0.00149309534548
2.99 0.000373553563791
3.0 0.003505289154253
3.01 0.000168623403794
3.02 -0.003420361878942
3.03 -0.00464803547137
3.04 -0.006143417889061
3.05 -0.006182629208274
3.06 -0.007542687106814
3.07 -0.007162888593697
3.08 -0.006836035977517
3.09 -0.006118862194903
3.1 -0.006380031411936
3.11 -0.004898118066499
3.12 -0.00437921755955
3.13 -0.003443688208631
3.14 -0.001953286977416
3.15 -0.000599063229122
3.16 0.005049785354177
3.17 0.011265826696983
3.18 0.005772911715581
3.19 0.012856480962326
3.2 0.008191333250887
3.21 0.008423701610355
3.22 0.006046031276003
3.23 -0.00417792130651
3.24 -0.011331598154556
3.25 -0.008931986342308
3.26 -0.004105592969338
3.27 -0.004298717605037
3.28 -0.001713694704226
3.29 -0.000611050657379
3.3 -0.003859263414376
3.31 -0.004603855716777
3.32 -0.005943676929421
3.33 -0.007487492111827
3.34 -0.008166506987699
3.35 -0.008437410437579
3.36 -0.006492903423757
3.37 -0.005709591764219
3.38 -0.006675037427739
3.39 -0.005239058321629
3.4 -0.004240802440092
3.41 -0.002239925151411
3.42 0.002877119480124
3.43 0.005539548353617
3.44 0.005140421412638
3.45 0.005295215080325
3.46 0.006628766791455
3.47 0.006928534488629
3.48 0.007514092575283
3.49 0.007988273944607
3.5 0.007534649896438
3.51 0.004976197231687
3.52 0.000435786273684
3.53 -0.002687256948279
3.54 -0.001499029425821
3.55 -0.000867849702648
3.56 -0.000774425247786
3.57 0.001531144397728
3.58 0.002167720616085
3.59 -0.001197995578266
3.6 -0.010054081608094
3.61 -0.011670006033479
3.62 -0.012403179493063
3.63 -0.012313390259996
3.64 -0.011637009394412
3.65 -0.01151031382649
3.66 -0.009663035187463
3.67 -0.004136893566251
3.68 0.006068143948509
3.69 0.009453194708489
3.7 0.009207424907029
3.71 0.008963411179971
3.72 0.013563366841331
3.73 0.013801561282627
3.74 0.013426267715975
3.75 0.012753234194424
3.76 0.010246170292818
3.77 0.009313270896079
3.78 0.008586480137696
3.79 0.007844509447337
3.8 0.008125192286685
3.81 0.005079185824702
3.82 -0.009270082060463
3.83 -0.00050317348189
3.84 0.00010913882227
3.85 0.002465649312806
3.86 0.009052654357206
3.87 0.008238404874354
3.88 0.004768187841832
3.89 0.004708660398109
3.9 0.003413666352615
3.91 0.001492009225935
3.92 -0.000101468973369
3.93 -0.01336660614648
3.94 -0.01643474624208
3.95 -0.008589612594567
3.96 -0.011514072326026
3.97 -0.011174813209039
3.98 -0.009934043168291
3.99 -0.001421398196019
4.0 0.012416820278573
4.01 0.016117838544521
4.02 0.018014118293784
4.03 0.011332069907649
4.04 0.007584058679552
4.05 0.010836277029745
4.06 0.010319690915089
4.07 0.010319051996864
4.08 0.010929432560649
4.09 0.008727167190287
4.1 0.006552139047883
4.11 -0.010991950185018
4.12 -0.0096515379986
4.13 -0.000269518353253
4.14 -0.000686075911548
4.15 -0.000620815150208
4.16 0.015206871179085
4.17 0.015423873667389
4.18 0.007506905914526
4.19 0.014229678146864
4.2 0.009395026289326
4.21 -0.004159759596318
4.22 -0.007184268205821
4.23 -0.007304175741234
4.24 -0.00752012909908
4.25 -0.007931268722679
4.26 -0.008280521411437
4.27 -0.011608357291312
4.28 -0.011971875807969
4.29 -0.008339620507785
4.3 0.013814799090995
4.31 0.022498015240332
4.32 0.017534963574068
4.33 0.017767088245444
4.34 0.019736812547134
4.35 0.0182454440594
4.36 0.010615222975304
4.37 0.011883866043444
4.38 -0.001475041600998
4.39 -0.017617814363933
4.4 -0.004814586436521
4.41 -0.007388957467866
4.42 -0.012484701475994
4.43 -0.01443865499814
4.44 -0.013065560826583
4.45 -0.009406612048598
4.46 0.003889848810282
4.47 0.024628106478332
4.48 0.01373662702458
4.49 0.016331470545731
4.5 0.020986141135713
4.51 0.018503030556106
4.52 0.015351760021812
4.53 0.013465381984988
4.54 0.011173797918902
4.55 0.006410982239801
4.56 -0.011671121612928
4.57 -0.009059334768958
4.58 -0.011929293013228
4.59 -0.01479665477157
4.6 -0.011099134936509
4.61 -0.01357427997831
4.62 -0.010066786564976
4.63 -0.008444468700174
4.64 0.001195625404865
4.65 0.02583346891577
4.66 0.023568363156503
4.67 0.018966444914093
4.68 0.02159547775617
4.69 0.019890041031111
4.7 0.015766672076711
4.71 0.010323400189029
4.72 0.00377913325608
4.73 0.001845833432859
4.74 0.002461732935727
4.75 0.004321898863949
4.76 0.005280076736273
4.77 0.004363240667609
4.78 -0.001419545395612
4.79 -0.02922844704055
4.8 -0.01001878735252
4.81 -0.011675326130315
4.82 -0.008612237989306
4.83 -0.004606750887585
4.84 -0.007028133772904
4.85 -0.008064989750019
4.86 -0.007853384015228
4.87 -0.007983319010861
4.88 -0.008151123963404
4.89 -0.008508303820288
4.9 -0.007764258842712
4.91 0.013462001909958
4.92 0.034023402365723
4.93 0.012256058905458
4.94 0.018307088397349
4.95 0.025146441757543
4.96 0.024196097213686
4.97 0.024088754860284
4.98 0.026844648472965
4.99 0.030957591686523
5.0 0.031177762901791
5.01 0.020530100710983
5.02 0.014408421218091
5.03 0.015389802557189
5.04 0.018080532994712
5.05 0.01966245522214
5.06 0.019921052131313
5.07 0.018255685886023
5.08 0.015810979940818
5.09 0.013598094309318
5.1 0.011734943815701
5.11 0.009856596839191
5.12 0.008198233213778
5.13 0.007120932779108
5.14 0.007142911281296
5.15 0.007712077224934
5.16 0.008617691306156
5.17 0.008776792520436
5.18 0.008665040067252
5.19 0.007753026747309
5.2 0.006702491990013
5.21 0.004893556170838
5.22 0.003446801906206
5.23 0.001780300532249
5.24 5.0742511955e-05
5.25 -0.001280555378058
5.26 -0.002172660587277
5.27 -0.002890599193844
5.28 -0.009632585911681
5.29 -0.021875029594032
5.3 -0.006563763834538
5.31 -0.022953217391928
5.32 -0.017457569095488
5.33 -0.01013780982127
5.34 -0.015699146528905
5.35 -0.012566240279518
5.36 -0.012320302872991
5.37 -0.014133805767625
5.38 -0.010890242905344
5.39 -0.008046894470371
5.4 -0.008376194642155
5.41 -0.009814414614686
5.42 -0.010704415239989
5.43 -0.010987163511158
5.44 -0.010744016954154
5.45 -0.010098794428357
5.46 -0.009105221627429
5.47 -0.00825964437376
5.48 -0.007263001331341
5.49 -0.006487532745809
5.5 -0.006629035404155
5.51 -0.007450555315954
5.52 -0.008444454924649
5.53 -0.009308741276458
5.54 -0.009828438309872
5.55 -0.009438287283119
5.56 -0.007130258439379
5.57 0.002532796402692
5.58 0.02952611984807
5.59 0.013420256606516
5.6 0.01668041773159
5.61 0.021951737297077
5.62 0.005978580329496
5.63 0.021166201046082
5.64 0.010842140219022
5.65 -0.00249102268344
5.66 -0.005376470213826
5.67 0.000119319445093
5.68 0.001651143422036
5.69 -0.003479310864006
5.7 -0.007426071237374
5.71 -0.008000195839536
5.72 -0.005687725222073
5.73 -0.003095571561955
5.74 -0.002595675268249
5.75 -0.004880607400325
5.76 -0.008679461197776
5.77 -0.011994599238908
5.78 -0.013945130959284
5.79 -0.01503228542905
5.8 -0.015464309074563
5.81 -0.016126525545827
5.82 -0.016828347876827
5.83 -0.017358552440265
5.84 -0.01784589279939
5.85 -0.018530997326254
5.86 -0.020042081324438
5.87 -0.022509721497027
5.88 -0.025478055068447
5.89 -0.028431456490815
5.9 -0.030729913591042
5.91 -0.032699788437731
5.92 -0.030077204025784
5.93 -0.026403757091276
5.94 -0.025143620814065
5.95 -0.025057415572988
5.96 -0.02585855951836
5.97 -0.026082267751921
5.98 -0.025635943525746
5.99 -0.023959502916138
6.0 -0.021920674113739
6.01 -0.019651116595802
6.02 -0.018142968556015
6.03 -0.017213353741162
6.04 -0.018791936250294
6.05 -0.020428480541659
6.06 -0.021161336603412
6.07 -0.021115305042799
6.08 -0.019810077937417
6.09 -0.016697814540614
6.1 -0.007355139209949
6.11 -0.009340317757985
6.12 -0.012129171614321
6.13 -0.005863732047498
6.14 -0.004219329933656
6.15 -0.002343534252257
6.16 6.93676009e-05
6.17 0.001448426701511
6.18 0.001983175104968
6.19 0.001626758513686
6.2 0.000961375832633
6.21 -0.001986381640053
6.22 -0.010892923975484
6.23 -0.005590791062797
6.24 -0.000769868947266
6.25 -0.007777847647706
6.26 -0.008784950537505
6.27 -0.00495407465922
6.28 -0.006704875502008
6.29 -0.008337513785414
6.3 -0.009820772085798
6.31 -0.011041460227897
6.32 -0.011950414912346
6.33 -0.012325761098876
6.34 0.001990348033308
6.35 0.028432313912451
6.36 0.030799402485981
6.37 0.00778451170337
6.38 0.011724312652145
6.39 0.016314914133911
6.4 0.010829343636083
6.41 0.008895050845358
6.42 0.012841313333036
6.43 0.01589983396663
6.44 0.013402534660892
6.45 0.009356596996417
6.46 0.00747216767269
6.47 0.007443408059083
6.48 0.007279158348514
6.49 0.005813379889231
6.5 0.003187665360852
6.51 0.000875866638725
6.52 -0.000513915044158
6.53 -0.000601414899086
6.54 -6.93206861e-06
6.55 0.000777762516292
6.56 0.001424992284627
6.57 0.001896324611889
6.58 0.002188387997263
6.59 0.002505845559711
6.6 0.002945285220704
6.61 0.003321515503772
6.62 0.003169086517766
6.63 0.002394936796562
6.64 0.001048027868431
6.65 -0.001019714261687
6.66 -0.002760878492451
6.67 -0.00396852721106
6.68 -0.004534307986997
6.69 -0.004361813233127
6.7 -0.003556623259878
6.71 -0.002215829944516
6.72 -0.000815787843984
6.73 0.000335849995
6.74 0.001166859192588
6.75 0.00140815748621
6.76 0.001322387374945
6.77 0.001671458880802
6.78 0.002310148822665
6.79 0.003652478152123
6.8 0.005273627853014
6.81 0.006908627117699
6.82 0.008453465107521
6.83 0.009383413912191
6.84 0.010396256879926
6.85 0.011040599976416
6.86 0.011305361168764
6.87 0.011851270647061
6.88 0.012492633105761
6.89 0.013740676279901
6.9 0.015147240949766
6.91 0.016334094312659
6.92 0.017653764646662
6.93 0.018549486986797
6.94 0.019364485064095
6.95 0.01948125655452
6.96 0.019405134499325
6.97 0.01907956280393
6.98 0.019068304073337
6.99 0.019148140232213
7.0 0.019627453825222
7.01 0.020572111872786
7.02 0.021939135972039
7.03 0.023915946871603
7.04 0.026230383651813
7.05 0.028122333657176
7.06 0.028796122977155
7.07 0.027459243971858
7.08 0.020142623422734
7.09 0.003826206402026
7.1 0.005863151116452
7.11 0.011059982275057
7.12 5.7686428139e-05
7.13 -0.005383557076901
7.14 0.00141663620074
7.15 -4.5747566078e-05
7.16 -0.006777015455484
7.17 -0.002777708236905
7.18 0.001520634923734
7.19 -0.000189855772426
7.2 -0.00199779959628
7.21 -0.004133011090596
7.22 -0.004025503547847
7.23 0.005325008895756
7.24 0.010029805690876
7.25 0.005132916625598
7.26 0.010374350747725
7.27 0.013117710365172
7.28 0.005960355974148
7.29 0.006141667189906
7.3 0.008926210395695
7.31 0.009220000816939
7.32 0.007200457381101
7.33 0.004463785769287
7.34 0.006718109742353
7.35 0.010567669959825
7.36 0.007507900085923
7.37 0.007717578977143
7.38 0.012688009410495
7.39 0.012463082170795
7.4 0.009943064205161
7.41 0.010176655891029
7.42 -0.005686639767225
7.43 -0.021364568336523
7.44 -0.010950501922238
7.45 -0.011024315070113
7.46 -0.014186588489756
7.47 -0.01478489089606
7.48 -0.013215402226946
7.49 -0.0091146944128
7.5 -0.007795111383578
7.51 -0.01010907319393
7.52 -0.013120195200832
7.53 -0.015186400178214
7.54 -0.014895687859411
7.55 -0.01348338317086
7.56 -0.011994598508072
7.57 -0.011970388295722
7.58 -0.012934337536326
7.59 -0.01247433673779
7.6 -0.013503224462946
7.61 -0.011893436181472
7.62 -0.009018418756314
7.63 -0.006152071989458
7.64 -0.00461156428887
7.65 -0.005395632140428
7.66 -0.007851968835947
7.67 -0.010905220142013
7.68 -0.013278127164547
7.69 -0.014028940580957
7.7 -0.013435920849576
7.71 -0.011700840749251
7.72 -0.008784236204737
7.73 -0.005638012028367
7.74 -0.002808834927824
7.75 0.001186701584018
7.76 0.007062493497648
7.77 0.027990313006883
7.78 0.036010149983365
7.79 0.0152582098743
7.8 0.018722460662009
7.81 0.027198010778823
7.82 0.018554186707871
7.83 0.020205451885768
7.84 0.019235380453311
7.85 0.022394875274745
7.86 0.022961486635961
7.87 0.019700690998802
7.88 0.022499111618441
7.89 0.021301830534625
7.9 0.01715327102305
7.91 0.014991908090305
7.92 0.008846404111656
7.93 0.000364223597921
7.94 -0.016033844242348
7.95 -0.025030446833301
7.96 -0.01855020176918
7.97 -0.01554571035375
7.98 -0.019515417571167
7.99 -0.023342183427592
8.0 -0.023126675526424
8.01 -0.025231514055189
8.02 -0.026626161734657
8.03 -0.024817896377868
8.04 -0.026864203528392
8.05 -0.030548464969053
8.06 -0.028815492487289
8.07 -0.025742652193589
8.08 -0.027859244141566
8.09 -0.031179201796739
8.1 -0.033733327353358
8.11 -0.036332669844335
8.12 -0.035875727635571
8.13 -0.024101062865966
8.14 -0.023057182525483
8.15 -0.029585429188947
8.16 -0.02333717688445
8.17 -0.01609696585339
8.18 -0.02073076812979
8.19 -0.018116891346163
8.2 -0.01539518438863
8.21 -0.01307770953272
8.22 -0.011973761804766
8.23 -0.011492483602163
8.24 -0.011376441562154
8.25 -0.011596705194503
8.26 -0.011745869821246
8.27 -0.011484422282646
8.28 -0.01054274719449
8.29 -0.0089961183305
8.3 -0.006537546168718
8.31 -0.003174996945467
8.32 0.000338902307057
8.33 0.003349187036722
8.34 0.004917122353164
8.35 0.004931208879872
8.36 0.003667936717285
8.37 0.001116229081309
8.38 -0.002968012587012
8.39 -0.007595971797812
8.4 -0.009723856731779
8.41 -0.011965972284153
8.42 -0.012954632225204
8.43 -0.012942544270444
8.44 -0.012506023019269
8.45 -0.011296271822412
8.46 -0.009628601929148
8.47 -0.007085945761822
8.48 -0.003036162186961
8.49 0.006122504051913
8.5 0.03543354911235
8.51 0.011260050277327
8.52 0.008830073220985
8.53 0.031261528891843
8.54 0.024595993646645
8.55 0.011254491599396
8.56 0.010563054863284
8.57 0.011368763465778
8.58 0.006685834682718
8.59 0.002208238223521
8.6 0.001012429356798
8.61 0.00206178246738
8.62 0.003570720580382
8.63 0.004324453281689
8.64 0.003882935660274
8.65 0.003178967760702
8.66 0.003916990442302
8.67 0.006258708760934
8.68 0.010856937565633
8.69 0.011955157648431
8.7 0.006323713399926
8.71 0.006154828201409
8.72 0.006841524555978
8.73 0.007102449809887
8.74 0.007269556298897
8.75 0.008222060043026
8.76 0.009764750571309
8.77 0.011539579871494
8.78 0.012832481603537
8.79 0.01294186931093
8.8 0.011589647068357
8.81 0.008820843770148
8.82 0.004623518179799
8.83 -0.002075216056347
8.84 -0.030615936040065
8.85 -0.040975661419308
8.86 -0.015071505237671
8.87 -0.027882102931317
8.88 -0.038547901304258
8.89 -0.022492165778089
8.9 -0.021838338292886
8.91 -0.025942957638741
8.92 -0.021845473314692
8.93 -0.015084570701693
8.94 -0.014978713351316
8.95 -0.019359064389544
8.96 -0.019731705779913
8.97 -0.019691467865348
8.98 -0.020183126030962
8.99 -0.022494183312238
9.0 -0.023195281351157
9.01 -0.019888122776815
9.02 -0.021280382284323
9.03 -0.020754406826805
9.04 -0.016642858575772
9.05 -0.016187427869943
9.06 -0.009162574401689
9.07 -0.006724670211305
9.08 -1.425876053e-05
9.09 0.00363321525484
9.1 0.003729363579884
9.11 0.015801799164873
9.12 0.02646734458957
9.13 0.015345908564386
9.14 0.011197185457002
9.15 0.01266119408855
9.16 0.01360489151079
9.17 0.010681328051227
9.18 0.007813533736722
9.19 0.008648941779244
9.2 0.011213965305583
9.21 0.013389306666871
9.22 0.013874000347721
9.23 0.01353161844703
9.24 0.014494380746419
9.25 0.015972086723794
9.26 0.016603442430037
9.27 0.018346209216187
9.28 0.019471008088624
9.29 0.013953621827409
9.3 0.02244154516968
9.31 0.016483741193274
9.32 0.009303516037221
9.33 0.014856679271448
9.34 0.007986620968408
9.35 0.004139702565084
9.36 0.005493963066797
9.37 0.003894342805238
9.38 -0.001230337387267
9.39 -0.002927039609837
9.4 -0.001152678399998
9.41 -0.003369602781173
9.42 -0.006189649492526
9.43 -0.006054673864786
9.44 -0.01154665983167
9.45 -0.01515285097495
9.46 -0.017010579399145
9.47 -0.019881231259787
9.48 -0.027454701687095
9.49 -0.0309200049295
9.5 -0.019602061838945
9.51 -0.028330533885194
9.52 -0.030486076503083
9.53 -0.023532780347428
9.54 -0.019524644183904
9.55 -0.01948800348129
9.56 -0.020038486864304
9.57 -0.019699226040379
9.58 -0.019463298529217
9.59 -0.020157595258286
9.6 -0.020730408141355
9.61 -0.020538404342466
9.62 -0.019061739764422
9.63 -0.016485533613612
9.64 -0.014746265998175
9.65 -0.014242338809139
9.66 -0.013349870803109
9.67 -0.011487915074671
9.68 -0.00986981015318
9.69 -0.009855887422728
9.7 -0.010612011881206
9.71 -0.01129985183841
9.72 -0.012147556165334
9.73 -0.011804625256587
9.74 -0.009855339900174
9.75 -0.007781435769535
9.76 -0.006112457536647
9.77 -0.005336567572463
9.78 -0.005469636534432
9.79 -0.00623747791684
9.8 -0.006663669421647
9.81 -0.006518422235424
9.82 -0.005785835609014
9.83 -0.004463991966645
9.84 -0.002541184930298
9.85 0.001369408894051
9.86 0.029768176982352
9.87 0.029219673073577
9.88 0.009046770135702
9.89 0.020568875810376
9.9 0.023575411841207
9.91 0.019951014346954
9.92 0.017479002451858
9.93 0.014102921122403
9.94 0.013289711706041
9.95 0.014857321455039
9.96 0.016779596547295
9.97 0.018578952115169
9.98 0.020836332002681
9.99 0.023283630379322
10.0 0.024171587365507
10.01 0.024943176604364
10.02 0.025966123713909
10.03 0.022769834249613
10.04 0.018296201586018
10.05 0.011915429785586
10.06 0.009089294512772
10.07 0.008661374153432
10.08 0.008694099585662
10.09 0.0081461780493
10.1 0.007040783966734
10.11 0.00684841753111
10.12 0.007831740464915
10.13 0.007101580510606
10.14 0.008050922588216
10.15 0.010051536269988
10.16 0.011244713181544
10.17 0.012720901233908
10.18 0.013967083973688
10.19 0.011883649655553
10.2 0.008265463957867
10.21 0.006067953814401
10.22 -0.002832108883099
10.23 -0.015373636028945
10.24 -0.006019909049765
10.25 -0.012592536439202
10.26 -0.012271201064536
10.27 -0.006598630339351
10.28 -0.021229722219974
10.29 -0.017955133981885
10.3 -0.012727562023523
10.31 -0.014640196301568
10.32 -0.015286451876409
10.33 -0.011936177856646
10.34 -0.009350185559403
10.35 -0.007169991171141
10.36 0.00279125620294
10.37 0.011588456597069
10.38 0.011406239292712
10.39 0.00163932164028
10.4 -0.005330627015061
10.41 -0.007481495860108
10.42 -0.005308804503542
10.43 0.00155119565505
10.44 0.00832662547607
10.45 0.006688426189763
10.46 0.010217557589016
10.47 0.012341348238349
10.48 0.014617484732693
10.49 0.016460041570909
10.5 0.018537724627335
10.51 0.020262156465445
10.52 0.02056393428834
10.53 0.020205963324354
10.54 0.019028744157859
10.55 0.018591915386138
10.56 0.018267993527909
10.57 0.017787505293895
10.58 0.017122731386202
10.59 0.015528707114982
10.6 0.014877348062816
10.61 0.016950283742022
10.62 0.015852113627487
10.63 0.012954467442003
10.64 0.012918601744991
10.65 0.011368095405964
10.66 0.009395738878045
10.67 0.008213592628103
10.68 0.007582479303986
10.69 0.007389095135042
10.7 0.008183151726119
10.71 0.008771071907437
10.72 0.008956007988566
10.73 0.008735723917331
10.74 0.007337357780546
10.75 0.005377100290421
10.76 0.002882650363288
10.77 -0.013449953323209
10.78 -0.036354559369013
10.79 -0.030054993058956
10.8 -0.014368706357122
10.81 -0.025682137970554
10.82 -0.02378149678707
10.83 -0.016825728176688
10.84 -0.021499570450348
10.85 -0.023560172026614
10.86 -0.020046988397441
10.87 -0.019354311214895
10.88 -0.019335691813696
10.89 -0.016925737382763
10.9 -0.014803758265169
10.91 -0.014626836524866
10.92 -0.015550092821794
10.93 -0.016228503686429
10.94 -0.01529110572387
10.95 -0.014064910144608
10.96 -0.012805258716638
10.97 -0.012065870943367
10.98 -0.011271274430584
10.99 -0.01005735732128
11.0 -0.00824437157136
11.01 -0.006194392599429
11.02 -0.004555731633772
11.03 -0.003331634291254
11.04 -0.002400224115977
11.05 -0.001622273367301
11.06 -0.000790775908348
11.07 0.000302057479901
11.08 0.001019797025153
11.09 0.001542352987144
11.1 0.002323569886445
11.11 0.003089443772434
11.12 0.003857865256221
11.13 0.004861360203891
11.14 0.005727055239671
11.15 0.006251587921338
11.16 0.006329871146745
11.17 0.006236976426237
11.18 0.00602359354378
11.19 0.00614924394347
11.2 0.006577459567525
11.21 0.007376612642554
11.22 0.008324416123072
11.23 0.00930578948041
11.24 0.011340019433897
11.25 0.012184343484696
11.26 0.013163831657877
11.27 0.008062660352516
11.28 0.009673052978555
11.29 0.023172727265086
11.3 0.035234376879462
11.31 0.0273696263325
11.32 0.019681906872087
11.33 0.018145306016042
11.34 0.019383916598896
11.35 0.018677349654283
11.36 0.016005100938985
11.37 0.013575031774188
11.38 0.012455537419296
11.39 0.012799413881631
11.4 0.014060256252317
11.41 0.014841830065533
11.42 0.01482132873184
11.43 0.014100232213688
11.44 0.01345979495188
11.45 0.013431704775468
11.46 0.013926650883304
11.47 0.014718238806586
11.48 0.015643026742928
11.49 0.016264518036645
11.5 0.01635467055367
11.51 0.016224995093613
11.52 0.016479463700491
11.53 0.015898542759509
11.54 0.01542320817807
11.55 0.015332138531709
11.56 0.014854215966215
11.57 0.014108055442654
11.58 0.012931770256336
11.59 0.011342531795133
11.6 0.008823574431125
11.61 0.00697763553747
11.62 0.006105125253677
11.63 0.005997964721078
11.64 0.006531605645462
11.65 0.007476966792729
11.66 0.00814681205948
11.67 0.008489634426896
11.68 0.008158080271301
11.69 0.006740351186152
11.7 0.003275991132941
11.71 -0.002180489133454
11.72 -0.019961491663068
11.73 -0.020943195750987
11.74 -0.006842516146391
11.75 -0.019001525197089
11.76 -0.01977258919137
11.77 -0.001508755592563
11.78 -0.011841442938689
11.79 -0.01583052778141
11.8 -0.000764905588657
11.81 -0.006077454439883
11.82 -0.010233404421076
11.83 -0.003666141271629
11.84 -0.00281009398419
11.85 -0.006409866389954
11.86 0.001194294675173
11.87 0.003999990816494
11.88 0.016769650211484
11.89 0.026708083705592
11.9 0.024258988894268
11.91 0.014572933051597
11.92 0.012500677304563
11.93 0.016376514984911
11.94 0.0221922827491
11.95 0.024065661197084
11.96 0.023328082547107
11.97 0.024443321995791
11.98 0.02732242609657
11.99 0.029542200987055
12.0 0.031948492687084
12.01 0.033988214189137
12.02 0.034324224590509
12.03 0.032904138731408
12.04 0.026617811524844
12.05 0.023203066687972
12.06 0.026965546396323
12.07 0.024204100551863
12.08 0.021623690750348
12.09 0.019823596345793
12.1 0.019082560164524
12.11 0.019288590283397
12.12 0.02037496978593
12.13 0.021730047718647
12.14 0.023101483261751
12.15 0.02418102550885
12.16 0.024784901480418
12.17 0.02498387532169
12.18 0.024763757696649
12.19 0.023992779616441
12.2 0.022645249949949
12.21 0.021205205565558
12.22 0.019204604700404
12.23 0.016733737223635
12.24 0.014514690071135
12.25 0.012463681336441
12.26 0.010947728760714
12.27 0.009702345315679
12.28 0.008439702863577
12.29 0.006978888135955
12.3 0.005369722134015
12.31 0.003777429673457
12.32 0.003485962539103
12.33 0.003756676603918
12.34 0.00086506000102
12.35 -0.003063642904186
12.36 0.00069853368347
12.37 0.001101528207305
12.38 -0.003660812613034
12.39 -0.004389706223524
12.4 -0.014456667491923
12.41 -0.032437884185937
12.42 -0.022418228816335
12.43 -0.007081275882605
12.44 -0.016533121931616
12.45 -0.019763735762517
12.46 -0.0153188005613
12.47 -0.014477298634322
12.48 -0.016310810647886
12.49 -0.015152408399112
12.5 -0.010932152838483
12.51 -0.008131921899783
12.52 -0.007692933427552
12.53 -0.008268455605155
12.54 -0.007850177732409
12.55 -0.00660867401322
12.56 -0.005517599911506
12.57 -0.004839691041169
12.58 -0.004665425038928
12.59 -0.00470381149136
12.6 -0.004247175366139
12.61 -0.003020484186799
12.62 -0.001595423835588
12.63 -0.000592502466858
12.64 1.3847157615e-05
12.65 0.000416835881937
12.66 0.000922170233151
12.67 0.001676864513929
12.68 0.002667664460495
12.69 0.003642372490146
12.7 0.004535485891056
12.71 0.005188171799845
12.72 0.005466313195022
12.73 0.005307454026722
12.74 0.004548089435476
12.75 0.003451563826009
12.76 0.002584395978596
12.77 0.003328095888019
12.78 0.005887186275147
12.79 0.018563707650111
12.8 0.02120335383282
12.81 0.010857907692258
12.82 0.020023033839326
12.83 0.017778957464004
12.84 0.013228052558595
12.85 0.018605149279768
12.86 0.014071240682383
12.87 0.011325723336527
12.88 0.015107937508672
12.89 0.010267240854677
12.9 0.002422553239784
12.91 -0.001252236023888
12.92 -0.006791545443154
12.93 -0.007516463065568
12.94 -0.004157028710403
12.95 0.001584930946995
12.96 0.000869733518513
12.97 0.000265493573363
12.98 -0.00028118810053
12.99 -0.000798481720888
13.0 -0.001228402877749
13.01 -0.001938904163245
13.02 -0.004649685670129
13.03 -0.008146803033278
13.04 -0.009667384533909
13.05 -0.010136525057585
13.06 -0.008663971650997
13.07 -0.007136396741661
13.08 -0.006954109978218
13.09 -0.007348284019746
13.1 -0.00742205508004
13.11 -0.007621392700957
13.12 -0.008589552698398
13.13 -0.009160369914472
13.14 -0.007771438788449
13.15 -0.006233714240406
13.16 -0.006272510719935
13.17 -0.006479449798681
13.18 -0.006569667610045
13.19 -0.006328202593343
13.2 -0.006048774622617
13.21 -0.005931954163752
13.22 -0.00602344043339
13.23 -0.006230859268252
13.24 -0.006575966440372
13.25 -0.006965424022485
13.26 -0.00699320785468
13.27 -0.006585355674999
13.28 -0.005921180827772
13.29 -0.005199326419449
13.3 -0.004580189732073
13.31 -0.004133206800296
13.32 -0.003977898222899
13.33 -0.0042445452328
13.34 -0.004858170411849
13.35 -0.005668489650022
13.36 -0.006522894267864
13.37 -0.007109671047906
13.38 -0.007270189104876
13.39 -0.006932984804402
13.4 -0.00631256597026
13.41 -0.005364563530969
13.42 -0.004364051360618
13.43 -0.003406213880975
13.44 -0.002595267836546
13.45 -0.002003076305974
13.46 -0.001690074858361
13.47 -0.001727596828804
13.48 -0.002140341496397
13.49 -0.00282253400575
13.5 -0.003645686679998
13.51 -0.00450686579897
13.52 -0.005356066221001
13.53 -0.006258447000911
13.54 -0.008714867138589
13.55 -0.010097084479769
13.56 -0.010863405087571
13.57 -0.010562529962967
13.58 -0.008941142725139
13.59 -0.009425466066361
13.6 -0.0105314635047
13.61 -0.009758557581108
13.62 -0.00963611360126
13.63 -0.011049057738901
13.64 -0.011148197896372
13.65 -0.010673907131509
13.66 -0.011501866862065
13.67 -0.012696626977458
13.68 -0.013972137439409
13.69 -0.01466512937464
13.7 -0.014714335083607
13.71 -0.014136180514459
13.72 -0.013159564817075
13.73 -0.011988799106102
13.74 -0.010791451192714
13.75 -0.009746440745242
13.76 -0.00884945529762
13.77 -0.008348472703253
13.78 -0.008371949288308
13.79 -0.008879601994534
13.8 -0.009631588310491
13.81 -0.010363077211367
13.82 -0.010916852194445
13.83 -0.011176373572795
13.84 -0.011115274986861
13.85 -0.010769045776625
13.86 -0.010113486044375
13.87 -0.00924624617142
13.88 -0.008232463197554
13.89 -0.007188641858388
13.9 -0.006308322606781
13.91 -0.005698366345192
13.92 -0.005529747138196
13.93 -0.005877312014818
13.94 -0.006422828116112
13.95 -0.007019282412538
13.96 -0.007678262327081
13.97 -0.00816009860442
13.98 -0.008425463694983
13.99 -0.008660054615556
14.0 -0.008374175165189
14.01 -0.008423184845791
14.02 -0.008248391298225
14.03 -0.00815586941426
14.04 -0.007933074878502
14.05 -0.007633570544914
14.06 -0.007421863270764
14.07 -0.007077068821302
14.08 -0.006719305375593
14.09 -0.006619851583058
14.1 -0.006692067661054
14.11 -0.006057753458815
14.12 -0.00595274736194
14.13 -0.005910600459294
14.14 -0.005416190595377
14.15 -0.004532243603035
14.16 -0.002536866683005
14.17 0.01069984726347
14.18 0.018157404408577
14.19 0.008196366760521
14.2 0.006936163234383
14.21 0.009647839135413
14.22 0.009551533989295
14.23 0.008092374117899
14.24 0.00667361887259
14.25 0.004233262637989
14.26 -0.000238310628472
14.27 -0.00984464739535
14.28 -0.003302203077323
14.29 -0.002881144350292
14.3 -0.00880907258274
14.31 -0.001113579269952
14.32 -0.001315634422601
14.33 -0.006174738329304
14.34 -0.004248266927133
14.35 -0.002683301005338
14.36 -0.004334716204773
14.37 0.000321550320627
14.38 0.005219593381611
14.39 0.00384798867295
14.4 0.002664004990255
14.41 -0.001008930160131
14.42 -0.005200311857632
14.43 -0.004976070243418
14.44 -0.001894280498408
14.45 -0.000115380321076
14.46 -0.001101605930118
14.47 -0.003303879229375
14.48 -0.004659448245661
14.49 -0.004479330463884
14.5 -0.003806461789463
14.51 -0.004546200997219
14.52 -0.01923846048958
14.53 -0.025184368346559
14.54 -0.00973466536684
14.55 -0.018273156371136
14.56 -0.022657958710957
14.57 -0.016677002711384
14.58 -0.014626645899772
14.59 -0.016092164341757
14.6 -0.016704905862588
14.61 -0.016278488415868
14.62 -0.016043232342523
14.63 -0.016000864727808
14.64 -0.015780711422765
14.65 -0.015440998713371
14.66 -0.015127855693011
14.67 -0.011946341348031
14.68 -0.010348018243734
14.69 -0.011871038149905
14.7 -0.015216827046163
14.71 -0.01839310535166
14.72 -0.019696456469574
14.73 -0.018875137716798
14.74 -0.016872868534594
14.75 -0.014911920083951
14.76 -0.014924685867086
14.77 -0.015690781430599
14.78 -0.015623013182671
14.79 -0.014747252415367
14.8 -0.013254663269436
14.81 -0.010121372326197
14.82 -0.011062055907907
14.83 -0.009682013812307
14.84 -0.008643576744561
14.85 -0.008139001454821
14.86 -0.008208447137904
14.87 -0.00873818866171
14.88 -0.009549357652993
14.89 -0.010381914668288
14.9 -0.010931698284078
14.91 -0.011021756231421
14.92 -0.010532405934156
14.93 -0.009661292730839
14.94 -0.008512827169452
14.95 -0.007367687947873
14.96 -0.006471528200231
14.97 -0.005775204289088
14.98 -0.005506713999648
14.99 -0.005751869886818
15.0 -0.0062817547659
15.01 -0.006834104002289
15.02 -0.007346843959056
15.03 -0.007806137685197
15.04 -0.008139277768693
15.05 -0.008114990365947
15.06 -0.007930818991529
15.07 -0.007534479580978
15.08 -0.007143471882296
15.09 -0.006957551036627
15.1 -0.00693589435284
15.11 -0.007029499153617
15.12 -0.006953106685732
15.13 -0.000521035584232
15.14 0.01262460154264
15.15 0.004031054400836
15.16 0.005772322793272
15.17 0.007656501895832
15.18 0.004790732965874
15.19 0.002971291231915
15.2 0.003226007713982
15.21 0.004173783004409
15.22 0.003860614500198
15.23 0.002380847577565
15.24 -9.3338956332e-05
15.25 -0.00467810217623
15.26 -0.011205283436537
15.27 -0.007961499960806
15.28 -0.013516311088601
15.29 -0.01192501821356
15.3 -0.007186988847731
15.31 -0.012563308146456
15.32 -0.012629543084905
15.33 -0.009034121412883
15.34 -0.010145390418543
15.35 -0.01222864764494
15.36 -0.011774886199803
15.37 -0.010844262710057
15.38 -0.011281369864331
15.39 -0.011713965866277
15.4 -0.011127879294346
15.41 -0.010938416886203
15.42 -0.011750278818579
15.43 -0.010433357453904
15.44 -0.003082390543025
15.45 0.001778548417611
15.46 0.002127917629556
15.47 0.001264235570202
15.48 0.000389381127659
15.49 -0.002000833944307
15.5 -0.000408538897723
15.51 0.003326968843773
15.52 0.003192907602708
15.53 0.002978026154236
15.54 0.003028068585692
15.55 0.003672726561209
15.56 0.00471471147243
15.57 0.00591384858391
15.58 0.006875532935338
15.59 0.007979371624021
15.6 0.008861349969084
15.61 0.009501960008704
15.62 0.009525945340003
15.63 0.008866644983947
15.64 0.00841879360074
15.65 0.008205521647076
15.66 0.008024562031703
15.67 0.007843488991337
15.68 0.007282021253966
15.69 0.006474038934536
15.7 0.006330908937029
15.71 0.005448201961274
15.72 0.005254015210352
15.73 0.00481727700485
15.74 0.004616403743015
15.75 0.004319708381304
15.76 0.004035223015485
15.77 0.003614000424315
15.78 0.003030244305951
15.79 0.002474884158239
15.8 0.002161214499165
15.81 0.002322358478626
15.82 0.002732298569837
15.83 0.003225841724777
15.84 0.003365234269307
15.85 0.003419623392259
15.86 0.003276461458697
15.87 0.002939079460707
15.88 0.002556676108768
15.89 0.002184971975116
15.9 0.002003988115748
15.91 0.002341021087006
15.92 0.003052157279509
15.93 0.004316012499872
15.94 0.005718506058199
15.95 0.007528428683625
15.96 0.008306908843737
15.97 0.00927974702356
15.98 0.009593264588662
15.99 0.009516709183041
16.0 0.008956001696555
16.01 0.008027355043367
16.02 0.007158660402692
16.03 0.006115004358588
16.04 0.005226481789618
16.05 0.004509018272382
16.06 0.003945375362806
16.07 0.003276398499432
16.08 0.002333530684696
16.09 0.000882419233937
16.1 -0.001427529788716
16.11 -0.020282929277736
16.12 -0.020426573311539
16.13 -0.004811388717449
16.14 -0.01737502963254
16.15 -0.014492311020447
16.16 -0.00629113154115
16.17 -0.007488902656633
16.18 -0.008472555101761
16.19 -0.004658020848358
16.2 0.011256932664211
16.21 0.013842864061688
16.22 0.004579340342446
16.23 0.004074499077986
16.24 0.006517844844209
16.25 0.007262937089701
16.26 0.007133051457822
16.27 0.003881426939273
16.28 0.005550297229377
16.29 0.00951628587958
16.3 0.00798306724433
16.31 0.007497280199397
16.32 0.008143172825874
16.33 0.008194943105445
16.34 0.007863459697646
16.35 0.008667962660771
16.36 0.010579043703004
16.37 0.010407395973649
16.38 0.010044919026513
16.39 0.009636793684158
16.4 0.009548877996904
16.41 0.00909899561465
16.42 0.008426345630862
16.43 0.008194197316626
16.44 0.008582129984628
16.45 0.009002524373851
16.46 0.009342233339036
16.47 0.009316225061828
16.48 0.009337901190367
16.49 0.009325961137332
16.5 0.009337352857936
16.51 0.009279331920087
16.52 0.009518039843012
16.53 0.010038144971383
16.54 0.010128306537827
16.55 0.009788195773314
16.56 0.00927166623923
16.57 0.008376938033652
16.58 0.007439379168427
16.59 0.006736185650053
16.6 0.006178188524576
16.61 0.00592789896503
16.62 0.005857081950925
16.63 0.0060473817505
16.64 0.006540857177838
16.65 0.007093405060237
16.66 0.007437589618282
16.67 0.007692376909055
16.68 0.007811444213546
16.69 0.007797626694057
16.7 0.007791326743543
16.71 0.007834037223169
16.72 0.00801475101209
16.73 0.008057089810334
16.74 0.008279799082284
16.75 0.008445509710727
16.76 0.008555943567568
16.77 0.008344847077118
16.78 0.007877806906286
16.79 0.007389733519179
16.8 0.006907084784246
16.81 0.006454753182057
16.82 0.006072699386667
16.83 0.005768556505556
16.84 0.00546117648426
16.85 0.004914804237627
16.86 0.00309472212884
16.87 -0.014121812363153
16.88 -0.021679815107439
16.89 -0.00511693036594
16.9 -0.007749577487113
16.91 -0.011555067704854
16.92 -0.008270942499928
16.93 -0.004848607817151
16.94 -0.003338480310601
16.95 -0.003155245440412
16.96 -0.003671336257103
16.97 -0.003016469639445
16.98 0.008957247183472
16.99 0.01665717331507
17.0 0.003476492242717
17.01 0.003568513065294
17.02 0.009876383499924
17.03 0.010154758145541
17.04 0.009526451092265
17.05 0.010190016162215
17.06 0.009804077871201
17.07 0.00907484796609
17.08 0.008877066865454
17.09 0.008485705370494
17.1 0.007849549867759
17.11 0.007501376135051
17.12 0.007213568217249
17.13 0.006791492146114
17.14 0.006734292145531
17.15 0.006977698680312
17.16 0.00651454083276
17.17 0.005953678899838
17.18 0.005879842994177
17.19 0.006554376997044
17.2 0.006277571522396
17.21 0.007408749135051
17.22 0.006783025640861
17.23 0.006091793998334
17.24 0.005354332420857
17.25 0.004727818348231
17.26 0.0041044693187
17.27 0.001743349292685
17.28 -0.00014582588138
17.29 -0.000153223539325
17.3 -0.001510955850807
17.31 0.000531796172042
17.32 0.002634156853436
17.33 0.002439695254923
17.34 -0.001655650080303
17.35 -0.004286554243885
17.36 -0.003281825117026
17.37 -0.000381745305937
17.38 -0.000278722985685
17.39 -0.00358135521598
17.4 -0.002695948669496
17.41 0.001471776169326
17.42 0.000148651918081
17.43 -0.003909242660372
17.44 -0.011346256279443
17.45 -0.013818420485517
17.46 -0.012413541545693
17.47 -0.010760518952124
17.48 -0.009868550624278
17.49 -0.008226293430053
17.5 -0.006948702034485
17.51 -0.006557271424488
17.52 -0.006349149569087
17.53 -0.005899751695493
17.54 -0.005189369051264
17.55 -0.004520315509206
17.56 -0.004249278932272
17.57 -0.004464150255277
17.58 -0.004840608335415
17.59 -0.005306415145124
17.6 -0.005736461263769
17.61 -0.005858799627195
17.62 -0.005924988616184
17.63 -0.005882983431208
17.64 -0.005843521541591
17.65 -0.005847176223593
17.66 -0.005645415718065
17.67 -0.005264428124449
17.68 -0.004426297903464
17.69 -0.003172024072783
17.7 -0.001844137851972
17.71 -0.000772158502255
17.72 2.5138290339e-05
17.73 0.000519348784685
17.74 0.000818883239734
17.75 0.000976068079601
17.76 0.00119983345985
17.77 0.002331998961767
17.78 0.013198671460018
17.79 0.022645249757117
17.8 0.009244528202511
17.81 0.018394186771028
17.82 0.019927758657601
17.83 0.011787170777268
17.84 0.010668324568951
17.85 0.013274982751059
17.86 0.014166368482694
17.87 0.013326173853796
17.88 0.01264332923481
17.89 0.011947688575964
17.9 0.011322020263905
17.91 0.010527508154211
17.92 0.009385361708138
17.93 0.008302478143008
17.94 0.00710845786245
17.95 0.006091039941449
17.96 0.005029873904349
17.97 0.002162459351816
17.98 -0.015470055225908
17.99 -0.01185168143175
18.0 -0.000299308380093
18.01 -0.010858075312695
18.02 -0.008147930517318
18.03 -0.008505570495477
18.04 -0.008761359260434
18.05 -0.006550127690462
18.06 -0.006642738483308
18.07 -0.00624589548755
18.08 -0.005196881420771
18.09 -0.00510495405365
18.1 -0.001647007130265
18.11 0.007228488029415
18.12 0.009109472719482
18.13 0.008443017367593
18.14 0.00324819736692
18.15 0.005555542642431
18.16 0.008199255088761
18.17 0.009555702257702
18.18 0.009554102021392
18.19 0.00878426379599
18.2 0.008516170574353
18.21 0.008809542374869
18.22 0.009879903695868
18.23 0.011068102847495
18.24 0.011975501996197
18.25 0.01220453255702
18.26 0.011914031005918
18.27 0.011219700985576
18.28 0.010610484980801
18.29 0.009964299012796
18.3 0.009742835386372
18.31 0.009593090808002
18.32 0.009427562438664
18.33 0.009191043967485
18.34 0.008817627776088
18.35 0.008512917736096
18.36 0.008347315545976
18.37 0.008280358330875
18.38 0.008472084749576
18.39 0.008257220587185
18.4 0.008460039921547
18.41 0.008697008743238
18.42 0.009063292860431
18.43 0.00925886254204
18.44 0.009176654459339
18.45 0.008608903963593
18.46 0.007407216019657
18.47 0.006087201755324
18.48 0.005488837724015
18.49 0.00484234884273
18.5 0.00393754830075
18.51 0.00286297576518
18.52 0.001731287232608
18.53 0.000520900497515
18.54 -0.004191420270621
18.55 -0.021071840604466
18.56 -0.013468649311195
18.57 -0.004883685785838
18.58 -0.016621716625448
18.59 -0.01207979664439
18.6 -0.004814457122462
18.61 -0.002759407043671
18.62 0.009036766640225
18.63 0.012664921441998
18.64 0.005490331763268
18.65 0.004861874806367
18.66 0.003898950537235
18.67 0.003275420899754
18.68 0.003004459416626
18.69 -0.005340286811329
18.7 -0.008366547764683
18.71 -0.004454579795576
18.72 -0.005904634772004
18.73 -0.006079653325077
18.74 -0.00484903693519
18.75 -0.003939007191875
18.76 -0.003809746490835
18.77 -0.003501604226819
18.78 -0.002079847893674
18.79 1.4894074979e-05
18.8 0.001347554429176
18.81 0.001039255762329
18.82 -0.000318847945952
18.83 -0.001583710351878
18.84 -0.002007695436141
18.85 -0.001714143670877
18.86 -0.001239872885643
18.87 -0.001086193625439
18.88 -0.001280923936979
18.89 -0.001571203616631
18.9 -0.001805735141783
18.91 -0.001731966647671
18.92 -0.001484482101918
18.93 -0.001195055260782
18.94 -0.000804441591219
18.95 -0.000562331107307
18.96 -0.00046822993686
18.97 -0.000676641960082
18.98 -0.001223230434569
18.99 -0.002070017251295
19.0 -0.003248996070386
19.01 -0.004289012958016
19.02 -0.005087335011311
19.03 -0.005655054476919
19.04 -0.005667635883603
19.05 -0.005506273664035
19.06 -0.005159134520469
19.07 -0.004728630923669
19.08 -0.00436827583235
19.09 -0.004054850560126
19.1 -0.00371490550423
19.11 -0.002840990183547
19.12 0.00514544849367
19.13 0.019678666057988
19.14 0.006272552913861
19.15 0.008905101846868
19.16 0.013002244432773
19.17 0.004807764456278
19.18 0.00221273624011
19.19 0.00379640277076
19.2 0.000762156776233
19.21 -0.015266302908642
19.22 -0.015365276144211
19.23 -0.010145549248318
19.24 -0.009156489051543
19.25 -0.008321794275321
19.26 -0.007955378376005
19.27 -0.008153652000738
19.28 -0.006855466850738
19.29 -0.005051900028497
19.3 -0.003561197983339
19.31 -0.004148673005982
19.32 -0.004322926273584
19.33 -0.004429698455175
19.34 -0.004740927275496
19.35 -0.005130773958521
19.36 -0.005094048095768
19.37 -0.005894056949092
19.38 -0.007008159746283
19.39 -0.007105821977725
19.4 -0.007616408975979
19.41 -0.006812559682872
19.42 -0.006262058273039
19.43 -0.006090797577815
19.44 -0.005549851147707
19.45 -0.004602824781433
19.46 -0.003967102364914
19.47 -0.003729590374652
19.48 -0.002690577829711
19.49 -0.002594150013253
19.5 -0.002192283057524
19.51 -0.000954739400935
19.52 -0.000363698047486
19.53 -8.4746787841e-05
19.54 0.002669387563077
19.55 0.016272252663151
19.56 0.021173090938651
19.57 0.008424715781414
19.58 0.009854918344468
19.59 0.015452953754999
19.6 0.015379817703093
19.61 0.013618140050672
19.62 0.013223727151496
19.63 0.012416398997004
19.64 0.011053661204226
19.65 0.010432153108744
19.66 0.010752048891709
19.67 0.011134617525667
19.68 0.010915034243202
19.69 0.01016787487858
19.7 0.009300797563921
19.71 0.008549382885801
19.72 0.007754044360856
19.73 0.007172199458505
19.74 0.006754945901955
19.75 0.00621091769727
19.76 0.005956551147751
19.77 0.005615204739097
19.78 0.005325174233832
19.79 0.005032945850713
19.8 0.004714801421971
19.81 0.00444601420627
19.82 0.004330429159834
19.83 0.004064318562578
19.84 0.003747411450765
19.85 0.003539503299497
19.86 0.003347626139696
19.87 0.003313930185783
19.88 0.003362179692894
19.89 0.003594471274921
19.9 0.003766624774179
19.91 0.003637512473459
19.92 0.003281066780532
19.93 0.002927488674033
19.94 0.002252830670629
19.95 0.001436095383155
19.96 0.00093740728211
19.97 0.001295332604538
19.98 0.001722606432135
19.99 0.001571931584335
20.0 0.001225829846911
20.01 0.000620939807329
20.02 -0.00027769767653
20.03 -0.001321079747437
20.04 -0.006903895657891
20.05 -0.022408404882485
20.06 -0.008569133304755
20.07 -0.005447274716259
20.08 -0.010680221273828
20.09 -0.008856120990048
20.1 -0.005183991391956
20.11 -0.005081893457277
20.12 -0.006787970392056
20.13 -0.007400495171364
20.14 -0.006650862422054
20.15 -0.005332666372448
20.16 -0.0042193797638
20.17 -0.003641249309876
20.18 -0.003467114234055
20.19 -0.003538053970508
20.2 -0.003640194799056
20.21 -0.00376027566792
20.22 -0.003911304818969
20.23 -0.003787103216392
20.24 -0.003416064032529
20.25 -0.002951080819625
20.26 -0.002468902236399
20.27 -0.002164585284343
20.28 -0.001848659394939
20.29 -0.001535170881388
20.3 -0.00119727392479
20.31 -0.000767226496745
20.32 -0.000162457446875
20.33 0.000752446811073
20.34 0.002919269255061
20.35 0.015302357379485
20.36 0.018494178586011
20.37 0.006357623524242
20.38 0.014579031437053
20.39 0.010234863700025
20.4 0.004863150570173
20.41 0.003170959244941
20.42 -0.005223112392304
20.43 0.003379056621889
20.44 0.002696537300344
20.45 0.001725207817438
20.46 0.000636652645116
20.47 -0.000531850396047
20.48 -0.001571909166154
20.49 -0.002357587876912
20.5 -0.003053230527085
20.51 -0.003609085698802
20.52 -0.00431617224868
20.53 -0.005099566447967
20.54 -0.005769928719627
20.55 -0.00621264325252
20.56 -0.006455245284491
20.57 -0.006402516086636
20.58 -0.006329149080432
20.59 -0.006249351845802
20.6 -0.006343698263279
20.61 -0.00660820797521
20.62 -0.007115184100985
20.63 -0.007727526049137
20.64 -0.008229238910701
20.65 -0.008546021423982
20.66 -0.008570737802451
20.67 -0.008339582806466
20.68 -0.007931444654681
20.69 -0.007439175744221
20.7 -0.00699991323987
20.71 -0.006689791336972
20.72 -0.006524604114039
20.73 -0.006485757078517
20.74 -0.00648669532949
20.75 -0.00650342777628
20.76 -0.006500660265283
20.77 -0.006510038561126
20.78 -0.00649043941462
20.79 -0.006435564197809
20.8 -0.006261999731734
20.81 -0.005973918926537
20.82 -0.005571717075642
20.83 -0.005089153602537
20.84 -0.004613383949617
20.85 -0.004123454451575
20.86 -0.003667697232862
20.87 -0.003326953887812
20.88 -0.003111203156137
20.89 -0.002992446960836
20.9 -0.002970064928948
20.91 -0.003017382801842
20.92 -0.003131060300754
20.93 -0.003354157548091
20.94 -0.003684034918441
20.95 -0.004014401162918
20.96 -0.004317124746482
20.97 -0.004536489956317
20.98 -0.004664008553902
20.99 -0.004677483425186
21.0 -0.004687832265578
21.01 -0.004683279849547
21.02 -0.004727786620484
21.03 -0.004724136277646
21.04 -0.004739676936143
21.05 -0.004912222737858
21.06 -0.005053083517558
21.07 -0.005175117676663
21.08 -0.005132836302349
21.09 5.582616704e-06
21.1 0.007305773669192
21.11 -0.010025323268247
21.12 -0.0119764552028
21.13 -0.003113867065744
21.14 -0.004888601171418
21.15 -0.004065902454308
21.16 -0.003019072991754
21.17 -0.00459704401648
21.18 -0.003333164584099
21.19 -0.004496837114354
21.2 -0.004426748856489
21.21 -0.004005051246018
21.22 -0.004364179746449
21.23 -0.003735717148064
21.24 -0.004871015168894
21.25 -0.003914727363364
21.26 -0.00396530304628
21.27 -0.004073159587237
21.28 -0.002985770399034
21.29 -0.002995333021859
21.3 -0.003375997412312
21.31 -0.003579170695049
21.32 -0.003657928964755
21.33 -0.003700583052662
21.34 -0.003792985733923
21.35 -0.003731909428007
21.36 -0.004094820292815
21.37 -0.004478872880254
21.38 -0.004568070046129
21.39 -0.004534810568515
21.4 -0.004300745396909
21.41 -0.004490394795739
21.42 -0.004214531401684
21.43 -0.003728183898732
21.44 -0.003139746168093
21.45 -0.000960461331899
21.46 0.003734352897964
21.47 0.007491328428197
21.48 0.008636059222009
21.49 0.007992033043001
21.5 0.00671151971734
21.51 0.005780151595008
21.52 0.005427680694122
21.53 0.005338070860658
21.54 0.005443044389888
21.55 0.005695021096667
21.56 0.0058493713891
21.57 0.006025942815453
21.58 0.006010734347186
21.59 0.00588725535201
21.6 0.005752031717315
21.61 0.005712688706396
21.62 0.005832183429953
21.63 0.005903786990942
21.64 0.005778626351185
21.65 0.005290326838574
21.66 0.00429786636409
21.67 0.002018883767923
21.68 -0.010911295598493
21.69 -0.007586205408777
21.7 -0.000675041201929
21.71 -0.007540901247865
21.72 0.009759728428618
21.73 0.00247464466943
21.74 0.002541165782077
21.75 0.002820219891546
21.76 0.003068276236941
21.77 0.002999701054536
21.78 0.002510708661707
21.79 0.001836785415077
21.8 0.001293997255915
21.81 0.001050632278611
21.82 0.001188425609484
21.83 0.001572609569448
21.84 0.001955033852928
21.85 0.00220411487255
21.86 0.002291987206438
21.87 0.002254507904822
21.88 0.002256327519165
21.89 0.002415891462726
21.9 0.002852521688323
21.91 0.003571147016335
21.92 0.004505637659429
21.93 0.005550022183497
21.94 0.006445466220286
21.95 0.007161032839866
21.96 0.007535011445075
21.97 0.007717169631186
21.98 0.007751867444124
21.99 0.007590355165968
22.0 0.007335775027441
22.01 0.007093307763089
22.02 0.006961808255406
22.03 0.006854321422592
22.04 0.00671584895711
22.05 0.0065184504686
22.06 0.006242280918753
22.07 0.00580200035378
22.08 0.003789452203685
22.09 -0.01111871886302
22.1 -0.012976739654385
22.11 -0.004767118949094
22.12 -0.006199666129209
22.13 -0.007569989643029
22.14 -0.007399155344496
22.15 -0.005876888248599
22.16 -0.003806928878857
22.17 -0.002635562611886
22.18 -0.000806427071241
22.19 0.011919015023484
22.2 0.014032381071173
22.21 0.005556026039476
22.22 0.006471359972908
22.23 0.009521734338207
22.24 0.008452960493687
22.25 0.006926018171691
22.26 0.007161460748903
22.27 0.007390485686516
22.28 0.006405182082884
22.29 0.005145182289098
22.3 0.004284808377057
22.31 0.001331071267672
22.32 0.001725403807164
22.33 0.002435497473949
22.34 0.001278931475184
22.35 -6.2797504951e-05
22.36 -0.003551764536256
22.37 -0.007378203993359
22.38 -0.008760480273653
22.39 -0.007673147059904
22.4 -0.006518150606922
22.41 -0.007313526198597
22.42 -0.007798126174657
22.43 -0.007239480420411
22.44 -0.006654900904039
22.45 -0.006933397001951
22.46 -0.007925917530748
22.47 -0.008891938940989
22.48 -0.00948525554637
22.49 -0.009706895451581
22.5 -0.009762807675989
22.51 -0.009728304562648
22.52 -0.009643024931597
22.53 -0.009502790689326
22.54 -0.009295383228329
22.55 -0.009075745057798
22.56 -0.008960869932087
22.57 -0.008970349777402
22.58 -0.009027529566675
22.59 -0.00898559768905
22.6 -0.008746958439048
22.61 -0.008190562010376
22.62 -0.007271316531158
22.63 -0.006315889664933
22.64 -0.005353341325029
22.65 -0.004595515488549
22.66 -0.004039127440143
22.67 -0.003699283263907
22.68 -0.003537585379593
22.69 -0.003395078383448
22.7 -0.003369416853884
22.71 -0.003293125062636
22.72 -0.003144482275937
22.73 -0.002931562588101
22.74 -0.002723741355729
22.75 -0.002663195007037
22.76 -0.003202625557116
22.77 -0.003418118601081
22.78 -0.003607035051666
22.79 -0.003728522847098
22.8 -0.003628719160932
22.81 -0.003554356864349
22.82 -0.003411754167573
22.83 -0.00339346811679
22.84 -0.003443142678543
22.85 -0.003690531909057
22.86 -0.004042830901284
22.87 -0.004340354582154
22.88 -0.004561237193785
22.89 -0.004778728862332
22.9 -0.004913614441927
22.91 -0.004927566788334
22.92 -0.004907412141035
22.93 -0.004851460860267
22.94 -0.004786211573145
22.95 -0.004649159183974
22.96 -0.004547631063079
22.97 -0.004379144760836
22.98 -0.004091556216874
22.99 -0.003598045276062
23.0 -0.002079288184013
23.01 -0.001305534705788
23.02 -9.0417554815e-05
23.03 0.000875317855704
23.04 -0.000109008697104
23.05 -0.001491085365629
23.06 -0.00135822599813
23.07 -0.002535485788764
23.08 -0.002935748817104
23.09 -0.002657112691259
23.1 -0.002582747173195
23.11 -0.002593556690924
23.12 -0.002506956223162
23.13 -0.001997911903558
23.14 -0.000937678560066
23.15 -5.5349283482e-05
23.16 0.00055628568765
23.17 0.003123613608992
23.18 0.007189065779833
23.19 0.009385025625738
23.2 0.009194755751719
23.21 0.008008920471147
23.22 0.006892835063284
23.23 0.006133124925308
23.24 0.005747123818228
23.25 0.005699757810123
23.26 0.005870610069283
23.27 0.006029128435968
23.28 0.005957120723287
23.29 0.00573898775996
23.3 0.005424399337618
23.31 0.005116027588078
23.32 0.004889641712826
23.33 0.00472441219386
23.34 0.004624087951347
23.35 0.004519672260991
23.36 0.004389250659411
23.37 0.004263063737432
23.38 0.004131908319904
23.39 0.004019533798812
23.4 0.003909372494499
23.41 0.0038367487692
23.42 0.003785857069956
23.43 0.00362798806132
23.44 0.00335505559562
23.45 0.003066838194468
23.46 0.002810926363331
23.47 0.002572070911071
23.48 0.002365237304578
23.49 0.00225727920994
23.5 0.002192715384835
23.51 0.002063505273713
23.52 0.001857266750473
23.53 0.001585310147218
23.54 0.001316517981548
23.55 0.001085234140733
23.56 0.000880342631019
23.57 0.000622870027979
23.58 0.000289037581986
23.59 -0.000133091027739
23.6 -0.000616926637704
23.61 -0.001087278757098
23.62 -0.001510365874917
23.63 -0.001879977263539
23.64 -0.002149521440521
23.65 -0.002288805667557
23.66 -0.002272041821954
23.67 -0.002083519224445
23.68 -0.001722742965528
23.69 -0.001185230536
23.7 -0.000184915029505
23.71 0.002831909967195
23.72 0.004823903963983
23.73 0.003603216882269
23.74 0.002191855685038
23.75 0.004196810824223
23.76 0.003954646715947
23.77 0.003386793735363
23.78 0.002803432186548
23.79 0.003449208526123
23.8 0.005259585123055
23.81 0.004696161564008
23.82 0.005074496043088
23.83 0.005673778645198
23.84 0.00510161545455
23.85 0.004560248502118
23.86 0.004439099351088
23.87 0.00549397876032
23.88 0.005492931471567
23.89 0.004564331385908
23.9 0.004577864231872
23.91 0.003753683455012
23.92 0.003912981713294
23.93 0.004454126299482
23.94 0.002736080581221
23.95 0.001600453715743
23.96 0.000496418994694
23.97 -0.002883626287528
23.98 -0.005132768062167
23.99 -0.004523199371871
24.0 -0.002399561032573
24.01 0.002188712586683
24.02 0.012558165632213
24.03 0.007326792123844
24.04 0.003226467455007
24.05 0.003762269747054
24.06 0.002996277427657
24.07 0.001824232755494
24.08 0.002008971920582
24.09 0.002153315347155
24.1 -1.9273253948e-05
24.11 -0.003103953116589
24.12 -0.004774836562933
24.13 -0.004640601070316
24.14 -0.001274132179245
24.15 -0.002968726696786
24.16 -0.005170413435919
24.17 -0.005822182093061
24.18 -0.005649914631725
24.19 -0.005740118894353
24.2 -0.005882707180663
24.21 -0.005621383613878
24.22 -0.005009251533015
24.23 -0.004426770343477
24.24 -0.004051620095179
24.25 -0.003839885512999
24.26 -0.003586182120174
24.27 -0.003159418762405
24.28 -0.002590590478239
24.29 -0.002056382521381
24.3 -0.001711727278072
24.31 -0.001613819866703
24.32 -0.001732346011757
24.33 -0.001914645619347
24.34 -0.002061014876654
24.35 -0.002191730310966
24.36 -0.002357941973154
24.37 -0.002580845270933
24.38 -0.002870405322172
24.39 -0.003193122958148
24.4 -0.00345886492044
24.41 -0.003610836624998
24.42 -0.003679113108476
24.43 -0.003668188784283
24.44 -0.003628147915753
24.45 -0.003580555534139
24.46 -0.003503108943994
24.47 -0.003362397123353
24.48 -0.003135015292527
24.49 -0.002830602924762
24.5 -0.002495481876416
24.51 -0.002207107541591
24.52 -0.002035910464418
24.53 -0.002001692928511
24.54 -0.002100799267839
24.55 -0.002266921725011
24.56 -0.002447025005335
24.57 -0.002593709379338
24.58 -0.002701716853176
24.59 -0.002793600822534
24.6 -0.002851209573962
24.61 -0.002873950042331
24.62 -0.002901603485368
24.63 -0.002910893601253
24.64 -0.002862476111106
24.65 -0.002811455946655
24.66 -0.002866517167466
24.67 -0.003042299454788
24.68 -0.003322108609505
24.69 -0.00369719614464
24.7 -0.004046003834974
24.71 -0.004351309580917
24.72 -0.004606510148912
24.73 -0.004768844462214
24.74 -0.004781551485706
24.75 -0.004575862955051
24.76 -0.001110225754831
24.77 0.006320035357335
24.78 0.005022321636694
24.79 0.003808290308839
24.8 0.004708281415625
24.81 0.004811912995024
24.82 0.00367853869775
24.83 0.002461064216213
24.84 0.001802660003326
24.85 0.001016207336734
24.86 -0.004645638453553
24.87 -0.01779553967224
24.88 -0.009912121727136
24.89 -0.006386763034769
24.9 -0.009342036313225
24.91 -0.00892423835736
24.92 -0.006970807235968
24.93 -0.006018091253483
24.94 -0.005155766980822
 
 
 
 
 
 
 
 
 
 
 
 
 
 
 
 
 
 
 
 
 
 
 
 
 
 
 
 
 
 
 
 
 
 
 
 
 
 
 
 
 
 
 
 
 
 
 
 
 
 
 
 
 
 
 
 
 
 
 
 
 
 
 
 
 
 
 
 
 
 
 
 
 
 
 
 
 
 
 
 
 
 
 
 
 
 
 
 
 
 
 
 
 
 
 
 
 
 
 
 
 
 
 
 
 
 
 
 
 
 
 
 
 
 
 
 
 
 
 
 
 
 
 
 
 
 
 
 
 
 
 
 
 
 
 
 
 
 
 
 
 
 
 
 
 
 
 
 
 
 
 
 
 
 
 
 
 
 
 
 
 
 
 
 
 
 
 
 
 
 
 
 
 
 
 
 
 
 
 
 
 
 
 
 
 
 
 
 
 
 
 
 
 
 
 
 
 
 
 
 
 
 
 
 
 
 
 
 
 
 
 
 
 
 
 
 
 
 
 
 
 
 
 
 
 
 
 
 
 
 
 
 
 
 
 
 
 
 
 
 
 
 
 
 
 
 
 
 
 
 
 
 
 
 
 
 
 
 
 
 
 
 
 
 
 
 
 
 
 
 
 
 
 
 
 
 
 
 
 
 
 
 
 
 
 
 
 
 
 
 
 
 
 
 
 
 
 
 
 
 
 
 
 
 
 
 
 
 
 
 
 
 
 
 
 
 
 
 
 
 
 
 
 
 
 
 
 
 
 
 
 
 
 
 
 
 
 
 
 
 
 
 
 
 
 
 
 
 
 
 
 
 
 
 
 
 
 
 
 
 
 
 
 
 
 
 
 
 
 
 
 
 
 
 
 
 
 
 
 
 
 
 
 
 
 
 
 
 
 
 
 
 
 
 
 
 
 
 
 
 
 
 
 
 
 
 
 
 
 
 
 
 
 
 
 
 
 
 
 
 
 
 
 
 
 
 
 
 
 
 
 
 
 
 
 
 
 
 
 
 
 
 
 
 
 
 
 
 
 
 
 
 
 
 
 
 
 
 
 
 
 
 
 
 
 
 
 
 
 
 
 
 
 
 
 
 
 
 
 
 
 
 
 
 
 
 
 
 
 
 
 
 
 
 
 
 
 
 
 
 
 
 
 
 
 
 
 
 
 
 
 
 
 
 
 
 
 
 
 
 
 
 
 
 
 
 
 
 
 
 
 
 
 
 
 
 
 
 
 
 
 
 
 
 
 
 
 
 
 
 
 
 
 
 
 
 
 
 
 
 
 
 
 
 
 
 
 
 
 
 
 
 
 
 
 
 
 
 
 
 
 
 
 
 
 
 
 
 
 
 
 
 
 
 
 
 
 
 
 
 
 
 
 
 
 
 
 
 
 
 
 
 
 
 
 
 
 
 
 
 
 
 
 
 
 
 
 
 
 
 
 
 
 
 
 
 
 
 
 
 
 
 
 
 
 
 
 
 
 
 
 
 
 
 
 
 
 
 
 
 
 
 
 
 
 
 
 
 
 
 
 
 
 
 
 
 
 
 
 
 
 
 
 
 
 
 
 
 
 
 
 
 
 
 
 
 
 
 
 
 
 
 
 
 
 
 
 
 
 
 
 
 
 
 
 
 
 
 
 
 
 
 
 
 
 
 
 
 
 
 
 
 
 
 
 
 
 
 
 
 
 
 
 
 
 
 
 
 
 
 
 
 
 
 
 
 
 
 
 
 
 
 
 
 
 
 
 
 
 
 
 
 
 
 
 
 
 
 
 
 
 
 
 
 
 
 
 
 
 
 
 
 
 
 
 
 
 
 
 
 
 
 
 
 
 
 
 
 
 
 
 
 
 
 
 
 
 
 
 
 
 
 
 
 
 
 
 
 
 
 
 
 
 
 
 
 
 
 
 
 
 
 
 
 
 
 
 
 
 
 
 
 
 
 
 
 
 
 
 
 
 
 
 
 
 
 
 
 
 
 
 
 
 
 
 
 
 
 
 
 
 
 
 
 
 
 
 
 
 
 
 
 
 
 
 
 
 
 
 
 
 
 
 
 
 
 
 
 
 
 
 
 
 
 
 
 
 
 
 
 
 
 
 
 
 
 
 
 
 
 
 
 
 
 
 
 
 
 
 
 
 
 
 
 
 
 
 
 
 
 
 
 
 
 
 
 
 
 
 
 
 
 
 
 
 
 
 
 
 
 
 
 
 
 
 
 
 
 
 
 
 
 
 
 
 
 
 
 
 
 
 
 
 
 
 
 
 
 
 
 
 
 
 
 
 
 
 
 
 
 
 
 
 
 
 
 
 
 
 
 
 
 
 
 
 
 
 
 
 
 
 
 
 
 
 
 
 
 
 
 
 
 
 
 
 
 
 
 
 
 
 
 
 
 
 
 
 
 
 
 
 
 
 
 
 
 
 
 
 
 
 
 
 
 
 
 
 
 
 
 
 
 
 
 
 
 
 
 
 
 
 
 
 
 
 
 
 
 
 
 
 
 
 
 
 
 
 
 
 
 
 
 
 
 
 
 
 
 
 
 
 
 
 
 
 
 
 
 
 
 
 
 
 
 
 
 
 
 
 
 
 
 
 
 
 
 
 
 
 
 
 
 
 
 
 
 
 
 
 
 
 
 
 
 
 
 
 
 
 
 
 
 
 
 
 
 
 
 
 
 
 
 
 
 
 
 
 
 
 
 
 
 
 
 
 
 
 
 
 
 
 
 
 
 
 
 
 
 
 
 
 
 
 
 
 
 
 
 
 
 
 
 
 
 
 
 
 
 
 
 
 
 
 
 
 
 
 
 
 
 
 
 
 
 
 
 
 
 
 
 
 
 
 
 
 
 
 
 
 
 
 
 
 
 
 
 
 
 
 
 
 
 
 
 
 
 
 
 
 
 
 
 
 
 
 
 
 
 
 
 
 
 
 
 
 
 
 
 
 
 
 
 
 
 
 
 
 
 
 
 
 
 
 
 
 
 
 
 
 
 
 
 
 
 
 
 
 
 
 
 
 
 
 
 
 
 
 
 
 
 
 
 
 
 
 
 
 
 
 
 
 
 
 
 
 
 
 
 
 
 
 
 
 
 
 
 
 
 
 
 
 
 
 
 
 
 
 
 
 
 
 
 
 
 
 
 
 
 
 
 
 
 
 
 
 
 
 
 
 
 
 
 
 
 
 
 
 
 
 
 
 
 
 
 
 
 
 
 
 
 
 
 
 
 
 
 
 
 
 
 
 
 
 
 
 
 
 
 
 
 
 
 
 
 
 
 
 
 
 
 
 
 
 
 
 
 
 
 
 
 
 
 
 
 
 
 
 
 
 
 
 
 
 
 
 
 
 
 
 
 
 
 
 
 
 
 
 
 
 
 
 
 
 
 
 
 
 
 
 
 
 
 
 
 
 
 
 
 
 
 
 
 
 
 
 
 
 
 
 
 
 
 
 
 
 
 
 
 
 
 
 
 
 
 
 
 
 
 
 
 
 
 
 
 
 
 
 
 
 
 
 
 
 
 
 
 
 
 
 
 
 
 
 
 
 
 
 
 
 
 
 
 
 
 
 
 
 
 
 
 
 
 
 
 
 
 
 
 
 
 
 
 
 
 
 
 
 
 
 
 
 
 
 
 
 
 
 
 
 
 
 
 
 
 
 
 
 
 
 
 
 
 
 
 
 
 
 
 
 
 
 
 
 
 
 
 
 
 
 
 
 
 
 
 
 
 
 
 
 
 
 
 
 
 
 
 
 
 
 
 
 
 
 
 
 
 
 
 
 
 
 
 
 
 
 
 
 
 
 
 
 
 
 
 
 
 
 
 
 
 
 
 
 
 
 
 
 
 
 
 
 
 
 
 
 
 
 
 
 
 
 
 
 
 
 
 
 
 
 
 
 
 
 
 
 
 
 
 
 
 
 
 
 
 
 
 
 
 
 
 
 
 
 
 
 
 
 
 
 
 
 
 
 
 
 
 
 
 
 
 
 
 
 
 
 
 
 
 
 
 
 
 
 
 
 
 
 
 
 
 
 
 
 
 
 
 
 
 
 
 
 
 
 
 
 
 
 
 
 
 
 
 
 
 
 
 
 
 
 
 
 
 
 
 
 
 
 
 
 
 
 
 
 
 
 
 
 
 
 
 
 
 
 
 
 
 
 
 
 
 
 
 
 
 
 
 
 
 
 
 
 
 
 
 
 
 
 
 
 
 
 
 
 
 
 
 
 
 
 
 
 
 
 
 
 
 
 
 
 
 
 
 
 
 
 
 
 
 
 
 
 
 
 
 
 
 
 
 
 
 
 
 
 
 
 
 
 
 
 
 
 
 
 
 
 
 
 
 
 
 
 
 
 
 
 
 
 
 
 
 
 
 
 
 
 
 
 
 
 
 
 
 
 
 
 
 
 
 
 
 
 
 
 
 
 
 
 
 
 
 
 
 
 
 
 
 
 
 
 
 
 
 
 
 
 
 
 
 
 
 
 
 
 
 
 
 
 
 
 
 
 
 
 
 
 
 
 
 
 
 
 
 
 
 
 
 
 
 
 
 
 
 
 
 
 
 
 
 
 
 
 
 
 
 
 
 
 
 
 
 
 
 
 
 
 
 
 
 
 
 
 
 
 
 
 
 
 
 
 
 
 
 
 
 
 
 
 
 
 
 
 
 
 
 
 
 
 
 
 
 
 
 
 
 
 
 
 
 
 
 
 
 
 
 
 
 
 
 
 
 
 
 
 
 
 
 
 
 
 
 
 
 
 
 
 
 
 
 
 
 
 
 
 
 
 
 
 
 
 
 
 
 
 
 
 
 
 
 
 
 
 
 
 
 
 
 
 
 
 
 
 
 
 
 
 
 
 
 
 
 
 
 
 
 
 
 
 
 
 
 
 
 
 
 
 
 
 
 
 
 
 
 
 
 
 
 
 
 
 
 
 
 
 
 
 
 
 
 
 
 
 
 
 
 
 
 
 
 
 
 
 
 
 
 
 
 
 
 
 
 
 
 
 
 
 
 
 
 
 
 
 
 
 
 
 
 
 
 
 
 
 
 
 
 
 
 
 
 
 
 
 
 
 
 
 
 
 
 
 
 
 
 
 
 
 
 
 
 
 
 
 
 
 
 
 
 
 
 
 
 
 
 
 
 
 
 
 
 
 
 
 
 
 
 
 
 
 
 
 
 
 
 
 
 
 
 
 
 
 
 
 
 
 
 
 
 
 
 
 
 
 
 
 
 
 
 
 
 
 
 
 
 
 
 
 
 
 
 
 
 
 
 
 
 
 
 
 
 
 
 
 
 
 
 
 
 
 
 
 
 
 
 
 
 
 
 
 
 
 
 
 
 
 
 
 
 
 
 
 
 
 
 
 
 
 
 
 
 
 
 
 
 
 
 
 
 
 
 
 
 
 
 
 
 
 
 
 
 
 
 
 
 
 
 
 
 
 
 
 
 
 
 
 
 
 
 
 
 
 
 
 
 
 
 
 
 
 
 
 
 
 
 
 
 
 
 
 
 
 
 
 
 
 
 
 
 
 
 
 
 
 
 
 
 
 
 
 
 
 
 
 
 
 
 
 
 
 
 
 
 
 
 
 
 
 
 
 
 
 
 
 
 
 
 
 
 
 
 
 
 
 
 
 
 
 
 
 
 
 
 
 
 
 
 
 
 
 
 
 
 
 
 
 
 
 
 
 
 
 
 
 
 
 
 
 
 
 
 
 
 
 
 
 
 
 
 
 
 
 
 
 
 
 
 
 
 
 
 
 
 
 
 
 
 
 
 
 
 
 
 
 
 
 
 
 
 
 
 
 
 
 
 
 
 
 
 
 
 
 
 
 
 
 
 
 
 
 
 
 
 
 
 
 
 
 
 
 
 
 
 
 
 
 
 
 
 
 
 
 
 
 
 
 
 
 
 
 
 
 
 
 
 
 
 
 
 
 
 
 
 
 
 
 
 
 
 
 
 
 
 
 
 
 
 
 
 
 
 
 
 
 
 
 
 
 
 
 
 
 
 
 
 
 
 
 
 
 
 
 
 
 
 
 
 
 
 
 
 
 
 
 
 
 
 
 
 
 
 
 
 
 
 
 
 
 
 
 
 
 
 
 
 
 
 
 
 
 
 
 
 
 
 
 
 
 
 
 
 
 
 
 
 
 
 
 
 
 
 
 
 
 
 
 
 
 
 
 
 
 
 
 
 
 
 
 
 
 
 
 
 
 
 
 
 
 
 
 
 
 
 
 
 
 
 
 
 
 
 
 
 
 
 
 
 
 
 
 
 
 
 
 
 
 
 
 
 
 
 
 
 
 
 
 
 
 
 
 
 
 
 
 
 
 
 
 
 
 
 
 
 
 
 
 
 
 
 
 
 
 
 
 
 
 
 
 
 
 
 
 
 
 
 
 
 
 
 
 
 
 
 
 
 
 
 
 
 
 
 
 
 
 
 
 
 
 
 
 
 
 
 
 
 
 
 
 
 
 
 
 
 
 
 
 
 
 
 
 
 
 
 
 
 
 
 
 
 
 
 
 
 
 
 
 
 
 
 
 
 
 
 
 
 
 
 
 
 
 
 
 
 
 
 
 
 
 
 
 
 
 
 
 
 
 
 
 
 
 
 
 
 
 
 
 
 
 
 
 
 
 
 
 
 
 
 
 
 
 
 
 
 
 
 
 
 
 
 
 
 
 
 
 
 
 
 
 
 
 
 
 
 
 
 
 
 
 
 
 
 
 
 
 
 
 
 
 
 
 
 
 
 
 
 
 
 
 
 
 
 
 
 
 
 
 
 
 
 
 
 
 
 
 
 
 
 
 
 
 
 
 
 
 
 
 
 
 
 
 
 
 
 
 
 
 
 
 
 
 
 
 
 
 
 
 
 
 
 
 
 
 
 
 
 
 
 
 
 
 
 
 
 
 
 
 
 
 
 
 
 
 
 
 
 
 
 
 
 
 
 
 
 
 
 
 
 
 
 
 
 
 
 
 
 
 
 
 
 
 
 
 
 
 
 
 
 
 
 
 
 
 
 
 
 
 
 
 
 
 
 
 
 
 
 
 
 
 
 
 
 
 
 
 
 
 
 
 
 
 
 
 
 
 
 
 
 
 
 
 
 
 
 
 
 
 
 
 
 
 
 
 
 
 
 
 
 
 
 
 
 
 
 
 
 
 
 
 
 
 
 
 
 
 
 
 
 
 
 
 
 
 
 
 
 
 
 
 
 
 
 
 
 
 
 
 
 
 
 
 
 
 
 
 
 
 
 
 
 
 
 
 
 
 
 
 
 
 
 
 
 
 
 
 
 
 
 
 
 
 
 
 
 
 
 
 
 
 
 
 
 
 
 
 
 
 
 
 
 
 
 
 
 
 
 
 
 
 
 
 
 
 
 
 
 
 
 
 
 
 
 
 
 
 
 
 
 
 
 
 
 
 
 
 
 
 
 
 
 
 
 
 
 
 
 
 
 
 
 
 
 
 
 
 
 
 
 
 
 
 
 
 
 
 
 
 
 
 
 
 
 
 
 
 
 
 
 
 
 
 
 
 
 
 
 
 
 
 
 
 
 
 
 
 
 
 
 
 
 
 
 
 
 
 
 
 
 
 
 
 
 
 
 
 
 
 
 
 
 
 
 
 
 
 
 
 
 
 
 
 
 
 
 
 
 
 
 
 
 
 
 
 
 
 
 
 
 
 
 
 
 
 
 
 
 
 
 
 
 
 
 
 
 
 
 
 
 
 
 
 
 
 
 
 
 
 
 
 
 
 
 
 
 
 
 
 
 
 
 
 
 
 
 
 
 
 
 
 
 
 
 
 
 
 
 
 
 
 
 
 
 
 
 
 
 
 
 
 
 
 
 
 
 
 
 
 
 
 
 
 
 
 
 
 
 
 
 
 
 
 
 
 
 
 
 
 
 
 
 
 
 
 
 
 
 
 
 
 
 
 
 
 
 
 
 
 
 
 
 
 
 
 
 
 
 
 
 
 
 
 
 
 
 
 
 
 
 
 
 
 
 
 
 
 
 
 
 
 
 
 
 
 
 
 
 
 
 
 
 
 
 
 
 
 
 
 
 
 
 
 
 
 
 
 
 
 
 
 
 
 
 
 
 
 
 
 
 
 
 
 
 
 
 
 
 
 
 
 
 
 
 
 
 
 
 
 
 
 
 
 
 
 
 
 
 
 
 
 
 
 
 
 
 
 
 
 
 
 
 
 
 
 
 
 
 
 
 
 
 
 
 
 
 
 
 
 
 
 
 
 
 
 
 
 
 
 
 
 
 
 
 
 
 
 
 
 
 
 
 
 
 
 
 
 
 
 
 
 
 
 
 
 
 
 
 
 
 
 
 
 
 
 
 
 
 
 
 
 
 
 
 
 
 
 
 
 
 
 
 
 
 
 
 
 
 
 
 
 
 
 
 
 
 
 
 
 
 
 
 
 
 
 
 
 
 
 
 
 
 
 
 
 
 
 
 
 
 
 
 
 
 
 
 
 
 
 
 
 
 
 
 
 
 
 
 
 
 
 
 
 
 
 
 
 
 
 
 
 
 
 
 
 
 
 
 
 
 
 
 
 
 
 
 
 
 
 
 
 
 
 
 
 
 
 
 
 
 
 
 
 
 
 
 
 
 
 
 
 
 
 
 
 
 
 
 
 
 
 
 
 
 
 
 
 
 
 
 
 
 
 
 
 
 
 
 
 
 
 
 
 
 
 
 
 
 
 
 
 
 
 
 
 
 
 
 
 
 
 
 
 
 
 
 
 
 
 
 
 
 
 
 
 
 
 
 
 
 
 
 
 
 
 
 
 
 
 
 
 
 
 
 
 
 
 
 
 
 
 
 
 
 
 
 
 
 
 
 
 
 
 
 
 
 
 
 
 
 
 
 
 
 
 
 
 
 
 
 
 
 
 
 
 
 
 
 
 
 
 
 
 
 
 
 
 
 
 
 
 
 
 
 
 
 
 
 
 
 
 
 
 
 
 
 
 
 
 
 
 
 
 
 
 
 
 
 
 
 
 
 
 
 
 
 
 
 
 
 
 
 
 
 
 
 
 
 
 
 
 
 
 
 
 
 
 
 
 
 
 
 
 
 
 
 
 
 
 
 
 
 
 
 
 
 
 
 
 
 
 
 
 
 
 
 
 
 
 
 
 
 
 
 
 
 
 
 
 
 
 
 
 
 
 
 
 
 
 
 
 
 
 
 
 
 
 
 
 
 
 
 
 
 
 
 
 
 
 
 
 
 
 
 
 
 
 
 
 
 
 
 
 
 
 
 
 
 
 
 
 
 
 
 
 
 
 
 
 
 
 
 
 
 
 
 
 
 
 
 
 
 
 
 
 
 
 
 
 
 
 
 
 
 
 
 
 
 
 
 
 
 
 
 
 
 
 
 
 
 
 
 
 
 
 
 
 
 
 
 
 
 
 
 
 
 
 
 
 
 
 
 
 
 
 
 
 
 
 
 
 
 
 
 
 
 
 
 
 
 
 
 
 
 
 
 
 
 
 
 
 
 
 
 
 
 
 
 
 
 
 
 
 
 
 
 
 
 
 
 
 
 
 
 
 
 
 
 
 
 
 
 
 
 
 
 
 
 
 
 
 
 
 
 
 
 
 
 
 
 
 
 
 
 
 
 
 
 
 
 
 
 
 
 
 
 
 
 
 
 
 
 
 
 
 
 
 
 
 
 
 
 
 
 
 
 
 
 
 
 
 
 
 
 
 
 
 
 
 
 
 
 
 
 
 
 
 
 
 
 
 
 
 
 
 
 
 
 
 
 
 
 
 
 
 
 
 
 
 
 
 
 
 
 
 
 
 
 
 
 
 
 
 
 
 
 
 
 
 
 
 
 
 
 
 
 
 
 
 
 
 
 
 
 
 
 
 
 
 
 
 
 
 
 
 
 
 
 
 
 
 
 
 
 
 
 
 
 
 
 
 
 
 
 
 
 
 
 
 
 
 
 
 
 
 
 
 
 
 
 
 
 
 
 
 
 
 
 
 
 
 
 
 
 
 
 
 
 
 
 
 
 
 
 
 
 
 
 
 
 
 
 
 
 
 
 
 
 
 
 
 
 
 
 
 
 
 
 
 
 
 
 
 
 
 
 
 
 
 
 
 
 
 
 
 
 
 
 
 
 
 
 
 
 
 
 
 
 
 
 
 
 
 
 
 
 
 
 
 
 
 
 
 
 
 
 
 
 
 
 
 
 
 
 
 
 
 
 
 
 
 
 
 
 
 
 
 
 
 
 
 
 
 
 
 
 
 
 
 
 
 
 
 
 
 
 
 
 
 
 
 
 
 
 
 
 
 
 
 
 
 
 
 
 
 
 
 
 
 
 
 
 
 
 
 
 
 
 
 
 
 
 
 
 
 
 
 
 
 
 
 
 
 
 
 
 
 
 
 
 
 
 
 
 
 
 
 
 
 
 
 
 
 
 
 
 
 
 
 
 
 
 
 
 
 
 
 
 
 
 
 
 
 
 
 
 
 
 
 
 
 
 
 
 
 
 
 
 
 
 
 
 
 
 
 
 
 
 
 
 
 
 
 
 
 
 
 
 
 
 
 
 
 
 
 
 
 
 
 
 
 
 
 
 
 
 
 
 
 
 
 
 
 
 
 
 
 
 
 
 
 
 
 
 
 
 
 
 
 
 
 
 
 
 
 
 
 
 
 
 
 
 
 
 
 
 
 
 
 
 
 
 
 
 
 
 
 
 
 
 
 
 
 
 
 
 
 
 
 
 
 
 
 
 
 
 
 
 
 
 
 
 
 
 
 
 
 
 
 
 
 
 
 
 
 
 
 
 
 
 
 
 
 
 
 
 
 
 
 
 
 
 
 
 
 
 
 
 
 
 
 
 
 
 
 
 
 
 
 
 
 
 
 
 
 
 
 
 
 
 
 
 
 
 
 
 
 
 
 
 
 
 
 
 
 
 
 
 
 
 
 
 
 
 
 
 
 
 
 
 
 
 
 
 
 
 
 
 
 
 
 
 
 
 
 
 
 
 
 
 
 
 
 
 
 
 
 
 
 
 
 
 
 
 
 
 
 
 
 
 
 
 
 
 
 
 
 
 
 
 
 
 
 
 
 
 
 
 
 
 
 
 
 
 
 
 
 
 
 
 
 
 
 
 
 
 
 
 
 
 
 
 
 
 
 
 
 
 
 
 
 
 
 
 
 
 
 
 
 
 
 
 
 
 
 
 
 
 
 
 
 
 
 
 
 
 
 
 
 
 
 
 
 
 
 
 
 
 
 
 
 
 
 
 
 
 
 
 
 
 
 
 
 
 
 
 
 
 
 
 
 
 
 
 
 
 
 
 
 
 
 
 
 
 
 
 
 
 
 
 
 
 
 
 
 
 
 
 
 
 
 
 
 
 
 
 
 
 
 
 
 
 
 
 
 
 
 
 
 
 
 
 
 
 
 
 
 
 
 
 
 
 
 
 
 
 
 
 
 
 
 
 
 
 
 
 
 
 
 
 
 
 
 
 
 
 
 
 
 
 
 
 
 
 
 
 
 
 
 
 
 
 
 
 
 
 
 
 
 
 
 
 
 
 
 
 
 
 
 
 
 
 
 
 
 
 
 
 
 
 
 
 
 
 
 
 
 
 
 
 
 
 
 
 
 
 
 
 
 
 
 
 
 
 
 
 
 
 
 
 
 
 
 
 
 
 
 
 
 
 
 
 
 
 
 
 
 
 
 
 
 
 
 
 
 
 
 
 
 
 
 
 
 
 
 
 
 
 
 
 
 
 
 
 
 
 
 
 
 
 
 
 
 
 
 
 
 
 
 
 
 
 
 
 
 
 
 
 
 
 
 
 
 
 
 
 
 
 
 
 
 
 
 
 
 
 
 
 
 
 
 
 
 
 
 
 
 
 
 
 
 
 
 
 
 
 
 
 
 
 
 
 
 
 
 
 
 
 
 
 
 
 
 
 
 
 
 
 
 
 
 
 
 
 
 
 
 
 
 
 
 
 
 
 
 
 
 
 
 
 
 
 
 
 
 
 
 
 
 
 
 
 
 
 
 
 
 
 
 
 
 
 
 
 
 
 
 
 
 
 
 
 
 
 
 
 
 
 
 
 
 
 
 
 
 
 
 
 
 
 
 
 
 
 
 
 
 
 
 
 
 
 
 
 
 
 
 
 
 
 
 
 
 
 
 
 
 
 
 
 
 
 
 
 
 
 
 
 
 
 
 
 
 
 
 
 
 
 
 
 
 
 
 
 
 
 
 
 
 
 
 
 
 
 
 
 
 
 
 
 
 
 
 
 
 
 
 
 
 
 
 
 
 
 
 
 
 
 
 
 
 
 
 
 
 
 
 
 
 
 
 
 
 
 
 
 
 
 
 
 
 
 
 
 
 
 
 
 
 
 
 
 
 
 
 
 
 
 
 
 
 
 
 
 
 
 
 
 
 
 
 
 
 
 
 
 
 
 
 
 
 
 
 
 
 
 
 
 
 
 
 
 
 
 
 
 
 
 
 
 
 
 
 
 
 
 
 
 
 
 
 
 
 
 
 
 
 
 
 
 
 
 
 
 
 
 
 
 
 
 
 
 
 
 
 
 
 
 
 
 
 
 
 
 
 
 
 
 
 
 
 
 
 
 
 
 
 
 
 
 
 
 
 
 
 
 
 
 
 
 
 
 
 
 
 
 
 
 
 
 
 
 
 
 
 
 
 
 
 
 
 
 
 
 
 
 
 
 
 
 
 
 
 
 
 
 
 
 
 
 
 
 
 
 
 
 
 
 
 
 
 
 
 
 
 
 
 
 
 
 
 
 
 
 
 
 
 
 
 
 
 
 
 
 
 
 
 
 
 
 
 
 
 
