0.0 0.0
0.01 2.42114676e-07
0.02 3.17080245e-07
0.03 5.08194784e-07
0.04 6.39363226e-07
0.05 4.10320247e-07
0.06 -3.76652308e-07
0.07 -1.181580147e-06
0.08 -1.230133182e-06
0.09 -1.844690103e-06
0.1 -4.304043378e-06
0.11 -6.288979568e-06
0.12 -6.199214659e-06
0.13 -4.092700525e-06
0.14 -2.72727456e-06
0.15 -5.755646466e-06
0.16 -7.433662177e-06
0.17 -3.684166176e-06
0.18 2.755626202e-06
0.19 1.2665265876e-05
0.2 1.7880040482e-05
0.21 5.537927685e-06
0.22 -1.1991190474e-05
0.23 -1.7113349277e-05
0.24 -1.2617659634e-05
0.25 -9.668470512e-06
0.26 -6.68228776e-06
0.27 5.056579652e-06
0.28 1.278279064e-05
0.29 3.836262962e-06
0.3 -1.6765700127e-05
0.31 -3.4893463069e-05
0.32 -2.7791945883e-05
0.33 -5.974418024e-06
0.34 1.820960697e-06
0.35 -2.3830229142e-05
0.36 -9.0637120725e-05
0.37 -0.000137613237974
0.38 -8.4645472813e-05
0.39 1.2468859065e-05
0.4 3.9138617054e-05
0.41 2.1950455151e-05
0.42 1.2317835977e-05
0.43 2.7339270696e-05
0.44 8.8142864858e-05
0.45 0.000112870141535
0.46 -1.72304025e-07
0.47 -0.000137753411135
0.48 -0.000164042791034
0.49 -8.6409660082e-05
0.5 -2.5576348196e-05
0.51 -6.9247784246e-05
0.52 -0.000116944053251
0.53 -9.0364323681e-05
0.54 -4.1128867146e-05
0.55 -3.3939197951e-05
0.56 -8.2407874435e-05
0.57 -7.9818329186e-05
0.58 -7.105331769e-06
0.59 9.231008685e-05
0.6 0.000155703365683
0.61 2.297776834e-06
0.62 -0.000214141401262
0.63 -0.000145903721111
0.64 3.8907716403e-05
0.65 -3.1207002417e-05
0.66 -0.000142292341298
0.67 -5.3305487454e-05
0.68 6.029463078e-06
0.69 -4.8805180703e-05
0.7 -5.6583622307e-05
0.71 -1.445581269e-05
0.72 -6.2322692151e-05
0.73 -0.000157444364397
0.74 -0.000176368535117
0.75 -0.000235228681202
0.76 -0.000388986907196
0.77 -0.000378700822521
0.78 -0.000160909399685
0.79 -8.7826453042e-05
0.8 -0.000150419172387
0.81 6.1060752466e-05
0.82 0.00025128449726
0.83 6.1906204728e-05
0.84 -4.1374398618e-05
0.85 4.7486908803e-05
0.86 -0.000121305025907
0.87 -0.000151681191713
0.88 0.000181628085002
0.89 0.000293420618931
0.9 1.8992810543e-05
0.91 -0.000321395777545
0.92 -0.000458247634971
0.93 -0.000417848564968
0.94 -0.000336771404973
0.95 -0.000247786301125
0.96 -0.000150877331032
0.97 -0.000144350551529
0.98 -7.321545838e-05
0.99 0.000194736805049
1.0 0.000506926461733
1.01 0.000411468785181
1.02 -6.6288268762e-05
1.03 -0.000349615828273
1.04 -0.000125355803522
1.05 0.000204569252643
1.06 5.7772784585e-05
1.07 -0.000273552557925
1.08 -0.000188077926683
1.09 5.7541122507e-05
1.1 -1.5933713477e-05
1.11 9.5485306363e-05
1.12 0.000318995040547
1.13 0.000234082697756
1.14 0.00016215662321
1.15 0.000222345801939
1.16 0.000242128388951
1.17 0.000152612088331
1.18 -4.0606166885e-05
1.19 1.3770910706e-05
1.2 0.000261748875744
1.21 -8.5408705781e-05
1.22 -0.000748805938536
1.23 -0.000759875862076
1.24 -0.000380498707681
1.25 -0.000646337104571
1.26 -0.001269178210117
1.27 -0.001349717712102
1.28 -0.000742349301935
1.29 7.0210709209e-05
1.3 0.000466051146459
1.31 0.000455996957183
1.32 0.000185070463578
1.33 -0.000130843289549
1.34 3.4356078303e-05
1.35 0.000430010168709
1.36 0.000155076053014
1.37 -0.000314152541833
1.38 -0.000483151915702
1.39 -0.000510774400097
1.4 -0.000617421671011
1.41 -0.000856089010941
1.42 -0.000699497879029
1.43 -0.000251995230291
1.44 -4.3987054047e-05
1.45 -0.00025333956482
1.46 -0.000338325578595
1.47 0.000188193482177
1.48 0.001008061036487
1.49 0.001764148163333
1.5 0.001858137279272
1.51 0.000700074375271
1.52 -0.000613339794128
1.53 -0.000404941138109
1.54 0.000529176501247
1.55 0.000397723309217
1.56 -0.000590485749979
1.57 -0.001419043892534
1.58 -0.001460553964031
1.59 -0.000345380937457
1.6 0.000855882303518
1.61 0.000959185450983
1.62 0.000448595347149
1.63 0.000251242819074
1.64 -4.7539721829e-05
1.65 -0.000550348627734
1.66 -0.000559915259614
1.67 -0.000380142290598
1.68 -0.000508534790424
1.69 -0.000500303620759
1.7 -0.000453185599618
1.71 -0.00074815039831
1.72 -0.000641675232228
1.73 -8.530941221e-06
1.74 0.000238413659403
1.75 -0.000229787547052
1.76 -0.00079088928147
1.77 -0.000776215113178
1.78 -0.000237220767535
1.79 0.000582675528868
1.8 0.000951692598747
1.81 0.000720372048072
1.82 0.000292650394751
1.83 3.8590989164e-05
1.84 0.000346098814133
1.85 0.00058563658057
1.86 -0.000141734070741
1.87 -0.000799112191583
1.88 -0.000297021780244
1.89 0.000222723513601
1.9 -0.000104856455832
1.91 -0.000251352663875
1.92 -0.000177881935174
1.93 1.0752495971e-05
1.94 0.000992690190887
1.95 0.001557626287517
1.96 0.000299676615688
1.97 -0.001025135687979
1.98 -0.000371290720279
1.99 0.000218623743074
2.0 -0.000515799376771
2.01 -0.001110124443866
2.02 -0.000765321029437
2.03 -0.000394361200459
2.04 0.000276575849344
2.05 0.001227284481631
2.06 0.000670144426079
2.07 -0.000645172125143
2.08 -0.000677062441665
2.09 -0.000169102606028
2.1 -0.000219574348959
2.11 -0.000615650377408
2.12 -0.000398455774861
2.13 0.000166202852875
2.14 0.000474560587395
2.15 0.000536375846088
2.16 0.000143913195183
2.17 -0.000111610221115
2.18 -9.3480888947e-05
2.19 -0.000362986752801
2.2 -0.000937402549285
2.21 -0.001094309165698
2.22 -0.000562105361877
2.23 0.000371407202337
2.24 0.001132887257332
2.25 0.001166591849106
2.26 0.000745726775417
2.27 0.000531299990961
2.28 0.000752947373462
2.29 0.00112428767889
2.3 0.000925312066586
2.31 -0.000333074692265
2.32 -0.001660415046924
2.33 -0.001987146290113
2.34 -0.001799932894411
2.35 -0.001422344560341
2.36 -0.000482464977231
2.37 0.000105505996474
2.38 -0.000180170423137
2.39 -5.2762881041e-05
2.4 0.000734674883958
2.41 0.001086173329899
2.42 0.001181640439981
2.43 0.001528922755918
2.44 0.001471039469419
2.45 0.00058500966099
2.46 -0.000208857176083
2.47 -0.000393024258136
2.48 -0.00048869858227
2.49 -0.000487382309769
2.5 -0.000123935044092
2.51 9.2625805685e-05
2.52 0.000566780145436
2.53 0.001206846978018
2.54 0.001344162206101
2.55 0.000657028618753
2.56 -2.0995966423e-05
2.57 -0.000159731024602
2.58 -0.000682851571723
2.59 -0.001882516973268
2.6 -0.002737699617453
2.61 -0.002586765836226
2.62 -0.002417023883454
2.63 -0.002732168488504
2.64 -0.002409028380839
2.65 -0.001856589591206
2.66 -0.001769319370472
2.67 -0.000340936494487
2.68 0.002282912509273
2.69 0.003561222229512
2.7 0.003198592823275
2.71 0.00336064573675
2.72 0.003965819872625
2.73 0.003930586436082
2.74 0.003864777686201
2.75 0.002781031348858
2.76 -0.000810856312513
2.77 -0.004201172445025
2.78 -0.005022906703315
2.79 -0.004909205153547
2.8 -0.004743388781877
2.81 -0.003452384130759
2.82 -0.001543177373815
2.83 -5.8654176806e-05
2.84 0.000860907853747
2.85 0.001516345093331
2.86 0.001047829358753
2.87 -0.000272754569733
2.88 -0.00147913971709
2.89 -0.001826072718478
2.9 -0.002229184765109
2.91 -0.003925865418807
2.92 -0.005763116835902
2.93 -0.005981265136462
2.94 -0.005121046320746
2.95 -0.004288615851055
2.96 -0.003515632789738
2.97 -0.003394445574993
2.98 -0.003492313357524
2.99 -0.001817685226193
3.0 0.001171659764396
3.01 0.003468621929525
3.02 0.005227035464327
3.03 0.007099451725538
3.04 0.007239323159295
3.05 0.003980959209518
3.06 -0.00094645862448
3.07 -0.004851673838004
3.08 -0.006318055925759
3.09 -0.004993682639194
3.1 -0.001860341498435
3.11 -0.000365090824477
3.12 -0.001969398271028
3.13 -0.004439949762849
3.14 -0.004458546533448
3.15 -0.002660656362468
3.16 -0.002308682099194
3.17 -0.00326903190292
3.18 -0.00346193155044
3.19 -0.002804824781157
3.2 -0.001781902920242
3.21 -0.000991979182585
3.22 -0.001096903940718
3.23 -0.001940674015296
3.24 -0.001808682179493
3.25 0.000579072637567
3.26 0.003178806090711
3.27 0.003295770605438
3.28 0.00170601414925
3.29 0.001607559511622
3.3 0.002900870133958
3.31 0.004676925217463
3.32 0.005231934321035
3.33 0.003296139694122
3.34 -0.000552959339785
3.35 -0.003229417782617
3.36 -0.003555491024118
3.37 -0.003185700831056
3.38 -0.002593578255788
3.39 -0.000855862203855
3.4 0.001251799804599
3.41 0.001774150683065
3.42 -0.00010250779124
3.43 -0.003681902136744
3.44 -0.006067074588972
3.45 -0.00542980772519
3.46 -0.003815464005264
3.47 -0.003930882393122
3.48 -0.005099515958723
3.49 -0.005513347566875
3.5 -0.003648367204121
3.51 0.00148584403611
3.52 0.007199778316102
3.53 0.009575398033102
3.54 0.008038215630894
3.55 0.00584433988508
3.56 0.006111941128222
3.57 0.007491832317077
3.58 0.007875827151166
3.59 0.006866532949219
3.6 0.005163383365299
3.61 0.003145401422054
3.62 0.000104126834944
3.63 -0.003954605161194
3.64 -0.006021942221233
3.65 -0.005712299829134
3.66 -0.005965637320777
3.67 -0.006154695752176
3.68 -0.002927958590167
3.69 0.003474566576636
3.7 0.010277033194356
3.71 0.014178252913461
3.72 0.014855332168341
3.73 0.011125948360668
3.74 0.004595324841
3.75 -0.001242528631944
3.76 -0.00513130001718
3.77 -0.005983866469955
3.78 -0.006842127588973
3.79 -0.007120515700513
3.8 -0.007639273506353
3.81 -0.007582034999495
3.82 -0.005040339919878
3.83 0.003066267196719
3.84 0.014247547834001
3.85 0.025171946025564
3.86 0.029332292139965
3.87 0.02609706609066
3.88 0.0172429855532
3.89 0.005654075037749
3.9 -0.003672663644914
3.91 -0.007902438615492
3.92 -0.012814407700397
3.93 -0.014806247341882
3.94 -0.014670764273327
3.95 -0.01256089133992
3.96 -0.010386867941251
3.97 -0.00336243365855
3.98 0.00273880262943
3.99 0.008702116861029
4.0 0.011117003214075
4.01 0.012165005384045
4.02 0.009809526703394
4.03 0.007245585544129
4.04 0.005300751785863
4.05 0.002676422446788
4.06 -0.000860290411639
4.07 -0.004920472494511
4.08 -0.008184947412348
4.09 -0.0145493686501
4.1 -0.017612374369471
4.11 -0.005537854821199
4.12 0.013864593405751
4.13 0.023682626931971
4.14 0.025554631353674
4.15 0.027935859114882
4.16 0.022230059375077
4.17 0.011609627741532
4.18 -0.000721163870404
4.19 -0.007628636659698
4.2 -0.017787667525999
4.21 -0.023636270314003
4.22 -0.023536862520456
4.23 -0.018399939373621
4.24 -0.013133705748658
4.25 -0.008732895567301
4.26 -0.006316329930831
4.27 -0.002571159496436
4.28 0.005286170015624
4.29 0.01635176217811
4.3 0.029140712471898
4.31 0.035657547331932
4.32 0.033291686411063
4.33 0.024402992496268
4.34 0.019903676505591
4.35 0.015923304814292
4.36 0.011460459108415
4.37 0.004645908668188
4.38 -0.008959157966632
4.39 -0.020839631093326
4.4 -0.025657950523234
4.41 -0.030149082404569
4.42 -0.033808116181793
4.43 -0.02461573252206
4.44 -0.012112976008942
4.45 -0.000843990526364
4.46 0.014249946842135
4.47 0.030130873149467
4.48 0.044852390210702
4.49 0.05503917491863
4.5 0.057610741305435
4.51 0.053677298063795
4.52 0.048676341496359
4.53 0.034838295622767
4.54 0.022831966103859
4.55 0.00198134618203
4.56 -0.010926740183045
4.57 -0.029009618888421
4.58 -0.046278643510516
4.59 -0.058629923679902
4.6 -0.068150820752468
4.61 -0.070545271211571
4.62 -0.065302188279993
4.63 -0.050509681006996
4.64 -0.031028281199048
4.65 -0.010046312207411
4.66 -0.00295830366957
4.67 0.00545738276675
4.68 0.016581809684014
4.69 0.03678220218557
4.7 0.054629438798133
4.71 0.071226779227475
4.72 0.089439332518313
4.73 0.099452941157761
4.74 0.09895564868949
4.75 0.085151075486085
4.76 0.071411691239632
4.77 0.055392300849713
4.78 0.049994135571192
4.79 0.040624771225415
4.8 0.033614543300629
4.81 0.027661640197097
4.82 0.025922064074061
4.83 0.033022115653987
4.84 0.046893322278491
4.85 0.060968929544393
4.86 0.065277583438243
4.87 0.055331091982641
4.88 0.033957912903726
4.89 -0.000181072635856
4.9 -0.00904189593755
4.91 -0.003228270260201
4.92 0.015152596185084
4.93 0.016169979293931
4.94 0.01005689542785
4.95 -0.014665183247756
4.96 -0.032649592284105
4.97 -0.037635915896712
4.98 -0.022332998907627
4.99 0.004704195446054
5.0 0.028264053852855
5.01 0.043329106520393
5.02 0.041100058897651
5.03 0.033211011466084
5.04 0.027042180560701
5.05 0.017947115542353
5.06 0.004492812035266
5.07 -0.019796938551258
5.08 -0.05364742172165
5.09 -0.091449044912474
5.1 -0.12914078660009
5.11 -0.157262044825446
5.12 -0.155040733576367
5.13 -0.114437675336257
5.14 -0.078103770076665
5.15 -0.071459472839234
5.16 -0.072418164390333
5.17 -0.105673548594397
5.18 -0.080682611901236
5.19 -0.061976935720453
5.2 -0.045826599853736
5.21 -0.033992932835154
5.22 -0.010376041418977
5.23 -0.006719350417637
5.24 0.023243834971076
5.25 0.026423601389334
5.26 0.035903050494281
5.27 0.027822690128698
5.28 0.02751021781922
5.29 0.017258301300027
5.3 0.006015943359707
5.31 0.010928805469688
5.32 0.01845735818213
5.33 0.026817819147109
5.34 0.021014092427019
5.35 0.005418715687881
5.36 -0.011945018552711
5.37 -0.017011243598625
5.38 -0.009278492809326
5.39 -0.010217556856339
5.4 -0.026658112020909
5.41 -0.05699663327899
5.42 -0.035946299019857
5.43 -0.032147003399335
5.44 -0.016435086211577
5.45 0.010055100540563
5.46 0.030263898943742
5.47 0.033543048319337
5.48 0.028461675565039
5.49 0.01228283665378
5.5 -0.012990863550388
5.51 -0.037439357370012
5.52 -0.055426003906835
5.53 -0.066117267479747
5.54 -0.067692808641027
5.55 -0.059170445804227
5.56 -0.047665611586197
5.57 -0.040050199148919
5.58 -0.040177635898147
5.59 -0.048826547900916
5.6 -0.058861757146706
5.61 -0.066406632423951
5.62 -0.069689327371118
5.63 -0.068102764709182
5.64 -0.054977721077803
5.65 -0.032370982878011
5.66 -0.041325578336605
5.67 -0.052699326099906
5.68 -0.072795673996328
5.69 -0.082226343082394
5.7 -0.079722459098944
5.71 -0.091855464924177
5.72 -0.099873910489625
5.73 -0.082853379297563
5.74 -0.072665659058016
5.75 -0.084569852317894
5.76 -0.067380348903967
5.77 -0.052743261404579
5.78 -0.056779110155516
5.79 -0.04783017207938
5.8 -0.030815045657764
5.81 -0.011117172308409
5.82 0.010006629305103
5.83 0.018921140630219
5.84 0.027820735636075
5.85 0.0236589014614
5.86 0.000956803277097
5.87 -0.080247341537065
5.88 -0.119340915979879
5.89 -0.149945154938355
5.9 -0.157658703760801
5.91 -0.149853124942642
5.92 -0.136661892999636
5.93 -0.105434376036772
5.94 -0.062621532093689
5.95 0.001487636055643
5.96 0.046942118787216
5.97 0.083712199692899
5.98 0.12072070117857
5.99 0.14359426345256
6.0 0.161604838970458
6.01 0.210753799910368
6.02 0.215308689647201
6.03 0.225328392205996
6.04 0.223836179231539
6.05 0.206066074477546
6.06 0.176066293169012
6.07 0.152794643956979
6.08 0.12590806361141
6.09 0.105302335415388
6.1 0.096328495991534
6.11 0.08459229239713
6.12 0.068829510686633
6.13 0.041166363307389
6.14 -0.003587930120569
6.15 -0.045907510415549
6.16 -0.068994821073428
6.17 -0.074212949876257
6.18 -0.02014335983397
6.19 0.010525570326574
6.2 0.014334390677939
6.21 -0.003272846024322
6.22 -0.012518157791692
6.23 -0.020648243265263
6.24 -0.016450701758589
6.25 0.001387301159349
6.26 0.025204934548052
6.27 0.051366477467125
6.28 0.064903768851612
6.29 0.072321218173402
6.3 0.078020691082624
6.31 0.081970337479997
6.32 0.092612606278987
6.33 0.106864115457393
6.34 0.119644550094915
6.35 0.126342336817233
6.36 0.11527491303488
6.37 0.080828561425341
6.38 -0.023577137566226
6.39 -0.012400067935322
6.4 -0.013136991930688
6.41 0.068175200059916
6.42 0.018536406787703
6.43 0.022688640895719
6.44 -0.015933026022362
6.45 -0.031159935627192
6.46 -0.06027347187359
6.47 -0.07009019831119
6.48 -0.07909911215912
6.49 -0.069077197396046
6.5 -0.050679688008904
6.51 -0.026685886451688
6.52 0.002212718088824
6.53 0.02559887756122
6.54 0.045650652743614
6.55 0.06089966278041
6.56 0.080315844236183
6.57 0.093184371404275
6.58 0.092336119064265
6.59 0.084943374633732
6.6 0.069926469423048
6.61 0.034080952160926
6.62 0.006041973470585
6.63 -0.010443239482696
6.64 -0.037456391989849
6.65 -0.060822640111858
6.66 -0.063076122683815
6.67 -0.062245504086401
6.68 -0.060140617655137
6.69 -0.044623999545046
6.7 0.008952345257177
6.71 0.042735643970785
6.72 0.064420564789274
6.73 0.080823619008662
6.74 0.101577740141784
6.75 0.125547157039454
6.76 0.145962569244234
6.77 0.163858811411713
6.78 0.164158108630903
6.79 0.162572162241894
6.8 0.148857267879899
6.81 0.099092239473427
6.82 0.046065324274152
6.83 0.03039507253313
6.84 0.021867997745935
6.85 0.018087744535931
6.86 0.033267266738092
6.87 0.022243259750002
6.88 0.02773535926921
6.89 0.067319307779939
6.9 0.070163037022806
6.91 0.083903185801504
6.92 0.111068483988742
6.93 0.123561744804889
6.94 0.1387200423898
6.95 0.14555188231099
6.96 0.135568825283584
6.97 0.155876416246006
6.98 0.151162807137902
6.99 0.129527562456377
7.0 0.102254620812747
7.01 0.097525023694738
7.02 0.074328284964257
7.03 0.018491104010509
7.04 -0.071875333964418
7.05 -0.167183149559828
7.06 -0.244436731545115
7.07 -0.31904708584196
7.08 -0.382290535345674
7.09 -0.425312619975066
7.1 -0.472996266839556
7.11 -0.468196323850002
7.12 -0.410180067970355
7.13 -0.380448998508133
7.14 -0.359995932127968
7.15 -0.308797851753899
7.16 -0.255799971439776
7.17 -0.2175952005843
7.18 -0.184627496563209
7.19 -0.1419119156725
7.2 -0.086951250455509
7.21 -0.028254984063527
7.22 0.113034781027387
7.23 0.046219357062499
7.24 0.10366842200321
7.25 0.064360000635342
7.26 0.075113886812845
7.27 0.03333080426006
7.28 0.019645385107135
7.29 -0.005237258357833
7.3 0.009028742022126
7.31 0.027714763252826
7.32 0.049229926237202
7.33 0.07530991591029
7.34 0.098268599014561
7.35 0.113512029720403
7.36 0.109186877414126
7.37 0.090025666772374
7.38 0.069196476639093
7.39 0.0542812127869
7.4 0.053933746890063
7.41 0.069313252663953
7.42 0.090458989617743
7.43 0.111388481891928
7.44 0.132905222481039
7.45 0.154472231013669
7.46 0.175319820848367
7.47 0.197305711116948
7.48 0.21937579573098
7.49 0.231611366364802
7.5 0.220915619078739
7.51 0.177154879513235
7.52 0.118485726214596
7.53 -0.065826519180948
7.54 -0.017760016502445
7.55 -0.092360873905476
7.56 -0.109499791981576
7.57 -0.14569026422695
7.58 -0.158333213338348
7.59 -0.16163396443715
7.6 -0.17116449695839
7.61 -0.188788555926226
7.62 -0.200100314361732
7.63 -0.199600565826795
7.64 -0.189491662742631
7.65 -0.176196243148328
7.66 -0.158679152960828
7.67 -0.129649137428093
7.68 -0.090545905111112
7.69 -0.048026380739263
7.7 -0.00477774224263
7.71 0.032297330339697
7.72 0.054400967143496
7.73 0.060345633258017
7.74 0.054839007323281
7.75 0.037866414375721
7.76 0.007402318567963
7.77 -0.034678301990748
7.78 -0.084188166742603
7.79 -0.134502057854003
7.8 -0.169734016607199
7.81 -0.170564816501009
7.82 -0.118827986616696
7.83 0.045027184820635
7.84 0.000649649962381
7.85 -0.036756775405928
7.86 -0.06189986992761
7.87 -0.062701968783947
7.88 -0.099978207617642
7.89 -0.136051874258772
7.9 -0.167717745624564
7.91 -0.185258023898688
7.92 -0.193034601990851
7.93 -0.211958199426807
7.94 -0.226729016327563
7.95 -0.223027020665786
7.96 -0.208808868150467
7.97 -0.187523748795642
7.98 -0.169232627499083
7.99 -0.169468288071971
8.0 -0.184076560557495
8.01 -0.197176914948242
8.02 -0.195267861117174
8.03 -0.16647432789499
8.04 -0.102513790234227
8.05 0.016647482550312
8.06 0.147655734702085
8.07 0.15893241166394
8.08 0.157020377920764
8.09 0.188744393599389
8.1 0.174295322350624
8.11 0.167539192613036
8.12 0.245865327580495
8.13 0.30381516603408
8.14 0.276179260228222
8.15 0.262367036361829
8.16 0.283749248680501
8.17 0.243224152935696
8.18 0.184871547031548
8.19 0.195824462889072
8.2 0.212414412041818
8.21 0.192014444586956
8.22 0.194277842978688
8.23 0.226776224603593
8.24 0.23914126842378
8.25 0.235859905001169
8.26 0.247450779535303
8.27 0.264015698213061
8.28 0.269923228332313
8.29 0.278535257341056
8.3 0.295101544130044
8.31 0.289310062897898
8.32 0.258735328972513
8.33 0.229530134979611
8.34 0.062039126458055
8.35 0.001378386779015
8.36 -0.073554786305074
8.37 -0.103497441568781
8.38 -0.126715031499269
8.39 -0.132366917366524
8.4 -0.12460439158021
8.41 -0.138356727204501
8.42 -0.17650308296382
8.43 -0.215552092803014
8.44 -0.230080956453979
8.45 -0.21815147270552
8.46 -0.198727787572584
8.47 -0.180424452896623
8.48 -0.166426752945572
8.49 -0.163747994853872
8.5 -0.174659325037789
8.51 -0.191437635059526
8.52 -0.205647261131235
8.53 -0.211304549130306
8.54 -0.203949782044804
8.55 -0.185010468368728
8.56 -0.163168335276316
8.57 -0.148386170404729
8.58 -0.149842034779363
8.59 -0.161531644861214
8.6 -0.18014209181816
8.61 -0.197671026066412
8.62 -0.204599372998429
8.63 -0.19318617558086
8.64 -0.158380022242774
8.65 0.01455200380097
8.66 -0.020192676092201
8.67 0.027625135716495
8.68 0.034852143098179
8.69 0.070635804159493
8.7 0.113506731909379
8.71 0.132561717387738
8.72 0.164089990149642
8.73 0.197969339799758
8.74 0.213529127668441
8.75 0.216608370184883
8.76 0.209496622935856
8.77 0.18841088298079
8.78 0.155679780469824
8.79 0.117962668839075
8.8 0.079291403671229
8.81 0.042562239547446
8.82 0.0108734292355
8.83 -0.012126603805717
8.84 -0.023565900835721
8.85 -0.021739912813923
8.86 -0.006311046932292
8.87 0.021999490778517
8.88 0.061515689574309
8.89 0.107529226673568
8.9 0.152130563393024
8.91 0.187040707554067
8.92 0.204516708652424
8.93 0.199260204174777
8.94 0.174164362191032
8.95 0.140503430503053
8.96 0.077028797748997
8.97 0.050044198196567
8.98 0.124748620867368
8.99 0.143120869299005
9.0 0.105168569015805
9.01 0.083198893306079
9.02 0.077483702153063
9.03 0.087134547045093
9.04 0.101549280799203
9.05 0.088679918173059
9.06 0.06793367521412
9.07 0.053326686097314
9.08 0.025238962772488
9.09 -0.01469965305198
9.1 -0.054915505629026
9.11 -0.096406706244131
9.12 -0.133985705153645
9.13 -0.157010505473333
9.14 -0.168462038441948
9.15 -0.177963985848853
9.16 -0.18707875993244
9.17 -0.193012886886705
9.18 -0.194753827325514
9.19 -0.193191475569902
9.2 -0.190013507294956
9.21 -0.184788399738261
9.22 -0.173153627712934
9.23 -0.148631011738226
9.24 -0.109161674695152
9.25 -0.062167507731423
9.26 0.042706155024176
9.27 -0.002287843411919
9.28 -0.009298847399753
9.29 -0.0527415745603
9.3 -0.079072027191734
9.31 -0.129562574161984
9.32 -0.176622603094453
9.33 -0.226697018767227
9.34 -0.234329965700889
9.35 -0.256307530858116
9.36 -0.274447023209234
9.37 -0.269994874730923
9.38 -0.253409009287877
9.39 -0.2355361956458
9.4 -0.189329515019576
9.41 -0.14359260075174
9.42 -0.141274555519996
9.43 -0.104205128860205
9.44 -0.057588694514228
9.45 -0.010320804276625
9.46 0.038836655911758
9.47 0.06998631132348
9.48 0.120985208771736
9.49 0.21223235456666
9.5 0.313502931368247
9.51 0.375209464582391
9.52 0.367601852551666
9.53 0.332390695550223
9.54 0.315463139620912
9.55 0.300654749707909
9.56 0.272436866768766
9.57 0.252751619397576
9.58 0.238691117818788
9.59 0.209125926252903
9.6 0.180470232610366
9.61 0.176282869634524
9.62 0.179675798970252
9.63 0.167760328609253
9.64 0.146670653805964
9.65 0.1275991959827
9.66 0.103956171701864
9.67 0.069361780830333
9.68 0.023980448771328
9.69 -0.061174692830446
9.7 -0.055178547099605
9.71 -0.050293355255707
9.72 -0.021634023137903
9.73 0.008776762930836
9.74 0.003616261006043
9.75 -0.018866563876708
9.76 -0.045202664076964
9.77 -0.068679319602668
9.78 -0.059487929127464
9.79 -0.03746200898709
9.8 -0.023165396352431
9.81 -0.004807047927965
9.82 0.015185967601843
9.83 0.020114345471008
9.84 0.011743845546607
9.85 -0.002596805377612
9.86 -0.024473539749817
9.87 -0.053526349851798
9.88 -0.085846047870549
9.89 -0.120748035583392
9.9 -0.15609027614726
9.91 -0.18279741635178
9.92 -0.192853117752252
9.93 -0.185297011737946
9.94 -0.163163438846937
9.95 -0.128752087028703
9.96 -0.08209938977103
9.97 0.064787969995112
9.98 0.074723307982034
9.99 0.098759453462171
10.0 0.074367452751552
10.01 0.067725189432051
10.02 0.040849657311844
10.03 0.018822167396841
10.04 -0.000826855966763
10.05 -0.005178660623946
10.06 0.000700639864907
10.07 0.001656576670027
10.08 0.002974561906636
10.09 0.014954177308254
10.1 0.032491617198818
10.11 0.054798515354449
10.12 0.085394775125328
10.13 0.11376014401708
10.14 0.13304486695439
10.15 0.151757606670455
10.16 0.172568692037917
10.17 0.190825982132836
10.18 0.206840284396237
10.19 0.223862406162497
10.2 0.2387130292122
10.21 0.24796162999732
10.22 0.250284233522593
10.23 0.233495004524779
10.24 0.179498277241117
10.25 -0.044971619954287
10.26 -0.136797160164045
10.27 -0.209859050598733
10.28 -0.19626339313289
10.29 -0.213968868971364
10.3 -0.1998323520506
10.31 -0.196884223384451
10.32 -0.181143450229142
10.33 -0.146078775247945
10.34 -0.125180651825299
10.35 -0.101114476501933
10.36 -0.056192064945999
10.37 -0.010177548615264
10.38 0.031270261755962
10.39 0.079694736111956
10.4 0.125668497408244
10.41 0.152316914246871
10.42 0.162355326809471
10.43 0.164671485575807
10.44 0.15817151980221
10.45 0.144902349885879
10.46 0.130684659511697
10.47 0.116059196915241
10.48 0.097944542500742
10.49 0.054384591620988
10.5 -0.013163099493651
10.51 -0.14393613901722
10.52 -0.273494427935786
10.53 -0.32533506029582
10.54 -0.30039906274375
10.55 -0.253025775967007
10.56 -0.121410618129764
10.57 -0.169214139630841
10.58 -0.130995859061417
10.59 -0.118497016972386
10.6 -0.132272039222487
10.61 -0.101580841827113
10.62 -0.065756230519919
10.63 0.003989160216483
10.64 0.049115708815528
10.65 0.041061915480045
10.66 0.039900238272601
10.67 0.02122299421482
10.68 0.009953297121478
10.69 0.020918726503416
10.7 -0.000578993996427
10.71 -0.034564833097085
10.72 -0.06341171353161
10.73 -0.105122656892563
10.74 -0.137993940038531
10.75 -0.149353286436928
10.76 -0.162817421624059
10.77 -0.170419816518895
10.78 -0.15991382103543
10.79 -0.117197092187842
10.8 -0.123600706403372
10.81 -0.165468137079726
10.82 -0.173415672331394
10.83 -0.137781518404935
10.84 -0.097992403796379
10.85 -0.058026617833087
10.86 -0.010726370472133
10.87 0.026973936903498
10.88 0.043392818890011
10.89 0.068719083197208
10.9 0.080932563607972
10.91 0.080785905766345
10.92 0.080612734302878
10.93 0.066872613625835
10.94 0.052076187589381
10.95 0.036822489629363
10.96 0.035425071545851
10.97 0.037011659170126
10.98 0.03594394206965
10.99 0.034778695899207
11.0 0.10881219261179
11.01 0.115639055000189
11.02 0.08324922790025
11.03 0.116759182089716
11.04 0.129563653354787
11.05 0.134221025045031
11.06 0.165495781573098
11.07 0.187882211501105
11.08 0.198150892147428
11.09 0.216505690245102
11.1 0.236092703225022
11.11 0.249219717472281
11.12 0.255613068252696
11.13 0.247367853920934
11.14 0.220901119139377
11.15 0.185323811534072
11.16 0.15189228986916
11.17 0.125716427115644
11.18 0.086554494579845
11.19 0.094152421303631
11.2 0.093298623235367
11.21 0.07880930694969
11.22 0.076772950242538
11.23 0.040102457819647
11.24 0.020233446212957
11.25 -0.003385803557022
11.26 -0.017487903589897
11.27 -0.038496395447672
11.28 -0.060183905104756
11.29 -0.084494531351986
11.3 -0.105368877816133
11.31 -0.121655026406215
11.32 -0.141818374161272
11.33 -0.161314181391627
11.34 -0.176402310866913
11.35 -0.182421554383338
11.36 -0.167212059748022
11.37 -0.128657540816762
11.38 -0.083984024902351
11.39 -0.055962288343469
11.4 -0.064915502672763
11.41 -0.095376781160604
11.42 -0.117806535668135
11.43 -0.129703761584111
11.44 -0.121746188563562
11.45 -0.094743240370255
11.46 -0.059276284037421
11.47 -0.027727591803052
11.48 0.008253658625091
11.49 0.012832132486997
11.5 0.007246691781331
11.51 0.01355314193786
11.52 0.021283369366883
11.53 0.02729383533966
11.54 0.030371578153618
11.55 0.036172009283373
11.56 0.035173709570225
11.57 0.024164447341985
11.58 0.003070743586408
11.59 -0.015818988273022
11.6 -0.029697055162763
11.61 -0.039028323625445
11.62 -0.035060365266291
11.63 -0.022531575403703
11.64 -0.011211658019306
11.65 0.000836314912808
11.66 0.015175227685899
11.67 0.030383749449854
11.68 0.050163288025219
11.69 0.077028815534053
11.7 0.108765335953238
11.71 0.14641056394948
11.72 0.191654302497748
11.73 0.235408801056146
11.74 0.25963042361354
11.75 0.252613774660255
11.76 0.221024617920315
11.77 0.187058071210409
11.78 0.16904871499009
11.79 0.164775942887612
11.8 0.161849076933568
11.81 0.153063615355183
11.82 0.124818844352766
11.83 0.11969760338194
11.84 0.119702199486969
11.85 0.11196525694498
11.86 0.107889551252983
11.87 0.104351382052725
11.88 0.091914112507696
11.89 0.085041570134778
11.9 0.078759640451981
11.91 0.076020798139669
11.92 0.061443109536771
11.93 0.041689208481445
11.94 0.020147991814567
11.95 0.006938988690871
11.96 0.004913707447928
11.97 0.002383394551005
11.98 -0.004641399387731
11.99 -0.019436884826344
12.0 -0.044065123399495
12.01 -0.073026531342421
12.02 -0.101839140923973
12.03 -0.131700832082279
12.04 -0.165590564655236
12.05 -0.202554665415645
12.06 -0.230779585607868
12.07 -0.23297440912221
12.08 -0.205153355528822
12.09 -0.165563512034597
12.1 -0.134827653719726
12.11 -0.114902370089875
12.12 -0.103843907122753
12.13 -0.104581927264652
12.14 -0.107497414481933
12.15 -0.097651391784674
12.16 -0.077790876153054
12.17 -0.061889252003103
12.18 -0.033725911001073
12.19 -0.051156031858373
12.2 -0.0589639363295
12.21 -0.070078805707023
12.22 -0.076936810171512
12.23 -0.08173674416664
12.24 -0.080082307320222
12.25 -0.072957556107472
12.26 -0.078127132957455
12.27 -0.090976503408824
12.28 -0.106212094041781
12.29 -0.115330776772003
12.3 -0.109765127257925
12.31 -0.096633971827759
12.32 -0.083072037730213
12.33 -0.069057474638158
12.34 -0.056180727940292
12.35 -0.045108339254454
12.36 -0.031548542583892
12.37 -0.017294732714573
12.38 -0.008371982894477
12.39 -0.0051954288298
12.4 -0.003405665609072
12.41 0.000500663570971
12.42 0.007191119752057
12.43 0.011494373181139
12.44 0.005355614773349
12.45 -0.027901177033239
12.46 -0.029846489610773
12.47 -0.021016981184716
12.48 -0.007161088256985
12.49 0.006435038883764
12.5 0.029674849620513
12.51 0.04636232053512
12.52 0.060318262214866
12.53 0.077640240202015
12.54 0.095335574451421
12.55 0.096239137718782
12.56 0.091710922415798
12.57 0.112673408211466
12.58 0.137826423613835
12.59 0.138741136893712
12.6 0.124822017672061
12.61 0.078093592392996
12.62 0.038785458000286
12.63 0.014442531102031
12.64 0.002108998783145
12.65 -0.011468430778532
12.66 -0.025591726100917
12.67 -0.030468420906672
12.68 -0.031442162223767
12.69 -0.029956287897768
12.7 -0.038132984817499
12.71 -0.047778580170706
12.72 -0.060284022284112
12.73 -0.070172383194262
12.74 -0.081440645382471
12.75 -0.08401893063895
12.76 -0.076647043555627
12.77 -0.064338941867712
12.78 -0.051166048052219
12.79 -0.038834645708441
12.8 -0.021919347017136
12.81 -0.006382598091008
12.82 -0.000359241061059
12.83 -0.005452206974669
12.84 -0.019743003555319
12.85 -0.038994586492281
12.86 -0.023249507191833
12.87 -0.00520498932779
12.88 -0.003782916049335
12.89 -0.018869066435128
12.9 -0.014746087474162
12.91 -0.011029057882389
12.92 0.001197913800942
12.93 0.007338120735387
12.94 0.006512035901184
12.95 -0.001331296473096
12.96 -0.005795757229343
12.97 -0.001121669087357
12.98 0.002594582825228
12.99 0.000455412024058
13.0 -0.013749081925336
13.01 -0.03154219673459
13.02 -0.038649605427404
13.03 -0.030848287187464
13.04 -0.011849296821959
13.05 0.00778437890949
13.06 0.020703115341077
13.07 0.027118260875622
13.08 0.028790907712731
13.09 0.028152944235929
13.1 0.027921057880076
13.11 0.013091152921633
13.12 0.004108511622868
13.13 0.005087028225064
13.14 0.001440020933337
13.15 -0.008857485966529
13.16 -0.022140245691985
13.17 -0.033528798759322
13.18 -0.043503659305226
13.19 -0.052360338772141
13.2 -0.059973140110375
13.21 -0.060842475487541
13.22 -0.060862375290285
13.23 -0.06199686651919
13.24 -0.062317237657892
13.25 -0.055979255469964
13.26 -0.039447434634143
13.27 -0.019103925686035
13.28 -0.005727785358014
13.29 -0.00176436815049
13.3 -0.003661336634092
13.31 -0.011728782977209
13.32 -0.023935570016675
13.33 -0.03060513845594
13.34 -0.021814570376955
13.35 -0.00693808685004
13.36 0.005191147742758
13.37 0.016344142735253
13.38 0.028170831500654
13.39 0.026054952497956
13.4 0.024265662078357
13.41 0.023417990589588
13.42 0.018951292756837
13.43 0.017656079259378
13.44 0.010280197409856
13.45 0.001779441459971
13.46 -0.007779194482586
13.47 -0.016826358602177
13.48 -0.021269127801566
13.49 -0.021359817689778
13.5 -0.018396599778344
13.51 -0.017550257641771
13.52 -0.026979504614057
13.53 -0.043947455402334
13.54 -0.054453936679997
13.55 -0.055796348424114
13.56 -0.043774455627853
13.57 -0.037321332426635
13.58 -0.041188081614808
13.59 -0.046534475363831
13.6 -0.047233603934385
13.61 -0.044997137216064
13.62 -0.046268004808073
13.63 -0.049086144471004
13.64 -0.047732054014254
13.65 -0.040294615048588
13.66 -0.025751752092465
13.67 -0.010025260288064
13.68 -0.000445064876817
13.69 0.002885233647199
13.7 0.003496791061591
13.71 0.002667687145198
13.72 0.003741278306803
13.73 0.009984743769149
13.74 0.006592100877105
13.75 0.006679666605394
13.76 0.008591493420528
13.77 0.009217010045057
13.78 0.005829585093368
13.79 0.006572052599129
13.8 0.010740456596269
13.81 0.01342148185943
13.82 0.015522873755848
13.83 0.017211380606237
13.84 0.022441177069975
13.85 0.029734341923041
13.86 0.035952330644742
13.87 0.041356877053447
13.88 0.044753443089933
13.89 0.045550992022872
13.9 0.061353157023484
13.91 0.042873566120773
13.92 0.042192422326923
13.93 0.037630409378925
13.94 0.026516869916336
13.95 0.033880177683476
13.96 0.045193264521074
13.97 0.03962688191017
13.98 0.033502642450443
13.99 0.019863178342201
14.0 0.020959932549602
14.01 0.018809839964856
14.02 0.022404471392818
14.03 0.026539391890828
14.04 0.030962618625388
14.05 0.027592360655194
14.06 0.025418494790984
14.07 0.027811789476776
14.08 0.03355690561491
14.09 0.038642667194336
14.1 0.04082761822089
14.11 0.042977524640669
14.12 0.043577375518351
14.13 0.04662276596202
14.14 0.050569848473602
14.15 0.051111041215142
14.16 0.044982059352749
14.17 0.033491115648585
14.18 0.020811748886154
14.19 0.028511581618026
14.2 0.034149827710519
14.21 0.034657848476371
14.22 0.022246804499842
14.23 0.013099757520153
14.24 -0.003540028771131
14.25 -0.018477752208755
14.26 -0.032360873064819
14.27 -0.037760895886085
14.28 -0.043702773489316
14.29 -0.045721085682612
14.3 -0.044089542654908
14.31 -0.039667572939628
14.32 -0.03110229813081
14.33 -0.022510218978918
14.34 -0.017731266390685
14.35 -0.010443737116963
14.36 -0.006888142884483
14.37 -0.014190310301062
14.38 -0.029947750053937
14.39 -0.038005333135604
14.4 -0.056125173153215
14.41 -0.065220213053484
14.42 -0.070398950755706
14.43 -0.072505635143079
14.44 -0.068788898890272
14.45 -0.07248958895939
14.46 -0.080475462675458
14.47 -0.090931602476106
14.48 -0.101536822804095
14.49 -0.101057097525612
14.5 -0.090857723610761
14.51 -0.08354186698253
14.52 -0.083844357348334
14.53 -0.087054882565246
14.54 -0.090370980735886
14.55 -0.089537338956395
14.56 -0.081859222337241
14.57 -0.07415833382361
14.58 -0.071100617893005
14.59 -0.067422634729092
14.6 -0.062911643923475
14.61 -0.063100002063146
14.62 -0.066736360156124
14.63 -0.069859955552925
14.64 -0.082503036115047
14.65 -0.057916960860714
14.66 -0.03200050081609
14.67 -0.022895651482774
14.68 -0.021490602312711
14.69 -0.016944605922847
14.7 -0.005714748490332
14.71 0.002259689732277
14.72 0.015678628975099
14.73 0.029542348930875
14.74 0.040310842398826
14.75 0.050415099003299
14.76 0.055090245373703
14.77 0.056701176705324
14.78 0.056282769941159
14.79 0.053050985848438
14.8 0.051310380233649
14.81 0.05116044065692
14.82 0.049642213568896
14.83 0.044654968103715
14.84 0.035613667905156
14.85 0.027006740289352
14.86 0.026958731883095
14.87 0.027531987739536
14.88 0.033761283319405
14.89 0.045551353800811
14.9 0.058039279254785
14.91 0.065816694651596
14.92 0.045734053193605
14.93 0.05624816954924
14.94 0.051011428986147
14.95 0.054307605185835
14.96 0.051885084766558
14.97 0.051879849869714
14.98 0.043109557868274
14.99 0.037655987671458
15.0 0.038217442352077
15.01 0.044844866909824
15.02 0.047085761919416
15.03 0.045791031041895
15.04 0.042811335167936
15.05 0.038727830370449
15.06 0.030628504292101
15.07 0.014303179877935
15.08 -0.005033490718175
15.09 -0.022090758710852
15.1 -0.033003830892549
15.11 -0.033094835690262
15.12 -0.026769066250982
15.13 -0.022649106318179
15.14 -0.020917665533517
15.15 -0.018425159031536
15.16 -0.011539283104437
15.17 0.013569446817145
15.18 0.018893307184862
15.19 0.021907960093287
15.2 0.018165364987453
15.21 0.017445350257732
15.22 0.015983714200784
15.23 0.01389528530322
15.24 0.012686435640454
15.25 0.010537203684024
15.26 0.001858331182071
15.27 -0.004532566998683
15.28 -0.00920818551909
15.29 -0.009076926663813
15.3 -0.013994275439881
15.31 -0.016130268836134
15.32 -0.012503214210302
15.33 -0.005187416549827
15.34 0.003830071980272
15.35 0.009326807714257
15.36 0.013454117294267
15.37 0.016543692334326
15.38 0.022527899724924
15.39 0.031104895625144
15.4 0.014459069585341
15.41 -0.005551702930606
15.42 -0.009999913958912
15.43 -0.005361172293827
15.44 -0.002112791531907
15.45 0.003442844519213
15.46 0.014922393162638
15.47 0.028730259663479
15.48 0.043214065800606
15.49 0.063664682171322
15.5 0.083294030760176
15.51 0.097337934651722
15.52 0.094991294196752
15.53 0.126353816425968
15.54 0.132543867357326
15.55 0.144538409677498
15.56 0.151313215784775
15.57 0.147954720997382
15.58 0.140544290679175
15.59 0.119888545626245
15.6 0.077566198082838
15.61 0.074948607285401
15.62 0.052060158451327
15.63 0.002352375018705
15.64 -0.013339063124469
15.65 -0.035529997121209
15.66 -0.02503595159055
15.67 -0.059255629806082
15.68 -0.043913890555584
15.69 -0.056855029839311
15.7 -0.043099534327359
15.71 -0.052869186316841
15.72 -0.042677869925949
15.73 -0.039003308682638
15.74 -0.020893282587665
15.75 -0.004948946572039
15.76 0.009174619104118
15.77 0.018849524511827
15.78 0.015988682601843
15.79 0.017563561630429
15.8 0.016398630204146
15.81 0.006158938001103
15.82 -0.007251891187678
15.83 -0.026164499972303
15.84 -0.046960223652699
15.85 -0.063190669455515
15.86 -0.079066971800187
15.87 -0.097494830521593
15.88 -0.112021409330801
15.89 -0.112066911549543
15.9 -0.094847142861349
15.91 -0.030503395222667
15.92 -0.029577379518361
15.93 -0.01087905998413
15.94 -0.00310156205533
15.95 0.017139860472387
15.96 0.029479402978844
15.97 0.041715178222446
15.98 0.048791616569056
15.99 0.04043076874153
16.0 0.024473021843008
16.01 0.002339261852147
16.02 -0.015373484049983
16.03 -0.028653857469412
16.04 -0.040248026075846
16.05 -0.052842049280197
16.06 -0.067606570764447
16.07 -0.074529380879338
16.08 -0.068498627898784
16.09 -0.053591270011337
16.1 -0.034251053839293
16.11 -0.018372827215029
16.12 -0.00596978716043
16.13 0.018037648351966
16.14 0.060391448754821
16.15 0.063738696318501
16.16 0.04917041208198
16.17 0.041882431768854
16.18 0.04585206945001
16.19 0.049086863708421
16.2 0.048531193029448
16.21 0.063409153890593
16.22 0.057628992105312
16.23 0.062330565970793
16.24 0.056427464056519
16.25 0.062868356393023
16.26 0.064624305363601
16.27 0.06756605880093
16.28 0.065231098909775
16.29 0.058145656577844
16.3 0.066737559700647
16.31 0.06178976147977
16.32 0.060036561919935
16.33 0.075624518515562
16.34 0.081979951818262
16.35 0.078945058095457
16.36 0.074033505144416
16.37 0.027769076228985
16.38 0.01922800562258
16.39 -0.026191306811766
16.4 -0.003533519221721
16.41 -0.013772052590793
16.42 0.00367288122385
16.43 -0.007773459776061
16.44 -0.002448730731465
16.45 -0.012364948571287
16.46 -0.008774555577609
16.47 -0.002566636016122
16.48 0.00485704444639
16.49 0.005014399772236
16.5 0.005252369042915
16.51 0.007692411610542
16.52 0.011521668986863
16.53 0.003011412628269
16.54 -0.004904454764505
16.55 -0.010493098914268
16.56 -0.014365059789475
16.57 -0.017463161946484
16.58 -0.02934467387877
16.59 -0.048564200358719
16.6 -0.071665767973551
16.61 -0.093285804326777
16.62 -0.102702089178001
16.63 -0.09406325121693
16.64 -0.079728868150505
16.65 -0.073850017355129
16.66 -0.070812047146251
16.67 -0.065827510944889
16.68 -0.047652495216809
16.69 -0.032574085223038
16.7 -0.019869971650183
16.71 -0.006544315593392
16.72 0.003718582144891
16.73 0.013902519438363
16.74 0.021838960801505
16.75 0.025912136528802
16.76 0.022690867078857
16.77 0.011386157554347
16.78 0.00206813305247
16.79 -0.005802330091446
16.8 -0.012363743657202
16.81 -0.023512028849806
16.82 -0.040207623446255
16.83 -0.055070263032143
16.84 -0.06526659911171
16.85 -0.069391162847119
16.86 -0.068255271855988
16.87 -0.059706018843452
16.88 -0.04041393334477
16.89 -0.006458577999728
16.9 0.033816168236201
16.91 0.037084299763345
16.92 0.037843876370232
16.93 0.034156380329698
16.94 0.038331142625716
16.95 0.036938291504238
16.96 0.02432653711088
16.97 0.019118128472922
16.98 0.009839189701116
16.99 0.00102887979922
17.0 0.000393888531278
17.01 0.008380170551323
17.02 0.02063282212701
17.03 0.031964179921674
17.04 0.033344347243162
17.05 0.032665494456575
17.06 0.033915388862895
17.07 0.036267866073899
17.08 0.037255104762552
17.09 0.034523364208505
17.1 0.035245704512481
17.11 0.041377484182129
17.12 0.031555863446211
17.13 0.017510866289102
17.14 -0.009266249773145
17.15 -0.018894731470029
17.16 -0.031468378334854
17.17 -0.028902230565596
17.18 -0.035228316414252
17.19 -0.032596273277247
17.2 -0.032575068419847
17.21 -0.030359089554508
17.22 -0.033256208665296
17.23 -0.037847316404789
17.24 -0.047878220901637
17.25 -0.058547637581922
17.26 -0.067498175056706
17.27 -0.073896237090851
17.28 -0.073063139422394
17.29 -0.073891115652487
17.3 -0.071453183559052
17.31 -0.069775687076396
17.32 -0.068809530027777
17.33 -0.068599686346846
17.34 -0.069225539398087
17.35 -0.071262991365053
17.36 -0.073700053756024
17.37 -0.074187230938995
17.38 -0.064708860009241
17.39 -0.0311217505289
17.4 -0.008627107280545
17.41 0.006982175916571
17.42 0.01695807523956
17.43 0.026967521722733
17.44 0.03628298246669
17.45 0.044451791048951
17.46 0.05519428888807
17.47 0.061245719904389
17.48 0.064537048725461
17.49 0.064525534358945
17.5 0.061854213816706
17.51 0.059099509763889
17.52 0.056099439647083
17.53 0.049783676433771
17.54 0.040995174892632
17.55 0.031347292765891
17.56 0.017704890368675
17.57 0.003106885124708
17.58 -0.009697477624355
17.59 -0.017966103040041
17.6 -0.015896735909003
17.61 -0.010811453892688
17.62 0.007525174831925
17.63 0.027664160683383
17.64 0.009857881547692
17.65 -0.003899579666256
17.66 0.010607523760396
17.67 0.023422378076561
17.68 0.034170781343464
17.69 0.045591019850889
17.7 0.046399651102827
17.71 0.044519410298477
17.72 0.040446762264345
17.73 0.032079239933433
17.74 0.01751068167589
17.75 0.003226294883658
17.76 -0.013706847499094
17.77 -0.027602538182137
17.78 -0.035384712741618
17.79 -0.040176842238939
17.8 -0.039371440985445
17.81 -0.035828192281457
17.82 -0.031542543508165
17.83 -0.020446586096766
17.84 0.009917350200139
17.85 0.041078772554282
17.86 0.051804489172737
17.87 0.056270504530262
17.88 0.068757128919399
17.89 0.084779868346316
17.9 0.093430773191904
17.91 0.093698880342806
17.92 0.083724458952822
17.93 0.068407984905758
17.94 0.048958423570592
17.95 0.031796490831239
17.96 0.013670770972176
17.97 -0.003142544085228
17.98 -0.016540048690327
17.99 -0.029177736537004
18.0 -0.03834898185239
18.01 -0.045150884149279
18.02 -0.047571996041177
18.03 -0.042823964749119
18.04 -0.03450134819388
18.05 -0.01787880122244
18.06 0.029188428587804
18.07 0.100954557918995
18.08 0.077069293896711
18.09 0.065827636806594
18.1 0.066775712558703
18.11 0.067773849777723
18.12 0.085769511506553
18.13 0.083836285787959
18.14 0.08589193715061
18.15 0.07127270465135
18.16 0.058772455807599
18.17 0.040367740152336
18.18 0.020359613223208
18.19 0.00730904360883
18.2 -0.014545705364728
18.21 -0.025182241528112
18.22 -0.035661687298981
18.23 -0.039932568284555
18.24 -0.050405712755195
18.25 -0.057646331239428
18.26 -0.057092992557614
18.27 -0.056354518200769
18.28 -0.048429424013198
18.29 -0.04233544068116
18.3 -0.039615185806402
18.31 -0.037751683113861
18.32 -0.039830657819226
18.33 -0.029033029395922
18.34 -0.009243056192028
18.35 0.0071696552819
18.36 0.022553606491828
18.37 0.018190698941685
18.38 0.025985577967769
18.39 0.019838663015725
18.4 0.017505746558931
18.41 0.010946018022399
18.42 0.006422911711828
18.43 -0.001720971256171
18.44 -0.017678532561573
18.45 -0.037371383860248
18.46 -0.044066087257972
18.47 -0.044307585622987
18.48 -0.050425242772372
18.49 -0.059484616473886
18.5 -0.061223491646858
18.51 -0.054099907207344
18.52 -0.042375648659542
18.53 -0.032071485768644
18.54 -0.021778623519459
18.55 -0.010851477905941
18.56 0.003533894285308
18.57 0.018471898333159
18.58 0.020438641343344
18.59 0.007156324220337
18.6 -0.00741462484556
18.61 -0.013279679207614
18.62 -0.018138373806607
18.63 -0.020243439982891
18.64 -0.026754943484661
18.65 -0.033795007124103
18.66 -0.038668052847032
18.67 -0.038747511585569
18.68 -0.035577307080487
18.69 -0.029801439222969
18.7 -0.027499994723309
18.71 -0.029498536136868
18.72 -0.025994579079036
18.73 -0.018358131882279
18.74 -0.014023609986476
18.75 -0.014345298166746
18.76 -0.015335231971661
18.77 -0.015545638444196
18.78 -0.006831211602004
18.79 -0.006320492791358
18.8 -0.007883648903678
18.81 -0.013361518875084
18.82 0.002611989942214
18.83 0.007465471915175
18.84 0.016788217869629
18.85 0.0193913974191
18.86 0.024296235834446
18.87 0.026301602445751
18.88 0.03455010396817
18.89 0.04037271022263
18.9 0.042873011216237
18.91 0.041096136696738
18.92 0.037506501710537
18.93 0.028558709348006
18.94 0.019619418590329
18.95 0.007928223949134
18.96 -0.017306946209002
18.97 -0.029931838354555
18.98 -0.044895314147791
18.99 -0.047953583122293
19.0 -0.050970400102143
19.01 -0.053532909297006
19.02 -0.058664609312545
19.03 -0.063403344273884
19.04 -0.065044469392981
19.05 -0.061199798741066
19.06 -0.059196844831167
19.07 -0.055834650061935
19.08 -0.048364117174702
19.09 -0.031108282174713
19.1 -0.026663080148983
19.11 -0.019060059249969
19.12 -0.011005056980178
19.13 -0.006363054253167
19.14 0.000500325573121
19.15 0.006853026643616
19.16 0.015029477849178
19.17 0.028474842100377
19.18 0.013646131464555
19.19 -0.007851417392144
19.2 0.000132308767786
19.21 0.019766785592736
19.22 0.015049180418979
19.23 0.006877394537163
19.24 0.002039340164046
19.25 0.002130903846106
19.26 -0.001976956644414
19.27 -0.005203859250491
19.28 -0.003254333628998
19.29 0.003456664891927
19.3 0.016252395994724
19.31 0.028423741562939
19.32 0.039191404691715
19.33 0.049865398748267
19.34 0.057509087600363
19.35 0.060889694876059
19.36 0.060766347077481
19.37 0.058731456018053
19.38 0.056459896109398
19.39 0.054083036422681
19.4 0.050597846773072
19.41 0.037099673912647
19.42 0.025526435941403
19.43 0.023736368944219
19.44 0.028198075226848
19.45 0.024591427059046
19.46 0.018022899062898
19.47 0.014329036764522
19.48 0.017031826932413
19.49 0.026238313860865
19.5 0.034691481059098
19.51 0.038532501203991
19.52 0.041994664039188
19.53 0.046482972413476
19.54 0.055451863073494
19.55 0.062793578832998
19.56 0.069361116587346
19.57 0.074036777289053
19.58 0.077600815130896
19.59 0.081231986672088
19.6 0.082327377449031
19.61 0.073594294244605
19.62 0.042905787567222
19.63 0.055062546591542
19.64 0.070875537219746
19.65 0.06473878859865
19.66 0.040287754686195
19.67 0.019277533752477
19.68 -0.01485121806715
19.69 -0.041414586131833
19.7 -0.059477218646446
19.71 -0.065575872002075
19.72 -0.070228927397849
19.73 -0.053636358392783
19.74 -0.061554116891744
19.75 -0.082849817603889
19.76 -0.049761867669513
19.77 -0.055772065848943
19.78 -0.029138843851366
19.79 -0.012539654521262
19.8 -0.001531757782262
19.81 0.019681258203895
19.82 0.022880657376604
19.83 0.030664612841541
19.84 0.030585918060876
19.85 0.024375147285285
19.86 0.024601799927885
19.87 0.017160472658534
19.88 0.005277702769886
19.89 -0.017301448279769
19.9 -0.061989994947444
19.91 -0.105453913043274
19.92 -0.100640450290562
19.93 -0.086315377285797
19.94 -0.048617651425693
19.95 -0.05533679475503
19.96 -0.052523353360089
19.97 -0.061208669642481
19.98 -0.060538406693454
19.99 -0.048298136139342
20.0 -0.030306826424044
20.01 -0.01054740418089
20.02 -0.002950147270505
20.03 0.00535103940847
20.04 0.00865675127188
20.05 0.008295129770026
20.06 0.008117746164813
20.07 0.005112254690314
20.08 0.005280972873516
20.09 0.002445302530804
20.1 -0.002620139335879
20.11 -0.003204641015626
20.12 -0.004813563037976
20.13 -0.001469685576238
20.14 0.004183757866943
20.15 0.010941520128206
20.16 0.015534374939007
20.17 0.004648058162556
20.18 -0.020819545782136
20.19 -0.031061044647931
20.2 -0.022561532778952
20.21 -0.01394086438765
20.22 -0.013597819213111
20.23 -0.014944163664037
20.24 -0.018387321114097
20.25 -0.020203919995208
20.26 -0.019786689909694
20.27 -0.014632985593403
20.28 -0.0062526330804
20.29 0.001304663328207
20.3 0.005628698242552
20.31 0.009225680469345
20.32 0.01007588966976
20.33 0.009696282503
20.34 0.007342185270316
20.35 0.005185308620729
20.36 0.00197457533194
20.37 -0.001081187771373
20.38 -0.00858674573909
20.39 -0.02258539475946
20.4 -0.032827326482208
20.41 -0.014854588825658
20.42 -0.004626339400938
20.43 -0.024596332245374
20.44 -0.03248903820988
20.45 -0.041672211488579
20.46 -0.04617476882313
20.47 -0.049756493736421
20.48 -0.041404111995894
20.49 -0.03450207332374
20.5 -0.029157982617153
20.51 -0.023525954409453
20.52 -0.016193687739492
20.53 -0.00785101196552
20.54 0.000103362789299
20.55 0.004122329073641
20.56 0.007269454554745
20.57 0.008992280251338
20.58 0.012185024300132
20.59 0.010523137177786
20.6 0.010878521005429
20.61 0.009193030914832
20.62 0.008490818436367
20.63 0.00358449547587
20.64 -0.004831193055214
20.65 -0.011363892653695
20.66 -0.012370296875333
20.67 -0.008554557318908
20.68 -0.006022528478971
20.69 -0.001384361184332
20.7 -0.000277859458605
20.71 0.001176518555442
20.72 0.001710527266522
20.73 0.003534313102134
20.74 0.005839673440989
20.75 0.006544487815222
20.76 0.001819692143262
20.77 -0.001802687338857
20.78 -0.001586965877827
20.79 0.002591760680231
20.8 0.005910500396817
20.81 0.009321339759806
20.82 0.012970840638848
20.83 0.018578005391242
20.84 0.023627719444846
20.85 0.028304404491879
20.86 0.03052763662298
20.87 0.029500799172718
20.88 0.02728605450674
20.89 0.022701828923661
20.9 0.014470347642706
20.91 0.00347410579505
20.92 -0.008853936745937
20.93 -0.018028091025879
20.94 -0.021770568902691
20.95 -0.024840269002543
20.96 -0.03017068717788
20.97 -0.034346216195936
20.98 -0.031101362599878
20.99 -0.022106033123061
21.0 -0.013362003991877
21.01 -0.007330719351712
21.02 -0.002151335641641
21.03 -0.001295649948688
21.04 -0.000868082111506
21.05 -0.005435108699482
21.06 0.002749174781795
21.07 -0.000381038494548
21.08 -0.000517941207164
21.09 -0.010234512294519
21.1 -0.005351594025117
21.11 -0.014161104364541
21.12 -0.014832439727189
21.13 -0.01266173422151
21.14 -0.006390094446817
21.15 -0.003551609380568
21.16 -0.003532262903578
21.17 -0.006068503371129
21.18 -0.005770857097676
21.19 -0.00144777657408
21.2 0.004216678570315
21.21 0.00858945341318
21.22 0.009341317592498
21.23 0.008640020231792
21.24 0.012245889245531
21.25 0.018950817054835
21.26 0.026695131237837
21.27 0.034740084323599
21.28 0.041117746717475
21.29 0.033174209494538
21.3 0.045284363725921
21.31 0.045109269683237
21.32 0.042489023024635
21.33 0.044924401528368
21.34 0.04360870400281
21.35 0.04115539028652
21.36 0.034293281143439
21.37 0.011718197105069
21.38 -0.002612491618755
21.39 -0.014091238242447
21.4 -0.022378472893904
21.41 -0.027211593774149
21.42 -0.030150154301903
21.43 -0.03048590525158
21.44 -0.029925101896511
21.45 -0.023533515686132
21.46 -0.009549000324491
21.47 0.006924002696795
21.48 0.023113775441006
21.49 0.034971088835941
21.5 0.046135872952511
21.51 0.049505922724705
21.52 0.059203610910287
21.53 0.066147586523749
21.54 0.065316501463155
21.55 0.055855406899291
21.56 0.041202618788494
21.57 0.026038496925474
21.58 0.0135949955984
21.59 0.011508215496254
21.6 0.019747919654335
21.61 0.017692802403442
21.62 0.013175836385804
21.63 0.009126615377497
21.64 0.007184839885941
21.65 0.002182826833858
21.66 0.003542141823328
21.67 0.009975614097848
21.68 0.016514690291834
21.69 0.023380665266783
21.7 0.029083732816865
21.71 0.028642443403543
21.72 0.028713218345038
21.73 0.0217454269533
21.74 0.008058882901879
21.75 -0.00534850897226
21.76 -0.011233800222017
21.77 -0.018776711807363
21.78 -0.021208401695943
21.79 -0.018804171552379
21.8 -0.016944082489813
21.81 -0.01194369268149
21.82 -0.009862529907593
21.83 -0.008889780982971
21.84 -0.010552218323529
21.85 -0.011365434032955
21.86 -0.011938532198656
21.87 -0.011484630536874
21.88 -0.009082789234846
21.89 -0.006911568297603
21.9 -0.00491861523484
21.91 -0.004838599044864
21.92 -0.007576164446282
21.93 -0.012369424957283
21.94 -0.018505724062493
21.95 -0.032547228353576
21.96 -0.02287995240234
21.97 -0.010801532923493
21.98 -0.001988505746252
21.99 -0.002568371013588
22.0 0.003824255295072
22.01 0.002450895628642
22.02 0.001232209115861
22.03 -0.000151612567912
22.04 0.002343333263739
22.05 0.002255987817877
22.06 -0.002041596207541
22.07 -0.008681794077521
22.08 -0.014039449616064
22.09 -0.017296387192339
22.1 -0.020044694400641
22.11 -0.022414972548801
22.12 -0.02585168190763
22.13 -0.029151945625996
22.14 -0.029801395227606
22.15 -0.027366927589101
22.16 -0.022958964393919
22.17 -0.019016223552429
22.18 -0.016806839025244
22.19 -0.015774646856173
22.2 -0.013352822267236
22.21 -0.011998517704908
22.22 -0.012913565091658
22.23 -0.015809233431732
22.24 -0.0216160577777
22.25 -0.02841964843622
22.26 -0.034997784791632
22.27 -0.038924515748373
22.28 -0.035323627724246
22.29 -0.037710928129014
22.3 -0.038847047428201
22.31 -0.036612608051971
22.32 -0.034380664834112
22.33 -0.024610574742434
22.34 -0.016158294026333
22.35 -0.008359031406906
22.36 -0.004241202614846
22.37 -0.005057001385324
22.38 -0.008728551008618
22.39 -0.010056585973141
22.4 -0.014314514658809
22.41 -0.022937246796538
22.42 -0.032986285259012
22.43 -0.039745078217902
22.44 -0.045735013116742
22.45 -0.048125294414658
22.46 -0.046884047620767
22.47 -0.045106981704255
22.48 -0.035647649810574
22.49 -0.033427470762589
22.5 -0.022522141963283
22.51 -0.015846191240747
22.52 -0.003848759350228
22.53 0.009906464639706
22.54 0.022433591742589
22.55 0.026597747198805
22.56 0.019377676534951
22.57 0.009856435144073
22.58 0.006251705442152
22.59 0.001621008217237
22.6 -0.001887417603334
22.61 -0.00523305565138
22.62 -0.010270555912343
22.63 -0.013546357365291
22.64 -0.010917955526011
22.65 0.000399763218985
22.66 0.009952397737203
22.67 0.017636002425045
22.68 0.022877242896274
22.69 0.018537093090153
22.7 0.019447393847458
22.71 0.026390200895368
22.72 0.029885190770683
22.73 0.032641304350661
22.74 0.017801524219591
22.75 0.012624186909671
22.76 -0.000921991751092
22.77 -0.008785412447025
22.78 -0.018410866948756
22.79 -0.016558689778059
22.8 -0.013814812221518
22.81 -0.009802930251284
22.82 -0.008015563823582
22.83 0.000850581617144
22.84 0.010267938686876
22.85 0.019276269044925
22.86 0.027535903545442
22.87 0.030065604450959
22.88 0.028378307598472
22.89 0.023100133328669
22.9 0.019083112175013
22.91 0.017341259304092
22.92 0.019110869156019
22.93 0.01603868973267
22.94 0.009683099032934
22.95 0.000511549064964
22.96 -0.001791544626699
22.97 0.011240222295881
22.98 0.025092010785879
22.99 0.031413473314024
23.0 0.034364872365457
23.01 0.035432159600889
23.02 0.0378389412195
23.03 0.041758824341409
23.04 0.039776082662121
23.05 0.037141936802878
23.06 0.036331913000187
23.07 0.031985078937468
23.08 0.021755956642065
23.09 0.020211965045453
23.1 0.017688922593447
23.11 0.01946407325775
23.12 0.023021202779352
23.13 0.027434877927114
23.14 0.026361611288833
23.15 0.021746989141407
23.16 0.019014890763299
23.17 0.017522019251592
23.18 0.022144228625854
23.19 0.022741591127017
23.2 0.012139063234047
23.21 -0.000111415774871
23.22 -0.000432639005075
23.23 0.00039312466023
23.24 0.001658630714104
23.25 0.00213427160245
23.26 0.000921797656717
23.27 -0.003252784291163
23.28 -0.008682024088639
23.29 -0.00918113166999
23.3 -0.007399050235823
23.31 -0.00304573344813
23.32 0.002244955059749
23.33 0.007773450924635
23.34 0.011230594206446
23.35 0.012160163300665
23.36 0.011776264318697
23.37 0.009160794981559
23.38 0.003219668197277
23.39 -0.003494984039482
23.4 -0.008305942758477
23.41 -0.009435088936191
23.42 -0.013960114097918
23.43 -0.01373173780373
23.44 -0.013551998551575
23.45 -0.013867695800494
23.46 -0.017731190989175
23.47 -0.017577862172924
23.48 -0.014038665002971
23.49 -0.012509831381747
23.5 -0.01232517216597
23.51 -0.008426919681714
23.52 -0.000745266871229
23.53 0.005656001678877
23.54 0.009378252278848
23.55 0.00859429517835
23.56 0.005001626007192
23.57 0.001637283691494
23.58 0.000237588434667
23.59 -0.000413005626935
23.6 0.000139736099404
23.61 -0.001703937274782
23.62 -0.004360521704413
23.63 -0.007171515990667
23.64 -0.007903643959424
23.65 -0.006917730326262
23.66 -0.005159705948179
23.67 -0.001446407863847
23.68 0.003227952097346
23.69 0.006807445540514
23.7 0.006431229764766
23.71 0.003679912721451
23.72 0.000456206051721
23.73 -0.001701131977121
23.74 -0.005828978497436
23.75 -0.011690583334911
23.76 -0.016940948285343
23.77 -0.018969436488156
23.78 -0.016942971161029
23.79 -0.011123025478963
23.8 -0.003564469382798
23.81 0.00023459194514
23.82 0.003436981986886
23.83 0.006133989362207
23.84 0.00909217726382
23.85 0.012426835439547
23.86 0.013014136187385
23.87 0.009472258171183
23.88 0.003456893843482
23.89 -0.003275835004408
23.9 -0.010909104593662
23.91 -0.018796505797818
23.92 -0.024969839675919
23.93 -0.027831162708166
23.94 -0.02649738317557
23.95 -0.022217235827208
23.96 -0.017378466861441
23.97 -0.01470609008817
23.98 -0.009978274390834
23.99 -0.003185635763978
24.0 0.002618063939813
24.01 0.00430905486554
24.02 0.004318857379425
24.03 0.004311616772531
24.04 0.003911755711939
24.05 0.00217513674413
24.06 -0.001387456788865
24.07 -0.005863267683041
24.08 -0.010951805293362
24.09 -0.016497028315588
24.1 -0.024962290161662
24.11 -0.028090047000463
24.12 -0.021559464135495
24.13 -0.014432414464134
24.14 -0.015128685654992
24.15 -0.012286666349856
24.16 -0.006166438692484
24.17 -0.000297316785522
24.18 0.000673196880881
24.19 -0.000381103144211
24.2 -0.003861346726085
24.21 -0.011536038252949
24.22 -0.016426446906967
24.23 -0.018162492745397
24.24 -0.017277949176346
24.25 -0.018134053374483
24.26 -0.018099811425617
24.27 -0.016370943732733
24.28 -0.015024996323505
24.29 -0.014781179181104
24.3 -0.01462028122883
24.31 -0.012683115286209
24.32 -0.008036444529008
24.33 -0.003861013020342
24.34 -0.004297997398918
24.35 -0.007705247104225
24.36 -0.006322437075158
24.37 -0.002405818126193
24.38 -0.001119747423766
24.39 -0.000331169366313
24.4 0.000552628301722
24.41 -0.000628290092262
24.42 -0.000678434791799
24.43 0.00050728310397
24.44 0.001651172573086
24.45 0.00121796785788
24.46 0.000988745653807
24.47 0.001906849149654
24.48 0.003530781490109
24.49 0.003940150678543
24.5 0.002916122283996
24.51 0.001908413121917
24.52 0.00308347924834
24.53 0.005141416065386
24.54 0.006085621721582
24.55 0.006623967355813
24.56 0.008218641661301
24.57 0.011725005301917
24.58 0.016453272489827
24.59 0.020609201291793
24.6 0.022209895695762
24.61 0.02247751434814
24.62 0.020906119879441
24.63 0.014996559097246
24.64 0.007173013112939
24.65 -0.000908110541795
24.66 -0.007877761641709
24.67 -0.013568031622138
24.68 -0.018271778356887
24.69 -0.021442094237989
24.7 -0.022798786504096
24.71 -0.024121338452528
24.72 -0.021648687633511
24.73 -0.01498516260049
24.74 -0.006829889172037
24.75 -0.001771884118597
24.76 0.005273907450456
24.77 0.010482804980387
24.78 0.014494070116987
24.79 0.01700294167112
24.8 0.018032376294993
24.81 0.01762975670909
24.82 0.012940809401113
24.83 0.00727228872248
24.84 0.004792509363361
24.85 0.00701278453844
24.86 0.01069124106199
24.87 0.011381084521069
24.88 0.011078024394389
24.89 0.0138592349024
24.9 0.018513389477022
24.91 0.022292202161766
24.92 0.026124082562977
24.93 0.031013359002854
24.94 0.03441722543381
 
 
 
 
 
 
 
 
 
 
 
 
 
 
 
 
 
 
 
 
 
 
 
 
 
 
 
 
 
 
 
 
 
 
 
 
 
 
 
 
 
 
 
 
 
 
 
 
 
 
 
 
 
 
 
 
 
 
 
 
 
 
 
 
 
 
 
 
 
 
 
 
 
 
 
 
 
 
 
 
 
 
 
 
 
 
 
 
 
 
 
 
 
 
 
 
 
 
 
 
 
 
 
 
 
 
 
 
 
 
 
 
 
 
 
 
 
 
 
 
 
 
 
 
 
 
 
 
 
 
 
 
 
 
 
 
 
 
 
 
 
 
 
 
 
 
 
 
 
 
 
 
 
 
 
 
 
 
 
 
 
 
 
 
 
 
 
 
 
 
 
 
 
 
 
 
 
 
 
 
 
 
 
 
 
 
 
 
 
 
 
 
 
 
 
 
 
 
 
 
 
 
 
 
 
 
 
 
 
 
 
 
 
 
 
 
 
 
 
 
 
 
 
 
 
 
 
 
 
 
 
 
 
 
 
 
 
 
 
 
 
 
 
 
 
 
 
 
 
 
 
 
 
 
 
 
 
 
 
 
 
 
 
 
 
 
 
 
 
 
 
 
 
 
 
 
 
 
 
 
 
 
 
 
 
 
 
 
 
 
 
 
 
 
 
 
 
 
 
 
 
 
 
 
 
 
 
 
 
 
 
 
 
 
 
 
 
 
 
 
 
 
 
 
 
 
 
 
 
 
 
 
 
 
 
 
 
 
 
 
 
 
 
 
 
 
 
 
 
 
 
 
 
 
 
 
 
 
 
 
 
 
 
 
 
 
 
 
 
 
 
 
 
 
 
 
 
 
 
 
 
 
 
 
 
 
 
 
 
 
 
 
 
 
 
 
 
 
 
 
 
 
 
 
 
 
 
 
 
 
 
 
 
 
 
 
 
 
 
 
 
 
 
 
 
 
 
 
 
 
 
 
 
 
 
 
 
 
 
 
 
 
 
 
 
 
 
 
 
 
 
 
 
 
 
 
 
 
 
 
 
 
 
 
 
 
 
 
 
 
 
 
 
 
 
 
 
 
 
 
 
 
 
 
 
 
 
 
 
 
 
 
 
 
 
 
 
 
 
 
 
 
 
 
 
 
 
 
 
 
 
 
 
 
 
 
 
 
 
 
 
 
 
 
 
 
 
 
 
 
 
 
 
 
 
 
 
 
 
 
 
 
 
 
 
 
 
 
 
 
 
 
 
 
 
 
 
 
 
 
 
 
 
 
 
 
 
 
 
 
 
 
 
 
 
 
 
 
 
 
 
 
 
 
 
 
 
 
 
 
 
 
 
 
 
 
 
 
 
 
 
 
 
 
 
 
 
 
 
 
 
 
 
 
 
 
 
 
 
 
 
 
 
 
 
 
 
 
 
 
 
 
 
 
 
 
 
 
 
 
 
 
 
 
 
 
 
 
 
 
 
 
 
 
 
 
 
 
 
 
 
 
 
 
 
 
 
 
 
 
 
 
 
 
 
 
 
 
 
 
 
 
 
 
 
 
 
 
 
 
 
 
 
 
 
 
 
 
 
 
 
 
 
 
 
 
 
 
 
 
 
 
 
 
 
 
 
 
 
 
 
 
 
 
 
 
 
 
 
 
 
 
 
 
 
 
 
 
 
 
 
 
 
 
 
 
 
 
 
 
 
 
 
 
 
 
 
 
 
 
 
 
 
 
 
 
 
 
 
 
 
 
 
 
 
 
 
 
 
 
 
 
 
 
 
 
 
 
 
 
 
 
 
 
 
 
 
 
 
 
 
 
 
 
 
 
 
 
 
 
 
 
 
 
 
 
 
 
 
 
 
 
 
 
 
 
 
 
 
 
 
 
 
 
 
 
 
 
 
 
 
 
 
 
 
 
 
 
 
 
 
 
 
 
 
 
 
 
 
 
 
 
 
 
 
 
 
 
 
 
 
 
 
 
 
 
 
 
 
 
 
 
 
 
 
 
 
 
 
 
 
 
 
 
 
 
 
 
 
 
 
 
 
 
 
 
 
 
 
 
 
 
 
 
 
 
 
 
 
 
 
 
 
 
 
 
 
 
 
 
 
 
 
 
 
 
 
 
 
 
 
 
 
 
 
 
 
 
 
 
 
 
 
 
 
 
 
 
 
 
 
 
 
 
 
 
 
 
 
 
 
 
 
 
 
 
 
 
 
 
 
 
 
 
 
 
 
 
 
 
 
 
 
 
 
 
 
 
 
 
 
 
 
 
 
 
 
 
 
 
 
 
 
 
 
 
 
 
 
 
 
 
 
 
 
 
 
 
 
 
 
 
 
 
 
 
 
 
 
 
 
 
 
 
 
 
 
 
 
 
 
 
 
 
 
 
 
 
 
 
 
 
 
 
 
 
 
 
 
 
 
 
 
 
 
 
 
 
 
 
 
 
 
 
 
 
 
 
 
 
 
 
 
 
 
 
 
 
 
 
 
 
 
 
 
 
 
 
 
 
 
 
 
 
 
 
 
 
 
 
 
 
 
 
 
 
 
 
 
 
 
 
 
 
 
 
 
 
 
 
 
 
 
 
 
 
 
 
 
 
 
 
 
 
 
 
 
 
 
 
 
 
 
 
 
 
 
 
 
 
 
 
 
 
 
 
 
 
 
 
 
 
 
 
 
 
 
 
 
 
 
 
 
 
 
 
 
 
 
 
 
 
 
 
 
 
 
 
 
 
 
 
 
 
 
 
 
 
 
 
 
 
 
 
 
 
 
 
 
 
 
 
 
 
 
 
 
 
 
 
 
 
 
 
 
 
 
 
 
 
 
 
 
 
 
 
 
 
 
 
 
 
 
 
 
 
 
 
 
 
 
 
 
 
 
 
 
 
 
 
 
 
 
 
 
 
 
 
 
 
 
 
 
 
 
 
 
 
 
 
 
 
 
 
 
 
 
 
 
 
 
 
 
 
 
 
 
 
 
 
 
 
 
 
 
 
 
 
 
 
 
 
 
 
 
 
 
 
 
 
 
 
 
 
 
 
 
 
 
 
 
 
 
 
 
 
 
 
 
 
 
 
 
 
 
 
 
 
 
 
 
 
 
 
 
 
 
 
 
 
 
 
 
 
 
 
 
 
 
 
 
 
 
 
 
 
 
 
 
 
 
 
 
 
 
 
 
 
 
 
 
 
 
 
 
 
 
 
 
 
 
 
 
 
 
 
 
 
 
 
 
 
 
 
 
 
 
 
 
 
 
 
 
 
 
 
 
 
 
 
 
 
 
 
 
 
 
 
 
 
 
 
 
 
 
 
 
 
 
 
 
 
 
 
 
 
 
 
 
 
 
 
 
 
 
 
 
 
 
 
 
 
 
 
 
 
 
 
 
 
 
 
 
 
 
 
 
 
 
 
 
 
 
 
 
 
 
 
 
 
 
 
 
 
 
 
 
 
 
 
 
 
 
 
 
 
 
 
 
 
 
 
 
 
 
 
 
 
 
 
 
 
 
 
 
 
 
 
 
 
 
 
 
 
 
 
 
 
 
 
 
 
 
 
 
 
 
 
 
 
 
 
 
 
 
 
 
 
 
 
 
 
 
 
 
 
 
 
 
 
 
 
 
 
 
 
 
 
 
 
 
 
 
 
 
 
 
 
 
 
 
 
 
 
 
 
 
 
 
 
 
 
 
 
 
 
 
 
 
 
 
 
 
 
 
 
 
 
 
 
 
 
 
 
 
 
 
 
 
 
 
 
 
 
 
 
 
 
 
 
 
 
 
 
 
 
 
 
 
 
 
 
 
 
 
 
 
 
 
 
 
 
 
 
 
 
 
 
 
 
 
 
 
 
 
 
 
 
 
 
 
 
 
 
 
 
 
 
 
 
 
 
 
 
 
 
 
 
 
 
 
 
 
 
 
 
 
 
 
 
 
 
 
 
 
 
 
 
 
 
 
 
 
 
 
 
 
 
 
 
 
 
 
 
 
 
 
 
 
 
 
 
 
 
 
 
 
 
 
 
 
 
 
 
 
 
 
 
 
 
 
 
 
 
 
 
 
 
 
 
 
 
 
 
 
 
 
 
 
 
 
 
 
 
 
 
 
 
 
 
 
 
 
 
 
 
 
 
 
 
 
 
 
 
 
 
 
 
 
 
 
 
 
 
 
 
 
 
 
 
 
 
 
 
 
 
 
 
 
 
 
 
 
 
 
 
 
 
 
 
 
 
 
 
 
 
 
 
 
 
 
 
 
 
 
 
 
 
 
 
 
 
 
 
 
 
 
 
 
 
 
 
 
 
 
 
 
 
 
 
 
 
 
 
 
 
 
 
 
 
 
 
 
 
 
 
 
 
 
 
 
 
 
 
 
 
 
 
 
 
 
 
 
 
 
 
 
 
 
 
 
 
 
 
 
 
 
 
 
 
 
 
 
 
 
 
 
 
 
 
 
 
 
 
 
 
 
 
 
 
 
 
 
 
 
 
 
 
 
 
 
 
 
 
 
 
 
 
 
 
 
 
 
 
 
 
 
 
 
 
 
 
 
 
 
 
 
 
 
 
 
 
 
 
 
 
 
 
 
 
 
 
 
 
 
 
 
 
 
 
 
 
 
 
 
 
 
 
 
 
 
 
 
 
 
 
 
 
 
 
 
 
 
 
 
 
 
 
 
 
 
 
 
 
 
 
 
 
 
 
 
 
 
 
 
 
 
 
 
 
 
 
 
 
 
 
 
 
 
 
 
 
 
 
 
 
 
 
 
 
 
 
 
 
 
 
 
 
 
 
 
 
 
 
 
 
 
 
 
 
 
 
 
 
 
 
 
 
 
 
 
 
 
 
 
 
 
 
 
 
 
 
 
 
 
 
 
 
 
 
 
 
 
 
 
 
 
 
 
 
 
 
 
 
 
 
 
 
 
 
 
 
 
 
 
 
 
 
 
 
 
 
 
 
 
 
 
 
 
 
 
 
 
 
 
 
 
 
 
 
 
 
 
 
 
 
 
 
 
 
 
 
 
 
 
 
 
 
 
 
 
 
 
 
 
 
 
 
 
 
 
 
 
 
 
 
 
 
 
 
 
 
 
 
 
 
 
 
 
 
 
 
 
 
 
 
 
 
 
 
 
 
 
 
 
 
 
 
 
 
 
 
 
 
 
 
 
 
 
 
 
 
 
 
 
 
 
 
 
 
 
 
 
 
 
 
 
 
 
 
 
 
 
 
 
 
 
 
 
 
 
 
 
 
 
 
 
 
 
 
 
 
 
 
 
 
 
 
 
 
 
 
 
 
 
 
 
 
 
 
 
 
 
 
 
 
 
 
 
 
 
 
 
 
 
 
 
 
 
 
 
 
 
 
 
 
 
 
 
 
 
 
 
 
 
 
 
 
 
 
 
 
 
 
 
 
 
 
 
 
 
 
 
 
 
 
 
 
 
 
 
 
 
 
 
 
 
 
 
 
 
 
 
 
 
 
 
 
 
 
 
 
 
 
 
 
 
 
 
 
 
 
 
 
 
 
 
 
 
 
 
 
 
 
 
 
 
 
 
 
 
 
 
 
 
 
 
 
 
 
 
 
 
 
 
 
 
 
 
 
 
 
 
 
 
 
 
 
 
 
 
 
 
 
 
 
 
 
 
 
 
 
 
 
 
 
 
 
 
 
 
 
 
 
 
 
 
 
 
 
 
 
 
 
 
 
 
 
 
 
 
 
 
 
 
 
 
 
 
 
 
 
 
 
 
 
 
 
 
 
 
 
 
 
 
 
 
 
 
 
 
 
 
 
 
 
 
 
 
 
 
 
 
 
 
 
 
 
 
 
 
 
 
 
 
 
 
 
 
 
 
 
 
 
 
 
 
 
 
 
 
 
 
 
 
 
 
 
 
 
 
 
 
 
 
 
 
 
 
 
 
 
 
 
 
 
 
 
 
 
 
 
 
 
 
 
 
 
 
 
 
 
 
 
 
 
 
 
 
 
 
 
 
 
 
 
 
 
 
 
 
 
 
 
 
 
 
 
 
 
 
 
 
 
 
 
 
 
 
 
 
 
 
 
 
 
 
 
 
 
 
 
 
 
 
 
 
 
 
 
 
 
 
 
 
 
 
 
 
 
 
 
 
 
 
 
 
 
 
 
 
 
 
 
 
 
 
 
 
 
 
 
 
 
 
 
 
 
 
 
 
 
 
 
 
 
 
 
 
 
 
 
 
 
 
 
 
 
 
 
 
 
 
 
 
 
 
 
 
 
 
 
 
 
 
 
 
 
 
 
 
 
 
 
 
 
 
 
 
 
 
 
 
 
 
 
 
 
 
 
 
 
 
 
 
 
 
 
 
 
 
 
 
 
 
 
 
 
 
 
 
 
 
 
 
 
 
 
 
 
 
 
 
 
 
 
 
 
 
 
 
 
 
 
 
 
 
 
 
 
 
 
 
 
 
 
 
 
 
 
 
 
 
 
 
 
 
 
 
 
 
 
 
 
 
 
 
 
 
 
 
 
 
 
 
 
 
 
 
 
 
 
 
 
 
 
 
 
 
 
 
 
 
 
 
 
 
 
 
 
 
 
 
 
 
 
 
 
 
 
 
 
 
 
 
 
 
 
 
 
 
 
 
 
 
 
 
 
 
 
 
 
 
 
 
 
 
 
 
 
 
 
 
 
 
 
 
 
 
 
 
 
 
 
 
 
 
 
 
 
 
 
 
 
 
 
 
 
 
 
 
 
 
 
 
 
 
 
 
 
 
 
 
 
 
 
 
 
 
 
 
 
 
 
 
 
 
 
 
 
 
 
 
 
 
 
 
 
 
 
 
 
 
 
 
 
 
 
 
 
 
 
 
 
 
 
 
 
 
 
 
 
 
 
 
 
 
 
 
 
 
 
 
 
 
 
 
 
 
 
 
 
 
 
 
 
 
 
 
 
 
 
 
 
 
 
 
 
 
 
 
 
 
 
 
 
 
 
 
 
 
 
 
 
 
 
 
 
 
 
 
 
 
 
 
 
 
 
 
 
 
 
 
 
 
 
 
 
 
 
 
 
 
 
 
 
 
 
 
 
 
 
 
 
 
 
 
 
 
 
 
 
 
 
 
 
 
 
 
 
 
 
 
 
 
 
 
 
 
 
 
 
 
 
 
 
 
 
 
 
 
 
 
 
 
 
 
 
 
 
 
 
 
 
 
 
 
 
 
 
 
 
 
 
 
 
 
 
 
 
 
 
 
 
 
 
 
 
 
 
 
 
 
 
 
 
 
 
 
 
 
 
 
 
 
 
 
 
 
 
 
 
 
 
 
 
 
 
 
 
 
 
 
 
 
 
 
 
 
 
 
 
 
 
 
 
 
 
 
 
 
 
 
 
 
 
 
 
 
 
 
 
 
 
 
 
 
 
 
 
 
 
 
 
 
 
 
 
 
 
 
 
 
 
 
 
 
 
 
 
 
 
 
 
 
 
 
 
 
 
 
 
 
 
 
 
 
 
 
 
 
 
 
 
 
 
 
 
 
 
 
 
 
 
 
 
 
 
 
 
 
 
 
 
 
 
 
 
 
 
 
 
 
 
 
 
 
 
 
 
 
 
 
 
 
 
 
 
 
 
 
 
 
 
 
 
 
 
 
 
 
 
 
 
 
 
 
 
 
 
 
 
 
 
 
 
 
 
 
 
 
 
 
 
 
 
 
 
 
 
 
 
 
 
 
 
 
 
 
 
 
 
 
 
 
 
 
 
 
 
 
 
 
 
 
 
 
 
 
 
 
 
 
 
 
 
 
 
 
 
 
 
 
 
 
 
 
 
 
 
 
 
 
 
 
 
 
 
 
 
 
 
 
 
 
 
 
 
 
 
 
 
 
 
 
 
 
 
 
 
 
 
 
 
 
 
 
 
 
 
 
 
 
 
 
 
 
 
 
 
 
 
 
 
 
 
 
 
 
 
 
 
 
 
 
 
 
 
 
 
 
 
 
 
 
 
 
 
 
 
 
 
 
 
 
 
 
 
 
 
 
 
 
 
 
 
 
 
 
 
 
 
 
 
 
 
 
 
 
 
 
 
 
 
 
 
 
 
 
 
 
 
 
 
 
 
 
 
 
 
 
 
 
 
 
 
 
 
 
 
 
 
 
 
 
 
 
 
 
 
 
 
 
 
 
 
 
 
 
 
 
 
 
 
 
 
 
 
 
 
 
 
 
 
 
 
 
 
 
 
 
 
 
 
 
 
 
 
 
 
 
 
 
 
 
 
 
 
 
 
 
 
 
 
 
 
 
 
 
 
 
 
 
 
 
 
 
 
 
 
 
 
 
 
 
 
 
 
 
 
 
 
 
 
 
 
 
 
 
 
 
 
 
 
 
 
 
 
 
 
 
 
 
 
 
 
 
 
 
 
 
 
 
 
 
 
 
 
 
 
 
 
 
 
 
 
 
 
 
 
 
 
 
 
 
 
 
 
 
 
 
 
 
 
 
 
 
 
 
 
 
 
 
 
 
 
 
 
 
 
 
 
 
 
 
 
 
 
 
 
 
 
 
 
 
 
 
 
 
 
 
 
 
 
 
 
 
 
 
 
 
 
 
 
 
 
 
 
 
 
 
 
 
 
 
 
 
 
 
 
 
 
 
 
 
 
 
 
 
 
 
 
 
 
 
 
 
 
 
 
 
 
 
 
 
 
 
 
 
 
 
 
 
 
 
 
 
 
 
 
 
 
 
 
 
 
 
 
 
 
 
 
 
 
 
 
 
 
 
 
 
 
 
 
 
 
 
 
 
 
 
 
 
 
 
 
 
 
 
 
 
 
 
 
 
 
 
 
 
 
 
 
 
 
 
 
 
 
 
 
 
 
 
 
 
 
 
 
 
 
 
 
 
 
 
 
 
 
 
 
 
 
 
 
 
 
 
 
 
 
 
 
 
 
 
 
 
 
 
 
 
 
 
 
 
 
 
 
 
 
 
 
 
 
 
 
 
 
 
 
 
 
 
 
 
 
 
 
 
 
 
 
 
 
 
 
 
 
 
 
 
 
 
 
 
 
 
 
 
 
 
 
 
 
 
 
 
 
 
 
 
 
 
 
 
 
 
 
 
 
 
 
 
 
 
 
 
 
 
 
 
 
 
 
 
 
 
 
 
 
 
 
 
 
 
 
 
 
 
 
 
 
 
 
 
 
 
 
 
 
 
 
 
 
 
 
 
 
 
 
 
 
 
 
 
 
 
 
 
 
 
 
 
 
 
 
 
 
 
 
 
 
 
 
 
 
 
 
 
 
 
 
 
 
 
 
 
 
 
 
 
 
 
 
 
 
 
 
 
 
 
 
 
 
 
 
 
 
 
 
 
 
 
 
 
 
 
 
 
 
 
 
 
 
 
 
 
 
 
 
 
 
 
 
 
 
 
 
 
 
 
 
 
 
 
 
 
 
 
 
 
 
 
 
 
 
 
 
 
 
 
 
 
 
 
 
 
 
 
 
 
 
 
 
 
 
 
 
 
 
 
 
 
 
 
 
 
 
 
 
 
 
 
 
 
 
 
 
 
 
 
 
 
 
 
 
 
 
 
 
 
 
 
 
 
 
 
 
 
 
 
 
 
 
 
 
 
 
 
 
 
 
 
 
 
 
 
 
 
 
 
 
 
 
 
 
 
 
 
 
 
 
 
 
 
 
 
 
 
 
 
 
 
 
 
 
 
 
 
 
 
 
 
 
 
 
 
 
 
 
 
 
 
 
 
 
 
 
 
 
 
 
 
 
 
 
 
 
 
 
 
 
 
 
 
 
 
 
 
 
 
 
 
 
 
 
 
 
 
 
 
 
 
 
 
 
 
 
 
 
 
 
 
 
 
 
 
 
 
 
 
 
 
 
 
 
 
 
 
 
 
 
 
 
 
 
 
 
 
 
 
 
 
 
 
 
 
 
 
 
 
 
 
 
 
 
 
 
 
 
 
 
 
 
 
 
 
 
 
 
 
 
 
 
 
 
 
 
 
 
 
 
 
 
 
 
 
 
 
 
 
 
 
 
 
 
 
 
 
 
 
 
 
 
 
 
 
 
 
 
 
 
 
 
 
 
 
 
 
 
 
 
 
 
 
 
 
 
 
 
 
 
 
 
 
 
 
 
 
 
 
 
 
 
 
 
 
 
 
 
 
 
 
 
 
 
 
 
 
 
 
 
 
 
 
 
 
 
 
 
 
 
 
 
 
 
 
 
 
 
 
 
 
 
 
 
 
 
 
 
 
 
 
 
 
 
 
 
 
 
 
 
 
 
 
 
 
 
 
 
 
 
 
 
 
 
 
 
 
 
 
 
 
 
 
 
 
 
 
 
 
 
 
 
 
 
 
 
 
 
 
 
 
 
 
 
 
 
 
 
 
 
 
 
 
 
 
 
 
 
 
 
 
 
 
 
 
 
 
 
 
 
 
 
 
 
 
 
 
 
 
 
 
 
 
 
 
 
 
 
 
 
 
 
 
 
 
 
 
 
 
 
 
 
 
 
 
 
 
 
 
 
 
 
 
 
 
 
 
 
 
 
 
 
 
 
 
 
 
 
 
 
 
 
 
 
 
 
 
 
 
 
 
 
 
 
 
 
 
 
 
 
 
 
 
 
 
 
 
 
 
 
 
 
 
 
 
 
 
 
 
 
 
 
 
 
 
 
 
 
 
 
 
 
 
 
 
 
 
 
 
 
 
 
 
 
 
 
 
 
 
 
 
 
 
 
 
 
 
 
 
 
 
 
 
 
 
 
 
 
 
 
 
 
 
 
 
 
 
 
 
 
 
 
 
 
 
 
 
 
 
 
 
 
 
 
 
 
 
 
 
 
 
 
 
 
 
 
 
 
 
 
 
 
 
 
 
 
 
 
 
 
 
 
 
 
 
 
 
 
 
 
 
 
 
 
 
 
 
 
 
 
 
 
 
 
 
 
 
 
 
 
 
 
 
 
 
 
 
 
 
 
 
 
 
 
 
 
 
 
 
 
 
 
 
 
 
 
 
 
 
 
 
 
 
 
 
 
 
 
 
 
 
 
 
 
 
 
 
 
 
 
 
 
 
 
 
 
 
 
 
 
 
 
 
 
 
 
 
 
 
 
 
 
 
 
 
 
 
 
 
 
 
 
 
 
 
 
 
 
 
 
 
 
 
 
 
 
 
 
 
 
 
 
 
 
 
 
 
 
 
 
 
 
 
 
 
 
 
 
 
 
 
 
 
 
 
 
 
 
 
 
 
 
 
 
 
 
 
 
 
 
 
 
 
 
 
 
 
 
 
 
 
 
 
 
 
 
 
 
 
 
 
 
 
 
 
 
 
 
 
 
 
 
 
 
 
 
 
 
 
 
 
 
 
 
 
 
 
 
 
 
 
 
 
 
 
 
 
 
 
 
 
 
 
 
 
 
 
 
 
 
 
 
 
 
 
 
 
 
 
 
 
 
 
 
 
 
 
 
 
 
 
 
 
 
 
 
 
 
 
 
 
 
 
 
 
 
 
 
 
 
 
 
 
 
 
 
 
 
 
 
 
 
 
 
 
 
 
 
 
 
 
 
 
 
 
 
 
 
 
 
 
 
 
 
 
 
 
 
 
 
 
 
 
 
 
 
 
 
 
 
 
 
 
 
 
 
 
 
 
 
 
 
 
 
 
 
 
 
 
 
 
 
 
 
 
 
 
 
 
 
 
 
 
 
 
 
 
 
 
 
 
 
 
 
 
 
 
 
 
 
 
 
 
 
 
 
 
 
 
 
 
 
 
 
 
 
 
 
 
 
 
 
 
 
 
 
 
 
 
 
 
 
 
 
 
 
 
 
 
 
 
 
 
 
 
 
 
 
 
 
 
 
 
 
 
 
 
 
 
 
 
 
 
 
 
 
 
 
 
 
 
 
 
 
 
 
 
 
 
 
 
 
 
 
 
 
 
 
 
 
 
 
 
 
 
 
 
 
 
 
 
 
 
 
 
 
 
 
 
 
 
 
 
 
 
 
 
 
 
 
 
 
 
 
 
 
 
 
 
 
 
 
 
 
 
 
 
 
 
 
 
 
 
 
 
 
 
 
 
 
 
 
 
 
 
 
 
 
 
 
 
 
 
 
 
 
 
 
 
 
 
 
 
 
 
 
 
 
 
 
 
 
 
 
 
 
 
 
 
 
 
 
 
 
 
 
 
 
 
 
 
 
 
 
 
 
 
 
 
 
 
 
 
 
 
 
 
 
 
 
 
 
 
 
 
 
 
 
 
 
 
 
 
 
 
 
 
 
 
 
 
 
 
 
 
 
 
 
 
 
 
 
 
 
 
 
 
 
 
 
 
 
 
 
 
 
 
 
 
 
 
 
 
 
 
 
 
 
 
 
 
 
 
 
 
 
 
 
 
 
 
 
 
 
 
 
 
 
 
 
 
 
 
 
 
 
 
 
 
 
 
 
 
 
 
 
 
 
 
 
 
 
 
 
 
 
 
 
 
 
 
 
 
 
 
 
 
 
 
 
 
 
 
 
 
 
 
 
 
 
 
 
 
 
 
 
 
 
 
 
 
 
 
 
 
 
 
 
 
 
 
 
 
 
 
 
 
 
 
 
 
 
 
 
 
 
 
 
 
 
 
 
 
 
 
 
 
 
 
 
 
 
 
 
 
 
 
 
 
 
 
 
 
 
 
 
 
 
 
 
 
 
 
 
 
 
 
 
 
 
 
 
 
 
 
 
 
 
 
 
 
 
 
 
 
 
 
 
 
 
 
 
 
 
 
 
 
 
 
 
 
 
 
 
 
 
 
 
 
 
 
 
 
 
 
 
 
 
 
 
 
 
 
 
 
 
 
 
 
 
 
 
 
 
 
