0.0 0.0
0.01 2.33801237e-07
0.02 2.3640445e-07
0.03 2.47415967e-07
0.04 2.91573548e-07
0.05 4.15900771e-07
0.06 5.87570617e-07
0.07 5.70914565e-07
0.08 7.1919214e-08
0.09 -8.78043244e-07
0.1 -1.683002116e-06
0.11 -2.127069424e-06
0.12 -3.499720483e-06
0.13 -6.140035306e-06
0.14 -7.646638033e-06
0.15 -6.590657627e-06
0.16 -4.349899212e-06
0.17 -3.936492091e-06
0.18 -6.321515364e-06
0.19 -5.796300182e-06
0.2 5.57478918e-07
0.21 9.167317437e-06
0.22 1.7360277259e-05
0.23 1.645857212e-05
0.24 1.59605749e-07
0.25 -1.7113771785e-05
0.26 -2.1003571067e-05
0.27 -1.7536182169e-05
0.28 -1.452266416e-05
0.29 -7.594881937e-06
0.3 7.151967733e-06
0.31 1.4354120004e-05
0.32 9.04503265e-07
0.33 -2.2215730604e-05
0.34 -3.3621200681e-05
0.35 -2.0638678985e-05
0.36 -2.441798742e-06
0.37 -1.1057617936e-05
0.38 -5.7626076702e-05
0.39 -0.000125138325743
0.4 -0.000144549354318
0.41 -6.9168148992e-05
0.42 2.4707335631e-05
0.43 4.9079610569e-05
0.44 4.2826756797e-05
0.45 5.8465790672e-05
0.46 9.0686268617e-05
0.47 0.000120058212169
0.48 7.2225441483e-05
0.49 -7.7184493617e-05
0.5 -0.000198499687717
0.51 -0.000191936720478
0.52 -0.000119320711532
0.53 -9.1679949842e-05
0.54 -0.000134879709006
0.55 -0.000130585143921
0.56 -3.8027010693e-05
0.57 3.3881218565e-05
0.58 2.0785995678e-05
0.59 -2.3880187442e-05
0.6 1.153335367e-06
0.61 8.482545606e-05
0.62 0.000131380963005
0.63 7.0206352196e-05
0.64 -0.000147023896329
0.65 -0.000309185796098
0.66 -0.000183537647724
0.67 -2.0953929658e-05
0.68 -8.8485727638e-05
0.69 -0.000138524592553
0.7 8.945949031e-06
0.71 9.0217141208e-05
0.72 1.7817215793e-05
0.73 -3.0885773316e-05
0.74 -1.571846459e-05
0.75 -5.9775866397e-05
0.76 -0.00017469434512
0.77 -0.000266207039081
0.78 -0.000376997588096
0.79 -0.000502713743001
0.8 -0.000434611328256
0.81 -0.000192134459491
0.82 -7.2651123384e-05
0.83 -1.7736997031e-05
0.84 0.000233484703482
0.85 0.000389589847912
0.86 0.000172541412186
0.87 -1.3401172486e-05
0.88 -4.5490201562e-05
0.89 -0.000168981800601
0.9 -0.00017493331713
0.91 5.5904796989e-05
0.92 8.6785829264e-05
0.93 -0.000166625347175
0.94 -0.00043980730827
0.95 -0.000479674042377
0.96 -0.000317612166719
0.97 -0.000188256093152
0.98 -0.000107076201024
0.99 2.226678815e-06
1.0 5.5937686279e-05
1.01 9.5344918643e-05
1.02 0.00029310368299
1.03 0.000466608311265
1.04 0.000262542923915
1.05 -0.00020359164031
1.06 -0.00031825391224
1.07 -2.8053944161e-05
1.08 7.721294754e-05
1.09 -0.000268764162537
1.1 -0.000478641870021
1.11 -0.0001889659871
1.12 0.000120672440598
1.13 0.000167023470791
1.14 0.000340833246422
1.15 0.000576638588233
1.16 0.000491476868834
1.17 0.000366767628431
1.18 0.000297844787555
1.19 0.000147679903474
1.2 -7.37476356e-05
1.21 -0.000224467573443
1.22 -8.5069949259e-05
1.23 3.9941646209e-05
1.24 -0.00045547310247
1.25 -0.001023301852075
1.26 -0.000848330507373
1.27 -0.000562959395871
1.28 -0.000966918544229
1.29 -0.001464028222339
1.3 -0.001166668926581
1.31 -0.000284506175694
1.32 0.000478292205711
1.33 0.000731300801441
1.34 0.000684828919465
1.35 0.000437030131158
1.36 0.000164496086272
1.37 0.000218740078287
1.38 0.000208886985872
1.39 -0.000395239677686
1.4 -0.000979697123955
1.41 -0.001027525657041
1.42 -0.000984709124681
1.43 -0.001105911491529
1.44 -0.001146391712612
1.45 -0.000538396392896
1.46 0.000322524874899
1.47 0.000559131358338
1.48 0.000341823033967
1.49 0.000464219110451
1.5 0.00112420033898
1.51 0.001765920449054
1.52 0.002045023478456
1.53 0.001575424816538
1.54 0.000169084254697
1.55 -0.001003728220905
1.56 -0.000769437195486
1.57 -0.000151088378245
1.58 -0.000587283965187
1.59 -0.001446233589833
1.6 -0.001559586003341
1.61 -0.000711383872977
1.62 0.000686706445463
1.63 0.001615525418083
1.64 0.001610049583003
1.65 0.001307559903429
1.66 0.000985654471725
1.67 0.000189262477084
1.68 -0.000895531068819
1.69 -0.001484124134295
1.7 -0.001654165553634
1.71 -0.001681093500498
1.72 -0.001499198919189
1.73 -0.001324717356533
1.74 -0.001207612966173
1.75 -0.000532391229434
1.76 0.000467393782519
1.77 0.000708324891349
1.78 0.0002418719882
1.79 -0.000283093167445
1.8 -0.000364756313121
1.81 -6.7259041262e-05
1.82 0.000328907795881
1.83 0.000481936267707
1.84 0.000434987712654
1.85 0.000459017306303
1.86 0.000536992491055
1.87 0.000752370781199
1.88 0.000666959702005
1.89 -0.00011383848066
1.9 -0.000619259426222
1.91 -0.000143093273709
1.92 0.000131577987434
1.93 -0.00034336302783
1.94 -0.000480930536143
1.95 7.679223944e-06
1.96 0.000754105539411
1.97 0.001745080810729
1.98 0.001853636297176
1.99 0.000480364722645
2.0 -0.000570087558811
2.01 -0.000104653293638
2.02 -1.8968916699e-05
2.03 -0.00118545859952
2.04 -0.001825186294262
2.05 -0.001262168107883
2.06 -0.000419220793432
2.07 0.00026680727835
2.08 0.000643701518018
2.09 5.2633255488e-05
2.1 -0.000586906468036
2.11 -0.000247873309816
2.12 7.9445117985e-05
2.13 -0.000240448153852
2.14 -0.000650264306854
2.15 -0.000417222996369
2.16 0.000236909895347
2.17 0.000330628217579
2.18 -0.000146536250028
2.19 -0.000560923082684
2.2 -0.000403094960042
2.21 -0.000272851364428
2.22 -0.000715229045137
2.23 -0.001004954210375
2.24 -0.000674193963687
2.25 1.44975015e-07
2.26 0.000890960400804
2.27 0.001751392353807
2.28 0.001886946460113
2.29 0.001588341009256
2.3 0.001561412223057
2.31 0.001677119392672
2.32 0.001405676714204
2.33 0.000376099734951
2.34 -0.001238706193967
2.35 -0.002532259299241
2.36 -0.002861731097169
2.37 -0.00256255267367
2.38 -0.001793819996198
2.39 -0.000507980204597
2.4 0.000464257567083
2.41 0.000682021882812
2.42 0.001085862201748
2.43 0.001733045558818
2.44 0.001794264638242
2.45 0.00158309406725
2.46 0.00148046010984
2.47 0.000833860569508
2.48 -0.000583304980343
2.49 -0.001800298317587
2.5 -0.002166269856126
2.51 -0.002007741474125
2.52 -0.001479876147637
2.53 -0.000496820439916
2.54 0.000695001526455
2.55 0.001934111413618
2.56 0.002804425347121
2.57 0.002700532269769
2.58 0.001869787807802
2.59 0.000941324182332
2.6 9.0235140148e-05
2.61 -0.001370923809016
2.62 -0.003226647658018
2.63 -0.004509084493793
2.64 -0.004519580575197
2.65 -0.004002279007516
2.66 -0.003505087608207
2.67 -0.002347883648911
2.68 -0.000748416950564
2.69 0.000829593110187
2.7 0.002978773728635
2.71 0.005003758894267
2.72 0.005219369339634
2.73 0.004017419883345
2.74 0.003232957579223
2.75 0.00299616547164
2.76 0.002358048213144
2.77 0.001445446436314
2.78 -0.000375505589623
2.79 -0.003703506664983
2.8 -0.006176372386984
2.81 -0.006406179323804
2.82 -0.005498650850398
2.83 -0.004008339700909
2.84 -0.001542782493296
2.85 0.001287152747449
2.86 0.003400193944597
2.87 0.004057753347012
2.88 0.003232153256775
2.89 0.001333643686496
2.9 -0.00093782755044
2.91 -0.003013869557779
2.92 -0.004610374830527
2.93 -0.006191111205338
2.94 -0.008210989005656
2.95 -0.009627644595103
2.96 -0.008757694387455
2.97 -0.006272234515753
2.98 -0.003554083222143
2.99 -0.001305030649436
3.0 0.000199611220166
3.01 0.001117126651872
3.02 0.002592328309234
3.03 0.004391498758372
3.04 0.005323427846196
3.05 0.005610072247518
3.06 0.006040495509633
3.07 0.004681140148687
3.08 0.000357059841723
3.09 -0.005579516288237
3.1 -0.009290846368974
3.11 -0.008962108013011
3.12 -0.005635358431869
3.13 -0.001208695323716
3.14 0.001122710469543
3.15 0.000471886388741
3.16 -0.00071975609654
3.17 -0.000472131737792
3.18 0.000222724123395
3.19 -0.000500160538206
3.2 -0.002211345509372
3.21 -0.002916727078639
3.22 -0.003302717563032
3.23 -0.004481873469193
3.24 -0.005632739988715
3.25 -0.005786665927682
3.26 -0.004377404309555
3.27 -0.001081092463167
3.28 0.004035092627152
3.29 0.007575337260978
3.3 0.006833171781537
3.31 0.004073219642591
3.32 0.002690376634105
3.33 0.002972563114401
3.34 0.003063891954681
3.35 0.001923922502583
3.36 -0.000248277326439
3.37 -0.003337275370838
3.38 -0.005288239955244
3.39 -0.005034399335212
3.4 -0.003914734077163
3.41 -0.001641250364016
3.42 0.00202004841362
3.43 0.00537110721942
3.44 0.005890622250213
3.45 0.002825518585393
3.46 -0.002608613492416
3.47 -0.006377322068158
3.48 -0.006897769110369
3.49 -0.006995133748808
3.5 -0.008187802200101
3.51 -0.009208576648815
3.52 -0.008358331946163
3.53 -0.003952149623593
3.54 0.003327086401873
3.55 0.010342927437402
3.56 0.013220212714881
3.57 0.012820054565233
3.58 0.011154994741748
3.59 0.009913502519019
3.6 0.007815202122698
3.61 0.004976645543978
3.62 0.002380349590352
3.63 0.000135022190504
3.64 -0.001943420707133
3.65 -0.004196716422204
3.66 -0.006584725712307
3.67 -0.00582121692206
3.68 -0.003109904663749
3.69 -0.000938345741814
3.7 0.001495573931495
3.71 0.006593135975183
3.72 0.012903123375767
3.73 0.016862615758423
3.74 0.017600832895555
3.75 0.015025548483586
3.76 0.007934539482139
3.77 -0.002203980943748
3.78 -0.010016201902662
3.79 -0.014808056779659
3.8 -0.016887005105621
3.81 -0.01659896144742
3.82 -0.014576484815222
3.83 -0.011166520361622
3.84 -0.005879898426952
3.85 0.003292759304043
3.86 0.017026217282093
3.87 0.031904449225648
3.88 0.040706546465862
3.89 0.040261704544241
3.9 0.031819381372121
3.91 0.015500941174467
3.92 -0.007861089677176
3.93 -0.021721300556005
3.94 -0.028563465898947
3.95 -0.030702086771462
3.96 -0.027731313762652
3.97 -0.020090408310111
3.98 -0.010261938983181
3.99 0.002288387866647
4.0 0.014986563911257
4.01 0.025685675995482
4.02 0.032536351871762
4.03 0.033436581500622
4.04 0.028455360463632
4.05 0.016361813444682
4.06 -0.003051963663054
4.07 -0.020380071362776
4.08 -0.030094357805526
4.09 -0.03191451606477
4.1 -0.031770556845759
4.11 -0.030457430165365
4.12 -0.01781096651533
4.13 -0.001267730154458
4.14 0.017758124580293
4.15 0.038076239571403
4.16 0.04597665610575
4.17 0.047044257473241
4.18 0.039531059463236
4.19 0.025270514717166
4.2 0.003405883718238
4.21 -0.018093445407611
4.22 -0.031139068399943
4.23 -0.040839693199062
4.24 -0.045238726462631
4.25 -0.037840424247075
4.26 -0.025407523097541
4.27 -0.005775634622267
4.28 0.011253886815372
4.29 0.024150809336323
4.3 0.03349545758279
4.31 0.041489433371789
4.32 0.046136941480367
4.33 0.04369134953401
4.34 0.032101490562464
4.35 0.010009967804694
4.36 -0.009494506278755
4.37 -0.015652090679053
4.38 -0.017156061984536
4.39 -0.018863941288637
4.4 -0.013015349781789
4.41 -0.01181671208464
4.42 -0.012860573255857
4.43 -0.013383359498462
4.44 -0.015428706737669
4.45 -0.014474933139263
4.46 -0.005653622262031
4.47 0.006813726640026
4.48 0.018662226193965
4.49 0.032219894200774
4.5 0.042913609664599
4.51 0.049722629883182
4.52 0.052845481806111
4.53 0.04950424981362
4.54 0.04328521203095
4.55 0.039363475994571
4.56 0.026011860220948
4.57 0.007475500578281
4.58 -0.023875617292222
4.59 -0.03683429695156
4.6 -0.058432710338644
4.61 -0.062956948771888
4.62 -0.066438015871922
4.63 -0.060708597392118
4.64 -0.050658355287869
4.65 -0.035614696883597
4.66 -0.015361673640939
4.67 0.002366459315393
4.68 0.016927587140306
4.69 0.024075726823827
4.7 0.024094187002014
4.71 0.025655563908148
4.72 0.030709312890754
4.73 0.037532861334121
4.74 0.040846754787744
4.75 0.047189204707945
4.76 0.054968323708079
4.77 0.052745319028389
4.78 0.047975026470099
4.79 0.040991976505757
4.8 0.034785974619904
4.81 0.037391491760588
4.82 0.045007835400605
4.83 0.050311274491971
4.84 0.052837413064379
4.85 0.055818776377103
4.86 0.061940422944994
4.87 0.075966754503202
4.88 0.097287711021722
4.89 0.114343066245286
4.9 0.123264020502946
4.91 0.114284400243875
4.92 0.048372662054593
4.93 0.030055167080853
4.94 0.023121226722552
4.95 0.01285898001893
4.96 0.005268768116604
4.97 -0.007471584009427
4.98 -0.022348907959177
4.99 -0.037046696221705
5.0 -0.040140202400085
5.01 -0.033053940728278
5.02 -0.01287705215199
5.03 0.014204154633311
5.04 0.036518644402977
5.05 0.044159316632633
5.06 0.028764347297766
5.07 -0.009582506842855
5.08 -0.032070449893923
5.09 -0.050183862778544
5.1 -0.064587036567013
5.11 -0.096695227536452
5.12 -0.133621270276718
5.13 -0.179162559239684
5.14 -0.195985689655002
5.15 -0.191760439135177
5.16 -0.182689699099359
5.17 -0.143285370753412
5.18 -0.073363470390873
5.19 -0.059011094326925
5.2 -0.050260672771144
5.21 -0.022662347774663
5.22 -0.015019052003086
5.23 -0.009401523331151
5.24 -0.011338792930705
5.25 -0.018128469988912
5.26 -0.025543058743216
5.27 -0.035687524894104
5.28 -0.031701927575467
5.29 -0.028061534807746
5.3 -0.028083824340947
5.31 -0.026110225551448
5.32 -0.017619001250013
5.33 0.000226891059555
5.34 0.029148493142718
5.35 0.049207543040054
5.36 0.056791701531417
5.37 0.071613793503874
5.38 0.085087271163632
5.39 0.07712990105881
5.4 0.056883180078902
5.41 0.048602826920785
5.42 0.03561480889955
5.43 0.008963708227271
5.44 -0.017778981167627
5.45 -0.014481354510837
5.46 -0.011738151920094
5.47 -0.004187509734626
5.48 0.014508130523745
5.49 0.039778096396396
5.5 0.048466498317379
5.51 0.050225363587033
5.52 0.041313758420146
5.53 0.019162359394956
5.54 -0.010012331200706
5.55 -0.042865028792025
5.56 -0.078518249981365
5.57 -0.110075042993045
5.58 -0.132502386642342
5.59 -0.144753572056241
5.6 -0.139511500374972
5.61 -0.121125469252076
5.62 -0.106058873817879
5.63 -0.095313838635374
5.64 -0.084830976570223
5.65 -0.064997847720428
5.66 -0.040173894237624
5.67 -0.019179859120507
5.68 -0.034498476026739
5.69 -0.056394950875855
5.7 -0.093814753474826
5.71 -0.119599792637955
5.72 -0.12718687723315
5.73 -0.138914964828041
5.74 -0.1274896216577
5.75 -0.133327373229004
5.76 -0.100228039228848
5.77 -0.069819987206669
5.78 -0.06332369621198
5.79 -0.043619638821242
5.8 -0.025470275125132
5.81 -0.005618529279099
5.82 0.011143323155458
5.83 0.021876356376414
5.84 0.022357225974395
5.85 0.02119439715203
5.86 0.023778747565847
5.87 0.018113757833066
5.88 0.008402523173009
5.89 -0.019901724432901
5.9 -0.109510546919453
5.91 -0.123103452572055
5.92 -0.146262292192686
5.93 -0.127204554887723
5.94 -0.134459753563829
5.95 -0.106992193710022
5.96 -0.079188390159712
5.97 -0.031274900957689
5.98 0.068530715022004
5.99 0.092536478009467
6.0 0.146249242094395
6.01 0.168872384826844
6.02 0.182439309780844
6.03 0.166554444193793
6.04 0.168083480921252
6.05 0.152954580838196
6.06 0.134816971152193
6.07 0.109186889541981
6.08 0.107818165342627
6.09 0.088854295298596
6.1 0.064575425836304
6.11 0.065925742179277
6.12 0.073002238610423
6.13 0.092114849845389
6.14 0.129629291601787
6.15 0.165728780271789
6.16 0.183426760757926
6.17 0.178761102517949
6.18 0.138237987003737
6.19 0.085194815460114
6.2 0.06052799600698
6.21 0.070355825217675
6.22 0.077699994490237
6.23 0.064921586281487
6.24 0.049919456741999
6.25 0.026411047244138
6.26 0.003717345035265
6.27 -0.002949550870945
6.28 -0.009535195103672
6.29 -0.005508663613852
6.3 0.008714487405483
6.31 0.023702585478534
6.32 0.033226991889496
6.33 0.027228896020368
6.34 0.00511661386058
6.35 -0.020543854178742
6.36 -0.013037275651623
6.37 0.00745616741846
6.38 0.020811272917979
6.39 0.010075118337906
6.4 -0.018051274191439
6.41 -0.04336636675134
6.42 -0.059495344192702
6.43 -0.031025528951462
6.44 0.002898403487414
6.45 0.010074617363006
6.46 -0.005541857311394
6.47 0.001637096911293
6.48 -0.003736528903422
6.49 -0.011369729713297
6.5 -0.013127393389674
6.51 -0.01587091032033
6.52 -0.000263019138131
6.53 0.019298450106095
6.54 0.030829691438906
6.55 0.037607329397052
6.56 0.044673523926452
6.57 0.054102230587004
6.58 0.071152488035007
6.59 0.090625353579635
6.6 0.111345075357893
6.61 0.11479265266018
6.62 0.103331122604952
6.63 0.075840430770302
6.64 0.002178502019208
6.65 -0.051782743576935
6.66 -0.079883883351481
6.67 -0.092532908789548
6.68 -0.097854269764051
6.69 -0.086788598786603
6.7 -0.069301184678492
6.71 -0.039547745618332
6.72 -0.007077384920333
6.73 0.069841613076961
6.74 0.085971067268582
6.75 0.126319912425394
6.76 0.130078537661726
6.77 0.147109344706609
6.78 0.144197712647526
6.79 0.134451541182553
6.8 0.10857444245354
6.81 0.090391376803946
6.82 0.059402876694215
6.83 0.057492160765229
6.84 0.041726063377671
6.85 0.018746817760676
6.86 -0.017568097109505
6.87 -0.010281988003524
6.88 0.028445645085746
6.89 0.068635041097262
6.9 0.103824336902806
6.91 0.110956752157432
6.92 0.137363698198406
6.93 0.17326881318061
6.94 0.198011413660065
6.95 0.209117231893878
6.96 0.203478404091334
6.97 0.196254922995782
6.98 0.174506021453892
6.99 0.148374009641665
7.0 0.127020288845598
7.01 0.089913953791483
7.02 0.057518961737737
7.03 0.050216235359021
7.04 0.046213027303832
7.05 0.029811849731514
7.06 -0.002834610537859
7.07 -0.047683457907328
7.08 -0.097372895764211
7.09 -0.144390756431732
7.1 -0.197510558459058
7.11 -0.250343505124126
7.12 -0.294168168659803
7.13 -0.310238185793458
7.14 -0.389081128465982
7.15 -0.433794798254797
7.16 -0.402879408220632
7.17 -0.369810875952978
7.18 -0.357502167425551
7.19 -0.358802729607502
7.2 -0.347059346002976
7.21 -0.3185032986108
7.22 -0.28710804484729
7.23 -0.267282743517494
7.24 -0.246724987581199
7.25 -0.198429424709685
7.26 0.011594274612962
7.27 -0.080628286670351
7.28 -0.044785304404386
7.29 -0.097319705665828
7.3 -0.099392339562817
7.31 -0.129390266736401
7.32 -0.161507706521136
7.33 -0.164029687831189
7.34 -0.154390841275797
7.35 -0.127558570742408
7.36 -0.09132031766162
7.37 -0.053021250087079
7.38 -0.011552666457414
7.39 0.032329441520227
7.4 0.079987810983567
7.41 0.137626090830719
7.42 0.207785565876481
7.43 0.276009172737514
7.44 0.314495164595494
7.45 0.311391457303163
7.46 0.302943961999059
7.47 0.327022000206297
7.48 0.356817335996859
7.49 0.36021081275765
7.5 0.35995652283594
7.51 0.367516559950264
7.52 0.359966690769248
7.53 0.338684330617997
7.54 0.324400912911942
7.55 0.302740734843467
7.56 0.132872656099871
7.57 0.04484585982475
7.58 0.047077610877856
7.59 0.023846734692101
7.6 0.02096271049179
7.61 -0.006969157196074
7.62 -0.031210900581475
7.63 -0.048843764430717
7.64 -0.065116644048963
7.65 -0.077216868117637
7.66 -0.085780217823552
7.67 -0.092105724061861
7.68 -0.098718968414936
7.69 -0.103311660034952
7.7 -0.106722730272888
7.71 -0.113647500520646
7.72 -0.13647530965906
7.73 -0.182741522593738
7.74 -0.231777578671395
7.75 -0.239093355732731
7.76 -0.200519304156881
7.77 -0.177898287174465
7.78 -0.202241894087341
7.79 -0.227792326756341
7.8 -0.239111070695597
7.81 -0.307028544411538
7.82 -0.301206515098508
7.83 -0.346931269859072
7.84 -0.320119440183439
7.85 -0.269596626567213
7.86 -0.161154009141699
7.87 -0.135672690464989
7.88 -0.124865806352609
7.89 -0.113177663218672
7.9 -0.102091520804112
7.91 -0.092234118523435
7.92 -0.077081144279614
7.93 -0.074297196608196
7.94 -0.084410742370318
7.95 -0.099153719500097
7.96 -0.116564946584405
7.97 -0.135238740513024
7.98 -0.154994106861651
7.99 -0.170128003377363
8.0 -0.168625962422646
8.01 -0.143867927026173
8.02 -0.052991178665178
8.03 -0.047649049707528
8.04 -0.050910747002919
8.05 -0.061868522612619
8.06 -0.026741095754681
8.07 0.012645178140735
8.08 0.100534897522123
8.09 0.093287393131107
8.1 0.129911007636951
8.11 0.135087603658596
8.12 0.124175326245339
8.13 0.11903953866469
8.14 0.099033497869713
8.15 0.090899531851669
8.16 0.179606503449652
8.17 0.165658437828495
8.18 0.180467224839172
8.19 0.218591344946919
8.2 0.207366306596418
8.21 0.192623382682085
8.22 0.193983738526061
8.23 0.195524211959486
8.24 0.211249987878056
8.25 0.253994425217404
8.26 0.300405689008618
8.27 0.320848040893429
8.28 0.330815703760519
8.29 0.352400300023914
8.3 0.366769855632502
8.31 0.362034786789955
8.32 0.356435122929062
8.33 0.358922028198067
8.34 0.364435706709847
8.35 0.375914906077024
8.36 0.379683448078295
8.37 0.318769661476587
8.38 0.076698050281575
8.39 0.08994708399473
8.4 0.043237443686757
8.41 -0.005233468004898
8.42 -0.015737987186288
8.43 -0.050107196942337
8.44 -0.075207564596655
8.45 -0.084985827140573
8.46 -0.105806561282615
8.47 -0.126684510264644
8.48 -0.136391145137026
8.49 -0.141494888247931
8.5 -0.142412127794772
8.51 -0.13686480989841
8.52 -0.13659307791311
8.53 -0.157760928217759
8.54 -0.21550485726479
8.55 -0.304537773950984
8.56 -0.37702645327802
8.57 -0.392253979976127
8.58 -0.388766605023837
8.59 -0.418484951950201
8.6 -0.446113680974415
8.61 -0.419979186455587
8.62 -0.392952594886632
8.63 -0.411996607865512
8.64 -0.421809268079588
8.65 -0.412050411742389
8.66 -0.401302415946508
8.67 -0.345062073568967
8.68 -0.204245895262668
8.69 -0.163570261725737
8.7 -0.137482599961966
8.71 -0.099359439666832
8.72 -0.062554043252863
8.73 -0.02908052652021
8.74 0.010365175100813
8.75 0.040632592293156
8.76 0.062840515046346
8.77 0.085834831540797
8.78 0.112652225527123
8.79 0.137375130106477
8.8 0.159130270215253
8.81 0.179100571736996
8.82 0.192479672112253
8.83 0.200488518325794
8.84 0.216885242136913
8.85 0.24229551642298
8.86 0.254426283924181
8.87 0.244207651660259
8.88 0.229103339029592
8.89 0.224592970053789
8.9 0.233081510380181
8.91 0.251092693101334
8.92 0.274381533279471
8.93 0.30478071055427
8.94 0.380676644643361
8.95 0.416237406719804
8.96 0.447583862899813
8.97 0.420140492088866
8.98 0.397246976831193
8.99 0.29404518466059
9.0 0.224379800828246
9.01 0.205049025653493
9.02 0.186538985048771
9.03 0.142398099599228
9.04 0.104975025229073
9.05 0.070361192304343
9.06 0.035627162267651
9.07 0.020403865189382
9.08 0.023455426367441
9.09 0.02703620862702
9.1 0.023572183475173
9.11 0.015899522703078
9.12 0.004314417354802
9.13 -0.018085917834075
9.14 -0.057419186135385
9.15 -0.110657129890049
9.16 -0.171882858544025
9.17 -0.231130546151013
9.18 -0.273271276011163
9.19 -0.293775597495288
9.2 -0.306661130355857
9.21 -0.32606024109707
9.22 -0.347389505369911
9.23 -0.358229622008844
9.24 -0.357759502950927
9.25 -0.348960567722021
9.26 -0.3284268588689
9.27 -0.297618073103669
9.28 -0.25708198085796
9.29 -0.089937784097184
9.3 -0.054360272031012
9.31 -0.052395127064627
9.32 -0.086540808726083
9.33 -0.117186324349458
9.34 -0.157418166244839
9.35 -0.233389171701872
9.36 -0.312648701649593
9.37 -0.347203554637329
9.38 -0.362357022429356
9.39 -0.372652797316155
9.4 -0.354177325306539
9.41 -0.330011347176933
9.42 -0.287082639984286
9.43 -0.247104859394738
9.44 -0.180098835255955
9.45 -0.035314074653049
9.46 0.084835343073955
9.47 0.059747678372869
9.48 0.100906218296813
9.49 0.15606459340113
9.5 0.163452761040517
9.51 0.174337056211494
9.52 0.182638001240436
9.53 0.178040852814963
9.54 0.199894339881417
9.55 0.239551434179113
9.56 0.259812687270898
9.57 0.273498733757732
9.58 0.28761305388771
9.59 0.290909538502388
9.6 0.28977351773603
9.61 0.294524906519872
9.62 0.307900850765117
9.63 0.318989848704838
9.64 0.314686854013711
9.65 0.296479769549182
9.66 0.286449193876577
9.67 0.29957292974652
9.68 0.323980430515327
9.69 0.329928001562432
9.7 0.30971518211979
9.71 0.21266279092418
9.72 0.109813297775459
9.73 0.126182471100493
9.74 0.144902281405001
9.75 0.134446087709348
9.76 0.136454767361123
9.77 0.120564737840244
9.78 0.10035425981013
9.79 0.080510181960022
9.8 0.050969149935988
9.81 0.022148203612345
9.82 0.000445716024648
9.83 -0.019121112941392
9.84 -0.034265311928531
9.85 -0.044500750846834
9.86 -0.058993120903573
9.87 -0.086614199565841
9.88 -0.131576233126221
9.89 -0.185747534716151
9.9 -0.225688836651516
9.91 -0.243542064797502
9.92 -0.260136005687068
9.93 -0.289922460785491
9.94 -0.320320075352481
9.95 -0.340237684605593
9.96 -0.353724784073408
9.97 -0.360948140203686
9.98 -0.355591521600805
9.99 -0.326114395857067
10.0 -0.127154599744746
10.01 -0.044258308969914
10.02 -0.033235894472345
10.03 -0.015427201278409
10.04 -0.009526906912882
10.05 -0.007461372063178
10.06 -0.005303181855317
10.07 -0.008346958605
10.08 -0.020329275454418
10.09 -0.035012610153247
10.1 -0.049469633494406
10.11 -0.057981495048752
10.12 -0.060512423158238
10.13 -0.057613307321078
10.14 -0.045222069040286
10.15 -0.015393228380857
10.16 0.047917034468429
10.17 0.158102403212385
10.18 0.283821178667857
10.19 0.339348337411961
10.2 0.326388984992153
10.21 0.357061190956535
10.22 0.415611591139479
10.23 0.418363585982297
10.24 0.416835211313396
10.25 0.434275152747039
10.26 0.421440130085173
10.27 0.37270186233826
10.28 0.292725842898234
10.29 -0.183704744313809
10.3 -0.033911359728389
10.31 -0.169792201891384
10.32 -0.138983247746681
10.33 -0.140762588800701
10.34 -0.140913471942544
10.35 -0.124800178121173
10.36 -0.098045859087091
10.37 -0.065029250185355
10.38 -0.021182357052577
10.39 0.028172373802528
10.4 0.068558237893848
10.41 0.105256923374235
10.42 0.141964591666615
10.43 0.172189143482856
10.44 0.187007578962118
10.45 0.167645838117631
10.46 0.087548770183339
10.47 -0.137023929364042
10.48 -0.034327754603756
10.49 -0.162500050694118
10.5 -0.184187175674951
10.51 -0.195957657235909
10.52 -0.269007524787924
10.53 -0.254189601797366
10.54 -0.304231981658314
10.55 -0.299407729098835
10.56 -0.31333169170009
10.57 -0.295750704871786
10.58 -0.263667520679505
10.59 -0.061445066874615
10.6 -0.069455602460038
10.61 -0.022429396402822
10.62 -0.012068288711122
10.63 -0.011844781184343
10.64 -0.019541231602875
10.65 -0.015342081183334
10.66 -0.016738147797772
10.67 -0.006269393260604
10.68 -0.016580230134206
10.69 -0.039328563446015
10.7 -0.064468676640906
10.71 -0.071206279250184
10.72 -0.085387698923369
10.73 -0.076734518359406
10.74 -0.062879780663324
10.75 -0.041420042799178
10.76 -0.025069476518287
10.77 -0.049971102143351
10.78 -0.077523961194267
10.79 -0.060040229136582
10.8 -0.07909731033979
10.81 -0.069504791060859
10.82 -0.078745978505498
10.83 -0.088601299659168
10.84 -0.107210295583654
10.85 -0.121911667739358
10.86 -0.103990759445089
10.87 -0.078906917089248
10.88 -0.051710629126179
10.89 -0.022210745301585
10.9 0.017806476591378
10.91 0.056414408513271
10.92 0.058156148236157
10.93 0.045758780192624
10.94 0.041774861294882
10.95 0.020536736376383
10.96 0.011055009660424
10.97 -0.009667579893984
10.98 -0.025069877081475
10.99 -0.033955848340585
11.0 -0.032385277452235
11.01 -0.027465808971226
11.02 -0.024296451889014
11.03 -0.010537066815344
11.04 0.029422250578242
11.05 0.110696824654758
11.06 0.164713914381432
11.07 0.184007150492567
11.08 0.224178372392608
11.09 0.262336334862463
11.1 0.274387740034933
11.11 0.289839311087494
11.12 0.306458056830222
11.13 0.307359629720925
11.14 0.300403967463947
11.15 0.292887160064295
11.16 0.284828476019628
11.17 0.270118916910065
11.18 0.247105765448246
11.19 0.217402644639972
11.2 0.180960877750628
11.21 0.125293656070514
11.22 0.111527384655896
11.23 0.109582826929786
11.24 0.14200720828526
11.25 0.112076457528393
11.26 0.12028139407365
11.27 0.106292685903797
11.28 0.098164410988836
11.29 0.083465165150128
11.3 0.066660135462311
11.31 0.05152531508362
11.32 0.02318210638582
11.33 -0.00494153045619
11.34 -0.033760362627077
11.35 -0.072371656670419
11.36 -0.120771818006372
11.37 -0.176794763507958
11.38 -0.233752017730384
11.39 -0.272810191443964
11.4 -0.267742840597798
11.41 -0.258747679234171
11.42 -0.260999053855968
11.43 -0.241881960639052
11.44 -0.217693479989116
11.45 -0.212256154680236
11.46 -0.220540288213554
11.47 -0.229459582875883
11.48 -0.237044824718479
11.49 -0.234495432919302
11.5 -0.215642507839832
11.51 -0.090274154584516
11.52 -0.081278185151052
11.53 -0.097984073578219
11.54 -0.096080773571526
11.55 -0.09063561456308
11.56 -0.094144637267752
11.57 -0.08023267176506
11.58 -0.069580098261726
11.59 -0.061642738964633
11.6 -0.0501837210592
11.61 -0.038083703202912
11.62 -0.021680890575194
11.63 -0.009900572531552
11.64 -0.00843657290588
11.65 -0.002998577244994
11.66 0.022149229151602
11.67 0.070065501603293
11.68 0.129658662496613
11.69 0.171266706672301
11.7 0.178779539321517
11.71 0.182057311177847
11.72 0.20693117115937
11.73 0.233955431084617
11.74 0.25212166647314
11.75 0.278367242630475
11.76 0.308101658558439
11.77 0.325868251883169
11.78 0.334937202182486
11.79 0.336281721298577
11.8 0.322911052119287
11.81 0.294116070126502
11.82 0.257343285249073
11.83 0.222972811953037
11.84 0.121647323815851
11.85 0.136498811104712
11.86 0.106651319406493
11.87 0.126204553098378
11.88 0.119980033424594
11.89 0.131831491327192
11.9 0.129617904574737
11.91 0.135955353877252
11.92 0.137308573461238
11.93 0.145367521743698
11.94 0.1430987515455
11.95 0.137692819714239
11.96 0.125241932111958
11.97 0.101190393233503
11.98 0.068046530103057
11.99 0.022804331360582
12.0 -0.037865667147978
12.01 -0.096664482722436
12.02 -0.120371103561611
12.03 -0.124302686880381
12.04 -0.152084132197114
12.05 -0.185078034899023
12.06 -0.20245008763694
12.07 -0.225990373229499
12.08 -0.245527857438779
12.09 -0.253456181005976
12.1 -0.261399081248664
12.11 -0.264282819855692
12.12 -0.259667474535172
12.13 -0.24716939354641
12.14 -0.22809436325038
12.15 -0.20608568933992
12.16 -0.185930998562643
12.17 -0.175189777439847
12.18 -0.173874707565575
12.19 -0.175723299301184
12.2 -0.145269250551257
12.21 -0.10100868462606
12.22 -0.120494924066626
12.23 -0.127130248795356
12.24 -0.142450413238865
12.25 -0.158907464886922
12.26 -0.159447145091902
12.27 -0.157796355548302
12.28 -0.153751058916488
12.29 -0.144221259112482
12.3 -0.136281331989324
12.31 -0.120543168708677
12.32 -0.099828876965721
12.33 -0.075948492268139
12.34 -0.049263258790359
12.35 -0.020552854358481
12.36 0.012793021531593
12.37 0.053040546789764
12.38 0.082707229019314
12.39 0.086714322213657
12.4 0.084768345382055
12.41 0.091305558262083
12.42 0.092084302486684
12.43 0.08382874531411
12.44 0.077105463608009
12.45 0.068120176579705
12.46 0.054973018314026
12.47 0.026778056301995
12.48 -0.008463454971402
12.49 -0.023588970401899
12.5 -0.014139380981901
12.51 -0.001947573873054
12.52 0.016957985943161
12.53 0.046703887186319
12.54 0.081827665356101
12.55 0.105722590730737
12.56 0.124211818731715
12.57 0.139391021514436
12.58 0.129991291551348
12.59 0.11533432607269
12.6 0.122140728362991
12.61 0.119378056986113
12.62 0.091506769442583
12.63 0.041247691873977
12.64 -0.008836522245908
12.65 -0.031056631414667
12.66 -0.044761242944588
12.67 -0.036901022897816
12.68 -0.029743059028958
12.69 -0.011430294054486
12.7 0.006288304530022
12.71 0.015100034201936
12.72 0.014904692800704
12.73 0.016050813569085
12.74 -0.002064903022983
12.75 -0.01652728192419
12.76 -0.024770217594374
12.77 -0.037034974821089
12.78 -0.058149456032501
12.79 -0.083576616790155
12.8 -0.107650664773929
12.81 -0.120389643204641
12.82 -0.113425204530599
12.83 -0.102587938691802
12.84 -0.093623626316102
12.85 -0.078802535454455
12.86 -0.061714886152068
12.87 -0.030030709280742
12.88 -0.034857788593405
12.89 -0.016600281791674
12.9 -0.011084087487495
12.91 -0.021452298481487
12.92 -0.046974847740369
12.93 -0.055040192661478
12.94 -0.053734779560551
12.95 -0.046068108036474
12.96 -0.033777412471132
12.97 -0.024405658526485
12.98 -0.015186797992268
12.99 -0.005843550926303
13.0 0.005256123285625
13.01 0.02107581980215
13.02 0.038008079629433
13.03 0.050111211077197
13.04 0.049481033778069
13.05 0.040179702345595
13.06 0.036963813498622
13.07 0.03862253564402
13.08 0.043838268178247
13.09 0.047698322978294
13.1 0.061156777355746
13.11 0.0594209433523
13.12 0.047913403524348
13.13 0.037903326450832
13.14 0.029013842431098
13.15 0.019168387894965
13.16 0.010669671797709
13.17 0.004166260548325
13.18 -0.005117967142279
13.19 -0.021546181780057
13.2 -0.039498221258586
13.21 -0.057207414904832
13.22 -0.065606274210923
13.23 -0.064761089096896
13.24 -0.067111093668656
13.25 -0.069605852003462
13.26 -0.068697689364224
13.27 -0.071139069777694
13.28 -0.076286380710547
13.29 -0.071152866256884
13.3 -0.058596455776045
13.31 -0.047618140753215
13.32 -0.040577258846887
13.33 -0.042448805219221
13.34 -0.045207777738235
13.35 -0.056659361832249
13.36 -0.059561055548054
13.37 -0.050463728592802
13.38 -0.033098834653013
13.39 -0.02370269067864
13.4 -0.012348910812735
13.41 -0.001533118166184
13.42 0.008442470858789
13.43 0.013351720002685
13.44 0.020414360096069
13.45 0.029073487640528
13.46 0.03633176762672
13.47 0.043887793464561
13.48 0.047753966089798
13.49 0.042991139035534
13.5 0.033076544879767
13.51 0.023158636382076
13.52 0.018673541504593
13.53 0.02242424557643
13.54 0.025630825353552
13.55 0.003480938745229
13.56 -0.008126843088969
13.57 -0.011121679068748
13.58 -0.012794079058147
13.59 -0.01447037240539
13.6 -0.018597508186788
13.61 -0.026675910573149
13.62 -0.032549144177945
13.63 -0.035419399804134
13.64 -0.041155685580638
13.65 -0.04749710627515
13.66 -0.056067632803405
13.67 -0.066063774007287
13.68 -0.071049659779233
13.69 -0.072984850653645
13.7 -0.071601884172073
13.71 -0.067860301404941
13.72 -0.064106369709569
13.73 -0.058546558386497
13.74 -0.047339135180609
13.75 -0.037454395660556
13.76 -0.022345314456656
13.77 -0.015294834752716
13.78 -0.011287716703063
13.79 -0.010347608930521
13.8 -0.009409478238127
13.81 -0.010390152614444
13.82 -0.010256387336667
13.83 -0.006468225622089
13.84 0.000545205534061
13.85 0.011481535703138
13.86 0.026231668259437
13.87 0.042984045841975
13.88 0.059568594131493
13.89 0.07534209812675
13.9 0.089163634475771
13.91 0.096668379805141
13.92 0.097733513767402
13.93 0.107444620519243
13.94 0.108457191529431
13.95 0.112641612790581
13.96 0.107059228198509
13.97 0.085176780824363
13.98 0.061451398130286
13.99 0.057998157948893
14.0 0.045530262605624
14.01 0.033518770446471
14.02 0.022488686320197
14.03 0.019138758673238
14.04 0.029528342600789
14.05 0.034129811312093
14.06 0.040280394120703
14.07 0.041800422918173
14.08 0.039373516535525
14.09 0.038128128332523
14.1 0.038045008780973
14.11 0.036553229191478
14.12 0.027662231691835
14.13 0.014063406315076
14.14 0.000745097309876
14.15 -0.00157026002854
14.16 -0.004568282142923
14.17 -0.013707586234763
14.18 -0.00642605229007
14.19 -0.003428494681711
14.2 0.008172059578322
14.21 0.017638779543104
14.22 0.030745206267831
14.23 0.039930293618278
14.24 0.040464640863432
14.25 0.028011862669636
14.26 0.015827663847569
14.27 -0.002809950837239
14.28 -0.026019479473057
14.29 -0.036639987624735
14.3 -0.042081629554951
14.31 -0.042134813325955
14.32 -0.03963918128573
14.33 -0.034752982518686
14.34 -0.026308761512048
14.35 -0.014627585371576
14.36 -0.002163128444738
14.37 0.005646697642059
14.38 0.010300635044747
14.39 0.018659986476608
14.4 0.012979848388628
14.41 -0.001673305916708
14.42 -0.031676252148827
14.43 -0.066300363591929
14.44 -0.095104104833307
14.45 -0.11218444860701
14.46 -0.116818120727695
14.47 -0.125352155724732
14.48 -0.127155610971103
14.49 -0.121661844744081
14.5 -0.114619880439517
14.51 -0.108988679885666
14.52 -0.099830918800792
14.53 -0.091257123345569
14.54 -0.081434108757253
14.55 -0.071982947007719
14.56 -0.068821163827226
14.57 -0.074457119102464
14.58 -0.08689102610875
14.59 -0.101203837627504
14.6 -0.108212351264199
14.61 -0.111353234859658
14.62 -0.118082231353296
14.63 -0.116677769026405
14.64 -0.107387353612865
14.65 -0.104267477631367
14.66 -0.089125452990712
14.67 -0.072949970593492
14.68 -0.051236837837605
14.69 -0.027629210013504
14.7 -0.009569928555064
14.71 -0.00133208575231
14.72 0.002318117202862
14.73 0.008693676315363
14.74 0.013023706264191
14.75 0.019975223275885
14.76 0.029886801995706
14.77 0.041865488326334
14.78 0.051193275570725
14.79 0.057931008207005
14.8 0.065848309561333
14.81 0.074080634144369
14.82 0.08166901258503
14.83 0.089805133245189
14.84 0.096799818722943
14.85 0.101312489831729
14.86 0.102243842281606
14.87 0.100454609192303
14.88 0.094173330680594
14.89 0.08612803716105
14.9 0.067902863558183
14.91 0.068641730261311
14.92 0.070797761681309
14.93 0.079346998297811
14.94 0.079787633142682
14.95 0.069061746474548
14.96 0.063069559399582
14.97 0.070989531168359
14.98 0.065834819046179
14.99 0.060834200443324
15.0 0.052613030225031
15.01 0.045417850503939
15.02 0.037828383339681
15.03 0.029892304008483
15.04 0.022928872386249
15.05 0.012833355282533
15.06 0.004748296819863
15.07 0.003863083523274
15.08 0.004004851397366
15.09 -0.001916965506634
15.1 -0.011586604396798
15.11 -0.025407514570457
15.12 -0.038575028866489
15.13 -0.043926213432803
15.14 -0.048314827717592
15.15 -0.05153671585593
15.16 -0.048894808161482
15.17 -0.044636914304915
15.18 -0.03829698326101
15.19 -0.02525479503142
15.2 0.012801925344114
15.21 0.021500030362859
15.22 0.029120017308475
15.23 0.028259596297053
15.24 0.025135862323143
15.25 0.019310148234867
15.26 0.009821313422636
15.27 -0.001376813116554
15.28 -0.013612558192767
15.29 -0.022768060292366
15.3 -0.029188756132739
15.31 -0.03003679285573
15.32 -0.024120863700701
15.33 -0.015429593085385
15.34 -0.002818472638795
15.35 0.023405729200884
15.36 0.044989235014268
15.37 0.05106047120701
15.38 0.055603272440148
15.39 0.059920199988421
15.4 0.050292458246587
15.41 0.036765900350112
15.42 0.016253900709229
15.43 -0.002227781951385
15.44 -0.023813972581131
15.45 -0.033916267609145
15.46 -0.028495919265452
15.47 -0.020629192122636
15.48 -0.009129698098376
15.49 0.013515933628405
15.5 0.039211137307582
15.51 0.068494949885842
15.52 0.090316203564311
15.53 0.109385421277697
15.54 0.100467592721059
15.55 0.111163164959868
15.56 0.113431487978134
15.57 0.120527211970617
15.58 0.1141632247417
15.59 0.107162787227782
15.6 0.10915638052797
15.61 0.106987605473805
15.62 0.095826481879068
15.63 0.085441635442519
15.64 0.075803207649926
15.65 0.073475998100838
15.66 0.074166733366961
15.67 0.026316781102354
15.68 0.014775049854848
15.69 9.9078590771e-05
15.7 0.001742794736778
15.71 -0.012084381631238
15.72 0.000264699789765
15.73 2.044256776e-06
15.74 -0.005553593134823
15.75 -0.001528058460958
15.76 -0.001207283126141
15.77 0.003998597067202
15.78 0.009482757239902
15.79 0.010095508855512
15.8 0.00739816842271
15.81 -0.00278717511194
15.82 -0.023850959361401
15.83 -0.053833789707488
15.84 -0.082129658303493
15.85 -0.097642230715414
15.86 -0.106865178118945
15.87 -0.132876693644144
15.88 -0.151958109773422
15.89 -0.160766983438508
15.9 -0.16986510084881
15.91 -0.167619041009277
15.92 -0.156456440441749
15.93 -0.12129975054519
15.94 -0.026997604204388
15.95 -0.013356040538134
15.96 0.00719176370775
15.97 0.02200238089433
15.98 0.034095807738241
15.99 0.043791714285757
16.0 0.04361913899219
16.01 0.042341572968745
16.02 0.030051559880503
16.03 0.009792515002907
16.04 -0.010940213255856
16.05 -0.031128317772226
16.06 -0.047564355289221
16.07 -0.059410179571421
16.08 -0.06472328248739
16.09 -0.050881110458723
16.1 0.00549022935302
16.11 -0.001412047962826
16.12 0.018178904038335
16.13 0.058295890467286
16.14 0.073037946726139
16.15 0.092042112174703
16.16 0.090517971709446
16.17 0.098260260901967
16.18 0.088030436231153
16.19 0.066981238077439
16.2 0.026370311139104
16.21 0.015894583839518
16.22 0.007046954711651
16.23 -0.005665880800841
16.24 -0.000242632791239
16.25 0.00197179661749
16.26 0.019987936920927
16.27 0.03974407726124
16.28 0.06851361424856
16.29 0.089451875199469
16.3 0.090027210787608
16.31 0.084307122482566
16.32 0.094129550022463
16.33 0.077836738301539
16.34 0.066205637930598
16.35 0.058243493102756
16.36 0.061200109613948
16.37 0.052682984458778
16.38 0.063846623437709
16.39 0.064522146559789
16.4 0.06114210153892
16.41 0.015359198544376
16.42 0.020334575037342
16.43 0.013646059988385
16.44 0.031215699803368
16.45 0.021258096450164
16.46 0.015477497762085
16.47 0.006366528916614
16.48 0.007213445594095
16.49 -0.003028703570167
16.5 -0.002673037483206
16.51 -0.002112868844808
16.52 0.004247789839374
16.53 0.007258952321803
16.54 0.004024345596326
16.55 -0.004866840336317
16.56 -0.020345667761498
16.57 -0.046507106254044
16.58 -0.063175145513609
16.59 -0.060795108908904
16.6 -0.068777777000152
16.61 -0.078464111066802
16.62 -0.087279907938811
16.63 -0.103099908303883
16.64 -0.110666316302562
16.65 -0.115922790826157
16.66 -0.116350824518535
16.67 -0.107753886646085
16.68 -0.095037238020303
16.69 -0.080748554162018
16.7 -0.050791756255801
16.71 -0.031819119181504
16.72 -0.007271507667125
16.73 -0.004826226257777
16.74 0.004389243454351
16.75 0.005010492938438
16.76 0.011188279821719
16.77 0.011099717856618
16.78 0.006824469610622
16.79 -0.002990193998392
16.8 -0.012266436975688
16.81 -0.021521238560239
16.82 -0.028321209941907
16.83 -0.031236478544916
16.84 -0.030238653796693
16.85 -0.025823370162833
16.86 -0.017848882052416
16.87 -0.009524813670593
16.88 -0.012615550634289
16.89 -0.00534131219551
16.9 0.006579054445786
16.91 0.019089184781924
16.92 0.038336476405299
16.93 0.046733194871631
16.94 0.063917107141091
16.95 0.055656280682492
16.96 0.045224384739716
16.97 0.033018238895114
16.98 0.026824987829755
16.99 0.001370401960746
17.0 -0.012333246399872
17.01 -0.031906375625114
17.02 -0.0407458054657
17.03 -0.041995303728093
17.04 -0.021496206322394
17.05 0.00542482132362
17.06 0.03418562076833
17.07 0.051687149110013
17.08 0.063895075384896
17.09 0.069844326110796
17.1 0.057311597285468
17.11 0.054520941198649
17.12 0.050222755795494
17.13 0.037909098708759
17.14 0.030562557422333
17.15 0.008577046411729
17.16 -0.011098671056462
17.17 -0.039751703973907
17.18 -0.039278033672791
17.19 -0.033884289923337
17.2 -0.025200156336424
17.21 -0.007916748166719
17.22 0.000119333530882
17.23 0.004435338095339
17.24 0.003681918031377
17.25 -0.004748219976219
17.26 -0.019153798607556
17.27 -0.033174527468021
17.28 -0.049090185805159
17.29 -0.067611563907797
17.3 -0.081479947031975
17.31 -0.095796386659724
17.32 -0.109535851929588
17.33 -0.120323121918732
17.34 -0.119931288300372
17.35 -0.118260631480473
17.36 -0.116123690966755
17.37 -0.10815023660604
17.38 -0.099767755500552
17.39 -0.095164077036733
17.4 -0.083893527327906
17.41 -0.068363764138167
17.42 -0.017951637900329
17.43 -0.017743250789456
17.44 -0.011740325988124
17.45 -0.011290984058252
17.46 -0.005261749002126
17.47 0.001830547748277
17.48 0.013178652111144
17.49 0.022923544116668
17.5 0.031776745459661
17.51 0.039857957451742
17.52 0.049710771665521
17.53 0.055120290989141
17.54 0.058234225599559
17.55 0.063665466800714
17.56 0.071891299194059
17.57 0.085197381749201
17.58 0.102901256719886
17.59 0.109530986289364
17.6 0.100203734968979
17.61 0.090935216602413
17.62 0.072895235972184
17.63 0.060798946843209
17.64 0.055478196087923
17.65 0.052158515222675
17.66 0.047686710899299
17.67 0.034578099131137
17.68 0.032102995302292
17.69 0.03616029794873
17.7 0.048109112632703
17.71 0.055742166325642
17.72 0.05674869270669
17.73 0.060409565438413
17.74 0.050902396956165
17.75 0.037169001170973
17.76 0.018687738099843
17.77 -0.007872243028765
17.78 -0.036804537934409
17.79 -0.06206099540585
17.8 -0.080371750273463
17.81 -0.095316963090481
17.82 -0.108759191904141
17.83 -0.115980877454383
17.84 -0.114483224609809
17.85 -0.099380808300498
17.86 -0.07147163309696
17.87 0.014430796927056
17.88 0.039185912223668
17.89 0.064992587411346
17.9 0.07513939111548
17.91 0.084741785471526
17.92 0.088741934980809
17.93 0.086858550596585
17.94 0.078481161588704
17.95 0.064210554429251
17.96 0.039111430988168
17.97 0.015242530859244
17.98 -0.002299162011892
17.99 -0.017372565578381
18.0 -0.028491814747656
18.01 -0.028442698834736
18.02 -0.015176852065106
18.03 0.03377051690949
18.04 0.040459714953322
18.05 0.045918819747364
18.06 0.058607037530085
18.07 0.0701065731585
18.08 0.076224287273605
18.09 0.099154647844776
18.1 0.10615306565985
18.11 0.107124583787224
18.12 0.079980036427459
18.13 0.052499537607112
18.14 0.055080174831236
18.15 0.042573573911118
18.16 0.033430334856454
18.17 0.02223098353093
18.18 0.010546361666528
18.19 0.000345075323449
18.2 -0.004863850104187
18.21 -0.012860348208852
18.22 -0.013737860334813
18.23 -0.013127098870201
18.24 -0.008109471588901
18.25 -0.02071044347492
18.26 -0.018032768678515
18.27 -0.034475935766579
18.28 -0.049761934362362
18.29 -0.055379285914648
18.3 -0.052234896657614
18.31 -0.045570640601013
18.32 -0.046388451052936
18.33 -0.043045276695284
18.34 -0.042856297531735
18.35 -0.044537690555433
18.36 -0.04162159589992
18.37 -0.038662392286879
18.38 -0.026249662192793
18.39 0.000308446681809
18.4 0.007184814903082
18.41 0.008196202070592
18.42 0.001583490618194
18.43 -0.000982351776199
18.44 -0.005156355374203
18.45 -0.015766641514969
18.46 -0.028420543959705
18.47 -0.04175505202749
18.48 -0.05082605319747
18.49 -0.057049177759999
18.5 -0.053891468690038
18.51 -0.049932010568604
18.52 -0.045916264532073
18.53 -0.031603948937974
18.54 -0.009816446193396
18.55 0.008772053239664
18.56 0.019823070443744
18.57 0.029059460037054
18.58 0.031622006761747
18.59 0.032566072943249
18.6 0.030803535483433
18.61 0.011991545596331
18.62 -0.011296731605176
18.63 -0.03299269084702
18.64 -0.043656052984639
18.65 -0.05002030880805
18.66 -0.0523978464694
18.67 -0.054185942376308
18.68 -0.054981893781974
18.69 -0.049974269333133
18.7 -0.036766112950142
18.71 -0.023356767866449
18.72 -0.011481995771135
18.73 -0.00623548301628
18.74 -0.006987355312928
18.75 -0.00813038349884
18.76 -0.012647506911388
18.77 -0.023148855045755
18.78 -0.030951576420688
18.79 -0.037183979010574
18.8 -0.036376067358843
18.81 -0.033141064003633
18.82 -0.023481521990441
18.83 -0.019781980154683
18.84 -0.011391864683865
18.85 0.003998081657004
18.86 0.018984219485977
18.87 0.029544905963844
18.88 0.034407657744854
18.89 0.033891359252729
18.9 0.044600719448089
18.91 0.041508622812247
18.92 0.049410218563035
18.93 0.046730288884022
18.94 0.044196480960273
18.95 0.040993390261598
18.96 0.036882862112771
18.97 0.03340798492843
18.98 0.025889397119853
18.99 -0.00666396480107
19.0 -0.019250527491624
19.01 -0.025615651663919
19.02 -0.029709630940558
19.03 -0.037920261358473
19.04 -0.041902537300095
19.05 -0.043868843330989
19.06 -0.0460454533842
19.07 -0.043849540120997
19.08 -0.043984302435743
19.09 -0.042429527708809
19.1 -0.040223170798053
19.11 -0.04004391846886
19.12 -0.03875900257105
19.13 -0.039999303762754
19.14 -0.050187085227309
19.15 -0.063531795413062
19.16 -0.071401292016348
19.17 -0.063852789802068
19.18 -0.050217374051965
19.19 -0.037086453234188
19.2 -0.02502119843014
19.21 -0.019256158841134
19.22 -0.021733581477469
19.23 -0.016366404184813
19.24 -0.005822988596376
19.25 0.001324162876627
19.26 0.000196396944484
19.27 -0.000415939588022
19.28 0.003535963482321
19.29 0.008146312787474
19.3 0.012423819553882
19.31 0.017369552663884
19.32 0.026224025993731
19.33 0.041300862996962
19.34 0.06028326825447
19.35 0.0807774589509
19.36 0.09816650453456
19.37 0.108357410403993
19.38 0.113296984840644
19.39 0.115854582580313
19.4 0.116584276331225
19.41 0.112005232452986
19.42 0.097486286513716
19.43 0.057848002460136
19.44 0.035264440004017
19.45 0.019232737516642
19.46 0.014427462909983
19.47 0.013222186236867
19.48 0.012848242538377
19.49 0.016175672394906
19.5 0.021205716286202
19.51 0.032486137275388
19.52 0.045674628941807
19.53 0.056978753234071
19.54 0.063892766862669
19.55 0.065822415158076
19.56 0.062780844162341
19.57 0.056670225844778
19.58 0.044204817731483
19.59 0.018777240999689
19.6 0.018051202054313
19.61 0.019274906576374
19.62 0.020826480822479
19.63 0.029563688047122
19.64 0.034266718012925
19.65 0.039991432346955
19.66 0.049556785235409
19.67 0.065663496979557
19.68 0.07112657810924
19.69 0.05737755457424
19.7 0.035904989997662
19.71 -0.010815016132679
19.72 -0.036952602059699
19.73 -0.050615255836224
19.74 -0.057038231140852
19.75 -0.059319430630427
19.76 -0.051123844145554
19.77 -0.037933104822676
19.78 -0.031038019666709
19.79 -0.035026875400519
19.8 -0.02879038994191
19.81 -0.004599429178624
19.82 0.002754107585466
19.83 0.023968493458567
19.84 0.033925309909693
19.85 0.023037578236007
19.86 0.006274919911121
19.87 -0.035373902144023
19.88 -0.046697658722894
19.89 -0.057358032685649
19.9 -0.074466122049353
19.91 -0.082746870060803
19.92 -0.088757256794908
19.93 -0.09864284490121
19.94 -0.100762089404246
19.95 -0.115036031425185
19.96 -0.079173065322639
19.97 -0.040090209484304
19.98 -0.033915448283304
19.99 -0.022381004461199
20.0 -0.014644509195331
20.01 -0.008361909159977
20.02 0.000451577983999
20.03 0.0047887897844
20.04 0.003756797785736
20.05 0.002748967094155
20.06 -0.010303891113667
20.07 -0.016435744920838
20.08 -0.0246916033034
20.09 -0.024748986685918
20.1 -0.021572755443476
20.11 -0.008633372217201
20.12 0.00992635245264
20.13 0.019165473091815
20.14 0.01579208762748
20.15 0.016960175508086
20.16 0.023419567292344
20.17 0.026841233201942
20.18 0.03208840304221
20.19 0.031930226769427
20.2 0.022906526498973
20.21 -0.003837060833462
20.22 -0.016256001888298
20.23 -0.013874278045141
20.24 -0.016414762789022
20.25 -0.017687809499606
20.26 -0.020159995430127
20.27 -0.01917152680628
20.28 -0.01884581256679
20.29 -0.010533238711213
20.3 -0.004284800845116
20.31 0.004711645639107
20.32 0.011581695811704
20.33 0.015096569627495
20.34 0.013328876017836
20.35 0.004515435970607
20.36 -0.01719618135864
20.37 -0.026574039480244
20.38 -0.025900901504642
20.39 -0.02690211289435
20.4 -0.033724236048654
20.41 -0.035976643268033
20.42 -0.034851509901143
20.43 -0.030917456835281
20.44 -0.018826519949901
20.45 -0.008991363882034
20.46 -0.01493019700405
20.47 -0.022444097951896
20.48 -0.026318149013958
20.49 -0.032581802094909
20.5 -0.034988916843851
20.51 -0.033855588309646
20.52 -0.034524323167333
20.53 -0.030705248507724
20.54 -0.027226814499095
20.55 -0.020223203312202
20.56 -0.005454940674719
20.57 0.004763325587486
20.58 0.015205857220936
20.59 0.0226734667054
20.6 0.023926041943983
20.61 0.017802902605914
20.62 0.006561943821429
20.63 -0.002822793023728
20.64 -0.010709717868513
20.65 -0.017528298879346
20.66 -0.018951903741943
20.67 -0.018104206236557
20.68 -0.014687781321107
20.69 -0.00630052445214
20.7 0.004002068967845
20.71 0.016977561727241
20.72 0.027337113030873
20.73 0.030328052243911
20.74 0.032073067237939
20.75 0.030760274468116
20.76 0.026036844868612
20.77 0.018386966055847
20.78 0.005501538822358
20.79 -0.005723515020645
20.8 -0.015033655753625
20.81 -0.017915868297526
20.82 -0.01442688050922
20.83 -0.007466393329412
20.84 0.001429800118022
20.85 0.015907792670549
20.86 0.027628978902238
20.87 0.03790085680212
20.88 0.041957115733071
20.89 0.040218152196681
20.9 0.033825388124906
20.91 0.025119714416846
20.92 0.012403533981799
20.93 -0.007970530346334
20.94 -0.025767751637008
20.95 -0.037806167559364
20.96 -0.042563605853158
20.97 -0.040216405507382
20.98 -0.033838852895893
20.99 -0.0285609413302
21.0 -0.016266210755844
21.01 -0.002945543335272
21.02 0.010721091377579
21.03 0.017728333093991
21.04 0.017098856505216
21.05 0.012040682785354
21.06 0.006427908919188
21.07 -0.005420093159889
21.08 -0.015425506293331
21.09 -0.025339093871018
21.1 -0.029131841925951
21.11 -0.034941436728463
21.12 -0.037632351312442
21.13 -0.0377313543046
21.14 -0.031842326430345
21.15 -0.023540765558861
21.16 -0.007482725701536
21.17 0.007276124772301
21.18 0.014825446371061
21.19 0.016443444636554
21.2 0.011974307741288
21.21 0.006989583086748
21.22 0.003849829020866
21.23 0.001839504507373
21.24 0.001682483932924
21.25 0.002075319102732
21.26 0.003793459633607
21.27 0.00883080711518
21.28 0.018464590510524
21.29 0.031695501109458
21.3 0.044236697756069
21.31 0.054138375193076
21.32 0.053296110521729
21.33 0.059239574541233
21.34 0.066059975106939
21.35 0.067795469091491
21.36 0.058723572862642
21.37 0.054673677721531
21.38 0.048044362807217
21.39 0.03456417375065
21.4 -0.004173136165574
21.41 -0.010601113066343
21.42 -0.024430069514638
21.43 -0.025036846771093
21.44 -0.02448271872987
21.45 -0.022048876258751
21.46 -0.01877476955006
21.47 -0.014914299177992
21.48 -0.008394866261816
21.49 0.005715107429603
21.5 0.022801562274086
21.51 0.035372009875403
21.52 0.043520385264998
21.53 0.049679832897129
21.54 0.046822676304923
21.55 0.035511501582621
21.56 0.021422174143285
21.57 0.01738314371735
21.58 0.003599623680102
21.59 -0.005046159024816
21.6 -0.005753936282701
21.61 -0.006899276683623
21.62 -0.001127651325585
21.63 0.011050797088777
21.64 0.018182270583183
21.65 0.024762722069722
21.66 0.029541555826284
21.67 0.036531053218748
21.68 0.042561048697754
21.69 0.049439408289488
21.7 0.049782976882079
21.71 0.055080357737829
21.72 0.053351429322048
21.73 0.045447740411952
21.74 0.035657859390387
21.75 0.01957636662355
21.76 0.009813258178837
21.77 0.000552099454455
21.78 -0.007738378047813
21.79 -0.01040172580663
21.8 -0.014921382375154
21.81 -0.019356798404659
21.82 -0.02100725418111
21.83 -0.021918956966702
21.84 -0.021432701512908
21.85 -0.018904786917233
21.86 -0.016517786328822
21.87 -0.015076160388542
21.88 -0.016792455741641
21.89 -0.02090274308029
21.9 -0.02695362736252
21.91 -0.034437846851408
21.92 -0.041417930947138
21.93 -0.044783349007187
21.94 -0.046927313903654
21.95 -0.045371095072652
21.96 -0.043095302082791
21.97 -0.036530888130098
21.98 -0.027878257949387
21.99 -0.019251560770479
22.0 -0.004279534749963
22.01 0.004401867153906
22.02 0.006378683569772
22.03 0.008892014808761
22.04 0.010532012925104
22.05 0.010548168474461
22.06 0.011591787108851
22.07 0.011736084062792
22.08 0.01191560150639
22.09 0.009387723865534
22.1 0.002983238087018
22.11 -0.003304087431706
22.12 -0.007902091364781
22.13 -0.012308206862698
22.14 -0.011515279434366
22.15 -0.01169443558711
22.16 -0.012782476327372
22.17 -0.011323491644466
22.18 -0.010708199268798
22.19 -0.009807017721842
22.2 -0.009379014255046
22.21 -0.011379846634825
22.22 -0.012457018972062
22.23 -0.013827959872495
22.24 -0.015776806638177
22.25 -0.020769691651178
22.26 -0.029254020746344
22.27 -0.040831386195108
22.28 -0.052502268275913
22.29 -0.06306928537571
22.3 -0.065690843493472
22.31 -0.065777787876543
22.32 -0.064684483163802
22.33 -0.057217657446765
22.34 -0.054292682419707
22.35 -0.034185698376834
22.36 -0.021333565799608
22.37 -0.00879355911079
22.38 -0.003024304539256
22.39 -0.000325489071764
22.4 -0.000781344714102
22.41 -0.004922747649029
22.42 -0.011460638542399
22.43 -0.021065604406276
22.44 -0.032224068042322
22.45 -0.044563233027416
22.46 -0.053092667374094
22.47 -0.057309094762747
22.48 -0.054634357116675
22.49 -0.044144833063156
22.5 -0.024562483654377
22.51 -0.007419914614738
22.52 0.006166995725737
22.53 0.017711373324511
22.54 0.027382244352534
22.55 0.032557483226625
22.56 0.035693093417195
22.57 0.033104190024525
22.58 0.026415548957845
22.59 0.006695704703567
22.6 -0.013426386513895
22.61 -0.02396896681021
22.62 -0.029896920216782
22.63 -0.032284012574425
22.64 -0.030301404151733
22.65 -0.02266076204089
22.66 -0.012880980137555
22.67 0.003910483703845
22.68 0.021521328914891
22.69 0.033228830680199
22.7 0.043187678386597
22.71 0.045527559598096
22.72 0.047063876239687
22.73 0.043312563957755
22.74 0.033837955177509
22.75 0.023517409156063
22.76 0.016490915364748
22.77 0.000223468289098
22.78 -0.01740672928379
22.79 -0.022962743579793
22.8 -0.023489276136328
22.81 -0.021209398667129
22.82 -0.009623672139089
22.83 0.00023770965657
22.84 0.012959606773665
22.85 0.018382312504949
22.86 0.025841215679044
22.87 0.029318546962753
22.88 0.033187281439569
22.89 0.037060550384744
22.9 0.032740200105849
22.91 0.022963614999707
22.92 0.010153217446156
22.93 -0.003325162385984
22.94 -0.007467400350644
22.95 -0.008764084127326
22.96 -0.012272620558969
22.97 -0.01167076416068
22.98 -0.007888654339188
22.99 0.00521243983405
23.0 0.025219163663016
23.01 0.041999851683714
23.02 0.050278534366847
23.03 0.045738484899561
23.04 0.053097548817742
23.05 0.052668933866222
23.06 0.047058297347851
23.07 0.046448112262185
23.08 0.037741241855282
23.09 0.03116745314345
23.1 0.025162064989538
23.11 0.016920186685678
23.12 0.009218742575543
23.13 0.013323808455749
23.14 0.020096174428541
23.15 0.032143915610664
23.16 0.039016723280672
23.17 0.0445701324213
23.18 0.042891317010112
23.19 0.04054337738635
23.2 0.03727480322002
23.21 0.02995391548212
23.22 0.02070338226645
23.23 0.008978425989444
23.24 -0.005926639382449
23.25 -0.013217186303725
23.26 -0.0159127611101
23.27 -0.019404743880512
23.28 -0.017822358702912
23.29 -0.015291918403004
23.3 -0.012932822935751
23.31 -0.011230178120452
23.32 -0.008231840845167
23.33 -0.005229267950027
23.34 -0.00203836125044
23.35 -0.000412716101416
23.36 -0.001348561189597
23.37 -0.003181292997096
23.38 -0.007970677072103
23.39 -0.012419253448837
23.4 -0.014149076252513
23.41 -0.012761667835423
23.42 -0.012629447059709
23.43 -0.014192003111824
23.44 -0.01265383160409
23.45 -0.011712969899065
23.46 -0.012737875214188
23.47 -0.012047151799137
23.48 -0.011176831628037
23.49 -0.007890541451122
23.5 -0.004021764844805
23.51 0.001109337309859
23.52 0.003423820380468
23.53 0.003314704773642
23.54 0.005777569993363
23.55 0.007736635751504
23.56 0.010267698252922
23.57 0.009915921354253
23.58 0.009775110591104
23.59 0.004440811256747
23.6 0.000928818794062
23.61 -0.001434355721274
23.62 -0.003068045624526
23.63 -0.005602513434688
23.64 -0.008995297405112
23.65 -0.011653534335215
23.66 -0.011624283087872
23.67 -0.009823669013145
23.68 -0.006881229937583
23.69 -0.001241330531872
23.7 0.006731742326905
23.71 0.012516363145655
23.72 0.013690708457266
23.73 0.009977767887489
23.74 0.002612840255766
23.75 -0.005663651653207
23.76 -0.011274080256299
23.77 -0.016524859428845
23.78 -0.022678741522441
23.79 -0.026071323477212
23.8 -0.026561358448074
23.81 -0.022592084682323
23.82 -0.01229456937603
23.83 -0.00073607743118
23.84 0.007420721254206
23.85 0.014207937229099
23.86 0.021361741455854
23.87 0.025010232686728
23.88 0.024256899325026
23.89 0.018097170315493
23.9 0.005986459458929
23.91 -0.008617863431453
23.92 -0.021886187603306
23.93 -0.031042749923512
23.94 -0.038832310911793
23.95 -0.04032910789018
23.96 -0.034268452679972
23.97 -0.024444774541257
23.98 -0.011710551539192
23.99 -0.001367580761755
24.0 0.006625663382539
24.01 0.013528969366992
24.02 0.018600317908101
24.03 0.020153652061725
24.04 0.014426461393051
24.05 0.004824211219581
24.06 -0.006385447400912
24.07 -0.01854786891167
24.08 -0.026293816670746
24.09 -0.031742204984796
24.1 -0.031779331930755
24.11 -0.030481156323657
24.12 -0.027177766101953
24.13 -0.020938897207433
24.14 -0.014090716003099
24.15 -0.002991836052458
24.16 0.001889098082662
24.17 0.003075644652109
24.18 0.002637499061878
24.19 0.003086868698053
24.2 0.003335351236288
24.21 -0.0001710143251
24.22 -0.007540067827727
24.23 -0.015791105221954
24.24 -0.02401134406131
24.25 -0.028877033611551
24.26 -0.029212222886143
24.27 -0.026666128821479
24.28 -0.023228136095633
24.29 -0.016214380070775
24.3 -0.007949481805565
24.31 -0.003137639880046
24.32 -0.003770851462802
24.33 -0.003123862908459
24.34 -0.001843024916207
24.35 -0.000917096311623
24.36 -0.003173699202384
24.37 -0.009076198294716
24.38 -0.015733997626777
24.39 -0.017044850433419
24.4 -0.014906382908969
24.41 -0.011430699162987
24.42 -0.00639593004056
24.43 -0.000509990801734
24.44 0.004546740771561
24.45 0.008728222016091
24.46 0.011590519618472
24.47 0.01087820570233
24.48 0.008734228848117
24.49 0.006716928870969
24.5 0.005638723772927
24.51 0.004711945687035
24.52 0.00278892946877
24.53 0.001563397960839
24.54 0.002007082492324
24.55 0.005217623116403
24.56 0.009006816378468
24.57 0.012663982732947
24.58 0.016858988288039
24.59 0.020063153963011
24.6 0.023262659828093
24.61 0.025313600775362
24.62 0.026619604421374
24.63 0.025577539853591
24.64 0.023683192832515
24.65 0.016520702722337
24.66 0.006643528177212
24.67 -0.001484089371692
24.68 -0.010494012564414
24.69 -0.017805171780587
24.7 -0.021201891148467
24.71 -0.024405835449686
24.72 -0.026086521938262
24.73 -0.025136719470474
24.74 -0.021919346570069
24.75 -0.016906428776107
24.76 -0.009242892911911
24.77 -0.000116169848911
24.78 0.007332561170293
24.79 0.012732330609783
24.8 0.014149532339405
24.81 0.01111385867221
24.82 0.007017414754199
24.83 0.004647512545247
24.84 -0.000833301086082
24.85 -0.00771902463232
24.86 -0.01062893923046
24.87 -0.01001179280956
24.88 -0.005594272383431
24.89 0.000571955820434
24.9 0.007694651811069
24.91 0.014596538968414
24.92 0.02428021624433
24.93 0.035137818220806
24.94 0.04509337704304
 
 
 
 
 
 
 
 
 
 
 
 
 
 
 
 
 
 
 
 
 
 
 
 
 
 
 
 
 
 
 
 
 
 
 
 
 
 
 
 
 
 
 
 
 
 
 
 
 
 
 
 
 
 
 
 
 
 
 
 
 
 
 
 
 
 
 
 
 
 
 
 
 
 
 
 
 
 
 
 
 
 
 
 
 
 
 
 
 
 
 
 
 
 
 
 
 
 
 
 
 
 
 
 
 
 
 
 
 
 
 
 
 
 
 
 
 
 
 
 
 
 
 
 
 
 
 
 
 
 
 
 
 
 
 
 
 
 
 
 
 
 
 
 
 
 
 
 
 
 
 
 
 
 
 
 
 
 
 
 
 
 
 
 
 
 
 
 
 
 
 
 
 
 
 
 
 
 
 
 
 
 
 
 
 
 
 
 
 
 
 
 
 
 
 
 
 
 
 
 
 
 
 
 
 
 
 
 
 
 
 
 
 
 
 
 
 
 
 
 
 
 
 
 
 
 
 
 
 
 
 
 
 
 
 
 
 
 
 
 
 
 
 
 
 
 
 
 
 
 
 
 
 
 
 
 
 
 
 
 
 
 
 
 
 
 
 
 
 
 
 
 
 
 
 
 
 
 
 
 
 
 
 
 
 
 
 
 
 
 
 
 
 
 
 
 
 
 
 
 
 
 
 
 
 
 
 
 
 
 
 
 
 
 
 
 
 
 
 
 
 
 
 
 
 
 
 
 
 
 
 
 
 
 
 
 
 
 
 
 
 
 
 
 
 
 
 
 
 
 
 
 
 
 
 
 
 
 
 
 
 
 
 
 
 
 
 
 
 
 
 
 
 
 
 
 
 
 
 
 
 
 
 
 
 
 
 
 
 
 
 
 
 
 
 
 
 
 
 
 
 
 
 
 
 
 
 
 
 
 
 
 
 
 
 
 
 
 
 
 
 
 
 
 
 
 
 
 
 
 
 
 
 
 
 
 
 
 
 
 
 
 
 
 
 
 
 
 
 
 
 
 
 
 
 
 
 
 
 
 
 
 
 
 
 
 
 
 
 
 
 
 
 
 
 
 
 
 
 
 
 
 
 
 
 
 
 
 
 
 
 
 
 
 
 
 
 
 
 
 
 
 
 
 
 
 
 
 
 
 
 
 
 
 
 
 
 
 
 
 
 
 
 
 
 
 
 
 
 
 
 
 
 
 
 
 
 
 
 
 
 
 
 
 
 
 
 
 
 
 
 
 
 
 
 
 
 
 
 
 
 
 
 
 
 
 
 
 
 
 
 
 
 
 
 
 
 
 
 
 
 
 
 
 
 
 
 
 
 
 
 
 
 
 
 
 
 
 
 
 
 
 
 
 
 
 
 
 
 
 
 
 
 
 
 
 
 
 
 
 
 
 
 
 
 
 
 
 
 
 
 
 
 
 
 
 
 
 
 
 
 
 
 
 
 
 
 
 
 
 
 
 
 
 
 
 
 
 
 
 
 
 
 
 
 
 
 
 
 
 
 
 
 
 
 
 
 
 
 
 
 
 
 
 
 
 
 
 
 
 
 
 
 
 
 
 
 
 
 
 
 
 
 
 
 
 
 
 
 
 
 
 
 
 
 
 
 
 
 
 
 
 
 
 
 
 
 
 
 
 
 
 
 
 
 
 
 
 
 
 
 
 
 
 
 
 
 
 
 
 
 
 
 
 
 
 
 
 
 
 
 
 
 
 
 
 
 
 
 
 
 
 
 
 
 
 
 
 
 
 
 
 
 
 
 
 
 
 
 
 
 
 
 
 
 
 
 
 
 
 
 
 
 
 
 
 
 
 
 
 
 
 
 
 
 
 
 
 
 
 
 
 
 
 
 
 
 
 
 
 
 
 
 
 
 
 
 
 
 
 
 
 
 
 
 
 
 
 
 
 
 
 
 
 
 
 
 
 
 
 
 
 
 
 
 
 
 
 
 
 
 
 
 
 
 
 
 
 
 
 
 
 
 
 
 
 
 
 
 
 
 
 
 
 
 
 
 
 
 
 
 
 
 
 
 
 
 
 
 
 
 
 
 
 
 
 
 
 
 
 
 
 
 
 
 
 
 
 
 
 
 
 
 
 
 
 
 
 
 
 
 
 
 
 
 
 
 
 
 
 
 
 
 
 
 
 
 
 
 
 
 
 
 
 
 
 
 
 
 
 
 
 
 
 
 
 
 
 
 
 
 
 
 
 
 
 
 
 
 
 
 
 
 
 
 
 
 
 
 
 
 
 
 
 
 
 
 
 
 
 
 
 
 
 
 
 
 
 
 
 
 
 
 
 
 
 
 
 
 
 
 
 
 
 
 
 
 
 
 
 
 
 
 
 
 
 
 
 
 
 
 
 
 
 
 
 
 
 
 
 
 
 
 
 
 
 
 
 
 
 
 
 
 
 
 
 
 
 
 
 
 
 
 
 
 
 
 
 
 
 
 
 
 
 
 
 
 
 
 
 
 
 
 
 
 
 
 
 
 
 
 
 
 
 
 
 
 
 
 
 
 
 
 
 
 
 
 
 
 
 
 
 
 
 
 
 
 
 
 
 
 
 
 
 
 
 
 
 
 
 
 
 
 
 
 
 
 
 
 
 
 
 
 
 
 
 
 
 
 
 
 
 
 
 
 
 
 
 
 
 
 
 
 
 
 
 
 
 
 
 
 
 
 
 
 
 
 
 
 
 
 
 
 
 
 
 
 
 
 
 
 
 
 
 
 
 
 
 
 
 
 
 
 
 
 
 
 
 
 
 
 
 
 
 
 
 
 
 
 
 
 
 
 
 
 
 
 
 
 
 
 
 
 
 
 
 
 
 
 
 
 
 
 
 
 
 
 
 
 
 
 
 
 
 
 
 
 
 
 
 
 
 
 
 
 
 
 
 
 
 
 
 
 
 
 
 
 
 
 
 
 
 
 
 
 
 
 
 
 
 
 
 
 
 
 
 
 
 
 
 
 
 
 
 
 
 
 
 
 
 
 
 
 
 
 
 
 
 
 
 
 
 
 
 
 
 
 
 
 
 
 
 
 
 
 
 
 
 
 
 
 
 
 
 
 
 
 
 
 
 
 
 
 
 
 
 
 
 
 
 
 
 
 
 
 
 
 
 
 
 
 
 
 
 
 
 
 
 
 
 
 
 
 
 
 
 
 
 
 
 
 
 
 
 
 
 
 
 
 
 
 
 
 
 
 
 
 
 
 
 
 
 
 
 
 
 
 
 
 
 
 
 
 
 
 
 
 
 
 
 
 
 
 
 
 
 
 
 
 
 
 
 
 
 
 
 
 
 
 
 
 
 
 
 
 
 
 
 
 
 
 
 
 
 
 
 
 
 
 
 
 
 
 
 
 
 
 
 
 
 
 
 
 
 
 
 
 
 
 
 
 
 
 
 
 
 
 
 
 
 
 
 
 
 
 
 
 
 
 
 
 
 
 
 
 
 
 
 
 
 
 
 
 
 
 
 
 
 
 
 
 
 
 
 
 
 
 
 
 
 
 
 
 
 
 
 
 
 
 
 
 
 
 
 
 
 
 
 
 
 
 
 
 
 
 
 
 
 
 
 
 
 
 
 
 
 
 
 
 
 
 
 
 
 
 
 
 
 
 
 
 
 
 
 
 
 
 
 
 
 
 
 
 
 
 
 
 
 
 
 
 
 
 
 
 
 
 
 
 
 
 
 
 
 
 
 
 
 
 
 
 
 
 
 
 
 
 
 
 
 
 
 
 
 
 
 
 
 
 
 
 
 
 
 
 
 
 
 
 
 
 
 
 
 
 
 
 
 
 
 
 
 
 
 
 
 
 
 
 
 
 
 
 
 
 
 
 
 
 
 
 
 
 
 
 
 
 
 
 
 
 
 
 
 
 
 
 
 
 
 
 
 
 
 
 
 
 
 
 
 
 
 
 
 
 
 
 
 
 
 
 
 
 
 
 
 
 
 
 
 
 
 
 
 
 
 
 
 
 
 
 
 
 
 
 
 
 
 
 
 
 
 
 
 
 
 
 
 
 
 
 
 
 
 
 
 
 
 
 
 
 
 
 
 
 
 
 
 
 
 
 
 
 
 
 
 
 
 
 
 
 
 
 
 
 
 
 
 
 
 
 
 
 
 
 
 
 
 
 
 
 
 
 
 
 
 
 
 
 
 
 
 
 
 
 
 
 
 
 
 
 
 
 
 
 
 
 
 
 
 
 
 
 
 
 
 
 
 
 
 
 
 
 
 
 
 
 
 
 
 
 
 
 
 
 
 
 
 
 
 
 
 
 
 
 
 
 
 
 
 
 
 
 
 
 
 
 
 
 
 
 
 
 
 
 
 
 
 
 
 
 
 
 
 
 
 
 
 
 
 
 
 
 
 
 
 
 
 
 
 
 
 
 
 
 
 
 
 
 
 
 
 
 
 
 
 
 
 
 
 
 
 
 
 
 
 
 
 
 
 
 
 
 
 
 
 
 
 
 
 
 
 
 
 
 
 
 
 
 
 
 
 
 
 
 
 
 
 
 
 
 
 
 
 
 
 
 
 
 
 
 
 
 
 
 
 
 
 
 
 
 
 
 
 
 
 
 
 
 
 
 
 
 
 
 
 
 
 
 
 
 
 
 
 
 
 
 
 
 
 
 
 
 
 
 
 
 
 
 
 
 
 
 
 
 
 
 
 
 
 
 
 
 
 
 
 
 
 
 
 
 
 
 
 
 
 
 
 
 
 
 
 
 
 
 
 
 
 
 
 
 
 
 
 
 
 
 
 
 
 
 
 
 
 
 
 
 
 
 
 
 
 
 
 
 
 
 
 
 
 
 
 
 
 
 
 
 
 
 
 
 
 
 
 
 
 
 
 
 
 
 
 
 
 
 
 
 
 
 
 
 
 
 
 
 
 
 
 
 
 
 
 
 
 
 
 
 
 
 
 
 
 
 
 
 
 
 
 
 
 
 
 
 
 
 
 
 
 
 
 
 
 
 
 
 
 
 
 
 
 
 
 
 
 
 
 
 
 
 
 
 
 
 
 
 
 
 
 
 
 
 
 
 
 
 
 
 
 
 
 
 
 
 
 
 
 
 
 
 
 
 
 
 
 
 
 
 
 
 
 
 
 
 
 
 
 
 
 
 
 
 
 
 
 
 
 
 
 
 
 
 
 
 
 
 
 
 
 
 
 
 
 
 
 
 
 
 
 
 
 
 
 
 
 
 
 
 
 
 
 
 
 
 
 
 
 
 
 
 
 
 
 
 
 
 
 
 
 
 
 
 
 
 
 
 
 
 
 
 
 
 
 
 
 
 
 
 
 
 
 
 
 
 
 
 
 
 
 
 
 
 
 
 
 
 
 
 
 
 
 
 
 
 
 
 
 
 
 
 
 
 
 
 
 
 
 
 
 
 
 
 
 
 
 
 
 
 
 
 
 
 
 
 
 
 
 
 
 
 
 
 
 
 
 
 
 
 
 
 
 
 
 
 
 
 
 
 
 
 
 
 
 
 
 
 
 
 
 
 
 
 
 
 
 
 
 
 
 
 
 
 
 
 
 
 
 
 
 
 
 
 
 
 
 
 
 
 
 
 
 
 
 
 
 
 
 
 
 
 
 
 
 
 
 
 
 
 
 
 
 
 
 
 
 
 
 
 
 
 
 
 
 
 
 
 
 
 
 
 
 
 
 
 
 
 
 
 
 
 
 
 
 
 
 
 
 
 
 
 
 
 
 
 
 
 
 
 
 
 
 
 
 
 
 
 
 
 
 
 
 
 
 
 
 
 
 
 
 
 
 
 
 
 
 
 
 
 
 
 
 
 
 
 
 
 
 
 
 
 
 
 
 
 
 
 
 
 
 
 
 
 
 
 
 
 
 
 
 
 
 
 
 
 
 
 
 
 
 
 
 
 
 
 
 
 
 
 
 
 
 
 
 
 
 
 
 
 
 
 
 
 
 
 
 
 
 
 
 
 
 
 
 
 
 
 
 
 
 
 
 
 
 
 
 
 
 
 
 
 
 
 
 
 
 
 
 
 
 
 
 
 
 
 
 
 
 
 
 
 
 
 
 
 
 
 
 
 
 
 
 
 
 
 
 
 
 
 
 
 
 
 
 
 
 
 
 
 
 
 
 
 
 
 
 
 
 
 
 
 
 
 
 
 
 
 
 
 
 
 
 
 
 
 
 
 
 
 
 
 
 
 
 
 
 
 
 
 
 
 
 
 
 
 
 
 
 
 
 
 
 
 
 
 
 
 
 
 
 
 
 
 
 
 
 
 
 
 
 
 
 
 
 
 
 
 
 
 
 
 
 
 
 
 
 
 
 
 
 
 
 
 
 
 
 
 
 
 
 
 
 
 
 
 
 
 
 
 
 
 
 
 
 
 
 
 
 
 
 
 
 
 
 
 
 
 
 
 
 
 
 
 
 
 
 
 
 
 
 
 
 
 
 
 
 
 
 
 
 
 
 
 
 
 
 
 
 
 
 
 
 
 
 
 
 
 
 
 
 
 
 
 
 
 
 
 
 
 
 
 
 
 
 
 
 
 
 
 
 
 
 
 
 
 
 
 
 
 
 
 
 
 
 
 
 
 
 
 
 
 
 
 
 
 
 
 
 
 
 
 
 
 
 
 
 
 
 
 
 
 
 
 
 
 
 
 
 
 
 
 
 
 
 
 
 
 
 
 
 
 
 
 
 
 
 
 
 
 
 
 
 
 
 
 
 
 
 
 
 
 
 
 
 
 
 
 
 
 
 
 
 
 
 
 
 
 
 
 
 
 
 
 
 
 
 
 
 
 
 
 
 
 
 
 
 
 
 
 
 
 
 
 
 
 
 
 
 
 
 
 
 
 
 
 
 
 
 
 
 
 
 
 
 
 
 
 
 
 
 
 
 
 
 
 
 
 
 
 
 
 
 
 
 
 
 
 
 
 
 
 
 
 
 
 
 
 
 
 
 
 
 
 
 
 
 
 
 
 
 
 
 
 
 
 
 
 
 
 
 
 
 
 
 
 
 
 
 
 
 
 
 
 
 
 
 
 
 
 
 
 
 
 
 
 
 
 
 
 
 
 
 
 
 
 
 
 
 
 
 
 
 
 
 
 
 
 
 
 
 
 
 
 
 
 
 
 
 
 
 
 
 
 
 
 
 
 
 
 
 
 
 
 
 
 
 
 
 
 
 
 
 
 
 
 
 
 
 
 
 
 
 
 
 
 
 
 
 
 
 
 
 
 
 
 
 
 
 
 
 
 
 
 
 
 
 
 
 
 
 
 
 
 
 
 
 
 
 
 
 
 
 
 
 
 
 
 
 
 
 
 
 
 
 
 
 
 
 
 
 
 
 
 
 
 
 
 
 
 
 
 
 
 
 
 
 
 
 
 
 
 
 
 
 
 
 
 
 
 
 
 
 
 
 
 
 
 
 
 
 
 
 
 
 
 
 
 
 
 
 
 
 
 
 
 
 
 
 
 
 
 
 
 
 
 
 
 
 
 
 
 
 
 
 
 
 
 
 
 
 
 
 
 
 
 
 
 
 
 
 
 
 
 
 
 
 
 
 
 
 
 
 
 
 
 
 
 
 
 
 
 
 
 
 
 
 
 
 
 
 
 
 
 
 
 
 
 
 
 
 
 
 
 
 
 
 
 
 
 
 
 
 
 
 
 
 
 
 
 
 
 
 
 
 
 
 
 
 
 
 
 
 
 
 
 
 
 
 
 
 
 
 
 
 
 
 
 
 
 
 
 
 
 
 
 
 
 
 
 
 
 
 
 
 
 
 
 
 
 
 
 
 
 
 
 
 
 
 
 
 
 
 
 
 
 
 
 
 
 
 
 
 
 
 
 
 
 
 
 
 
 
 
 
 
 
 
 
 
 
 
 
 
 
 
 
 
 
 
 
 
 
 
 
 
 
 
 
 
 
 
 
 
 
 
 
 
 
 
 
 
 
 
 
 
 
 
 
 
 
 
 
 
 
 
 
 
 
 
 
 
 
 
 
 
 
 
 
 
 
 
 
 
 
 
 
 
 
 
 
 
 
 
 
 
 
 
 
 
 
 
 
 
 
 
 
 
 
 
 
 
 
 
 
 
 
 
 
 
 
 
 
 
 
 
 
 
 
 
 
 
 
 
 
 
 
 
 
 
 
 
 
 
 
 
 
 
 
 
 
 
 
 
 
 
 
 
 
 
 
 
 
 
 
 
 
 
 
 
 
 
 
 
 
 
 
 
 
 
 
 
 
 
 
 
 
 
 
 
 
 
 
 
 
 
 
 
 
 
 
 
 
 
 
 
 
 
 
 
 
 
 
 
 
 
 
 
 
 
 
 
 
 
 
 
 
 
 
 
 
 
 
 
 
 
 
 
 
 
 
 
 
 
 
 
 
 
 
 
 
 
 
 
 
 
 
 
 
 
 
 
 
 
 
 
 
 
 
 
 
 
 
 
 
 
 
 
 
 
 
 
 
 
 
 
 
 
 
 
 
 
 
 
 
 
 
 
 
 
 
 
 
 
 
 
 
 
 
 
 
 
 
 
 
 
 
 
 
 
 
 
 
 
 
 
 
 
 
 
 
 
 
 
 
 
 
 
 
 
 
 
 
 
 
 
 
 
 
 
 
 
 
 
 
 
 
 
 
 
 
 
 
 
 
 
 
 
 
 
 
 
 
 
 
 
 
 
 
 
 
 
 
 
 
 
 
 
 
 
 
 
 
 
 
 
 
 
 
 
 
 
 
 
 
 
 
 
 
 
 
 
 
 
 
 
 
 
 
 
 
 
 
 
 
 
 
 
 
 
 
 
 
 
 
 
 
 
 
 
 
 
 
 
 
 
 
 
 
 
 
 
 
 
 
 
 
 
 
 
 
 
 
 
 
 
 
 
 
 
 
 
 
 
 
 
 
 
 
 
 
 
 
 
 
 
 
 
 
 
 
 
 
 
 
 
 
 
 
 
 
 
 
 
 
 
 
 
 
 
 
 
 
 
 
 
 
 
 
 
 
 
 
 
 
 
 
 
 
 
 
 
 
 
 
 
 
 
 
 
 
 
 
 
 
 
 
 
 
 
 
 
 
 
 
 
 
 
 
 
 
 
 
 
 
 
 
 
 
 
 
 
 
 
 
 
 
 
 
 
 
 
 
 
 
 
 
 
 
 
 
 
 
 
 
 
 
 
 
 
 
 
 
 
 
 
 
 
 
 
 
 
 
 
 
 
 
 
 
 
 
 
 
 
 
 
 
 
 
 
 
 
 
 
 
 
 
 
 
 
 
 
 
 
 
 
 
 
 
 
 
 
 
 
 
 
 
 
 
 
 
 
 
 
 
 
 
 
 
 
 
 
 
 
 
 
 
 
 
 
 
 
 
 
 
 
 
 
 
 
 
 
 
 
 
 
 
 
 
 
 
 
 
 
 
 
 
 
 
 
 
 
 
 
 
 
 
 
 
 
 
 
 
 
 
 
 
 
 
 
 
 
 
 
 
 
 
 
 
 
 
 
 
 
 
 
 
 
 
 
 
 
 
 
 
 
 
 
 
 
 
 
 
 
 
 
 
 
 
 
 
 
 
 
 
 
 
 
 
 
 
 
 
 
 
 
 
 
 
 
 
 
 
 
 
 
 
 
 
 
 
 
 
 
 
 
 
 
 
 
 
 
 
 
 
 
 
 
 
 
 
 
 
 
 
 
 
 
 
 
 
 
 
 
 
 
 
 
 
 
 
 
 
 
 
 
 
 
 
 
 
 
 
 
 
 
 
 
 
 
 
 
 
 
 
 
 
 
 
 
 
 
 
 
 
 
 
 
 
 
 
 
 
 
 
 
 
 
 
 
 
 
 
 
 
 
 
 
 
 
 
 
 
 
 
 
 
 
 
 
 
 
 
 
 
 
 
 
 
 
 
 
 
 
 
 
 
 
 
 
 
 
 
 
 
 
 
 
 
 
 
 
 
 
 
 
 
 
 
 
 
 
 
 
 
 
 
 
 
 
 
 
 
 
 
 
 
 
 
 
 
 
 
 
 
 
 
 
 
 
 
 
 
 
 
 
 
 
 
 
 
 
 
 
 
 
 
 
 
 
 
 
 
 
 
 
 
 
 
 
 
 
 
 
 
 
 
 
 
 
 
 
 
 
 
 
 
 
 
 
 
 
 
 
 
 
 
 
 
 
 
 
 
 
 
 
 
 
 
 
 
 
 
 
 
 
 
 
 
 
 
 
 
 
 
 
 
 
 
 
 
 
 
 
 
 
 
 
 
 
 
 
 
 
 
 
 
 
 
 
 
 
 
 
 
 
 
 
 
 
 
 
 
 
 
 
 
 
 
 
 
 
 
 
 
 
 
 
 
 
 
 
 
 
 
 
 
 
 
 
 
 
 
 
 
 
 
 
 
 
 
 
 
 
 
 
 
 
 
 
 
 
 
 
 
 
 
 
 
 
 
 
 
 
 
 
 
 
 
 
 
 
 
 
 
 
 
 
 
 
 
 
 
 
 
 
 
 
 
 
 
 
 
 
 
 
 
 
 
 
 
 
 
 
 
 
 
 
 
 
 
 
 
 
 
 
 
 
 
 
 
 
 
 
 
 
 
 
 
 
 
 
 
 
 
 
 
 
 
 
 
 
 
 
 
 
 
 
 
 
 
 
 
 
 
 
 
 
 
 
 
 
 
 
 
 
 
 
 
 
 
 
 
 
 
 
 
 
 
 
 
 
 
 
 
 
 
 
 
 
 
 
 
 
 
 
 
 
 
 
 
 
 
 
 
 
 
 
 
 
 
 
 
 
 
 
 
 
 
 
 
 
 
 
 
 
 
 
 
 
 
 
 
 
 
 
 
 
 
 
 
 
 
 
 
 
 
 
 
 
 
 
 
 
 
 
 
 
 
 
 
 
 
 
 
 
 
 
 
 
 
 
 
 
 
 
 
 
 
 
 
 
 
 
 
 
 
 
 
 
 
 
 
 
 
 
 
 
 
 
 
 
 
 
 
 
 
 
 
 
 
 
 
 
 
 
 
 
 
 
 
 
 
 
 
 
 
 
 
 
 
 
 
 
 
 
 
 
 
 
 
 
 
 
 
 
 
 
 
 
 
 
 
 
 
 
 
 
 
 
 
 
 
 
 
 
 
 
 
 
 
 
 
 
 
 
 
 
 
 
 
 
 
 
 
 
 
 
 
 
 
 
 
 
 
 
 
 
 
 
 
 
 
 
 
 
 
 
 
 
 
 
 
 
 
 
 
 
 
 
 
 
 
 
 
 
 
 
 
 
 
 
 
 
 
 
 
 
 
 
 
 
 
 
 
 
 
 
 
 
 
 
 
 
 
 
 
 
 
 
 
 
 
 
 
 
 
 
 
 
 
 
 
 
 
 
 
 
 
 
 
 
 
 
 
 
 
 
 
 
 
 
 
 
 
 
 
 
 
 
 
 
 
 
 
 
 
 
 
 
 
 
 
 
 
 
 
 
 
 
 
 
 
 
 
 
 
 
 
 
 
 
 
 
 
 
 
 
 
 
 
 
 
 
 
 
 
 
 
 
 
 
 
 
 
 
 
 
 
 
 
 
 
 
 
 
 
 
 
 
 
 
 
 
 
 
 
 
 
 
 
 
 
 
 
 
 
 
 
 
 
 
 
 
 
 
 
 
 
 
 
 
 
 
 
 
 
 
 
 
 
 
 
 
 
 
 
 
 
 
 
 
 
 
 
 
 
 
 
 
 
 
 
 
 
 
 
 
 
 
 
 
 
 
 
 
 
 
 
 
 
 
 
 
 
 
 
 
 
 
 
 
 
 
 
 
 
 
 
 
 
 
 
 
 
 
 
 
 
 
 
 
 
 
 
 
 
 
 
 
 
 
 
 
 
 
 
 
 
 
 
 
 
 
 
 
 
 
 
 
 
 
 
 
 
 
 
 
 
 
 
 
 
 
 
 
 
 
 
 
 
 
 
 
 
 
 
 
 
 
 
 
 
 
 
 
 
 
 
 
 
 
 
 
 
 
 
 
 
 
 
 
 
 
 
 
 
 
 
 
 
 
 
 
 
 
 
 
 
 
 
 
 
 
 
 
 
 
 
 
 
 
 
 
 
 
 
 
 
 
 
 
 
 
 
 
 
 
 
 
 
 
 
 
 
 
 
 
 
 
 
 
 
 
 
 
 
 
 
 
 
 
 
 
 
 
 
 
 
 
 
 
 
 
 
 
 
 
 
 
 
 
 
 
 
 
 
 
 
 
 
 
 
 
 
 
 
 
 
 
 
 
 
 
 
 
 
 
 
 
 
 
 
 
 
 
 
 
 
 
 
 
 
 
 
 
 
 
 
 
 
 
 
 
 
 
 
 
 
 
 
 
 
 
 
 
 
 
 
 
 
 
 
 
 
 
 
 
 
 
 
 
 
 
 
 
 
 
 
 
 
 
 
 
 
 
 
 
 
 
 
 
 
 
 
 
 
 
 
 
 
 
 
 
 
 
 
 
 
 
 
 
 
 
 
 
 
 
 
 
 
 
 
 
 
 
 
 
 
 
 
 
 
 
 
 
 
 
 
 
 
 
 
 
 
 
 
 
 
 
 
 
 
 
 
 
 
 
 
 
 
 
 
 
 
 
 
 
 
 
 
 
 
 
 
 
 
 
 
 
 
 
 
 
 
 
 
 
 
 
 
 
 
 
 
 
 
 
 
 
 
 
 
 
 
 
 
 
 
 
 
 
 
 
 
 
 
 
 
 
 
 
 
 
 
 
 
 
 
 
 
 
 
 
 
 
 
 
 
 
 
 
 
 
 
 
 
 
 
 
 
 
 
 
 
 
 
 
 
 
 
