0.0 0.0
0.01 2.33425902e-07
0.02 2.33281891e-07
0.03 2.32941432e-07
0.04 2.33081647e-07
0.05 2.34935375e-07
0.06 2.39644892e-07
0.07 2.43027304e-07
0.08 2.38096218e-07
0.09 2.26459075e-07
0.1 2.16182244e-07
0.11 2.13543106e-07
0.12 2.03901233e-07
0.13 1.60161933e-07
0.14 1.24535413e-07
0.15 1.35153324e-07
0.16 1.51371567e-07
0.17 1.46458799e-07
0.18 7.2861701e-08
0.19 -1.1488633e-08
0.2 2.9329689e-08
0.21 1.20279334e-07
0.22 2.25215599e-07
0.23 3.14948147e-07
0.24 1.81733851e-07
0.25 -1.14795346e-07
0.26 -2.72327801e-07
0.27 -3.61192302e-07
0.28 -4.96906491e-07
0.29 -6.85953066e-07
0.3 -1.229840283e-06
0.31 -2.475127671e-06
0.32 -4.319450042e-06
0.33 -6.570899299e-06
0.34 -8.821725131e-06
0.35 -9.7348379e-06
0.36 -9.155944997e-06
0.37 -7.996081388e-06
0.38 -7.373683715e-06
0.39 -8.718314163e-06
0.4 -1.0211906469e-05
0.41 -7.094200362e-06
0.42 8.2779719e-07
0.43 7.291474201e-06
0.44 5.809613973e-06
0.45 -4.593669543e-06
0.46 -1.9898325233e-05
0.47 -3.011406273e-05
0.48 -2.7370824747e-05
0.49 -1.3639525542e-05
0.5 3.509806595e-06
0.51 1.5186186886e-05
0.52 1.352067381e-05
0.53 -2.305129854e-06
0.54 -3.2211816248e-05
0.55 -6.2532126586e-05
0.56 -6.8335092771e-05
0.57 -5.2555234581e-05
0.58 -4.8150365631e-05
0.59 -7.2227864151e-05
0.6 -0.000109278795271
0.61 -0.000130930215524
0.62 -0.000109941349285
0.63 -4.6284946202e-05
0.64 2.3949187756e-05
0.65 5.2853331249e-05
0.66 3.391195869e-05
0.67 9.096918666e-06
0.68 -5.930339259e-06
0.69 -4.6470734288e-05
0.7 -0.000125816043201
0.71 -0.000189252822802
0.72 -0.000175211324986
0.73 -9.2744114522e-05
0.74 -1.234821879e-05
0.75 1.4252041641e-05
0.76 -1.8934252987e-05
0.77 -6.2237176898e-05
0.78 -9.3138959891e-05
0.79 -0.000141128506276
0.8 -0.000202876487694
0.81 -0.000204408574399
0.82 -0.000105304868341
0.83 1.9946174319e-05
0.84 2.7469499216e-05
0.85 -0.000101465793481
0.86 -0.000239708691717
0.87 -0.000239234839434
0.88 -0.000134194110383
0.89 -2.8046191976e-05
0.9 2.4033325923e-05
0.91 2.9051587891e-05
0.92 5.0205643e-05
0.93 5.85177256e-05
0.94 -7.6749833449e-05
0.95 -0.000296765646437
0.96 -0.0003450550371
0.97 -0.000224974319052
0.98 -0.000247020310744
0.99 -0.000400196882739
1.0 -0.000430330601533
1.01 -0.00038699732811
1.02 -0.000316934887723
1.03 -0.000221732215959
1.04 -9.513751768e-05
1.05 3.6292140181e-05
1.06 8.5112534782e-05
1.07 -1.8715905142e-05
1.08 -0.000170211471597
1.09 -0.000310238539262
1.1 -0.000327444934219
1.11 -0.000123175152964
1.12 0.000173795401749
1.13 0.000324709477995
1.14 0.00031424486842
1.15 0.000127886065537
1.16 -0.000253410132831
1.17 -0.000475534040031
1.18 -0.000346841860911
1.19 -0.00014288165145
1.2 -1.40102357e-07
1.21 0.000174906758125
1.22 0.000268647750541
1.23 0.00024101670191
1.24 0.000152046588501
1.25 -8.1085801274e-05
1.26 -0.000313220219303
1.27 -0.000358967836827
1.28 -0.00028008579056
1.29 -2.2810855297e-05
1.3 0.000346146057412
1.31 0.000423164774577
1.32 0.000264758666187
1.33 0.000336401641458
1.34 0.000569623743935
1.35 0.000544873458427
1.36 0.00034832022888
1.37 0.000352943381703
1.38 0.000588280722357
1.39 0.000598832553277
1.4 0.000216066246963
1.41 -7.5869730408e-05
1.42 6.0237980214e-05
1.43 0.000223871840014
1.44 9.1412868778e-05
1.45 -4.7749048289e-05
1.46 -0.000232289275061
1.47 -0.000594373356814
1.48 -0.000943664242281
1.49 -0.001120265723581
1.5 -0.001214624640791
1.51 -0.001278557692936
1.52 -0.001270869022801
1.53 -0.000870650487054
1.54 0.000107817872749
1.55 0.000462460982006
1.56 -0.000327972873057
1.57 -0.000983631897691
1.58 -0.000796606280541
1.59 -0.000791895884812
1.6 -0.000974639116371
1.61 -0.000788659451467
1.62 -0.000413402236752
1.63 4.0624683343e-05
1.64 0.000160874552695
1.65 -0.000130654259867
1.66 -0.000349300923181
1.67 -0.0002152557316
1.68 5.5351747884e-05
1.69 0.000236621566395
1.7 0.000189368288949
1.71 0.000105598215783
1.72 0.000378161614583
1.73 0.000896917392764
1.74 0.001321131910077
1.75 0.000941153997533
1.76 0.00031323996381
1.77 -0.000249420357005
1.78 -0.000353863319344
1.79 0.000279832152682
1.8 0.000389089200352
1.81 0.00014261628853
1.82 0.000106613749701
1.83 0.000683327072167
1.84 0.001459243076948
1.85 0.001435534001337
1.86 0.00033283107707
1.87 -0.000276900481319
1.88 -0.000644856478548
1.89 -0.001464701659397
1.9 -0.002245311179403
1.91 -0.002238359016426
1.92 -0.001430087481575
1.93 -0.000357044718428
1.94 4.5080316284e-05
1.95 -0.000206351535403
1.96 -0.000373117608684
1.97 -0.000153861126301
1.98 -0.000204399238742
1.99 -0.00080460947967
2.0 -0.000796471179656
2.01 -0.000842434888719
2.02 -0.000643355279983
2.03 -1.4566165469e-05
2.04 0.000873018936127
2.05 0.001313929025774
2.06 0.001636175907341
2.07 0.001699208787004
2.08 0.001271746119128
2.09 0.000853509652596
2.1 0.000689725097362
2.11 0.00044668528372
2.12 0.000205708862951
2.13 0.000417966749271
2.14 0.000924650910098
2.15 0.001152417658403
2.16 0.000959084559843
2.17 0.000675076567097
2.18 0.000755570966161
2.19 0.000899921090136
2.2 0.000344567672967
2.21 -0.000660750377601
2.22 -0.001546159013985
2.23 -0.001832778909434
2.24 -0.001439463626437
2.25 -0.001019127698483
2.26 -0.000851548278134
2.27 -0.000582086619213
2.28 0.000400377651838
2.29 0.001428628904039
2.3 0.000710190628619
2.31 -0.001155648962584
2.32 -0.001768543567311
2.33 -0.001829807152182
2.34 -0.001504595905744
2.35 -0.00127363924373
2.36 -0.000730952211079
2.37 7.2128081919e-05
2.38 0.001084202770122
2.39 0.001647530617708
2.4 0.00068857786405
2.41 -0.00036035693699
2.42 -0.000668070958454
2.43 -0.000704363646649
2.44 -0.000866324787391
2.45 -0.000542995287643
2.46 0.000137603925541
2.47 0.001170050320655
2.48 0.002146933242389
2.49 0.002284216950669
2.5 0.001576821815509
2.51 0.001085125001229
2.52 0.000884389753442
2.53 0.000503906176385
2.54 -9.2776507591e-05
2.55 -0.000786143906943
2.56 -0.001328953916521
2.57 -0.001666487485679
2.58 -0.001596737591416
2.59 -0.001210749560685
2.6 -0.000589705105132
2.61 -8.5626616438e-05
2.62 0.000492846540917
2.63 0.000793675561435
2.64 -0.000225875874698
2.65 -0.001288678045808
2.66 -0.001148507532214
2.67 -0.001023359328114
2.68 -0.001071349140105
2.69 -0.001016679271405
2.7 -0.00047754725432
2.71 0.000182152937356
2.72 0.00056384094887
2.73 0.000948592060131
2.74 0.001500408141963
2.75 0.002375304715216
2.76 0.002854773936739
2.77 0.002680970031928
2.78 0.002132490330578
2.79 0.001516292905979
2.8 0.001291198880623
2.81 0.00016385486511
2.82 -0.001484302516436
2.83 -0.002191506416008
2.84 -0.002026593865401
2.85 -0.002056380582707
2.86 -0.002078169834794
2.87 -0.002224446667969
2.88 -0.00173227378689
2.89 -0.001731976640565
2.9 -0.002325039344346
2.91 -0.002870956212932
2.92 -0.003387085460012
2.93 -0.000681875196406
2.94 0.00260964328463
2.95 0.001243090586944
2.96 0.000432894344218
2.97 0.001882343546788
2.98 0.001890652991142
2.99 0.001264552849356
3.0 0.001719682184122
3.01 0.001483852121037
3.02 -0.00123054732484
3.03 -0.003246801246369
3.04 -0.00105719243198
3.05 -0.000862748415369
3.06 -0.001328074209525
3.07 0.000575530932746
3.08 0.002077088025117
3.09 0.002562317043701
3.1 0.002210576397228
3.11 -0.001644916709423
3.12 -0.006308180455084
3.13 -0.007791787364028
3.14 -0.006209439992853
3.15 -0.005616635479632
3.16 -0.005861221859727
3.17 -0.004394560803422
3.18 -0.002652203749496
3.19 -0.001873585456956
3.2 -0.003278519992003
3.21 -0.004477658043175
3.22 -0.005414300337187
3.23 -0.006674974496006
3.24 -0.005760060080315
3.25 -0.006123706221066
3.26 -0.004654070656656
3.27 -0.000576151627429
3.28 0.004122839728529
3.29 0.002756619134729
3.3 0.000470386261606
3.31 0.001198528295936
3.32 0.001423052350759
3.33 -0.000522826604302
3.34 -0.004247276718288
3.35 -0.007835401247563
3.36 -0.000833238179083
3.37 0.004853207980315
3.38 0.003152386652683
3.39 0.00084653751099
3.4 0.000678166179939
3.41 -0.001190350805732
3.42 -0.003247317241981
3.43 -0.004064654032334
3.44 -0.008394054294494
3.45 -0.007556674296818
3.46 -0.004396170247468
3.47 -0.003446476322013
3.48 -0.003792626206106
3.49 -0.005427252196579
3.5 -0.004491200154077
3.51 -0.002974094505286
3.52 -0.000586111742447
3.53 0.002505828954868
3.54 0.000966303994212
3.55 0.000178596471861
3.56 0.000907957264404
3.57 0.000972919515577
3.58 0.001709340602291
3.59 0.001948324329201
3.6 0.002780428535931
3.61 0.004678912087553
3.62 0.007191651310357
3.63 0.00643888646903
3.64 0.003362191151701
3.65 0.001860765067442
3.66 0.002217816987725
3.67 0.004331878745823
3.68 0.004208800936221
3.69 0.003527821608615
3.7 0.00114904873171
3.71 -0.002922581195473
3.72 -0.005911615937175
3.73 -0.005997682923365
3.74 -0.004869625230494
3.75 -0.005260054569819
3.76 -0.004579092043205
3.77 -0.002303329173613
3.78 0.000870847689784
3.79 0.009175363676902
3.8 0.005605810851382
3.81 0.000204740492926
3.82 0.000219757764219
3.83 0.003225914409536
3.84 0.002527018540364
3.85 0.002680095961151
3.86 0.002801687412288
3.87 0.0037971510706
3.88 0.007232658104373
3.89 0.013825145130785
3.9 0.007803090604845
3.91 0.009680796455057
3.92 0.008156429388397
3.93 0.009220577595662
3.94 0.004391787837059
3.95 0.004498329501098
3.96 0.00581773493169
3.97 0.007862651552087
3.98 0.006586947033291
3.99 0.009077018601855
4.0 0.00653805495283
4.01 0.006785784564614
4.02 0.003286927190859
4.03 0.002570925841418
4.04 -0.002033152250291
4.05 -0.003477061521128
4.06 -0.004655703264215
4.07 -0.00202200078496
4.08 -0.000258071461058
4.09 -0.000396942766482
4.1 -0.000573140644581
4.11 0.007941177310326
4.12 0.015111464865654
4.13 0.004550824093645
4.14 0.003467213730006
4.15 0.001855392798039
4.16 0.000288721512572
4.17 0.001039731517883
4.18 0.003514649057448
4.19 0.003932768725453
4.2 0.003471599351655
4.21 0.006515520946182
4.22 -0.002213740508408
4.23 -0.001616928964429
4.24 0.001292280263891
4.25 0.004783815027419
4.26 0.00806025223619
4.27 0.012563172408165
4.28 0.012356084766713
4.29 0.008578897012468
4.3 0.00313702316598
4.31 -0.000783916468663
4.32 -0.007568177048162
4.33 -0.008067852929918
4.34 -0.004871749841401
4.35 -0.000716696041909
4.36 0.000841327986634
4.37 0.003610204119042
4.38 0.000985663605143
4.39 0.001208922266447
4.4 0.000458170986411
4.41 0.002661859613647
4.42 0.010963651085307
4.43 0.006079192089273
4.44 0.00438507849013
4.45 0.005193820272598
4.46 0.00626311191852
4.47 0.005139764298637
4.48 0.002952454601579
4.49 -0.001183962386744
4.5 -0.012858510873963
4.51 0.000894220852165
4.52 0.003627858892423
4.53 0.000775525381801
4.54 -0.000450318235978
4.55 0.000719562920419
4.56 0.00262234342946
4.57 0.005243973788149
4.58 0.016132968109503
4.59 0.006803255620478
4.6 0.000402138826807
4.61 0.007165527377122
4.62 0.005998112320642
4.63 0.005049601546377
4.64 0.003193800532311
4.65 0.003571663076173
4.66 0.001476304920382
4.67 0.003049615835199
4.68 0.003986641201731
4.69 -0.001462637417304
4.7 -0.00029995029956
4.71 0.000814348699094
4.72 0.000398341164624
4.73 0.00130852269251
4.74 0.001263585813306
4.75 0.00080377571409
4.76 0.009226958621133
4.77 0.016521904761854
4.78 0.004229730726685
4.79 0.006397298638478
4.8 0.005079104276055
4.81 0.00639087451803
4.82 0.004808676818283
4.83 0.004293814299744
4.84 0.003013024332511
4.85 0.004155824917609
4.86 0.013446838902403
4.87 0.013728544501457
4.88 0.009934264985893
4.89 0.013696071357147
4.9 0.006270913355554
4.91 0.001886816194184
4.92 0.003630187880289
4.93 0.003566496469608
4.94 0.000992205080528
4.95 0.000311881641489
4.96 5.8226029848e-05
4.97 0.001081559784619
4.98 0.000799889538006
4.99 -0.00106002813729
5.0 -0.003281519858932
5.01 -0.005845228824276
5.02 -0.009024173362129
5.03 -0.008346042840131
5.04 0.008367545578131
5.05 0.012489601257279
5.06 0.004760381860923
5.07 0.01042922541506
5.08 0.010043070429699
5.09 0.004943456091561
5.1 0.007697172661734
5.11 0.007858074726508
5.12 0.004697060266266
5.13 0.006534099405051
5.14 0.010596551648089
5.15 0.013210944415079
5.16 0.014297745281581
5.17 0.012583491922955
5.18 0.009844311533223
5.19 0.010539531373312
5.2 0.014449306794009
5.21 0.011250138387638
5.22 0.011942397352524
5.23 0.010270480656862
5.24 0.008943335561122
5.25 0.009670295082721
5.26 0.006744287571288
5.27 0.008620902501972
5.28 0.007978385894428
5.29 0.006136845152481
5.3 0.007211302462688
5.31 0.006662442791158
5.32 0.006859605856725
5.33 0.005847439871589
5.34 0.007463443993376
5.35 0.007170358047628
5.36 0.008848279910992
5.37 0.006175563737092
5.38 0.010787860163356
5.39 0.006534796821854
5.4 0.008665787018956
5.41 0.006133230221709
5.42 0.003161954924424
5.43 0.003353176157028
5.44 0.000980397577456
5.45 -0.000580479727283
5.46 -0.000438276920042
5.47 0.001215520882675
5.48 0.001630973846839
5.49 0.00205078328253
5.5 0.001198468104061
5.51 0.000945441325468
5.52 -0.00012343872814
5.53 -0.003635220398216
5.54 -0.005023461863777
5.55 -0.007683571621859
5.56 -0.009400701923021
5.57 -0.008438589805447
5.58 -0.009145329081522
5.59 -0.00955043164513
5.6 -0.009101575303258
5.61 -0.008828019405805
5.62 -0.008552214820467
5.63 -0.009597644211566
5.64 -0.011085122820524
5.65 -0.011401394329765
5.66 -0.012115950771004
5.67 -0.012804160025144
5.68 -0.012722407237001
5.69 -0.013650575502505
5.7 -0.015057350870548
5.71 -0.015339475153485
5.72 -0.015852986104147
5.73 -0.016932652597424
5.74 -0.01546705449678
5.75 -0.007415655868283
5.76 -0.007820456496559
5.77 -0.012536261268456
5.78 -0.011663640029723
5.79 -0.012805133353083
5.8 -0.014309725941771
5.81 -0.012572717423496
5.82 -0.013571687607415
5.83 -0.014949159801455
5.84 -0.010498521643588
5.85 -0.006831412165707
5.86 -0.007828966793582
5.87 -0.010550353427249
5.88 -0.010695024784027
5.89 -0.010802583365086
5.9 -0.011891768753286
5.91 -0.015148429426295
5.92 -0.016145697569196
5.93 -0.018049477205418
5.94 -0.01583481665469
5.95 -0.015720872335974
5.96 -0.015575176858096
5.97 -0.015357609605999
5.98 -0.015911423183426
5.99 -0.014918308940926
6.0 -0.016012096453641
6.01 -0.018137336460276
6.02 -0.016352821699512
6.03 -0.01746124596324
6.04 -0.017162996502939
6.05 -0.014680035968246
6.06 -0.017721671483699
6.07 -0.016512286525961
6.08 -0.013564804875794
6.09 -0.013104360669789
6.1 -0.015187919109969
6.11 -0.014106994008876
6.12 -0.016160570322146
6.13 -0.015134561073241
6.14 -0.015100166949302
6.15 -0.007756104991429
6.16 -0.008386886596671
6.17 -0.012250053269079
6.18 -0.008831176032379
6.19 -0.005947093615471
6.2 -0.009154953227146
6.21 -0.011414769108896
6.22 -0.01061811298448
6.23 -0.010971089344945
6.24 -0.011121415331913
6.25 -0.008307430464624
6.26 -0.006351462730598
6.27 -0.008100083522581
6.28 -0.010837304761665
6.29 -0.01249933429421
6.3 -0.012999981215589
6.31 -0.007356429228027
6.32 -0.009619219704898
6.33 -0.010109393287361
6.34 -0.009504738191505
6.35 -0.008290152744639
6.36 -0.00817533924545
6.37 -0.009677376423182
6.38 -0.009206987374077
6.39 -0.009197780978874
6.4 -0.008954488660687
6.41 -0.009330513791114
6.42 -0.00870125896105
6.43 -0.009476106450327
6.44 -0.00631404373297
6.45 -0.003643335928269
6.46 -0.005525937286985
6.47 -0.005089243802585
6.48 -0.002359426228937
6.49 -0.003131094443873
6.5 -0.000937453735507
6.51 -0.000424793070149
6.52 -0.000833582052198
6.53 -0.00012061128625
6.54 0.001437655945998
6.55 0.002439064712157
6.56 0.0015399381104
6.57 0.002134453198746
6.58 0.002989301885308
6.59 0.003240815659164
6.6 0.005080599465475
6.61 0.007060820910769
6.62 0.007301816354046
6.63 0.006476472663872
6.64 0.007040779232004
6.65 0.006022259742098
6.66 0.004861793912346
6.67 0.005239886931075
6.68 0.005542344192911
6.69 0.005054298394004
6.7 0.007131926137258
6.71 0.00648733608418
6.72 0.007449764093789
6.73 0.006890115592869
6.74 0.007086838784905
6.75 0.006755928545241
6.76 0.006999446375594
6.77 0.006256091514421
6.78 0.007101359805959
6.79 0.007082435196963
6.8 0.006263005189596
6.81 0.006641003289138
6.82 0.007329691340128
6.83 0.009579045411232
6.84 0.009955706349217
6.85 0.009675088563764
6.86 0.008568053416606
6.87 0.008868223827766
6.88 0.011601291145872
6.89 0.012215251286008
6.9 0.013578407676405
6.91 0.010274411838284
6.92 0.011669651433623
6.93 0.015391298593031
6.94 0.014784758746165
6.95 0.014174255907444
6.96 0.013689872500954
6.97 0.014375036740871
6.98 0.016402447457997
6.99 0.016822178037543
7.0 0.014863165029007
7.01 0.015039574730243
7.02 0.014235181185876
7.03 0.019574017241212
7.04 0.017935241731532
7.05 0.019617043916427
7.06 0.020017636356116
7.07 0.020242476744062
7.08 0.016671070737194
7.09 0.0164777213699
7.1 0.014964800522438
7.11 0.012507572011832
7.12 0.010821054918225
7.13 0.012258548799874
7.14 0.009059109765826
7.15 0.009277683196411
7.16 0.010265417592342
7.17 0.007845004849352
7.18 0.006532228580512
7.19 0.006541446748125
7.2 0.005551023170825
7.21 0.005518524432578
7.22 0.004577261523728
7.23 0.002305566205426
7.24 0.001643440543643
7.25 0.000742721528138
7.26 0.000736434489647
7.27 0.00332280780809
7.28 0.002883723819012
7.29 -0.001952229875198
7.3 -0.001930767744491
7.31 -0.001063712973219
7.32 -0.004435643898233
7.33 -0.003048753105704
7.34 -0.00204948758372
7.35 -0.00558229762046
7.36 -0.005911381707713
7.37 0.00019753262212
7.38 0.004565655723291
7.39 0.002340841022274
7.4 -0.000892600801421
7.41 0.00345657992363
7.42 0.01065313020695
7.43 0.003669133297891
7.44 0.011730069827849
7.45 0.002295173080456
7.46 0.007424865970401
7.47 0.00876469814624
7.48 0.013927085533105
7.49 0.011548397076568
7.5 0.013490565621829
7.51 0.015225732971136
7.52 0.016169424582057
7.53 0.016701916087454
7.54 0.016858784132223
7.55 0.01811170798931
7.56 0.0088588926037
7.57 0.007238995215165
7.58 0.014884746007733
7.59 0.015691740917825
7.6 0.012571312863724
7.61 0.01301437959003
7.62 0.011550950056673
7.63 0.01110378347579
7.64 0.012476676933003
7.65 0.012716575707958
7.66 0.010121944255582
7.67 0.004123436011087
7.68 -0.000457240231506
7.69 0.001486028747843
7.7 0.004222825329192
7.71 0.002351550744097
7.72 -0.000680904364357
7.73 -0.003255956201703
7.74 -0.01156960316537
7.75 -0.003575304506095
7.76 -0.00985249448957
7.77 -0.004777320384839
7.78 -0.010076368083248
7.79 -0.010102510891172
7.8 -0.014891371267099
7.81 -0.013690076781303
7.82 -0.021374662074522
7.83 -0.016353915455932
7.84 -0.017901838278733
7.85 -0.018514982231155
7.86 -0.01373844954167
7.87 -0.011270229754208
7.88 -0.010091088082688
7.89 -0.014665538269266
7.9 -0.014416951369024
7.91 -0.017624549271614
7.92 -0.017061752525182
7.93 -0.018488594325194
7.94 -0.021018823990223
7.95 -0.018319706430794
7.96 -0.014881105550382
7.97 -0.010951718947749
7.98 -0.011987607970882
7.99 -0.013034035460274
8.0 -0.009877469077262
8.01 -0.010632242910754
8.02 -0.010931834337752
8.03 -0.00804605108856
8.04 -0.00820450788254
8.05 -0.011435557036805
8.06 -0.012852299925006
8.07 -0.01216120518665
8.08 -0.010952091457875
8.09 -0.009276127850204
8.1 -0.007991970009909
8.11 -0.006958963571135
8.12 -0.005620203090163
8.13 -0.006828426704115
8.14 -0.016851718914834
8.15 -0.014965342045517
8.16 -0.011342137848561
8.17 -0.013865079324579
8.18 -0.008409302456812
8.19 -0.007341114490361
8.2 -0.009167266145899
8.21 -0.008466130343708
8.22 -0.009310900391281
8.23 -0.010976043791492
8.24 -0.011992847549284
8.25 -0.012880777990101
8.26 -0.01227845741992
8.27 -0.008960179755934
8.28 -0.003629512896813
8.29 -0.000992186314109
8.3 -0.001882820951499
8.31 -0.001642108227903
8.32 0.001383452607373
8.33 0.002020849854915
8.34 -0.000199816743859
8.35 0.000490950875481
8.36 0.003525176545273
8.37 0.005768924154413
8.38 0.003647062010354
8.39 0.000567444653982
8.4 -0.000328239523472
8.41 4.6473142823e-05
8.42 0.001323283215185
8.43 0.001831521583293
8.44 0.002305164382733
8.45 0.003360923244994
8.46 0.005415386846485
8.47 0.004745190117669
8.48 0.001319849133999
8.49 0.000250048707023
8.5 -0.001622730095403
8.51 -0.002019186547674
8.52 -0.000795693513738
8.53 -8.3144308693e-05
8.54 -0.008719735895466
8.55 -0.010539759803173
8.56 -0.00949799077753
8.57 -0.014700027426858
8.58 -0.011180650670667
8.59 -0.019667681357653
8.6 -0.010609981924019
8.61 -0.022191325575222
8.62 -0.014774520253032
8.63 -0.012763231939902
8.64 -0.017650335956577
8.65 -0.016175043123865
8.66 -0.0209725609389
8.67 -0.025555648176768
8.68 -0.028802025858343
8.69 -0.022882172456134
8.7 -0.025541751732225
8.71 -0.024268328637084
8.72 -0.019210993060489
8.73 -0.016861159943871
8.74 -0.009871881347558
8.75 -0.010841327432954
8.76 -0.017401623941104
8.77 -0.016188656392568
8.78 -0.013804405183833
8.79 -0.01408730810569
8.8 -0.012992845380523
8.81 -0.011209281952823
8.82 -0.0108407502637
8.83 -0.010159664262234
8.84 -0.006895026751711
8.85 -0.002860783494652
8.86 -0.000823075275795
8.87 0.001627720075761
8.88 0.003289687518685
8.89 0.003349283683206
8.9 0.00478909496796
8.91 0.007131928725914
8.92 0.005342323343217
8.93 0.012389519448291
8.94 0.012823639997853
8.95 0.013813730429697
8.96 0.014699791057637
8.97 0.011631657905065
8.98 0.015882634553575
8.99 0.017930628298496
9.0 0.013029492846155
9.01 0.013495618769824
9.02 0.0126523415824
9.03 0.012070394758741
9.04 0.015282997698483
9.05 0.015007666927322
9.06 0.010021657817116
9.07 0.009465227891829
9.08 0.012099741332321
9.09 0.010984386361243
9.1 0.009243052286397
9.11 0.009424172211556
9.12 0.009338746621347
9.13 0.009749575813272
9.14 0.009587318977177
9.15 0.006952596864358
9.16 0.003436459342029
9.17 0.000223449436284
9.18 -0.003247329339769
9.19 -0.006365146066271
9.2 -0.003428585236308
9.21 -0.008629174689062
9.22 -0.00831139383209
9.23 -0.009035712627825
9.24 -0.011607234829271
9.25 -0.009923159532706
9.26 -0.012849291561035
9.27 -0.012270516745877
9.28 -0.011830841261529
9.29 -0.013582424938341
9.3 -0.004694630591042
9.31 -0.013456994177621
9.32 -0.006694637541983
9.33 -0.006009366220751
9.34 -0.010043557825633
9.35 -0.012337310074009
9.36 -0.014725995547163
9.37 -0.017113352095977
9.38 -0.018459617915884
9.39 -0.016984082388081
9.4 -0.011780182759965
9.41 -0.007728209197183
9.42 -0.009648318371762
9.43 -0.013730718722384
9.44 -0.012491984319488
9.45 -0.007531400108573
9.46 -0.004958498562742
9.47 -0.00621576863145
9.48 -0.006964205978616
9.49 -0.007621910684265
9.5 -0.0096985760034
9.51 -0.009467932410451
9.52 -0.006193972516384
9.53 -0.004827383585738
9.54 -0.00609789705931
9.55 -0.004638517597906
9.56 0.002362147986059
9.57 -0.000791604465695
9.58 -0.002901698623214
9.59 0.004501697766443
9.6 0.004177020179978
9.61 0.001654140457093
9.62 0.009725835034693
9.63 0.003215320574822
9.64 0.010627994022861
9.65 0.006928072856952
9.66 0.001162510140336
9.67 0.003198848456408
9.68 0.004898645914683
9.69 0.004411599276483
9.7 0.006962063586745
9.71 0.00763009400505
9.72 0.00603029888627
9.73 0.006117647005689
9.74 0.007572315276725
9.75 0.008249105815093
9.76 0.009172105165433
9.77 0.008242861500652
9.78 0.004968676308458
9.79 0.004158261228765
9.8 0.005968922626255
9.81 0.005960474509567
9.82 0.003113873531802
9.83 0.000146615484125
9.84 -0.001465161952038
9.85 -0.000918698339811
9.86 -0.001322311231291
9.87 -0.002166693446005
9.88 -0.002934616292805
9.89 -0.00647862669288
9.9 -0.005145149031289
9.91 -0.00547806863701
9.92 -0.00737667659564
9.93 -0.010061357448059
9.94 -0.011605274309681
9.95 -0.009581103840904
9.96 -0.017110367288857
9.97 -0.011721948899295
9.98 -0.017918577522157
9.99 -0.011862623045225
10.0 -0.012968758238601
10.01 -0.00766427271985
10.02 -0.014454996515361
10.03 -0.011178998429561
10.04 -0.012885710476079
10.05 -0.011540483743201
10.06 -0.008094749814028
10.07 -0.009944774008592
10.08 -0.010083611577292
10.09 -0.012365712128855
10.1 -0.00976229139552
10.11 -0.001834712901203
10.12 -0.002943076104552
10.13 -0.010901223881517
10.14 -0.008573417994013
10.15 -0.002921317384602
10.16 -0.004366193402255
10.17 0.005502232476532
10.18 0.011383181694509
10.19 0.004048727460045
10.2 0.012003577638044
10.21 0.007742583647102
10.22 0.011855348812547
10.23 0.012453633695873
10.24 0.016650975506068
10.25 0.011531985394759
10.26 0.014601267940623
10.27 0.012517513171681
10.28 0.018322113832447
10.29 0.018392281354188
10.3 0.011603400705957
10.31 0.011391579087341
10.32 0.017305284455869
10.33 0.015485787393134
10.34 0.02203279326055
10.35 0.018299756042939
10.36 0.019708731555517
10.37 0.0218238268854
10.38 0.022001710446395
10.39 0.012228779622996
10.4 0.008026479255955
10.41 0.020065847219356
10.42 0.012329382591582
10.43 0.010842380524138
10.44 0.017548382320575
10.45 0.010138496573141
10.46 -4.4795114896e-05
10.47 0.005715421645504
10.48 0.007036681121949
10.49 0.002828234569436
10.5 0.001980820633703
10.51 0.007039441830977
10.52 -0.000504297834017
10.53 0.005418791739071
10.54 -0.001223707462434
10.55 0.001738276042124
10.56 0.000400163289673
10.57 0.00156990432418
10.58 -0.00385505164803
10.59 0.003687339145863
10.6 0.006215637906795
10.61 0.00567139520383
10.62 0.006206799542395
10.63 0.003121359724188
10.64 0.001118862929769
10.65 0.001023032203172
10.66 -0.000533438518646
10.67 0.000429962933313
10.68 0.002607836898267
10.69 0.005370923732631
10.7 0.006234961118681
10.71 0.007458020308497
10.72 0.00547496088974
10.73 0.00326410443337
10.74 0.003344537664821
10.75 0.004514232850161
10.76 0.006195082193584
10.77 0.006881665359408
10.78 -7.0669937386e-05
10.79 0.007035705896282
10.8 0.003149051428574
10.81 0.005343572990009
10.82 0.003429609598605
10.83 0.005629451948624
10.84 0.004117798692864
10.85 0.005328849326701
10.86 0.002626832413821
10.87 3.059580307e-05
10.88 -0.001069692756805
10.89 -0.000740679483814
10.9 0.00082811808763
10.91 0.000409855905217
10.92 0.00142197718013
10.93 0.000482695013728
10.94 -0.002304168772978
10.95 -0.00592882241775
10.96 -0.007492629727679
10.97 -0.009597297876486
10.98 -0.007741014911835
10.99 -0.007703973000921
11.0 -0.006246040813892
11.01 -0.003517902971277
11.02 -0.006383732035685
11.03 -0.006408959886114
11.04 -0.006339568313408
11.05 -0.007683857198727
11.06 -0.005571234972091
11.07 -0.005183009109714
11.08 -0.007629628955014
11.09 -0.005928277387922
11.1 -0.003194991845537
11.11 -0.003471661732315
11.12 -0.002966994391591
11.13 -0.001915021697963
11.14 -0.00245132727201
11.15 -0.00296703444153
11.16 -0.00050350983786
11.17 0.002727128302419
11.18 0.002335723810062
11.19 0.000297695505048
11.2 0.000480850569772
11.21 0.002488187722355
11.22 0.003120885143844
11.23 0.003382848871742
11.24 0.003528100981952
11.25 0.00640868465075
11.26 0.008252551235082
11.27 0.008050796969195
11.28 0.008387276547666
11.29 0.010490998980556
11.3 0.010861617019633
11.31 0.009029904291683
11.32 0.00714332293782
11.33 0.005921795503567
11.34 0.00516782380073
11.35 0.004749875404641
11.36 0.003714790404842
11.37 -0.000980889857419
11.38 0.001154796549172
11.39 -0.002209667492987
11.4 -0.000348553154674
11.41 0.00102224164365
11.42 -4.6723131485e-05
11.43 0.002679951645579
11.44 0.003823632257119
11.45 0.007266594716505
11.46 0.005496784785586
11.47 0.00158225543753
11.48 -0.000592465378916
11.49 -0.000499091528733
11.5 -0.001914010399549
11.51 -0.002532688251991
11.52 0.000755732687425
11.53 0.001963890217852
11.54 0.001137141592874
11.55 0.002190169562595
11.56 0.004079638082016
11.57 0.003546947409729
11.58 0.001187059375703
11.59 -0.000109976799382
11.6 0.000342105020563
11.61 0.001977976103927
11.62 0.003612585917303
11.63 0.005721707924265
11.64 0.006921196790601
11.65 0.006094055793469
11.66 0.004949047757533
11.67 0.005453241979029
11.68 0.012759822608377
11.69 0.008352671920755
11.7 0.013304887926331
11.71 0.009699752510466
11.72 0.013282366607676
11.73 0.010554395576038
11.74 0.01438741868562
11.75 0.013381377319881
11.76 0.015007845692817
11.77 0.017356722165335
11.78 0.016729228023223
11.79 0.019819981156837
11.8 0.019347580459754
11.81 0.020397770558084
11.82 0.018386425456837
11.83 0.020741837502885
11.84 0.020260756371909
11.85 0.021595260587937
11.86 0.020737157885657
11.87 0.022789187655215
11.88 0.024369921642521
11.89 0.022786001520314
11.9 0.022998667341402
11.91 0.025596556832458
11.92 0.024198437660819
11.93 0.021821009206991
11.94 0.0198947556717
11.95 0.017745526075824
11.96 0.018772825146434
11.97 0.020600052575954
11.98 0.01991286864876
11.99 0.018977714468349
12.0 0.017752107417365
12.01 0.014951952416929
12.02 0.014397957300563
12.03 0.016594914681924
12.04 0.01560729429611
12.05 0.010348477065927
12.06 0.01523970540709
12.07 0.012555500448775
12.08 0.014589027900859
12.09 0.008849601428433
12.1 0.010250780810254
12.11 0.008191709527077
12.12 0.010726933283095
12.13 0.010559035716913
12.14 0.011969272800103
12.15 0.016165044035115
12.16 0.013553168371054
12.17 0.012060825848168
12.18 0.010901249737147
12.19 0.007959584161092
12.2 0.006822477189239
12.21 0.008356924300879
12.22 0.009307788674976
12.23 0.00850401160845
12.24 0.008260090775405
12.25 0.009163641753038
12.26 0.010217469891788
12.27 0.009609006514133
12.28 0.0076555318497
12.29 0.006386576246916
12.3 0.006682411762596
12.31 0.007889321031808
12.32 0.007999367105844
12.33 0.006653623345096
12.34 0.005698824309142
12.35 0.00626491348431
12.36 0.008036104314462
12.37 0.006333555941938
12.38 0.008716916352155
12.39 0.009608735729874
12.4 0.008603865724781
12.41 0.011489837436741
12.42 0.009243278098112
12.43 0.009796794077436
12.44 0.00710073539573
12.45 0.00647888766036
12.46 0.005648682204184
12.47 0.006969932327936
12.48 0.007646554600943
12.49 0.007520474250701
12.5 0.008472865309457
12.51 0.009444580024514
12.52 0.009086019680805
12.53 0.012360608850831
12.54 0.008294428086393
12.55 0.007015916178205
12.56 0.003781577460639
12.57 0.000727602749675
12.58 0.000823857453883
12.59 0.002375843104474
12.6 0.0036547177077
12.61 0.003978653564773
12.62 0.00423167452542
12.63 0.004689166459352
12.64 0.005061795306789
12.65 0.004085277974878
12.66 0.001379336749675
12.67 -0.000501185937533
12.68 -0.001419565627159
12.69 -0.001995116875781
12.7 -0.000482701373301
12.71 0.001362151487834
12.72 0.001564259764901
12.73 0.000959274206141
12.74 0.000206078307647
12.75 -0.001108658398348
12.76 -0.002170740767688
12.77 -0.001391955011416
12.78 -0.003446068419629
12.79 -0.003643958762816
12.8 -0.004912373730679
12.81 -0.004936266174334
12.82 -0.003917459248228
12.83 -0.004081156515555
12.84 -0.004408216019096
12.85 -0.003606144658443
12.86 -0.00516833933624
12.87 -0.004786766291283
12.88 -0.00569469829566
12.89 -0.006519480559623
12.9 -0.007337024373334
12.91 -0.005994434387898
12.92 -0.006864275556416
12.93 -0.007037351016983
12.94 -0.006861266607546
12.95 -0.006888216701566
12.96 -0.003891140677238
12.97 0.00104203012032
12.98 0.000772709752203
12.99 -0.000336344882012
13.0 -0.001152136049973
13.01 -0.000428106158054
13.02 -0.000106411475312
13.03 -0.000804603758439
13.04 -0.000954220429588
13.05 -0.000971514920789
13.06 -0.000915042634459
13.07 -0.00098039499006
13.08 5.9040485946e-05
13.09 0.000921472791341
13.1 -0.000407847577011
13.11 0.002831354381251
13.12 0.003539248924742
13.13 0.003429935413081
13.14 0.001755535294843
13.15 -0.001161565411257
13.16 -0.002352522219886
13.17 -0.004287245172218
13.18 -0.003419735392688
13.19 -0.003222176454853
13.2 -0.002613145929178
13.21 -0.002845278276541
13.22 -0.003511238730182
13.23 -0.003418316716686
13.24 -0.004601773679412
13.25 -0.005651045146661
13.26 -0.006029943691805
13.27 -0.006170789565994
13.28 -0.006701744763923
13.29 -0.007909196988779
13.3 -0.007852884988346
13.31 -0.0069775404218
13.32 -0.007048225667665
13.33 -0.005524191838071
13.34 -0.007715139153961
13.35 -0.006122608610161
13.36 -0.007648885340777
13.37 -0.008238331298182
13.38 -0.007319372409805
13.39 -0.008357895416303
13.4 -0.007476227765988
13.41 -0.00741096098004
13.42 -0.005815978621391
13.43 -0.005470870921164
13.44 -0.006075440012068
13.45 -0.006215408081788
13.46 -0.005517010650017
13.47 -0.005747802541782
13.48 -0.005601942510921
13.49 -0.006086151171408
13.5 -0.00625083798016
13.51 -0.005992166444144
13.52 -0.00670707368924
13.53 -0.007075845781961
13.54 -0.00676622076365
13.55 -0.006573313340877
13.56 -0.007201363069732
13.57 -0.007527516056484
13.58 -0.007381836068947
13.59 -0.005822408181295
13.6 -0.005699594789401
13.61 -0.005502808449108
13.62 -0.006587254213336
13.63 -0.007646870695963
13.64 -0.007611398793638
13.65 -0.008449122360564
13.66 -0.009275721904119
13.67 -0.010267445111915
13.68 -0.009677490410769
13.69 -0.009599242849031
13.7 -0.009252191793965
13.71 -0.008372055234251
13.72 -0.009138548580111
13.73 -0.010083654565473
13.74 -0.010570729470513
13.75 -0.01044276775334
13.76 -0.010001743667994
13.77 -0.011160153756651
13.78 -0.010874945330419
13.79 -0.011729305433064
13.8 -0.011412829752567
13.81 -0.011334895941874
13.82 -0.010457403054857
13.83 -0.01158528165509
13.84 -0.01173731222931
13.85 -0.010381009184543
13.86 -0.008638331898821
13.87 -0.008866516998116
13.88 -0.009521521817274
13.89 -0.00923554871058
13.9 -0.009775378334574
13.91 -0.009905129922723
13.92 -0.00824710096945
13.93 -0.007418829736758
13.94 -0.008519519074976
13.95 -0.007433680993496
13.96 -0.006597536176064
13.97 -0.006708283908511
13.98 -0.007407502373368
13.99 -0.007513302620914
14.0 -0.00697433262156
14.01 -0.006351021474265
14.02 -0.006691643822018
14.03 -0.006558231483353
14.04 -0.006062126013081
14.05 -0.006146222532797
14.06 -0.005159147749867
14.07 -0.003991414802262
14.08 -0.00495086540917
14.09 -0.006769112499675
14.1 -0.006667370168941
14.11 -0.00542174043921
14.12 -0.005682097302334
14.13 -0.006560806160105
14.14 -0.006636051015686
14.15 -0.006766766461745
14.16 -0.007267570992691
14.17 -0.006919287201772
14.18 -0.006511745899674
14.19 -0.006733760881051
14.2 -0.006866944574837
14.21 -0.006716903101773
14.22 -0.006153854447998
14.23 -0.006016637027547
14.24 -0.006322226252315
14.25 -0.00639210948039
14.26 -0.005950778374557
14.27 -0.006356510558078
14.28 -0.006282881865524
14.29 -0.006886556778522
14.3 -0.00607072892597
14.31 -0.003941231005658
14.32 0.000179474268952
14.33 0.002045538452196
14.34 -0.000378044585837
14.35 -0.001840042304252
14.36 -0.00093401913735
14.37 -0.000642554257525
14.38 -0.001479254412076
14.39 -0.00168528952576
14.4 -0.001031854320784
14.41 0.000784903225924
14.42 0.00192152004602
14.43 -0.000578435130381
14.44 -0.003732915434713
14.45 -0.005101727506982
14.46 -0.003306796448543
14.47 -0.00348315062597
14.48 -0.003269700771945
14.49 -0.002919927642109
14.5 -0.002505175000109
14.51 -0.002092346406379
14.52 -0.002728898693738
14.53 -0.004771845086547
14.54 -0.004938956525659
14.55 -0.004887140169865
14.56 -0.005939663889287
14.57 -0.005939287743533
14.58 -0.005780976372062
14.59 -0.007288111335594
14.6 -0.008051908958979
14.61 -0.007488292194684
14.62 -0.007565064509989
14.63 -0.007071914783016
14.64 -0.007467768630931
14.65 -0.007722582093671
14.66 -0.012261878416053
14.67 -0.014584136222787
14.68 -0.012486005135797
14.69 -0.012356498823719
14.7 -0.012749962119313
14.71 -0.012551412316304
14.72 -0.012069415463709
14.73 -0.013094562235664
14.74 -0.012858125869649
14.75 -0.013565034356305
14.76 -0.015957246026748
14.77 -0.017772124089246
14.78 -0.01703389099224
14.79 -0.012635940822817
14.8 -0.015041167071711
14.81 -0.014102914660887
14.82 -0.013033658861394
14.83 -0.013710555186444
14.84 -0.012848384264659
14.85 -0.011942892358143
14.86 -0.012392581447413
14.87 -0.012873413397261
14.88 -0.013526092188415
14.89 -0.011027396894072
14.9 -0.011498988221462
14.91 -0.010547536507681
14.92 -0.009760221766605
14.93 -0.010121905349579
14.94 -0.008879599060021
14.95 -0.008843190083679
14.96 -0.008874615169972
14.97 -0.007417513557516
14.98 -0.008174733563927
14.99 -0.008851838761618
15.0 -0.008497970804696
15.01 -0.008041918773472
15.02 -0.008457785506314
15.03 -0.009135706627368
15.04 -0.009269603186647
15.05 -0.009004642778401
15.06 -0.008687752254814
15.07 -0.008274969155725
15.08 -0.008137528406013
15.09 -0.008460001757712
15.1 -0.00835948641165
15.11 -0.008547305390144
15.12 -0.008852392344947
15.13 -0.009072844022957
15.14 -0.009745499797327
15.15 -0.009027489510608
15.16 -0.009137193502979
15.17 -0.008848837308569
15.18 -0.008933634437229
15.19 -0.009010055032306
15.2 -0.009366057550416
15.21 -0.008603245355673
15.22 -0.008996659575373
15.23 -0.009289886453263
15.24 -0.007919353541796
15.25 -0.008963509462873
15.26 -0.00809588394796
15.27 -0.007260367157226
15.28 -0.004243259048244
15.29 -0.001920923064548
15.3 -0.002233656184587
15.31 -0.004395500014308
15.32 -0.004884828042089
15.33 -0.003326640945319
15.34 -0.003067579059383
15.35 -0.003032019417135
15.36 -0.002257443931188
15.37 -0.001186825394451
15.38 0.001099783675156
15.39 0.001782355097815
15.4 0.000874553767601
15.41 -0.000763841606494
15.42 -0.001178935959693
15.43 -0.002946879552344
15.44 -0.004799092391473
15.45 -0.00546198063713
15.46 -0.005172021706494
15.47 -0.004741917622813
15.48 -0.003860507294399
15.49 -0.003516774781574
15.5 -0.003992020628464
15.51 -0.005330562350713
15.52 -0.006225604834902
15.53 -0.004625721068142
15.54 -0.005235787895672
15.55 -0.006765540594014
15.56 -0.006884292649998
15.57 -0.004542654780985
15.58 -4.3963481225e-05
15.59 0.002243294851475
15.6 0.00180164669859
15.61 0.000771049432087
15.62 0.002336205075845
15.63 0.001256610151423
15.64 -0.000121757036722
15.65 0.000420382050932
15.66 0.002094981272535
15.67 0.00352261588438
15.68 0.00614232422455
15.69 0.008279271885912
15.7 0.007245126401955
15.71 0.006365251765896
15.72 0.007089333988707
15.73 0.006940776542581
15.74 0.006034475287468
15.75 0.005227288738043
15.76 0.006669454039492
15.77 0.00420747529044
15.78 0.005296774352001
15.79 0.007796656025322
15.8 0.007528840890441
15.81 0.006946177962728
15.82 0.005089751396889
15.83 0.005433878334384
15.84 0.004137127315603
15.85 0.003256072692953
15.86 0.005884099787354
15.87 0.002682939316407
15.88 0.002048868125946
15.89 0.004307922234629
15.9 0.003041048015116
15.91 0.003011744139764
15.92 0.002808847921194
15.93 0.002158113171196
15.94 0.004514353249323
15.95 0.003686683946614
15.96 0.004365175476771
15.97 0.003076421625119
15.98 0.00240104392133
15.99 0.00228721679048
16.0 0.002459986022727
16.01 0.002294175220055
16.02 0.001512464682078
16.03 0.001803223222696
16.04 0.00375587094232
16.05 0.004838446671425
16.06 0.002916323567919
16.07 0.00228753020099
16.08 0.002642557432035
16.09 0.002033172051579
16.1 0.00664905829264
16.11 0.004080694489195
16.12 0.004787344094855
16.13 0.005526280914641
16.14 0.005915883078097
16.15 0.006029334877809
16.16 0.006002754542591
16.17 0.005285383162677
16.18 0.006205232675142
16.19 0.00579247863931
16.2 0.003923599695166
16.21 0.004831303087044
16.22 0.004968843404132
16.23 0.005325790581991
16.24 0.006286627195993
16.25 0.005672554600633
16.26 0.00441757492405
16.27 0.001419348686232
16.28 0.001550852267464
16.29 0.001679076312189
16.3 0.002277493993899
16.31 0.002430014289384
16.32 0.003762360897073
16.33 0.004674777020918
16.34 0.008389168006115
16.35 0.013649625159556
16.36 0.006159327886005
16.37 0.005513928269919
16.38 0.006532482280786
16.39 0.007442591725601
16.4 0.006197679445147
16.41 0.004983788870176
16.42 0.004457375240304
16.43 0.005849360097253
16.44 0.010933801149677
16.45 0.012175509401247
16.46 0.011322333186066
16.47 0.009036126057222
16.48 0.012011031675837
16.49 0.012817923013876
16.5 0.010360710872865
16.51 0.007520693848892
16.52 0.007006252425465
16.53 0.009621787469468
16.54 0.010853872996342
16.55 0.008934484049199
16.56 0.006810575658574
16.57 0.008017639250519
16.58 0.008163151257233
16.59 0.008529408821116
16.6 0.007520970347333
16.61 0.007038018947593
16.62 0.007409576585321
16.63 0.006013011755569
16.64 0.005452708488549
16.65 0.005396758235204
16.66 0.004941383176914
16.67 0.006426458535448
16.68 0.007510558258521
16.69 0.006487984551174
16.7 0.00531847238406
16.71 0.0058908733731
16.72 0.005645424138063
16.73 0.00444527543638
16.74 0.004321979282724
16.75 0.004840760967768
16.76 0.004962104451684
16.77 0.004326302160422
16.78 0.003654544342256
16.79 0.004232910658648
16.8 0.0045243131952
16.81 0.004672254584429
16.82 0.004747102671141
16.83 0.004179702071856
16.84 0.00454514915883
16.85 0.005541319243316
16.86 0.005632305750855
16.87 0.005265182616383
16.88 0.004808267216767
16.89 0.004215737246234
16.9 0.00507533180093
16.91 0.005069749959855
16.92 0.00530013239436
16.93 0.00591624804396
16.94 0.005969710062659
16.95 0.005953233371004
16.96 0.006046378035099
16.97 0.004156873007102
16.98 0.004942691904491
16.99 0.005032683000135
17.0 0.004144275735289
17.01 0.002154889381324
17.02 7.4012470676e-05
17.03 -0.000617155594066
17.04 0.000340425679641
17.05 0.001726408195003
17.06 0.002159486056722
17.07 0.001217919088375
17.08 0.001493219602757
17.09 0.002374928844031
17.1 0.001818740950384
17.11 9.7274619738e-05
17.12 -0.001685802843757
17.13 0.003307436888956
17.14 0.005822127195241
17.15 0.002783812250273
17.16 0.004213871449837
17.17 0.005386676276515
17.18 0.002456110841726
17.19 0.002642369834423
17.2 0.004076837818472
17.21 0.004093824638332
17.22 0.005620904209845
17.23 0.008239283935885
17.24 0.009857177625784
17.25 0.006895304380454
17.26 0.007257662564829
17.27 0.008288423415554
17.28 0.00617609546095
17.29 0.004725018501317
17.3 0.004875661252493
17.31 0.005554511609002
17.32 0.004974277219054
17.33 0.003451581824654
17.34 0.00269687301045
17.35 0.003600629580253
17.36 0.00211061576945
17.37 0.003248896164914
17.38 0.001320644741825
17.39 0.002145725781861
17.4 0.00021747606468
17.41 -0.000849940326529
17.42 0.002596961817205
17.43 0.000816289062304
17.44 0.001121596447841
17.45 -0.000119299322478
17.46 -0.001295092427419
17.47 -0.001556832792732
17.48 -0.000456809299364
17.49 -0.001175025221397
17.5 -0.001617528677414
17.51 -0.00154067993892
17.52 0.000223276369906
17.53 0.000378510861967
17.54 -0.000440938980298
17.55 0.000170278323041
17.56 -0.001244197561759
17.57 -0.000991161977942
17.58 -0.002119042508578
17.59 -0.00223124428006
17.6 -0.002988723302874
17.61 -0.002019578197491
17.62 -0.002177949364883
17.63 -0.00293367385395
17.64 -0.001940507449628
17.65 -0.002014535719814
17.66 -0.002159447555011
17.67 -0.001863175067692
17.68 -0.002428936271798
17.69 -0.002635951375455
17.7 -0.003110771503793
17.71 -0.003387762065861
17.72 -0.002849425566729
17.73 -0.003525018057848
17.74 -0.00362803807475
17.75 -0.002515430050676
17.76 -0.003237016893204
17.77 -0.004110413193692
17.78 -0.00525952427412
17.79 -0.0054692577106
17.8 -0.005551735572646
17.81 -0.005695043030847
17.82 -0.006097007713961
17.83 -0.005730864483522
17.84 -0.005945135546517
17.85 -0.005488140183165
17.86 -0.005728770849064
17.87 -0.00581495208605
17.88 -0.005215289943897
17.89 -0.004018165816694
17.9 -0.005620243160613
17.91 -0.004182823748803
17.92 -0.00427273023905
17.93 -0.000775832313328
17.94 0.001010032185405
17.95 0.002218806653007
17.96 0.001324078414799
17.97 0.001345560161561
17.98 0.001975240368474
17.99 0.001486415734931
18.0 0.001741967450484
18.01 0.002127213065575
18.02 0.002818402622438
18.03 0.006570669942878
18.04 0.009177127599409
18.05 0.008651127260827
18.06 0.008800451251403
18.07 0.008586447548672
18.08 0.007314656800617
18.09 0.009252213088624
18.1 0.008398228180024
18.11 0.009182859569665
18.12 0.009254162429951
18.13 0.006964572011574
18.14 0.008957625778886
18.15 0.008600963213591
18.16 0.00334863643438
18.17 0.004934112166354
18.18 0.002459407179534
18.19 0.002951107830243
18.2 0.005526160946955
18.21 0.004811824540908
18.22 0.004616655401072
18.23 0.004900731265898
18.24 0.005973276334462
18.25 0.006941536763446
18.26 0.005688252773683
18.27 0.005826534377921
18.28 0.004100903875936
18.29 0.003446062796721
18.3 0.005244851130293
18.31 0.00482993405826
18.32 0.003811231606064
18.33 0.00506532180048
18.34 0.005858421675061
18.35 0.005657253520821
18.36 0.006242150798646
18.37 0.006932477350289
18.38 0.006798553639926
18.39 0.007078569483332
18.4 0.008426345383601
18.41 0.008849741509324
18.42 0.007660889549187
18.43 0.007050278391724
18.44 0.00687333932488
18.45 0.005747407572413
18.46 0.004736382347244
18.47 0.004598169534527
18.48 0.006260215192976
18.49 0.00645679549528
18.5 0.006683847987115
18.51 0.00702082590977
18.52 0.007454047930717
18.53 0.006479038787571
18.54 0.006279347644805
18.55 0.006673423665357
18.56 0.005657719405127
18.57 0.00644735140718
18.58 0.006669288570489
18.59 0.005863990120563
18.6 0.00608501501266
18.61 0.007034919092405
18.62 0.005974113459444
18.63 0.005112073117905
18.64 0.00531998105247
18.65 0.005738799165636
18.66 0.005700632290027
18.67 0.006187704085669
18.68 0.005816124780955
18.69 0.001972284354476
18.7 -0.001629988603456
18.71 -0.000531823329276
18.72 0.000533730543553
18.73 0.000553474187646
18.74 0.000670720582014
18.75 0.000859106595901
18.76 0.00283280487359
18.77 0.007094586782706
18.78 0.001246467796162
18.79 -0.002334711985126
18.8 -0.00107733165412
18.81 -0.003247082842978
18.82 -0.00274981036056
18.83 -0.003137901682846
18.84 -0.003812833447151
18.85 -0.003292306873867
18.86 -0.001300730455724
18.87 -0.000832192733472
18.88 -0.001995220995324
18.89 -0.002498888422661
18.9 -0.000165506498237
18.91 -0.001465525694656
18.92 -0.0040084679957
18.93 -0.002264737213545
18.94 -0.002824865852655
18.95 -0.00373842207894
18.96 -0.002531039583684
18.97 -0.003346505340266
18.98 -0.002323387441242
18.99 -0.00265144300358
19.0 -0.001866788468779
19.01 -0.002927651091482
19.02 -0.003099217299733
19.03 -0.003505930167244
19.04 -0.002687787098709
19.05 -0.002903877334892
19.06 -0.002496397465964
19.07 -0.003035296060335
19.08 -0.00329761970391
19.09 -0.004242791602508
19.1 -0.004324005690096
19.11 -0.004258154868402
19.12 -0.00557603968971
19.13 -0.004893382472727
19.14 -0.005735684006105
19.15 -0.006660562264546
19.16 -0.006735925351715
19.17 -0.00697413420506
19.18 -0.006377251882366
19.19 -0.007074668761176
19.2 -0.006300135552658
19.21 -0.006719078356382
19.22 -0.006846997839082
19.23 -0.007255264836366
19.24 -0.0074583357527
19.25 -0.006989687262733
19.26 -0.005733498417351
19.27 -0.003747357496607
19.28 -0.000658949194125
19.29 -0.000426013641658
19.3 -0.001579965866476
19.31 -0.002370545675249
19.32 -0.00267433060098
19.33 -0.001886435067895
19.34 -0.002509989289777
19.35 -0.007829086281374
19.36 -0.007419615664332
19.37 -0.002056289836487
19.38 -0.000625580512688
19.39 -0.001235174040871
19.4 -0.000154265373554
19.41 0.000437725456484
19.42 0.000791680111393
19.43 0.00022601460058
19.44 -0.001725123637337
19.45 -0.005942304760432
19.46 -0.004587943269298
19.47 -0.003300538527832
19.48 -0.003383615263836
19.49 -0.003500002717485
19.5 -0.000904486954307
19.51 -0.001160777955655
19.52 -0.001824269457889
19.53 -0.00267387809387
19.54 -0.002235034214817
19.55 -0.002237282188397
19.56 -0.002124316616307
19.57 -0.000960922898572
19.58 -0.001797425440545
19.59 -0.002469960624541
19.6 -0.001078272067296
19.61 -0.001267499976999
19.62 -0.000434189819326
19.63 -0.001099073949725
19.64 -0.000201392945245
19.65 0.000609559845971
19.66 0.000703443440069
19.67 0.001964039072789
19.68 0.004074241217612
19.69 0.006488884860623
19.7 0.007454386674752
19.71 0.006672178059576
19.72 0.005740302458699
19.73 0.005013878165551
19.74 0.00467318876563
19.75 0.005289933083882
19.76 0.006024666276684
19.77 0.007568824488737
19.78 0.009932992904191
19.79 0.010734910109753
19.8 0.009128360184146
19.81 0.009200129283636
19.82 0.008192013992016
19.83 0.00876035925055
19.84 0.008694423690711
19.85 0.008748990894663
19.86 0.009211510460555
19.87 0.008383965962861
19.88 0.007516006760953
19.89 0.007637400361561
19.9 0.006272809023853
19.91 0.005846297735502
19.92 0.007250509750825
19.93 0.007556405073701
19.94 0.006568412936302
19.95 0.006877138520651
19.96 0.006673953455644
19.97 0.006171706176382
19.98 0.007504644003559
19.99 0.006542374675744
20.0 0.006638653077686
20.01 0.006335684250544
20.02 0.005522168890617
20.03 0.004981934772842
20.04 0.005581386404017
20.05 0.00525905849155
20.06 0.005493793875922
20.07 0.006773392576058
20.08 0.005079774366294
20.09 0.004222356269824
20.1 0.004801929039586
20.11 0.00429155639756
20.12 0.0045140397866
20.13 0.005635852347626
20.14 0.004267000110155
20.15 0.004585002843087
20.16 0.003416457720321
20.17 0.001247904380211
20.18 -0.000377272047787
20.19 -0.000353095982302
20.2 -0.000492437702383
20.21 -3.0170230498e-05
20.22 -0.000381818231888
20.23 -0.000476380996223
20.24 -0.000270750568965
20.25 -0.000623545872984
20.26 -0.001867404080009
20.27 -0.002884169706066
20.28 -0.003760865089547
20.29 -0.00439980544963
20.3 -0.004310857050076
20.31 -0.004645509453921
20.32 -0.005069046750231
20.33 -0.004202406446932
20.34 -0.004393529752996
20.35 -0.004261265494552
20.36 -0.005526364484178
20.37 -0.005878223383688
20.38 -0.005908885692336
20.39 -0.005240015346811
20.4 -0.005723462077678
20.41 -0.005512490803003
20.42 -0.005444047707049
20.43 -0.005691526086661
20.44 -0.005461562908533
20.45 -0.0055288210326
20.46 -0.005422584001609
20.47 -0.005516060000986
20.48 -0.006335679145539
20.49 -0.00607917251097
20.5 -0.006261662085095
20.51 -0.003947257075296
20.52 -0.001903836371519
20.53 -0.002744898295874
20.54 -0.004752180573353
20.55 -0.005288494123214
20.56 -0.004800918567575
20.57 -0.003575372179923
20.58 -0.003907187016406
20.59 -0.004393122381277
20.6 -0.003586806125078
20.61 -0.002035199416238
20.62 -0.001812174425077
20.63 -0.003513712737501
20.64 -0.004841838073659
20.65 -0.004417502497482
20.66 -0.003428625775228
20.67 -0.003409597498683
20.68 -0.003820940601238
20.69 -0.004589291364151
20.7 -0.004765439798032
20.71 -0.004276747086794
20.72 -0.004382933345591
20.73 -0.00446083409104
20.74 -0.004877928279634
20.75 -0.005081043961724
20.76 -0.005327161840743
20.77 -0.00548142928661
20.78 -0.005496858508405
20.79 -0.005752675301138
20.8 -0.005838491654754
20.81 -0.005833705999249
20.82 -0.005528769643642
20.83 -0.00521584775693
20.84 -0.00474394228191
20.85 -0.005494293728148
20.86 -0.005281907129055
20.87 -0.005270374559565
20.88 -0.004145300244562
20.89 -0.004429552817189
20.9 -0.004872073222538
20.91 -0.005004113684849
20.92 -0.00438085200291
20.93 -0.004756729028011
20.94 -0.005142806179744
20.95 -0.005841795467996
20.96 -0.005299655355875
20.97 -0.005091815869388
20.98 -0.00417342476121
20.99 -0.004325181178304
21.0 -0.004784854198742
21.01 -0.00481643212242
21.02 -0.004382866536854
21.03 -0.004253175371701
21.04 -0.005723511175995
21.05 -0.005813032822944
21.06 -0.00534704677952
21.07 -0.005364942867767
21.08 -0.006284465546644
21.09 -0.005830290362973
21.1 -0.006023677522697
21.11 -0.005691965656248
21.12 -0.006158807161321
21.13 -0.006032464494405
21.14 -0.006533264653168
21.15 -0.005880156011713
21.16 -0.006358858819189
21.17 -0.006131692259848
21.18 -0.005861358968549
21.19 -0.005780149851539
21.2 -0.005521432870994
21.21 -0.006306262474413
21.22 -0.00669639696206
21.23 -0.006037425562124
21.24 -0.005512109747382
21.25 -0.006163547604861
21.26 -0.006568334472786
21.27 -0.005370039073958
21.28 -0.00563711064323
21.29 -0.005824441233444
21.3 -0.004800619024825
21.31 -0.004189823571885
21.32 -0.003617567691492
21.33 -0.003225058030664
21.34 -0.003144157196966
21.35 -0.003508335200776
21.36 -0.003820077562531
21.37 -0.00270489093279
21.38 -0.002616143437403
21.39 -0.002641962270169
21.4 -0.002536897559116
21.41 -0.00213527110148
21.42 -0.002669201908426
21.43 -0.002208583370706
21.44 -0.001694838330962
21.45 -0.001782844396876
21.46 -0.001682015741512
21.47 -0.001473179902283
21.48 -0.001753322154086
21.49 -0.00191865952041
21.5 -0.002584824999521
21.51 -0.001984634093433
21.52 -0.001869524148491
21.53 -0.00190390644048
21.54 -0.00208114958037
21.55 -0.002077029594911
21.56 -0.002211875111739
21.57 -0.001392712013968
21.58 -0.000305227690739
21.59 -0.000193968397699
21.6 0.000804128406747
21.61 0.001565789373748
21.62 0.00203619858203
21.63 0.003012750838752
21.64 0.003467172212492
21.65 0.003401155423509
21.66 0.003968046201723
21.67 0.004221564754642
21.68 0.004651634403854
21.69 0.005188562092429
21.7 0.0054628341445
21.71 0.006125514319047
21.72 0.00745527499886
21.73 0.007721084556805
21.74 0.007747341877163
21.75 0.00784762054958
21.76 0.007342861332825
21.77 0.007679133139026
21.78 0.007513838813305
21.79 0.007134634280577
21.8 0.007350679392721
21.81 0.007653281333684
21.82 0.007362943673278
21.83 0.007535416119635
21.84 0.007377734119677
21.85 0.006071416097093
21.86 0.0048496868408
21.87 0.003997297449594
21.88 0.004297956447261
21.89 0.00471223932935
21.9 0.005406219274777
21.91 0.004689434337524
21.92 0.004764674466638
21.93 0.004842870467912
21.94 0.004311086196334
21.95 0.003179501016481
21.96 0.002258383536909
21.97 0.00259098898705
21.98 0.003264996987089
21.99 0.003290149149651
22.0 0.003635098819293
22.01 0.004515923747942
22.02 0.004687155032878
22.03 0.005035479489496
22.04 0.004572988268159
22.05 0.004483448077847
22.06 0.004769623231833
22.07 0.004185444947297
22.08 0.004689331865547
22.09 0.005104052622972
22.1 0.004874116706685
22.11 0.005554715224428
22.12 0.005944565101539
22.13 0.004576216287436
22.14 0.003800306874731
22.15 0.004756495717609
22.16 0.004536793719047
22.17 0.00486579309559
22.18 0.004867540519629
22.19 0.004612551884629
22.2 0.004865059531853
22.21 0.004044670487784
22.22 0.002398238512797
22.23 -0.001086906310523
22.24 -0.002603539315963
22.25 -0.00161362494019
22.26 -0.000481171006411
22.27 -0.000249161186192
22.28 -0.000624512380983
22.29 -0.001347113667531
22.3 -0.001726617241366
22.31 -0.001876742509132
22.32 -0.002896958282745
22.33 -0.001991520784186
22.34 0.002043891420468
22.35 0.000471771802765
22.36 -0.000779268272318
22.37 0.001644299056491
22.38 0.001277245609046
22.39 -0.00054303943104
22.4 -0.00040084639781
22.41 -5.5444790858e-05
22.42 0.000328175768779
22.43 0.000738430543756
22.44 0.001963145507577
22.45 0.002807503158643
22.46 3.9271904682e-05
22.47 -0.000977523746681
22.48 0.000443220458406
22.49 -0.001645171895264
22.5 -0.003224023698277
22.51 -0.002990230112372
22.52 -0.001951001440502
22.53 -0.002549897015426
22.54 -0.002857037701651
22.55 -0.00311613535981
22.56 -0.004695449344508
22.57 -0.005526453467746
22.58 -0.005448104752504
22.59 -0.0058967414183
22.6 -0.006985700416594
22.61 -0.007805880485222
22.62 -0.007127293276192
22.63 -0.007271974906396
22.64 -0.007958227918941
22.65 -0.007659437046627
22.66 -0.007899885276822
22.67 -0.007475114790849
22.68 -0.007092076825942
22.69 -0.007323131698629
22.7 -0.007033875634235
22.71 -0.006810291397152
22.72 -0.007095491736946
22.73 -0.007163891538436
22.74 -0.007515605653662
22.75 -0.008101265229233
22.76 -0.007723394301482
22.77 -0.007217275820498
22.78 -0.007416273112043
22.79 -0.007344150918563
22.8 -0.007613760939415
22.81 -0.007518064161951
22.82 -0.007259433341897
22.83 -0.007387287153663
22.84 -0.007123858761403
22.85 -0.00656491183884
22.86 -0.006698405751127
22.87 -0.006744835908811
22.88 -0.007303982210304
22.89 -0.007340967551689
22.9 -0.006663434788444
22.91 -0.00691989528005
22.92 -0.00720633720638
22.93 -0.007027726500916
22.94 -0.007019147882106
22.95 -0.006844688710957
22.96 -0.006230661330534
22.97 -0.006916671994263
22.98 -0.006592350179089
22.99 -0.00641786351529
23.0 -0.006592760930012
23.01 -0.006424844498483
23.02 -0.00569755883455
23.03 -0.005618532231665
23.04 -0.005209897073963
23.05 -0.005048943863321
23.06 -0.005184138345505
23.07 -0.005253235637855
23.08 -0.005647254595144
23.09 -0.004914242182978
23.1 -0.004860099908257
23.11 -0.00423562598161
23.12 -0.004357882151363
23.13 -0.004485129378555
23.14 -0.003150700480248
23.15 -0.002407586142967
23.16 -0.001559765982474
23.17 -0.000743550343089
23.18 -0.00055990728425
23.19 -0.001180213338722
23.2 -0.001484902144832
23.21 -0.001380559701824
23.22 -0.001471752555651
23.23 -0.00092582600601
23.24 -0.00031118722125
23.25 0.000383823057588
23.26 0.000738263818324
23.27 0.000781003907688
23.28 0.001010057050441
23.29 0.001171004441037
23.3 0.001248298426378
23.31 0.001684499919099
23.32 0.002080201550639
23.33 0.00226614114158
23.34 0.002761151847681
23.35 0.003146670075233
23.36 0.003298705930902
23.37 0.003305195785848
23.38 0.003578678469623
23.39 0.003647816955213
23.4 0.003486380873775
23.41 0.003861171624916
23.42 0.004404156902276
23.43 0.004462940802607
23.44 0.004733698274397
23.45 0.005368034769405
23.46 0.005798140308091
23.47 0.005810204903572
23.48 0.00563389375177
23.49 0.005995981755673
23.5 0.005930007819295
23.51 0.005590054458711
23.52 0.005940882571834
23.53 0.005975722549499
23.54 0.005794538478813
23.55 0.006041746322654
23.56 0.006196070257041
23.57 0.006184714320784
23.58 0.006212258665936
23.59 0.006109551444022
23.6 0.006147061947896
23.61 0.006140728294731
23.62 0.005991574282805
23.63 0.006057729761715
23.64 0.006028418687893
23.65 0.005974821271351
23.66 0.006173756939458
23.67 0.006250558321791
23.68 0.0061654134211
23.69 0.00607672257927
23.7 0.00602590909368
23.71 0.006228275182849
23.72 0.006422133916067
23.73 0.006078408522736
23.74 0.005878079142712
23.75 0.005562201518835
23.76 0.005381699752521
23.77 0.004647284424122
23.78 0.00399626601688
23.79 0.003652808882728
23.8 0.00370311976509
23.81 0.003293906004385
23.82 0.003347739144452
23.83 0.003503644023708
23.84 0.003879187534289
23.85 0.003935809067905
23.86 0.003901380886154
23.87 0.003216042869978
23.88 0.00231281931636
23.89 0.002351320382669
23.9 0.002414556339183
23.91 0.002274077145212
23.92 0.001996740529849
23.93 0.002429186754295
23.94 0.002923019291762
23.95 0.003088170827029
23.96 0.002906938973553
23.97 0.002830961839014
23.98 0.002869264662193
23.99 0.003196942786888
24.0 0.003255254414162
24.01 0.003285744714886
24.02 0.003359433782322
24.03 0.003338314871595
24.04 0.002888657254502
24.05 0.002611557068132
24.06 0.002031239421479
24.07 0.001085740054939
24.08 0.000565541360792
24.09 0.000149638621921
24.1 0.000572448038106
24.11 0.001292822118609
24.12 0.000823366328093
24.13 -0.000335957970267
24.14 -0.000824507938715
24.15 -0.000290052188216
24.16 0.003622980874813
24.17 0.004676757978623
24.18 -0.000590256939134
24.19 0.000793318534159
24.2 0.001060296930918
24.21 -0.001426228094951
24.22 -0.001802962459402
24.23 -0.003188463014728
24.24 -0.003477698090662
24.25 -0.00015827095008
24.26 0.001264801026238
24.27 0.000424608669199
24.28 -0.001942916021086
24.29 -0.00145819260531
24.3 -0.000425171402099
24.31 -0.002167087109477
24.32 -0.003746865810893
24.33 -0.00360648923394
24.34 -0.004116365840477
24.35 -0.003996538824411
24.36 -0.003963387650734
24.37 -0.004840880559566
24.38 -0.005155435497931
24.39 -0.005161172322299
24.4 -0.004998982883768
24.41 -0.005019003177727
24.42 -0.005478102518377
24.43 -0.005443779745879
24.44 -0.005239688267768
24.45 -0.005263915114174
24.46 -0.00531641491978
24.47 -0.005503994499761
24.48 -0.00565300279326
24.49 -0.005759100348549
24.5 -0.005735924137659
24.51 -0.005422488014365
24.52 -0.005735775185235
24.53 -0.005303125923259
24.54 -0.005237183198862
24.55 -0.005079640916223
24.56 -0.004884420362713
24.57 -0.00450597731992
24.58 -0.004689040754074
24.59 -0.004544763995516
24.6 -0.004389331771903
24.61 -0.00461266779349
24.62 -0.004485582122344
24.63 -0.004509659227618
24.64 -0.004296375754956
24.65 -0.004355201039219
24.66 -0.004572266376648
24.67 -0.004223550355632
24.68 -0.003981888402789
24.69 -0.004388211579918
24.7 -0.004397045280566
24.71 -0.004190079632931
24.72 -0.004346236113425
24.73 -0.004514682470936
24.74 -0.004281602159633
24.75 -0.004352508047884
24.76 -0.004777938906729
24.77 -0.00488093577753
24.78 -0.004557689339482
24.79 -0.004508069708487
24.8 -0.004805019168387
24.81 -0.004825668881307
24.82 -0.004826013094747
24.83 -0.004864184763476
24.84 -0.005127975657923
24.85 -0.004988189909915
24.86 -0.004905205003787
24.87 -0.004723001373591
24.88 -0.003797674553282
24.89 -0.001952416495152
24.9 0.000225775238895
24.91 0.000391796605314
24.92 -2.6480910338e-05
24.93 -0.000236302386878
24.94 -0.000153193231625
 
 
 
 
 
 
 
 
 
 
 
 
 
 
 
 
 
 
 
 
 
 
 
 
 
 
 
 
 
 
 
 
 
 
 
 
 
 
 
 
 
 
 
 
 
 
 
 
 
 
 
 
 
 
 
 
 
 
 
 
 
 
 
 
 
 
 
 
 
 
 
 
 
 
 
 
 
 
 
 
 
 
 
 
 
 
 
 
 
 
 
 
 
 
 
 
 
 
 
 
 
 
 
 
 
 
 
 
 
 
 
 
 
 
 
 
 
 
 
 
 
 
 
 
 
 
 
 
 
 
 
 
 
 
 
 
 
 
 
 
 
 
 
 
 
 
 
 
 
 
 
 
 
 
 
 
 
 
 
 
 
 
 
 
 
 
 
 
 
 
 
 
 
 
 
 
 
 
 
 
 
 
 
 
 
 
 
 
 
 
 
 
 
 
 
 
 
 
 
 
 
 
 
 
 
 
 
 
 
 
 
 
 
 
 
 
 
 
 
 
 
 
 
 
 
 
 
 
 
 
 
 
 
 
 
 
 
 
 
 
 
 
 
 
 
 
 
 
 
 
 
 
 
 
 
 
 
 
 
 
 
 
 
 
 
 
 
 
 
 
 
 
 
 
 
 
 
 
 
 
 
 
 
 
 
 
 
 
 
 
 
 
 
 
 
 
 
 
 
 
 
 
 
 
 
 
 
 
 
 
 
 
 
 
 
 
 
 
 
 
 
 
 
 
 
 
 
 
 
 
 
 
 
 
 
 
 
 
 
 
 
 
 
 
 
 
 
 
 
 
 
 
 
 
 
 
 
 
 
 
 
 
 
 
 
 
 
 
 
 
 
 
 
 
 
 
 
 
 
 
 
 
 
 
 
 
 
 
 
 
 
 
 
 
 
 
 
 
 
 
 
 
 
 
 
 
 
 
 
 
 
 
 
 
 
 
 
 
 
 
 
 
 
 
 
 
 
 
 
 
 
 
 
 
 
 
 
 
 
 
 
 
 
 
 
 
 
 
 
 
 
 
 
 
 
 
 
 
 
 
 
 
 
 
 
 
 
 
 
 
 
 
 
 
 
 
 
 
 
 
 
 
 
 
 
 
 
 
 
 
 
 
 
 
 
 
 
 
 
 
 
 
 
 
 
 
 
 
 
 
 
 
 
 
 
 
 
 
 
 
 
 
 
 
 
 
 
 
 
 
 
 
 
 
 
 
 
 
 
 
 
 
 
 
 
 
 
 
 
 
 
 
 
 
 
 
 
 
 
 
 
 
 
 
 
 
 
 
 
 
 
 
 
 
 
 
 
 
 
 
 
 
 
 
 
 
 
 
 
 
 
 
 
 
 
 
 
 
 
 
 
 
 
 
 
 
 
 
 
 
 
 
 
 
 
 
 
 
 
 
 
 
 
 
 
 
 
 
 
 
 
 
 
 
 
 
 
 
 
 
 
 
 
 
 
 
 
 
 
 
 
 
 
 
 
 
 
 
 
 
 
 
 
 
 
 
 
 
 
 
 
 
 
 
 
 
 
 
 
 
 
 
 
 
 
 
 
 
 
 
 
 
 
 
 
 
 
 
 
 
 
 
 
 
 
 
 
 
 
 
 
 
 
 
 
 
 
 
 
 
 
 
 
 
 
 
 
 
 
 
 
 
 
 
 
 
 
 
 
 
 
 
 
 
 
 
 
 
 
 
 
 
 
 
 
 
 
 
 
 
 
 
 
 
 
 
 
 
 
 
 
 
 
 
 
 
 
 
 
 
 
 
 
 
 
 
 
 
 
 
 
 
 
 
 
 
 
 
 
 
 
 
 
 
 
 
 
 
 
 
 
 
 
 
 
 
 
 
 
 
 
 
 
 
 
 
 
 
 
 
 
 
 
 
 
 
 
 
 
 
 
 
 
 
 
 
 
 
 
 
 
 
 
 
 
 
 
 
 
 
 
 
 
 
 
 
 
 
 
 
 
 
 
 
 
 
 
 
 
 
 
 
 
 
 
 
 
 
 
 
 
 
 
 
 
 
 
 
 
 
 
 
 
 
 
 
 
 
 
 
 
 
 
 
 
 
 
 
 
 
 
 
 
 
 
 
 
 
 
 
 
 
 
 
 
 
 
 
 
 
 
 
 
 
 
 
 
 
 
 
 
 
 
 
 
 
 
 
 
 
 
 
 
 
 
 
 
 
 
 
 
 
 
 
 
 
 
 
 
 
 
 
 
 
 
 
 
 
 
 
 
 
 
 
 
 
 
 
 
 
 
 
 
 
 
 
 
 
 
 
 
 
 
 
 
 
 
 
 
 
 
 
 
 
 
 
 
 
 
 
 
 
 
 
 
 
 
 
 
 
 
 
 
 
 
 
 
 
 
 
 
 
 
 
 
 
 
 
 
 
 
 
 
 
 
 
 
 
 
 
 
 
 
 
 
 
 
 
 
 
 
 
 
 
 
 
 
 
 
 
 
 
 
 
 
 
 
 
 
 
 
 
 
 
 
 
 
 
 
 
 
 
 
 
 
 
 
 
 
 
 
 
 
 
 
 
 
 
 
 
 
 
 
 
 
 
 
 
 
 
 
 
 
 
 
 
 
 
 
 
 
 
 
 
 
 
 
 
 
 
 
 
 
 
 
 
 
 
 
 
 
 
 
 
 
 
 
 
 
 
 
 
 
 
 
 
 
 
 
 
 
 
 
 
 
 
 
 
 
 
 
 
 
 
 
 
 
 
 
 
 
 
 
 
 
 
 
 
 
 
 
 
 
 
 
 
 
 
 
 
 
 
 
 
 
 
 
 
 
 
 
 
 
 
 
 
 
 
 
 
 
 
 
 
 
 
 
 
 
 
 
 
 
 
 
 
 
 
 
 
 
 
 
 
 
 
 
 
 
 
 
 
 
 
 
 
 
 
 
 
 
 
 
 
 
 
 
 
 
 
 
 
 
 
 
 
 
 
 
 
 
 
 
 
 
 
 
 
 
 
 
 
 
 
 
 
 
 
 
 
 
 
 
 
 
 
 
 
 
 
 
 
 
 
 
 
 
 
 
 
 
 
 
 
 
 
 
 
 
 
 
 
 
 
 
 
 
 
 
 
 
 
 
 
 
 
 
 
 
 
 
 
 
 
 
 
 
 
 
 
 
 
 
 
 
 
 
 
 
 
 
 
 
 
 
 
 
 
 
 
 
 
 
 
 
 
 
 
 
 
 
 
 
 
 
 
 
 
 
 
 
 
 
 
 
 
 
 
 
 
 
 
 
 
 
 
 
 
 
 
 
 
 
 
 
 
 
 
 
 
 
 
 
 
 
 
 
 
 
 
 
 
 
 
 
 
 
 
 
 
 
 
 
 
 
 
 
 
 
 
 
 
 
 
 
 
 
 
 
 
 
 
 
 
 
 
 
 
 
 
 
 
 
 
 
 
 
 
 
 
 
 
 
 
 
 
 
 
 
 
 
 
 
 
 
 
 
 
 
 
 
 
 
 
 
 
 
 
 
 
 
 
 
 
 
 
 
 
 
 
 
 
 
 
 
 
 
 
 
 
 
 
 
 
 
 
 
 
 
 
 
 
 
 
 
 
 
 
 
 
 
 
 
 
 
 
 
 
 
 
 
 
 
 
 
 
 
 
 
 
 
 
 
 
 
 
 
 
 
 
 
 
 
 
 
 
 
 
 
 
 
 
 
 
 
 
 
 
 
 
 
 
 
 
 
 
 
 
 
 
 
 
 
 
 
 
 
 
 
 
 
 
 
 
 
 
 
 
 
 
 
 
 
 
 
 
 
 
 
 
 
 
 
 
 
 
 
 
 
 
 
 
 
 
 
 
 
 
 
 
 
 
 
 
 
 
 
 
 
 
 
 
 
 
 
 
 
 
 
 
 
 
 
 
 
 
 
 
 
 
 
 
 
 
 
 
 
 
 
 
 
 
 
 
 
 
 
 
 
 
 
 
 
 
 
 
 
 
 
 
 
 
 
 
 
 
 
 
 
 
 
 
 
 
 
 
 
 
 
 
 
 
 
 
 
 
 
 
 
 
 
 
 
 
 
 
 
 
 
 
 
 
 
 
 
 
 
 
 
 
 
 
 
 
 
 
 
 
 
 
 
 
 
 
 
 
 
 
 
 
 
 
 
 
 
 
 
 
 
 
 
 
 
 
 
 
 
 
 
 
 
 
 
 
 
 
 
 
 
 
 
 
 
 
 
 
 
 
 
 
 
 
 
 
 
 
 
 
 
 
 
 
 
 
 
 
 
 
 
 
 
 
 
 
 
 
 
 
 
 
 
 
 
 
 
 
 
 
 
 
 
 
 
 
 
 
 
 
 
 
 
 
 
 
 
 
 
 
 
 
 
 
 
 
 
 
 
 
 
 
 
 
 
 
 
 
 
 
 
 
 
 
 
 
 
 
 
 
 
 
 
 
 
 
 
 
 
 
 
 
 
 
 
 
 
 
 
 
 
 
 
 
 
 
 
 
 
 
 
 
 
 
 
 
 
 
 
 
 
 
 
 
 
 
 
 
 
 
 
 
 
 
 
 
 
 
 
 
 
 
 
 
 
 
 
 
 
 
 
 
 
 
 
 
 
 
 
 
 
 
 
 
 
 
 
 
 
 
 
 
 
 
 
 
 
 
 
 
 
 
 
 
 
 
 
 
 
 
 
 
 
 
 
 
 
 
 
 
 
 
 
 
 
 
 
 
 
 
 
 
 
 
 
 
 
 
 
 
 
 
 
 
 
 
 
 
 
 
 
 
 
 
 
 
 
 
 
 
 
 
 
 
 
 
 
 
 
 
 
 
 
 
 
 
 
 
 
 
 
 
 
 
 
 
 
 
 
 
 
 
 
 
 
 
 
 
 
 
 
 
 
 
 
 
 
 
 
 
 
 
 
 
 
 
 
 
 
 
 
 
 
 
 
 
 
 
 
 
 
 
 
 
 
 
 
 
 
 
 
 
 
 
 
 
 
 
 
 
 
 
 
 
 
 
 
 
 
 
 
 
 
 
 
 
 
 
 
 
 
 
 
 
 
 
 
 
 
 
 
 
 
 
 
 
 
 
 
 
 
 
 
 
 
 
 
 
 
 
 
 
 
 
 
 
 
 
 
 
 
 
 
 
 
 
 
 
 
 
 
 
 
 
 
 
 
 
 
 
 
 
 
 
 
 
 
 
 
 
 
 
 
 
 
 
 
 
 
 
 
 
 
 
 
 
 
 
 
 
 
 
 
 
 
 
 
 
 
 
 
 
 
 
 
 
 
 
 
 
 
 
 
 
 
 
 
 
 
 
 
 
 
 
 
 
 
 
 
 
 
 
 
 
 
 
 
 
 
 
 
 
 
 
 
 
 
 
 
 
 
 
 
 
 
 
 
 
 
 
 
 
 
 
 
 
 
 
 
 
 
 
 
 
 
 
 
 
 
 
 
 
 
 
 
 
 
 
 
 
 
 
 
 
 
 
 
 
 
 
 
 
 
 
 
 
 
 
 
 
 
 
 
 
 
 
 
 
 
 
 
 
 
 
 
 
 
 
 
 
 
 
 
 
 
 
 
 
 
 
 
 
 
 
 
 
 
 
 
 
 
 
 
 
 
 
 
 
 
 
 
 
 
 
 
 
 
 
 
 
 
 
 
 
 
 
 
 
 
 
 
 
 
 
 
 
 
 
 
 
 
 
 
 
 
 
 
 
 
 
 
 
 
 
 
 
 
 
 
 
 
 
 
 
 
 
 
 
 
 
 
 
 
 
 
 
 
 
 
 
 
 
 
 
 
 
 
 
 
 
 
 
 
 
 
 
 
 
 
 
 
 
 
 
 
 
 
 
 
 
 
 
 
 
 
 
 
 
 
 
 
 
 
 
 
 
 
 
 
 
 
 
 
 
 
 
 
 
 
 
 
 
 
 
 
 
 
 
 
 
 
 
 
 
 
 
 
 
 
 
 
 
 
 
 
 
 
 
 
 
 
 
 
 
 
 
 
 
 
 
 
 
 
 
 
 
 
 
 
 
 
 
 
 
 
 
 
 
 
 
 
 
 
 
 
 
 
 
 
 
 
 
 
 
 
 
 
 
 
 
 
 
 
 
 
 
 
 
 
 
 
 
 
 
 
 
 
 
 
 
 
 
 
 
 
 
 
 
 
 
 
 
 
 
 
 
 
 
 
 
 
 
 
 
 
 
 
 
 
 
 
 
 
 
 
 
 
 
 
 
 
 
 
 
 
 
 
 
 
 
 
 
 
 
 
 
 
 
 
 
 
 
 
 
 
 
 
 
 
 
 
 
 
 
 
 
 
 
 
 
 
 
 
 
 
 
 
 
 
 
 
 
 
 
 
 
 
 
 
 
 
 
 
 
 
 
 
 
 
 
 
 
 
 
 
 
 
 
 
 
 
 
 
 
 
 
 
 
 
 
 
 
 
 
 
 
 
 
 
 
 
 
 
 
 
 
 
 
 
 
 
 
 
 
 
 
 
 
 
 
 
 
 
 
 
 
 
 
 
 
 
 
 
 
 
 
 
 
 
 
 
 
 
 
 
 
 
 
 
 
 
 
 
 
 
 
 
 
 
 
 
 
 
 
 
 
 
 
 
 
 
 
 
 
 
 
 
 
 
 
 
 
 
 
 
 
 
 
 
 
 
 
 
 
 
 
 
 
 
 
 
 
 
 
 
 
 
 
 
 
 
 
 
 
 
 
 
 
 
 
 
 
 
 
 
 
 
 
 
 
 
 
 
 
 
 
 
 
 
 
 
 
 
 
 
 
 
 
 
 
 
 
 
 
 
 
 
 
 
 
 
 
 
 
 
 
 
 
 
 
 
 
 
 
 
 
 
 
 
 
 
 
 
 
 
 
 
 
 
 
 
 
 
 
 
 
 
 
 
 
 
 
 
 
 
 
 
 
 
 
 
 
 
 
 
 
 
 
 
 
 
 
 
 
 
 
 
 
 
 
 
 
 
 
 
 
 
 
 
 
 
 
 
 
 
 
 
 
 
 
 
 
 
 
 
 
 
 
 
 
 
 
 
 
 
 
 
 
 
 
 
 
 
 
 
 
 
 
 
 
 
 
 
 
 
 
 
 
 
 
 
 
 
 
 
 
 
 
 
 
 
 
 
 
 
 
 
 
 
 
 
 
 
 
 
 
 
 
 
 
 
 
 
 
 
 
 
 
 
 
 
 
 
 
 
 
 
 
 
 
 
 
 
 
 
 
 
 
 
 
 
 
 
 
 
 
 
 
 
 
 
 
 
 
 
 
 
 
 
 
 
 
 
 
 
 
 
 
 
 
 
 
 
 
 
 
 
 
 
 
 
 
 
 
 
 
 
 
 
 
 
 
 
 
 
 
 
 
 
 
 
 
 
 
 
 
 
 
 
 
 
 
 
 
 
 
 
 
 
 
 
 
 
 
 
 
 
 
 
 
 
 
 
 
 
 
 
 
 
 
 
 
 
 
 
 
 
 
 
 
 
 
 
 
 
 
 
 
 
 
 
 
 
 
 
 
 
 
 
 
 
 
 
 
 
 
 
 
 
 
 
 
 
 
 
 
 
 
 
 
 
 
 
 
 
 
 
 
 
 
 
 
 
 
 
 
 
 
 
 
 
 
 
 
 
 
 
 
 
 
 
 
 
 
 
 
 
 
 
 
 
 
 
 
 
 
 
 
 
 
 
 
 
 
 
 
 
 
 
 
 
 
 
 
 
 
 
 
 
 
 
 
 
 
 
 
 
 
 
 
 
 
 
 
 
 
 
 
 
 
 
 
 
 
 
 
 
 
 
 
 
 
 
 
 
 
 
 
 
 
 
 
 
 
 
 
 
 
 
 
 
 
 
 
 
 
 
 
 
 
 
 
 
 
 
 
 
 
 
 
 
 
 
 
 
 
 
 
 
 
 
 
 
 
 
 
 
 
 
 
 
 
 
 
 
 
 
 
 
 
 
 
 
 
 
 
 
 
 
 
 
 
 
 
 
 
 
 
 
 
 
 
 
 
 
 
 
 
 
 
 
 
 
 
 
 
 
 
 
 
 
 
 
 
 
 
 
 
 
 
 
 
 
 
 
 
 
 
 
 
 
 
 
 
 
 
 
 
 
 
 
 
 
 
 
 
 
 
 
 
 
 
 
 
 
 
 
 
 
 
 
 
 
 
 
 
 
 
 
 
 
 
 
 
 
 
 
 
 
 
 
 
 
 
 
 
 
 
 
 
 
 
 
 
 
 
 
 
 
 
 
 
 
 
 
 
 
 
 
 
 
 
 
 
 
 
 
 
 
 
 
 
 
 
 
 
 
 
 
 
 
 
 
 
 
 
 
 
 
 
 
 
 
 
 
 
 
 
 
 
 
 
 
 
 
 
 
 
 
 
 
 
 
 
 
 
 
 
 
 
 
 
 
 
 
 
 
 
 
 
 
 
 
 
 
 
 
 
 
 
 
 
 
 
 
 
 
 
 
 
 
 
 
 
 
 
 
 
 
 
 
 
 
 
 
 
 
 
 
 
 
 
 
 
 
 
 
 
 
 
 
 
 
 
 
 
 
 
 
 
 
 
 
 
 
 
 
 
 
 
 
 
 
 
 
 
 
 
 
 
 
 
 
 
 
 
 
 
 
 
 
 
 
 
 
 
 
 
 
 
 
 
 
 
 
 
 
 
 
 
 
 
 
 
 
 
 
 
 
 
 
 
 
 
 
 
 
 
 
 
 
 
 
 
 
 
 
 
 
 
 
 
 
 
 
 
 
 
 
 
 
 
 
 
 
 
 
 
 
 
 
 
 
 
 
 
 
 
 
 
 
 
 
 
 
 
 
 
 
 
 
 
 
 
 
 
 
 
 
 
 
 
 
 
 
 
 
 
 
 
 
 
 
 
 
 
 
 
 
 
 
 
 
 
 
 
 
 
 
 
 
 
 
 
 
 
 
 
 
 
 
 
 
 
 
 
 
 
 
 
 
 
 
 
 
 
 
 
 
 
 
 
 
 
 
 
 
 
 
 
 
 
 
 
 
 
 
 
 
 
 
 
 
 
 
 
 
 
 
 
 
 
 
 
 
 
 
 
 
 
 
 
 
 
 
 
 
 
 
 
 
 
 
 
 
 
 
 
 
 
 
 
 
 
 
 
 
 
 
 
 
 
 
 
 
 
 
 
 
 
 
 
 
 
 
 
 
 
 
 
 
 
 
 
 
 
 
 
 
 
 
 
 
 
 
 
 
 
 
 
 
 
 
 
 
 
 
 
 
 
 
 
 
 
 
 
 
 
 
 
 
 
 
 
 
 
 
 
 
 
 
 
 
 
 
 
 
 
 
 
 
 
 
 
 
 
 
 
 
 
 
 
 
 
 
 
 
 
 
 
 
 
 
 
 
 
 
 
 
 
 
 
 
 
 
 
 
 
 
 
 
 
 
 
 
 
 
 
 
 
 
 
 
 
 
 
 
 
 
 
 
 
 
 
 
 
 
 
 
 
 
 
 
 
 
 
 
 
 
 
 
 
 
 
 
 
 
 
 
 
 
 
 
 
 
 
 
 
 
 
 
 
 
 
 
 
 
 
 
 
 
 
 
 
 
 
 
 
 
 
 
 
 
 
 
 
 
 
 
 
 
 
 
 
 
 
 
 
 
 
 
 
 
 
 
 
 
 
 
 
 
 
 
 
 
 
 
 
 
 
 
 
 
 
 
 
 
 
 
 
 
 
 
 
 
 
 
 
 
 
 
 
 
 
 
 
 
 
 
 
 
 
 
 
 
 
 
 
 
 
 
 
 
 
 
 
 
 
 
 
 
 
 
 
 
 
 
 
 
 
 
 
 
 
 
 
 
 
 
 
 
 
 
 
 
 
 
 
 
 
 
 
 
 
 
 
 
 
 
 
 
 
 
 
 
 
 
 
 
 
 
 
 
 
 
 
 
 
 
 
 
 
 
 
 
 
 
 
 
 
 
 
 
 
 
 
 
 
 
 
 
 
 
 
 
 
 
 
 
 
 
 
 
 
 
 
 
 
 
 
 
 
 
 
 
 
 
 
 
 
 
 
 
 
 
 
 
 
 
 
 
 
 
 
 
 
 
 
 
 
 
 
 
 
 
 
 
 
 
 
 
 
 
 
 
 
 
 
 
 
 
 
 
 
 
 
 
 
 
 
 
 
 
 
 
 
 
 
 
 
 
 
 
 
 
 
 
 
 
 
 
 
 
 
 
 
 
 
 
 
 
 
 
 
 
 
 
 
 
 
 
 
 
 
 
 
 
 
 
 
 
 
 
 
 
 
 
 
 
 
 
 
 
 
 
 
 
 
 
 
 
 
 
 
 
 
 
 
 
 
 
 
 
 
 
 
 
 
 
 
 
 
 
 
 
 
 
 
 
 
 
 
 
 
 
 
 
 
 
 
 
 
 
 
 
 
 
 
 
 
 
 
 
 
 
 
 
 
 
 
 
 
 
 
 
 
 
 
 
 
 
 
 
 
 
 
 
 
 
 
 
 
 
 
 
 
 
 
 
 
 
 
 
 
 
 
 
 
 
 
 
 
 
 
 
 
 
 
 
 
 
 
 
 
 
 
 
 
 
 
 
 
 
 
 
 
 
 
 
 
 
 
 
 
 
 
 
 
 
 
 
 
 
 
 
 
 
 
 
 
 
 
 
 
 
 
 
 
 
 
 
 
 
 
 
 
 
 
 
 
 
 
 
 
 
 
 
 
 
 
 
 
 
 
 
 
 
 
 
 
 
 
 
 
 
 
 
 
 
 
 
 
 
 
 
 
 
 
 
 
 
 
 
 
 
 
 
 
 
 
 
 
 
 
 
 
 
 
 
 
 
 
 
 
 
 
 
 
 
 
 
 
 
 
 
 
 
 
 
 
 
 
 
 
 
 
 
 
 
 
 
 
 
 
 
 
 
 
 
 
 
 
 
 
 
 
 
 
 
 
 
 
 
 
 
 
 
 
 
 
 
 
 
 
 
 
 
 
 
 
 
 
 
 
 
 
 
 
 
 
 
 
 
 
 
 
 
 
 
 
 
 
 
 
 
 
 
 
 
 
 
 
 
 
 
 
 
 
 
 
 
 
 
 
 
 
 
 
 
 
 
 
 
 
 
 
 
 
 
 
 
 
 
 
 
 
 
 
 
 
 
 
 
 
 
 
 
 
 
 
 
 
 
 
 
 
 
 
 
 
 
 
 
 
 
 
 
 
 
 
 
 
 
 
 
 
 
 
 
 
 
 
 
 
 
 
 
 
 
 
 
 
 
 
 
 
 
 
 
 
 
 
 
 
 
 
 
 
 
 
 
 
 
 
 
 
 
 
 
 
 
 
 
 
 
 
 
 
 
 
 
 
 
 
 
 
 
 
 
 
 
 
 
 
 
 
 
 
 
 
 
 
 
 
 
 
 
 
 
 
 
 
 
 
 
 
 
 
 
 
 
 
 
 
 
 
 
 
 
 
 
 
 
 
 
 
 
 
 
 
 
 
 
 
 
 
 
 
 
 
 
 
 
 
 
 
 
 
 
 
 
 
 
 
 
 
 
 
 
 
 
 
 
 
 
 
 
 
 
 
 
 
 
 
 
 
 
 
 
 
 
 
 
 
 
 
 
 
 
 
 
 
 
 
 
 
 
 
 
 
 
 
 
 
 
 
 
 
 
 
 
 
 
 
 
 
 
 
 
 
 
 
 
 
 
 
 
 
 
 
 
 
 
 
 
 
 
 
 
 
 
 
 
 
 
 
 
 
 
 
 
 
 
 
 
 
 
 
 
 
 
 
 
 
 
 
 
 
 
 
 
 
 
 
 
 
 
 
 
 
 
 
 
 
 
 
 
 
 
 
 
 
 
 
 
 
 
 
 
 
 
 
 
 
 
 
 
 
 
 
 
 
 
 
 
 
 
 
 
 
 
 
 
 
 
 
 
 
 
 
 
 
 
 
 
 
 
 
 
 
 
 
 
 
 
 
 
 
 
 
 
 
 
 
 
 
 
 
 
 
 
 
 
 
 
 
 
 
 
 
 
 
 
 
 
 
 
 
 
 
 
 
 
 
 
 
 
 
 
 
 
 
 
 
 
 
 
 
 
 
 
 
 
 
 
 
 
 
 
 
 
 
 
 
 
 
 
 
 
 
 
 
 
 
 
 
 
 
 
 
 
 
 
 
 
 
 
 
 
 
 
 
 
 
 
 
 
 
 
 
 
 
 
 
 
 
 
 
 
 
 
 
 
 
 
 
 
 
 
 
 
 
 
 
 
 
 
 
 
 
 
 
 
 
 
 
 
 
 
 
 
 
 
 
 
 
 
 
 
 
 
 
 
 
 
 
 
 
 
 
 
 
 
 
 
 
 
 
 
 
 
 
 
 
 
 
 
 
 
 
 
 
 
 
 
 
 
 
 
 
 
 
 
 
 
 
 
 
 
 
 
 
 
 
 
 
 
 
 
 
 
 
 
 
 
 
 
 
 
 
 
 
 
 
 
 
 
 
 
 
 
 
 
 
 
 
 
 
 
 
 
 
 
 
 
 
 
 
 
 
 
 
 
 
 
 
 
 
 
 
 
 
 
 
 
 
 
 
 
 
 
 
 
 
 
 
 
 
 
 
 
 
 
 
 
 
 
 
 
 
 
 
 
 
 
 
 
 
 
 
 
 
 
 
 
 
 
 
 
 
 
 
 
 
 
 
 
 
 
 
 
 
 
 
 
 
 
 
 
 
 
 
 
 
 
 
 
 
 
 
 
 
 
 
 
 
 
 
 
 
 
 
 
 
 
 
 
 
 
 
 
 
 
 
 
 
 
 
 
 
 
 
 
 
 
 
 
 
 
