0.0 0.0
0.01 2.33552947e-07
0.02 2.3433292e-07
0.03 2.36477296e-07
0.04 2.39364236e-07
0.05 2.39919628e-07
0.06 2.35196359e-07
0.07 2.26731773e-07
0.08 2.21405069e-07
0.09 2.23505041e-07
0.1 2.42352515e-07
0.11 3.07729327e-07
0.12 3.97559952e-07
0.13 3.26944037e-07
0.14 -1.61926315e-07
0.15 -1.115616492e-06
0.16 -2.23662801e-06
0.17 -3.320920093e-06
0.18 -4.840799635e-06
0.19 -7.14286441e-06
0.2 -9.010614363e-06
0.21 -8.873970657e-06
0.22 -7.45798717e-06
0.23 -6.737450772e-06
0.24 -7.161521418e-06
0.25 -6.522786526e-06
0.26 -1.241679256e-06
0.27 8.152826016e-06
0.28 1.6305475557e-05
0.29 1.7845657765e-05
0.3 7.730864312e-06
0.31 -1.0134243376e-05
0.32 -2.0616883646e-05
0.33 -2.0615853071e-05
0.34 -1.7692906377e-05
0.35 -9.981991173e-06
0.36 2.702241046e-06
0.37 9.697487044e-06
0.38 1.463212454e-06
0.39 -1.8868109262e-05
0.4 -3.5187247877e-05
0.41 -3.6192786683e-05
0.42 -2.8034245725e-05
0.43 -3.2252324426e-05
0.44 -6.6780595721e-05
0.45 -0.000117914463774
0.46 -0.000144282848513
0.47 -0.000107323214314
0.48 -2.2873418086e-05
0.49 3.5745419769e-05
0.5 5.3739075683e-05
0.51 7.8427245272e-05
0.52 0.000111285409099
0.53 0.000125361020966
0.54 9.363039556e-05
0.55 -2.0307432462e-05
0.56 -0.00016406508187
0.57 -0.000213005921104
0.58 -0.00017059890601
0.59 -0.00012976485147
0.6 -0.000120368345368
0.61 -0.000121987094699
0.62 -9.1127735132e-05
0.63 -3.7012670588e-05
0.64 -2.5555110498e-05
0.65 -3.7113991565e-05
0.66 -1.6021523661e-05
0.67 4.1442268767e-05
0.68 0.000102584548099
0.69 8.9032553421e-05
0.7 -3.1036880615e-05
0.71 -0.000175591035368
0.72 -0.000203424748316
0.73 -0.000102262445911
0.74 -7.6150225368e-05
0.75 -0.000109810072573
0.76 -1.9288119246e-05
0.77 5.8070982824e-05
0.78 -1.889552158e-06
0.79 -5.6068834556e-05
0.8 -5.7882057864e-05
0.81 -0.000127814053818
0.82 -0.000256913246581
0.83 -0.00037155192617
0.84 -0.000468302486265
0.85 -0.000533661115057
0.86 -0.00050232479228
0.87 -0.000320812902252
0.88 -0.000115916211758
0.89 2.5051546128e-05
0.9 0.000232227337203
0.91 0.000418413747806
0.92 0.000335993115539
0.93 0.000115148433661
0.94 1.9361781915e-05
0.95 -7.2149651525e-05
0.96 -0.000147253724383
0.97 4.2625550061e-05
0.98 0.000198697546165
0.99 -1.4656804521e-05
1.0 -0.000302728097872
1.01 -0.000470479930184
1.02 -0.000527511636287
1.03 -0.00042438348044
1.04 -0.00029380535766
1.05 -0.000179811216708
1.06 3.60645189e-07
1.07 0.000174736636089
1.08 0.000374329996646
1.09 0.00052204129382
1.1 0.000344556966503
1.11 -5.1177604724e-05
1.12 -0.000260274556683
1.13 -0.000102800348028
1.14 0.000104269287143
1.15 5.967680733e-06
1.16 -0.00021239726665
1.17 -0.000162743077464
1.18 5.4445934867e-05
1.19 0.000145250335292
1.2 0.000229148452749
1.21 0.000443885354571
1.22 0.000457559158482
1.23 0.000259643689624
1.24 0.000214553979812
1.25 0.000159096693885
1.26 -3.6518154965e-05
1.27 -0.000126528227023
1.28 -0.000118335359817
1.29 -0.000100978427826
1.3 -0.00025665369391
1.31 -0.000755892688546
1.32 -0.001024698739869
1.33 -0.000970234283981
1.34 -0.001263431587991
1.35 -0.001656102372095
1.36 -0.001466365396085
1.37 -0.000762563885358
1.38 -1.3328502107e-05
1.39 0.000490503742701
1.4 0.000623203218213
1.41 0.000486796045547
1.42 0.000326308027824
1.43 0.000227679357307
1.44 0.000300138265234
1.45 0.000109095757975
1.46 -0.000387639229981
1.47 -0.000624813314345
1.48 -0.00061077301114
1.49 -0.000800652029979
1.5 -0.000826983687224
1.51 -0.000537655385028
1.52 -8.0861439677e-05
1.53 0.000312479779573
1.54 0.000472320502021
1.55 0.000666748247277
1.56 0.00127085936563
1.57 0.001896167026902
1.58 0.00231099307119
1.59 0.002182742208672
1.6 0.001277593259539
1.61 8.1547283712e-05
1.62 -0.000425520885661
1.63 -0.000202594243741
1.64 -0.000464503460784
1.65 -0.001329942746057
1.66 -0.001800275760443
1.67 -0.001502024602286
1.68 -0.000549117932212
1.69 0.000507111626406
1.7 0.000834674113625
1.71 0.000388540424749
1.72 -0.000134845018841
1.73 -0.000798494979537
1.74 -0.001593135217902
1.75 -0.00199452521245
1.76 -0.002021668220706
1.77 -0.001965562294609
1.78 -0.001636930434709
1.79 -0.000954579747732
1.8 -0.000415825725038
1.81 -8.5410492772e-05
1.82 0.000418554326513
1.83 0.000666787094301
1.84 0.000408259854903
1.85 0.000155498694923
1.86 0.000112342187052
1.87 0.000331990467539
1.88 0.000757503275967
1.89 0.001154554324
1.9 0.001226552720193
1.91 0.001217171346384
1.92 0.001241218171831
1.93 0.001318146658108
1.94 0.001249967862118
1.95 0.000761809702378
1.96 0.000136567171729
1.97 7.2448749944e-05
1.98 0.000437454392839
1.99 0.000201226153614
2.0 -0.000200968372274
2.01 -0.000214547685288
2.02 4.9667233711e-05
2.03 0.000612499700793
2.04 0.0010274071354
2.05 0.000327134764922
2.06 -0.000880449492908
2.07 -0.00117908083231
2.08 -0.001041482566145
2.09 -0.001416278005985
2.1 -0.001901913412615
2.11 -0.001737955423979
2.12 -0.001282307212196
2.13 -0.000645012410337
2.14 9.7159171185e-05
2.15 5.18916081e-05
2.16 -0.000731814226362
2.17 -0.001030331802143
2.18 -0.000778440494623
2.19 -0.000679075083821
2.2 -0.000623690269433
2.21 -8.8312947348e-05
2.22 0.000499068483476
2.23 0.00097840613473
2.24 0.001173100449936
2.25 0.000998525907812
2.26 0.000759600282475
2.27 0.000552757181545
2.28 0.000281438265164
2.29 -1.4590082392e-05
2.3 0.000163386462537
2.31 0.000870487595061
2.32 0.001458887697264
2.33 0.00196771919634
2.34 0.002172420962523
2.35 0.001852337246111
2.36 0.001482949983311
2.37 0.001308430384802
2.38 0.000956607103985
2.39 6.1951062306e-05
2.4 -0.001361988345196
2.41 -0.002858990700813
2.42 -0.003671034290585
2.43 -0.003652155457771
2.44 -0.003053150188113
2.45 -0.002080606586195
2.46 -0.001148543051892
2.47 -0.000613696471423
2.48 -0.000172415212635
2.49 0.000751266771061
2.5 0.001369300853988
2.51 0.001384029792806
2.52 0.001538313139325
2.53 0.00148448853404
2.54 0.000825715112699
2.55 -2.7719356688e-05
2.56 -0.000724965914002
2.57 -0.00108996839906
2.58 -0.000857734494746
2.59 0.00010062782284
2.6 0.001321515965124
2.61 0.002391109091725
2.62 0.003171474230426
2.63 0.003338375496463
2.64 0.002396779962729
2.65 0.001019784591245
2.66 -0.000421328259248
2.67 -0.002157001656064
2.68 -0.003908540515882
2.69 -0.004981080007026
2.7 -0.00520943793006
2.71 -0.004925090611719
2.72 -0.004429012774623
2.73 -0.003418861672669
2.74 -0.002027274088341
2.75 -0.000454528005556
2.76 0.001772707522751
2.77 0.004362813129736
2.78 0.006023298938879
2.79 0.005779430403703
2.8 0.005428810000988
2.81 0.005013970588626
2.82 0.004326206349791
2.83 0.00323037967749
2.84 0.001404974361354
2.85 -0.001990127017607
2.86 -0.005624422862389
2.87 -0.007422448936342
2.88 -0.007182836352967
2.89 -0.006594260496968
2.9 -0.004624812596562
2.91 -0.001613864969294
2.92 0.000761283512242
2.93 0.002531377987166
2.94 0.002763918772311
2.95 0.001196820572307
2.96 -0.001287349977676
2.97 -0.003661384335062
2.98 -0.005219092083317
2.99 -0.006305973868081
3.0 -0.007683241794796
3.01 -0.008793569582585
3.02 -0.009131516011976
3.03 -0.008337528253706
3.04 -0.006153396673265
3.05 -0.004190526053309
3.06 -0.001729298542053
3.07 -9.483687533e-06
3.08 0.002111240533934
3.09 0.004797825333138
3.1 0.007027677756605
3.11 0.008500410367452
3.12 0.009600798790588
3.13 0.009080401488928
3.14 0.005847962711671
3.15 0.000261360216079
3.16 -0.004942199494739
3.17 -0.007898088380496
3.18 -0.007056625902924
3.19 -0.003873060231473
3.2 -0.00094390000372
3.21 0.000450943723926
3.22 -0.000739124562327
3.23 -0.001510582388619
3.24 -0.002674654671888
3.25 -0.004066827188988
3.26 -0.005466260755788
3.27 -0.006008660530667
3.28 -0.005538043837606
3.29 -0.004798110623268
3.3 -0.004509570411314
3.31 -0.004722223038909
3.32 -0.004246829226512
3.33 -0.002796924524405
3.34 0.000953133712029
3.35 0.005766248505974
3.36 0.008065180007807
3.37 0.007598735185212
3.38 0.006768876670737
3.39 0.006528579776268
3.4 0.006188423430116
3.41 0.005480614654902
3.42 0.003305830254712
3.43 -5.7200817506e-05
3.44 -0.003433154403327
3.45 -0.004953142601878
3.46 -0.004794921528737
3.47 -0.003680423195931
3.48 -0.00161487293454
3.49 0.00104587120069
3.5 0.001712797554079
3.51 -8.594704747e-06
3.52 -0.003613900847786
3.53 -0.008419309802411
3.54 -0.010866604105927
3.55 -0.010620198734024
3.56 -0.010335836711725
3.57 -0.009425210007764
3.58 -0.007365176192701
3.59 -0.003231474865494
3.6 0.003772080628508
3.61 0.011455203344805
3.62 0.016607833037929
3.63 0.017523430575838
3.64 0.017737004945198
3.65 0.016336831787046
3.66 0.01540612910042
3.67 0.013299307074576
3.68 0.010611233306852
3.69 0.006916489055869
3.7 0.003238448491494
3.71 -0.001311160356998
3.72 -0.005175112854356
3.73 -0.008329921993307
3.74 -0.009626277251229
3.75 -0.009328768995103
3.76 -0.008284892071047
3.77 -0.003352821520586
3.78 0.004409160228904
3.79 0.010673183266746
3.8 0.015012174282411
3.81 0.015333116091419
3.82 0.014457120859673
3.83 0.003598220270503
3.84 -0.006141894273281
3.85 -0.014027763974347
3.86 -0.017636422026214
3.87 -0.017187790490217
3.88 -0.01702845964452
3.89 -0.011898071221796
3.9 -0.008364925236919
3.91 0.001665382140588
3.92 0.013835221284148
3.93 0.028220795885972
3.94 0.038506243256303
3.95 0.044214255607654
3.96 0.044540202608709
3.97 0.035888454185932
3.98 0.022346899998291
3.99 -0.003792665591419
4.0 -0.019423367267096
4.01 -0.036599569514865
4.02 -0.038538442565441
4.03 -0.026085634069784
4.04 -0.027491607702776
4.05 -0.011216328635291
4.06 -0.00135110540922
4.07 0.009956993123559
4.08 0.016344167556208
4.09 0.017731448191681
4.1 0.016524443391557
4.11 0.010289925188471
4.12 0.002582005409547
4.13 -0.00731580393381
4.14 -0.015637114891344
4.15 -0.021918862773356
4.16 -0.024611848918091
4.17 -0.026176529721157
4.18 -0.021466382982561
4.19 -0.009431395982687
4.2 0.010092192049947
4.21 0.032302360296574
4.22 0.050516568272109
4.23 0.055896143907828
4.24 0.056459283953489
4.25 0.047463979195722
4.26 0.028040280199205
4.27 0.002174104002112
4.28 -0.018343650161828
4.29 -0.037773982512363
4.3 -0.05189363441174
4.31 -0.041730950956779
4.32 -0.042570891285023
4.33 -0.02691230562948
4.34 -0.013633661444326
4.35 -0.000995104533992
4.36 0.011977812972034
4.37 0.021683815946083
4.38 0.03192010930247
4.39 0.037721126087272
4.4 0.041707842400449
4.41 0.036498844026453
4.42 0.025858109544942
4.43 0.014489004965731
4.44 0.005407825832157
4.45 -0.000798706999449
4.46 -0.003339758636895
4.47 -0.006684706034675
4.48 -0.013761899221527
4.49 -0.020288017990343
4.5 -0.02681306409287
4.51 -0.032752878116584
4.52 -0.030988682918413
4.53 -0.023161593956094
4.54 -0.00773651326138
4.55 0.016368067692712
4.56 0.042284500292067
4.57 0.061658175205122
4.58 0.070486754518836
4.59 0.077409100484062
4.6 0.072082486607623
4.61 0.069460319647363
4.62 0.062533165004679
4.63 0.047053784161261
4.64 0.021659524361611
4.65 -0.013992901398985
4.66 -0.043870902694721
4.67 -0.079196491095553
4.68 -0.099465473033144
4.69 -0.110119902181906
4.7 -0.108818844263792
4.71 -0.11428900861366
4.72 -0.101519367777242
4.73 -0.079727373058761
4.74 -0.054310709025604
4.75 -0.028556386885416
4.76 -0.009980134854963
4.77 0.008218541227523
4.78 0.031412524551768
4.79 0.061684562583331
4.8 0.08943555299533
4.81 0.118721046385633
4.82 0.132373772367015
4.83 0.147750608099164
4.84 0.156420899244475
4.85 0.157194655803178
4.86 0.147209660818243
4.87 0.133725520764508
4.88 0.122715645998719
4.89 0.110033240338048
4.9 0.10874379131808
4.91 0.102315954907142
4.92 0.097359278753212
4.93 0.095049773285583
4.94 0.096877948160623
4.95 0.102708325529257
4.96 0.102974717555
4.97 0.083471807391976
4.98 0.041100981895922
4.99 -0.001003059111785
5.0 -0.031306251735772
5.01 -0.063431810516994
5.02 -0.071481518771269
5.03 -0.073693488616547
5.04 -0.094950880591119
5.05 -0.107842630320091
5.06 -0.123897346089856
5.07 -0.133639570901014
5.08 -0.129482543022571
5.09 -0.102056855551558
5.1 -0.081706642427356
5.11 -0.047704613619239
5.12 -0.022736452125991
5.13 -0.004254968158982
5.14 -0.006304819659922
5.15 -0.023886005141512
5.16 -0.046298818660949
5.17 -0.071496373986135
5.18 -0.109057261604945
5.19 -0.142488837219762
5.2 -0.173262309260344
5.21 -0.194846589645855
5.22 -0.201055712569895
5.23 -0.213612484781102
5.24 -0.178517152259442
5.25 -0.148516028379798
5.26 -0.115613557641431
5.27 -0.085071603738177
5.28 -0.036857090509172
5.29 -0.02548572138709
5.3 -0.007270682838818
5.31 0.025570411012965
5.32 0.036799592669079
5.33 0.050145264414996
5.34 0.068425601831721
5.35 0.084318783039531
5.36 0.094886877990943
5.37 0.10350313378633
5.38 0.108162898539846
5.39 0.109835125692956
5.4 0.102305414084297
5.41 0.110228674505986
5.42 0.120498203431662
5.43 0.130749854005086
5.44 0.134900343858739
5.45 0.138051805574784
5.46 0.125349450853419
5.47 0.092713319211262
5.48 0.055905407711091
5.49 0.006030441128993
5.5 -0.044493143823417
5.51 -0.072336080381386
5.52 -0.088635519877118
5.53 -0.094785366774473
5.54 -0.080502670903384
5.55 -0.05106312453172
5.56 -0.041409890247825
5.57 -0.030599427560394
5.58 -0.031928207995101
5.59 -0.044357608958654
5.6 -0.072863864657769
5.61 -0.095529085537629
5.62 -0.118216286773414
5.63 -0.149980885916861
5.64 -0.158827591412963
5.65 -0.173578874812674
5.66 -0.180338914867054
5.67 -0.173684943592484
5.68 -0.166182877525229
5.69 -0.154954564540182
5.7 -0.14269700169678
5.71 -0.127147133679171
5.72 -0.106042053247093
5.73 -0.066289152062874
5.74 -0.041967427433908
5.75 -0.029247411854508
5.76 -0.026285697943166
5.77 -0.053214990083061
5.78 -0.067899711694868
5.79 -0.085632937171955
5.8 -0.0924210120965
5.81 -0.083943927782145
5.82 -0.07943437584422
5.83 -0.044194979142914
5.84 -0.031044889208667
5.85 -0.009766836654704
5.86 0.014638745478827
5.87 0.015543542310864
5.88 0.020808660595149
5.89 0.034355111159825
5.9 0.043737386918416
5.91 0.058324672653499
5.92 0.074677440098668
5.93 0.087824824209711
5.94 0.090177723699985
5.95 0.07269227279696
5.96 0.004824312177002
5.97 -0.082918948234371
5.98 -0.127263791545559
5.99 -0.193972428937551
6.0 -0.220242155711362
6.01 -0.191212918599953
6.02 -0.196014462671243
6.03 -0.144175569532948
6.04 -0.077825504798718
6.05 0.016681088978509
6.06 0.074160854704402
6.07 0.161258167287244
6.08 0.201532878999487
6.09 0.218591448910716
6.1 0.254887832288278
6.11 0.269333051303248
6.12 0.296132639428748
6.13 0.294091783309159
6.14 0.30365163871237
6.15 0.315829498820426
6.16 0.29703697477687
6.17 0.292400351776675
6.18 0.260184423555664
6.19 0.236090177508772
6.2 0.217093673774346
6.21 0.20334324721979
6.22 0.196183602691108
6.23 0.17871576016457
6.24 0.134413331160404
6.25 0.066022328640483
6.26 0.009103384487004
6.27 -0.049019559273653
6.28 -0.080656421887559
6.29 -0.089819489152917
6.3 -0.104393857036366
6.31 -0.112625346081544
6.32 -0.133822874793928
6.33 -0.150594152921474
6.34 -0.163234854974724
6.35 -0.170182968519364
6.36 -0.157212848737289
6.37 -0.154098069803455
6.38 -0.135386631933472
6.39 -0.111485289813024
6.4 -0.073074406395307
6.41 -0.038571281188439
6.42 -0.001885070174351
6.43 0.031790071315656
6.44 0.06078592569337
6.45 0.081328562525472
6.46 0.087284854369125
6.47 0.076942568998156
6.48 0.048898702911603
6.49 0.047966469986684
6.5 0.060864135319448
6.51 0.082505171520673
6.52 0.097109055243563
6.53 0.107096489586811
6.54 0.091028704626342
6.55 0.062318122575454
6.56 0.016231682567967
6.57 -0.009267495861079
6.58 -0.039314220330003
6.59 -0.038965478311396
6.6 -0.030630430171691
6.61 -0.003001178706816
6.62 0.020773192880501
6.63 0.044570459160605
6.64 0.057124973009357
6.65 0.068942392793847
6.66 0.081200730628731
6.67 0.098792107481626
6.68 0.101804452804272
6.69 0.106609645986235
6.7 0.081899317632898
6.71 0.011302539955599
6.72 -0.019407921409312
6.73 -0.085614027672849
6.74 -0.125205913704674
6.75 -0.132518729440849
6.76 -0.146092164824522
6.77 -0.123605316992562
6.78 -0.100371045328264
6.79 -0.051647420927561
6.8 0.014611306214369
6.81 0.061277165569826
6.82 0.111051200903506
6.83 0.144224488481815
6.84 0.145065177212822
6.85 0.188817829862126
6.86 0.201318858407934
6.87 0.220255846663506
6.88 0.21551817685086
6.89 0.204219825215392
6.9 0.195847825190708
6.91 0.180679508811842
6.92 0.138518457589958
6.93 0.114141745641349
6.94 0.083765564444954
6.95 0.069597338669094
6.96 0.069560650845059
6.97 0.088322506714184
6.98 0.10379033061738
6.99 0.120331735898914
7.0 0.14770989341668
7.01 0.163353062904506
7.02 0.186460978739826
7.03 0.189440393054681
7.04 0.185655657856085
7.05 0.158693702811242
7.06 0.14378781872305
7.07 0.11649312590562
7.08 0.075668854456988
7.09 0.051641733377776
7.1 0.019941358203313
7.11 -0.018401719393797
7.12 -0.053748218451161
7.13 -0.105967341966386
7.14 -0.165868387308491
7.15 -0.235415238804528
7.16 -0.305120821085885
7.17 -0.368080692417133
7.18 -0.424520677946294
7.19 -0.467706895465358
7.2 -0.504666080490045
7.21 -0.520267550737341
7.22 -0.578246206491854
7.23 -0.610812547982333
7.24 -0.637386350228715
7.25 -0.644237469998889
7.26 -0.648511250488355
7.27 -0.620522952549299
7.28 -0.604579417616402
7.29 -0.568940960198642
7.3 -0.513932027231922
7.31 -0.411986380900175
7.32 -0.235635217509213
7.33 -0.10055483786768
7.34 -0.011039102585607
7.35 0.086529480404544
7.36 0.125915260112717
7.37 0.0997995125451
7.38 0.139262594339233
7.39 0.166769379116188
7.4 0.151103404460034
7.41 0.183352223644235
7.42 0.202882551776756
7.43 0.216765427058812
7.44 0.256733053485397
7.45 0.291762643459069
7.46 0.333868970042318
7.47 0.372148076827994
7.48 0.409734987686555
7.49 0.419947860600744
7.5 0.455426562284398
7.51 0.470821395239357
7.52 0.481494008070146
7.53 0.478193438250077
7.54 0.482492112083836
7.55 0.481785823192899
7.56 0.486053885239246
7.57 0.492561696734065
7.58 0.501396452655691
7.59 0.506011070322194
7.6 0.501663779955404
7.61 0.480176336652473
7.62 0.355221521946543
7.63 0.16650577872604
7.64 0.067541376536214
7.65 -0.061627740004217
7.66 -0.173324945970599
7.67 -0.182776312585575
7.68 -0.198029571776273
7.69 -0.277022071788301
7.7 -0.300666744126115
7.71 -0.333126861585175
7.72 -0.378132875829831
7.73 -0.405643110409534
7.74 -0.439894090097899
7.75 -0.463462135793584
7.76 -0.488287054061175
7.77 -0.486225040342136
7.78 -0.519946894644885
7.79 -0.514975054722717
7.8 -0.514495701058304
7.81 -0.479038954143608
7.82 -0.444491952961845
7.83 -0.380749724199011
7.84 -0.318692617506741
7.85 -0.275492338826376
7.86 -0.231599494562335
7.87 -0.222800795113896
7.88 -0.225499593272345
7.89 -0.227453573304663
7.9 -0.22779276351709
7.91 -0.196784279535016
7.92 -0.136399567909757
7.93 -0.049588371887352
7.94 0.021385867446471
7.95 0.070640325022694
7.96 0.116840701258494
7.97 0.119832450536033
7.98 0.117025561612781
7.99 0.121950597562272
8.0 0.104826284195371
8.01 0.084213620965685
8.02 0.05261986686908
8.03 0.021401429397508
8.04 -0.009579662528745
8.05 -0.042082294400635
8.06 -0.066041280245879
8.07 -0.09382457311068
8.08 -0.117517128732146
8.09 -0.128771748751921
8.1 -0.143317292338495
8.11 -0.15474465451703
8.12 -0.149857540263227
8.13 -0.129192617106247
8.14 -0.055542151404632
8.15 0.019575750348839
8.16 0.085706635367025
8.17 0.164729037724222
8.18 0.196783317276654
8.19 0.196213554976238
8.2 0.221487208323858
8.21 0.205925883198931
8.22 0.19579613913656
8.23 0.210354999703524
8.24 0.241939004104248
8.25 0.307771051335201
8.26 0.345531568830584
8.27 0.379200317747622
8.28 0.441717410359747
8.29 0.427814597211944
8.3 0.43995779508729
8.31 0.434695046939019
8.32 0.418849363814334
8.33 0.40750032134836
8.34 0.411149020554935
8.35 0.415131827062874
8.36 0.414127892069458
8.37 0.441100559686786
8.38 0.441758729003062
8.39 0.457351186883122
8.4 0.46638873391691
8.41 0.466521057702828
8.42 0.460605102124106
8.43 0.409101797782064
8.44 0.209600865708771
8.45 0.097059557921012
8.46 0.008483382284467
8.47 -0.166983897755636
8.48 -0.167685249846539
8.49 -0.193920969837104
8.5 -0.25355465137179
8.51 -0.297124354028567
8.52 -0.334526397302707
8.53 -0.375725299275296
8.54 -0.420530798262375
8.55 -0.460492186601409
8.56 -0.49844493578464
8.57 -0.528513009064689
8.58 -0.53667789996096
8.59 -0.559074770319086
8.6 -0.566039281767222
8.61 -0.563683516708942
8.62 -0.549811676544957
8.63 -0.547858404649915
8.64 -0.543176790630522
8.65 -0.550418753095459
8.66 -0.559900130941953
8.67 -0.575741273346099
8.68 -0.575552174410412
8.69 -0.573272149439238
8.7 -0.537516351288059
8.71 -0.484567831423252
8.72 -0.450980502443677
8.73 -0.317710091443888
8.74 -0.227379677588134
8.75 -0.114094553431459
8.76 -0.013058109113677
8.77 0.054291731096731
8.78 0.112645333957129
8.79 0.148922522927028
8.8 0.191670947010541
8.81 0.249904541761023
8.82 0.305708302342326
8.83 0.359601205498965
8.84 0.412214518642493
8.85 0.460912186541634
8.86 0.503037164159348
8.87 0.540753171813075
8.88 0.568180477792964
8.89 0.589802126833194
8.9 0.587222614823918
8.91 0.579999892707393
8.92 0.588732305939627
8.93 0.556743997370042
8.94 0.51988274034908
8.95 0.482115572924119
8.96 0.41973379308283
8.97 0.383578079736972
8.98 0.342380963312009
8.99 0.319700613374323
9.0 0.30854388020832
9.01 0.307813261676306
9.02 0.320990476126975
9.03 0.310704386262593
9.04 0.299553486692202
9.05 0.245908581220896
9.06 0.165871385856763
9.07 0.092014394437379
9.08 0.026268926726672
9.09 -0.015385209221258
9.1 -0.057687808552712
9.11 -0.072211389313191
9.12 -0.103565756744303
9.13 -0.135853181957843
9.14 -0.162393350451074
9.15 -0.186204084896774
9.16 -0.196573756147085
9.17 -0.209519907172747
9.18 -0.218323817736032
9.19 -0.228983834271105
9.2 -0.245076117811334
9.21 -0.264940164024419
9.22 -0.287751801352273
9.23 -0.313589884749059
9.24 -0.342287711185908
9.25 -0.363595097071652
9.26 -0.38694082698606
9.27 -0.429321200143138
9.28 -0.450196704530056
9.29 -0.470243908580394
9.3 -0.485144356432427
9.31 -0.493940315743546
9.32 -0.498287741648004
9.33 -0.493577980703767
9.34 -0.474980194227166
9.35 -0.389462492878903
9.36 -0.215030544602342
9.37 -0.128818309797422
9.38 -0.069959105314147
9.39 0.057218226066276
9.4 -0.030339617408596
9.41 -0.040065731796346
9.42 -0.05525674216088
9.43 -0.148932222899109
9.44 -0.171410547056352
9.45 -0.221614491843208
9.46 -0.238067152172257
9.47 -0.230493301503982
9.48 -0.188051700761953
9.49 -0.156786782435481
9.5 -0.104842673432831
9.51 -0.052985539591579
9.52 0.004610035295534
9.53 0.038116916183247
9.54 0.065739156025724
9.55 0.084066395444138
9.56 0.161896128189193
9.57 0.201014393326457
9.58 0.245947173963174
9.59 0.362279439542996
9.6 0.36644461564375
9.61 0.423785315055182
9.62 0.467961345165759
9.63 0.492519076720499
9.64 0.536014406524782
9.65 0.534481342225829
9.66 0.581153924640632
9.67 0.577972420773672
9.68 0.582475481858406
9.69 0.568931629873925
9.7 0.554383176268207
9.71 0.545916667082652
9.72 0.520773847552809
9.73 0.50034819107371
9.74 0.464967728967006
9.75 0.425786083390157
9.76 0.366503564235679
9.77 0.268649568983013
9.78 0.154192357768151
9.79 0.051864073586712
9.8 -0.024331601796261
9.81 -0.089918196962779
9.82 -0.111619848327696
9.83 -0.12883169633378
9.84 -0.148334021547693
9.85 -0.172054106943087
9.86 -0.201075211017285
9.87 -0.221683901142371
9.88 -0.258011705727878
9.89 -0.291586897894939
9.9 -0.322691007588642
9.91 -0.348837472615436
9.92 -0.366992503612473
9.93 -0.374715402009013
9.94 -0.372308911645209
9.95 -0.355569180230812
9.96 -0.33469896311599
9.97 -0.344082220737401
9.98 -0.336700043430277
9.99 -0.347407606149348
10.0 -0.354560015872786
10.01 -0.378658678084
10.02 -0.394374185296126
10.03 -0.41564758812385
10.04 -0.43353116983086
10.05 -0.43628510888091
10.06 -0.398430582574077
10.07 -0.152939674807393
10.08 -0.086671969253179
10.09 0.004525802573152
10.1 0.214946736474043
10.11 0.116497013028857
10.12 0.162494513650993
10.13 0.19752341621096
10.14 0.184406393247515
10.15 0.205116145248059
10.16 0.20711490252954
10.17 0.213479995138633
10.18 0.217942426568836
10.19 0.221588350062034
10.2 0.234091776995251
10.21 0.243630544650527
10.22 0.254778417987982
10.23 0.258639180636926
10.24 0.281513745952418
10.25 0.311298014216783
10.26 0.342672733477054
10.27 0.374463116051891
10.28 0.411947280504234
10.29 0.448444603425902
10.3 0.472033939923356
10.31 0.500905498475441
10.32 0.524883588281654
10.33 0.531952682571352
10.34 0.528614044363941
10.35 0.420761416192174
10.36 0.105750188191469
10.37 0.061747005258755
10.38 -0.11631023842549
10.39 -0.347657110912091
10.4 -0.219030470439601
10.41 -0.303432817826397
10.42 -0.362768388594341
10.43 -0.32906636735471
10.44 -0.373999305069426
10.45 -0.368668669849266
10.46 -0.35892815748974
10.47 -0.337884712369434
10.48 -0.293189069610831
10.49 -0.232201472951774
10.5 -0.184044746081538
10.51 -0.117812168020701
10.52 -0.05954409283595
10.53 -0.010465704979921
10.54 0.007989568226653
10.55 0.012486150622894
10.56 -0.010567085451995
10.57 -0.059786987715898
10.58 -0.08566883661665
10.59 -0.129488523583106
10.6 -0.163431446713654
10.61 -0.214824837734136
10.62 -0.262488412727599
10.63 -0.296924120585004
10.64 -0.305596865767688
10.65 -0.264723964349002
10.66 -0.174203006534136
10.67 -0.156252435181424
10.68 -0.063292773228009
10.69 -0.017606178334071
10.7 -0.048801874180068
10.71 0.017286375097207
10.72 0.009844739612248
10.73 0.043315456954204
10.74 0.051226913582412
10.75 0.061175272910371
10.76 0.08161030480498
10.77 0.085840828499632
10.78 0.079980446924337
10.79 0.093730158169408
10.8 0.081603610350942
10.81 0.066949807688256
10.82 0.048257303259475
10.83 0.000765039607535
10.84 -0.028789506350146
10.85 -0.071078957664183
10.86 -0.089023653004899
10.87 -0.12548564969666
10.88 -0.143646045371862
10.89 -0.163950912932543
10.9 -0.186375196081673
10.91 -0.20662898055782
10.92 -0.228890759289959
10.93 -0.231805613534121
10.94 -0.217965157268746
10.95 -0.18044562502256
10.96 -0.118551300202259
10.97 -0.034199192789505
10.98 0.027453897718352
10.99 0.073047056704027
11.0 0.120588470795801
11.01 0.122057641036464
11.02 0.127725789172178
11.03 0.131719856909286
11.04 0.121405234044899
11.05 0.120098183770312
11.06 0.11477845026187
11.07 0.120859357939952
11.08 0.125562640650912
11.09 0.12946656117459
11.1 0.137979885574302
11.11 0.143117227533327
11.12 0.165965849334005
11.13 0.20699151940962
11.14 0.241307704548234
11.15 0.268239381298451
11.16 0.299707431503862
11.17 0.326208323946795
11.18 0.344996121727547
11.19 0.36997756416713
11.2 0.398777302239457
11.21 0.414192260790028
11.22 0.422176954691779
11.23 0.425547942901427
11.24 0.4219895128807
11.25 0.406682563268691
11.26 0.365615858260598
11.27 0.300387001047259
11.28 0.199123011316801
11.29 0.132918503584465
11.3 0.080173172761964
11.31 0.01319949190366
11.32 0.02025176738896
11.33 -0.015710387382495
11.34 -0.051056849874055
11.35 -0.071503613378184
11.36 -0.120769249755224
11.37 -0.138166133507246
11.38 -0.182630287210092
11.39 -0.208342398625905
11.4 -0.242283850061552
11.41 -0.278202238100256
11.42 -0.306913712512579
11.43 -0.341467306861252
11.44 -0.371329382341608
11.45 -0.40058668210033
11.46 -0.422731637556948
11.47 -0.426428894193624
11.48 -0.455337339994415
11.49 -0.458114366676179
11.5 -0.466157124277129
11.51 -0.446482557205105
11.52 -0.412765758329342
11.53 -0.37967581876899
11.54 -0.341936012120845
11.55 -0.309155266007803
11.56 -0.265267647722488
11.57 -0.182789845829229
11.58 -0.085608238312312
11.59 -0.02473590410295
11.6 0.042844124011869
11.61 0.094033083514898
11.62 0.089967178885185
11.63 0.118566904741553
11.64 0.148271596249777
11.65 0.166573009376789
11.66 0.188583928275291
11.67 0.203420680978932
11.68 0.218928064388814
11.69 0.226328850640959
11.7 0.233648920249979
11.71 0.235303571229746
11.72 0.235082643653717
11.73 0.219520662776067
11.74 0.221539084836433
11.75 0.228742906651578
11.76 0.236222334477323
11.77 0.244602946860367
11.78 0.259838718105293
11.79 0.271208688511443
11.8 0.283887843622251
11.81 0.294718519556871
11.82 0.309586315921304
11.83 0.32661307659279
11.84 0.345808858596486
11.85 0.366475994441064
11.86 0.384137123698389
11.87 0.393666127602981
11.88 0.393102634411338
11.89 0.377222209481684
11.9 0.301252762463712
11.91 0.192359782698294
11.92 0.152928339434736
11.93 0.061961605180874
11.94 0.025641993118412
11.95 0.048656276055318
11.96 0.011058621630197
11.97 0.024781629773618
11.98 -0.002082584322239
11.99 -0.000620888823975
12.0 -0.021460864627906
12.01 -0.031688028585976
12.02 -0.049349910365657
12.03 -0.068655365315229
12.04 -0.088066018375873
12.05 -0.111390205732731
12.06 -0.135305165542964
12.07 -0.158707528209832
12.08 -0.182047877768012
12.09 -0.203799756776752
12.1 -0.224785298956077
12.11 -0.249678876766531
12.12 -0.274352367894736
12.13 -0.303058999038512
12.14 -0.333622917979792
12.15 -0.359688797224761
12.16 -0.366533282686833
12.17 -0.403171305907759
12.18 -0.412395501752362
12.19 -0.4231906055147
12.2 -0.417288098309202
12.21 -0.407032250945555
12.22 -0.369908528300957
12.23 -0.322993907228819
12.24 -0.266938266715259
12.25 -0.218118636047425
12.26 -0.158881281079474
12.27 -0.096762301745499
12.28 -0.053893398369116
12.29 -0.026740853319731
12.3 0.010395891910225
12.31 0.012931209644573
12.32 0.011306889510858
12.33 0.02617212241053
12.34 0.030758508247787
12.35 0.039029256334715
12.36 0.047450508261454
12.37 0.053572268430552
12.38 0.058177130830128
12.39 0.058824057482283
12.4 0.060661848100995
12.41 0.06186101098311
12.42 0.067692844480684
12.43 0.078256178674143
12.44 0.092356579362142
12.45 0.10903836246881
12.46 0.124248472073764
12.47 0.136938431803339
12.48 0.138369257710163
12.49 0.134635880529264
12.5 0.142421871828025
12.51 0.132836177707764
12.52 0.115706871321691
12.53 0.082272371563586
12.54 0.0246511517123
12.55 -0.011018598489276
12.56 -0.039976684980806
12.57 -0.06343473561746
12.58 -0.044679055645758
12.59 -0.031825989956445
12.6 0.008174292984612
12.61 0.034898154917487
12.62 0.068749245354894
12.63 0.09558682463151
12.64 0.104261473742883
12.65 0.10747546909152
12.66 0.119093313761749
12.67 0.136466429653602
12.68 0.135592522676517
12.69 0.137940937966479
12.7 0.110968655194285
12.71 0.053897309462739
12.72 0.014121851137341
12.73 -0.036782121416776
12.74 -0.056294607198025
12.75 -0.064688277365293
12.76 -0.06283049861809
12.77 -0.061728048398094
12.78 -0.060765874552564
12.79 -0.061250824696492
12.8 -0.070912031492574
12.81 -0.086112573532547
12.82 -0.108121138627277
12.83 -0.122650135400113
12.84 -0.146462462314687
12.85 -0.164989980205459
12.86 -0.176427400246968
12.87 -0.180527419972011
12.88 -0.1775580208566
12.89 -0.167764901554208
12.9 -0.15415583659794
12.91 -0.134722033995013
12.92 -0.111026120590899
12.93 -0.078183622200475
12.94 -0.044003931973306
12.95 -0.0183051416418
12.96 0.019558010758554
12.97 0.036264628935914
12.98 0.042701147976148
12.99 0.04918374026788
13.0 0.047098590442485
13.01 0.049571458409894
13.02 0.052588402784061
13.03 0.068261448938572
13.04 0.075455835629278
13.05 0.084930103341895
13.06 0.090550610391965
13.07 0.095023363203086
13.08 0.098082818941533
13.09 0.096850354892321
13.1 0.08995772848292
13.11 0.086368218266052
13.12 0.066042419884379
13.13 0.052146805691989
13.14 0.047017014562279
13.15 0.038691530084435
13.16 0.048926049722344
13.17 0.053983824678536
13.18 0.034603262877031
13.19 0.021710339701621
13.2 0.003401888405442
13.21 -0.022970998964457
13.22 -0.036211437200172
13.23 -0.047332842179612
13.24 -0.05766475924398
13.25 -0.074255424545982
13.26 -0.088241474154405
13.27 -0.104463190628128
13.28 -0.118755341790987
13.29 -0.131390577748502
13.3 -0.142850755277616
13.31 -0.153280555169985
13.32 -0.157009144740964
13.33 -0.157367068517316
13.34 -0.152215105646255
13.35 -0.141478084480969
13.36 -0.125510659879554
13.37 -0.101121046010182
13.38 -0.073739908826522
13.39 -0.048650577910444
13.4 -0.027129974568945
13.41 -0.016708697855403
13.42 -0.007133471154898
13.43 0.002617870597309
13.44 0.020804424279632
13.45 0.043492972403187
13.46 0.064826157297122
13.47 0.088612062037124
13.48 0.104807038942683
13.49 0.114669845265276
13.5 0.123943105964205
13.51 0.126723903978402
13.52 0.127553445352322
13.53 0.124088501256572
13.54 0.110768885321182
13.55 0.103855066499727
13.56 0.09632046488158
13.57 0.080766965990259
13.58 0.059559876754351
13.59 0.036780131028582
13.6 0.010029089947798
13.61 -0.020081974882783
13.62 -0.05248956762442
13.63 -0.076130375053328
13.64 -0.088304221071433
13.65 -0.106393678912752
13.66 -0.111165380703851
13.67 -0.120330939381221
13.68 -0.125494295948926
13.69 -0.133846458048618
13.7 -0.139341012814062
13.71 -0.144146421731123
13.72 -0.146780460150285
13.73 -0.147719237952303
13.74 -0.146649313554814
13.75 -0.142634621082066
13.76 -0.131888294569094
13.77 -0.111853300580321
13.78 -0.085062290494411
13.79 -0.054224692866532
13.8 -0.026897473550587
13.81 -0.000775464489343
13.82 0.024249073766969
13.83 0.044237463328746
13.84 0.063901125144335
13.85 0.079188257965691
13.86 0.08972907462422
13.87 0.09473076013506
13.88 0.098740867835368
13.89 0.100676542307442
13.9 0.103389015421554
13.91 0.10668984139173
13.92 0.110190409960337
13.93 0.114890752371091
13.94 0.119307135853704
13.95 0.118751722414308
13.96 0.122054794930127
13.97 0.133232082442075
13.98 0.135947666944832
13.99 0.130822380325605
14.0 0.128147250100527
14.01 0.12710766648819
14.02 0.119878909186543
14.03 0.11285926638157
14.04 0.082954124147424
14.05 0.05575627482857
14.06 0.036750568852528
14.07 -0.011363053938661
14.08 -0.008360667475565
14.09 -0.034624561649086
14.1 -0.042260450206752
14.11 -0.044507041469217
14.12 -0.04664484140391
14.13 -0.040312696174899
14.14 -0.028591068505585
14.15 -0.029154827933949
14.16 -0.028872352476906
14.17 -0.028817709098832
14.18 -0.026068202312244
14.19 -0.022316995459668
14.2 -0.017061363039285
14.21 -0.009890492116881
14.22 -0.001217250323801
14.23 0.006391349261794
14.24 0.014710334924154
14.25 0.02360337145108
14.26 0.030366167233432
14.27 0.040602277380734
14.28 0.053140996739421
14.29 0.066074939132924
14.3 0.070292406390882
14.31 0.074302552726876
14.32 0.065550260160585
14.33 0.045581732426288
14.34 0.01040864375424
14.35 -0.022450653126668
14.36 -0.046793858369868
14.37 -0.070468078623968
14.38 -0.077504271437884
14.39 -0.070689144186784
14.4 -0.076217756882545
14.41 -0.070700427543528
14.42 -0.064620518600081
14.43 -0.054374135699993
14.44 -0.046419396567482
14.45 -0.037519034999031
14.46 -0.034407818772112
14.47 -0.035935251617703
14.48 -0.045517307067035
14.49 -0.063089158328978
14.5 -0.081093972467764
14.51 -0.098682348053329
14.52 -0.116426452925092
14.53 -0.138640774316508
14.54 -0.1435521872449
14.55 -0.158329755302632
14.56 -0.165371111825585
14.57 -0.159874451385971
14.58 -0.161637844214731
14.59 -0.154820279766233
14.6 -0.147579037019246
14.61 -0.135235157401134
14.62 -0.124338639875555
14.63 -0.110117818872729
14.64 -0.103842945118348
14.65 -0.100508212419024
14.66 -0.10029259430362
14.67 -0.095592121156778
14.68 -0.08992464435946
14.69 -0.082557196574811
14.7 -0.071600985698882
14.71 -0.059241092159876
14.72 -0.050012137327815
14.73 -0.03115312327724
14.74 -0.009880902331151
14.75 0.013596630818988
14.76 0.039192180687143
14.77 0.058611191928202
14.78 0.072340680830791
14.79 0.083364303055733
14.8 0.091124742501387
14.81 0.099500262337165
14.82 0.108247098684877
14.83 0.119170728759018
14.84 0.129199616924755
14.85 0.138026861837877
14.86 0.146584838443086
14.87 0.153386180604831
14.88 0.156356434874951
14.89 0.147231150318509
14.9 0.153488363942788
14.91 0.147611877877032
14.92 0.145219832862061
14.93 0.135759135159761
14.94 0.124666192448779
14.95 0.113165301371168
14.96 0.084683864797972
14.97 0.062646407563041
14.98 0.046953592243924
14.99 0.029400658948776
15.0 0.026262795946283
15.01 0.023038189054464
15.02 0.011294104309334
15.03 0.008417727042536
15.04 0.0008058463876
15.05 -0.006233063790459
15.06 -0.008180825976003
15.07 -0.013813759819995
15.08 -0.023065558437489
15.09 -0.02626295000808
15.1 -0.031675119780608
15.11 -0.028339776521832
15.12 -0.022455166461167
15.13 -0.023732219647916
15.14 -0.021924450817878
15.15 -0.022181813076789
15.16 -0.024074696679504
15.17 -0.030143831911937
15.18 -0.041030131937198
15.19 -0.051550875249152
15.2 -0.062799318067218
15.21 -0.070820512201409
15.22 -0.073545576160798
15.23 -0.071418628262277
15.24 -0.063657543014962
15.25 -0.049631592124131
15.26 -0.018025557509424
15.27 0.016013887688646
15.28 0.030128064299865
15.29 0.060544523657172
15.3 0.062117357889839
15.31 0.057451192224733
15.32 0.060696469547694
15.33 0.051546284054274
15.34 0.045216430304269
15.35 0.029524456366017
15.36 0.024922576559423
15.37 0.015127397677792
15.38 0.009797108425415
15.39 0.006625343189102
15.4 0.005673078105633
15.41 0.007925739438898
15.42 0.016214996365424
15.43 0.026107317621487
15.44 0.035718214707275
15.45 0.045599768291651
15.46 0.048263130328767
15.47 0.041386011330617
15.48 0.024598406377029
15.49 0.004679518702501
15.5 -0.021675784461221
15.51 -0.040335172105951
15.52 -0.048597894290845
15.53 -0.045007848777139
15.54 -0.027401089830749
15.55 -0.011004894632497
15.56 0.022548472090011
15.57 0.053217575387603
15.58 0.083846647525572
15.59 0.108789972916702
15.6 0.128486497825433
15.61 0.141658162668001
15.62 0.153825547133199
15.63 0.172535986827954
15.64 0.172795406603426
15.65 0.196125500700186
15.66 0.202852681259184
15.67 0.196912836468388
15.68 0.201213450255981
15.69 0.189676132366945
15.7 0.169918636089481
15.71 0.15909963119047
15.72 0.118616623031574
15.73 0.0743300151684
15.74 0.011510707822718
15.75 -0.032939509703462
15.76 -0.063698004858893
15.77 -0.111740921101973
15.78 -0.102066893184495
15.79 -0.125527147703276
15.8 -0.137382438192123
15.81 -0.141462865988887
15.82 -0.153460832905766
15.83 -0.148759777055576
15.84 -0.152976458150383
15.85 -0.139170806724449
15.86 -0.123332534092141
15.87 -0.105264254738824
15.88 -0.100947502256376
15.89 -0.093859872203655
15.9 -0.090640201204028
15.91 -0.09432649989655
15.92 -0.10036398273052
15.93 -0.114356629378322
15.94 -0.125538397667584
15.95 -0.140533700263508
15.96 -0.149082084321647
15.97 -0.14682387905842
15.98 -0.15783946087961
15.99 -0.14992851768125
16.0 -0.085086113848478
16.01 -0.030625961299512
16.02 -0.003634700598435
16.03 0.084809386994764
16.04 0.091456782988422
16.05 0.101781232007025
16.06 0.130225318991694
16.07 0.131961571476107
16.08 0.14552793002888
16.09 0.129843987333721
16.1 0.131670770102098
16.11 0.111969811203234
16.12 0.093673071953753
16.13 0.058630907531316
16.14 0.031809192999646
16.15 0.000646149360124
16.16 -0.023943850713524
16.17 -0.037201196053368
16.18 -0.042165905373425
16.19 -0.031745640987479
16.2 -0.00497052606098
16.21 0.016353812427644
16.22 0.04235430918102
16.23 0.055108233721845
16.24 0.05841776139621
16.25 0.050623325387297
16.26 0.030806430518461
16.27 0.012981407894377
16.28 0.010029325277788
16.29 0.002048170864717
16.3 0.013754823853372
16.31 0.037128346912364
16.32 0.043922181381462
16.33 0.069386487789373
16.34 0.083517628589815
16.35 0.101800365062622
16.36 0.112648638048525
16.37 0.110991379100704
16.38 0.117263330075911
16.39 0.115569299668767
16.4 0.105244805649895
16.41 0.105953117881626
16.42 0.098625399646
16.43 0.092764941141144
16.44 0.098350418094725
16.45 0.084230104408347
16.46 0.087729430361612
16.47 0.045463479775212
16.48 0.005691390584977
16.49 -0.011065341611643
16.5 -0.047037629295993
16.51 -0.052759981033008
16.52 -0.04755118872875
16.53 -0.062641617552498
16.54 -0.061831444157986
16.55 -0.076529753091029
16.56 -0.077003920562949
16.57 -0.083626668030511
16.58 -0.078701338490038
16.59 -0.079112896516821
16.6 -0.071744826681258
16.61 -0.068222142853446
16.62 -0.061037670549477
16.63 -0.058617148244629
16.64 -0.061286165010516
16.65 -0.063587922447016
16.66 -0.070789914112781
16.67 -0.080448412345829
16.68 -0.087096397818868
16.69 -0.094819081769267
16.7 -0.105113328468377
16.71 -0.113296883309196
16.72 -0.126723113785078
16.73 -0.130222558790761
16.74 -0.130232200686333
16.75 -0.119927682382247
16.76 -0.097444129903984
16.77 -0.057815204271221
16.78 -0.025419504767983
16.79 0.006693016157919
16.8 0.040664400130758
16.81 0.049099054539296
16.82 0.066852005467823
16.83 0.075132711873682
16.84 0.084026470886393
16.85 0.083754839351841
16.86 0.076748864176289
16.87 0.078798042853248
16.88 0.070553607388681
16.89 0.059569613700504
16.9 0.04586191231393
16.91 0.028342170498913
16.92 0.009465463166424
16.93 -0.011708796739802
16.94 -0.029613880898821
16.95 -0.042561714406976
16.96 -0.047168408858198
16.97 -0.039939742335775
16.98 -0.024175681116822
16.99 -0.001536024607136
17.0 0.01837744369769
17.01 0.026926497556951
17.02 0.032370542972785
17.03 0.028856363541345
17.04 0.024541274251412
17.05 0.008106748613303
17.06 -0.004021310732694
17.07 -0.012385563312366
17.08 -0.026480721478868
17.09 -0.02861501375561
17.1 -0.016600820847313
17.11 0.003153382223961
17.12 0.033604710545137
17.13 0.050987245708076
17.14 0.071687412262856
17.15 0.083564958183939
17.16 0.0845454300893
17.17 0.079286609234506
17.18 0.082020114178211
17.19 0.073097454567951
17.2 0.064528883877806
17.21 0.059428458019232
17.22 0.031592177157087
17.23 0.001721901886583
17.24 -0.026165328847678
17.25 -0.051069505335181
17.26 -0.07155370585525
17.27 -0.073127793064576
17.28 -0.073551651924478
17.29 -0.072808342013545
17.3 -0.068444043908264
17.31 -0.070768482045295
17.32 -0.077725368610553
17.33 -0.089340076468054
17.34 -0.100283010529233
17.35 -0.12152582885194
17.36 -0.138992272540673
17.37 -0.153299144391134
17.38 -0.160506597297487
17.39 -0.161369337925955
17.4 -0.159479602830525
17.41 -0.158981001203669
17.42 -0.15248761751879
17.43 -0.148953385986659
17.44 -0.145894137965909
17.45 -0.130405259923152
17.46 -0.12114249300495
17.47 -0.093325680830341
17.48 -0.042725490529361
17.49 0.000292510192715
17.5 0.033766464163581
17.51 0.08172145125423
17.52 0.089474552269557
17.53 0.103239305020582
17.54 0.120883423919554
17.55 0.127171472152392
17.56 0.146846173826129
17.57 0.155091606504957
17.58 0.171977321554389
17.59 0.177242904322032
17.6 0.176268434555728
17.61 0.191375704203374
17.62 0.190337056747294
17.63 0.18879837210456
17.64 0.18097044082026
17.65 0.168244259730899
17.66 0.154867339209477
17.67 0.129878138742441
17.68 0.096945682086264
17.69 0.060376167297153
17.7 0.031350967559315
17.71 0.000879506934766
17.72 -0.017969495098339
17.73 -0.03175554319769
17.74 -0.05236105551054
17.75 -0.064465992400966
17.76 -0.073371795628157
17.77 -0.070831137185275
17.78 -0.064953431118598
17.79 -0.053425666632866
17.8 -0.043247770856046
17.81 -0.041419019669194
17.82 -0.044649963147127
17.83 -0.049964650106174
17.84 -0.059260905431177
17.85 -0.070016549192723
17.86 -0.082493372048248
17.87 -0.10661284315943
17.88 -0.112692389337064
17.89 -0.130616310924997
17.9 -0.138208951560406
17.91 -0.134319572764455
17.92 -0.121128568574696
17.93 -0.069158742233271
17.94 0.009134095404947
17.95 0.043931270246351
17.96 0.113478224607929
17.97 0.14931348386443
17.98 0.147029688241427
17.99 0.177370828852591
18.0 0.176198197579076
18.01 0.173725888286342
18.02 0.180322297787418
18.03 0.169968382239711
18.04 0.151674213881396
18.05 0.127359699378021
18.06 0.096355095193405
18.07 0.068835792146685
18.08 0.037340430827143
18.09 0.01219467338802
18.1 -0.005104082044151
18.11 -0.016612208769271
18.12 -0.02156220260385
18.13 -0.014840454049319
18.14 -0.008912078018037
18.15 0.005158752071223
18.16 0.020199156748664
18.17 0.035379880168051
18.18 0.038070864006213
18.19 0.028867386144731
18.2 0.024937004289033
18.21 0.024987875110136
18.22 0.019309157981854
18.23 0.03416646952347
18.24 0.036961422098387
18.25 0.024406075629292
18.26 0.021373416032998
18.27 -0.002298529339492
18.28 -0.012137358639844
18.29 -0.028246775303351
18.3 -0.032574613086353
18.31 -0.038651423993561
18.32 -0.047974129061567
18.33 -0.062271963307597
18.34 -0.065109076666181
18.35 -0.090796665832763
18.36 -0.096937252983112
18.37 -0.102538053501721
18.38 -0.101129293557285
18.39 -0.105832126115617
18.4 -0.103135070876694
18.41 -0.096495219995033
18.42 -0.087036015273319
18.43 -0.073000377185125
18.44 -0.052016206371337
18.45 -0.018701762387696
18.46 0.00831809424328
18.47 0.029343036640389
18.48 0.055247052748037
18.49 0.055730601758072
18.5 0.058839280630186
18.51 0.052335089121542
18.52 0.04102909188246
18.53 0.033932388380468
18.54 0.016792798332154
18.55 -0.001158143227481
18.56 -0.014314766748693
18.57 -0.02469273473935
18.58 -0.034193030507811
18.59 -0.041456052107565
18.6 -0.040791696938487
18.61 -0.033019709601768
18.62 -0.025640627545026
18.63 -0.010105769562836
18.64 0.004591866025975
18.65 0.012224545416369
18.66 0.015484153173652
18.67 0.007955456332134
18.68 -0.004543180492306
18.69 -0.022473035629994
18.7 -0.039023210971337
18.71 -0.048823715492618
18.72 -0.056365611065317
18.73 -0.060952044610542
18.74 -0.064558846930831
18.75 -0.064478132565886
18.76 -0.061804790712262
18.77 -0.058085091742616
18.78 -0.047346652775498
18.79 -0.037146340972818
18.8 -0.028606044819766
18.81 -0.023102198520557
18.82 -0.018408042628461
18.83 -0.017870175820263
18.84 -0.017469054420411
18.85 -0.016580998431941
18.86 -0.015208402511142
18.87 -0.011655593893138
18.88 -0.002349152924412
18.89 0.007568872001867
18.9 0.019595150928535
18.91 0.033276234519374
18.92 0.048178950784954
18.93 0.058938888850737
18.94 0.070545259023911
18.95 0.07550838190125
18.96 0.070847307102857
18.97 0.077188655968984
18.98 0.08473881251298
18.99 0.086172879307458
19.0 0.093926364574942
19.01 0.089504898405169
19.02 0.083682999420257
19.03 0.072592346326026
19.04 0.050010264417067
19.05 0.015432450466541
19.06 -0.026054386268705
19.07 -0.052694004522145
19.08 -0.085502376751888
19.09 -0.102943475993731
19.1 -0.107155419125319
19.11 -0.114642669645857
19.12 -0.118392433493129
19.13 -0.131829719600481
19.14 -0.137930519598963
19.15 -0.139320380626505
19.16 -0.140939606794504
19.17 -0.134402294496225
19.18 -0.127789365266791
19.19 -0.11779811431257
19.2 -0.104195332544422
19.21 -0.090808995433803
19.22 -0.076084466563103
19.23 -0.056803703926351
19.24 -0.038182070973961
19.25 -0.013947696323619
19.26 0.014476493729402
19.27 0.036102726458685
19.28 0.055886524331502
19.29 0.067277589833752
19.3 0.079358781756254
19.31 0.087358616818964
19.32 0.093808098538287
19.33 0.098595752321687
19.34 0.097858066607432
19.35 0.095878432185617
19.36 0.092128268722711
19.37 0.083388917825838
19.38 0.081686189541988
19.39 0.085820481022346
19.4 0.089441878720043
19.41 0.094409078104129
19.42 0.103207060610634
19.43 0.114704470730767
19.44 0.122978247765161
19.45 0.132445995213721
19.46 0.13511469069785
19.47 0.133039289863302
19.48 0.123272841743026
19.49 0.095382778400185
19.5 0.051742706361105
19.51 0.026229620524939
19.52 -0.012110951332957
19.53 -0.03102684863653
19.54 -0.032516991505061
19.55 -0.041664037459551
19.56 -0.040790549102585
19.57 -0.041528312817537
19.58 -0.035582190363933
19.59 -0.027272054449276
19.6 -0.014979099305147
19.61 -0.003835376975713
19.62 0.006862017766897
19.63 0.01590516747805
19.64 0.026540168914485
19.65 0.035709895758122
19.66 0.045077607004486
19.67 0.054615407743204
19.68 0.062607764795365
19.69 0.069768418568951
19.7 0.080275360323451
19.71 0.088245553917246
19.72 0.097667617892178
19.73 0.107627723987872
19.74 0.115683760405628
19.75 0.113201161458266
19.76 0.093485504640337
19.77 0.048370936161598
19.78 -0.009801091669199
19.79 -0.055225127502075
19.8 -0.099046518968861
19.81 -0.125309660371544
19.82 -0.12539635718792
19.83 -0.131780193140409
19.84 -0.125443185723736
19.85 -0.122011180419088
19.86 -0.114034575252237
19.87 -0.111309403041945
19.88 -0.104903112323387
19.89 -0.094263714045004
19.9 -0.071927427980737
19.91 -0.039483171566703
19.92 -0.024775621442144
19.93 0.000468927607403
19.94 0.002832457835786
19.95 0.003611438279962
19.96 -0.004882313693871
19.97 -0.024658633531073
19.98 -0.041252989294264
19.99 -0.064585320954794
20.0 -0.079074518755878
20.01 -0.090087136338426
20.02 -0.083877698916675
20.03 -0.056430863833911
20.04 -0.040481344610891
20.05 -0.029381197156494
20.06 -0.010794773573479
20.07 -0.021145484748042
20.08 -0.014681880469063
20.09 -0.001953993228563
20.1 0.004400884113132
20.11 0.016279416601645
20.12 0.023730933381884
20.13 0.030424361831393
20.14 0.0272875530549
20.15 0.035856556372575
20.16 0.029686583353076
20.17 0.028561924863036
20.18 0.025605190638719
20.19 0.033186437364106
20.2 0.036420533504495
20.21 0.040784025911816
20.22 0.045159130960119
20.23 0.047668559675487
20.24 0.048407263815189
20.25 0.045965068984506
20.26 0.035841009117042
20.27 0.010050956846553
20.28 -0.017180931620655
20.29 -0.030007174940107
20.3 -0.048696021230277
20.31 -0.052394698682611
20.32 -0.042655080647991
20.33 -0.050783970561368
20.34 -0.053940178106399
20.35 -0.055809777979053
20.36 -0.051705690201005
20.37 -0.045644381918529
20.38 -0.035048239212904
20.39 -0.022914636314445
20.4 -0.013727400144917
20.41 -0.003890062673171
20.42 -0.000484782435625
20.43 -0.002328582107544
20.44 -0.005843051586337
20.45 -0.011851366376762
20.46 -0.018221177942585
20.47 -0.020713940712689
20.48 -0.020444127276887
20.49 -0.016721699059113
20.5 -0.009049944800576
20.51 -0.000875241036906
20.52 -0.001770795961661
20.53 -0.012089173789394
20.54 -0.022109384940624
20.55 -0.040921878173432
20.56 -0.054732533882553
20.57 -0.054731709841741
20.58 -0.056578369424202
20.59 -0.049497076120659
20.6 -0.040448900709504
20.61 -0.02969442495039
20.62 -0.014039496645957
20.63 0.001521592224049
20.64 0.012545650664812
20.65 0.028881462111175
20.66 0.03448513476035
20.67 0.042027939714521
20.68 0.044633722570098
20.69 0.043377531748893
20.7 0.039431443159096
20.71 0.031163203183108
20.72 0.022139523641961
20.73 0.014440946279619
20.74 0.008126136280917
20.75 0.006499233249241
20.76 0.010120924326346
20.77 0.013707990116993
20.78 0.019566366271163
20.79 0.021944716789805
20.8 0.02165242748995
20.81 0.020570123482571
20.82 0.01577693721163
20.83 0.006591098485334
20.84 -0.003124478427675
20.85 -0.011321287229485
20.86 -0.020457775241045
20.87 -0.030654307794827
20.88 -0.033356216793876
20.89 -0.028500277019482
20.9 -0.01979701664067
20.91 -0.005189239180903
20.92 0.012493586826723
20.93 0.027525730069217
20.94 0.041991674621634
20.95 0.050721971169704
20.96 0.051769276169664
20.97 0.046853658192602
20.98 0.031601340992521
20.99 0.021378864554966
21.0 0.002344522782291
21.01 -0.015350254963222
21.02 -0.031625454298824
21.03 -0.038398223239077
21.04 -0.045870838473356
21.05 -0.049609440384559
21.06 -0.053134902873893
21.07 -0.047031098409429
21.08 -0.0403906540148
21.09 -0.027725721648435
21.1 -0.017583153094392
21.11 -0.012299621808034
21.12 -0.009019297065121
21.13 -0.014057895654572
21.14 -0.017844733200523
21.15 -0.022268085897188
21.16 -0.025029729853853
21.17 -0.024454559022299
21.18 -0.025456752806717
21.19 -0.023869007001543
21.2 -0.01818539795463
21.21 -0.014398998348445
21.22 -0.002548464722305
21.23 0.010645904016598
21.24 0.020575961534502
21.25 0.030114337443654
21.26 0.033862354192961
21.27 0.033349971434194
21.28 0.031489284941115
21.29 0.0300252012238
21.3 0.027959149772936
21.31 0.028547091335897
21.32 0.02922451149034
21.33 0.032449595589226
21.34 0.038328760424648
21.35 0.045733311266284
21.36 0.055697437411621
21.37 0.065849090917217
21.38 0.069452030929086
21.39 0.068362553207411
21.4 0.074996557814808
21.41 0.078063642675344
21.42 0.079246238337389
21.43 0.083081223133014
21.44 0.076354548801526
21.45 0.063011009731694
21.46 0.026740453616102
21.47 -0.004260685097423
21.48 -0.027514908457332
21.49 -0.064289000247555
21.5 -0.070816658719161
21.51 -0.07871319338293
21.52 -0.085488460285446
21.53 -0.073351815437792
21.54 -0.075158022109205
21.55 -0.066562623806326
21.56 -0.055309143432419
21.57 -0.034259170332411
21.58 -0.013692573916819
21.59 0.011516388492678
21.6 0.036370795647533
21.61 0.057370418201848
21.62 0.070533065056515
21.63 0.071463566283307
21.64 0.07153239960734
21.65 0.065649627787635
21.66 0.058677553831423
21.67 0.053183206244327
21.68 0.051882418690482
21.69 0.057323775134323
21.7 0.064412683775166
21.71 0.067524347304252
21.72 0.068417949423987
21.73 0.062691600544046
21.74 0.055596948304851
21.75 0.047683767842065
21.76 0.041382104280329
21.77 0.039441837969134
21.78 0.037504342038019
21.79 0.035052667816912
21.8 0.028628878773136
21.81 0.015182483289879
21.82 -0.003997861843439
21.83 -0.023743302422391
21.84 -0.045034602654195
21.85 -0.061038501638413
21.86 -0.069727097578786
21.87 -0.077590102300252
21.88 -0.079263686079133
21.89 -0.077740387679999
21.9 -0.074742547216901
21.91 -0.064713725679143
21.92 -0.066830580847726
21.93 -0.063765475258615
21.94 -0.06018195770837
21.95 -0.055507065069218
21.96 -0.050028153225373
21.97 -0.044922252211196
21.98 -0.037495549231721
21.99 -0.030450609364246
22.0 -0.025207242743314
22.01 -0.02053574041023
22.02 -0.017360440214875
22.03 -0.013873256249307
22.04 -0.006428736732513
22.05 0.004744216454274
22.06 0.019762439606599
22.07 0.035469250969174
22.08 0.045541229445019
22.09 0.046414838183432
22.1 0.052975353792601
22.11 0.051488050773718
22.12 0.050667164071551
22.13 0.048501757797415
22.14 0.044463372562256
22.15 0.039738694518293
22.16 0.032590877196756
22.17 0.021365374570396
22.18 0.008133398330798
22.19 -0.008906497492117
22.2 -0.025150974200143
22.21 -0.037367524993862
22.22 -0.049312785342963
22.23 -0.054504853598899
22.24 -0.058096246722335
22.25 -0.059093126544957
22.26 -0.052292394477611
22.27 -0.056434499078705
22.28 -0.056074557424176
22.29 -0.056574443565423
22.3 -0.055644874344128
22.31 -0.055364519907834
22.32 -0.055512151163106
22.33 -0.056567485354453
22.34 -0.060301617937111
22.35 -0.065379581604754
22.36 -0.07032121420924
22.37 -0.073008921642297
22.38 -0.072767902252402
22.39 -0.071381138452789
22.4 -0.06349068592303
22.41 -0.045980903327969
22.42 -0.023208513072077
22.43 -0.004036674009634
22.44 0.020210967751506
22.45 0.032044151566335
22.46 0.036153999712801
22.47 0.039002488761439
22.48 0.035048741983969
22.49 0.029350819304355
22.5 0.018993516559569
22.51 0.005283800162799
22.52 -0.01114884979135
22.53 -0.02587111077082
22.54 -0.037659991629401
22.55 -0.043590146170065
22.56 -0.04397412137422
22.57 -0.038458786542921
22.58 -0.028142621024558
22.59 -0.016190276275375
22.6 -0.00080315271522
22.61 0.012871933430917
22.62 0.024980888660503
22.63 0.033387446392968
22.64 0.035907220333193
22.65 0.031500219088935
22.66 0.017366156249005
22.67 0.007197432713115
22.68 -0.004514124627098
22.69 -0.015965382199986
22.7 -0.014548220276231
22.71 -0.016805660437166
22.72 -0.010631312032392
22.73 -0.002421821864866
22.74 0.011361414509209
22.75 0.025205978338762
22.76 0.035977006680659
22.77 0.045893872168985
22.78 0.047648457860024
22.79 0.050698018662928
22.8 0.049408173736669
22.81 0.043734984456654
22.82 0.044545503503273
22.83 0.034526065787521
22.84 0.014344017824404
22.85 -0.003706095497257
22.86 -0.018182965125511
22.87 -0.031469996987183
22.88 -0.027189450599368
22.89 -0.029473984714353
22.9 -0.02217729566534
22.91 -0.015289327072075
22.92 -0.007032205049276
22.93 0.005326304849021
22.94 0.013698008424701
22.95 0.020635402166887
22.96 0.025282840291571
22.97 0.023770255788743
22.98 0.021598849517988
22.99 0.017170027905983
23.0 0.011822354194488
23.01 0.008708959647036
23.02 0.006466455799133
23.03 0.005321465786654
23.04 0.004916827447749
23.05 0.011013288952365
23.06 0.024262727290008
23.07 0.039490745591794
23.08 0.051969487467537
23.09 0.058062109459267
23.1 0.061732282828479
23.11 0.066952852280414
23.12 0.063699223577736
23.13 0.067238936572363
23.14 0.069264351653364
23.15 0.060268959525707
23.16 0.057460952927584
23.17 0.045150948118032
23.18 0.032784533999262
23.19 0.023514309065484
23.2 0.02005267502086
23.21 0.01639977302046
23.22 0.020378523577475
23.23 0.02374377433038
23.24 0.023935100032514
23.25 0.023341698773534
23.26 0.017427296338946
23.27 0.009007041036912
23.28 -0.002234601322066
23.29 -0.016550456078136
23.3 -0.029404605190262
23.31 -0.041586997093382
23.32 -0.047397268370747
23.33 -0.050210545866573
23.34 -0.049308197172917
23.35 -0.040208775074492
23.36 -0.042558651841142
23.37 -0.042397454603285
23.38 -0.040371485709887
23.39 -0.035307984812335
23.4 -0.028060970513612
23.41 -0.019398080599348
23.42 -0.008021554477766
23.43 0.002394868079834
23.44 0.010282252641654
23.45 0.012991893173476
23.46 0.011107608436123
23.47 0.012295335378481
23.48 0.009081445072803
23.49 0.008611781909725
23.5 0.008711961363323
23.51 0.008941958589901
23.52 0.008873794285527
23.53 0.007207863181108
23.54 0.004476759360076
23.55 0.000818092850931
23.56 -0.001519970045355
23.57 -0.003076169629804
23.58 -0.002628155874076
23.59 -0.002124149325316
23.6 0.000336819375061
23.61 0.004504324875132
23.62 0.007498102071503
23.63 0.009909176921221
23.64 0.010972727372318
23.65 0.007672861330674
23.66 0.001592866400156
23.67 -0.001910720473616
23.68 -0.00604874544403
23.69 -0.00881155541526
23.7 -0.009609829114471
23.71 -0.013528962163545
23.72 -0.015034068275281
23.73 -0.015197187512898
23.74 -0.015902669700538
23.75 -0.012750833015048
23.76 -0.005435662394768
23.77 0.001523924039729
23.78 0.005900888937909
23.79 0.008632736062791
23.8 0.008391096140399
23.81 0.003804029207936
23.82 -0.003134810825717
23.83 -0.013023215088567
23.84 -0.02233293512892
23.85 -0.028688348156545
23.86 -0.028623201452944
23.87 -0.025962756737056
23.88 -0.020914361087629
23.89 -0.008586122917299
23.9 0.003144440074561
23.91 0.012151827751159
23.92 0.019366192935293
23.93 0.024329418021317
23.94 0.027961912533179
23.95 0.029734700777096
23.96 0.028332173326613
23.97 0.017453672786206
23.98 0.002355436346865
23.99 -0.015169647647487
24.0 -0.030555112127773
24.01 -0.042728729946516
24.02 -0.047784390537078
24.03 -0.044949829551626
24.04 -0.033329527726408
24.05 -0.027045727625384
24.06 -0.015816844491407
24.07 -0.006962971750245
24.08 0.000881432910933
24.09 0.004536997988627
24.1 0.005724181296322
24.11 0.004570694853638
24.12 0.001479296391682
24.13 -0.003092773964773
24.14 -0.006860966166158
24.15 -0.012688809239516
24.16 -0.01859654243729
24.17 -0.022064155711294
24.18 -0.024433431531645
24.19 -0.024563469979377
24.2 -0.022699319989984
24.21 -0.015875155328535
24.22 -0.009414700079931
24.23 -0.005694961401143
24.24 0.000468646449841
24.25 0.001953824899712
24.26 0.003343797845657
24.27 0.002921992080738
24.28 0.000656951611657
24.29 -0.005558569642451
24.3 -0.013960860829909
24.31 -0.023042887256345
24.32 -0.027642348963533
24.33 -0.030367589847608
24.34 -0.029139359867209
24.35 -0.025273591289823
24.36 -0.019679677800739
24.37 -0.014200192547577
24.38 -0.010521968177226
24.39 -0.007941808305154
24.4 -0.006609106352817
24.41 -0.006112543875149
24.42 -0.005171416617338
24.43 -0.005191714454938
24.44 -0.005536443483258
24.45 -0.005297558908701
24.46 -0.003132562942547
24.47 -0.000464892965057
24.48 0.004546112513519
24.49 0.011053202902798
24.5 0.015330714725092
24.51 0.01966790288235
24.52 0.02360982044191
24.53 0.025058854073804
24.54 0.024257479581372
24.55 0.019642739449326
24.56 0.016788941208374
24.57 0.015881058662178
24.58 0.013707894106294
24.59 0.010199419062477
24.6 0.009739755005478
24.61 0.009269879156682
24.62 0.008022913925183
24.63 0.011454610375608
24.64 0.013198332412864
24.65 0.014065509576425
24.66 0.016679286505456
24.67 0.021047545856318
24.68 0.024430076197596
24.69 0.025531593221121
24.7 0.026021058042766
24.71 0.022427480345849
24.72 0.01344451236632
24.73 0.001468925273526
24.74 -0.011508774679808
24.75 -0.026115318664221
24.76 -0.035223432600395
24.77 -0.038915950265808
24.78 -0.047364857368295
24.79 -0.049493842500493
24.8 -0.051359754264103
24.81 -0.051260815978536
24.82 -0.04758192990311
24.83 -0.037310007388751
24.84 -0.024695231405859
24.85 -0.010554517838115
24.86 0.004271597603085
24.87 0.015661349310975
24.88 0.022835692111771
24.89 0.028053603999088
24.9 0.028747097103125
24.91 0.027152732431738
24.92 0.025799424648849
24.93 0.0260234242297
24.94 0.029080016788456
 
 
 
 
 
 
 
 
 
 
 
 
 
 
 
 
 
 
 
 
 
 
 
 
 
 
 
 
 
 
 
 
 
 
 
 
 
 
 
 
 
 
 
 
 
 
 
 
 
 
 
 
 
 
 
 
 
 
 
 
 
 
 
 
 
 
 
 
 
 
 
 
 
 
 
 
 
 
 
 
 
 
 
 
 
 
 
 
 
 
 
 
 
 
 
 
 
 
 
 
 
 
 
 
 
 
 
 
 
 
 
 
 
 
 
 
 
 
 
 
 
 
 
 
 
 
 
 
 
 
 
 
 
 
 
 
 
 
 
 
 
 
 
 
 
 
 
 
 
 
 
 
 
 
 
 
 
 
 
 
 
 
 
 
 
 
 
 
 
 
 
 
 
 
 
 
 
 
 
 
 
 
 
 
 
 
 
 
 
 
 
 
 
 
 
 
 
 
 
 
 
 
 
 
 
 
 
 
 
 
 
 
 
 
 
 
 
 
 
 
 
 
 
 
 
 
 
 
 
 
 
 
 
 
 
 
 
 
 
 
 
 
 
 
 
 
 
 
 
 
 
 
 
 
 
 
 
 
 
 
 
 
 
 
 
 
 
 
 
 
 
 
 
 
 
 
 
 
 
 
 
 
 
 
 
 
 
 
 
 
 
 
 
 
 
 
 
 
 
 
 
 
 
 
 
 
 
 
 
 
 
 
 
 
 
 
 
 
 
 
 
 
 
 
 
 
 
 
 
 
 
 
 
 
 
 
 
 
 
 
 
 
 
 
 
 
 
 
 
 
 
 
 
 
 
 
 
 
 
 
 
 
 
 
 
 
 
 
 
 
 
 
 
 
 
 
 
 
 
 
 
 
 
 
 
 
 
 
 
 
 
 
 
 
 
 
 
 
 
 
 
 
 
 
 
 
 
 
 
 
 
 
 
 
 
 
 
 
 
 
 
 
 
 
 
 
 
 
 
 
 
 
 
 
 
 
 
 
 
 
 
 
 
 
 
 
 
 
 
 
 
 
 
 
 
 
 
 
 
 
 
 
 
 
 
 
 
 
 
 
 
 
 
 
 
 
 
 
 
 
 
 
 
 
 
 
 
 
 
 
 
 
 
 
 
 
 
 
 
 
 
 
 
 
 
 
 
 
 
 
 
 
 
 
 
 
 
 
 
 
 
 
 
 
 
 
 
 
 
 
 
 
 
 
 
 
 
 
 
 
 
 
 
 
 
 
 
 
 
 
 
 
 
 
 
 
 
 
 
 
 
 
 
 
 
 
 
 
 
 
 
 
 
 
 
 
 
 
 
 
 
 
 
 
 
 
 
 
 
 
 
 
 
 
 
 
 
 
 
 
 
 
 
 
 
 
 
 
 
 
 
 
 
 
 
 
 
 
 
 
 
 
 
 
 
 
 
 
 
 
 
 
 
 
 
 
 
 
 
 
 
 
 
 
 
 
 
 
 
 
 
 
 
 
 
 
 
 
 
 
 
 
 
 
 
 
 
 
 
 
 
 
 
 
 
 
 
 
 
 
 
 
 
 
 
 
 
 
 
 
 
 
 
 
 
 
 
 
 
 
 
 
 
 
 
 
 
 
 
 
 
 
 
 
 
 
 
 
 
 
 
 
 
 
 
 
 
 
 
 
 
 
 
 
 
 
 
 
 
 
 
 
 
 
 
 
 
 
 
 
 
 
 
 
 
 
 
 
 
 
 
 
 
 
 
 
 
 
 
 
 
 
 
 
 
 
 
 
 
 
 
 
 
 
 
 
 
 
 
 
 
 
 
 
 
 
 
 
 
 
 
 
 
 
 
 
 
 
 
 
 
 
 
 
 
 
 
 
 
 
 
 
 
 
 
 
 
 
 
 
 
 
 
 
 
 
 
 
 
 
 
 
 
 
 
 
 
 
 
 
 
 
 
 
 
 
 
 
 
 
 
 
 
 
 
 
 
 
 
 
 
 
 
 
 
 
 
 
 
 
 
 
 
 
 
 
 
 
 
 
 
 
 
 
 
 
 
 
 
 
 
 
 
 
 
 
 
 
 
 
 
 
 
 
 
 
 
 
 
 
 
 
 
 
 
 
 
 
 
 
 
 
 
 
 
 
 
 
 
 
 
 
 
 
 
 
 
 
 
 
 
 
 
 
 
 
 
 
 
 
 
 
 
 
 
 
 
 
 
 
 
 
 
 
 
 
 
 
 
 
 
 
 
 
 
 
 
 
 
 
 
 
 
 
 
 
 
 
 
 
 
 
 
 
 
 
 
 
 
 
 
 
 
 
 
 
 
 
 
 
 
 
 
 
 
 
 
 
 
 
 
 
 
 
 
 
 
 
 
 
 
 
 
 
 
 
 
 
 
 
 
 
 
 
 
 
 
 
 
 
 
 
 
 
 
 
 
 
 
 
 
 
 
 
 
 
 
 
 
 
 
 
 
 
 
 
 
 
 
 
 
 
 
 
 
 
 
 
 
 
 
 
 
 
 
 
 
 
 
 
 
 
 
 
 
 
 
 
 
 
 
 
 
 
 
 
 
 
 
 
 
 
 
 
 
 
 
 
 
 
 
 
 
 
 
 
 
 
 
 
 
 
 
 
 
 
 
 
 
 
 
 
 
 
 
 
 
 
 
 
 
 
 
 
 
 
 
 
 
 
 
 
 
 
 
 
 
 
 
 
 
 
 
 
 
 
 
 
 
 
 
 
 
 
 
 
 
 
 
 
 
 
 
 
 
 
 
 
 
 
 
 
 
 
 
 
 
 
 
 
 
 
 
 
 
 
 
 
 
 
 
 
 
 
 
 
 
 
 
 
 
 
 
 
 
 
 
 
 
 
 
 
 
 
 
 
 
 
 
 
 
 
 
 
 
 
 
 
 
 
 
 
 
 
 
 
 
 
 
 
 
 
 
 
 
 
 
 
 
 
 
 
 
 
 
 
 
 
 
 
 
 
 
 
 
 
 
 
 
 
 
 
 
 
 
 
 
 
 
 
 
 
 
 
 
 
 
 
 
 
 
 
 
 
 
 
 
 
 
 
 
 
 
 
 
 
 
 
 
 
 
 
 
 
 
 
 
 
 
 
 
 
 
 
 
 
 
 
 
 
 
 
 
 
 
 
 
 
 
 
 
 
 
 
 
 
 
 
 
 
 
 
 
 
 
 
 
 
 
 
 
 
 
 
 
 
 
 
 
 
 
 
 
 
 
 
 
 
 
 
 
 
 
 
 
 
 
 
 
 
 
 
 
 
 
 
 
 
 
 
 
 
 
 
 
 
 
 
 
 
 
 
 
 
 
 
 
 
 
 
 
 
 
 
 
 
 
 
 
 
 
 
 
 
 
 
 
 
 
 
 
 
 
 
 
 
 
 
 
 
 
 
 
 
 
 
 
 
 
 
 
 
 
 
 
 
 
 
 
 
 
 
 
 
 
 
 
 
 
 
 
 
 
 
 
 
 
 
 
 
 
 
 
 
 
 
 
 
 
 
 
 
 
 
 
 
 
 
 
 
 
 
 
 
 
 
 
 
 
 
 
 
 
 
 
 
 
 
 
 
 
 
 
 
 
 
 
 
 
 
 
 
 
 
 
 
 
 
 
 
 
 
 
 
 
 
 
 
 
 
 
 
 
 
 
 
 
 
 
 
 
 
 
 
 
 
 
 
 
 
 
 
 
 
 
 
 
 
 
 
 
 
 
 
 
 
 
 
 
 
 
 
 
 
 
 
 
 
 
 
 
 
 
 
 
 
 
 
 
 
 
 
 
 
 
 
 
 
 
 
 
 
 
 
 
 
 
 
 
 
 
 
 
 
 
 
 
 
 
 
 
 
 
 
 
 
 
 
 
 
 
 
 
 
 
 
 
 
 
 
 
 
 
 
 
 
 
 
 
 
 
 
 
 
 
 
 
 
 
 
 
 
 
 
 
 
 
 
 
 
 
 
 
 
 
 
 
 
 
 
 
 
 
 
 
 
 
 
 
 
 
 
 
 
 
 
 
 
 
 
 
 
 
 
 
 
 
 
 
 
 
 
 
 
 
 
 
 
 
 
 
 
 
 
 
 
 
 
 
 
 
 
 
 
 
 
 
 
 
 
 
 
 
 
 
 
 
 
 
 
 
 
 
 
 
 
 
 
 
 
 
 
 
 
 
 
 
 
 
 
 
 
 
 
 
 
 
 
 
 
 
 
 
 
 
 
 
 
 
 
 
 
 
 
 
 
 
 
 
 
 
 
 
 
 
 
 
 
 
 
 
 
 
 
 
 
 
 
 
 
 
 
 
 
 
 
 
 
 
 
 
 
 
 
 
 
 
 
 
 
 
 
 
 
 
 
 
 
 
 
 
 
 
 
 
 
 
 
 
 
 
 
 
 
 
 
 
 
 
 
 
 
 
 
 
 
 
 
 
 
 
 
 
 
 
 
 
 
 
 
 
 
 
 
 
 
 
 
 
 
 
 
 
 
 
 
 
 
 
 
 
 
 
 
 
 
 
 
 
 
 
 
 
 
 
 
 
 
 
 
 
 
 
 
 
 
 
 
 
 
 
 
 
 
 
 
 
 
 
 
 
 
 
 
 
 
 
 
 
 
 
 
 
 
 
 
 
 
 
 
 
 
 
 
 
 
 
 
 
 
 
 
 
 
 
 
 
 
 
 
 
 
 
 
 
 
 
 
 
 
 
 
 
 
 
 
 
 
 
 
 
 
 
 
 
 
 
 
 
 
 
 
 
 
 
 
 
 
 
 
 
 
 
 
 
 
 
 
 
 
 
 
 
 
 
 
 
 
 
 
 
 
 
 
 
 
 
 
 
 
 
 
 
 
 
 
 
 
 
 
 
 
 
 
 
 
 
 
 
 
 
 
 
 
 
 
 
 
 
 
 
 
 
 
 
 
 
 
 
 
 
 
 
 
 
 
 
 
 
 
 
 
 
 
 
 
 
 
 
 
 
 
 
 
 
 
 
 
 
 
 
 
 
 
 
 
 
 
 
 
 
 
 
 
 
 
 
 
 
 
 
 
 
 
 
 
 
 
 
 
 
 
 
 
 
 
 
 
 
 
 
 
 
 
 
 
 
 
 
 
 
 
 
 
 
 
 
 
 
 
 
 
 
 
 
 
 
 
 
 
 
 
 
 
 
 
 
 
 
 
 
 
 
 
 
 
 
 
 
 
 
 
 
 
 
 
 
 
 
 
 
 
 
 
 
 
 
 
 
 
 
 
 
 
 
 
 
 
 
 
 
 
 
 
 
 
 
 
 
 
 
 
 
 
 
 
 
 
 
 
 
 
 
 
 
 
 
 
 
 
 
 
 
 
 
 
 
 
 
 
 
 
 
 
 
 
 
 
 
 
 
 
 
 
 
 
 
 
 
 
 
 
 
 
 
 
 
 
 
 
 
 
 
 
 
 
 
 
 
 
 
 
 
 
 
 
 
 
 
 
 
 
 
 
 
 
 
 
 
 
 
 
 
 
 
 
 
 
 
 
 
 
 
 
 
 
 
 
 
 
 
 
 
 
 
 
 
 
 
 
 
 
 
 
 
 
 
 
 
 
 
 
 
 
 
 
 
 
 
 
 
 
 
 
 
 
 
 
 
 
 
 
 
 
 
 
 
 
 
 
 
 
 
 
 
 
 
 
 
 
 
 
 
 
 
 
 
 
 
 
 
 
 
 
 
 
 
 
 
 
 
 
 
 
 
 
 
 
 
 
 
 
 
 
 
 
 
 
 
 
 
 
 
 
 
 
 
 
 
 
 
 
 
 
 
 
 
 
 
 
 
 
 
 
 
 
 
 
 
 
 
 
 
 
 
 
 
 
 
 
 
 
 
 
 
 
 
 
 
 
 
 
 
 
 
 
 
 
 
 
 
 
 
 
 
 
 
 
 
 
 
 
 
 
 
 
 
 
 
 
 
 
 
 
 
 
 
 
 
 
 
 
 
 
 
 
 
 
 
 
 
 
 
 
 
 
 
 
 
 
 
 
 
 
 
 
 
 
 
 
 
 
 
 
 
 
 
 
 
 
 
 
 
 
 
 
 
 
 
 
 
 
 
 
 
 
 
 
 
 
 
 
 
 
 
 
 
 
 
 
 
 
 
 
 
 
 
 
 
 
 
 
 
 
 
 
 
 
 
 
 
 
 
 
 
 
 
 
 
 
 
 
 
 
 
 
 
 
 
 
 
 
 
 
 
 
 
 
 
 
 
 
 
 
 
 
 
 
 
 
 
 
 
 
 
 
 
 
 
 
 
 
 
 
 
 
 
 
 
 
 
 
 
 
 
 
 
 
 
 
 
 
 
 
 
 
 
 
 
 
 
 
 
 
 
 
 
 
 
 
 
 
 
 
 
 
 
 
 
 
 
 
 
 
 
 
 
 
 
 
 
 
 
 
 
 
 
 
 
 
 
 
 
 
 
 
 
 
 
 
 
 
 
 
 
 
 
 
 
 
 
 
 
 
 
 
 
 
 
 
 
 
 
 
 
 
 
 
 
 
 
 
 
 
 
 
 
 
 
 
 
 
 
 
 
 
 
 
 
 
 
 
 
 
 
 
 
 
 
 
 
 
 
 
 
 
 
 
 
 
 
 
 
 
 
 
 
 
 
 
 
 
 
 
 
 
 
 
 
 
 
 
 
 
 
 
 
 
 
 
 
 
 
 
 
 
 
 
 
 
 
 
 
 
 
 
 
 
 
 
 
 
 
 
 
 
 
 
 
 
 
 
 
 
 
 
 
 
 
 
 
 
 
 
 
 
 
 
 
 
 
 
 
 
 
 
 
 
 
 
 
 
 
 
 
 
 
 
 
 
 
 
 
 
 
 
 
 
 
 
 
 
 
 
 
 
 
 
 
 
 
 
 
 
 
 
 
 
 
 
 
 
 
 
 
 
 
 
 
 
 
 
 
 
 
 
 
 
 
 
 
 
 
 
 
 
 
 
 
 
 
 
 
 
 
 
 
 
 
 
 
 
 
 
 
 
 
 
 
 
 
 
 
 
 
 
 
 
 
 
 
 
 
 
 
 
 
 
 
 
 
 
 
 
 
 
 
 
 
 
 
 
 
 
 
 
 
 
 
 
 
 
 
 
 
 
 
 
 
 
 
 
 
 
 
 
 
 
 
 
 
 
 
 
 
 
 
 
 
 
 
 
 
 
 
 
 
 
 
 
 
 
 
 
 
 
 
 
 
 
 
 
 
 
 
 
 
 
 
 
 
 
 
 
 
 
 
 
 
 
 
 
 
 
 
 
 
 
 
 
 
 
 
 
 
 
 
 
 
 
 
 
 
 
 
 
 
 
 
 
 
 
 
 
 
 
 
 
 
 
 
 
 
 
 
 
 
 
 
 
 
 
 
 
 
 
 
 
 
 
 
 
 
 
 
 
 
 
 
 
 
 
 
 
 
 
 
 
 
 
 
 
 
 
 
 
 
 
 
 
 
 
 
 
 
 
 
 
 
 
 
 
 
 
 
 
 
 
 
 
 
 
 
 
 
 
 
 
 
 
 
 
 
 
 
 
 
 
 
 
 
 
 
 
 
 
 
 
 
 
 
 
 
 
 
 
 
 
 
 
 
 
 
 
 
 
 
 
 
 
 
 
 
 
 
 
 
 
 
 
 
 
 
 
 
 
 
 
 
 
 
 
 
 
 
 
 
 
 
 
 
 
 
 
 
 
 
 
 
 
 
 
 
 
 
 
 
 
 
 
 
 
 
 
 
 
 
 
 
 
 
 
 
 
 
 
 
 
 
 
 
 
 
 
 
 
 
 
 
 
 
 
 
 
 
 
 
 
 
 
 
 
 
 
 
 
 
 
 
 
 
 
 
 
 
 
 
 
 
 
 
 
 
 
 
 
 
 
 
 
 
 
 
 
 
 
 
 
 
 
 
 
 
 
 
 
 
 
 
 
 
 
 
 
 
 
 
 
 
 
 
 
 
 
 
 
 
 
 
 
 
 
 
 
 
 
 
 
 
 
 
 
 
 
 
 
 
 
 
 
 
 
 
 
 
 
 
 
 
 
 
 
 
 
 
 
 
 
 
 
 
 
 
 
 
 
 
 
 
 
 
 
 
 
 
 
 
 
 
 
 
 
 
 
 
 
 
 
 
 
 
 
 
 
 
 
 
 
 
 
 
 
 
 
 
 
 
 
 
 
 
 
 
 
 
 
 
 
 
 
 
 
 
 
 
 
 
 
 
 
 
 
 
 
 
 
 
 
 
 
 
 
 
 
 
 
 
 
 
 
 
 
 
 
 
 
 
 
 
 
 
 
 
 
 
 
 
 
 
 
 
 
 
 
 
 
 
 
 
 
 
 
 
 
 
 
 
 
 
 
 
 
 
 
 
 
 
 
 
 
 
 
 
 
 
 
 
 
 
 
 
 
 
 
 
 
 
 
 
 
 
 
 
 
 
 
 
 
 
 
 
 
 
 
 
 
 
 
 
 
 
 
 
 
 
 
 
 
 
 
 
 
 
 
 
 
 
 
 
 
 
 
 
 
 
 
 
 
 
 
 
 
 
 
 
 
 
 
 
 
 
 
 
 
 
 
 
 
 
 
 
 
 
 
 
 
 
 
 
 
 
 
 
 
 
 
 
 
 
 
 
 
 
 
 
 
 
 
 
 
 
 
 
 
 
 
 
 
 
 
 
 
 
 
 
 
 
 
 
 
 
 
 
 
 
 
 
 
 
 
 
 
 
 
 
 
 
 
 
 
 
 
 
 
 
 
 
 
 
 
 
 
 
 
 
 
 
 
 
 
 
 
 
 
 
 
 
 
 
 
 
 
 
 
 
 
 
 
 
 
 
 
 
 
 
 
 
 
 
 
 
 
 
 
 
 
 
 
 
 
 
 
 
 
 
 
 
 
 
 
 
 
 
 
 
 
 
 
 
 
 
 
 
 
 
 
 
 
 
 
 
 
 
 
 
 
 
 
 
 
 
 
 
 
 
 
 
 
 
 
 
 
 
 
 
 
 
 
 
 
 
 
 
 
 
 
 
 
 
 
 
 
 
 
 
 
 
 
 
 
 
 
 
 
 
 
 
 
 
 
 
 
 
 
 
 
 
 
 
 
 
 
 
 
 
 
 
 
 
 
 
 
 
 
 
 
 
 
 
 
 
 
 
 
 
 
 
 
 
 
 
 
 
 
 
 
 
 
 
 
 
 
 
 
 
 
 
 
 
 
 
 
 
 
 
 
 
 
 
 
 
 
 
 
 
 
 
 
 
 
 
 
 
 
 
 
 
 
 
 
 
 
 
 
 
 
 
 
 
 
 
 
 
 
 
 
 
 
 
 
 
 
 
 
 
 
 
 
 
 
 
 
 
 
 
 
 
 
 
 
 
 
 
 
 
 
 
 
 
 
 
 
 
 
 
 
 
 
 
 
 
 
 
 
 
 
 
 
 
 
 
 
 
 
 
 
 
 
 
 
 
 
 
 
 
 
 
 
 
 
 
 
 
 
 
 
 
 
 
 
 
 
 
 
 
 
 
 
 
 
 
 
 
 
 
 
 
 
 
 
 
 
 
 
 
 
 
 
 
 
 
 
 
 
 
 
 
 
 
 
 
 
 
 
 
 
 
 
 
 
 
 
 
 
 
 
 
 
 
 
 
 
 
 
 
 
 
 
 
 
 
 
 
 
 
 
 
 
 
 
 
 
 
 
 
 
 
 
 
 
 
 
 
 
 
 
 
 
 
 
 
 
 
 
 
 
 
 
 
 
 
 
 
 
 
 
 
 
 
 
 
 
 
 
 
 
 
 
 
 
 
 
 
 
 
 
 
 
 
 
 
 
 
 
 
 
 
 
 
 
 
 
 
 
 
 
 
 
 
 
 
 
 
 
 
 
 
 
 
 
 
 
 
 
 
 
 
 
 
 
 
 
 
 
 
 
 
 
 
 
 
 
 
 
 
 
 
 
 
 
 
 
 
 
 
 
 
 
 
 
 
 
 
 
 
 
 
 
 
 
 
 
 
 
 
 
 
 
 
 
 
 
 
 
 
 
 
 
 
 
 
 
 
 
 
 
 
 
 
 
 
 
 
 
 
 
 
 
 
 
 
 
 
 
 
 
 
 
 
 
 
 
 
 
 
 
 
 
 
 
 
 
 
 
 
 
 
 
 
 
 
 
 
 
 
 
 
 
 
 
 
 
 
 
 
 
 
 
 
 
 
 
 
 
 
 
 
 
 
 
 
 
 
 
 
 
 
 
 
 
 
 
 
 
 
 
 
 
 
 
 
 
 
 
 
 
 
 
 
 
 
 
 
 
 
 
 
 
 
 
 
 
 
 
 
 
 
 
 
 
 
 
 
 
 
 
 
 
 
 
 
 
 
 
 
 
 
 
 
 
 
 
 
 
 
 
 
 
 
 
 
 
 
 
 
 
 
 
 
 
 
 
 
 
 
 
 
 
 
 
 
 
 
 
 
 
 
 
 
 
 
 
 
 
 
 
 
 
 
 
 
 
 
 
 
 
 
 
 
 
 
 
 
 
 
 
 
 
 
 
 
 
 
 
 
 
 
 
 
 
 
 
 
 
 
 
 
 
 
 
 
 
 
 
 
 
 
 
 
 
 
 
 
 
 
 
 
 
 
 
 
 
 
 
 
 
 
 
 
 
 
 
 
 
 
 
 
 
 
 
 
 
 
 
 
 
 
 
 
 
 
 
 
 
 
 
 
 
 
 
 
 
 
 
 
 
 
 
 
 
 
 
 
 
 
 
 
 
 
 
 
 
 
 
 
 
 
 
 
 
 
 
 
 
 
 
 
 
 
 
 
 
 
 
 
 
 
 
 
 
 
 
 
 
 
 
 
 
 
 
 
 
 
 
 
 
 
 
 
 
 
 
 
 
 
 
 
 
 
 
 
 
 
 
 
 
 
 
 
 
 
 
 
 
 
 
 
 
 
 
 
 
 
 
 
 
 
 
 
 
 
 
 
 
 
 
 
 
 
 
 
 
 
 
 
 
 
 
 
 
 
 
 
 
 
 
 
 
 
 
 
 
 
 
 
 
 
 
 
 
 
 
 
 
 
 
 
 
 
 
 
 
 
 
 
 
 
 
 
 
 
 
 
 
 
 
 
 
 
 
 
 
 
 
 
 
 
 
 
 
 
 
 
 
 
 
 
 
 
 
 
 
 
 
 
 
 
 
 
 
 
 
 
 
 
 
 
 
 
 
 
 
 
 
 
 
 
 
 
 
 
 
 
 
 
 
 
 
 
 
 
 
 
 
 
 
 
 
 
 
 
 
 
 
 
 
 
 
 
 
 
 
 
 
 
 
 
 
 
 
 
 
 
 
 
 
 
 
 
 
 
 
 
 
 
 
 
 
 
 
 
 
 
 
 
 
 
 
 
 
 
 
 
 
 
 
 
 
 
 
 
 
 
 
 
 
 
 
 
 
 
 
 
 
 
 
 
 
 
 
 
 
 
 
 
 
 
 
 
 
 
 
 
 
 
 
 
 
 
 
 
 
 
 
 
 
 
 
 
 
 
 
 
 
 
 
 
 
 
 
 
 
 
 
 
 
 
 
 
 
 
 
 
 
 
 
 
 
 
 
 
 
 
 
 
 
 
 
 
 
 
 
 
 
 
 
 
 
 
 
 
 
 
 
 
 
 
 
 
 
 
 
 
 
 
 
 
 
 
 
 
 
 
 
 
 
 
 
 
 
 
 
 
 
 
 
 
 
 
 
 
 
 
 
 
 
 
 
 
 
 
 
 
 
 
 
 
 
 
 
 
 
 
 
 
 
 
 
 
 
 
 
 
 
 
 
 
 
 
 
 
 
 
 
 
 
 
 
 
 
 
 
 
 
 
 
 
 
 
 
 
 
 
 
 
 
 
 
 
 
 
 
 
 
 
 
 
 
 
 
 
 
 
 
 
 
 
 
 
 
 
 
 
 
 
 
 
 
 
 
 
 
 
 
 
 
 
 
 
 
 
 
 
 
 
 
 
 
 
 
 
 
 
 
 
 
 
 
 
 
 
 
 
 
 
 
 
 
 
 
 
 
 
 
 
 
 
 
 
 
 
 
 
 
 
 
 
 
 
 
 
 
 
 
 
 
 
 
 
 
 
 
 
 
 
 
 
 
 
 
 
 
 
 
 
 
 
 
 
 
 
 
 
 
 
 
 
 
 
 
 
 
 
 
 
 
 
 
 
 
 
 
 
 
 
 
 
 
 
 
 
 
 
 
 
 
 
 
 
 
 
 
 
 
 
 
 
 
 
 
 
 
 
 
 
 
 
 
 
 
 
 
 
 
 
 
 
 
 
 
 
 
 
 
 
 
 
 
 
 
 
 
 
 
 
 
 
 
 
 
 
 
 
 
 
 
 
 
 
 
 
 
 
 
 
 
 
 
 
 
 
 
 
 
 
 
 
 
 
 
 
 
 
 
 
 
 
 
 
 
 
 
 
 
 
 
 
 
 
 
 
 
 
 
 
 
 
 
 
 
 
 
 
 
 
 
 
 
 
 
 
 
 
 
 
 
 
 
 
 
 
 
 
 
 
 
 
 
 
 
 
 
 
 
 
 
 
 
 
 
 
 
 
 
 
 
 
 
 
 
 
 
 
 
 
 
 
 
 
 
 
 
 
 
 
 
 
 
 
 
 
 
 
 
 
 
 
 
 
 
 
 
 
 
 
 
 
 
 
 
 
 
 
 
 
 
 
 
 
 
 
 
 
 
 
 
 
 
 
 
 
 
 
 
 
 
 
 
 
 
 
 
 
 
 
 
 
 
 
 
 
 
 
 
 
 
 
 
 
 
 
 
 
 
 
 
 
