0.0 0.0
0.01 2.33494505e-07
0.02 2.33813784e-07
0.03 2.34467341e-07
0.04 2.35089931e-07
0.05 2.34709139e-07
0.06 2.32718957e-07
0.07 2.30858143e-07
0.08 2.29893532e-07
0.09 2.26305416e-07
0.1 2.14246327e-07
0.11 1.95242538e-07
0.12 1.7878821e-07
0.13 1.72543243e-07
0.14 1.58638523e-07
0.15 1.18060234e-07
0.16 7.7662922e-08
0.17 9.5653903e-08
0.18 1.31665661e-07
0.19 1.5372226e-07
0.2 1.52106426e-07
0.21 1.28838823e-07
0.22 1.81637552e-07
0.23 2.55673496e-07
0.24 1.39091157e-07
0.25 -2.64218351e-07
0.26 -1.228275082e-06
0.27 -2.64632164e-06
0.28 -3.880212613e-06
0.29 -5.21731769e-06
0.3 -7.151704111e-06
0.31 -9.086620655e-06
0.32 -9.658011325e-06
0.33 -7.999107238e-06
0.34 -5.488220033e-06
0.35 -4.725770447e-06
0.36 -5.253632437e-06
0.37 -3.504263567e-06
0.38 3.691555074e-06
0.39 1.3127416237e-05
0.4 1.6136897992e-05
0.41 7.036984208e-06
0.42 -1.0607369374e-05
0.43 -2.6886787964e-05
0.44 -3.2121870384e-05
0.45 -2.5515644439e-05
0.46 -1.428900279e-05
0.47 -6.117011869e-06
0.48 -9.31422375e-07
0.49 -4.81051395e-07
0.5 -1.4637761234e-05
0.51 -4.1336247534e-05
0.52 -5.4318557953e-05
0.53 -4.0348178108e-05
0.54 -2.4120697318e-05
0.55 -3.9122793304e-05
0.56 -9.0433934335e-05
0.57 -0.000140693429401
0.58 -0.000139156639503
0.59 -7.0386862934e-05
0.6 2.8228300182e-05
0.61 9.1162577578e-05
0.62 8.1518397127e-05
0.63 6.7421543617e-05
0.64 9.3070532037e-05
0.65 8.9132052867e-05
0.66 -1.4481596169e-05
0.67 -0.000173186368888
0.68 -0.000278050004795
0.69 -0.000265308745439
0.7 -0.000179299077575
0.71 -0.000131730139728
0.72 -0.000170183766507
0.73 -0.000198792639188
0.74 -0.000129439656963
0.75 5.138214104e-06
0.76 8.141253101e-05
0.77 6.3628622353e-05
0.78 5.1383007303e-05
0.79 0.00011147981126
0.8 0.000158559304059
0.81 4.018585503e-05
0.82 -0.000205855377708
0.83 -0.000386411054394
0.84 -0.000388022429363
0.85 -0.00021616188405
0.86 -5.6817300587e-05
0.87 -4.6936189496e-05
0.88 -8.9219212944e-05
0.89 -2.8799462841e-05
0.9 3.4418663514e-05
0.91 -5.7607340565e-05
0.92 -0.000165652690828
0.93 -0.00014548056654
0.94 -0.000210797647245
0.95 -0.000353486797089
0.96 -0.000419387253516
0.97 -0.00047983993096
0.98 -0.00053573411028
0.99 -0.00043943516048
1.0 -0.000149009696928
1.01 0.000195111139176
1.02 0.000347680258157
1.03 0.000347653235914
1.04 0.000325206704591
1.05 0.000145164400867
1.06 -8.0444356202e-05
1.07 -0.000105445597348
1.08 -6.6235652292e-05
1.09 -0.000122079985931
1.1 -0.000170668988381
1.11 -0.000376476115037
1.12 -0.000794636819342
1.13 -0.000978513497011
1.14 -0.000639180045493
1.15 -0.000260761714518
1.16 -2.1889957189e-05
1.17 0.000230656445856
1.18 0.000454879191734
1.19 0.000586127857598
1.2 0.000672435226725
1.21 0.000559090561622
1.22 0.000247362441915
1.23 -0.000105188235089
1.24 -0.000259714204668
1.25 -6.1410291043e-05
1.26 0.000118553034734
1.27 -0.000115806526849
1.28 -0.000541796782918
1.29 -0.000558188315919
1.3 -5.8522320956e-05
1.31 0.000529126703807
1.32 0.000665481262684
1.33 0.000616552950275
1.34 0.000819364645314
1.35 0.000947086656373
1.36 0.000672451665962
1.37 0.000260177697503
1.38 -4.4404200759e-05
1.39 -0.000423243704696
1.4 -0.000662923249147
1.41 -0.000546863355961
1.42 -0.000496082826386
1.43 -0.000849620125927
1.44 -0.001178311687653
1.45 -0.001107915871487
1.46 -0.000762411676652
1.47 -0.000546043483906
1.48 -0.000547777644236
1.49 -0.00015821057808
1.5 0.000860053438042
1.51 0.001716793258976
1.52 0.001022843953591
1.53 0.000212547145651
1.54 3.712297257e-06
1.55 -0.000263672687427
1.56 -0.000540558360606
1.57 -0.000896457150771
1.58 -0.001309978692984
1.59 -0.001694807274258
1.6 -0.001812746694951
1.61 -0.001697463222341
1.62 -0.001290347124471
1.63 -0.001099552926838
1.64 -0.000544514261217
1.65 0.000456928688717
1.66 0.001241896166093
1.67 0.001530454353847
1.68 0.001689273358313
1.69 0.00180832785689
1.7 0.001724279989012
1.71 0.001249355715808
1.72 0.000305876772625
1.73 -0.001053200548773
1.74 -0.001701586860856
1.75 -0.001271364279803
1.76 -0.000922917766159
1.77 -0.001295242495644
1.78 -0.001698778688986
1.79 -0.000919491188904
1.8 0.000833327815932
1.81 0.002150908816351
1.82 0.002118187267356
1.83 0.001707172461223
1.84 0.001041010886645
1.85 0.000314369562255
1.86 -9.0685619849e-05
1.87 -0.000726633427445
1.88 -0.001636681747625
1.89 -0.002211107989544
1.9 -0.002130639372929
1.91 -0.001815583075039
1.92 -0.001019334191431
1.93 -0.000187181601688
1.94 0.000142035990108
1.95 0.000516225190115
1.96 0.001275095908019
1.97 0.00180350446477
1.98 0.001514006930058
1.99 0.00122598599592
2.0 0.001015494506071
2.01 0.000532766384806
2.02 -6.6532438324e-05
2.03 -0.000549010932281
2.04 -0.000732589229244
2.05 -0.000715198465373
2.06 -0.000808608602139
2.07 -0.000909072122767
2.08 -0.000980499391005
2.09 -0.000652782329127
2.1 0.000312808831367
2.11 0.001114136321301
2.12 0.00087878347551
2.13 0.000557415243929
2.14 0.001143890616347
2.15 0.00198665387691
2.16 0.001970748518893
2.17 0.001436146008395
2.18 9.7777891133e-05
2.19 -0.001254630415014
2.2 -0.001458529151524
2.21 -0.001124699208159
2.22 -0.001378867147668
2.23 -0.001960776536287
2.24 -0.001096952899945
2.25 0.000557686245208
2.26 0.001308280358187
2.27 0.000904380988112
2.28 0.000452943359629
2.29 0.00019605698173
2.3 -8.4935128967e-05
2.31 0.000376255549805
2.32 0.000445542463267
2.33 -0.000463117951412
2.34 -0.001157661650759
2.35 -0.000989372195874
2.36 -0.000764650924221
2.37 -0.001125014445531
2.38 -0.001207593059578
2.39 -0.001113134292962
2.4 -0.000885778542606
2.41 -8.2143767862e-05
2.42 0.000874492973898
2.43 0.00123944600943
2.44 0.001415840051448
2.45 0.001559160666178
2.46 0.001687940358694
2.47 0.00147608672487
2.48 0.001202138852864
2.49 0.000885988699553
2.5 0.000482282608428
2.51 -0.000546967178425
2.52 -0.001902947863906
2.53 -0.003108946105339
2.54 -0.003824148967177
2.55 -0.003575307053229
2.56 -0.002585597986021
2.57 -0.001268173590974
2.58 0.000468288733174
2.59 0.002062456915002
2.6 0.002721618667983
2.61 0.002834920565311
2.62 0.003009287409842
2.63 0.003014581308842
2.64 0.002025823855451
2.65 0.00100611167104
2.66 -0.000104141683293
2.67 -0.001342898828057
2.68 -0.00266605607082
2.69 -0.003097003294971
2.7 -0.002285833775146
2.71 -0.00118401662127
2.72 -7.6664454821e-05
2.73 0.001276768168548
2.74 0.002173957901541
2.75 0.002838966667665
2.76 0.003009790132938
2.77 0.002135406982692
2.78 0.000311407725213
2.79 -0.001649090381539
2.8 -0.002778445670443
2.81 -0.003556740234749
2.82 -0.004529072526385
2.83 -0.004681625613253
2.84 -0.003863330457552
2.85 -0.003217694511226
2.86 -0.002325847325477
2.87 -0.00096150415736
2.88 0.000683860735096
2.89 0.005161421792283
2.9 0.0075876360097
2.91 0.00585467068729
2.92 0.00613704869149
2.93 0.005660331964235
2.94 0.004164514749626
2.95 0.002460363948325
2.96 0.00090799100458
2.97 -0.002373600249891
2.98 -0.007268998184048
2.99 -0.009593901693412
3.0 -0.008312872409012
3.01 -0.007766244115838
3.02 -0.006606355861923
3.03 -0.005114507078623
3.04 -0.001637696840954
3.05 0.001589966266224
3.06 0.003762303760038
3.07 0.004001983861745
3.08 0.001420603437996
3.09 0.000345831740912
3.1 -0.000701503980197
3.11 -0.00149630115697
3.12 -0.00093540278035
3.13 -0.001302424883504
3.14 -0.002645705767
3.15 -0.003915137222616
3.16 -0.006398230833671
3.17 -0.008978559287357
3.18 -0.005724296113111
3.19 -0.006432427848944
3.2 -0.005676809877911
3.21 -0.005340098920362
3.22 -0.003057875321391
3.23 0.005522104260339
3.24 0.007478714066797
3.25 0.005700724451181
3.26 0.002563774832263
3.27 0.003588136925243
3.28 0.001628702004908
3.29 -0.002869618515487
3.3 -0.006692904007197
3.31 -0.011571917181675
3.32 -0.003898158134309
3.33 -0.003153675647374
3.34 -0.005127469420134
3.35 -0.00316753478839
3.36 -0.006169482810311
3.37 -0.006825411522618
3.38 -0.00599593200368
3.39 -0.004552602330348
3.4 -0.002743286028667
3.41 -0.001409931306493
3.42 0.000157527225455
3.43 2.3818914856e-05
3.44 -0.000119146437319
3.45 -0.000484598742119
3.46 -0.000440855403619
3.47 0.001131616574255
3.48 0.003335158310165
3.49 0.00227466758176
3.5 0.004081952342839
3.51 0.00420991138401
3.52 0.002956304243258
3.53 0.002179547713805
3.54 0.000308816365195
3.55 -0.00031937527758
3.56 0.000116508679803
3.57 -1.2095012027e-05
3.58 -0.000379406684823
3.59 -0.001988550885528
3.6 -0.005130520016841
3.61 -0.005242450286464
3.62 -0.001735223485016
3.63 -0.000117515634097
3.64 0.000247992932387
3.65 0.002497268647216
3.66 0.002815679136504
3.67 -0.00515052306378
3.68 -0.005572895921557
3.69 -0.002585023621363
3.7 -0.004372446696502
3.71 -0.003973712333595
3.72 -0.001839335981698
3.73 -9.7276662412e-05
3.74 0.006895797855576
3.75 0.015151195650193
3.76 0.008984978633396
3.77 0.00871157742087
3.78 0.0081200712189
3.79 0.007185439934285
3.8 0.008367238170935
3.81 0.008247714346612
3.82 0.007384341267018
3.83 0.006140704356588
3.84 0.003990276188667
3.85 0.001802145070415
3.86 0.000725807689645
3.87 0.000510175934837
3.88 -0.000601992765411
3.89 -0.005372953369609
3.9 -0.003642323600108
3.91 -0.001593578281225
3.92 -0.00036186701434
3.93 0.002050365205089
3.94 0.009341227391837
3.95 0.008241226908031
3.96 0.007247700023317
3.97 0.008168141822843
3.98 0.007455990949858
3.99 0.005079184320063
4.0 -0.000862240559642
4.01 -0.005914654266273
4.02 0.000991149326756
4.03 -0.000241745911427
4.04 -0.002899284050015
4.05 -0.000184516157846
4.06 0.003713316161129
4.07 0.017740689606488
4.08 0.011054513904245
4.09 0.008429736912568
4.1 0.009160001233151
4.11 0.005951159404996
4.12 0.007711119525714
4.13 0.008900392374174
4.14 0.00798286881611
4.15 0.00710239622815
4.16 0.003055903075377
4.17 -0.00639984537854
4.18 -0.00937255501218
4.19 -0.009250268316578
4.2 -0.00630169100806
4.21 -0.002610445226504
4.22 0.002830080555446
4.23 0.00884865039224
4.24 0.008994465804602
4.25 0.008481882290971
4.26 0.013180279033396
4.27 0.007228080130503
4.28 -0.004483778582899
4.29 -0.001314395595777
4.3 0.001068224167637
4.31 -0.001962460536982
4.32 0.000791623240543
4.33 -0.000763793171754
4.34 -0.002862986168496
4.35 -0.005600042259215
4.36 -0.006894007632302
4.37 0.008371333795705
4.38 0.015502340080362
4.39 0.008427721085039
4.4 0.012633598614262
4.41 0.016457263126476
4.42 0.014088452145643
4.43 0.01266842849991
4.44 0.005247774259434
4.45 -0.00970207439125
4.46 -0.01090605914264
4.47 -0.010174170692194
4.48 -0.007496879920122
4.49 -0.009656188823723
4.5 -0.010364469625023
4.51 -0.009574316334258
4.52 -0.005625150276761
4.53 0.007672729134606
4.54 0.014687794281852
4.55 0.01099715388283
4.56 0.013765813472977
4.57 0.018301098523369
4.58 0.016747426464819
4.59 0.014858518820826
4.6 0.0152297328211
4.61 0.0119883455468
4.62 0.003240310580608
4.63 -0.000143419128652
4.64 -0.0105559707898
4.65 -0.010251561697117
4.66 -0.008669651550327
4.67 -0.010617461902558
4.68 -0.010933119571944
4.69 -0.008703212604518
4.7 -0.008857718679807
4.71 0.001109592932768
4.72 0.018463313833901
4.73 0.019005571036152
4.74 0.013935174405889
4.75 0.015053726154193
4.76 0.018919390853634
4.77 0.015929546505698
4.78 0.013590550060229
4.79 0.010174992392458
4.8 0.008797665859879
4.81 0.005979024143621
4.82 0.004125726745258
4.83 0.003515716097462
4.84 0.000358655297972
4.85 -0.006592707541222
4.86 -0.014551484728231
4.87 -0.007682109313397
4.88 -0.007973167657711
4.89 -0.006648740106909
4.9 -0.006185737276779
4.91 0.001112266479949
4.92 0.002460634475926
4.93 -0.000798981339433
4.94 -0.000182754591022
4.95 0.001955581686606
4.96 0.000676103160721
4.97 0.000843085271
4.98 0.003621128949713
4.99 0.020603570482484
5.0 0.020384261738457
5.01 0.015654675775287
5.02 0.023390674243609
5.03 0.019458057596527
5.04 0.021723452436362
5.05 0.019759791611611
5.06 0.01899957371032
5.07 0.014866828048375
5.08 0.014933256543979
5.09 0.015305416130923
5.1 0.012876871970342
5.11 0.009933026720621
5.12 0.004045816439556
5.13 0.002736824171387
5.14 0.001033877171256
5.15 0.00031393179828
5.16 0.000427304484415
5.17 4.3273721813e-05
5.18 -0.000407572725461
5.19 -0.000954931811348
5.2 -0.000777403003818
5.21 -0.000364046275827
5.22 0.000415048268206
5.23 0.001172165994286
5.24 0.002513237432132
5.25 0.009955593207373
5.26 0.017397205352089
5.27 0.006838110806336
5.28 0.015509779306045
5.29 0.005860817969419
5.3 0.011337192521221
5.31 0.008620665322847
5.32 0.005272142394252
5.33 0.009437849004254
5.34 0.002936548933963
5.35 0.00647342480143
5.36 0.006457680591356
5.37 0.000731983517513
5.38 0.000835533943323
5.39 -0.003963775194844
5.4 -0.004425950302538
5.41 -0.002515554711194
5.42 -0.001886395713965
5.43 -0.00081240085826
5.44 -0.000524167079589
5.45 -0.001322528562177
5.46 -0.002262444633659
5.47 -0.002416056382367
5.48 -0.001627302676196
5.49 -0.001051468593491
5.5 -0.001215940931488
5.51 -0.001129798500588
5.52 -0.000697602252917
5.53 -0.000504187158151
5.54 -0.000536407523316
5.55 -0.000430951885199
5.56 -0.000549252175443
5.57 -0.001244968762513
5.58 -0.00215922105843
5.59 -0.003003075344828
5.6 -0.004380202904532
5.61 -0.006597947881861
5.62 -0.008686236740636
5.63 -0.010354263653472
5.64 -0.011959945464815
5.65 -0.012983585730984
5.66 -0.013095266617147
5.67 -0.012409953655586
5.68 -0.011623481476409
5.69 -0.009953019216324
5.7 0.0044708128781
5.71 -0.002488181467548
5.72 -0.007146271408599
5.73 -0.007888727999353
5.74 -0.011532389034919
5.75 -0.007548296464574
5.76 -0.013024636312811
5.77 -0.01408129259699
5.78 -0.01519406291407
5.79 -0.015651893926436
5.8 -0.012659494343948
5.81 -0.013594623093639
5.82 -0.014273165753271
5.83 -0.013899824293628
5.84 -0.015591987776578
5.85 -0.016030537976447
5.86 -0.016387246775277
5.87 -0.017542593624196
5.88 -0.016428149732024
5.89 -0.014246717023098
5.9 -0.012783456027795
5.91 -0.016260903501674
5.92 -0.01715998722793
5.93 -0.016350790088353
5.94 -0.015750275053571
5.95 -0.015328113521405
5.96 -0.016698818442785
5.97 -0.016630462180484
5.98 -0.015138166200145
5.99 -0.01351433843301
6.0 -0.013108687646056
6.01 -0.013566429790461
6.02 -0.011999295981489
6.03 -0.010653933649817
6.04 -0.012884193233201
6.05 -0.01443006251988
6.06 -0.014566040089915
6.07 -0.01705367549999
6.08 -0.020810570638668
6.09 -0.022259410179802
6.1 -0.020095640571999
6.11 -0.018393398004518
6.12 -0.018622008848328
6.13 -0.018564405301191
6.14 -0.013062852162923
6.15 -0.01050218263924
6.16 -0.012195269278969
6.17 -0.011524464270632
6.18 -0.011400450235546
6.19 -0.011606513661699
6.2 -0.011427021487659
6.21 -0.009069399589915
6.22 -0.011424175524463
6.23 -0.008636128437915
6.24 -0.006042861205997
6.25 -0.006430545827139
6.26 -0.007532296189266
6.27 -0.005270666087926
6.28 -0.003705387906631
6.29 -0.006336963928252
6.3 -0.004200711374243
6.31 -0.004617777061592
6.32 -0.008343436357248
6.33 -0.005648823712318
6.34 -0.00675478135069
6.35 -0.008122535988651
6.36 -0.005046837422585
6.37 -0.00813111903227
6.38 -0.005738565696372
6.39 -0.009225070434101
6.4 -0.008816618462824
6.41 -0.007248821359882
6.42 -0.00608641519295
6.43 -0.008447997310848
6.44 -0.004356818586168
6.45 0.001671938107135
6.46 0.001072528627212
6.47 -0.000737778084593
6.48 -0.001245052139743
6.49 -0.000282910124184
6.5 0.000460580751775
6.51 0.000997500057957
6.52 0.000454910747383
6.53 -0.000263187795756
6.54 -0.000139618225992
6.55 0.000483114591601
6.56 0.000232063433904
6.57 -0.000685548399405
6.58 -0.000762070553873
6.59 0.000216400181999
6.6 0.001284793073361
6.61 0.002088901472528
6.62 0.002688139708833
6.63 0.002516576124973
6.64 0.0021009226499
6.65 0.002392095059388
6.66 0.004168920869101
6.67 0.00577935301188
6.68 0.006235139868553
6.69 0.005645434838941
6.7 0.004830268027384
6.71 0.004782685789699
6.72 0.004879354022167
6.73 0.005263616938846
6.74 0.006027523685196
6.75 0.007551696179979
6.76 0.010518490756622
6.77 0.00864644007709
6.78 0.009514224698719
6.79 0.009590087618102
6.8 0.00972986218378
6.81 0.010082143581955
6.82 0.009638897350122
6.83 0.009608214520007
6.84 0.008924062914146
6.85 0.007610528247291
6.86 0.006929442763262
6.87 0.006802430118226
6.88 0.0075631303172
6.89 0.008599055189948
6.9 0.009529823948123
6.91 0.010063060706018
6.92 0.010662457172652
6.93 0.012005321622626
6.94 0.014955376245956
6.95 0.018556524108196
6.96 0.01196048127416
6.97 0.017304032269916
6.98 0.017416593018063
6.99 0.01911998866905
7.0 0.015080914398957
7.01 0.017629371831444
7.02 0.016611727527538
7.03 0.0180537221029
7.04 0.016279195949443
7.05 0.016305904470768
7.06 0.015144816994371
7.07 0.014424487111338
7.08 0.017149249454912
7.09 0.015732446748157
7.1 0.016393659963852
7.11 0.014806174105638
7.12 0.013665375460896
7.13 0.012755867994236
7.14 0.012822619770089
7.15 0.010555487277336
7.16 0.01102026093255
7.17 0.009928314158757
7.18 0.009210690134011
7.19 0.009804794642981
7.2 0.008542098706145
7.21 0.009915513168537
7.22 0.007821163441709
7.23 0.008575685508292
7.24 0.005390890999656
7.25 0.006339782079748
7.26 0.003436622311356
7.27 0.005280769122289
7.28 0.004900344772066
7.29 0.005498430280863
7.3 0.004041975775683
7.31 0.002293094495672
7.32 0.003013290018569
7.33 0.001741023713652
7.34 -0.000265948430123
7.35 -0.003730001231455
7.36 -0.002723533112061
7.37 -0.000258998180951
7.38 -0.001205566391896
7.39 -0.004451575109453
7.4 -0.005409977071947
7.41 -0.003695903120355
7.42 -0.002071154200307
7.43 -0.000858949855946
7.44 0.000478850912921
7.45 0.002581833391472
7.46 0.005340343429658
7.47 0.00691541138251
7.48 0.006684578702424
7.49 0.0061519025741
7.5 0.007190541384207
7.51 0.00648004550874
7.52 0.007793306353936
7.53 0.013987799806592
7.54 0.006638550651828
7.55 0.011752891118026
7.56 0.001925769068788
7.57 0.001390541489098
7.58 0.005176594473232
7.59 0.002518731411281
7.6 0.002147792047256
7.61 0.00395360645649
7.62 0.002365181163525
7.63 0.001210845860311
7.64 0.002320916447632
7.65 0.003612741271249
7.66 0.004745441556367
7.67 0.005168446424829
7.68 0.004923419662062
7.69 0.005438107599547
7.7 0.006299903945777
7.71 0.006996582225824
7.72 0.007505856402793
7.73 0.007300060893648
7.74 0.006034069579756
7.75 0.004674643323838
7.76 0.003220820190027
7.77 0.001373234199643
7.78 0.000247145027293
7.79 0.000557085804331
7.8 0.000766197197192
7.81 -0.001094440969276
7.82 -0.005125181170312
7.83 -0.011969825670127
7.84 -0.014287210359101
7.85 -0.014782837406209
7.86 -0.018992546045011
7.87 -0.013275422326836
7.88 -0.021945919662369
7.89 -0.014652651899645
7.9 -0.012477408425575
7.91 -0.013521441354953
7.92 -0.007478214649747
7.93 -0.006211898629922
7.94 -0.005620051286233
7.95 -0.006175462422131
7.96 -0.008174359553869
7.97 -0.009382014953214
7.98 -0.010979185493446
7.99 -0.012489533341502
8.0 -0.012875367160011
8.01 -0.013187219669163
8.02 -0.013998822502177
8.03 -0.01416128591919
8.04 -0.014295579150535
8.05 -0.014892963447632
8.06 -0.017384961405418
8.07 -0.019530744159657
8.08 -0.02068265382402
8.09 -0.024109026502165
8.1 -0.019473366730152
8.11 -0.020973575729121
8.12 -0.020446851030925
8.13 -0.019222181358349
8.14 -0.017867305908577
8.15 -0.01459493136664
8.16 -0.01323418132919
8.17 -0.011477279832895
8.18 -0.011070587109496
8.19 -0.012770523125224
8.2 -0.010628084655111
8.21 -0.008257352417422
8.22 -0.009289971854971
8.23 -0.008294681817023
8.24 -0.004451881956028
8.25 -0.003126939187313
8.26 -0.003881800017328
8.27 -0.00388150928784
8.28 -0.003735057172158
8.29 -0.004309849376356
8.3 -0.004158001534027
8.31 -0.003179725253655
8.32 -0.002644705244832
8.33 -0.002013035859487
8.34 -0.000529828068284
8.35 0.001939991668227
8.36 0.000961945725976
8.37 0.000333991863786
8.38 -0.000707921214136
8.39 -0.000737583014066
8.4 -0.001520225650068
8.41 -0.002895440107805
8.42 -0.001696730299682
8.43 -0.001280896116595
8.44 -0.002127466820386
8.45 -0.00175834004563
8.46 -0.001811505700945
8.47 -0.002023733702404
8.48 -0.002159066961735
8.49 -0.002684152939667
8.5 -0.002989811461869
8.51 -0.003432349060728
8.52 -0.004200355918825
8.53 -0.004371225269331
8.54 -0.004360125737589
8.55 -0.004494057557024
8.56 -0.004618568150524
8.57 -0.004686957198512
8.58 -0.005146334175362
8.59 -0.00572870988884
8.6 -0.006326689174315
8.61 -0.007089827026455
8.62 -0.0085067859764
8.63 -0.010245878982635
8.64 -0.011595993667449
8.65 -0.012412754516722
8.66 -0.012319897009498
8.67 -0.01241163466803
8.68 -0.005899775792303
8.69 -0.004365717131285
8.7 -0.007702585704043
8.71 -0.008200840410422
8.72 -0.007716438032217
8.73 -0.008339851440199
8.74 -0.00876842166521
8.75 -0.009068718433068
8.76 -0.009691372364721
8.77 -0.009632823979772
8.78 -0.008769927105522
8.79 -0.00824729116348
8.8 -0.008353656887308
8.81 -0.008723835962393
8.82 -0.008844300111613
8.83 -0.008666424266973
8.84 -0.008784302615091
8.85 -0.009569754753379
8.86 -0.010761019384462
8.87 -0.011450206364488
8.88 -0.011065513769558
8.89 -0.010040849385457
8.9 -0.008858399962623
8.91 -0.007613812788307
8.92 -0.006447156512868
8.93 -0.005201905303184
8.94 -0.003145823974915
8.95 -0.000626288236095
8.96 0.003129952895232
8.97 0.009383447012879
8.98 0.017588804078351
8.99 0.0090812879846
9.0 0.010624678626849
9.01 0.009059858523441
9.02 0.001924610485522
9.03 0.000595067011741
9.04 0.001755804307454
9.05 0.003337044826784
9.06 0.003656728996957
9.07 0.001859011049724
9.08 0.000140390144212
9.09 0.00083694453259
9.1 0.002929140757228
9.11 0.004249464158591
9.12 0.004424320882342
9.13 0.004354997030085
9.14 0.004379508404941
9.15 0.004392639976936
9.16 0.00445991607401
9.17 0.004485846102402
9.18 0.004717681133472
9.19 0.005091478093063
9.2 0.00521796716443
9.21 0.005249219082421
9.22 0.005356532939193
9.23 0.005879242737295
9.24 0.006885767433369
9.25 0.007727569147572
9.26 0.007759615176943
9.27 0.005215510301232
9.28 0.003462211626641
9.29 0.005841816895624
9.3 -0.001475220649767
9.31 -0.00429948703843
9.32 -0.000898734015401
9.33 0.004243363063309
9.34 8.8887236014e-05
9.35 -0.003785843851504
9.36 -0.004580903442105
9.37 -0.005132652268303
9.38 -0.006245260305644
9.39 -0.008190755673019
9.4 -0.010005903700609
9.41 -0.012180737279496
9.42 -0.014575181013194
9.43 -0.015742000314558
9.44 -0.016505127932214
9.45 -0.017150145266206
9.46 -0.017571004444009
9.47 -0.017702658017995
9.48 -0.016668558141847
9.49 -0.014790034850828
9.5 -0.01254832692038
9.51 -0.01015833415926
9.52 -0.00756973728165
9.53 -0.005827768144013
9.54 -0.005025299724243
9.55 -0.00415740722572
9.56 -0.003362639569064
9.57 -0.002746355023645
9.58 -0.00313604677907
9.59 -0.004479154429617
9.6 -0.007904555450899
9.61 -0.014471608628744
9.62 -0.014311190253254
9.63 -0.008227631781088
9.64 -0.007603083838732
9.65 -0.008555354319671
9.66 -0.007670820062819
9.67 -0.00472945515628
9.68 -0.003366666839042
9.69 -0.003451009744074
9.7 -0.002828546512585
9.71 -0.000714376779445
9.72 0.000190749645351
9.73 0.000948967153247
9.74 0.001961972728916
9.75 0.002948737112151
9.76 0.003281421411809
9.77 0.002800814006306
9.78 0.002477774445846
9.79 0.002843193372352
9.8 0.004044577384549
9.81 0.005375599469882
9.82 0.006087290581513
9.83 0.006597227739769
9.84 0.0071842876363
9.85 0.007102359108276
9.86 0.00594954467286
9.87 0.004422851449282
9.88 0.003057977847023
9.89 0.001532098425717
9.9 -0.000400605783281
9.91 -0.002132730620513
9.92 -0.003062065413404
9.93 -0.00343211474059
9.94 -0.003547549314006
9.95 -0.001998830532197
9.96 -0.001624026658442
9.97 -0.002068065622136
9.98 -0.003852807169276
9.99 -0.008557316907498
10.0 0.000332341366428
10.01 0.004300833383542
10.02 0.005382462192418
10.03 0.00292079666824
10.04 0.001648165681189
10.05 0.003185814217392
10.06 0.003826442600808
10.07 0.002288397912011
10.08 0.001893696191255
10.09 0.002243512036425
10.1 0.000987398843509
10.11 -0.000877648089616
10.12 -0.002129875787124
10.13 -0.003544548643527
10.14 -0.003769723887931
10.15 -0.00315096227079
10.16 -0.003657832792431
10.17 -0.004171621131025
10.18 -0.003925942065515
10.19 -0.003191613065498
10.2 -0.00177483522119
10.21 0.000125060974827
10.22 0.001465881397079
10.23 0.002464492512119
10.24 0.003179222752108
10.25 0.00377337394375
10.26 0.005138672670307
10.27 0.007651415964751
10.28 0.01091466265182
10.29 0.013124443169119
10.3 0.01402509536783
10.31 0.013495606789833
10.32 0.010638192152961
10.33 0.007320393702798
10.34 0.007038585385174
10.35 0.005018573269858
10.36 0.004434071569446
10.37 0.004492163774094
10.38 0.004709125864697
10.39 0.007376445854896
10.4 0.007610741099639
10.41 0.008183284172737
10.42 0.012106892775505
10.43 0.014138359388835
10.44 0.01295176683413
10.45 0.012539413966925
10.46 0.011545273288052
10.47 0.010426591979091
10.48 0.010938588641049
10.49 0.013362197414644
10.5 0.015734102683138
10.51 0.0162648562381
10.52 0.01445983754755
10.53 0.010461621458686
10.54 0.003773179789147
10.55 0.002394475396373
10.56 0.012624483089978
10.57 0.005162836875134
10.58 0.001989995925304
10.59 0.00718399639626
10.6 0.007353508020384
10.61 0.006497022365276
10.62 0.009222114360871
10.63 0.010163449407397
10.64 0.007402398637503
10.65 0.006866052644802
10.66 0.007505610678898
10.67 0.007359726789413
10.68 0.005249350957031
10.69 0.002034445935753
10.7 -0.000146560256653
10.71 -0.001253643512102
10.72 -0.001573052207322
10.73 -0.001308984881891
10.74 -0.00155840203693
10.75 -0.001774729484816
10.76 -0.000657590686535
10.77 0.001201027536138
10.78 0.00273450537221
10.79 0.002082334867399
10.8 -0.000418947664284
10.81 -0.002365507698175
10.82 -0.001342972059611
10.83 -0.00094356563941
10.84 -0.000874218572282
10.85 0.00176864325994
10.86 0.002832941694628
10.87 0.002582973655045
10.88 0.004713354401328
10.89 -0.001232146885654
10.9 -0.006682847953632
10.91 -0.009251617223574
10.92 -0.008042253486978
10.93 -0.007404707604764
10.94 -0.008308940131778
10.95 -0.007432768527689
10.96 -0.005499539834172
10.97 -0.005817774649981
10.98 -0.007136457823149
10.99 -0.007077780232581
11.0 -0.006535881206143
11.01 -0.006712887705418
11.02 -0.00624514373848
11.03 -0.006653835440571
11.04 -0.007043190577484
11.05 -0.006174152264197
11.06 -0.005287526912052
11.07 -0.004460926756785
11.08 -0.003294069505668
11.09 -0.00194723530392
11.1 -0.000911971244921
11.11 -0.00055408199525
11.12 -0.000724530478513
11.13 -0.00097049529429
11.14 -0.000991083042031
11.15 -0.000556621515284
11.16 0.000229869069693
11.17 0.000995240884267
11.18 0.001390787427883
11.19 0.001068917506538
11.2 0.001227365900672
11.21 0.001239700343616
11.22 0.001591677441765
11.23 0.001628223375634
11.24 0.001880469290669
11.25 0.002009897062471
11.26 0.00300952135429
11.27 0.003580794358985
11.28 0.004326938663382
11.29 0.004454752305287
11.3 0.004203892180914
11.31 0.004381747975635
11.32 0.005208233987199
11.33 0.006628647134611
11.34 0.008281856855628
11.35 0.009478916832552
11.36 0.009766087977766
11.37 0.010447665037283
11.38 0.012956512180307
11.39 0.02421372835035
11.4 0.01871571667956
11.41 0.013654940781995
11.42 0.013282275523728
11.43 0.004524519832326
11.44 0.006496961316427
11.45 0.009281703782502
11.46 0.008512805318492
11.47 0.007874760735233
11.48 0.007802819856216
11.49 0.007268169225707
11.5 0.006665049903315
11.51 0.005896171706381
11.52 0.005401732236668
11.53 0.004904347342139
11.54 0.005040248157286
11.55 0.00466513309977
11.56 0.003422081990147
11.57 0.002385732635667
11.58 0.001431919382803
11.59 0.000829539426003
11.6 0.000634369197259
11.61 0.000835158858206
11.62 0.001269837591445
11.63 0.001482512806246
11.64 0.001743886042696
11.65 0.002896914024366
11.66 0.003178842465808
11.67 0.003128652529707
11.68 0.002957644591841
11.69 0.002827222499533
11.7 0.002718842444781
11.71 0.002777530111219
11.72 0.003399724237189
11.73 0.004865083246017
11.74 0.007032362221809
11.75 0.009518863055011
11.76 0.011801997330935
11.77 0.013544882227956
11.78 0.014636315922596
11.79 0.015480934082007
11.8 0.016166912137787
11.81 0.016771196136021
11.82 0.017287253988536
11.83 0.017062408984959
11.84 0.011218389280293
11.85 0.019874202089648
11.86 0.017869185439149
11.87 0.013995136726875
11.88 0.013211630247113
11.89 0.007823924990958
11.9 0.012352004335924
11.91 0.014813351755271
11.92 0.013187348208317
11.93 0.016081731123179
11.94 0.019025227600706
11.95 0.018653799370416
11.96 0.018768409364141
11.97 0.022135810598832
11.98 0.026920051174961
11.99 0.03000841325835
12.0 0.029012944398505
12.01 0.025642603566982
12.02 0.023433283496381
12.03 0.022897264985993
12.04 0.022864104591581
12.05 0.022490464133133
12.06 0.021980907459231
12.07 0.021888240478983
12.08 0.021449776456393
12.09 0.017635591209037
12.1 0.018622672262986
12.11 0.01450442925778
12.12 0.012060384502851
12.13 0.013728466566196
12.14 0.015010166073501
12.15 0.014552074427254
12.16 0.014261903389944
12.17 0.014968638365112
12.18 0.015253008559238
12.19 0.014711304680896
12.2 0.014324097403863
12.21 0.014084557328993
12.22 0.012894869516613
12.23 0.01136001309995
12.24 0.009727327244091
12.25 0.007510985711628
12.26 0.005414123787207
12.27 0.003924802527134
12.28 0.003025197193081
12.29 0.002855151838528
12.3 0.00307736431703
12.31 0.00350585608096
12.32 0.004066369270886
12.33 0.004690661476522
12.34 0.00499423441998
12.35 0.004384643502866
12.36 0.002943587757701
12.37 0.001374898873944
12.38 0.000657164534536
12.39 0.00092181182331
12.4 0.001406627130537
12.41 0.001957787085589
12.42 0.002483493690756
12.43 0.003589476061807
12.44 0.011429698632045
12.45 0.012365767253988
12.46 0.006313635251875
12.47 0.012760585872718
12.48 0.010225282601405
12.49 0.007824467201035
12.5 0.006781006752916
12.51 -0.006807259470469
12.52 -0.005634704881021
12.53 -0.0002034044505
12.54 -0.001014614485345
12.55 -0.001704105855503
12.56 5.188052812e-06
12.57 0.00116957256287
12.58 0.00125093919863
12.59 0.001773201362478
12.6 0.002952179458883
12.61 0.003742601195738
12.62 0.00356006477403
12.63 0.003274521222135
12.64 0.003284189153776
12.65 0.003551485789106
12.66 0.003835375732331
12.67 0.003918218440217
12.68 0.003803806282311
12.69 0.003545789533691
12.7 0.00322385192918
12.71 0.002952283616652
12.72 0.002641824466336
12.73 0.002367492398809
12.74 0.002025641660712
12.75 0.001577089927103
12.76 0.000684645362241
12.77 -0.000431499260301
12.78 -0.001465669937584
12.79 -0.002007072280887
12.8 -0.001860956299934
12.81 -0.001074496887003
12.82 -0.000284618872535
12.83 -0.000203630435217
12.84 -0.000813816412066
12.85 -0.001903594755943
12.86 -0.003017795305873
12.87 -0.003766050022475
12.88 -0.004137466345036
12.89 -0.004313392425096
12.9 -0.004120205907599
12.91 -0.001103400803558
12.92 0.008573701517786
12.93 0.00335794858193
12.94 0.001042253328558
12.95 0.000640871922136
12.96 -0.000569268718266
12.97 -0.000800093034055
12.98 -0.001046946697876
12.99 -0.003008831776246
13.0 -0.007107305124535
13.01 -0.011760145274734
13.02 -0.007275681429632
13.03 -0.007458399267008
13.04 -0.00673606147308
13.05 -0.003752929708306
13.06 -0.002314409100133
13.07 -0.003362046691514
13.08 -0.004886121455248
13.09 -0.005117192153536
13.1 -0.004264745599456
13.11 -0.001443248146789
13.12 -0.001222848242462
13.13 -0.001940442064939
13.14 -0.001141990578038
13.15 -0.001107922834219
13.16 -0.001050325375352
13.17 -0.000215087297311
13.18 -0.000353071081988
13.19 -0.001332780749917
13.2 -0.002143235819304
13.21 -0.003091636310684
13.22 -0.004460802619679
13.23 -0.005414629226557
13.24 -0.005144234203395
13.25 -0.003912834592222
13.26 -0.002678240245511
13.27 -0.002076552050645
13.28 -0.001891071863376
13.29 -0.001905957686465
13.3 -0.002569873877662
13.31 -0.003021958083114
13.32 -0.00194321485209
13.33 -0.003413984513403
13.34 -0.006194124945171
13.35 -0.005362983851797
13.36 -0.006240973812397
13.37 -0.005996449599184
13.38 -0.008157228138498
13.39 -0.008908550496
13.4 -0.008222582444061
13.41 -0.009978950260694
13.42 -0.009079988783157
13.43 -0.010478075701996
13.44 -0.010644051439224
13.45 -0.009119759848788
13.46 -0.009819318807843
13.47 -0.009375112315013
13.48 -0.008057422089671
13.49 -0.00760857955871
13.5 -0.007896875256829
13.51 -0.007566915752008
13.52 -0.006561449935484
13.53 -0.005321887060526
13.54 -0.004226144482873
13.55 -0.004228467979322
13.56 -0.005323326127246
13.57 -0.006576547838912
13.58 -0.00751590272105
13.59 -0.007268960926928
13.6 -0.00625732581608
13.61 -0.005833516896954
13.62 -0.00615246895134
13.63 -0.006931347732835
13.64 -0.007819025883744
13.65 -0.00838829692626
13.66 -0.008355028466335
13.67 -0.007885056722041
13.68 -0.007453299617558
13.69 -0.007522519687677
13.7 -0.00827383470096
13.71 -0.009391820630475
13.72 -0.010426421481641
13.73 -0.011043261739434
13.74 -0.011043844562404
13.75 -0.010579217330738
13.76 -0.00985804747908
13.77 -0.009217553948262
13.78 -0.008840332537134
13.79 -0.008821386213059
13.8 -0.009131536442356
13.81 -0.009606855425502
13.82 -0.010181543497519
13.83 -0.014172554284679
13.84 -0.010765649703416
13.85 -0.012222529750631
13.86 -0.013546094485137
13.87 -0.009613208992794
13.88 -0.011953636068569
13.89 -0.010807850876548
13.9 -0.010009718675531
13.91 -0.009587287573422
13.92 -0.008109880202072
13.93 -0.009566391884908
13.94 -0.009962495776356
13.95 -0.007377555272364
13.96 -0.008000449804871
13.97 -0.009045539160236
13.98 -0.00960802007078
13.99 -0.009726183399586
14.0 -0.008936412886439
14.01 -0.008019784810786
14.02 -0.007053982750706
14.03 -0.006887928222943
14.04 -0.007269889994778
14.05 -0.007727445523814
14.06 -0.008025858419386
14.07 -0.007786069256749
14.08 -0.007181809004892
14.09 -0.006646624741516
14.1 -0.006372965503976
14.11 -0.006451726165682
14.12 -0.006524299689399
14.13 -0.006299315882032
14.14 -0.005934511258588
14.15 -0.005196364138659
14.16 -0.00413381879833
14.17 -0.0031818325667
14.18 -0.00271087131028
14.19 -0.002616208816325
14.2 -0.002952168197938
14.21 -0.003502175395076
14.22 -0.004002850120338
14.23 -0.004361400665353
14.24 -0.004568038541725
14.25 -0.00481960734115
14.26 -0.004545540616399
14.27 0.006932082469454
14.28 0.004067926717871
14.29 -0.002111415822504
14.3 0.002395671982056
14.31 0.001510645028231
14.32 -0.001649610594583
14.33 -0.000142768445415
14.34 0.000181630325792
14.35 -0.002154240750756
14.36 -0.003886124505624
14.37 -0.004979743191678
14.38 -0.006779097093782
14.39 -0.0078972880015
14.4 -0.00578311106639
14.41 -0.007261358209811
14.42 -0.006276313269203
14.43 -0.006550861738779
14.44 -0.006642147164709
14.45 -0.00389847710727
14.46 -0.002875068088879
14.47 -0.000949004966967
14.48 0.000937908045957
14.49 -0.000940684276217
14.5 -0.002429432427096
14.51 -0.000548110647737
14.52 0.000219190768773
14.53 -0.000910939508208
14.54 -0.001591537447927
14.55 -0.000299224009908
14.56 -0.002308745335702
14.57 -0.003047893531044
14.58 -0.004707407723956
14.59 -0.006563828153301
14.6 -0.009398596614054
14.61 -0.018237448549131
14.62 -0.015943603077496
14.63 -0.015844682784449
14.64 -0.015261733056257
14.65 -0.01393880226413
14.66 -0.01738599366775
14.67 -0.016309314846934
14.68 -0.014338660657276
14.69 -0.014136855689892
14.7 -0.013024625251802
14.71 -0.012669417446627
14.72 -0.013213998890824
14.73 -0.012698550853923
14.74 -0.011119883914101
14.75 -0.009887692073389
14.76 -0.009629014441661
14.77 -0.009852535032984
14.78 -0.010254014219694
14.79 -0.011539005922274
14.8 -0.012472618441075
14.81 -0.012103073022785
14.82 -0.012116641178667
14.83 -0.013000784557139
14.84 -0.014007856041415
14.85 -0.014326062385851
14.86 -0.014187445290166
14.87 -0.013741122047902
14.88 -0.013029824275192
14.89 -0.011554791363126
14.9 -0.012588138381072
14.91 -0.012714517789556
14.92 -0.012061441114728
14.93 -0.01154355852724
14.94 -0.011531700461947
14.95 -0.011293868547127
14.96 -0.011110132909203
14.97 -0.010966590350062
14.98 -0.010653793932818
14.99 -0.009963070632091
15.0 -0.009329660880703
15.01 -0.008692289392529
15.02 -0.008217463804801
15.03 -0.00800307628706
15.04 -0.007718467425126
15.05 -0.007346819837143
15.06 -0.006564945997186
15.07 -0.006051257327797
15.08 -0.005969129302781
15.09 -0.006322467232095
15.1 -0.006750616138971
15.11 -0.006897359996187
15.12 -0.006864558788571
15.13 -0.0068466618017
15.14 -0.007004316552012
15.15 -0.007362274073764
15.16 -0.007751815961097
15.17 -0.008284043804339
15.18 -0.007929547426474
15.19 -0.007872457477048
15.2 -0.007798676744599
15.21 -0.008827949048388
15.22 -0.008848719148207
15.23 0.000327115345462
15.24 0.001578331653783
15.25 -0.003739997012335
15.26 -0.003329586052973
15.27 -0.000825803237686
15.28 -0.001449629247568
15.29 -0.003164307722355
15.3 -0.003723408594379
15.31 -0.00370753771549
15.32 -0.004085906654983
15.33 -0.004521336530868
15.34 -0.004658026028508
15.35 -0.004968940969482
15.36 -0.006087495908724
15.37 -0.008706284374865
15.38 -0.012239167555021
15.39 -0.010111673349955
15.4 -0.011908199320747
15.41 -0.009775896851778
15.42 -0.007241923719983
15.43 -0.006002568904343
15.44 -0.004392008248404
15.45 -0.006079136417742
15.46 -0.006279532332509
15.47 -0.005173889233114
15.48 -0.005337159947864
15.49 -0.004710048459713
15.5 -0.003419650521328
15.51 -0.002771586106809
15.52 -0.000481865617721
15.53 0.007318195781487
15.54 0.006407023125784
15.55 0.00659414440205
15.56 0.005881439423482
15.57 0.0002593527811
15.58 0.001125669579046
15.59 0.003561348859191
15.6 0.002301478130928
15.61 -0.000148940352312
15.62 0.000108593541017
15.63 0.001821092560907
15.64 0.001485773155724
15.65 0.000138080409448
15.66 0.000912164659992
15.67 0.001415737808422
15.68 0.001327628510374
15.69 0.00030022862649
15.7 0.000836722288678
15.71 0.000605406889949
15.72 0.000716287020083
15.73 0.002389985762525
15.74 0.010582632565528
15.75 0.012011488723053
15.76 0.003538349374381
15.77 0.01202018621095
15.78 0.007150344077091
15.79 0.00798806466585
15.8 0.00959160908265
15.81 0.006341772522986
15.82 0.006262437399459
15.83 0.006070109732881
15.84 0.006074579769031
15.85 0.006561263065627
15.86 0.006643099278003
15.87 0.005593228865573
15.88 0.003875855671346
15.89 0.002475673564508
15.9 0.002059083510211
15.91 0.002285196978962
15.92 0.002304154297536
15.93 0.002074617015837
15.94 0.00195257478479
15.95 0.002099304930257
15.96 0.002400721753863
15.97 0.003307942988293
15.98 0.003713251260754
15.99 0.003979246540519
16.0 0.004360043157889
16.01 0.004693372282001
16.02 0.005222094728388
16.03 0.005274523570034
16.04 0.004961866091551
16.05 0.004133133572015
16.06 0.003075648957796
16.07 0.002360976046018
16.08 0.002111355386234
16.09 0.001470874416451
16.1 0.001015474617455
16.11 0.000982126214466
16.12 0.001182235948141
16.13 0.001539371009056
16.14 0.002060452878128
16.15 0.002692434123819
16.16 0.003693580002626
16.17 0.00513157101967
16.18 0.008023668484963
16.19 0.008775175972201
16.2 0.005183567686764
16.21 0.005376055121429
16.22 -0.002578781465566
16.23 -0.003114191492452
16.24 -0.0006947411867
16.25 -0.003409797056952
16.26 -0.002739542842502
16.27 0.000899627130114
16.28 0.003837043822065
16.29 0.011653808407898
16.3 0.013828030729141
16.31 0.009302365698591
16.32 0.009565240159244
16.33 0.010998511405197
16.34 0.011179732362576
16.35 0.010732636938513
16.36 0.009150332705879
16.37 0.008107610830332
16.38 0.009459779439549
16.39 0.009432953542325
16.4 0.007555919890705
16.41 0.006341427839247
16.42 0.004822220931941
16.43 0.004907544409132
16.44 0.005623690699983
16.45 0.005666666755575
16.46 0.005019940400625
16.47 0.006981811333886
16.48 0.008688373974151
16.49 0.007220098938468
16.5 0.007847632496494
16.51 0.011402188468353
16.52 0.008522442223622
16.53 0.013646735731941
16.54 0.012035444812428
16.55 0.010035354102411
16.56 0.008375057655766
16.57 0.008313551779292
16.58 0.008304780211182
16.59 0.00723022387365
16.6 0.008889649720523
16.61 0.006430989203707
16.62 0.006515299621421
16.63 0.007999417858488
16.64 0.006901588190452
16.65 0.007610253358146
16.66 0.00586958404137
16.67 0.005632024523442
16.68 0.006711128815056
16.69 0.006452208270691
16.7 0.006340959858684
16.71 0.005326666959478
16.72 0.004297240344222
16.73 0.005457238632128
16.74 0.005483760632531
16.75 0.004561349161631
16.76 0.005402219987187
16.77 0.005178211605982
16.78 0.00452330958254
16.79 0.005037537609531
16.8 0.004748879592304
16.81 0.004877681418933
16.82 0.004739559083921
16.83 0.004418421785607
16.84 0.004127416685294
16.85 0.003752334619974
16.86 0.003350056501012
16.87 0.00335482656795
16.88 0.003628792698291
16.89 0.003918456330297
16.9 0.004060006065961
16.91 0.004633527822744
16.92 0.005749692224191
16.93 0.006370509385986
16.94 0.006286141887363
16.95 0.005379706940275
16.96 0.003555019920465
16.97 -0.001605095378817
16.98 -0.004310345239779
16.99 0.000579271575208
17.0 0.001101163642498
17.01 -0.002768026170322
17.02 -0.002602893847516
17.03 -0.000499939340787
17.04 2.476251512e-06
17.05 0.000108800931577
17.06 0.0015572431055
17.07 0.005657705354256
17.08 0.013961806962134
17.09 0.007573615239276
17.1 0.007866921093892
17.11 0.011490223470407
17.12 0.010109551084452
17.13 0.009820279105444
17.14 0.008996344463835
17.15 0.007938370710666
17.16 0.005699928585318
17.17 0.003625388995633
17.18 0.002975528797313
17.19 0.003066101304272
17.2 0.003130080545812
17.21 0.00321562223135
17.22 0.002667760599881
17.23 0.002156834182634
17.24 0.002180858043289
17.25 0.004691378832625
17.26 0.004325719421302
17.27 0.00290364990714
17.28 0.001578759536591
17.29 0.001125173620523
17.3 0.004488149825545
17.31 0.006982607353212
17.32 0.003523978237556
17.33 0.006312206762175
17.34 0.003829135001624
17.35 0.002558894773603
17.36 0.002919998914241
17.37 0.00168954713243
17.38 0.002440872682602
17.39 0.002518187120798
17.4 0.00251061708175
17.41 0.000527142013481
17.42 -8.282318823e-06
17.43 0.001160487170584
17.44 -0.000569194295814
17.45 -1.3737915057e-05
17.46 -0.000743282289168
17.47 -0.001203874732144
17.48 -0.000234928367436
17.49 -0.002619136259068
17.5 -0.002643385085454
17.51 -0.002554432768194
17.52 -0.005163658046693
17.53 -0.00574407338537
17.54 -0.006353142929617
17.55 -0.007101007142137
17.56 -0.00600321338008
17.57 -0.004541972177445
17.58 -0.003460576829318
17.59 -0.002834398193663
17.6 -0.002703602114176
17.61 -0.002758116064506
17.62 -0.002645169123083
17.63 -0.002296137417888
17.64 -0.001709574342003
17.65 -0.001394489487376
17.66 -0.001228173581893
17.67 -0.001533782994738
17.68 -0.00166502681383
17.69 -0.001439347516574
17.7 -0.001268558550849
17.71 -0.001459935827729
17.72 -0.001550703221667
17.73 -0.001417411220637
17.74 -0.001237875485914
17.75 -0.001220535993312
17.76 -0.001354087682928
17.77 -0.001675424968462
17.78 -0.002190148433882
17.79 -0.002597700027185
17.8 -0.002736025039095
17.81 -0.003009851151695
17.82 -0.003480462626108
17.83 -0.003876456830068
17.84 -0.004166274450354
17.85 -0.004733351129896
17.86 -0.006364391470944
17.87 -0.003763264815485
17.88 -0.000663312215822
17.89 0.007147896923049
17.9 0.006823453193864
17.91 0.003117303597374
17.92 0.004820208364026
17.93 0.006632946448886
17.94 0.004632610763099
17.95 0.002487531031375
17.96 0.001877808190082
17.97 0.002216227971211
17.98 0.00239590002271
17.99 0.001852341712603
18.0 0.000809797501022
18.01 0.000356260411056
18.02 0.000140925687352
18.03 1.6575638e-06
18.04 0.000169335000333
18.05 8.7603051512e-05
18.06 0.000351684600394
18.07 0.0005701690152
18.08 0.001727694682821
18.09 0.002503233505287
18.1 0.004472564815918
18.11 0.008478220721424
18.12 -0.00050135515439
18.13 0.001714068982083
18.14 0.003251137817272
18.15 0.001627496874279
18.16 0.003838815777377
18.17 0.003792524053291
18.18 0.004112651564136
18.19 0.007130669968884
18.2 0.009699092760521
18.21 0.009472778659231
18.22 0.009222495873991
18.23 0.008525538884844
18.24 0.009996281981567
18.25 0.011231977597872
18.26 0.009411869982932
18.27 0.011598846225014
18.28 0.010666960342446
18.29 0.00911672934347
18.3 0.009709569154748
18.31 0.007119275793299
18.32 0.005164637397198
18.33 0.005380554136638
18.34 0.005322295708313
18.35 0.005224488159092
18.36 0.005200393715268
18.37 0.004596736778333
18.38 0.002957218836419
18.39 0.002132415313822
18.4 0.002744228717092
18.41 0.003825699816482
18.42 0.004876923338659
18.43 0.005302894140575
18.44 0.005850052107287
18.45 0.006863253098259
18.46 0.006767164614034
18.47 0.006665463641173
18.48 0.007438795622746
18.49 0.008058173004132
18.5 0.008375959786258
18.51 0.007800564441469
18.52 0.006720925953815
18.53 0.005617351778905
18.54 0.00516087590876
18.55 0.005485708898516
18.56 0.006084079233836
18.57 0.006626659354008
18.58 0.006990409022165
18.59 0.007014720737721
18.6 0.00675219737407
18.61 0.00640819372843
18.62 0.00597441700979
18.63 0.005706435636642
18.64 0.000715201979852
18.65 -0.004918108752362
18.66 -0.004107415206563
18.67 -0.000390334681155
18.68 -0.000971273365045
18.69 -0.003218997321226
18.7 -0.000342872352214
18.71 0.008647826461647
18.72 0.009311443621903
18.73 0.003750034170582
18.74 0.005789175547885
18.75 0.00351615349511
18.76 0.002294373402141
18.77 0.002025376392359
18.78 0.001370905548735
18.79 6.3615118698e-05
18.8 -0.000508321949093
18.81 -0.000665816784012
18.82 -0.001508445987219
18.83 -0.002954779726877
18.84 -0.00456837239375
18.85 -0.006280267201963
18.86 -0.007285756127971
18.87 -0.006553410882545
18.88 -0.00498301583797
18.89 -0.004107057398863
18.9 -0.003760501767333
18.91 -0.002580360290655
18.92 -0.000381461787279
18.93 0.001478063279825
18.94 0.001872599421847
18.95 0.000781848234092
18.96 -0.000508268261391
18.97 -0.001071446562098
18.98 -0.000831353907957
18.99 -0.000696959503063
19.0 -0.001427482763164
19.01 -0.002892594335399
19.02 -0.004189333446257
19.03 -0.004868123690769
19.04 -0.004570438284234
19.05 -0.004092733895263
19.06 -0.004069769930073
19.07 -0.004490574484585
19.08 -0.005071733669048
19.09 -0.005336735914161
19.1 -0.005024643584334
19.11 -0.004382242558486
19.12 -0.004030274261595
19.13 -0.004020827484294
19.14 -0.003848223228508
19.15 -0.003687901155148
19.16 -0.00386214199125
19.17 -0.004178211515145
19.18 -0.004489965277639
19.19 -0.004776683991675
19.2 -0.00529594402739
19.21 -0.006367176403924
19.22 -0.004165523544477
19.23 0.00594169796435
19.24 -0.000734451044935
19.25 -0.002883855864528
19.26 0.001144784640529
19.27 -0.000673956559569
19.28 -0.004000907509856
19.29 -0.00689985886428
19.3 -0.015768542587755
19.31 -0.013050572487142
19.32 -0.008569660899797
19.33 -0.01012120779546
19.34 -0.008172309502229
19.35 -0.006816180752852
19.36 -0.005033418155955
19.37 -0.004961802745297
19.38 -0.006485347250432
19.39 -0.003890686483246
19.4 -0.002953910549769
19.41 -0.002147187543112
19.42 -0.00077790321305
19.43 -8.9335719324e-05
19.44 0.000524083950274
19.45 0.000998868340741
19.46 0.000356643063553
19.47 -0.001336006816756
19.48 -0.002109101501854
19.49 -0.000573664473446
19.5 -0.000336627235931
19.51 -0.000163139628495
19.52 -0.00130940814135
19.53 -0.002809008191603
19.54 -0.003021841656895
19.55 -0.001312091086354
19.56 4.1530949389e-05
19.57 -0.000537714264569
19.58 0.001243401272969
19.59 0.001251947975749
19.6 0.000537990027857
19.61 0.001948485354226
19.62 0.001054069980151
19.63 0.002373193559649
19.64 0.00695435273718
19.65 0.008348367460986
19.66 0.007500323374067
19.67 0.005622776454023
19.68 0.004524382111814
19.69 0.005718242806583
19.7 0.007069165962038
19.71 0.006969049460021
19.72 0.006221948367324
19.73 0.00589074553275
19.74 0.005627249953979
19.75 0.005775393376347
19.76 0.005315246755406
19.77 0.004807625275765
19.78 0.004680979569806
19.79 0.004454714148716
19.8 0.004672757449008
19.81 0.004792566897922
19.82 0.005044440055207
19.83 0.005537677597981
19.84 0.006347656908194
19.85 0.007960266368906
19.86 0.00968582974897
19.87 0.010463811187983
19.88 0.009934885333466
19.89 0.009005401328691
19.9 0.008387619026819
19.91 0.008440635568725
19.92 0.008419097374614
19.93 0.007506395510768
19.94 0.006503266540986
19.95 0.005235086633228
19.96 0.004525578541834
19.97 0.004757264984396
19.98 0.005134752914287
19.99 0.005064455153369
20.0 0.004596029470185
20.01 0.004190159791743
20.02 0.004160267546388
20.03 0.004396712569063
20.04 0.004760899351929
20.05 0.005324660639112
20.06 0.006068099743996
20.07 0.005498807300268
20.08 0.004457782006286
20.09 0.004792782823545
20.1 0.003153806462241
20.11 0.004425882358112
20.12 -0.000844430247801
20.13 -0.003916106550921
20.14 -0.003204469444703
20.15 -0.004141625704645
20.16 -0.003006930513411
20.17 -0.001031241835901
20.18 -0.000466468362538
20.19 -0.000905908801989
20.2 -0.001400316455382
20.21 -0.001209504462737
20.22 -0.000548751702492
20.23 -0.000125466898154
20.24 -0.000130964432937
20.25 -0.00014871849316
20.26 -0.000178954887777
20.27 -0.000499908722541
20.28 -0.000690018545041
20.29 -0.00064431084868
20.3 -0.000516782046746
20.31 -0.000493286334789
20.32 -0.000569324290149
20.33 -0.000814288577169
20.34 -0.001484462969601
20.35 -0.002400069567108
20.36 -0.003299243102528
20.37 -0.003978413278878
20.38 -0.004348337893041
20.39 -0.004533097910596
20.4 -0.004681750997097
20.41 -0.00496744542847
20.42 -0.00523808200436
20.43 -0.005829852489056
20.44 -0.006035576112391
20.45 -0.005805051242979
20.46 -0.002782896980312
20.47 0.001268374790459
20.48 -0.001150681782305
20.49 -0.005169054877192
20.5 -0.004979407741803
20.51 -0.002900068254442
20.52 -0.002449027760389
20.53 -0.00315878707185
20.54 -0.005257924060406
20.55 -0.005717481108841
20.56 -0.005095330495193
20.57 -0.005842739647056
20.58 -0.005742691556976
20.59 -0.004935360444665
20.6 -0.005744245451499
20.61 -0.006289785939761
20.62 -0.006080272497474
20.63 -0.006413606946626
20.64 -0.006362481728023
20.65 -0.004600074472055
20.66 -0.003600667208512
20.67 -0.003894785427443
20.68 -0.00523791626936
20.69 -0.006234365819297
20.7 -0.005815713132623
20.71 -0.004384892909845
20.72 -0.003824767916746
20.73 -0.004350327294431
20.74 -0.004560742317181
20.75 -0.004597500433038
20.76 -0.0043768130616
20.77 -0.003515373167603
20.78 -0.002991815619981
20.79 -0.003569945454307
20.8 -0.004632998201376
20.81 -0.00523797146165
20.82 -0.004943379557789
20.83 -0.004098377602778
20.84 -0.004251344393077
20.85 -0.004824874026941
20.86 -0.005317003719007
20.87 -0.004679979766743
20.88 -0.004485901961127
20.89 -0.00519439301288
20.9 -0.005210096119955
20.91 -0.005290696372343
20.92 -0.005150748525514
20.93 -0.005170871794203
20.94 -0.005431017403533
20.95 -0.005516807835375
20.96 -0.005699781402742
20.97 -0.005540982318817
20.98 -0.005751331266375
20.99 -0.006106298497102
21.0 -0.00589101347585
21.01 -0.005473399203408
21.02 -0.005235855021908
21.03 -0.005349893942895
21.04 -0.005301829092648
21.05 -0.005180742935128
21.06 -0.005166333591339
21.07 -0.005061254953378
21.08 -0.00472209526677
21.09 -0.004276286217135
21.1 -0.004284555596113
21.11 -0.00471120140334
21.12 -0.005396169473726
21.13 -0.006138511637877
21.14 -0.006514613426403
21.15 -0.006568579362784
21.16 -0.006452664302144
21.17 -0.00638432415633
21.18 -0.005914626334494
21.19 -0.003678865237503
21.2 -0.006525377156888
21.21 -0.005978003585337
21.22 -0.005690574797503
21.23 -0.006581898155513
21.24 -0.005587501766345
21.25 -0.005053587307007
21.26 -0.005542818621455
21.27 -0.004811809103547
21.28 -0.00555994301073
21.29 -0.005245617580042
21.3 -0.004666096769428
21.31 -0.004709696991126
21.32 -0.003746167926273
21.33 -0.003785469964588
21.34 -0.003515515998101
21.35 -0.003246683221035
21.36 -0.003118635073141
21.37 -0.002350230360529
21.38 -0.002119313360029
21.39 -0.002706903128525
21.4 -0.003347416586691
21.41 -0.003442907973539
21.42 -0.003141459652586
21.43 -0.003165663601474
21.44 -0.003183443076703
21.45 -0.002898749226286
21.46 -0.002600749328995
21.47 -0.003046788995661
21.48 -0.002658184504912
21.49 -0.001034318658711
21.5 -0.001492429136234
21.51 -0.001321411222916
21.52 -0.000272380281771
21.53 0.000738028406513
21.54 0.001735503211922
21.55 0.002475328178081
21.56 0.004236429227715
21.57 0.004718650157211
21.58 0.004554523729579
21.59 0.004251390606455
21.6 0.003290851179575
21.61 0.002541408952543
21.62 0.002473975620961
21.63 0.002400498303887
21.64 0.002060653205509
21.65 0.001729857033329
21.66 0.001718193063853
21.67 0.002238357734813
21.68 0.00264645624905
21.69 0.002561648272554
21.7 0.002626491919058
21.71 0.003524567903701
21.72 0.00438482203324
21.73 0.004598678018444
21.74 0.00463891306514
21.75 0.004942494060918
21.76 0.005644054861114
21.77 0.006216968257298
21.78 0.006535501219324
21.79 0.006744611208633
21.8 0.007409828385258
21.81 0.005499734532383
21.82 0.002435179175812
21.83 0.004316778168698
21.84 0.005497635291472
21.85 0.005291034636583
21.86 0.005513242428205
21.87 0.005882772774743
21.88 0.006521961898594
21.89 0.006694965285516
21.9 0.005987321933422
21.91 0.005847773510121
21.92 0.006337083693077
21.93 0.006215520279882
21.94 0.005774493341366
21.95 0.005479560046221
21.96 0.005948136138956
21.97 0.005875296404232
21.98 0.00466596138064
21.99 0.004690137824539
22.0 0.003489908302244
22.01 0.0033533995555
22.02 0.003556677694386
22.03 0.003707796848189
22.04 0.00450208118983
22.05 0.004506460569229
22.06 0.004782350510225
22.07 0.003857912649612
22.08 0.002099203055192
22.09 0.002888226115157
22.1 0.003030616873695
22.11 0.003334012861656
22.12 0.003322567604266
22.13 0.003251552723892
22.14 0.00381002832143
22.15 0.003928082939837
22.16 0.00496497225183
22.17 0.004124827430354
22.18 -0.001901010110998
22.19 -0.004078481332114
22.2 -0.000649565834579
22.21 0.001165518709
22.22 -1.832271831e-06
22.23 -0.000887673349437
22.24 -0.000541996684426
22.25 8.5563525279e-05
22.26 0.000581236378082
22.27 0.001516619258738
22.28 0.006573984641152
22.29 0.011087296722583
22.3 0.002615781826354
22.31 0.005942094279458
22.32 0.007410705064977
22.33 0.004906619424243
22.34 0.005786504611973
22.35 0.004341224737161
22.36 0.002733063332373
22.37 0.002357441990708
22.38 2.5047392636e-05
22.39 -0.002892230680362
22.4 -0.004441286396845
22.41 -0.004297889058477
22.42 -0.003682047496297
22.43 -0.004660321279483
22.44 -0.007659168421969
22.45 -0.008249834015927
22.46 -0.009903414002087
22.47 -0.008939340280156
22.48 -0.006546885141517
22.49 -0.005892255690822
22.5 -0.004494278513329
22.51 -0.004543404428446
22.52 -0.00451319419035
22.53 -0.003304936656485
22.54 -0.002238505650045
22.55 -0.001577551626727
22.56 -0.00223529506054
22.57 -0.002610348616339
22.58 -0.002433885046142
22.59 -0.002311942109098
22.6 -0.002568515863928
22.61 -0.003074562794476
22.62 -0.003734601976315
22.63 -0.004583776242421
22.64 -0.005475447032225
22.65 -0.006416314320174
22.66 -0.007342764989705
22.67 -0.008269180585093
22.68 -0.008906499952098
22.69 -0.008843804614282
22.7 -0.008452848723373
22.71 -0.007929783824187
22.72 -0.007430266428974
22.73 -0.007142763635524
22.74 -0.007022556305184
22.75 -0.007034589145595
22.76 -0.006987079713824
22.77 -0.006741287819107
22.78 -0.006284894823249
22.79 -0.005830863642971
22.8 -0.005629142067648
22.81 -0.005912634919673
22.82 -0.006470369540682
22.83 -0.007161162604404
22.84 -0.007570673382569
22.85 -0.007692248449814
22.86 -0.007451028880986
22.87 -0.006959710049221
22.88 -0.006520115553664
22.89 -0.00640712587983
22.9 -0.006476026362244
22.91 -0.006458412242424
22.92 -0.006230854116412
22.93 -0.005882934100226
22.94 -0.005609654273186
22.95 -0.005635944399187
22.96 -0.006009696919217
22.97 -0.006672407456831
22.98 -0.007426205340999
22.99 -0.006329809505629
23.0 -0.006760206202843
23.01 -0.007119899293029
23.02 -0.005900275933692
23.03 -0.006377535669488
23.04 -0.005393623365984
23.05 -0.005102237327648
23.06 -0.00528887198305
23.07 -0.004598544415847
23.08 -0.004767781473837
23.09 -0.003658928821605
23.1 -0.002771530907512
23.11 -0.002248774740746
23.12 -0.001438051630308
23.13 -0.002132852338542
23.14 -0.002235500097852
23.15 -0.002213784523871
23.16 -0.002270305950889
23.17 -0.002116183989214
23.18 -0.001824689362338
23.19 -0.001478287061042
23.2 -0.000939112380602
23.21 -0.000757271885337
23.22 -0.000818722727948
23.23 -0.00047174513648
23.24 8.038235413e-06
23.25 0.000183368758537
23.26 0.000797559532691
23.27 0.001605775949765
23.28 0.002297347029741
23.29 0.003220600610707
23.3 0.004164240462618
23.31 0.004750819606077
23.32 0.004983629999737
23.33 0.004934302711865
23.34 0.004721879124324
23.35 0.004460111535578
23.36 0.004221506775364
23.37 0.004044571915154
23.38 0.003890167697261
23.39 0.003777285342689
23.4 0.003606228456991
23.41 0.00340246483679
23.42 0.003166126921767
23.43 0.002924451990473
23.44 0.002757274875356
23.45 0.002751813852405
23.46 0.002857068689682
23.47 0.002962946419371
23.48 0.003132130316972
23.49 0.003458894778981
23.5 0.003848763705179
23.51 0.004200284133761
23.52 0.004557770522888
23.53 0.004978169628103
23.54 0.005495638872496
23.55 0.005954961441323
23.56 0.00618451082136
23.57 0.006183595610141
23.58 0.006102255257063
23.59 0.006060308187953
23.6 0.006091256806454
23.61 0.006111362444652
23.62 0.006025298177627
23.63 0.005894731642139
23.64 0.005787777931818
23.65 0.005724737023166
23.66 0.00566763573012
23.67 0.005582913948642
23.68 0.005449231400386
23.69 0.005300750049327
23.7 0.005147387270571
23.71 0.005008401133309
23.72 0.004846588152734
23.73 0.004136636159061
23.74 0.003926331758768
23.75 0.00383181987681
23.76 0.003307119068962
23.77 0.003500313267319
23.78 0.003415775970933
23.79 0.003561593084238
23.8 0.004286106062423
23.81 0.004362871401991
23.82 0.003874131484276
23.83 0.003720215458097
23.84 0.004266499270196
23.85 0.004862303042001
23.86 0.004607096069912
23.87 0.004160973607434
23.88 0.004671917668639
23.89 0.005293234768051
23.9 0.00502949057063
23.91 0.004382327059608
23.92 0.003443707675028
23.93 0.002210461784427
23.94 0.00201449101513
23.95 0.001657004831072
23.96 0.002153052257479
23.97 0.00265554315743
23.98 0.002320484892576
23.99 0.00239277735843
24.0 0.002686811685995
24.01 0.002682388073064
24.02 0.002210186083946
24.03 0.001130311714738
24.04 0.000460164273052
24.05 0.000365309499072
24.06 0.000646126337626
24.07 -0.000911247590165
24.08 -0.002009833689417
24.09 -0.001769551123509
24.1 0.000544114988318
24.11 0.008372631123407
24.12 0.005055846325996
24.13 0.000872893509138
24.14 0.004186553020895
24.15 0.002109766028548
24.16 0.001574386429026
24.17 0.001772479416437
24.18 -0.000795574882262
24.19 -0.000989323342388
24.2 -7.4205856373e-05
24.21 -0.000454113941702
24.22 -0.001321870755434
24.23 -0.003070941807276
24.24 -0.004056187813234
24.25 -0.003797173960503
24.26 -0.00366997242292
24.27 -0.004306353446764
24.28 -0.005045709954427
24.29 -0.005288110148054
24.3 -0.004687878525848
24.31 -0.003281575368787
24.32 -0.001935031301379
24.33 -0.00162064757089
24.34 -0.002313477924241
24.35 -0.002963395727558
24.36 -0.002776923025969
24.37 -0.002258768362379
24.38 -0.00243312948013
24.39 -0.003371025854705
24.4 -0.00421941177171
24.41 -0.004309779470047
24.42 -0.003896302590573
24.43 -0.003681001342018
24.44 -0.0040008730271
24.45 -0.004532287718566
24.46 -0.004800163016373
24.47 -0.004646234114097
24.48 -0.004316055448502
24.49 -0.004187955461713
24.5 -0.004370279860411
24.51 -0.004594726332703
24.52 -0.004612389885258
24.53 -0.004523898499082
24.54 -0.005230756160686
24.55 -0.005164677645259
24.56 -0.005071709690211
24.57 -0.005290191495765
24.58 -0.005031068559106
24.59 -0.004954762666015
24.6 -0.005100731760349
24.61 -0.005047476863513
24.62 -0.004308812614112
24.63 -0.00439094497241
24.64 -0.004536552828305
24.65 -0.004544425671699
24.66 -0.004840298481225
24.67 -0.004528601732066
24.68 -0.004668359896547
24.69 -0.00464169629406
24.7 -0.004773045455986
24.71 -0.004667266856315
24.72 -0.004497776298477
24.73 -0.004506830807226
24.74 -0.004696076308223
24.75 -0.004768433495823
24.76 -0.004576005008998
24.77 -0.004349011958903
24.78 -0.00420536834756
24.79 -0.004071975036794
24.8 -0.00398977581972
24.81 -0.003928309423625
24.82 -0.003839615226411
24.83 -0.00364034108657
24.84 -0.001437926144903
24.85 0.001960088062646
24.86 0.001335999425622
24.87 0.000743690803471
24.88 -1.3953057752e-05
24.89 -0.000237626244128
24.9 0.000214239093563
24.91 0.000127561540928
24.92 -0.000223731616092
24.93 -0.000534286251218
24.94 -0.001190096135511
 
 
 
 
 
 
 
 
 
 
 
 
 
 
 
 
 
 
 
 
 
 
 
 
 
 
 
 
 
 
 
 
 
 
 
 
 
 
 
 
 
 
 
 
 
 
 
 
 
 
 
 
 
 
 
 
 
 
 
 
 
 
 
 
 
 
 
 
 
 
 
 
 
 
 
 
 
 
 
 
 
 
 
 
 
 
 
 
 
 
 
 
 
 
 
 
 
 
 
 
 
 
 
 
 
 
 
 
 
 
 
 
 
 
 
 
 
 
 
 
 
 
 
 
 
 
 
 
 
 
 
 
 
 
 
 
 
 
 
 
 
 
 
 
 
 
 
 
 
 
 
 
 
 
 
 
 
 
 
 
 
 
 
 
 
 
 
 
 
 
 
 
 
 
 
 
 
 
 
 
 
 
 
 
 
 
 
 
 
 
 
 
 
 
 
 
 
 
 
 
 
 
 
 
 
 
 
 
 
 
 
 
 
 
 
 
 
 
 
 
 
 
 
 
 
 
 
 
 
 
 
 
 
 
 
 
 
 
 
 
 
 
 
 
 
 
 
 
 
 
 
 
 
 
 
 
 
 
 
 
 
 
 
 
 
 
 
 
 
 
 
 
 
 
 
 
 
 
 
 
 
 
 
 
 
 
 
 
 
 
 
 
 
 
 
 
 
 
 
 
 
 
 
 
 
 
 
 
 
 
 
 
 
 
 
 
 
 
 
 
 
 
 
 
 
 
 
 
 
 
 
 
 
 
 
 
 
 
 
 
 
 
 
 
 
 
 
 
 
 
 
 
 
 
 
 
 
 
 
 
 
 
 
 
 
 
 
 
 
 
 
 
 
 
 
 
 
 
 
 
 
 
 
 
 
 
 
 
 
 
 
 
 
 
 
 
 
 
 
 
 
 
 
 
 
 
 
 
 
 
 
 
 
 
 
 
 
 
 
 
 
 
 
 
 
 
 
 
 
 
 
 
 
 
 
 
 
 
 
 
 
 
 
 
 
 
 
 
 
 
 
 
 
 
 
 
 
 
 
 
 
 
 
 
 
 
 
 
 
 
 
 
 
 
 
 
 
 
 
 
 
 
 
 
 
 
 
 
 
 
 
 
 
 
 
 
 
 
 
 
 
 
 
 
 
 
 
 
 
 
 
 
 
 
 
 
 
 
 
 
 
 
 
 
 
 
 
 
 
 
 
 
 
 
 
 
 
 
 
 
 
 
 
 
 
 
 
 
 
 
 
 
 
 
 
 
 
 
 
 
 
 
 
 
 
 
 
 
 
 
 
 
 
 
 
 
 
 
 
 
 
 
 
 
 
 
 
 
 
 
 
 
 
 
 
 
 
 
 
 
 
 
 
 
 
 
 
 
 
 
 
 
 
 
 
 
 
 
 
 
 
 
 
 
 
 
 
 
 
 
 
 
 
 
 
 
 
 
 
 
 
 
 
 
 
 
 
 
 
 
 
 
 
 
 
 
 
 
 
 
 
 
 
 
 
 
 
 
 
 
 
 
 
 
 
 
 
 
 
 
 
 
 
 
 
 
 
 
 
 
 
 
 
 
 
 
 
 
 
 
 
 
 
 
 
 
 
 
 
 
 
 
 
 
 
 
 
 
 
 
 
 
 
 
 
 
 
 
 
 
 
 
 
 
 
 
 
 
 
 
 
 
 
 
 
 
 
 
 
 
 
 
 
 
 
 
 
 
 
 
 
 
 
 
 
 
 
 
 
 
 
 
 
 
 
 
 
 
 
 
 
 
 
 
 
 
 
 
 
 
 
 
 
 
 
 
 
 
 
 
 
 
 
 
 
 
 
 
 
 
 
 
 
 
 
 
 
 
 
 
 
 
 
 
 
 
 
 
 
 
 
 
 
 
 
 
 
 
 
 
 
 
 
 
 
 
 
 
 
 
 
 
 
 
 
 
 
 
 
 
 
 
 
 
 
 
 
 
 
 
 
 
 
 
 
 
 
 
 
 
 
 
 
 
 
 
 
 
 
 
 
 
 
 
 
 
 
 
 
 
 
 
 
 
 
 
 
 
 
 
 
 
 
 
 
 
 
 
 
 
 
 
 
 
 
 
 
 
 
 
 
 
 
 
 
 
 
 
 
 
 
 
 
 
 
 
 
 
 
 
 
 
 
 
 
 
 
 
 
 
 
 
 
 
 
 
 
 
 
 
 
 
 
 
 
 
 
 
 
 
 
 
 
 
 
 
 
 
 
 
 
 
 
 
 
 
 
 
 
 
 
 
 
 
 
 
 
 
 
 
 
 
 
 
 
 
 
 
 
 
 
 
 
 
 
 
 
 
 
 
 
 
 
 
 
 
 
 
 
 
 
 
 
 
 
 
 
 
 
 
 
 
 
 
 
 
 
 
 
 
 
 
 
 
 
 
 
 
 
 
 
 
 
 
 
 
 
 
 
 
 
 
 
 
 
 
 
 
 
 
 
 
 
 
 
 
 
 
 
 
 
 
 
 
 
 
 
 
 
 
 
 
 
 
 
 
 
 
 
 
 
 
 
 
 
 
 
 
 
 
 
 
 
 
 
 
 
 
 
 
 
 
 
 
 
 
 
 
 
 
 
 
 
 
 
 
 
 
 
 
 
 
 
 
 
 
 
 
 
 
 
 
 
 
 
 
 
 
 
 
 
 
 
 
 
 
 
 
 
 
 
 
 
 
 
 
 
 
 
 
 
 
 
 
 
 
 
 
 
 
 
 
 
 
 
 
 
 
 
 
 
 
 
 
 
 
 
 
 
 
 
 
 
 
 
 
 
 
 
 
 
 
 
 
 
 
 
 
 
 
 
 
 
 
 
 
 
 
 
 
 
 
 
 
 
 
 
 
 
 
 
 
 
 
 
 
 
 
 
 
 
 
 
 
 
 
 
 
 
 
 
 
 
 
 
 
 
 
 
 
 
 
 
 
 
 
 
 
 
 
 
 
 
 
 
 
 
 
 
 
 
 
 
 
 
 
 
 
 
 
 
 
 
 
 
 
 
 
 
 
 
 
 
 
 
 
 
 
 
 
 
 
 
 
 
 
 
 
 
 
 
 
 
 
 
 
 
 
 
 
 
 
 
 
 
 
 
 
 
 
 
 
 
 
 
 
 
 
 
 
 
 
 
 
 
 
 
 
 
 
 
 
 
 
 
 
 
 
 
 
 
 
 
 
 
 
 
 
 
 
 
 
 
 
 
 
 
 
 
 
 
 
 
 
 
 
 
 
 
 
 
 
 
 
 
 
 
 
 
 
 
 
 
 
 
 
 
 
 
 
 
 
 
 
 
 
 
 
 
 
 
 
 
 
 
 
 
 
 
 
 
 
 
 
 
 
 
 
 
 
 
 
 
 
 
 
 
 
 
 
 
 
 
 
 
 
 
 
 
 
 
 
 
 
 
 
 
 
 
 
 
 
 
 
 
 
 
 
 
 
 
 
 
 
 
 
 
 
 
 
 
 
 
 
 
 
 
 
 
 
 
 
 
 
 
 
 
 
 
 
 
 
 
 
 
 
 
 
 
 
 
 
 
 
 
 
 
 
 
 
 
 
 
 
 
 
 
 
 
 
 
 
 
 
 
 
 
 
 
 
 
 
 
 
 
 
 
 
 
 
 
 
 
 
 
 
 
 
 
 
 
 
 
 
 
 
 
 
 
 
 
 
 
 
 
 
 
 
 
 
 
 
 
 
 
 
 
 
 
 
 
 
 
 
 
 
 
 
 
 
 
 
 
 
 
 
 
 
 
 
 
 
 
 
 
 
 
 
 
 
 
 
 
 
 
 
 
 
 
 
 
 
 
 
 
 
 
 
 
 
 
 
 
 
 
 
 
 
 
 
 
 
 
 
 
 
 
 
 
 
 
 
 
 
 
 
 
 
 
 
 
 
 
 
 
 
 
 
 
 
 
 
 
 
 
 
 
 
 
 
 
 
 
 
 
 
 
 
 
 
 
 
 
 
 
 
 
 
 
 
 
 
 
 
 
 
 
 
 
 
 
 
 
 
 
 
 
 
 
 
 
 
 
 
 
 
 
 
 
 
 
 
 
 
 
 
 
 
 
 
 
 
 
 
 
 
 
 
 
 
 
 
 
 
 
 
 
 
 
 
 
 
 
 
 
 
 
 
 
 
 
 
 
 
 
 
 
 
 
 
 
 
 
 
 
 
 
 
 
 
 
 
 
 
 
 
 
 
 
 
 
 
 
 
 
 
 
 
 
 
 
 
 
 
 
 
 
 
 
 
 
 
 
 
 
 
 
 
 
 
 
 
 
 
 
 
 
 
 
 
 
 
 
 
 
 
 
 
 
 
 
 
 
 
 
 
 
 
 
 
 
 
 
 
 
 
 
 
 
 
 
 
 
 
 
 
 
 
 
 
 
 
 
 
 
 
 
 
 
 
 
 
 
 
 
 
 
 
 
 
 
 
 
 
 
 
 
 
 
 
 
 
 
 
 
 
 
 
 
 
 
 
 
 
 
 
 
 
 
 
 
 
 
 
 
 
 
 
 
 
 
 
 
 
 
 
 
 
 
 
 
 
 
 
 
 
 
 
 
 
 
 
 
 
 
 
 
 
 
 
 
 
 
 
 
 
 
 
 
 
 
 
 
 
 
 
 
 
 
 
 
 
 
 
 
 
 
 
 
 
 
 
 
 
 
 
 
 
 
 
 
 
 
 
 
 
 
 
 
 
 
 
 
 
 
 
 
 
 
 
 
 
 
 
 
 
 
 
 
 
 
 
 
 
 
 
 
 
 
 
 
 
 
 
 
 
 
 
 
 
 
 
 
 
 
 
 
 
 
 
 
 
 
 
 
 
 
 
 
 
 
 
 
 
 
 
 
 
 
 
 
 
 
 
 
 
 
 
 
 
 
 
 
 
 
 
 
 
 
 
 
 
 
 
 
 
 
 
 
 
 
 
 
 
 
 
 
 
 
 
 
 
 
 
 
 
 
 
 
 
 
 
 
 
 
 
 
 
 
 
 
 
 
 
 
 
 
 
 
 
 
 
 
 
 
 
 
 
 
 
 
 
 
 
 
 
 
 
 
 
 
 
 
 
 
 
 
 
 
 
 
 
 
 
 
 
 
 
 
 
 
 
 
 
 
 
 
 
 
 
 
 
 
 
 
 
 
 
 
 
 
 
 
 
 
 
 
 
 
 
 
 
 
 
 
 
 
 
 
 
 
 
 
 
 
 
 
 
 
 
 
 
 
 
 
 
 
 
 
 
 
 
 
 
 
 
 
 
 
 
 
 
 
 
 
 
 
 
 
 
 
 
 
 
 
 
 
 
 
 
 
 
 
 
 
 
 
 
 
 
 
 
 
 
 
 
 
 
 
 
 
 
 
 
 
 
 
 
 
 
 
 
 
 
 
 
 
 
 
 
 
 
 
 
 
 
 
 
 
 
 
 
 
 
 
 
 
 
 
 
 
 
 
 
 
 
 
 
 
 
 
 
 
 
 
 
 
 
 
 
 
 
 
 
 
 
 
 
 
 
 
 
 
 
 
 
 
 
 
 
 
 
 
 
 
 
 
 
 
 
 
 
 
 
 
 
 
 
 
 
 
 
 
 
 
 
 
 
 
 
 
 
 
 
 
 
 
 
 
 
 
 
 
 
 
 
 
 
 
 
 
 
 
 
 
 
 
 
 
 
 
 
 
 
 
 
 
 
 
 
 
 
 
 
 
 
 
 
 
 
 
 
 
 
 
 
 
 
 
 
 
 
 
 
 
 
 
 
 
 
 
 
 
 
 
 
 
 
 
 
 
 
 
 
 
 
 
 
 
 
 
 
 
 
 
 
 
 
 
 
 
 
 
 
 
 
 
 
 
 
 
 
 
 
 
 
 
 
 
 
 
 
 
 
 
 
 
 
 
 
 
 
 
 
 
 
 
 
 
 
 
 
 
 
 
 
 
 
 
 
 
 
 
 
 
 
 
 
 
 
 
 
 
 
 
 
 
 
 
 
 
 
 
 
 
 
 
 
 
 
 
 
 
 
 
 
 
 
 
 
 
 
 
 
 
 
 
 
 
 
 
 
 
 
 
 
 
 
 
 
 
 
 
 
 
 
 
 
 
 
 
 
 
 
 
 
 
 
 
 
 
 
 
 
 
 
 
 
 
 
 
 
 
 
 
 
 
 
 
 
 
 
 
 
 
 
 
 
 
 
 
 
 
 
 
 
 
 
 
 
 
 
 
 
 
 
 
 
 
 
 
 
 
 
 
 
 
 
 
 
 
 
 
 
 
 
 
 
 
 
 
 
 
 
 
 
 
 
 
 
 
 
 
 
 
 
 
 
 
 
 
 
 
 
 
 
 
 
 
 
 
 
 
 
 
 
 
 
 
 
 
 
 
 
 
 
 
 
 
 
 
 
 
 
 
 
 
 
 
 
 
 
 
 
 
 
 
 
 
 
 
 
 
 
 
 
 
 
 
 
 
 
 
 
 
 
 
 
 
 
 
 
 
 
 
 
 
 
 
 
 
 
 
 
 
 
 
 
 
 
 
 
 
 
 
 
 
 
 
 
 
 
 
 
 
 
 
 
 
 
 
 
 
 
 
 
 
 
 
 
 
 
 
 
 
 
 
 
 
 
 
 
 
 
 
 
 
 
 
 
 
 
 
 
 
 
 
 
 
 
 
 
 
 
 
 
 
 
 
 
 
 
 
 
 
 
 
 
 
 
 
 
 
 
 
 
 
 
 
 
 
 
 
 
 
 
 
 
 
 
 
 
 
 
 
 
 
 
 
 
 
 
 
 
 
 
 
 
 
 
 
 
 
 
 
 
 
 
 
 
 
 
 
 
 
 
 
 
 
 
 
 
 
 
 
 
 
 
 
 
 
 
 
 
 
 
 
 
 
 
 
 
 
 
 
 
 
 
 
 
 
 
 
 
 
 
 
 
 
 
 
 
 
 
 
 
 
 
 
 
 
 
 
 
 
 
 
 
 
 
 
 
 
 
 
 
 
 
 
 
 
 
 
 
 
 
 
 
 
 
 
 
 
 
 
 
 
 
 
 
 
 
 
 
 
 
 
 
 
 
 
 
 
 
 
 
 
 
 
 
 
 
 
 
 
 
 
 
 
 
 
 
 
 
 
 
 
 
 
 
 
 
 
 
 
 
 
 
 
 
 
 
 
 
 
 
 
 
 
 
 
 
 
 
 
 
 
 
 
 
 
 
 
 
 
 
 
 
 
 
 
 
 
 
 
 
 
 
 
 
 
 
 
 
 
 
 
 
 
 
 
 
 
 
 
 
 
 
 
 
 
 
 
 
 
 
 
 
 
 
 
 
 
 
 
 
 
 
 
 
 
 
 
 
 
 
 
 
 
 
 
 
 
 
 
 
 
 
 
 
 
 
 
 
 
 
 
 
 
 
 
 
 
 
 
 
 
 
 
 
 
 
 
 
 
 
 
 
 
 
 
 
 
 
 
 
 
 
 
 
 
 
 
 
 
 
 
 
 
 
 
 
 
 
 
 
 
 
 
 
 
 
 
 
 
 
 
 
 
 
 
 
 
 
 
 
 
 
 
 
 
 
 
 
 
 
 
 
 
 
 
 
 
 
 
 
 
 
 
 
 
 
 
 
 
 
 
 
 
 
 
 
 
 
 
 
 
 
 
 
 
 
 
 
 
 
 
 
 
 
 
 
 
 
 
 
 
 
 
 
 
 
 
 
 
 
 
 
 
 
 
 
 
 
 
 
 
 
 
 
 
 
 
 
 
 
 
 
 
 
 
 
 
 
 
 
 
 
 
 
 
 
 
 
 
 
 
 
 
 
 
 
 
 
 
 
 
 
 
 
 
 
 
 
 
 
 
 
 
 
 
 
 
 
 
 
 
 
 
 
 
 
 
 
 
 
 
 
 
 
 
 
 
 
 
 
 
 
 
 
 
 
 
 
 
 
 
 
 
 
 
 
 
 
 
 
 
 
 
 
 
 
 
 
 
 
 
 
 
 
 
 
 
 
 
 
 
 
 
 
 
 
 
 
 
 
 
 
 
 
 
 
 
 
 
 
 
 
 
 
 
 
 
 
 
 
 
 
 
 
 
 
 
 
 
 
 
 
 
 
 
 
 
 
 
 
 
 
 
 
 
 
 
 
 
 
 
 
 
 
 
 
 
 
 
 
 
 
 
 
 
 
 
 
 
 
 
 
 
 
 
 
 
 
 
 
 
 
 
 
 
 
 
 
 
 
 
 
 
 
 
 
 
 
 
 
 
 
 
 
 
 
 
 
 
 
 
 
 
 
 
 
 
 
 
 
 
 
 
 
 
 
 
 
 
 
 
 
 
 
 
 
 
 
 
 
 
 
 
 
 
 
 
 
 
 
 
 
 
 
 
 
 
 
 
 
 
 
 
 
 
 
 
 
 
 
 
 
 
 
 
 
 
 
 
 
 
 
 
 
 
 
 
 
 
 
 
 
 
 
 
 
 
 
 
 
 
 
 
 
 
 
 
 
 
 
 
 
 
 
 
 
 
 
 
 
 
 
 
 
 
 
 
 
 
 
 
 
 
 
 
 
 
 
 
 
 
 
 
 
 
 
 
 
 
 
 
 
 
 
 
 
 
 
 
 
 
 
 
 
 
 
 
 
 
 
 
 
 
 
 
 
 
 
 
 
 
 
 
 
 
 
 
 
 
 
 
 
 
 
 
 
 
 
 
 
 
 
 
 
 
 
 
 
 
 
 
 
 
 
 
 
 
 
 
 
 
 
 
 
 
 
 
 
 
 
 
 
 
 
 
 
 
 
 
 
 
 
 
 
 
 
 
 
 
 
 
 
 
 
 
 
 
 
 
 
 
 
 
 
 
 
 
 
 
 
 
 
 
 
 
 
 
 
 
 
 
 
 
 
 
 
 
 
 
 
 
 
 
 
 
 
 
 
 
 
 
 
 
 
 
 
 
 
 
 
 
 
 
 
 
 
 
 
 
 
 
 
 
 
 
 
 
 
 
 
 
 
 
 
 
 
 
 
 
 
 
 
 
 
 
 
 
 
 
 
 
 
 
 
 
 
 
 
 
 
 
 
 
 
 
 
 
 
 
 
 
 
 
 
 
 
 
 
 
 
 
 
 
 
 
 
 
 
 
 
 
 
 
 
 
 
 
 
 
 
 
 
 
 
 
 
 
 
 
 
 
 
 
 
 
 
 
 
 
 
 
 
 
 
 
 
 
 
 
 
 
 
 
 
 
 
 
 
 
 
 
 
 
 
 
 
 
 
 
 
 
 
 
 
 
 
 
 
 
 
 
 
 
 
 
 
 
 
 
 
 
 
 
 
 
 
 
 
 
 
 
 
 
 
 
 
 
 
 
 
 
 
 
 
 
 
 
 
 
 
 
 
 
 
 
 
 
 
 
 
 
 
 
 
 
 
 
 
 
 
 
 
 
 
 
 
 
 
 
 
 
 
 
 
 
 
 
 
 
 
 
 
 
 
 
 
 
 
 
 
 
 
 
 
 
 
 
 
 
 
 
 
 
 
 
 
 
 
 
 
 
 
 
 
 
 
 
 
 
 
 
 
 
 
 
 
 
 
 
 
 
 
 
 
 
 
 
 
 
 
 
 
 
 
 
 
 
 
 
 
 
 
 
 
 
 
 
 
 
 
 
 
 
 
 
 
 
 
 
 
 
 
 
 
 
 
 
 
 
 
 
 
 
 
 
 
 
 
 
 
 
 
 
 
 
 
 
 
 
 
 
 
 
 
 
 
 
 
 
 
 
 
 
 
 
 
 
 
 
 
 
 
 
 
 
 
 
 
 
 
 
 
 
 
 
 
 
 
 
 
 
 
 
 
 
 
 
 
 
 
 
 
 
 
 
 
 
 
 
 
 
 
 
 
 
 
 
 
 
 
 
 
 
 
 
 
 
 
 
 
 
 
 
 
 
 
 
 
 
 
 
 
 
 
 
 
 
 
 
 
 
 
 
 
 
 
 
 
 
 
 
 
 
 
 
 
 
 
 
 
 
 
 
 
 
 
 
 
 
 
 
 
 
 
 
 
 
 
 
 
 
 
 
 
 
 
 
 
 
 
 
 
 
 
 
 
 
 
 
 
 
 
 
 
 
 
 
 
 
 
 
 
 
 
 
 
 
 
 
 
 
 
 
 
 
 
 
 
 
 
 
 
 
 
 
 
 
 
 
 
 
 
 
 
 
 
 
 
 
 
 
 
 
 
 
 
 
 
 
 
 
 
 
 
 
 
 
 
 
 
 
 
 
 
 
 
 
 
 
 
 
 
 
 
 
 
 
 
 
 
 
 
 
 
 
 
 
 
 
 
 
 
 
 
 
 
 
 
 
 
 
 
 
 
 
 
 
 
 
 
 
 
 
 
 
 
 
 
 
 
 
 
 
 
 
 
 
 
 
 
 
 
 
 
 
 
 
 
 
 
 
 
 
 
 
 
 
 
 
 
 
 
 
 
 
 
 
 
 
 
 
 
 
 
 
 
 
 
 
 
 
 
 
 
 
 
 
 
 
 
 
 
 
 
 
 
 
 
 
 
 
 
 
 
 
 
 
 
 
 
 
 
 
 
 
 
 
 
 
 
 
 
 
 
 
 
 
 
 
 
 
 
 
 
 
 
 
 
 
 
 
 
 
 
 
 
 
 
 
 
 
 
 
 
 
 
 
 
 
 
 
 
 
 
 
 
 
 
 
 
 
 
 
 
 
 
 
 
 
 
 
 
 
 
 
 
 
 
 
 
 
 
 
 
 
 
 
 
 
 
 
 
 
 
 
 
 
 
 
 
 
 
 
 
 
 
 
 
 
 
 
 
 
 
 
 
 
 
 
 
 
 
 
 
 
 
 
 
 
 
 
 
 
 
 
 
 
 
 
 
 
 
 
 
 
 
 
 
 
 
 
 
 
 
 
 
 
 
 
 
 
 
 
 
 
 
 
 
 
 
 
 
 
 
 
 
 
 
 
 
 
 
 
 
 
 
 
 
 
 
 
 
 
 
 
 
 
 
 
 
 
 
 
 
 
 
 
 
 
 
 
 
 
 
 
 
 
 
 
 
 
 
 
 
 
 
 
 
 
 
 
 
 
 
 
 
 
 
 
 
 
 
 
 
 
 
 
 
 
 
 
 
 
 
 
 
 
 
 
 
 
 
 
 
 
 
 
 
 
 
 
 
 
 
 
 
 
 
 
 
 
 
 
 
 
 
 
 
 
 
 
 
 
 
 
 
 
 
 
 
 
 
 
 
 
 
 
 
 
 
 
 
 
 
 
 
 
 
 
 
 
 
 
 
 
 
 
 
 
 
 
 
 
 
 
 
 
 
 
 
 
 
 
 
 
 
 
 
 
 
 
 
 
 
 
 
 
 
 
 
 
 
 
 
 
 
 
 
 
 
 
 
 
 
 
 
 
 
 
 
 
 
 
 
 
 
 
 
 
 
 
 
 
 
 
 
 
 
 
 
 
 
 
 
 
 
 
 
 
 
 
 
 
 
 
 
 
 
 
 
 
 
 
 
 
 
 
 
 
 
 
 
 
 
 
 
 
 
 
 
 
 
 
 
 
 
 
 
 
 
 
 
 
 
 
 
 
 
 
 
 
 
 
 
 
 
 
 
 
 
 
 
 
 
 
 
 
 
 
 
 
 
 
 
 
 
 
 
 
 
 
 
 
 
 
 
 
 
 
 
 
 
 
 
 
 
 
 
 
 
 
 
 
 
 
 
 
 
 
 
 
 
 
 
 
 
 
 
 
 
 
 
 
 
 
 
 
 
 
 
 
 
 
 
 
 
 
 
 
 
 
 
 
 
 
 
 
 
 
 
 
 
 
 
 
 
 
 
 
 
 
 
 
 
 
 
 
 
 
 
 
 
 
 
 
 
 
 
 
 
 
 
 
 
 
 
 
 
 
 
 
 
 
 
 
 
 
 
 
 
 
 
 
 
 
 
 
 
 
 
 
 
 
 
 
 
 
 
 
 
 
 
 
 
 
 
 
 
 
 
 
 
 
 
 
 
 
 
 
 
 
 
 
 
 
 
 
 
 
 
 
 
 
 
 
 
 
 
 
 
 
 
 
 
 
 
 
 
 
 
 
 
 
 
 
 
 
 
 
 
 
 
 
 
 
 
 
 
 
 
 
 
 
 
 
 
 
 
 
 
 
 
 
 
 
 
 
 
 
 
 
 
 
 
 
 
 
 
 
 
 
 
 
 
 
 
 
 
 
 
 
 
 
 
 
 
 
 
 
 
 
 
 
 
 
 
 
 
 
 
 
 
 
 
 
 
 
 
 
 
 
 
 
 
 
 
 
 
 
 
 
 
 
 
 
 
 
 
 
 
 
 
 
 
 
 
 
 
 
 
 
 
 
 
 
 
 
 
 
 
 
 
 
 
 
 
 
 
 
 
 
 
 
 
 
 
 
 
 
 
 
 
 
 
 
 
 
 
 
 
 
 
 
 
 
 
 
 
 
 
 
 
 
 
 
 
 
 
 
 
 
 
 
 
 
 
 
 
 
 
 
 
 
 
 
 
 
 
 
 
 
 
 
 
 
 
 
 
 
 
 
 
 
 
 
 
 
 
 
 
 
 
 
 
 
 
 
 
 
 
 
 
 
 
 
 
 
 
 
 
 
 
 
 
 
 
 
 
 
 
 
 
 
 
 
 
 
 
 
 
 
 
 
 
 
 
 
 
 
 
 
 
 
 
 
 
 
 
 
 
 
 
 
 
 
 
 
 
 
 
 
 
 
 
 
 
 
 
 
 
 
 
 
 
 
 
 
 
 
 
 
 
 
 
 
 
 
 
 
 
 
