0.0 0.0
0.01 2.33575429e-07
0.02 2.34488232e-07
0.03 2.36126039e-07
0.04 2.35860508e-07
0.05 2.3216978e-07
0.06 2.27187284e-07
0.07 2.27201153e-07
0.08 2.32204057e-07
0.09 2.15215429e-07
0.1 1.80644232e-07
0.11 1.81212218e-07
0.12 1.96494811e-07
0.13 1.80211234e-07
0.14 1.40487952e-07
0.15 8.1870976e-08
0.16 1.00951905e-07
0.17 1.56854051e-07
0.18 1.4417664e-07
0.19 2.11632139e-07
0.2 2.90060102e-07
0.21 1.76769685e-07
0.22 9.3750041e-08
0.23 -1.1067262e-07
0.24 -1.0199546e-06
0.25 -2.486357589e-06
0.26 -3.881581311e-06
0.27 -5.051100777e-06
0.28 -6.767350817e-06
0.29 -8.982364172e-06
0.3 -9.90404989e-06
0.31 -8.504072928e-06
0.32 -6.287746104e-06
0.33 -5.456811429e-06
0.34 -5.438802866e-06
0.35 -2.431431774e-06
0.36 5.383749265e-06
0.37 1.4811223527e-05
0.38 1.8261937479e-05
0.39 9.048785972e-06
0.4 -9.900853537e-06
0.41 -2.5527109683e-05
0.42 -2.8288687363e-05
0.43 -1.9054623103e-05
0.44 -7.445500004e-06
0.45 -2.072705822e-06
0.46 -2.43435184e-07
0.47 -2.093980276e-06
0.48 -1.8316958022e-05
0.49 -4.2940513327e-05
0.5 -5.3880574375e-05
0.51 -4.5958975758e-05
0.52 -3.8274208955e-05
0.53 -5.8119450123e-05
0.54 -0.000104819231902
0.55 -0.000139832650986
0.56 -0.000118652402901
0.57 -3.7367998266e-05
0.58 5.7142905481e-05
0.59 9.6504083017e-05
0.6 6.9366321842e-05
0.61 5.4383758857e-05
0.62 8.7470404393e-05
0.63 9.5896283796e-05
0.64 7.308121872e-06
0.65 -0.000141975054857
0.66 -0.000242097247379
0.67 -0.000230331750355
0.68 -0.000144008295879
0.69 -0.000100518182468
0.7 -0.000130589112989
0.71 -0.000158899336957
0.72 -0.000124886412491
0.73 -8.0322315619e-05
0.74 -8.6506211999e-05
0.75 -0.000115402192092
0.76 -6.9007218604e-05
0.77 8.3289961759e-05
0.78 0.000192300570366
0.79 0.000113884791204
0.8 -6.6704069115e-05
0.81 -0.000180136292687
0.82 -0.000144363412396
0.83 -4.8054957686e-05
0.84 -5.7104984572e-05
0.85 -0.00017618682896
0.86 -0.000219525400883
0.87 -7.9806823251e-05
0.88 1.1170297171e-05
0.89 -0.000112383799665
0.9 -0.000209978814902
0.91 -0.000205717659607
0.92 -0.000304128821058
0.93 -0.000414557609789
0.94 -0.000454131759542
0.95 -0.000465322383967
0.96 -0.000388270537733
0.97 -0.000222551793599
0.98 9.552947113e-06
0.99 0.000191068557977
1.0 0.000187352698931
1.01 0.000180957565
1.02 0.000202144441724
1.03 8.3330286594e-05
1.04 -2.602849796e-05
1.05 5.1878671521e-05
1.06 0.000121250215971
1.07 0.000120373052119
1.08 9.8143903646e-05
1.09 -0.000136866433247
1.1 -0.000657218757913
1.11 -0.000884485782255
1.12 -0.000681040520436
1.13 -0.000543692231023
1.14 -0.000537330012405
1.15 -0.000344314352623
1.16 -3.1735920242e-05
1.17 0.000308762627272
1.18 0.000617163381142
1.19 0.000746985300859
1.2 0.000558902544299
1.21 8.6073975334e-05
1.22 -0.000213584502359
1.23 -3.8148653644e-05
1.24 0.000210955756732
1.25 7.7990615454e-05
1.26 -0.000145893099625
1.27 -3.3559086358e-05
1.28 0.000295966660211
1.29 0.00040644831241
1.3 0.000213137755702
1.31 0.000158436157223
1.32 0.00031399476948
1.33 0.000421661571991
1.34 0.00030222560705
1.35 0.000161113753615
1.36 0.000100480108678
1.37 3.0207010106e-05
1.38 -8.6054237706e-05
1.39 -0.000158882205599
1.4 -0.000547927056698
1.41 -0.001149737274198
1.42 -0.001431634061288
1.43 -0.0012960354336
1.44 -0.001059861819181
1.45 -0.001128061412758
1.46 -0.001085914669042
1.47 -0.000374090687084
1.48 0.001079019729788
1.49 0.00185886433111
1.5 0.001291992990136
1.51 0.000779788987208
1.52 0.00059643414367
1.53 0.000392646920103
1.54 0.000104915243747
1.55 -0.000382843724269
1.56 -0.000970291667681
1.57 -0.001228966079769
1.58 -0.001251394214673
1.59 -0.001068489360429
1.6 -0.001119489270541
1.61 -0.00120998229942
1.62 -0.000898930502952
1.63 -0.000389895356918
1.64 -0.000208541595564
1.65 -3.0442412942e-05
1.66 0.000572981844198
1.67 0.001552189167269
1.68 0.002182027079667
1.69 0.002105249681828
1.7 0.001085924220052
1.71 -0.000406100232707
1.72 -0.001120810293568
1.73 -0.000705045782301
1.74 -0.000478359745079
1.75 -0.001448421993891
1.76 -0.002204975335826
1.77 -0.001398385625333
1.78 0.000309963790935
1.79 0.001266987978869
1.8 0.001161855857715
1.81 0.000853512360957
1.82 0.000228772114449
1.83 -0.000370367257477
1.84 -0.000623122417732
1.85 -0.00095470359658
1.86 -0.001154169256767
1.87 -0.000791011211757
1.88 -0.000322444036429
1.89 -0.000136392314985
1.9 1.3763384946e-05
1.91 9.6012959287e-05
1.92 0.000102445934273
1.93 0.000134222205093
1.94 0.000302254661779
1.95 2.7388838255e-05
1.96 -0.000130745521868
1.97 0.000529036057873
1.98 0.001730355160049
1.99 0.002457483371622
2.0 0.00227765501696
2.01 0.001341138714665
2.02 0.000454015471507
2.03 -0.000228174702026
2.04 -0.000880377016546
2.05 -0.001675800000697
2.06 -0.002283593144999
2.07 -0.002086829239447
2.08 -0.001233594730925
2.09 -0.000444262267906
2.1 -0.00014121980896
2.11 0.000243070850804
2.12 0.001279661950759
2.13 0.00203549025379
2.14 0.001792143949254
2.15 0.000703466031075
2.16 -0.000518022817398
2.17 -0.001419254299316
2.18 -0.000970725176574
2.19 -0.000398149356428
2.2 -0.000768027284002
2.21 -0.000860676594683
2.22 0.000230297120398
2.23 0.001565576862706
2.24 0.001615261925445
2.25 0.000343763988995
2.26 -0.000298412033997
2.27 -0.000788422859707
2.28 -0.000816874549254
2.29 -2.5363639187e-05
2.3 0.000152091708386
2.31 -1.8797794489e-05
2.32 0.000388204506484
2.33 0.001392566917589
2.34 0.001252144594873
2.35 0.000111109046865
2.36 -0.001093338788662
2.37 -0.00196066664261
2.38 -0.002255071257098
2.39 -0.001859498439936
2.4 -0.001275161550655
2.41 -6.433987981e-06
2.42 0.001392498159967
2.43 0.002554846581351
2.44 0.002930937649772
2.45 0.002615112325686
2.46 0.001487029379929
2.47 0.000436442044543
2.48 -7.9777972515e-05
2.49 -0.001216749559466
2.5 -0.002821899393483
2.51 -0.003795820399878
2.52 -0.003577741819926
2.53 -0.00286267905701
2.54 -0.001853089631549
2.55 -0.000529361261352
2.56 0.0003867021257
2.57 0.000982945013615
2.58 0.001051702528668
2.59 0.001274585228849
2.6 0.001944398420885
2.61 0.002220864011769
2.62 0.002208623253951
2.63 0.001900328397757
2.64 0.001345876535118
2.65 0.000703881363505
2.66 4.5194000409e-05
2.67 -8.7787824554e-05
2.68 0.000232140828995
2.69 0.000125573413794
2.7 0.00020380438646
2.71 0.00019858244122
2.72 0.000268748694057
2.73 0.000345213285763
2.74 2.7229237263e-05
2.75 -0.000517841660102
2.76 -0.001444430428636
2.77 -0.002686090861844
2.78 -0.00275407735875
2.79 -0.003230366966799
2.8 -0.003906497825448
2.81 -0.003473593022365
2.82 -0.00282387007158
2.83 -0.002485354319661
2.84 -0.002050743214726
2.85 -0.001970431108942
2.86 3.6564673346e-05
2.87 0.004922152810742
2.88 0.005387138058784
2.89 0.005238123307788
2.9 0.006684623982856
2.91 0.006426446905476
2.92 0.005654753727159
2.93 0.005723010624213
2.94 0.004095221255465
2.95 0.000186332192146
2.96 -0.005544261874538
2.97 -0.007394621507351
2.98 -0.007670016867174
2.99 -0.008090006811431
3.0 -0.007563235713942
3.01 -0.005668897137977
3.02 -0.003026900389911
3.03 -0.001037455793706
3.04 0.000664221431404
3.05 -0.001829794531688
3.06 -0.003395250278711
3.07 -0.002475634460956
3.08 -0.002628777973993
3.09 -0.001656723809075
3.1 -0.001459658650793
3.11 -0.001451227287936
3.12 -0.001158686568044
3.13 -0.001468053649773
3.14 -0.001879029290346
3.15 -0.001943608971319
3.16 -0.002351594822746
3.17 -0.003041891638101
3.18 -0.003806201965484
3.19 -0.005145352221726
3.2 -0.005942280545594
3.21 0.007048303385086
3.22 0.00480637841447
3.23 0.001701575244841
3.24 0.007813878294917
3.25 0.004303841745644
3.26 0.00302161580225
3.27 -8.832404013e-06
3.28 -0.011134945375472
3.29 -0.006560242139124
3.3 -0.004387286190722
3.31 -0.004961223405401
3.32 -0.002777558498641
3.33 -0.004910423446472
3.34 -0.006514175980009
3.35 -0.007036478329849
3.36 -0.006725262305704
3.37 -0.007494416161156
3.38 -0.007682809458837
3.39 -0.00713793831467
3.4 -0.005681210034764
3.41 -0.00348769295347
3.42 -0.002213541147509
3.43 0.000101884456285
3.44 0.003058163404145
3.45 0.005741701772002
3.46 0.008512856818166
3.47 0.00849323281684
3.48 0.006468497354516
3.49 0.005570508171705
3.5 0.00470379433338
3.51 0.0016322180932
3.52 0.000817532483092
3.53 0.002143748140078
3.54 0.003679273104855
3.55 0.002479113401014
3.56 -0.001759869467881
3.57 -0.005431258509058
3.58 -0.005192381253051
3.59 -0.0024604217377
3.6 -0.001914745256128
3.61 -0.001985879399599
3.62 -0.000776088933214
3.63 -0.002006459654275
3.64 -0.009387670566356
3.65 -0.013065445837922
3.66 -0.007343268788624
3.67 -0.009036063131297
3.68 -0.005203370420786
3.69 -0.002159247693557
3.7 -0.001594138867897
3.71 0.004075050310912
3.72 0.013610705401641
3.73 0.012250012882922
3.74 0.010758286063734
3.75 0.010612435633789
3.76 0.010626366617813
3.77 0.011409676861975
3.78 0.010519737931352
3.79 0.009224865257817
3.8 0.008538843534376
3.81 0.006655672806515
3.82 0.007018563436437
3.83 0.005552798380793
3.84 0.004788858767077
3.85 0.003968327759596
3.86 -0.008891960730265
3.87 -0.003547320881685
3.88 5.808412743e-06
3.89 0.000426278790791
3.9 0.001572206514895
3.91 0.002162594785969
3.92 0.000908528171694
3.93 0.000638264168884
3.94 0.000985447277724
3.95 0.001112014198013
3.96 0.001099299179072
3.97 -0.000377294876496
3.98 -0.009842442127214
3.99 -0.001161253922459
4.0 -7.043960664e-05
4.01 -0.005732030768844
4.02 0.000184806476862
4.03 0.003717338979049
4.04 0.01935126997817
4.05 0.016735070238849
4.06 0.014259176631115
4.07 0.013180383776997
4.08 0.006236432062156
4.09 0.008437145719747
4.1 0.007705643628164
4.11 0.006826522303999
4.12 0.00635085551558
4.13 0.005744686375777
4.14 -0.000123562410234
4.15 -0.007986092454789
4.16 -0.006920703920378
4.17 -0.002241610279077
4.18 0.001807123851871
4.19 0.002067977492428
4.2 0.011513194810342
4.21 0.01010355396093
4.22 0.00195340247054
4.23 0.004630073903289
4.24 0.00415259767235
4.25 -0.007077256350054
4.26 -0.01006135314793
4.27 -0.004444705223636
4.28 -0.00292691621527
4.29 0.000709206016707
4.3 -0.002290328011366
4.31 -0.001886184393716
4.32 -0.000603123395834
4.33 -0.001550370459814
4.34 0.010713697854543
4.35 0.026707092649355
4.36 0.013090979618118
4.37 0.014495237688486
4.38 0.010436539307465
4.39 0.00943413436679
4.4 0.006912022451931
4.41 0.003345871087478
4.42 -0.005452902815005
4.43 -0.013323670565902
4.44 -0.004407559406119
4.45 -0.002517794812365
4.46 -0.005260766739028
4.47 -0.007155528485587
4.48 -0.006668546139305
4.49 -0.005782698204564
4.5 -0.003871087413003
4.51 0.016895188862116
4.52 0.009896912567942
4.53 0.005883824839913
4.54 0.011751811506903
4.55 0.011674999745785
4.56 0.011072654345698
4.57 0.010905165466984
4.58 0.009499089877086
4.59 0.006697646956785
4.6 0.008682077420261
4.61 -0.002197804081699
4.62 -0.003878595685625
4.63 -0.000883240565546
4.64 -0.005943300946082
4.65 -0.004150202529286
4.66 -0.007783320815326
4.67 -0.012528742066477
4.68 -0.008066580875937
4.69 0.010481730957865
4.7 0.016237618280423
4.71 0.006569107831435
4.72 0.009323332614814
4.73 0.013018594509524
4.74 0.012145933236455
4.75 0.009960230146089
4.76 0.011067882452308
4.77 0.010759266334501
4.78 0.008399725274762
4.79 0.010923093081915
4.8 0.010161655461264
4.81 0.009023148745391
4.82 0.004288127721096
4.83 -0.00719110849206
4.84 -0.010147188699343
4.85 -0.005297580679796
4.86 -0.007681091077563
4.87 -0.011033555087011
4.88 -0.01070344357126
4.89 -0.010158308002013
4.9 -0.007655976110249
4.91 -0.010023531609263
4.92 -0.010562266423067
4.93 -0.005228420331913
4.94 -0.002574838965481
4.95 0.002105690327153
4.96 0.027465012208337
4.97 0.023686028376324
4.98 0.019125722359194
4.99 0.024985803117754
5.0 0.025839022767738
5.01 0.025478846048683
5.02 0.024015475743065
5.03 0.022853650298529
5.04 0.024762706441202
5.05 0.024688548453872
5.06 0.020913335498014
5.07 0.01759591923827
5.08 0.012719042467257
5.09 0.008374761247443
5.1 0.007208205119907
5.11 0.006023282594639
5.12 0.004488929991764
5.13 0.004160260335288
5.14 0.004936642123461
5.15 0.005288915075025
5.16 0.005032774080592
5.17 0.004262214597382
5.18 0.003458517627624
5.19 0.003129929377482
5.2 0.002391495454865
5.21 0.001701978606621
5.22 0.001345443549552
5.23 0.000974253857805
5.24 0.000713707831759
5.25 0.000600335794937
5.26 0.000661072054028
5.27 0.0005834527577
5.28 0.000592894499975
5.29 0.000776279844959
5.3 0.001380381473309
5.31 0.003176856672008
5.32 0.011501028844626
5.33 0.009478096905447
5.34 0.003916235521518
5.35 0.001357337089265
5.36 -0.008661283330614
5.37 -0.007512290283132
5.38 -0.005744920403165
5.39 -0.00537105136059
5.4 -0.004128302379763
5.41 -0.005217841650284
5.42 -0.00626477044661
5.43 -0.004383830626378
5.44 -0.002815360047655
5.45 -0.003509890192117
5.46 -0.004205264180772
5.47 -0.003375926063292
5.48 -0.002377399125427
5.49 -0.002413976450057
5.5 -0.003196165295309
5.51 -0.003804558028807
5.52 -0.003808685123946
5.53 -0.00335922758937
5.54 -0.00321129154176
5.55 -0.003440463155049
5.56 -0.003913842713895
5.57 -0.004267932288916
5.58 -0.00412679468859
5.59 -0.004190964935026
5.6 -0.004485844317839
5.61 -0.00406901737997
5.62 -0.00333890998175
5.63 -0.002475218607161
5.64 -0.001724723375763
5.65 0.000384046073264
5.66 0.007322963909048
5.67 0.010989937309597
5.68 -0.00030547829182
5.69 -0.001089178068356
5.7 -0.012864961172321
5.71 -0.004535549300324
5.72 -0.005669953517658
5.73 -0.006731628388666
5.74 -0.009115854415147
5.75 -0.01282964371914
5.76 -0.009523667332645
5.77 -0.011003683864315
5.78 -0.012446517357192
5.79 -0.014739683428376
5.8 -0.015153044910627
5.81 -0.015434343888302
5.82 -0.014984479860711
5.83 -0.016750402618015
5.84 -0.017583559254266
5.85 -0.017422583813252
5.86 -0.01884909782549
5.87 -0.019488799160903
5.88 -0.02063678874116
5.89 -0.019656759402507
5.9 -0.019263023379801
5.91 -0.015669208570945
5.92 -0.014549446933659
5.93 -0.013985826687291
5.94 -0.013797060960528
5.95 -0.015791325218981
5.96 -0.015048062755113
5.97 -0.015734657822995
5.98 -0.01771419733956
5.99 -0.019370049601097
6.0 -0.02329486910692
6.01 -0.022090941095214
6.02 -0.018531321903622
6.03 -0.016894114501945
6.04 -0.016730609841824
6.05 -0.017715440074891
6.06 -0.018324672302029
6.07 -0.016590755544912
6.08 -0.013438321164398
6.09 -0.010086365518056
6.1 -0.009422318497628
6.11 -0.00905433545626
6.12 -0.009056109392074
6.13 -0.009089383240372
6.14 -0.00920455090249
6.15 -0.012207861483854
6.16 -0.016202857979413
6.17 -0.011469181189622
6.18 -0.009198703012143
6.19 -0.011187467650203
6.2 -0.011207605008663
6.21 -0.01205470022331
6.22 -0.012134270449394
6.23 -0.011647118474469
6.24 -0.010854380441926
6.25 -0.010389286461525
6.26 -0.009425446826398
6.27 -0.007794582752267
6.28 -0.006696224735994
6.29 -0.005657821174346
6.3 -0.004248810888482
6.31 -0.003451492827265
6.32 -0.002929719223771
6.33 -0.004054693824077
6.34 -0.004973853632537
6.35 -0.005855982071474
6.36 -0.006331622401005
6.37 -0.005953121999957
6.38 -0.005177093375114
6.39 -0.00444451795745
6.4 -0.003266221648623
6.41 0.005654037958183
6.42 0.007301290448232
6.43 -0.000321592732066
6.44 0.002177839373725
6.45 0.00149658723391
6.46 0.000887633273569
6.47 0.000771572443826
6.48 -0.000241166317838
6.49 -0.000832754097633
6.5 -0.000262916283858
6.51 0.000215090606648
6.52 -0.000377211577046
6.53 -0.001008453152905
6.54 -0.000862132526076
6.55 -0.000295250060535
6.56 0.000265189702857
6.57 0.000523302742291
6.58 0.000566913670473
6.59 0.000857858467969
6.6 0.001446090634526
6.61 0.001278840002254
6.62 0.000187252878682
6.63 -0.000751110164353
6.64 -0.001185795391376
6.65 -0.00101244943046
6.66 8.5388254418e-05
6.67 0.001415275520077
6.68 0.00242116470098
6.69 0.002953040059468
6.7 0.003341299307974
6.71 0.003894382092049
6.72 0.004662284680218
6.73 0.005721365118635
6.74 0.007137656574982
6.75 0.007857526956884
6.76 0.00821125545224
6.77 0.00810124444758
6.78 0.00773236752124
6.79 0.007513911073747
6.8 0.007639313767068
6.81 0.008135082891922
6.82 0.008238891890117
6.83 0.008701034375247
6.84 0.009580982337509
6.85 0.009319358163394
6.86 0.011456480465431
6.87 0.010512422663348
6.88 0.011357804576725
6.89 0.012440288016115
6.9 0.010963349651872
6.91 0.009393533033517
6.92 0.010037670161887
6.93 0.009781206844632
6.94 0.009473293448724
6.95 0.012154041252431
6.96 0.013328894162575
6.97 0.013899870203809
6.98 0.016674335783537
6.99 0.017835749805598
7.0 0.018260555092075
7.01 0.020498987471809
7.02 0.020461814619596
7.03 0.018482138559059
7.04 0.01722585929011
7.05 0.014633922507818
7.06 0.012801323950285
7.07 0.01552692837939
7.08 0.019550193193293
7.09 0.017480578913795
7.1 0.014192715642457
7.11 0.010531326927352
7.12 0.010712372013011
7.13 0.01319050768078
7.14 0.014599466156741
7.15 0.014899693359286
7.16 0.015036532542537
7.17 0.013490740935056
7.18 0.010598015822645
7.19 0.008389189858434
7.2 0.007847570677776
7.21 0.008484801968665
7.22 0.009145380545591
7.23 0.009219132300902
7.24 0.005608292926803
7.25 0.005155206208145
7.26 0.005018541307663
7.27 0.006699402956386
7.28 0.004787799724167
7.29 0.003965127153761
7.3 0.00316754903079
7.31 0.003783618651235
7.32 0.005316447012143
7.33 0.00542670935463
7.34 0.003995740864923
7.35 -0.00072518589158
7.36 0.002289759399282
7.37 0.002024694948576
7.38 0.002739246890048
7.39 0.00232664699355
7.4 0.002052195504395
7.41 0.002602456902496
7.42 0.003695861545295
7.43 0.004970471083755
7.44 0.005792575968143
7.45 0.005133197955164
7.46 0.003042867657143
7.47 0.000463775295849
7.48 -0.001347919229124
7.49 -0.001735469541443
7.5 -0.001282110364205
7.51 -0.007108904507068
7.52 -0.010572347542814
7.53 -0.013305823411998
7.54 -0.016975628530449
7.55 -0.002457632715995
7.56 0.004200934475359
7.57 -0.000418000156183
7.58 -0.003655922704347
7.59 -0.000958027711923
7.6 -0.00068496100128
7.61 -0.001632260562194
7.62 -0.001953343580575
7.63 -0.00118376970415
7.64 -0.000397212765444
7.65 -0.000350410550589
7.66 0.000236135635583
7.67 0.001635003134692
7.68 0.002893442831655
7.69 0.003641962518766
7.7 0.003629189322764
7.71 0.003262114641058
7.72 0.002988462395934
7.73 0.002232618307224
7.74 0.00072604557659
7.75 -0.000552425173649
7.76 -0.000760841762831
7.77 0.00013453267176
7.78 0.001939251924414
7.79 0.004336277547883
7.8 0.005769359330486
7.81 0.006416262216711
7.82 0.006699532147966
7.83 0.007436138568795
7.84 0.007003272169521
7.85 0.005166567233824
7.86 0.003299336362881
7.87 0.001172673359267
7.88 -0.001757962860677
7.89 -0.01353307921597
7.9 -0.002030511525521
7.91 -0.001840069434589
7.92 -0.003122940117213
7.93 -0.003131603455763
7.94 -0.004781538680333
7.95 -0.006170820570544
7.96 -0.006250084187527
7.97 -0.006878856529387
7.98 -0.00907518378983
7.99 -0.012381684880945
8.0 -0.016663653966119
8.01 -0.022087667007543
8.02 -0.024258735257793
8.03 -0.022113185777156
8.04 -0.021485355178015
8.05 -0.025774351874378
8.06 -0.026108101793016
8.07 -0.025534292298843
8.08 -0.028069113057938
8.09 -0.023009406752347
8.1 -0.024986077315982
8.11 -0.022901161031005
8.12 -0.017315078934399
8.13 -0.017886103584821
8.14 -0.019672486517488
8.15 -0.019629649599429
8.16 -0.017184090551494
8.17 -0.016585548670801
8.18 -0.015398000046918
8.19 -0.009842241621419
8.2 -0.006582672625028
8.21 -0.007364342650256
8.22 -0.007468625750849
8.23 -0.006332705981708
8.24 -0.005811621495871
8.25 -0.005714293357257
8.26 -0.004322991862145
8.27 -0.00182241239535
8.28 -0.000278799255638
8.29 -0.000693028614238
8.3 -0.001002779055504
8.31 -0.001212293615317
8.32 -0.002805426964288
8.33 -0.005106899503718
8.34 -0.006092865935383
8.35 -0.006926857798804
8.36 -0.00316299230804
8.37 -0.001882813253626
8.38 -0.001033801351347
8.39 -0.001967935905481
8.4 -0.002585873592022
8.41 -0.001230722819873
8.42 -0.000632980576273
8.43 -0.002485385741205
8.44 -0.005025334603062
8.45 -0.006229360080517
8.46 -0.005908017911601
8.47 -0.004506006377867
8.48 -0.004032691390455
8.49 -0.007501256702728
8.5 -0.010513887858856
8.51 -0.01269458585369
8.52 -0.014199860608624
8.53 -0.014764639914642
8.54 -0.014947254317387
8.55 -0.015259490692615
8.56 -0.014812712442237
8.57 -0.013032967732666
8.58 -0.008388151386781
8.59 0.013142702675498
8.6 0.019120431965431
8.61 0.010338650958713
8.62 0.011789969648234
8.63 0.004306504860814
8.64 0.00092139455938
8.65 0.005363767259873
8.66 0.002779115867978
8.67 0.003426385208588
8.68 0.007741535856645
8.69 0.00696327091245
8.7 0.001850586854035
8.71 -0.003944602978433
8.72 -0.004825991982142
8.73 -0.00236227740419
8.74 -0.00149478247068
8.75 -0.003420337592491
8.76 -0.005214654180643
8.77 -0.005454020220519
8.78 -0.005213233263223
8.79 -0.005785108074556
8.8 -0.006494333278524
8.81 -0.006666697957115
8.82 -0.006174589142175
8.83 -0.005250045507626
8.84 -0.004409749936961
8.85 -0.003939785383162
8.86 -0.003556204368452
8.87 -0.003190321169906
8.88 -0.003051722056031
8.89 -0.003380266650863
8.9 -0.004302857970601
8.91 -0.005422903103742
8.92 -0.006661297831305
8.93 -0.008628689707291
8.94 -0.012540765213861
8.95 -0.018419426562514
8.96 -0.023055503639079
8.97 -0.026568869945255
8.98 -0.026515709929744
8.99 -0.023296531597332
9.0 -0.017353433618383
9.01 -0.005272081296102
9.02 -0.004419978621342
9.03 0.000579940228144
9.04 -0.000751781175158
9.05 -0.004052636976695
9.06 -0.001885456113769
9.07 -0.000682989449785
9.08 -0.001573371939445
9.09 -0.001443093310344
9.1 -0.000259834208326
9.11 0.000247678577187
9.12 4.5507579284e-05
9.13 -0.000281569940688
9.14 -0.000287283832311
9.15 -0.000124603644833
9.16 0.000584506861215
9.17 0.004772424367732
9.18 0.022808857819768
9.19 0.016342553133801
9.2 0.010364781987581
9.21 0.018558516103946
9.22 0.01505968540933
9.23 0.016000696391886
9.24 0.015757174184355
9.25 0.015442353013226
9.26 0.017010013568917
9.27 0.016662011957192
9.28 0.016870738355608
9.29 0.01695425641681
9.3 0.012356090496145
9.31 0.005604703341736
9.32 0.002766518731582
9.33 0.002592004044662
9.34 0.000976051330189
9.35 -0.000516545257509
9.36 -0.001595214325792
9.37 -0.003773743397838
9.38 -0.005938794493989
9.39 -0.007372304741949
9.4 -0.008107664996097
9.41 -0.009177382310611
9.42 -0.011614539477061
9.43 -0.01105734023608
9.44 -0.008682202786468
9.45 -0.007079278371328
9.46 -0.006897578483513
9.47 -0.007414544930629
9.48 -0.008729507985208
9.49 -0.011644989007317
9.5 -0.013962622725784
9.51 -0.014690132518687
9.52 -0.015188458604408
9.53 -0.016172329474849
9.54 -0.017124971501393
9.55 -0.020254042472214
9.56 -0.027165907503034
9.57 -0.022301976235101
9.58 -0.017168349694859
9.59 -0.023232766363826
9.6 -0.014299871612432
9.61 -0.011035007873657
9.62 -0.012558081353409
9.63 -0.011038986068132
9.64 -0.012983115319508
9.65 -0.01348574052559
9.66 -0.011513366564941
9.67 -0.009378552642544
9.68 -0.007314167721298
9.69 -0.007251837579295
9.7 -0.006241941530141
9.71 -0.004765574010222
9.72 -0.003586336888046
9.73 -0.003362941287597
9.74 -0.004238813859211
9.75 -0.00425178487164
9.76 -0.003863715426185
9.77 -0.003761693413699
9.78 -0.003423132909401
9.79 -0.002301392194949
9.8 -0.000707733104562
9.81 0.001064242139584
9.82 0.002689472321218
9.83 0.003530157966028
9.84 0.0034014097127
9.85 0.00193804494334
9.86 0.000590532888302
9.87 -8.15191939e-06
9.88 -0.000111791513786
9.89 0.00014152434443
9.9 0.000669975393674
9.91 0.001370757470828
9.92 0.003304405913613
9.93 0.008025763134496
9.94 0.013249960318828
9.95 0.016613534021988
9.96 0.027411441775208
9.97 0.022847878870272
9.98 0.017910977323371
9.99 0.01611043094099
10.0 0.012963896314017
10.01 0.011286641026536
10.02 0.01307069778829
10.03 0.009362357372538
10.04 0.0091300634932
10.05 0.009368545906499
10.06 0.007981123916196
10.07 0.005658169069104
10.08 0.004530611853244
10.09 0.00508991758804
10.1 0.004491945303618
10.11 0.003248560807971
10.12 0.003046269239772
10.13 0.003615420934076
10.14 0.004613746329074
10.15 0.005427874114337
10.16 0.005666954699989
10.17 0.006208840978106
10.18 0.007399749230859
10.19 0.008401845571032
10.2 0.008538687889661
10.21 0.00740056702653
10.22 0.004073043135024
10.23 -0.00048833519225
10.24 -0.003868453383625
10.25 -0.006998369686406
10.26 -0.011043381659074
10.27 -0.008642824158956
10.28 -0.007931421318033
10.29 -0.005208496860035
10.3 -0.004967164516993
10.31 -0.003954674785743
10.32 -0.005105553302287
10.33 -0.007323791536833
10.34 -0.00812634567859
10.35 -0.009034806419499
10.36 -0.003034224725333
10.37 0.001923848496058
10.38 -0.003641147176627
10.39 0.00164677732377
10.4 0.004375273480203
10.41 0.003045104765277
10.42 0.008802154599894
10.43 0.010423596968055
10.44 0.011502466284384
10.45 0.016570493031664
10.46 0.014965286787128
10.47 0.01087845652678
10.48 0.011774254120757
10.49 0.01452183303509
10.5 0.019893383687432
10.51 0.01714090689641
10.52 0.013435755885897
10.53 0.013475296778798
10.54 0.02004208659137
10.55 0.02122031456574
10.56 0.020108686931119
10.57 0.020641617308513
10.58 0.009537201660628
10.59 0.006078558338558
10.6 0.012482566167234
10.61 0.010460878346245
10.62 0.005560907453311
10.63 0.005824925153289
10.64 0.004471552406952
10.65 0.001494898702567
10.66 0.002106438982859
10.67 0.003893637832938
10.68 0.002973477158362
10.69 0.003282703009718
10.7 0.00498403255515
10.71 0.003582642415246
10.72 0.002024570516934
10.73 0.002279181556905
10.74 0.001618336744902
10.75 -0.000905879529425
10.76 -0.001775839815581
10.77 -0.001587747928298
10.78 -0.001320716978914
10.79 -0.001514074545121
10.8 0.000431873521689
10.81 0.00114736605529
10.82 0.000209584347819
10.83 -0.001041319694016
10.84 -0.002285834955479
10.85 -0.004167433016951
10.86 -0.015091441009575
10.87 -0.024473701375833
10.88 -0.00695429633819
10.89 -0.012379117491767
10.9 -0.01051759462173
10.91 -0.004977388019975
10.92 -0.007664245548223
10.93 -0.010549722938091
10.94 -0.00925271317674
10.95 -0.007492790670213
10.96 -0.007302299259092
10.97 -0.007973987782744
10.98 -0.008381454343036
10.99 -0.008071218350182
11.0 -0.006796560220268
11.01 -0.00494095116382
11.02 -0.00457142776891
11.03 -0.005402414226138
11.04 -0.004610241887962
11.05 -0.003338248273775
11.06 -0.002393591840003
11.07 -0.001099750410486
11.08 -0.000229630099812
11.09 -0.00048460354165
11.1 -0.001111005902599
11.11 -0.001666853768538
11.12 -0.001915673043064
11.13 -0.00173439117453
11.14 -0.001090844017265
11.15 -0.000310158090278
11.16 0.00047019300074
11.17 0.001236512583633
11.18 0.001914890913591
11.19 0.002898405413066
11.2 0.003819837089039
11.21 0.004339006170578
11.22 0.004876092364069
11.23 0.00541080631483
11.24 0.005368159187619
11.25 0.005101286965449
11.26 0.004473407658233
11.27 0.004062377599469
11.28 0.003988929211122
11.29 0.003930481890843
11.3 0.003924307238654
11.31 0.0016196792465
11.32 0.006852530195692
11.33 0.006692852332905
11.34 0.012267759973788
11.35 0.017167502417755
11.36 0.018647821810127
11.37 0.018301744012
11.38 0.013921105878458
11.39 0.014565035772687
11.4 0.018907591453108
11.41 0.018415266771349
11.42 0.015717158819165
11.43 0.017293518307918
11.44 0.018932572295931
11.45 0.015377984973443
11.46 0.01158790513833
11.47 0.010104890502011
11.48 0.008694509636782
11.49 0.008215786063209
11.5 0.007888433967175
11.51 0.00859701723639
11.52 0.008504877774637
11.53 0.007447827641192
11.54 0.007199678188127
11.55 0.007281532102623
11.56 0.007027487069153
11.57 0.006473268165729
11.58 0.005553399970732
11.59 0.005177880367626
11.6 0.005105044239579
11.61 0.004874310598935
11.62 0.004827107899184
11.63 0.005017769849832
11.64 0.00494417300761
11.65 0.004366884941131
11.66 0.003359986181772
11.67 0.002493832490543
11.68 0.002192604962435
11.69 0.004384842743347
11.7 0.007270998501193
11.71 0.009136384901649
11.72 0.009259639651538
11.73 0.008032081000038
11.74 0.006780798070374
11.75 0.005970766897656
11.76 0.005230808253001
11.77 0.004377436657143
11.78 0.004127665331888
11.79 0.004338620105046
11.8 0.004694733767335
11.81 0.004764900121414
11.82 0.004106904215429
11.83 -0.002447325686904
11.84 -0.002059602426564
11.85 0.006648841006819
11.86 -0.005510969686301
11.87 0.000103554216202
11.88 0.012393833275179
11.89 0.009692426057431
11.9 0.009880430995136
11.91 0.013045934111836
11.92 0.013971956787722
11.93 0.019111833984629
11.94 0.031924403966554
11.95 0.022510852442136
11.96 0.023911495107979
11.97 0.024416103701487
11.98 0.020785845905776
11.99 0.021829911128841
12.0 0.022971001270431
12.01 0.023889169841755
12.02 0.024738444711488
12.03 0.026207093469823
12.04 0.028194365514669
12.05 0.028684047313513
12.06 0.026917884587285
12.07 0.025215866030882
12.08 0.025545853961486
12.09 0.02647730730674
12.1 0.026086781482017
12.11 0.024971585346651
12.12 0.019489269896942
12.13 0.016411613175729
12.14 0.017459094687117
12.15 0.017995019427299
12.16 0.016437589021499
12.17 0.016294160405944
12.18 0.015464593620268
12.19 0.011205129724681
12.2 0.00779343993719
12.21 0.008074582447462
12.22 0.009235172278906
12.23 0.00821101810979
12.24 0.006898930770712
12.25 0.007743895699311
12.26 0.008832143165012
12.27 0.008662573780687
12.28 0.008163274477792
12.29 0.007741358310404
12.3 0.005886970919451
12.31 0.004428998346766
12.32 0.005421304352483
12.33 0.007549655354818
12.34 0.010018890023907
12.35 0.011010313443598
12.36 0.010370667519638
12.37 0.008788327888476
12.38 0.006666862970829
12.39 0.004516099432738
12.4 0.003071504586477
12.41 0.000734152981993
12.42 -0.0007114638424
12.43 -0.000963488031753
12.44 -0.000398160848404
12.45 0.001151159053488
12.46 0.003686419224971
12.47 -0.009379323056685
12.48 -0.013856617902591
12.49 -0.007189908938841
12.5 -0.008454926319399
12.51 -0.01203885124201
12.52 -0.008656285087151
12.53 -0.003444569766132
12.54 -0.003226623429928
12.55 -0.00405489889997
12.56 -0.002724810691492
12.57 -0.000423142643521
12.58 0.000485404164224
12.59 6.2715749951e-05
12.6 -0.000478166522246
12.61 -0.000649707726778
12.62 -0.000151524600459
12.63 0.00035889942246
12.64 0.000776236224663
12.65 0.001384330048867
12.66 0.002083630948923
12.67 0.002763726576039
12.68 0.003269100545533
12.69 0.003546761776567
12.7 0.003512784240014
12.71 0.003245765241733
12.72 0.002800164223083
12.73 0.002455537455976
12.74 0.002334391657232
12.75 0.002373189753255
12.76 0.002509138308152
12.77 0.002749074184369
12.78 0.002973197990328
12.79 0.002879438726895
12.8 0.002418911850403
12.81 0.001788425406013
12.82 0.001412859169791
12.83 0.001460887917113
12.84 0.001640509320827
12.85 0.00203426756603
12.86 0.002684759358662
12.87 0.006437531260284
12.88 0.016943348055127
12.89 0.006229899809032
12.9 0.011366409198256
12.91 0.010295458497762
12.92 0.003711676196641
12.93 0.006632641499226
12.94 0.003851316908829
12.95 -0.000522619367303
12.96 -0.005338928798117
12.97 -0.010070288221465
12.98 -0.006204885714592
12.99 -0.010063146396051
13.0 -0.005444057296679
13.01 -0.003012128965235
13.02 -0.005224424832799
13.03 -0.006478876833016
13.04 -0.006020721693293
13.05 -0.005566681175826
13.06 -0.006119169676009
13.07 -0.006662674538938
13.08 -0.007204415364623
13.09 -0.009539119042158
13.1 -0.007300469897244
13.11 -0.006708820051221
13.12 -0.006661865606534
13.13 -0.004537455465636
13.14 -0.004512267184339
13.15 -0.001704435519411
13.16 -0.002289654423383
13.17 -0.003152710580678
13.18 -0.002947330994018
13.19 -0.003050407588335
13.2 -0.002276725632008
13.21 -0.001366132691337
13.22 -0.000449326539119
13.23 0.001028203636055
13.24 0.001619491983477
13.25 0.000285609034413
13.26 -0.001017012877291
13.27 -0.000554935223242
13.28 -0.000707265533865
13.29 -0.002692941826746
13.3 -0.001748725211491
13.31 -0.002813669856777
13.32 -0.002752635193999
13.33 -0.00295986787646
13.34 -0.004977948457218
13.35 -0.004701210502409
13.36 -0.005676320567363
13.37 -0.00681539220569
13.38 -0.008231546903858
13.39 -0.008177692481207
13.4 -0.008423064232731
13.41 -0.009642222786154
13.42 -0.008475700292846
13.43 -0.010708687700194
13.44 -0.010494732011206
13.45 -0.010995164439486
13.46 -0.011518495505793
13.47 -0.010291578159766
13.48 -0.011117077032061
13.49 -0.009624619468666
13.5 -0.008835364851293
13.51 -0.008311450295839
13.52 -0.00772556827873
13.53 -0.008559716805838
13.54 -0.009687330463461
13.55 -0.009452221869748
13.56 -0.009019078540064
13.57 -0.007907136162183
13.58 -0.006575244470978
13.59 -0.005714055969993
13.6 -0.005778984522878
13.61 -0.006501221292876
13.62 -0.007215748593651
13.63 -0.007642011039217
13.64 -0.007804456062973
13.65 -0.007802532737847
13.66 -0.007749997645205
13.67 -0.00769745361519
13.68 -0.007607281099873
13.69 -0.007553096662427
13.7 -0.007542516153378
13.71 -0.007641262526942
13.72 -0.007849220665227
13.73 -0.008054358703764
13.74 -0.008297651450375
13.75 -0.008532251797258
13.76 -0.008735958675995
13.77 -0.008929528844636
13.78 -0.009183126139652
13.79 -0.009514553734239
13.8 -0.009815195661294
13.81 -0.010105566472457
13.82 -0.010327041245532
13.83 -0.010479916104946
13.84 -0.010542249835523
13.85 -0.010526454734343
13.86 -0.010519961319461
13.87 -0.010516391339128
13.88 -0.010647532580606
13.89 -0.011047385773856
13.9 -0.011341280152593
13.91 -0.011449104445658
13.92 -0.011698187409756
13.93 -0.011694613122407
13.94 -0.011303856589132
13.95 -0.010978913868241
13.96 -0.010622877455193
13.97 -0.010364107308528
13.98 -0.010287864984279
13.99 -0.010001765722844
14.0 -0.009729053352367
14.01 -0.009671907950606
14.02 -0.00955725502367
14.03 -0.009227164976898
14.04 -0.008608245880612
14.05 -0.007974353782594
14.06 -0.007616969691947
14.07 -0.007346006516042
14.08 -0.00711590412573
14.09 -0.006773890388778
14.1 -0.006197467630172
14.11 -0.005682278463618
14.12 -0.005351110906847
14.13 -0.005245727894273
14.14 -0.005375731911413
14.15 -0.005479720584569
14.16 -0.00540010133859
14.17 -0.005072694263394
14.18 -0.004629949606028
14.19 -0.004000059075702
14.2 -0.003259520088745
14.21 -0.002498820509984
14.22 0.000636072559994
14.23 0.01357076783222
14.24 0.007357859781529
14.25 0.007228167869045
14.26 0.00822967451471
14.27 0.00440805647722
14.28 0.005604242926038
14.29 0.004501193864265
14.3 0.002240866543526
14.31 0.001542528362926
14.32 -0.001960602511855
14.33 -0.008873374031443
14.34 -0.005766665450298
14.35 -0.006627153432082
14.36 -0.009903000812112
14.37 -0.004325986271488
14.38 -0.008093622445664
14.39 -0.009352421200724
14.4 -0.00635996935376
14.41 -0.004483930262608
14.42 -0.003620642675542
14.43 -0.003633207469471
14.44 -0.002684959666243
14.45 -0.000723257744703
14.46 -0.00077077394593
14.47 -0.002786082757873
14.48 -0.00390017017865
14.49 -0.003349815457062
14.5 -0.002102310259954
14.51 -0.001348052295838
14.52 -0.001231433315592
14.53 -0.001756560038535
14.54 -0.002762672816493
14.55 -0.004011815776198
14.56 -0.004078747009595
14.57 -0.006699730630763
14.58 -0.01485709404761
14.59 -0.012253592924773
14.6 -0.010940187262517
14.61 -0.01398873837713
14.62 -0.016201986512128
14.63 -0.016512457851728
14.64 -0.015792391927672
14.65 -0.01550695241913
14.66 -0.015861670011232
14.67 -0.016287323463111
14.68 -0.016274538551422
14.69 -0.016003893794174
14.7 -0.014902912704654
14.71 -0.013671115221758
14.72 -0.013354094740785
14.73 -0.014240245705948
14.74 -0.014928375369189
14.75 -0.014025273525159
14.76 -0.012409846944909
14.77 -0.011604605617613
14.78 -0.011649323158775
14.79 -0.009763593116894
14.8 -0.010475993618185
14.81 -0.011134675548786
14.82 -0.011083737181679
14.83 -0.010251628776633
14.84 -0.009264889172188
14.85 -0.008725544703961
14.86 -0.00914116597082
14.87 -0.01053161478369
14.88 -0.012362221992122
14.89 -0.013832927785178
14.9 -0.014275457921698
14.91 -0.013642590845531
14.92 -0.012050788362094
14.93 -0.010712696323292
14.94 -0.009848460090497
14.95 -0.009763698175091
14.96 -0.01001629792879
14.97 -0.010344770319961
14.98 -0.010424598515096
14.99 -0.010378877759138
15.0 -0.010128072999048
15.01 -0.009598570724868
15.02 -0.0087350022839
15.03 -0.008036668508732
15.04 -0.007539293125831
15.05 -0.007246856975483
15.06 -0.007428401947931
15.07 -0.007848905357867
15.08 -0.008152228704357
15.09 -0.008209573821751
15.1 -0.008045294418116
15.11 -0.007744310031774
15.12 -0.007480107951649
15.13 -0.007419371973597
15.14 -0.007441921430473
15.15 -0.007322490186522
15.16 -0.006958154188934
15.17 -0.006445954830627
15.18 -0.005727628345097
15.19 0.000492884604622
15.2 0.011790910471585
15.21 -0.00094255386364
15.22 -0.000882329832682
15.23 0.004489149114282
15.24 0.001498876995671
15.25 -0.001313726691378
15.26 -0.001777391390232
15.27 -0.001685001468355
15.28 -0.001573191792169
15.29 -0.002041658839264
15.3 -0.002923803394056
15.31 -0.004217138813248
15.32 -0.00806859726975
15.33 -0.01515381173495
15.34 -0.008739671464901
15.35 -0.011858162357939
15.36 -0.011703348392489
15.37 -0.011436975456528
15.38 -0.014801023457706
15.39 -0.009368602517455
15.4 -0.013030183981699
15.41 -0.01228201168821
15.42 -0.011392433623118
15.43 -0.011396279923008
15.44 -0.008449006684922
15.45 -0.008398635261199
15.46 -0.006412973906361
15.47 -0.003607073498936
15.48 -0.002003758218616
15.49 0.003653531832044
15.5 0.005490407164048
15.51 0.003896684374684
15.52 0.005766142966541
15.53 0.004795104701959
15.54 0.00367855779739
15.55 0.003671289786064
15.56 0.003615602386478
15.57 0.003526864697201
15.58 0.00478402782844
15.59 0.00521960134771
15.6 0.003840260960047
15.61 0.002697218829511
15.62 0.00333697655702
15.63 0.004348704728804
15.64 0.003017921088215
15.65 0.002614095941113
15.66 0.003239081556394
15.67 0.00369921557161
15.68 0.002656132318281
15.69 0.002135367367514
15.7 0.0021287388007
15.71 0.002305740412082
15.72 0.002451073530772
15.73 0.003011137870147
15.74 0.003788598160722
15.75 0.004137853565065
15.76 0.003809003336652
15.77 0.003496100296371
15.78 0.003710256582161
15.79 0.004634284953998
15.8 0.006153439752235
15.81 0.007356473769279
15.82 0.007732157476031
15.83 0.007285131410681
15.84 0.006325512861292
15.85 0.00552143810009
15.86 0.005262713780136
15.87 0.005431868554614
15.88 0.005953888674561
15.89 0.005885199082958
15.9 0.005713208485116
15.91 0.00597430754529
15.92 0.005960306618432
15.93 0.005638092205145
15.94 0.00534028460912
15.95 0.004706582158684
15.96 0.004022758439343
15.97 0.003512148104669
15.98 0.003311161967793
15.99 0.003227027724339
16.0 0.003008489485541
16.01 0.002601839911572
16.02 0.002499745782487
16.03 0.00255659633931
16.04 0.002584940959561
16.05 0.00277943115969
16.06 0.002871397086659
16.07 0.003182205812924
16.08 0.003729257468246
16.09 0.004314508347593
16.1 0.005304575006476
16.11 0.0061710933097
16.12 0.005933685377304
16.13 0.004453756018898
16.14 0.003544892398231
16.15 0.002345863024
16.16 0.001251522726979
16.17 -0.000867472929759
16.18 -0.014427731254321
16.19 -0.008309904787216
16.2 -0.0040772652198
16.21 -0.013562364328221
16.22 -0.001330707417638
16.23 0.001762486829537
16.24 -0.000929098931408
16.25 0.007125411070012
16.26 0.016299272998927
16.27 0.009127269562919
16.28 0.008044802473285
16.29 0.009209220295793
16.3 0.010104336695513
16.31 0.0095001611432
16.32 0.008338322890565
16.33 0.007869145516806
16.34 0.007333373887792
16.35 0.009812112122574
16.36 0.00863355736311
16.37 0.008278762302941
16.38 0.009146247866319
16.39 0.009240869055267
16.4 0.010067987147732
16.41 0.01049089681071
16.42 0.009130840130649
16.43 0.008615942061971
16.44 0.007904179503739
16.45 0.007030172369742
16.46 0.005061163498503
16.47 0.004441165199057
16.48 0.005911108354244
16.49 0.006779244174885
16.5 0.006977925454578
16.51 0.008574480094133
16.52 0.008476219085975
16.53 0.006792356491708
16.54 0.007083957193549
16.55 0.007694080011222
16.56 0.010248792012635
16.57 0.010522150227838
16.58 0.009149055553454
16.59 0.0082663571184
16.6 0.008793175564234
16.61 0.008418257348823
16.62 0.010281619970813
16.63 0.007917741501751
16.64 0.00723899122994
16.65 0.007259749392651
16.66 0.005852754087149
16.67 0.006689030599754
16.68 0.006046710192217
16.69 0.005767178311477
16.7 0.005453171867296
16.71 0.005422856801462
16.72 0.005671079472038
16.73 0.005977891355178
16.74 0.006148581909674
16.75 0.006180257166231
16.76 0.006164442017494
16.77 0.005986891256438
16.78 0.005810131688032
16.79 0.005644310523475
16.8 0.005473272311222
16.81 0.00542127636502
16.82 0.005450431731833
16.83 0.005430248707479
16.84 0.005345328173079
16.85 0.005156524166641
16.86 0.00504497311451
16.87 0.005264000709586
16.88 0.005478774278743
16.89 0.00523145670061
16.9 0.004727733113664
16.91 0.004132280141069
16.92 0.003535479748113
16.93 -0.003752676252699
16.94 -0.012881001702501
16.95 -0.001608325299053
16.96 -0.005624040028759
16.97 -0.00531570882474
16.98 -0.001974472497154
16.99 -0.002704549934003
17.0 -0.001292973656222
17.01 0.000348859761591
17.02 0.000383969357062
17.03 0.002781518770168
17.04 0.014497165672439
17.05 0.010682847318642
17.06 0.004034932140611
17.07 0.010088751018406
17.08 0.010730045748635
17.09 0.00946253533071
17.1 0.009069290683308
17.11 0.008656210787626
17.12 0.008741853001083
17.13 0.00912036966575
17.14 0.008429872760884
17.15 0.007915545953254
17.16 0.008413257812428
17.17 0.008665272178587
17.18 0.007770194159891
17.19 0.006025605269544
17.2 0.004485199573468
17.21 0.003063462545493
17.22 0.00204768305724
17.23 0.001713877673426
17.24 0.001531463931357
17.25 0.001025479912386
17.26 0.000823417798025
17.27 0.001887620545122
17.28 0.003086185609606
17.29 0.002751600234553
17.3 0.002293338359673
17.31 0.001350436216793
17.32 0.000626379759865
17.33 0.000682515986946
17.34 0.000969905462821
17.35 0.002635598121811
17.36 0.006258877392292
17.37 0.001931549519359
17.38 0.001749758434824
17.39 0.002744057619179
17.4 0.00036763603422
17.41 0.00170551356111
17.42 -0.000710167412571
17.43 0.000145929035176
17.44 -0.000506793437897
17.45 -0.002133235547166
17.46 -0.001002834600568
17.47 -0.001033756090988
17.48 -0.003052709331906
17.49 -0.005984797343186
17.5 -0.007555288473569
17.51 -0.007472433158976
17.52 -0.007201460161177
17.53 -0.0073684732036
17.54 -0.007306187028681
17.55 -0.006599973994034
17.56 -0.005846849175751
17.57 -0.005511927384754
17.58 -0.005227880169157
17.59 -0.004859744424735
17.6 -0.004399099048806
17.61 -0.004048155015897
17.62 -0.003909959592263
17.63 -0.003647304388308
17.64 -0.003661791871121
17.65 -0.003518311681622
17.66 -0.002953194232675
17.67 -0.002266916971044
17.68 -0.002051568976589
17.69 -0.001828389145451
17.7 -0.001251476515525
17.71 -0.000742918100076
17.72 -0.00055780969962
17.73 -0.000788304513401
17.74 -0.001158148817544
17.75 -0.001300668734935
17.76 -0.00126223533594
17.77 -0.001278386304475
17.78 -0.001405071659885
17.79 -0.001414244937087
17.8 -0.001299903743025
17.81 -0.000839739942664
17.82 -8.3666964913e-05
17.83 0.000481086083221
17.84 0.001600405145766
17.85 0.014218916644692
17.86 0.014415953517214
17.87 0.004295229787257
17.88 0.01245621096676
17.89 0.011319385906286
17.9 0.004154615203537
17.91 0.003989337134424
17.92 0.006668872400634
17.93 0.006589938303421
17.94 0.005052956531438
17.95 0.004698388522542
17.96 0.004702140865707
17.97 0.00422364392145
17.98 0.003820472898043
17.99 0.003627095240248
18.0 0.003545809316222
18.01 0.003176746241851
18.02 0.002772721271668
18.03 0.002216824599504
18.04 0.000315721669969
18.05 -0.006123383711783
18.06 -0.010057355481058
18.07 -0.009793019543137
18.08 -0.01002315319572
18.09 -0.007299340481643
18.1 -0.011676966209708
18.11 -0.006028423486994
18.12 -0.006517222368788
18.13 -0.003292575211339
18.14 0.003130981473121
18.15 0.007119200234622
18.16 0.010270302740134
18.17 0.008185196521306
18.18 0.010114634656088
18.19 0.010425021944974
18.2 0.009372095225977
18.21 0.011464436235036
18.22 0.010418988273788
18.23 0.009710373007948
18.24 0.011353210536328
18.25 0.00987780822775
18.26 0.009408176327052
18.27 0.010179200119979
18.28 0.009160088742749
18.29 0.010048618571454
18.3 0.01092184110948
18.31 0.011329426029063
18.32 0.010361641145565
18.33 0.008740762961103
18.34 0.007987387296568
18.35 0.008658865678285
18.36 0.00819594061379
18.37 0.006423615729677
18.38 0.00472242293585
18.39 0.004406801455342
18.4 0.005310781636791
18.41 0.006450783487845
18.42 0.006780785481796
18.43 0.005827127802884
18.44 0.004412760072292
18.45 0.003531534167701
18.46 0.004168005162382
18.47 0.005299864804155
18.48 0.006081187051567
18.49 0.006113633818379
18.5 0.005607142287337
18.51 0.004905355172267
18.52 0.004522621841589
18.53 0.004560448845878
18.54 0.005028711581499
18.55 0.005764805468163
18.56 0.00623500810618
18.57 0.0063137620912
18.58 0.005789304530319
18.59 0.005007331571451
18.6 0.003781333046138
18.61 -0.007254539248434
18.62 -0.007938615456096
18.63 -0.001860678271732
18.64 -0.004107158616279
18.65 -0.004035129203544
18.66 -0.001547312805309
18.67 0.005642318215802
18.68 0.012599717893518
18.69 0.004668915391178
18.7 0.004304275993107
18.71 0.005001616896656
18.72 0.003886246436596
18.73 -0.000329458839927
18.74 -0.002032977313952
18.75 0.000490465771302
18.76 -0.002338171621095
18.77 -0.002863108847115
18.78 -0.001647371822397
18.79 -0.002423979512966
18.8 -0.003469762656249
18.81 -0.002581693658541
18.82 -0.001049019839985
18.83 -0.000696591504393
18.84 -0.001129912249988
18.85 -0.000978243665851
18.86 -0.000238201349928
18.87 0.000343838504764
18.88 0.000236604363228
18.89 -0.000414310679829
18.9 -0.00163463295576
18.91 -0.004768242260126
18.92 -0.00283043063099
18.93 -0.003769308019563
18.94 -0.003000103320691
18.95 -0.003096440710758
18.96 -0.003275009816059
18.97 -0.003121309600952
18.98 -0.002253264859528
18.99 -0.001307439569514
19.0 -0.000776895621971
19.01 -0.000833167001417
19.02 -0.001563320520112
19.03 -0.002771703389671
19.04 -0.003722329826289
19.05 -0.0038402891581
19.06 -0.00348106205497
19.07 -0.00355474271638
19.08 -0.004187878797489
19.09 -0.004920204139001
19.1 -0.005284456124425
19.11 -0.005232720801619
19.12 -0.005063585003437
19.13 -0.004861361345214
19.14 -0.004852944453212
19.15 -0.00506500000113
19.16 -0.005059945531412
19.17 -0.004657308381303
19.18 -0.001260175410831
19.19 0.012380016721155
19.2 0.004227070268081
19.21 0.002370295764839
19.22 0.006804588838977
19.23 0.003747205098853
19.24 -0.00058579402271
19.25 -0.004483331676863
19.26 -0.011685920197321
19.27 -0.014508797448059
19.28 -0.010830529594997
19.29 -0.010246374224241
19.3 -0.010140989706637
19.31 -0.00987795537644
19.32 -0.00793694109922
19.33 -0.005960941933036
19.34 -0.007828231086624
19.35 -0.007669195116987
19.36 -0.005460712513117
19.37 -0.005745899547381
19.38 -0.005843031750073
19.39 -0.005440271235769
19.4 -0.005567705070004
19.41 -0.004346872225073
19.42 -0.003861477625389
19.43 -0.003800028656998
19.44 -0.003369406187937
19.45 -0.002229295020441
19.46 -0.001201341157268
19.47 -0.000812720569332
19.48 0.000207841135875
19.49 -1.849453503e-05
19.5 0.000408926950259
19.51 0.000793839572119
19.52 0.001243222928922
19.53 0.001497448200244
19.54 0.001527920683778
19.55 0.001376859124352
19.56 0.001227645318951
19.57 0.001107732520361
19.58 0.001089800095651
19.59 0.001052762783838
19.6 0.003356742420741
19.61 0.012007040809141
19.62 0.012009052360233
19.63 0.008119400193742
19.64 0.008596242692743
19.65 0.010266306770522
19.66 0.009413520913396
19.67 0.008081364389724
19.68 0.007509053582804
19.69 0.007246010324296
19.7 0.007191064679425
19.71 0.006712201688357
19.72 0.006166069417372
19.73 0.005836729576228
19.74 0.005695935154134
19.75 0.004988119468341
19.76 0.00473951886098
19.77 0.005349837487628
19.78 0.005676588032673
19.79 0.005774586616475
19.8 0.005910079542009
19.81 0.005613711748723
19.82 0.005505877584214
19.83 0.005223093176246
19.84 0.004847748073803
19.85 0.00449804080329
19.86 0.003949096194106
19.87 0.003414675629853
19.88 0.002877625147386
19.89 0.00310023854274
19.9 0.004269957603689
19.91 0.00535034237515
19.92 0.006214876549498
19.93 0.006795120466252
19.94 0.007378488105886
19.95 0.007309046143505
19.96 0.006738785850746
19.97 0.006559402288716
19.98 0.006036801871454
19.99 0.00540273183683
20.0 0.005546673023519
20.01 0.004952982719251
20.02 0.003886795220428
20.03 0.003271670482208
20.04 0.003242708839095
20.05 0.003168656563101
20.06 0.003209431332551
20.07 0.003054282262967
20.08 0.001619605389015
20.09 -0.002863508704203
20.1 -0.006390168598491
20.11 -0.006481015561085
20.12 -0.003806525255481
20.13 -0.002848454696237
20.14 -0.003095945518166
20.15 -0.003951226690568
20.16 -0.004444611380006
20.17 -0.00378601979175
20.18 -0.002805467182374
20.19 -0.00253137414426
20.2 -0.002583271784178
20.21 -0.002811557227481
20.22 -0.002478569962448
20.23 -0.001753487203142
20.24 -0.001417439403584
20.25 -0.001531865355683
20.26 -0.001376815194409
20.27 -0.000937387863739
20.28 -0.000560452989294
20.29 -0.000407915553251
20.3 -0.000317956067581
20.31 -0.00017267960848
20.32 -0.000112914052261
20.33 -0.000282226179831
20.34 -0.00049573961558
20.35 -0.000521272973717
20.36 -0.000493626410153
20.37 -0.000607192099368
20.38 -0.000536976880646
20.39 -0.000103792807734
20.4 -6.0575148769e-05
20.41 -9.1894363632e-05
20.42 9.8692179359e-05
20.43 0.004556312086706
20.44 0.005743332287194
20.45 -0.002576830289888
20.46 -0.002479544677589
20.47 -0.00593204680743
20.48 0.000172771738936
20.49 -0.001870920265862
20.5 -0.005185483154184
20.51 -0.002915446831718
20.52 -0.005341078777874
20.53 -0.004980664861056
20.54 -0.004172400092447
20.55 -0.005771369978931
20.56 -0.005469070343108
20.57 -0.006013300336369
20.58 -0.006346228269367
20.59 -0.006277360572554
20.6 -0.006923072824278
20.61 -0.006918625744695
20.62 -0.006797249198643
20.63 -0.007024431697946
20.64 -0.006759880830318
20.65 -0.0065800900218
20.66 -0.007504682901327
20.67 -0.006414819651379
20.68 -0.004767231406622
20.69 -0.004327346644963
20.7 -0.00384759749596
20.71 -0.005041842083584
20.72 -0.005756852846779
20.73 -0.005223141446343
20.74 -0.003614719207099
20.75 -0.002418590412396
20.76 -0.003752843866436
20.77 -0.004747158458231
20.78 -0.00452541835741
20.79 -0.003176395907613
20.8 -0.002415525292963
20.81 -0.003200341520866
20.82 -0.00366200072915
20.83 -0.003876969421783
20.84 -0.003531518423793
20.85 -0.004156141611747
20.86 -0.005233560392865
20.87 -0.005669069163682
20.88 -0.005368345386581
20.89 -0.005413109483186
20.9 -0.005681155877289
20.91 -0.005746516525399
20.92 -0.006152950649602
20.93 -0.006240516094752
20.94 -0.00606727863768
20.95 -0.005767619964213
20.96 -0.005614041926159
20.97 -0.005628622224373
20.98 -0.005763273497546
20.99 -0.005835989895589
21.0 -0.005950868398044
21.01 -0.006004494216701
21.02 -0.005868044152326
21.03 -0.005766574518808
21.04 -0.005828443840282
21.05 -0.005901279069652
21.06 -0.005957646786973
21.07 -0.005956636177483
21.08 -0.005846971534953
21.09 -0.005786643973001
21.1 -0.005710605687592
21.11 -0.005566115857868
21.12 -0.005491444742613
21.13 -0.005263877723268
21.14 -0.004327880393789
21.15 0.002285891640896
21.16 -0.005704727319988
21.17 -0.005803834388642
21.18 -0.005818349023538
21.19 -0.005728148481552
21.2 -0.005621412615124
21.21 -0.00559357226828
21.22 -0.005480189848661
21.23 -0.004635320007532
21.24 -0.003768598872929
21.25 -0.005370471748942
21.26 -0.00425399057697
21.27 -0.005100809554024
21.28 -0.004239763004163
21.29 -0.004157521405546
21.3 -0.0048179228068
21.31 -0.004065265105587
21.32 -0.004773411597701
21.33 -0.00369916356989
21.34 -0.003359969577405
21.35 -0.003855932381317
21.36 -0.003363660872025
21.37 -0.003769150744251
21.38 -0.003559435410341
21.39 -0.002835831586312
21.4 -0.00281212708271
21.41 -0.0027552780945
21.42 -0.002794636762493
21.43 -0.003652106292982
21.44 -0.00398103061878
21.45 -0.003587188158479
21.46 -0.003178884377753
21.47 -0.003097204907084
21.48 -0.002829028404132
21.49 -0.001709528538638
21.5 -0.000104135578895
21.51 0.002192538015122
21.52 0.004795039791424
21.53 0.006512639702424
21.54 0.006342765644694
21.55 0.005729682024278
21.56 0.00570467857231
21.57 0.00575473387387
21.58 0.005152838239249
21.59 0.004659030852712
21.6 0.00486968868276
21.61 0.004839458860876
21.62 0.004278144517785
21.63 0.003936892775101
21.64 0.003980746543855
21.65 0.003731618868808
21.66 0.003280146451705
21.67 0.003171855743993
21.68 0.00326406293855
21.69 0.003223513468499
21.7 0.003030023555615
21.71 0.002557827681526
21.72 0.001976312273312
21.73 0.001710256221626
21.74 0.00136324795767
21.75 0.000711516065358
21.76 -0.000229554117972
21.77 -0.001040769050822
21.78 -0.001228376794693
21.79 -0.000378511741423
21.8 0.001921558408592
21.81 0.003433137286012
21.82 0.004093531859049
21.83 0.005598285285677
21.84 0.006123202709215
21.85 0.006475669830289
21.86 0.005471507890013
21.87 0.006558579472252
21.88 0.006286533785617
21.89 0.006169757165917
21.9 0.007140048513598
21.91 0.005094063155259
21.92 0.006831993252838
21.93 0.007092458545662
21.94 0.006273228739844
21.95 0.00739501487957
21.96 0.006261388481365
21.97 0.00719258084136
21.98 0.006085628282704
21.99 0.005852672132782
22.0 0.005491121408741
22.01 0.004866593813496
22.02 0.004588884234824
22.03 0.003106698003846
22.04 0.001600548119372
22.05 0.001971450228009
22.06 0.0031801286595
22.07 0.00385644634922
22.08 0.003712142548235
22.09 0.003718864256568
22.1 0.004242414383796
22.11 0.004553607686894
22.12 0.004248757876406
22.13 0.003686998699714
22.14 0.001377290297735
22.15 -0.009407634400939
22.16 -0.005047043358171
22.17 -0.000566789858271
22.18 -0.003716070993104
22.19 -0.003981824370269
22.2 -0.001421095999806
22.21 -0.0008468360382
22.22 -0.000916297809493
22.23 0.000277715653364
22.24 0.005814200953604
22.25 0.01460070770726
22.26 0.007257363660423
22.27 0.006458247997247
22.28 0.008470799171422
22.29 0.008837908590792
22.3 0.007990990005584
22.31 0.006798387041552
22.32 0.006547065890108
22.33 0.005493179987323
22.34 0.004782827055791
22.35 0.003150046618878
22.36 -0.000713007001813
22.37 0.000105828139831
22.38 -0.000127330913815
22.39 -0.002109211426542
22.4 -0.004104293969357
22.41 -0.006572121760201
22.42 -0.008302169308188
22.43 -0.010284914482433
22.44 -0.008886798666184
22.45 -0.008138642281703
22.46 -0.009209471677538
22.47 -0.008797396794577
22.48 -0.008070650373191
22.49 -0.009213078037103
22.5 -0.009142456165323
22.51 -0.008240277389666
22.52 -0.007135181194743
22.53 -0.006197592270479
22.54 -0.005296830063158
22.55 -0.004659685914774
22.56 -0.004850140571885
22.57 -0.005550289373595
22.58 -0.005661689068886
22.59 -0.005117302506731
22.6 -0.004470477441399
22.61 -0.004123101301992
22.62 -0.004007755938276
22.63 -0.003830434456302
22.64 -0.003513318447706
22.65 -0.003244695321453
22.66 -0.003169628902258
22.67 -0.003386297365185
22.68 -0.003569268827649
22.69 -0.00383994094586
22.7 -0.004462266775317
22.71 -0.005239718706256
22.72 -0.00545648889982
22.73 -0.005659673078515
22.74 -0.006200357745433
22.75 -0.006983127818709
22.76 -0.007595982003202
22.77 -0.007860269038939
22.78 -0.007640625750734
22.79 -0.007064138298513
22.8 -0.006442310247814
22.81 -0.005998410393872
22.82 -0.005850420795417
22.83 -0.005916459307579
22.84 -0.006113080656936
22.85 -0.006140038418515
22.86 -0.005879401604922
22.87 -0.005629831654207
22.88 -0.005631580883021
22.89 -0.005634013165348
22.9 -0.005635534722278
22.91 -0.005851746239128
22.92 -0.006079809613097
22.93 -0.006320013417573
22.94 -0.006582111583227
22.95 -0.00658666820659
22.96 -0.006459304828627
22.97 -0.006108571185207
22.98 -0.005686740197906
22.99 -0.005236265899402
23.0 -0.00494093329921
23.01 -0.004751982774157
23.02 -0.004735648236309
23.03 -0.004856129145508
23.04 -0.005540743414445
23.05 -0.005539799735537
23.06 -0.004177577250237
23.07 -0.00426788231516
23.08 -0.002443093444251
23.09 -0.00121716381766
23.1 -0.001742069621556
23.11 -0.001968922387048
23.12 -0.002255075042944
23.13 -0.002229745715914
23.14 -0.001682521532924
23.15 -0.001603655288925
23.16 -0.001744557268458
23.17 -0.002080450261143
23.18 -0.00208726333888
23.19 -0.001385762103363
23.2 -0.000820426160108
23.21 -0.000262229697629
23.22 0.000614165485768
23.23 0.002030522361507
23.24 0.003623346428064
23.25 0.004858025820027
23.26 0.005277943394381
23.27 0.005159328914756
23.28 0.004878001567892
23.29 0.00465349106464
23.3 0.004455068201053
23.31 0.004298254441503
23.32 0.004232381950388
23.33 0.004192585315275
23.34 0.00417896447098
23.35 0.004160055575442
23.36 0.004178674940904
23.37 0.004235352677793
23.38 0.004337385197651
23.39 0.00450895070986
23.4 0.004482747736163
23.41 0.004104670104003
23.42 0.003808286177639
23.43 0.00377156935597
23.44 0.003746443632263
23.45 0.003455823815845
23.46 0.003123543317916
23.47 0.003002909834368
23.48 0.003010562638869
23.49 0.00296862488499
23.5 0.002878528701491
23.51 0.002789803249417
23.52 0.002703728796077
23.53 0.002661972567567
23.54 0.00271833438346
23.55 0.002880746050556
23.56 0.003080446489036
23.57 0.003287211635214
23.58 0.003540500317623
23.59 0.003788681322844
23.6 0.004048216474339
23.61 0.004263932365155
23.62 0.004438013789051
23.63 0.00456534281409
23.64 0.004659428257575
23.65 0.004702693283653
23.66 0.004730042241146
23.67 0.004700018400653
23.68 0.004609575494222
23.69 0.004187702878156
23.7 0.003587957283894
23.71 0.003312473232886
23.72 0.002791701453042
23.73 0.002299298511909
23.74 0.002140173449732
23.75 0.00262086150503
23.76 0.003570524968185
23.77 0.004771304184332
23.78 0.00458572394151
23.79 0.003768416955454
23.8 0.004411083292419
23.81 0.00524558388425
23.82 0.004467155334831
23.83 0.003646675872207
23.84 0.004301299033635
23.85 0.005088521454405
23.86 0.005063534423951
23.87 0.004746568599754
23.88 0.004603429853599
23.89 0.00475005963722
23.9 0.004513942885266
23.91 0.004025448078676
23.92 0.004613334621915
23.93 0.005383614202318
23.94 0.004787424675718
23.95 0.003813363430694
23.96 0.002369839243478
23.97 0.001811181342134
23.98 0.001896623612237
23.99 0.000814313653428
24.0 -0.00040244403152
24.01 -0.00084701991356
24.02 -0.001071506254556
24.03 -0.002898625947638
24.04 -0.003732643511916
24.05 -0.002743138025559
24.06 -0.001217806821813
24.07 0.006941533849211
24.08 0.010341282206815
24.09 0.002194686531906
24.1 0.004510357147815
24.11 0.004225360697629
24.12 0.003014935134326
24.13 0.00207497413944
24.14 0.000883369080223
24.15 -0.001128448276989
24.16 -0.003058363634696
24.17 -0.000792591149867
24.18 -0.001741089339112
24.19 -0.003053862593766
24.2 -0.001994374317829
24.21 -0.001126759729221
24.22 -0.002163083277087
24.23 -0.003369217725369
24.24 -0.0036381688147
24.25 -0.003854306888261
24.26 -0.004524819240098
24.27 -0.005038599424729
24.28 -0.005063355122231
24.29 -0.004980094237098
24.3 -0.005043391526332
24.31 -0.005051303039972
24.32 -0.004870697445581
24.33 -0.004630409196036
24.34 -0.004425896181451
24.35 -0.004100952392131
24.36 -0.003399841600693
24.37 -0.00242078789439
24.38 -0.001618066959465
24.39 -0.001328484337869
24.4 -0.001413279732792
24.41 -0.00162542262363
24.42 -0.001731536743716
24.43 -0.001732347385498
24.44 -0.001783819342073
24.45 -0.001996735302766
24.46 -0.002350769131081
24.47 -0.002731060648751
24.48 -0.003016055387716
24.49 -0.003165329260796
24.5 -0.003234178610294
24.51 -0.003344759346373
24.52 -0.003589940239255
24.53 -0.003935956434661
24.54 -0.004266878119982
24.55 -0.004453581794667
24.56 -0.00445697831919
24.57 -0.004434229100114
24.58 -0.004738811320754
24.59 -0.005267876346193
24.6 -0.005519059364602
24.61 -0.005476723406534
24.62 -0.005297924430836
24.63 -0.005100142214236
24.64 -0.005050028216938
24.65 -0.005035922044653
24.66 -0.004860948672965
24.67 -0.004728134030483
24.68 -0.004714167397128
24.69 -0.004836257195324
24.7 -0.004928576902525
24.71 -0.004891816666836
24.72 -0.004748570624962
24.73 -0.004594920683931
24.74 -0.004504493690417
24.75 -0.004479859212647
24.76 -0.004400943625462
24.77 -0.004302857353843
24.78 -0.004187665952345
24.79 -0.003981974888683
24.8 -0.003607975168676
24.81 0.000244587306895
24.82 0.003233596231722
24.83 0.003088070816654
24.84 0.00260592647343
24.85 0.00253352903529
24.86 0.002604396326984
24.87 0.00240613897268
24.88 0.001684901590107
24.89 0.000665818793661
24.9 -0.000108194661491
24.91 -0.001998508680731
24.92 -0.011663249414759
24.93 -0.012223036903916
24.94 -0.005862820590589
 
 
 
 
 
 
 
 
 
 
 
 
 
 
 
 
 
 
 
 
 
 
 
 
 
 
 
 
 
 
 
 
 
 
 
 
 
 
 
 
 
 
 
 
 
 
 
 
 
 
 
 
 
 
 
 
 
 
 
 
 
 
 
 
 
 
 
 
 
 
 
 
 
 
 
 
 
 
 
 
 
 
 
 
 
 
 
 
 
 
 
 
 
 
 
 
 
 
 
 
 
 
 
 
 
 
 
 
 
 
 
 
 
 
 
 
 
 
 
 
 
 
 
 
 
 
 
 
 
 
 
 
 
 
 
 
 
 
 
 
 
 
 
 
 
 
 
 
 
 
 
 
 
 
 
 
 
 
 
 
 
 
 
 
 
 
 
 
 
 
 
 
 
 
 
 
 
 
 
 
 
 
 
 
 
 
 
 
 
 
 
 
 
 
 
 
 
 
 
 
 
 
 
 
 
 
 
 
 
 
 
 
 
 
 
 
 
 
 
 
 
 
 
 
 
 
 
 
 
 
 
 
 
 
 
 
 
 
 
 
 
 
 
 
 
 
 
 
 
 
 
 
 
 
 
 
 
 
 
 
 
 
 
 
 
 
 
 
 
 
 
 
 
 
 
 
 
 
 
 
 
 
 
 
 
 
 
 
 
 
 
 
 
 
 
 
 
 
 
 
 
 
 
 
 
 
 
 
 
 
 
 
 
 
 
 
 
 
 
 
 
 
 
 
 
 
 
 
 
 
 
 
 
 
 
 
 
 
 
 
 
 
 
 
 
 
 
 
 
 
 
 
 
 
 
 
 
 
 
 
 
 
 
 
 
 
 
 
 
 
 
 
 
 
 
 
 
 
 
 
 
 
 
 
 
 
 
 
 
 
 
 
 
 
 
 
 
 
 
 
 
 
 
 
 
 
 
 
 
 
 
 
 
 
 
 
 
 
 
 
 
 
 
 
 
 
 
 
 
 
 
 
 
 
 
 
 
 
 
 
 
 
 
 
 
 
 
 
 
 
 
 
 
 
 
 
 
 
 
 
 
 
 
 
 
 
 
 
 
 
 
 
 
 
 
 
 
 
 
 
 
 
 
 
 
 
 
 
 
 
 
 
 
 
 
 
 
 
 
 
 
 
 
 
 
 
 
 
 
 
 
 
 
 
 
 
 
 
 
 
 
 
 
 
 
 
 
 
 
 
 
 
 
 
 
 
 
 
 
 
 
 
 
 
 
 
 
 
 
 
 
 
 
 
 
 
 
 
 
 
 
 
 
 
 
 
 
 
 
 
 
 
 
 
 
 
 
 
 
 
 
 
 
 
 
 
 
 
 
 
 
 
 
 
 
 
 
 
 
 
 
 
 
 
 
 
 
 
 
 
 
 
 
 
 
 
 
 
 
 
 
 
 
 
 
 
 
 
 
 
 
 
 
 
 
 
 
 
 
 
 
 
 
 
 
 
 
 
 
 
 
 
 
 
 
 
 
 
 
 
 
 
 
 
 
 
 
 
 
 
 
 
 
 
 
 
 
 
 
 
 
 
 
 
 
 
 
 
 
 
 
 
 
 
 
 
 
 
 
 
 
 
 
 
 
 
 
 
 
 
 
 
 
 
 
 
 
 
 
 
 
 
 
 
 
 
 
 
 
 
 
 
 
 
 
 
 
 
 
 
 
 
 
 
 
 
 
 
 
 
 
 
 
 
 
 
 
 
 
 
 
 
 
 
 
 
 
 
 
 
 
 
 
 
 
 
 
 
 
 
 
 
 
 
 
 
 
 
 
 
 
 
 
 
 
 
 
 
 
 
 
 
 
 
 
 
 
 
 
 
 
 
 
 
 
 
 
 
 
 
 
 
 
 
 
 
 
 
 
 
 
 
 
 
 
 
 
 
 
 
 
 
 
 
 
 
 
 
 
 
 
 
 
 
 
 
 
 
 
 
 
 
 
 
 
 
 
 
 
 
 
 
 
 
 
 
 
 
 
 
 
 
 
 
 
 
 
 
 
 
 
 
 
 
 
 
 
 
 
 
 
 
 
 
 
 
 
 
 
 
 
 
 
 
 
 
 
 
 
 
 
 
 
 
 
 
 
 
 
 
 
 
 
 
 
 
 
 
 
 
 
 
 
 
 
 
 
 
 
 
 
 
 
 
 
 
 
 
 
 
 
 
 
 
 
 
 
 
 
 
 
 
 
 
 
 
 
 
 
 
 
 
 
 
 
 
 
 
 
 
 
 
 
 
 
 
 
 
 
 
 
 
 
 
 
 
 
 
 
 
 
 
 
 
 
 
 
 
 
 
 
 
 
 
 
 
 
 
 
 
 
 
 
 
 
 
 
 
 
 
 
 
 
 
 
 
 
 
 
 
 
 
 
 
 
 
 
 
 
 
 
 
 
 
 
 
 
 
 
 
 
 
 
 
 
 
 
 
 
 
 
 
 
 
 
 
 
 
 
 
 
 
 
 
 
 
 
 
 
 
 
 
 
 
 
 
 
 
 
 
 
 
 
 
 
 
 
 
 
 
 
 
 
 
 
 
 
 
 
 
 
 
 
 
 
 
 
 
 
 
 
 
 
 
 
 
 
 
 
 
 
 
 
 
 
 
 
 
 
 
 
 
 
 
 
 
 
 
 
 
 
 
 
 
 
 
 
 
 
 
 
 
 
 
 
 
 
 
 
 
 
 
 
 
 
 
 
 
 
 
 
 
 
 
 
 
 
 
 
 
 
 
 
 
 
 
 
 
 
 
 
 
 
 
 
 
 
 
 
 
 
 
 
 
 
 
 
 
 
 
 
 
 
 
 
 
 
 
 
 
 
 
 
 
 
 
 
 
 
 
 
 
 
 
 
 
 
 
 
 
 
 
 
 
 
 
 
 
 
 
 
 
 
 
 
 
 
 
 
 
 
 
 
 
 
 
 
 
 
 
 
 
 
 
 
 
 
 
 
 
 
 
 
 
 
 
 
 
 
 
 
 
 
 
 
 
 
 
 
 
 
 
 
 
 
 
 
 
 
 
 
 
 
 
 
 
 
 
 
 
 
 
 
 
 
 
 
 
 
 
 
 
 
 
 
 
 
 
 
 
 
 
 
 
 
 
 
 
 
 
 
 
 
 
 
 
 
 
 
 
 
 
 
 
 
 
 
 
 
 
 
 
 
 
 
 
 
 
 
 
 
 
 
 
 
 
 
 
 
 
 
 
 
 
 
 
 
 
 
 
 
 
 
 
 
 
 
 
 
 
 
 
 
 
 
 
 
 
 
 
 
 
 
 
 
 
 
 
 
 
 
 
 
 
 
 
 
 
 
 
 
 
 
 
 
 
 
 
 
 
 
 
 
 
 
 
 
 
 
 
 
 
 
 
 
 
 
 
 
 
 
 
 
 
 
 
 
 
 
 
 
 
 
 
 
 
 
 
 
 
 
 
 
 
 
 
 
 
 
 
 
 
 
 
 
 
 
 
 
 
 
 
 
 
 
 
 
 
 
 
 
 
 
 
 
 
 
 
 
 
 
 
 
 
 
 
 
 
 
 
 
 
 
 
 
 
 
 
 
 
 
 
 
 
 
 
 
 
 
 
 
 
 
 
 
 
 
 
 
 
 
 
 
 
 
 
 
 
 
 
 
 
 
 
 
 
 
 
 
 
 
 
 
 
 
 
 
 
 
 
 
 
 
 
 
 
 
 
 
 
 
 
 
 
 
 
 
 
 
 
 
 
 
 
 
 
 
 
 
 
 
 
 
 
 
 
 
 
 
 
 
 
 
 
 
 
 
 
 
 
 
 
 
 
 
 
 
 
 
 
 
 
 
 
 
 
 
 
 
 
 
 
 
 
 
 
 
 
 
 
 
 
 
 
 
 
 
 
 
 
 
 
 
 
 
 
 
 
 
 
 
 
 
 
 
 
 
 
 
 
 
 
 
 
 
 
 
 
 
 
 
 
 
 
 
 
 
 
 
 
 
 
 
 
 
 
 
 
 
 
 
 
 
 
 
 
 
 
 
 
 
 
 
 
 
 
 
 
 
 
 
 
 
 
 
 
 
 
 
 
 
 
 
 
 
 
 
 
 
 
 
 
 
 
 
 
 
 
 
 
 
 
 
 
 
 
 
 
 
 
 
 
 
 
 
 
 
 
 
 
 
 
 
 
 
 
 
 
 
 
 
 
 
 
 
 
 
 
 
 
 
 
 
 
 
 
 
 
 
 
 
 
 
 
 
 
 
 
 
 
 
 
 
 
 
 
 
 
 
 
 
 
 
 
 
 
 
 
 
 
 
 
 
 
 
 
 
 
 
 
 
 
 
 
 
 
 
 
 
 
 
 
 
 
 
 
 
 
 
 
 
 
 
 
 
 
 
 
 
 
 
 
 
 
 
 
 
 
 
 
 
 
 
 
 
 
 
 
 
 
 
 
 
 
 
 
 
 
 
 
 
 
 
 
 
 
 
 
 
 
 
 
 
 
 
 
 
 
 
 
 
 
 
 
 
 
 
 
 
 
 
 
 
 
 
 
 
 
 
 
 
 
 
 
 
 
 
 
 
 
 
 
 
 
 
 
 
 
 
 
 
 
 
 
 
 
 
 
 
 
 
 
 
 
 
 
 
 
 
 
 
 
 
 
 
 
 
 
 
 
 
 
 
 
 
 
 
 
 
 
 
 
 
 
 
 
 
 
 
 
 
 
 
 
 
 
 
 
 
 
 
 
 
 
 
 
 
 
 
 
 
 
 
 
 
 
 
 
 
 
 
 
 
 
 
 
 
 
 
 
 
 
 
 
 
 
 
 
 
 
 
 
 
 
 
 
 
 
 
 
 
 
 
 
 
 
 
 
 
 
 
 
 
 
 
 
 
 
 
 
 
 
 
 
 
 
 
 
 
 
 
 
 
 
 
 
 
 
 
 
 
 
 
 
 
 
 
 
 
 
 
 
 
 
 
 
 
 
 
 
 
 
 
 
 
 
 
 
 
 
 
 
 
 
 
 
 
 
 
 
 
 
 
 
 
 
 
 
 
 
 
 
 
 
 
 
 
 
 
 
 
 
 
 
 
 
 
 
 
 
 
 
 
 
 
 
 
 
 
 
 
 
 
 
 
 
 
 
 
 
 
 
 
 
 
 
 
 
 
 
 
 
 
 
 
 
 
 
 
 
 
 
 
 
 
 
 
 
 
 
 
 
 
 
 
 
 
 
 
 
 
 
 
 
 
 
 
 
 
 
 
 
 
 
 
 
 
 
 
 
 
 
 
 
 
 
 
 
 
 
 
 
 
 
 
 
 
 
 
 
 
 
 
 
 
 
 
 
 
 
 
 
 
 
 
 
 
 
 
 
 
 
 
 
 
 
 
 
 
 
 
 
 
 
 
 
 
 
 
 
 
 
 
 
 
 
 
 
 
 
 
 
 
 
 
 
 
 
 
 
 
 
 
 
 
 
 
 
 
 
 
 
 
 
 
 
 
 
 
 
 
 
 
 
 
 
 
 
 
 
 
 
 
 
 
 
 
 
 
 
 
 
 
 
 
 
 
 
 
 
 
 
 
 
 
 
 
 
 
 
 
 
 
 
 
 
 
 
 
 
 
 
 
 
 
 
 
 
 
 
 
 
 
 
 
 
 
 
 
 
 
 
 
 
 
 
 
 
 
 
 
 
 
 
 
 
 
 
 
 
 
 
 
 
 
 
 
 
 
 
 
 
 
 
 
 
 
 
 
 
 
 
 
 
 
 
 
 
 
 
 
 
 
 
 
 
 
 
 
 
 
 
 
 
 
 
 
 
 
 
 
 
 
 
 
 
 
 
 
 
 
 
 
 
 
 
 
 
 
 
 
 
 
 
 
 
 
 
 
 
 
 
 
 
 
 
 
 
 
 
 
 
 
 
 
 
 
 
 
 
 
 
 
 
 
 
 
 
 
 
 
 
 
 
 
 
 
 
 
 
 
 
 
 
 
 
 
 
 
 
 
 
 
 
 
 
 
 
 
 
 
 
 
 
 
 
 
 
 
 
 
 
 
 
 
 
 
 
 
 
 
 
 
 
 
 
 
 
 
 
 
 
 
 
 
 
 
 
 
 
 
 
 
 
 
 
 
 
 
 
 
 
 
 
 
 
 
 
 
 
 
 
 
 
 
 
 
 
 
 
 
 
 
 
 
 
 
 
 
 
 
 
 
 
 
 
 
 
 
 
 
 
 
 
 
 
 
 
 
 
 
 
 
 
 
 
 
 
 
 
 
 
 
 
 
 
 
 
 
 
 
 
 
 
 
 
 
 
 
 
 
 
 
 
 
 
 
 
 
 
 
 
 
 
 
 
 
 
 
 
 
 
 
 
 
 
 
 
 
 
 
 
 
 
 
 
 
 
 
 
 
 
 
 
 
 
 
 
 
 
 
 
 
 
 
 
 
 
 
 
 
 
 
 
 
 
 
 
 
 
 
 
 
 
 
 
 
 
 
 
 
 
 
 
 
 
 
 
 
 
 
 
 
 
 
 
 
 
 
 
 
 
 
 
 
 
 
 
 
 
 
 
 
 
 
 
 
 
 
 
 
 
 
 
 
 
 
 
 
 
 
 
 
 
 
 
 
 
 
 
 
 
 
 
 
 
 
 
 
 
 
 
 
 
 
 
 
 
 
 
 
 
 
 
 
 
 
 
 
 
 
 
 
 
 
 
 
 
 
 
 
 
 
 
 
 
 
 
 
 
 
 
 
 
 
 
 
 
 
 
 
 
 
 
 
 
 
 
 
 
 
 
 
 
 
 
 
 
 
 
 
 
 
 
 
 
 
 
 
 
 
 
 
 
 
 
 
 
 
 
 
 
 
 
 
 
 
 
 
 
 
 
 
 
 
 
 
 
 
 
 
 
 
 
 
 
 
 
 
 
 
 
 
 
 
 
 
 
 
 
 
 
 
 
 
 
 
 
 
 
 
 
 
 
 
 
 
 
 
 
 
 
 
 
 
 
 
 
 
 
 
 
 
 
 
 
 
 
 
 
 
 
 
 
 
 
 
 
 
 
 
 
 
 
 
 
 
 
 
 
 
 
 
 
 
 
 
 
 
 
 
 
 
 
 
 
 
 
 
 
 
 
 
 
 
 
 
 
 
 
 
 
 
 
 
 
 
 
 
 
 
 
 
 
 
 
 
 
 
 
 
 
 
 
 
 
 
 
 
 
 
 
 
 
 
 
 
 
 
 
 
 
 
 
 
 
 
 
 
 
 
 
 
 
 
 
 
 
 
 
 
 
 
 
 
 
 
 
 
 
 
 
 
 
 
 
 
 
 
 
 
 
 
 
 
 
 
 
 
 
 
 
 
 
 
 
 
 
 
 
 
 
 
 
 
 
 
 
 
 
 
 
 
 
 
 
 
 
 
 
 
 
 
 
 
 
 
 
 
 
 
 
 
 
 
 
 
 
 
 
 
 
 
 
 
 
 
 
 
 
 
 
 
 
 
 
 
 
 
 
 
 
 
 
 
 
 
 
 
 
 
 
 
 
 
 
 
 
 
 
 
 
 
 
 
 
 
 
 
 
 
 
 
 
 
 
 
 
 
 
 
 
 
 
 
 
 
 
 
 
 
 
 
 
 
 
 
 
 
 
 
 
 
 
 
 
 
 
 
 
 
 
 
 
 
 
 
 
 
 
 
 
 
 
 
 
 
 
 
 
 
 
 
 
 
 
 
 
 
 
 
 
 
 
 
 
 
 
 
 
 
 
 
 
 
 
 
 
 
 
 
 
 
 
 
 
 
 
 
 
 
 
 
 
 
 
 
 
 
 
 
 
 
 
 
 
 
 
 
 
 
 
 
 
 
 
 
 
 
 
 
 
 
 
 
 
 
 
 
 
 
 
 
 
 
 
 
 
 
 
 
 
 
 
 
 
 
 
 
 
 
 
 
 
 
 
 
 
 
 
 
 
 
 
 
 
 
 
 
 
 
 
 
 
 
 
 
 
 
 
 
 
 
 
 
 
 
 
 
 
 
 
 
 
 
 
 
 
 
 
 
 
 
 
 
 
 
 
 
 
 
 
 
 
 
 
 
 
 
 
 
 
 
 
 
 
 
 
 
 
 
 
 
 
 
 
 
 
 
 
 
 
 
 
 
 
 
 
 
 
 
 
 
 
 
 
 
 
 
 
 
 
 
 
 
 
 
 
 
 
 
 
 
 
 
 
 
 
 
 
 
 
 
 
 
 
 
 
 
 
 
 
 
 
 
 
 
 
 
 
 
 
 
 
 
 
 
 
 
 
 
 
 
 
 
 
 
 
 
 
 
 
 
 
 
 
 
 
 
 
 
 
 
 
 
 
 
 
 
 
 
 
 
 
 
 
 
 
 
 
 
 
 
 
 
 
 
 
 
 
 
 
 
 
 
 
 
 
 
 
 
 
 
 
 
 
 
 
 
 
 
 
 
 
 
 
 
 
 
 
 
 
 
 
 
 
 
 
 
 
 
 
 
 
 
 
 
 
 
 
 
 
 
 
 
 
 
 
 
 
 
 
 
 
 
 
 
 
 
 
 
 
 
 
 
 
 
 
 
 
 
 
 
 
 
 
 
 
 
 
 
 
 
 
 
 
 
 
 
 
 
 
 
 
 
 
 
 
 
 
 
 
 
 
 
 
 
 
 
 
 
 
 
 
 
 
 
 
 
 
 
 
 
 
 
 
 
 
 
 
 
 
 
 
 
 
 
 
 
 
 
 
 
 
 
 
 
 
 
 
 
 
 
 
 
 
 
 
 
 
 
 
 
 
 
 
 
 
 
 
 
 
 
 
 
 
 
 
 
 
 
 
 
 
 
 
 
 
 
 
 
 
 
 
 
 
 
 
 
 
 
 
 
 
 
 
 
 
 
 
 
 
 
 
 
 
 
 
 
 
 
 
 
 
 
 
 
 
 
 
 
 
 
 
 
 
 
 
 
 
 
 
 
 
 
 
 
 
 
 
 
 
 
 
 
 
 
 
 
 
 
 
 
 
 
 
 
 
 
 
 
 
 
 
 
 
 
 
 
 
 
 
 
 
 
 
 
 
 
 
 
 
 
 
 
 
 
 
 
 
 
 
 
 
 
 
 
 
 
 
 
 
 
 
 
 
 
 
 
 
 
 
 
 
 
 
 
 
 
 
 
 
 
 
 
 
 
 
 
 
 
 
 
 
 
 
 
 
 
 
 
 
 
 
 
 
 
 
 
 
 
 
 
 
 
 
 
 
 
 
 
 
 
 
 
 
 
 
 
 
 
 
 
 
 
 
 
 
 
 
 
 
 
 
 
 
 
 
 
 
 
 
 
 
 
 
 
 
 
 
 
 
 
 
 
 
 
 
 
 
 
 
 
 
 
 
 
 
 
 
 
 
 
 
 
 
 
 
 
 
 
 
 
 
 
 
 
 
 
 
 
 
 
 
 
 
 
 
 
 
 
 
 
 
 
 
 
 
 
 
 
 
 
 
 
 
 
 
 
 
 
 
 
 
 
 
 
 
 
 
 
 
 
 
 
 
 
 
 
 
 
 
 
 
 
 
 
 
 
 
 
 
 
 
 
 
 
 
 
 
 
 
 
 
 
 
 
 
 
 
 
 
 
 
 
 
 
 
 
 
 
 
 
 
 
 
 
 
 
 
 
 
 
 
 
 
 
 
 
 
 
 
 
 
 
 
 
 
 
 
 
 
 
 
 
 
 
 
 
 
 
 
 
 
 
 
 
 
 
 
 
 
 
 
 
 
 
 
 
 
 
 
 
 
 
 
 
 
 
 
 
 
 
 
 
 
 
 
 
 
 
 
 
 
 
 
 
 
 
 
 
 
 
 
 
 
 
 
 
 
 
 
 
 
 
 
 
 
 
 
 
 
 
 
 
 
 
 
 
 
 
 
 
 
 
 
 
 
 
 
 
 
 
 
 
 
 
 
 
 
 
 
 
 
 
 
 
 
 
 
 
 
 
 
 
 
 
 
 
 
 
 
 
 
 
 
 
 
 
 
 
 
 
 
 
 
 
 
 
 
 
 
 
 
 
 
 
 
 
 
 
 
 
 
 
 
 
 
 
 
 
 
 
 
 
 
 
 
 
 
 
 
 
 
 
 
 
 
 
 
 
 
 
 
 
 
 
 
 
 
 
 
 
 
 
 
 
 
 
 
 
 
 
 
 
 
 
 
 
 
 
 
 
 
 
 
 
 
 
 
 
 
 
 
 
 
 
 
 
 
 
 
 
 
 
 
 
 
 
 
 
 
 
 
 
 
 
 
 
 
 
 
 
 
 
 
 
 
 
 
 
 
 
 
 
 
 
 
 
 
 
 
 
 
 
 
 
 
 
 
 
 
 
 
 
 
 
 
 
 
 
 
 
 
 
 
 
 
 
 
 
 
 
 
 
 
 
 
 
 
 
 
 
 
 
 
 
 
 
 
 
 
 
 
 
 
 
 
 
 
 
 
 
 
 
 
 
 
 
 
 
 
 
 
 
 
 
 
 
 
 
 
 
 
 
 
 
 
 
 
 
 
 
 
 
 
 
 
 
 
 
 
 
 
 
 
 
 
 
 
 
 
 
 
 
 
 
 
 
 
 
 
 
 
 
 
 
 
 
 
 
 
 
 
 
 
 
 
 
 
 
 
 
 
 
 
 
 
 
 
 
 
 
 
 
 
 
 
 
 
 
 
 
 
 
 
 
 
 
 
 
 
 
 
 
 
 
 
 
 
 
 
 
 
 
 
 
 
 
 
 
 
 
 
 
 
 
 
 
 
 
 
 
 
 
 
 
 
 
 
 
 
 
 
 
 
 
 
 
 
 
 
 
 
 
 
 
 
 
 
 
 
 
 
 
 
 
 
 
 
 
 
 
 
 
 
 
 
 
 
 
 
 
 
 
 
 
 
 
 
 
 
 
 
 
 
 
 
 
 
 
 
 
 
 
 
 
 
 
 
 
 
 
 
 
 
 
 
 
 
 
 
 
 
 
 
 
 
 
 
 
 
 
 
 
 
 
 
 
 
 
 
 
 
 
 
 
 
 
 
 
 
 
 
 
 
 
 
 
 
 
 
 
 
 
 
 
 
 
 
 
 
 
 
 
 
 
 
 
 
 
 
 
 
 
 
 
 
 
 
 
 
 
 
 
 
 
 
 
 
 
 
 
 
 
 
 
 
 
 
 
 
 
 
 
 
 
 
 
 
 
 
 
 
 
 
 
 
 
 
 
 
 
 
 
 
 
 
 
 
 
 
 
 
 
 
 
 
 
 
 
 
 
 
 
 
 
 
 
 
 
 
 
 
 
 
 
 
 
 
 
 
 
 
 
 
 
 
 
 
 
 
 
 
 
 
 
 
 
 
 
 
 
 
 
 
 
 
 
 
 
 
 
 
 
 
 
 
 
 
 
 
 
 
 
 
 
 
 
 
 
 
 
 
 
 
 
 
 
 
 
 
 
 
 
 
 
 
 
 
 
 
 
 
 
 
 
 
 
 
 
 
 
 
 
 
 
 
 
 
 
 
 
 
 
 
 
 
 
 
 
 
 
 
 
 
 
 
 
 
 
 
 
 
 
 
 
 
 
 
 
 
 
 
 
 
 
 
 
 
 
 
 
 
 
 
 
 
 
 
 
 
 
 
 
 
 
 
 
 
 
 
 
 
 
 
 
 
 
 
 
 
 
 
 
 
 
 
 
 
 
 
 
 
 
 
 
 
 
 
 
 
 
 
 
 
 
 
 
 
 
 
 
 
 
 
 
 
 
 
 
 
 
 
 
 
 
 
 
 
 
 
 
 
 
 
 
 
 
 
 
 
 
 
 
 
 
 
 
 
 
 
 
 
 
 
 
 
 
 
 
 
 
 
 
 
 
 
 
 
 
 
 
 
 
 
 
 
 
 
 
 
 
 
 
 
 
 
 
 
 
 
 
 
 
 
 
 
 
 
 
 
 
 
 
 
 
 
 
 
 
 
 
 
 
 
 
 
 
 
 
 
 
 
 
 
 
 
 
 
 
 
 
 
 
 
 
 
 
 
 
 
 
 
 
 
 
 
 
 
 
 
 
 
 
 
 
 
 
 
 
 
 
 
 
 
 
 
 
 
 
 
 
 
 
 
 
 
 
 
 
 
 
 
 
 
 
 
 
 
 
 
 
 
 
 
 
 
 
 
 
 
 
 
 
 
 
 
 
 
 
 
 
 
 
 
 
 
 
 
 
 
 
 
 
 
 
 
 
 
 
 
 
 
 
 
 
 
 
 
 
 
 
 
 
 
 
 
 
 
 
 
 
 
 
 
 
 
 
 
 
 
 
 
 
 
 
 
 
 
 
 
 
 
 
 
 
 
 
 
 
 
 
 
 
 
 
 
 
 
 
 
 
 
 
 
 
 
 
 
 
 
 
 
 
 
 
 
 
 
 
 
 
 
 
 
 
 
 
 
 
 
 
 
 
 
 
 
 
 
 
 
 
 
 
 
 
 
 
 
 
 
 
 
 
 
 
 
 
 
 
 
 
 
 
 
 
 
 
 
 
 
 
 
 
 
 
 
 
 
 
 
 
 
 
 
 
 
 
 
 
 
 
 
 
 
 
 
 
 
 
 
 
 
 
 
 
 
 
 
 
 
 
 
 
 
 
 
 
 
 
 
 
 
 
 
 
 
 
 
 
 
 
 
 
 
 
 
 
 
 
 
 
 
 
 
 
 
 
 
 
 
 
 
 
 
 
 
 
 
 
 
 
 
 
 
 
 
 
 
 
 
 
 
 
 
 
 
 
 
 
 
 
 
 
 
 
 
 
 
 
 
 
 
 
 
 
 
 
 
 
 
 
 
 
 
 
