0.0 0.0
0.01 2.33385381e-07
0.02 2.33123546e-07
0.03 2.33238177e-07
0.04 2.35015735e-07
0.05 2.37360852e-07
0.06 2.38593948e-07
0.07 2.34034236e-07
0.08 2.26944303e-07
0.09 2.31003511e-07
0.1 2.28797466e-07
0.11 2.04000094e-07
0.12 1.79341915e-07
0.13 1.46906112e-07
0.14 1.40374003e-07
0.15 1.67068142e-07
0.16 1.21563296e-07
0.17 7.2115171e-08
0.18 5.6435948e-08
0.19 6.1712371e-08
0.2 1.82762548e-07
0.21 2.8537093e-07
0.22 1.54555347e-07
0.23 5.6612949e-08
0.24 7.1774396e-08
0.25 4.0603486e-08
0.26 -7.2782262e-08
0.27 -6.67902038e-07
0.28 -2.016587785e-06
0.29 -3.667401116e-06
0.3 -4.828697667e-06
0.31 -5.795022154e-06
0.32 -7.292615946e-06
0.33 -8.72602897e-06
0.34 -8.840664332e-06
0.35 -7.511277166e-06
0.36 -6.172248893e-06
0.37 -6.092884606e-06
0.38 -5.498392492e-06
0.39 -1.021238118e-06
0.4 7.266135949e-06
0.41 1.2979188687e-05
0.42 9.375315644e-06
0.43 -6.050776309e-06
0.44 -2.4935048144e-05
0.45 -3.3953995355e-05
0.46 -2.8879653178e-05
0.47 -1.6928440754e-05
0.48 -6.860925586e-06
0.49 -3.438255403e-06
0.5 -2.029433506e-06
0.51 -2.628228456e-06
0.52 -1.41925746e-05
0.53 -3.086915573e-05
0.54 -3.8534037444e-05
0.55 -3.9266390508e-05
0.56 -5.1363181253e-05
0.57 -8.8111879035e-05
0.58 -0.000133217495229
0.59 -0.000146524314292
0.6 -0.000100703733207
0.61 -9.385451806e-06
0.62 7.7472050699e-05
0.63 9.5659417128e-05
0.64 5.8665515034e-05
0.65 3.9135724288e-05
0.66 4.8886630277e-05
0.67 1.8113251774e-05
0.68 -9.7264562901e-05
0.69 -0.000247916288135
0.7 -0.000325178454791
0.71 -0.000281485196594
0.72 -0.000164102670102
0.73 -7.0203450635e-05
0.74 -3.7436530272e-05
0.75 -1.4182397283e-05
0.76 2.960954156e-05
0.77 6.5036033608e-05
0.78 5.7095269362e-05
0.79 9.794802348e-06
0.8 -2.8757843903e-05
0.81 -5.0816848117e-05
0.82 -0.000104984783421
0.83 -0.000218784109769
0.84 -0.000294047386017
0.85 -0.000268164182215
0.86 -0.00018386685586
0.87 -9.4802300619e-05
0.88 -4.9311583139e-05
0.89 -4.3679934256e-05
0.9 -1.47905488e-06
0.91 7.1464550744e-05
0.92 4.266852943e-05
0.93 -8.493021772e-05
0.94 -0.000131798274232
0.95 -0.000163142851033
0.96 -0.000390320200794
0.97 -0.000615299882252
0.98 -0.000607851306973
0.99 -0.00046471926866
1.0 -0.000314214798449
1.01 -0.000134848034129
1.02 8.5742246298e-05
1.03 0.000293909441921
1.04 0.000322958498643
1.05 0.000263164587419
1.06 8.8366717766e-05
1.07 -0.000176536090388
1.08 -0.000308317460059
1.09 -0.000252183499189
1.1 -0.000257335795731
1.11 -0.000282117480824
1.12 -0.000226759193313
1.13 -0.00030642373263
1.14 -0.000511489954766
1.15 -0.000387689331229
1.16 -2.0974476609e-05
1.17 0.00013766635805
1.18 0.000127714030355
1.19 0.000179912822468
1.2 0.000263526382362
1.21 0.000395009828439
1.22 0.000556281941214
1.23 0.000522223789815
1.24 0.000125805562865
1.25 -0.000397363950083
1.26 -0.000625191752486
1.27 -0.000436359886961
1.28 -0.000220470116613
1.29 -0.000184901933655
1.3 -0.000179104932619
1.31 9.4422190527e-05
1.32 0.000601766720894
1.33 0.000985378110378
1.34 0.000971022330949
1.35 0.000845265734849
1.36 0.000744311150942
1.37 0.000388057931012
1.38 -4.3427038157e-05
1.39 -0.000216771307201
1.4 -0.00016186922287
1.41 -0.000261571777815
1.42 -0.000426031905898
1.43 -0.000476755164316
1.44 -0.000491991250425
1.45 -0.000560780633515
1.46 -0.000624023928864
1.47 -0.000652484224426
1.48 -0.000650287252643
1.49 -0.000672180574348
1.5 -0.000621780704568
1.51 -0.000209901393179
1.52 0.000713305660321
1.53 0.000999982550716
1.54 0.000160327383293
1.55 -0.000318179294624
1.56 -0.000410897538702
1.57 -0.000759160338268
1.58 -0.001182218581626
1.59 -0.001555501584982
1.6 -0.001752296249405
1.61 -0.001665296148581
1.62 -0.001393882461754
1.63 -0.000878312532058
1.64 -0.000130141084331
1.65 0.000550964483804
1.66 0.001075752942361
1.67 0.001185291398807
1.68 0.000752475278882
1.69 0.000702850584424
1.7 0.001012740288512
1.71 0.001339104797978
1.72 0.000985610056367
1.73 0.0004182572969
1.74 -0.000526772413929
1.75 -0.001386112607115
1.76 -0.001353460693119
1.77 -0.000592827676494
1.78 -0.00044183327144
1.79 -0.000693475881731
1.8 -0.000664700777922
1.81 0.000533461920608
1.82 0.002028452988081
1.83 0.002633371547022
1.84 0.002345518652056
1.85 0.001698138065203
1.86 0.000378732657292
1.87 -0.001232103967794
1.88 -0.002159378760541
1.89 -0.002528331244672
1.9 -0.002388008421854
1.91 -0.002121308118392
1.92 -0.001844681267319
1.93 -0.001482755223267
1.94 -8.1490365875e-05
1.95 0.001677393547584
1.96 0.002101387796238
1.97 0.001558550251638
1.98 0.000672527848526
1.99 -4.7250898214e-05
2.0 -0.000470730898437
2.01 -0.000437188318901
2.02 -0.000160106033347
2.03 -7.3141522354e-05
2.04 -0.000187200143315
2.05 -0.000126371995403
2.06 0.000146439796378
2.07 0.000392113057376
2.08 0.000609163366934
2.09 0.000490498248138
2.1 -0.000119107249751
2.11 -0.000233431276268
2.12 0.000469774175475
2.13 0.00110775270033
2.14 0.001133154118526
2.15 0.001254406396982
2.16 0.001853252517515
2.17 0.002080259507883
2.18 0.001381928365477
2.19 0.000323349999494
2.2 -0.001172894015381
2.21 -0.002304298786707
2.22 -0.002184219371763
2.23 -0.001898736838665
2.24 -0.001764718187639
2.25 -0.001401835063224
2.26 0.000314589071485
2.27 0.001857107755946
2.28 0.001670100418388
2.29 0.001011477487299
2.3 0.000576339492892
2.31 -1.118197032e-05
2.32 -0.001125668696579
2.33 -0.00168920373625
2.34 -0.001812774852909
2.35 -0.001848238514189
2.36 -0.000977528592346
2.37 -0.000131800114007
2.38 5.4787780599e-05
2.39 9.5518188835e-05
2.4 0.00070008468274
2.41 0.000552011634088
2.42 -0.000449749182449
2.43 -0.000854663261746
2.44 -0.000277371637346
2.45 0.000752452000551
2.46 0.001443065250208
2.47 0.001811376884884
2.48 0.001930396495954
2.49 0.001812335767027
2.5 0.00171761700639
2.51 0.00120159099232
2.52 -0.000276139910192
2.53 -0.001903616518765
2.54 -0.003275082319112
2.55 -0.003619994120676
2.56 -0.003388416298358
2.57 -0.002264547359633
2.58 -0.000666516404664
2.59 0.000860134412562
2.6 0.002214867180131
2.61 0.002900465174206
2.62 0.002577031556018
2.63 0.002219364346301
2.64 0.001904407066773
2.65 0.000956737426224
2.66 -0.000751642814946
2.67 -0.002143084592084
2.68 -0.002691057250284
2.69 -0.003006827774968
2.7 -0.002723401727248
2.71 -0.001799493562935
2.72 1.2307228029e-05
2.73 0.001684677295754
2.74 0.003006924599799
2.75 0.003554684290295
2.76 0.003370714543885
2.77 0.003084201279639
2.78 0.00248396757395
2.79 0.00091470503195
2.8 -0.001529310499632
2.81 -0.003267221960399
2.82 -0.004004320674248
2.83 -0.004257350717267
2.84 -0.004368820657359
2.85 -0.003508002515061
2.86 -0.002002932015666
2.87 -0.000995276858627
2.88 -0.000439949297403
2.89 0.000165801400171
2.9 0.001360078029917
2.91 0.005432921859222
2.92 0.00615035011919
2.93 0.003091209884686
2.94 0.002525706085088
2.95 0.001527128250659
2.96 0.000786634601337
2.97 0.000554809995437
2.98 -0.000400324014733
2.99 -0.002696039898485
3.0 -0.007859668806242
3.01 -0.008801120287218
3.02 -0.006045089468729
3.03 -0.005204813128953
3.04 -0.002853420027899
3.05 0.000391600573744
3.06 0.003665472844948
3.07 0.005191822631241
3.08 0.004415943716466
3.09 0.003075466114777
3.1 0.000866009326547
3.11 -0.000693417215695
3.12 -0.002071258070109
3.13 -0.004289461766481
3.14 -0.007483851354622
3.15 -0.008369475877261
3.16 -0.006569489718389
3.17 -0.00557496977337
3.18 -0.00537482065049
3.19 -0.005273419283949
3.2 -0.003975351063467
3.21 -0.00269976270995
3.22 -0.002726581985184
3.23 -0.00325177503344
3.24 -0.003152389458459
3.25 0.002252163935425
3.26 0.004197846148831
3.27 0.001614471661762
3.28 0.001545482150957
3.29 0.001995544900356
3.3 0.00173792752265
3.31 -0.00243364629828
3.32 -0.008543834830526
3.33 -0.00936959063976
3.34 -0.004257383577585
3.35 -0.002216224971726
3.36 -0.005224347163723
3.37 -0.0016899422258
3.38 -0.002353624851635
3.39 -0.001329049227143
3.4 0.000701620509932
3.41 -0.000743722383132
3.42 -0.001628669212377
3.43 -0.002279812723087
3.44 -0.001634197131119
3.45 -0.002288007098892
3.46 -0.00411192094893
3.47 -0.005728028028939
3.48 -0.003734659671975
3.49 0.000634379706992
3.5 0.004305885663999
3.51 0.003783115065324
3.52 0.001119563832043
3.53 0.001401109770807
3.54 0.000448800389372
3.55 -4.2237310996e-05
3.56 0.000819913924736
3.57 -0.000624493493684
3.58 -0.000861502170664
3.59 0.000538925527944
3.6 0.000789355025604
3.61 -0.000268855496398
3.62 -0.001680199119426
3.63 -0.001071368948314
3.64 0.003299023005374
3.65 0.006033094691779
3.66 0.00469293076512
3.67 0.003513830471538
3.68 0.000399938767078
3.69 -0.005736970183924
3.7 -0.00491242687946
3.71 -0.002319005766215
3.72 -0.003208933930969
3.73 -0.00396941959081
3.74 -0.002289741210803
3.75 -0.000439218963055
3.76 0.005481749628844
3.77 0.011789599714604
3.78 0.00681616111966
3.79 0.006775323648548
3.8 0.008790697952524
3.81 0.006235692606556
3.82 0.005243510242665
3.83 0.003589008859749
3.84 0.001446515626155
3.85 0.001444068968825
3.86 0.002263305581588
3.87 0.002028587519865
3.88 0.001562394085427
3.89 0.001477909430195
3.9 0.001788806075671
3.91 0.002021763281929
3.92 0.005446909405403
3.93 0.004170788105696
3.94 0.005140574857587
3.95 0.00946974359562
3.96 0.006967831950711
3.97 0.009454535516414
3.98 0.007091590535802
3.99 0.008367937639869
4.0 0.006258967706261
4.01 0.005183576338044
4.02 -0.00170706161111
4.03 -0.004329897586452
4.04 -0.002854452187153
4.05 -0.001138690505726
4.06 -0.004137107626065
4.07 -0.004992312620792
4.08 0.00391485360475
4.09 0.017010120840649
4.1 0.012090906539486
4.11 0.008683864152235
4.12 0.01027962566347
4.13 0.007234001036561
4.14 0.004896175816271
4.15 0.00761199399711
4.16 0.003888132479555
4.17 0.001118922016673
4.18 -0.002106185642886
4.19 -0.011794747098668
4.2 -0.009452554989619
4.21 -0.007935765051558
4.22 -0.001611793212187
4.23 0.005333609742849
4.24 0.013632499722004
4.25 0.012417527104298
4.26 0.011141746612792
4.27 0.010564241438097
4.28 0.009687319670337
4.29 0.005780774406843
4.3 -0.002171552603521
4.31 -0.002198639658445
4.32 -0.002286617987047
4.33 -0.00704667530476
4.34 -0.00827464934321
4.35 -0.006782021555635
4.36 -0.005089912376917
4.37 -0.00279247280106
4.38 0.001427011857463
4.39 0.017649746455867
4.4 0.018535021768908
4.41 0.012795712495241
4.42 0.011581813016084
4.43 0.013382719741843
4.44 0.007301086337816
4.45 0.004359105149328
4.46 -0.000639777402874
4.47 -0.01473147955293
4.48 -0.011015476684462
4.49 -0.009285374155418
4.5 -0.006813636251822
4.51 -0.007840929581909
4.52 -0.00698882686084
4.53 -0.003914016776297
4.54 0.003052087639949
4.55 0.016601297736986
4.56 0.018206365396283
4.57 0.013258311832999
4.58 0.014352619626674
4.59 0.016670623700781
4.6 0.014921968397113
4.61 0.009934250550173
4.62 0.004623059856989
4.63 0.001088495652436
4.64 -0.001105918824244
4.65 -0.004355718655626
4.66 -0.011766894767793
4.67 -0.009182176317682
4.68 -0.00854284695598
4.69 -0.007989857732138
4.7 -0.00313209413211
4.71 0.001805426253599
4.72 -0.001304972010146
4.73 0.006805104876402
4.74 0.023417036626976
4.75 0.016320443261063
4.76 0.015566581642968
4.77 0.014499998146333
4.78 0.015511843223134
4.79 0.011552233705499
4.8 0.007663258103536
4.81 0.002809960104517
4.82 0.001340098320748
4.83 0.000942436849136
4.84 0.000331645893871
4.85 0.001917563225458
4.86 0.001777689480614
4.87 -0.000468651583326
4.88 -0.012971227018751
4.89 0.006058078802167
4.9 0.001877370446167
4.91 0.001658139148422
4.92 0.003061177239072
4.93 0.001990954448677
4.94 0.003304847919682
4.95 0.002575098342013
4.96 0.001169572678807
4.97 -0.000926184310899
4.98 -0.001861527577578
4.99 -0.001499857661637
5.0 0.000940916955159
5.01 0.009729290137814
5.02 0.023928055947156
5.03 0.009618664183629
5.04 0.01984119281144
5.05 0.01026717149082
5.06 0.014558044673518
5.07 0.014959768363423
5.08 0.014152100381867
5.09 0.013592731666267
5.1 0.011960682334318
5.11 0.010004148997138
5.12 0.008178643590118
5.13 0.005899035161822
5.14 0.000178327181679
5.15 -0.000804706135299
5.16 -0.000551247327573
5.17 0.000137793239011
5.18 0.001119415101536
5.19 0.00174631533628
5.2 0.002787750765191
5.21 0.005614011884961
5.22 0.013004153205861
5.23 0.009838463650683
5.24 0.015154220471538
5.25 0.008112980885541
5.26 0.013095434347232
5.27 0.009257439062055
5.28 0.011083037553419
5.29 0.007729537431346
5.3 0.008420859759118
5.31 0.007649781428397
5.32 0.004338108111158
5.33 0.008992238676216
5.34 0.003099416001169
5.35 0.007845411103707
5.36 0.005410145762279
5.37 0.006918703089286
5.38 0.007902299786662
5.39 0.002107116306758
5.4 0.00326770283437
5.41 0.000474572194959
5.42 -0.002936388436469
5.43 -0.001768809056982
5.44 -0.000472652801677
5.45 -0.000604982985992
5.46 -0.000853221033417
5.47 0.000237867693208
5.48 0.000689809413987
5.49 0.000343215058797
5.5 0.000190423410912
5.51 0.000129134782141
5.52 0.000392578181542
5.53 0.000741955235784
5.54 -3.8484772726e-05
5.55 -0.001483358257563
5.56 -0.002678503680344
5.57 -0.003880924840185
5.58 -0.00536397024173
5.59 -0.007674276022338
5.6 -0.009840908752833
5.61 -0.010948230657302
5.62 -0.011478253222848
5.63 -0.011754186187711
5.64 -0.011618068048964
5.65 -0.011198222049449
5.66 -0.010867811157093
5.67 -0.011255393512943
5.68 -0.011853723612788
5.69 -0.012628432892318
5.7 -0.012966256983229
5.71 -0.012983329983106
5.72 -0.006858025198728
5.73 -0.002877203935481
5.74 -0.012846921809937
5.75 -0.010708625953347
5.76 -0.014004561919135
5.77 -0.012591190740901
5.78 -0.010834858593983
5.79 -0.014012973788381
5.8 -0.014871922574011
5.81 -0.014072289197759
5.82 -0.014377663479788
5.83 -0.01415494883001
5.84 -0.014463926721761
5.85 -0.014054229997102
5.86 -0.012985043090705
5.87 -0.010103177107747
5.88 -0.009125679992982
5.89 -0.013627704738322
5.9 -0.016379877704306
5.91 -0.015473252799171
5.92 -0.016015241441257
5.93 -0.016453921424172
5.94 -0.01746804069752
5.95 -0.018319525750532
5.96 -0.01628419451165
5.97 -0.015666202833047
5.98 -0.014651025205194
5.99 -0.013363960200653
6.0 -0.013282597952366
6.01 -0.013291327290748
6.02 -0.012613126816049
6.03 -0.014847500182647
6.04 -0.014260593181767
6.05 -0.012745550159465
6.06 -0.014773533406634
6.07 -0.014235096995688
6.08 -0.019304302382749
6.09 -0.018286021677211
6.1 -0.021513370161482
6.11 -0.016297276923736
6.12 -0.018976770785962
6.13 -0.015441367264228
6.14 -0.017465146317383
6.15 -0.014347230329018
6.16 -0.011484084084327
6.17 -0.013632795770427
6.18 -0.013706611801266
6.19 -0.008547267956341
6.2 -0.005857219797462
6.21 -0.00645829418357
6.22 -0.006519880239844
6.23 -0.005724890399731
6.24 -0.005758802093183
6.25 -0.007523292448847
6.26 -0.008940051760897
6.27 -0.009192855049549
6.28 -0.009096050360836
6.29 -0.009018072170049
6.3 -0.008498271494735
6.31 -0.007146053622661
6.32 -0.006557916625393
6.33 -0.008773546155486
6.34 -0.006142730432815
6.35 -0.009658200978897
6.36 -0.005364771357155
6.37 -0.009348829379419
6.38 -0.00933350300789
6.39 -0.008336374327331
6.4 -0.009380543552862
6.41 -0.009127506161304
6.42 -0.008098626219324
6.43 -0.007904328697987
6.44 -0.006545264503539
6.45 -0.006215153658913
6.46 -0.005317137791084
6.47 0.000161259633606
6.48 0.002357935241664
6.49 0.00088338907509
6.5 -0.00115190053172
6.51 -0.000165441043713
6.52 0.00132863247571
6.53 0.000433880772478
6.54 -0.000678912956709
6.55 -0.000387244910508
6.56 0.000153596275969
6.57 0.001119805337983
6.58 0.002310294897106
6.59 0.002320327829955
6.6 0.001529216345967
6.61 0.001933894863576
6.62 0.00364511840789
6.63 0.004599926247429
6.64 0.006106087218833
6.65 0.007692948905529
6.66 0.004974232321001
6.67 0.006540290086212
6.68 0.004640006991053
6.69 0.004158179519173
6.7 0.004697849796839
6.71 0.005218932743447
6.72 0.005554959421839
6.73 0.008575001395398
6.74 0.007316898923001
6.75 0.008507851304904
6.76 0.007777251467503
6.77 0.007855447498737
6.78 0.009227092806363
6.79 0.009005188223432
6.8 0.008622139903314
6.81 0.009159499465418
6.82 0.009370271331769
6.83 0.006912960177864
6.84 0.006331352988564
6.85 0.00804882338828
6.86 0.009199702103309
6.87 0.008474115504054
6.88 0.00769897859481
6.89 0.007871262984683
6.9 0.009302725852627
6.91 0.012095675069025
6.92 0.015507664154061
6.93 0.012935115517868
6.94 0.014464597160503
6.95 0.015435343204655
6.96 0.019068085424633
6.97 0.015672100812036
6.98 0.016321833276692
6.99 0.012675328778463
7.0 0.017717197239055
7.01 0.016516196236856
7.02 0.017786605435431
7.03 0.015735412075134
7.04 0.017622292355876
7.05 0.016009887918016
7.06 0.0187067051124
7.07 0.017865873844152
7.08 0.017701023389564
7.09 0.015450772846134
7.1 0.015285116153101
7.11 0.013249780298302
7.12 0.012506210462808
7.13 0.012037349170088
7.14 0.008979847241406
7.15 0.009810222649522
7.16 0.009578869073451
7.17 0.009092376634769
7.18 0.010589535530348
7.19 0.008382383534491
7.2 0.007745554192988
7.21 0.006382931851693
7.22 0.0061028680089
7.23 0.007618449703788
7.24 0.005555212471219
7.25 0.007649140696222
7.26 0.005501779166365
7.27 0.004670230479363
7.28 0.00457533909711
7.29 -0.000825369734708
7.3 -0.002545870724394
7.31 -0.000948648184776
7.32 -1.48201305e-07
7.33 0.00040596756026
7.34 -0.000663355808
7.35 -0.003491021225817
7.36 -0.005073516121996
7.37 -0.004121617328817
7.38 -0.002212092510758
7.39 -0.001770236103004
7.4 -0.000524782384693
7.41 -0.001408237795753
7.42 -0.001062697483589
7.43 -6.6474461652e-05
7.44 0.001224678048003
7.45 0.002847257036134
7.46 0.00572825808405
7.47 0.009254258208981
7.48 0.012457964740652
7.49 0.014497325232585
7.5 0.015167667006213
7.51 0.015017060912711
7.52 0.014645385508862
7.53 0.008278478230804
7.54 0.008864277043128
7.55 0.012414860873727
7.56 0.011471812746246
7.57 0.009946111392
7.58 0.006709245111707
7.59 0.004061405913201
7.6 0.004010062719265
7.61 0.005961304101361
7.62 0.006957055212669
7.63 0.00728271708219
7.64 0.007212881084129
7.65 0.006580706783829
7.66 0.006596260584993
7.67 0.007179067996755
7.68 0.007140641196456
7.69 0.006514311624485
7.7 0.006043028162368
7.71 0.005036394393869
7.72 0.002977198423095
7.73 0.001444035786982
7.74 0.002483188298764
7.75 0.005382683437904
7.76 0.006670183055036
7.77 0.00270149345409
7.78 -0.008418490732578
7.79 -0.011985617777138
7.8 -0.013099980817961
7.81 -0.012241566521858
7.82 -0.01707085017777
7.83 -0.015623949253431
7.84 -0.017027402315893
7.85 -0.0150400246768
7.86 -0.014809130677498
7.87 -0.01574169498531
7.88 -0.013857464477473
7.89 -0.016001306323841
7.9 -0.012914935043372
7.91 -0.016089705515995
7.92 -0.013016282909246
7.93 -0.013462578442497
7.94 -0.015309971764122
7.95 -0.011546595752681
7.96 -0.011447802884005
7.97 -0.012012512038413
7.98 -0.01067058568706
7.99 -0.009907415885589
8.0 -0.009745297498741
8.01 -0.00997176260598
8.02 -0.011472784693519
8.03 -0.014109315623362
8.04 -0.016181944951935
8.05 -0.01334361170001
8.06 -0.011929361176332
8.07 -0.012323167145312
8.08 -0.010768307125846
8.09 -0.01060106637071
8.1 -0.014422974698658
8.11 -0.024909568794699
8.12 -0.01773038567685
8.13 -0.01570462146944
8.14 -0.014519634004093
8.15 -0.009071313619532
8.16 -0.012860057753222
8.17 -0.011445317482523
8.18 -0.010770807162687
8.19 -0.012926360374669
8.2 -0.011254503960719
8.21 -0.010214307421631
8.22 -0.009766340966462
8.23 -0.007569224803703
8.24 -0.006151580875661
8.25 -0.00634615275359
8.26 -0.006833100407189
8.27 -0.006448792039772
8.28 -0.005213661641082
8.29 -0.005312509506089
8.3 -0.005498838954138
8.31 -0.001639477659918
8.32 0.003258661935833
8.33 0.001329189460288
8.34 0.00326121217453
8.35 0.003079467735312
8.36 -0.000584171470045
8.37 0.000545908422747
8.38 -0.001057057706752
8.39 -0.00069776062112
8.4 -0.000314595918624
8.41 0.001581845611621
8.42 0.001078525287644
8.43 -0.000953629454542
8.44 -0.001402735214642
8.45 -0.002585646695381
8.46 -0.003894525581963
8.47 -0.003036646199371
8.48 -0.002163631648321
8.49 -0.000174557696645
8.5 0.001523931374271
8.51 0.002400088300282
8.52 0.002321303934624
8.53 0.001464843952283
8.54 0.000535460496862
8.55 -4.1009910515e-05
8.56 -0.002370083505294
8.57 -0.0051596269871
8.58 -0.005717403756064
8.59 -0.006352071156944
8.6 -0.01424247937985
8.61 -0.012681216045188
8.62 -0.017619324914786
8.63 -0.016065258068446
8.64 -0.025114616297404
8.65 -0.023645394323173
8.66 -0.020426976855386
8.67 -0.022139043134913
8.68 -0.02005966133619
8.69 -0.017684251046909
8.7 -0.010827613847387
8.71 -0.011654742666929
8.72 -0.012942933022412
8.73 -0.01191895185201
8.74 -0.011280592301897
8.75 -0.011558415777692
8.76 -0.010843788459777
8.77 -0.009152221664144
8.78 -0.00820471832411
8.79 -0.008930480201354
8.8 -0.010776688995111
8.81 -0.01295138328747
8.82 -0.014059733440667
8.83 -0.01345455266008
8.84 -0.012394895269185
8.85 -0.012055214282788
8.86 -0.012116797214674
8.87 -0.012163691305717
8.88 -0.011574728315216
8.89 -0.009220828664271
8.9 -0.004497421669446
8.91 0.002102039182395
8.92 0.008030849571969
8.93 0.011128911485878
8.94 0.009325585479385
8.95 0.014957714394667
8.96 0.014034544728964
8.97 0.016658625368724
8.98 0.019660127813568
8.99 0.011184236466434
9.0 0.014514703472749
9.01 0.014707312836823
9.02 0.009204756423309
9.03 0.008758818477745
9.04 0.005809009948757
9.05 0.003182144717796
9.06 0.004049497918731
9.07 0.004957624771907
9.08 0.006170715192744
9.09 0.007614307688447
9.1 0.007392346172584
9.11 0.006541657449539
9.12 0.006923082062645
9.13 0.007551277577684
9.14 0.007313402529371
9.15 0.006888231136066
9.16 0.007002270410285
9.17 0.007277098916994
9.18 0.006788904056387
9.19 0.0053585631284
9.2 0.003312122081409
9.21 0.000272609143982
9.22 -0.003544552137889
9.23 -0.00713804902174
9.24 -0.009079701707091
9.25 -0.008473058668999
9.26 -0.006993501533878
9.27 -0.006276457636604
9.28 -0.011134752748209
9.29 -0.002549648736644
9.3 0.001637294041994
9.31 -0.001335861039353
9.32 -0.004418333618978
9.33 -0.005850566716933
9.34 -0.006446318795787
9.35 -0.006315734733958
9.36 -0.007339222490883
9.37 -0.007759283023581
9.38 -0.010717260461283
9.39 -0.013522182948618
9.4 -0.014552363763993
9.41 -0.016047988012344
9.42 -0.017081681388586
9.43 -0.017629997163396
9.44 -0.017148582189803
9.45 -0.015778690710739
9.46 -0.014705206608716
9.47 -0.013960548992372
9.48 -0.014945091075486
9.49 -0.014063809069023
9.5 -0.007053743837589
9.51 -0.001219048025709
9.52 -0.002022792805387
9.53 -0.002310564287064
9.54 -0.002295679083143
9.55 -0.002882793702771
9.56 -0.001683593880191
9.57 -0.000220252566306
9.58 0.000145401497455
9.59 0.000484014194702
9.6 0.000508173717582
9.61 -0.000223241683942
9.62 -0.00109817286191
9.63 -0.002406300516733
9.64 -0.008247541734859
9.65 -0.002633656800901
9.66 -0.003165199919452
9.67 -0.000483038928208
9.68 0.000137487470579
9.69 -0.001219880790322
9.7 0.000419244691438
9.71 0.003998077025152
9.72 0.003200135798851
9.73 0.0033031941889
9.74 0.004519272034608
9.75 0.006812056790143
9.76 0.007589113985661
9.77 0.007651371883633
9.78 0.008448522363937
9.79 0.008718839562734
9.8 0.007711154225979
9.81 0.006599564812578
9.82 0.005711254002766
9.83 0.004760983169008
9.84 0.003997374107639
9.85 0.003466820554774
9.86 0.00364015687709
9.87 0.004143162611737
9.88 0.00357888524581
9.89 0.001809788765373
9.9 -0.00033192124696
9.91 -0.002109442006195
9.92 -0.003777500498824
9.93 -0.006279903941484
9.94 -0.010574791528054
9.95 -0.013488191678155
9.96 -0.014134708491055
9.97 -0.013710724028125
9.98 -0.013382281767531
9.99 -0.014974190450942
10.0 -0.0122376793535
10.01 -0.011471478207764
10.02 -0.008098771567751
10.03 -0.002010577737192
10.04 -0.001617085014054
10.05 0.001102450427955
10.06 -0.000804793601861
10.07 -0.004918902526861
10.08 -0.003256231186174
10.09 -0.003836521230689
10.1 -0.00637048128967
10.11 -0.007597992098104
10.12 -0.008062219487302
10.13 -0.008004410700059
10.14 -0.007635817277974
10.15 -0.005784858063189
10.16 -0.003400781454952
10.17 -0.003448778459122
10.18 -0.005686676993307
10.19 -0.006725383511449
10.2 -0.004339484599666
10.21 0.003390229967939
10.22 0.012898176673473
10.23 0.016576704346323
10.24 0.013848488750538
10.25 0.018433459110619
10.26 0.017823836199417
10.27 0.013797001206974
10.28 0.018011502781348
10.29 0.012653692113184
10.3 0.013632743222313
10.31 0.014023071863599
10.32 0.010635314507768
10.33 0.01338407331425
10.34 0.008984484062777
10.35 0.01152421344405
10.36 0.011052405346671
10.37 0.01781281644168
10.38 0.016357932184319
10.39 0.013399646174039
10.4 0.017998812480986
10.41 0.013407922777695
10.42 0.008997163150629
10.43 0.008292085662555
10.44 0.009516276457326
10.45 0.013578744918286
10.46 0.01507508052577
10.47 0.013805519125502
10.48 0.013918669009804
10.49 0.015787674473247
10.5 -0.001170224239348
10.51 0.008537071320517
10.52 -0.001675382636034
10.53 0.002038694020863
10.54 0.004705338076343
10.55 -0.008350161028971
10.56 0.00536429797525
10.57 0.001066261442493
10.58 0.007520884737408
10.59 0.007003173063738
10.6 0.00491811456938
10.61 0.006352470927791
10.62 0.002795632999182
10.63 0.007263263601207
10.64 0.009158496184038
10.65 0.006752372017314
10.66 0.006694867662907
10.67 0.005140429914034
10.68 0.002871921931387
10.69 0.001612559818797
10.7 0.000211474799829
10.71 -4.7066068412e-05
10.72 0.000894312483143
10.73 0.001667583002589
10.74 0.001687122587819
10.75 0.000784860588343
10.76 8.8527955844e-05
10.77 6.4778561725e-05
10.78 -0.000312587202761
10.79 0.0019719994375
10.8 0.004549108558844
10.81 0.003862611391749
10.82 0.006466389704486
10.83 0.00488112779352
10.84 0.004296826662721
10.85 0.003183500820428
10.86 0.000869749789407
10.87 0.003237271764546
10.88 0.001928142134716
10.89 0.002308325505564
10.9 0.000147752932393
10.91 -0.001755481330058
10.92 -0.003269887033353
10.93 -0.009051339653859
10.94 -0.007296941503764
10.95 -0.005433859259974
10.96 -0.006218000388198
10.97 -0.006475494057253
10.98 -0.007099842143355
10.99 -0.008541464427413
11.0 -0.00814577625196
11.01 -0.006705497570608
11.02 -0.005467735023637
11.03 -0.007243006229203
11.04 -0.006146725823526
11.05 -0.003144295165124
11.06 -0.00417649360814
11.07 -0.005178329775046
11.08 -0.003544880376339
11.09 -0.00395935258369
11.1 -0.00544653900667
11.11 -0.00328808972417
11.12 -0.000177616237122
11.13 -0.000442805061063
11.14 -0.001247591522528
11.15 0.000582881062469
11.16 0.001881827894161
11.17 0.0001815511583
11.18 -0.001341076131159
11.19 -0.001563877369262
11.2 0.000292308232886
11.21 0.000346454252279
11.22 0.001532085559761
11.23 0.001732868949248
11.24 0.001560495449584
11.25 0.00202933708925
11.26 0.004373118075408
11.27 0.006234073356281
11.28 0.00650071114016
11.29 0.006326453524679
11.3 0.008057588182995
11.31 0.009649657899203
11.32 0.00950695666215
11.33 0.00894036886992
11.34 0.009218239136142
11.35 0.00982518232703
11.36 0.008915696535049
11.37 0.006596191616073
11.38 0.004744643798808
11.39 0.004310000131876
11.4 0.003885565720018
11.41 -0.000528172481399
11.42 0.011941608366141
11.43 0.006534321610974
11.44 0.004191644782471
11.45 0.007602859135524
11.46 0.004407844622933
11.47 0.004712755357399
11.48 0.005615558858162
11.49 0.005351654692374
11.5 0.005474209172698
11.51 0.00379499502429
11.52 0.002132336768995
11.53 0.000730060313382
11.54 -0.000448203399771
11.55 -0.001067387448582
11.56 -0.000259967747922
11.57 0.000537880432457
11.58 0.001122595714615
11.59 0.001831831662698
11.6 0.002095894211479
11.61 0.002196015002613
11.62 0.002369539449924
11.63 0.002731496652311
11.64 0.001870432678436
11.65 0.000210465811596
11.66 0.000603277468035
11.67 0.003076403275688
11.68 0.005308833772123
11.69 0.006071516303689
11.7 0.006035047709286
11.71 0.006309672589917
11.72 0.009081339523497
11.73 0.013163201102036
11.74 0.015528752175354
11.75 0.01618899765376
11.76 0.016197770445658
11.77 0.016777361516524
11.78 0.017741606122272
11.79 0.018514357770552
11.8 0.018657669201042
11.81 0.018493848618906
11.82 0.018880503029844
11.83 0.019445822394637
11.84 0.020253622922674
11.85 0.019795215792392
11.86 0.014370006488583
11.87 0.020321039692827
11.88 0.019445158238538
11.89 0.018519696129055
11.9 0.019601820156117
11.91 0.01531410938338
11.92 0.018392335492393
11.93 0.018737053671751
11.94 0.019186299704325
11.95 0.021604724282539
11.96 0.020860406461095
11.97 0.019689803790136
11.98 0.020638588757842
11.99 0.021196843826434
12.0 0.021349816902084
12.01 0.022699869514174
12.02 0.024614442821914
12.03 0.025141832855265
12.04 0.02334306080574
12.05 0.017450807808979
12.06 0.012702858609673
12.07 0.017021883740364
12.08 0.006654324219739
12.09 0.013927760357479
12.1 0.008211687658291
12.11 0.01646274072156
12.12 0.015500733133551
12.13 0.012402123040073
12.14 0.014274637898433
12.15 0.010262355331788
12.16 0.011284754402483
12.17 0.014455409112341
12.18 0.012851131878375
12.19 0.013459269047969
12.2 0.013942857550532
12.21 0.012296669249555
12.22 0.011393333096946
12.23 0.010658734804052
12.24 0.008770607868117
12.25 0.007334420880062
12.26 0.006932176191864
12.27 0.007495052566739
12.28 0.007558366380312
12.29 0.005414923448907
12.3 0.002912956022597
12.31 0.00249521583393
12.32 0.003420150996184
12.33 0.003867867203733
12.34 0.003227608320467
12.35 0.001809345506227
12.36 0.002030214864986
12.37 0.003652113318267
12.38 0.005269395590376
12.39 0.006763926714133
12.4 0.011630301746201
12.41 0.006655124036756
12.42 0.012094097519567
12.43 0.006596728973099
12.44 0.00867038055503
12.45 0.011357244931698
12.46 0.005505235395806
12.47 0.010133307980927
12.48 0.00513893971079
12.49 0.007938954959208
12.5 0.009955267107895
12.51 0.00857396243316
12.52 0.006376226989969
12.53 0.001955005836398
12.54 -0.001668291223091
12.55 0.000106386383588
12.56 0.003065127574625
12.57 0.002443238933967
12.58 0.002063414876338
12.59 0.002709339698362
12.6 0.003304525512424
12.61 0.003659168965456
12.62 0.003817502953086
12.63 0.004123198207003
12.64 0.004279798969304
12.65 0.004405518646316
12.66 0.004133982533312
12.67 0.004024126616469
12.68 0.003852801320049
12.69 0.003330340608271
12.7 0.0026030026226
12.71 0.001259101179387
12.72 -0.00028890574177
12.73 -0.001375192629226
12.74 -0.001504034170424
12.75 -0.000894385924869
12.76 -0.000617281039268
12.77 -0.000558404730209
12.78 -0.000837570279693
12.79 -0.001769846294067
12.8 -0.002805112985815
12.81 -0.003109391958757
12.82 -0.00289958567017
12.83 -0.003243732315899
12.84 -0.004760646508403
12.85 -0.00509346455488
12.86 -0.00396274280336
12.87 -0.005082195805423
12.88 -0.004025570035554
12.89 -0.004985095661265
12.9 -0.004501288880781
12.91 -0.004758404567571
12.92 -0.006974585293343
12.93 -0.006032406165563
12.94 0.001415966970788
12.95 0.001840302497107
12.96 -0.001355369796282
12.97 -0.001984155595327
12.98 -0.000859474136582
12.99 -0.000525828476727
13.0 -0.00132305575083
13.01 -0.001788516519992
13.02 -0.002556424863468
13.03 -0.004798189297372
13.04 -0.008459125197279
13.05 -0.005572645778787
13.06 -0.006154348772124
13.07 -0.004592654593444
13.08 -0.002631057511313
13.09 0.001134894778929
13.1 0.003044087540202
13.11 0.001237076159342
13.12 0.000103214678275
13.13 3.8798196716e-05
13.14 0.000108480823698
13.15 -3.6957461315e-05
13.16 0.000199052140599
13.17 -0.000285754839905
13.18 -0.00135225695448
13.19 -0.003165753935628
13.2 -0.004650213113736
13.21 -0.004545827676893
13.22 -0.003820068502331
13.23 -0.003944630185548
13.24 -0.004619153884456
13.25 -0.005068158990837
13.26 -0.004966283251411
13.27 -0.005658694316154
13.28 -0.004251436021942
13.29 -0.004096698657106
13.3 -0.004701727103597
13.31 -0.004359707440356
13.32 -0.003340981531704
13.33 -0.00626448472186
13.34 -0.004319881780676
13.35 -0.005721924071448
13.36 -0.006035665829265
13.37 -0.007693502770071
13.38 -0.007498120505533
13.39 -0.007694661425547
13.4 -0.009071904867609
13.41 -0.009649834681605
13.42 -0.009029588875485
13.43 -0.008753164143817
13.44 -0.008940177999957
13.45 -0.00772805624879
13.46 -0.007118367842018
13.47 -0.006933031870179
13.48 -0.006793592748801
13.49 -0.00716655575353
13.5 -0.00679851432543
13.51 -0.006434700534581
13.52 -0.00640480651929
13.53 -0.006909817170077
13.54 -0.007016932365943
13.55 -0.006374478360189
13.56 -0.005439436149592
13.57 -0.0047354713008
13.58 -0.004502945883041
13.59 -0.004778946372717
13.6 -0.005591937817923
13.61 -0.00661285435949
13.62 -0.006538002603206
13.63 -0.007084498069573
13.64 -0.007584088260235
13.65 -0.008323073815674
13.66 -0.008968308793363
13.67 -0.009126095301584
13.68 -0.00946750119148
13.69 -0.010980385527295
13.7 -0.009233475322281
13.71 -0.011052510256448
13.72 -0.009277059372202
13.73 -0.008862385486351
13.74 -0.008636215987318
13.75 -0.009543973198964
13.76 -0.010102124787137
13.77 -0.010178551170862
13.78 -0.010837895874221
13.79 -0.010833729628484
13.8 -0.0116649061997
13.81 -0.011995345039391
13.82 -0.011995437686096
13.83 -0.010356761509341
13.84 -0.010591593666888
13.85 -0.010868429570162
13.86 -0.011826373679513
13.87 -0.011448175378411
13.88 -0.011517667153823
13.89 -0.009447956032543
13.9 -0.008016462011926
13.91 -0.009482451138953
13.92 -0.008211337718736
13.93 -0.00820063261884
13.94 -0.008032547733373
13.95 -0.007624560160491
13.96 -0.007230362429478
13.97 -0.007654449379286
13.98 -0.007713961804965
13.99 -0.007474194244476
14.0 -0.007162871577093
14.01 -0.00697771742849
14.02 -0.007019022930825
14.03 -0.007081641987656
14.04 -0.007238539111345
14.05 -0.007827706767316
14.06 -0.007925479820572
14.07 -0.007488927801537
14.08 -0.006628972009336
14.09 -0.005622044042424
14.1 -0.004796323588878
14.11 -0.004427997551133
14.12 -0.004664566101307
14.13 -0.005009035765733
14.14 -0.005071475913274
14.15 -0.005040779822913
14.16 -0.004888422410645
14.17 -0.004836522586775
14.18 -0.00523620843997
14.19 -0.005874807021325
14.2 -0.006689865219958
14.21 -0.007412995403305
14.22 -0.006122252394913
14.23 -0.006328794467599
14.24 -0.006264652874635
14.25 -0.005960702308607
14.26 -0.00524874235427
14.27 -0.005214756359275
14.28 -0.005841485362559
14.29 -9.2050998491e-05
14.3 0.002997894337421
14.31 -0.000458542000526
14.32 -0.0023505376564
14.33 -0.00118944290395
14.34 0.000365928505551
14.35 -0.000891649077322
14.36 -0.00110483954892
14.37 -0.000355952656798
14.38 -0.001094419817198
14.39 -0.002846049235128
14.4 -0.00445846243864
14.41 -0.006701998362584
14.42 -0.007099618278719
14.43 -0.005100810379013
14.44 -0.004756901622004
14.45 -0.002238139714648
14.46 -0.003199198059066
14.47 -0.003365936359652
14.48 -0.003416277678041
14.49 -0.002034646804811
14.5 -0.000438660884705
14.51 2.3622196984e-05
14.52 -0.000585503116723
14.53 -0.000756122447053
14.54 -0.000613451504686
14.55 -0.002536621444205
14.56 -0.005783305345458
14.57 -0.006318669195308
14.58 -0.006806889279591
14.59 -0.007006817829023
14.6 -0.007042049210853
14.61 -0.008269926150533
14.62 -0.008784197278306
14.63 -0.012038561979022
14.64 -0.01815057041347
14.65 -0.015177972144929
14.66 -0.013524126904999
14.67 -0.013797023450506
14.68 -0.013232403052231
14.69 -0.013350386453904
14.7 -0.013369856721235
14.71 -0.012201754318182
14.72 -0.012420724558399
14.73 -0.012730488503912
14.74 -0.011665336322906
14.75 -0.011498469125631
14.76 -0.012320307686796
14.77 -0.012071940747336
14.78 -0.01062188686503
14.79 -0.011012368741242
14.8 -0.017369486055772
14.81 -0.012883443095901
14.82 -0.013276221939908
14.83 -0.01379596861268
14.84 -0.014095816090122
14.85 -0.01600886433182
14.86 -0.01142299116139
14.87 -0.014194095973543
14.88 -0.011604550543037
14.89 -0.012331301430504
14.9 -0.012055707717404
14.91 -0.011969474610192
14.92 -0.011485234431597
14.93 -0.009937219858348
14.94 -0.00968272797414
14.95 -0.008457478293766
14.96 -0.008600456057712
14.97 -0.009243431332072
14.98 -0.010395277137916
14.99 -0.00974937364373
15.0 -0.008005976066071
15.01 -0.00707902306759
15.02 -0.007616893708484
15.03 -0.008303191088247
15.04 -0.008359105035661
15.05 -0.008154935071382
15.06 -0.008103329349488
15.07 -0.008221184619416
15.08 -0.008164863330025
15.09 -0.007983367386954
15.1 -0.007915315487069
15.11 -0.007770575625763
15.12 -0.007814059268777
15.13 -0.00810009336968
15.14 -0.007929316525777
15.15 -0.007545395741566
15.16 -0.007856291577252
15.17 -0.010097993242073
15.18 -0.008764322496775
15.19 -0.009573605932548
15.2 -0.009216649572547
15.21 -0.007881120729971
15.22 -0.009217478497605
15.23 -0.008643576609199
15.24 -0.007922269784582
15.25 -0.003358286860825
15.26 -0.000525450166873
15.27 -0.001824534966554
15.28 -0.004351311573545
15.29 -0.004084570811667
15.3 -0.003002872674874
15.31 -0.003740438193663
15.32 -0.004248490394758
15.33 -0.004115277965451
15.34 -0.004409977496582
15.35 -0.004689109777073
15.36 -0.004593676905866
15.37 -0.004425755749939
15.38 -0.004081835300653
15.39 -0.003659234454473
15.4 -0.004158533183343
15.41 -0.004374569482543
15.42 -0.004297913567951
15.43 -0.005951081002929
15.44 -0.006134629853656
15.45 -0.004969253181337
15.46 -0.004918522492379
15.47 -0.005127648173527
15.48 -0.005246163344443
15.49 -0.005035338561759
15.5 -0.004189425077198
15.51 -0.00321649413552
15.52 -0.00281523976338
15.53 -0.002520641815401
15.54 -0.002069682646452
15.55 -0.001607554103484
15.56 0.005237639460768
15.57 0.005157494880105
15.58 0.001694878157427
15.59 0.000945465702175
15.6 -3.8646689349e-05
15.61 -1.4417209331e-05
15.62 0.000796184660826
15.63 -1.0322131344e-05
15.64 -0.000134014603186
15.65 0.000800528737191
15.66 0.001894871366809
15.67 0.000608707233876
15.68 0.000307566159438
15.69 0.000946091156409
15.7 0.002837771254656
15.71 0.008003401630221
15.72 0.007498140458342
15.73 0.005386016248042
15.74 0.007279558861315
15.75 0.007226882114559
15.76 0.008757971235053
15.77 0.008080388569294
15.78 0.009397040486726
15.79 0.005585597416671
15.8 0.007594707893544
15.81 0.005056151546617
15.82 0.008867765592836
15.83 0.006644824452272
15.84 0.005201812575305
15.85 0.004692526795543
15.86 0.003180932965775
15.87 0.0034028871009
15.88 0.002204730022302
15.89 0.001982350536286
15.9 0.002475092977106
15.91 0.001730204662749
15.92 0.001897312850811
15.93 0.00275224410172
15.94 0.003334878288336
15.95 0.003260292476593
15.96 0.003446035169524
15.97 0.004136667233294
15.98 0.004856800539796
15.99 0.005136043880642
16.0 0.004527582935523
16.01 0.004096247753878
16.02 0.003571124359325
16.03 0.002981512000598
16.04 0.002426258946745
16.05 0.001800468550012
16.06 0.001278720138793
16.07 0.001177332022295
16.08 0.001749565104561
16.09 0.002360488775995
16.1 0.002210013769225
16.11 0.001437413533269
16.12 0.00070452564154
16.13 0.006100749003319
16.14 0.007370046649747
16.15 0.004571726448462
16.16 0.010438048486074
16.17 0.003859271156611
16.18 0.009698521060533
16.19 0.004057129770969
16.2 0.007104266960361
16.21 0.005692178404313
16.22 0.005293193368468
16.23 0.002702171695405
16.24 -0.000727535499301
16.25 -0.002117235115502
16.26 -0.001394320538555
16.27 0.000387873357832
16.28 0.000325134701037
16.29 0.001445878222021
16.3 0.004150800402535
16.31 0.008859284943221
16.32 0.015035501589776
16.33 0.010738179058149
16.34 0.009470507242564
16.35 0.011478143547201
16.36 0.011979037047793
16.37 0.010205042988036
16.38 0.007151018013514
16.39 0.004956391571311
16.4 0.004016048326836
16.41 0.005023443214728
16.42 0.005264199901519
16.43 0.004287089078233
16.44 0.005281021686256
16.45 0.006713922188197
16.46 0.006761770814379
16.47 0.009086501323523
16.48 0.014310905307675
16.49 0.007415936789082
16.5 0.011414608951926
16.51 0.013059045493714
16.52 0.012275111697013
16.53 0.007515260016719
16.54 0.007612131521865
16.55 0.009373282926971
16.56 0.009761657481596
16.57 0.010054034747139
16.58 0.008354143628733
16.59 0.008782513152961
16.6 0.00543525212508
16.61 0.005585271163989
16.62 0.00653949610539
16.63 0.006495843743216
16.64 0.005518104269786
16.65 0.007952908589961
16.66 0.007076296683382
16.67 0.006591302610834
16.68 0.005599997875814
16.69 0.00508413474817
16.7 0.006525826020035
16.71 0.006242976842875
16.72 0.006776080120387
16.73 0.005864150841611
16.74 0.00508317290334
16.75 0.00470219647246
16.76 0.004436552174422
16.77 0.004525007379321
16.78 0.004281518174796
16.79 0.003118445469633
16.8 0.002975741546055
16.81 0.004029832087659
16.82 0.004383498864533
16.83 0.00348301632526
16.84 0.003186360887655
16.85 0.004272545301373
16.86 0.003489435327782
16.87 0.004005372406347
16.88 0.005636541833678
16.89 0.005524766165706
16.9 0.006521313499833
16.91 0.005530087981781
16.92 0.005529287555902
16.93 0.007383715465948
16.94 0.005357763672604
16.95 0.005312670940768
16.96 0.006149638282373
16.97 0.005867169335381
16.98 0.00393883945416
16.99 -0.000421167002627
17.0 -0.002815667255413
17.01 -0.001976608562593
17.02 0.00070066383985
17.03 -0.000183923510342
17.04 -0.001402442299822
17.05 -0.000205841985247
17.06 0.001376999808937
17.07 0.002064162571501
17.08 0.002360895015913
17.09 0.003695197140051
17.1 0.009437231598522
17.11 0.012166741519314
17.12 0.006299989429044
17.13 0.009795941672711
17.14 0.006862328064944
17.15 0.003375689574776
17.16 0.003067375108235
17.17 0.003829950175483
17.18 0.003142038028373
17.19 0.003178832754742
17.2 0.002920783389262
17.21 0.002075265733183
17.22 0.002951813006421
17.23 0.00319186045371
17.24 0.003847748776352
17.25 0.004387158057726
17.26 0.004330668732194
17.27 0.008594224707428
17.28 0.005647156155171
17.29 0.00838929033499
17.3 0.005315014516378
17.31 0.005183151237638
17.32 0.003497336198431
17.33 0.003994268155512
17.34 0.004742315490536
17.35 0.001627230945299
17.36 0.004555331654904
17.37 0.000821979042246
17.38 0.00230570191436
17.39 0.001014753088568
17.4 0.001711847987229
17.41 0.002022815010963
17.42 0.00118412306499
17.43 0.000631139232171
17.44 -0.000803524920411
17.45 0.001080740664082
17.46 -1.4323930645e-05
17.47 -0.001405127184569
17.48 -0.001312293878298
17.49 -0.002316223141675
17.5 -0.00195037127894
17.51 -0.001904025704048
17.52 -0.002310375297134
17.53 -0.002654029111925
17.54 -0.002457380737686
17.55 -0.002889315887777
17.56 -0.003228422149085
17.57 -0.003653028789264
17.58 -0.003782356516392
17.59 -0.003619651661482
17.6 -0.003409003028953
17.61 -0.002091952048882
17.62 -0.001355596960267
17.63 -0.00183069265572
17.64 -0.001451138628638
17.65 -0.00072823436394
17.66 -0.001327576506134
17.67 -0.001836682576218
17.68 -0.00155202637388
17.69 -0.001471075546588
17.7 -0.001451184197396
17.71 -0.001704132948366
17.72 -0.002060127696537
17.73 -0.00219220181614
17.74 -0.002275277459642
17.75 -0.002524566729157
17.76 -0.002985402235194
17.77 -0.003554207650973
17.78 -0.003596245195024
17.79 -0.00329158491591
17.8 -0.003871397904999
17.81 -0.00593686526857
17.82 -0.006625549230311
17.83 -0.005345380452537
17.84 -0.007458324615091
17.85 -0.004985959565006
17.86 -0.005867843596001
17.87 -0.00499539231516
17.88 -0.004945958285018
17.89 -0.003706029020939
17.9 -0.000529325581809
17.91 0.003685016299606
17.92 0.005256965158771
17.93 0.003749112150608
17.94 0.002006680075738
17.95 0.002166941078145
17.96 0.002297776405775
17.97 0.0013625462793
17.98 0.00019079956167
17.99 -0.000349124289619
18.0 -9.3558470574e-05
18.01 0.000415244749137
18.02 0.000708247254633
18.03 0.000284975531628
18.04 -0.000164160456245
18.05 0.000583436853898
18.06 0.004403037269412
18.07 0.012690732309902
18.08 0.007264644966703
18.09 0.012403005808282
18.1 0.007719335522174
18.11 0.010434127677611
18.12 0.010929503531655
18.13 0.004594567673554
18.14 0.00534853635544
18.15 -0.000428450973723
18.16 0.003355017134926
18.17 0.002453515253816
18.18 0.002714520582603
18.19 0.003714867447546
18.2 0.00357387045573
18.21 0.00532416877131
18.22 0.007328332884045
18.23 0.009272428607909
18.24 0.010459517626523
18.25 0.009866104561619
18.26 0.009836795343395
18.27 0.01022980351409
18.28 0.00930370345131
18.29 0.007003183331723
18.3 0.005843967648974
18.31 0.004566287327609
18.32 0.003763904688343
18.33 0.004454595208157
18.34 0.004419016174726
18.35 0.004084860229504
18.36 0.005106641202925
18.37 0.006521794027279
18.38 0.006476544178823
18.39 0.006374341262135
18.4 0.006288640930815
18.41 0.005927378212797
18.42 0.005459967945446
18.43 0.004702047840029
18.44 0.006165911800038
18.45 0.006136794230612
18.46 0.005734553325663
18.47 0.006418912104649
18.48 0.005338302089197
18.49 0.006268520418504
18.5 0.005079618934931
18.51 0.006079449468852
18.52 0.007053791361211
18.53 0.007183821161941
18.54 0.007010290533798
18.55 0.007575148562367
18.56 0.007669818271514
18.57 0.007515617640678
18.58 0.00678986503449
18.59 0.006700519426578
18.6 0.006858150179986
18.61 0.006001964545821
18.62 0.005399958388033
18.63 0.005794704042564
18.64 0.00622623510193
18.65 0.00564354793145
18.66 0.00218969439094
18.67 -0.003276103323815
18.68 -0.003652692883774
18.69 -0.0007389255055
18.7 0.001023271315111
18.71 -0.000268188344465
18.72 0.000579100065936
18.73 0.003657179339853
18.74 0.010407521189958
18.75 0.004671012240323
18.76 0.003523010188628
18.77 0.005205241836964
18.78 0.003032410687179
18.79 0.001916505496722
18.8 0.000120502678316
18.81 -0.002272213294583
18.82 -0.005390696868135
18.83 -0.005971543501962
18.84 -0.006517355682749
18.85 -0.005492766007006
18.86 -0.005031408629769
18.87 -0.005210559001903
18.88 -0.004251034564251
18.89 -0.001423627360653
18.9 -0.00035654767071
18.91 -0.000650426184668
18.92 -0.001208981782659
18.93 -0.000938348130639
18.94 -5.3726480254e-05
18.95 -0.000424115400618
18.96 -0.001336993452794
18.97 -0.001652921584148
18.98 -0.001932170319667
18.99 -0.0036177286194
19.0 -0.003504400973584
19.01 -0.00342925919049
19.02 -0.003117606524625
19.03 -0.002817331043095
19.04 -0.003236912085387
19.05 -0.004049456853845
19.06 -0.00437605435864
19.07 -0.003915874243018
19.08 -0.003535997363748
19.09 -0.003904885452158
19.1 -0.003721418720005
19.11 -0.003797543626834
19.12 -0.004618375676545
19.13 -0.004579933636538
19.14 -0.004517029775208
19.15 -0.005030969602052
19.16 -0.005129665681143
19.17 -0.00555628422827
19.18 -0.006377556821921
19.19 -0.008465374592974
19.2 -0.005871436404574
19.21 -0.007308158394654
19.22 -0.006342896391806
19.23 -0.00685818009091
19.24 -0.003604088608983
19.25 0.000289476976647
19.26 0.000107475834931
19.27 -0.002410353516652
19.28 -0.003535937529753
19.29 -0.001518321098022
19.3 -0.00190775649928
19.31 -0.004792177716645
19.32 -0.009534422162865
19.33 -0.012690304229656
19.34 -0.008085717386687
19.35 -0.00791342205087
19.36 -0.008253449699923
19.37 -0.005183261456155
19.38 -0.003050335630584
19.39 -0.000786768321201
19.4 -0.000252840947405
19.41 -3.941368539e-06
19.42 0.00139785715903
19.43 0.000925939494862
19.44 3.3407682884e-05
19.45 -0.000383789535151
19.46 -0.000438948982724
19.47 0.000264822721666
19.48 -0.002262808828699
19.49 -0.006695305922353
19.5 -0.001742399665091
19.51 -0.00399116909791
19.52 -0.003655292815251
19.53 -0.000666233906218
19.54 -0.001148429580831
19.55 -0.001705536809557
19.56 0.00069815281509
19.57 -0.000444698567615
19.58 -0.00131773878683
19.59 0.0010987043894
19.6 -0.000701126443657
19.61 -0.000337247184179
19.62 -0.001553956465563
19.63 0.000398400632829
19.64 0.000517440308532
19.65 0.001563137887912
19.66 0.005439103733492
19.67 0.007115438179
19.68 0.007189711043811
19.69 0.00590272791615
19.7 0.005054946464428
19.71 0.005288303137896
19.72 0.005639656116459
19.73 0.006101056826355
19.74 0.00641326871156
19.75 0.006120236643342
19.76 0.004360348834617
19.77 0.004738628827784
19.78 0.005294279104694
19.79 0.004636171553106
19.8 0.005822908580656
19.81 0.007131722235553
19.82 0.009940560711302
19.83 0.010793494893003
19.84 0.008746074685531
19.85 0.009921116108417
19.86 0.009178543868746
19.87 0.00935018373335
19.88 0.009814810705054
19.89 0.009778742308746
19.9 0.008048614112986
19.91 0.007026162744477
19.92 0.006614244875922
19.93 0.005433780098578
19.94 0.005198611514224
19.95 0.004801975514719
19.96 0.004442171969085
19.97 0.005344080478232
19.98 0.006204540083657
19.99 0.005761092446502
20.0 0.004169168045025
20.01 0.007042624400462
20.02 0.006156318896181
20.03 0.006637332640748
20.04 0.007297814938871
20.05 0.005181330618969
20.06 0.006263709460982
20.07 0.004520627349441
20.08 0.005392588429329
20.09 0.004824456454429
20.1 0.004448933525442
20.11 0.004233271191964
20.12 0.003274187150555
20.13 0.002779863250294
20.14 0.00026271041102
20.15 -0.000846018057752
20.16 -0.00138034490822
20.17 -0.00120782795757
20.18 -0.000678120594565
20.19 -0.000372527608619
20.2 -0.000212367600079
20.21 6.3479615325e-05
20.22 -0.000102383328196
20.23 -0.000395875252225
20.24 -0.000189084821658
20.25 7.2704998296e-05
20.26 1.255244509e-06
20.27 -0.000204232229155
20.28 -0.00060283925139
20.29 -0.000988065674966
20.3 -0.001648693410917
20.31 -0.00290128704298
20.32 -0.003886278204511
20.33 -0.004369980845235
20.34 -0.004602839626411
20.35 -0.004639535239139
20.36 -0.004697243867184
20.37 -0.004685883701445
20.38 -0.004597710800487
20.39 -0.005573484263384
20.4 -0.007162184698097
20.41 -0.005097254624652
20.42 -0.006403304406778
20.43 -0.00544266975457
20.44 -0.005729890422695
20.45 -0.005794294259437
20.46 -0.005446559003219
20.47 -0.005348270755102
20.48 -0.004625470135749
20.49 -0.000316053310622
20.5 -0.001123665823803
20.51 -0.004454009064981
20.52 -0.00607516741799
20.53 -0.00454512318767
20.54 -0.003363766679227
20.55 -0.003818810876585
20.56 -0.00460053211993
20.57 -0.004976350644103
20.58 -0.005042988745994
20.59 -0.005355024684619
20.6 -0.005570116939167
20.61 -0.005371737447539
20.62 -0.004870992439321
20.63 -0.003842636087494
20.64 -0.00265591466723
20.65 -0.003460258952211
20.66 -0.00505889215159
20.67 -0.006033460190896
20.68 -0.005023481452984
20.69 -0.004091471678034
20.7 -0.003887928232097
20.71 -0.004510676193875
20.72 -0.005045399475817
20.73 -0.004715091002193
20.74 -0.004326490939368
20.75 -0.004165978709355
20.76 -0.004467949808253
20.77 -0.004605830538076
20.78 -0.004845932715679
20.79 -0.004978247400481
20.8 -0.004802261529221
20.81 -0.004662042052362
20.82 -0.005158101303595
20.83 -0.00599197092111
20.84 -0.005779699924555
20.85 -0.004695068838497
20.86 -0.004087439353632
20.87 -0.004691443256311
20.88 -0.004801716508382
20.89 -0.004477073437159
20.9 -0.004348900512245
20.91 -0.004963601745057
20.92 -0.005500653760673
20.93 -0.005653892776873
20.94 -0.005505684492903
20.95 -0.005365489985869
20.96 -0.0053163892475
20.97 -0.005772797916671
20.98 -0.005691907983509
20.99 -0.005566664875898
21.0 -0.004904689189272
21.01 -0.004965900241722
21.02 -0.004873480749313
21.03 -0.004332989984272
21.04 -0.004210430639702
21.05 -0.004353947609156
21.06 -0.004254690688075
21.07 -0.004293399969359
21.08 -0.005738336877118
21.09 -0.005641175692694
21.1 -0.006024921432058
21.11 -0.006844587642173
21.12 -0.005962027128311
21.13 -0.007047231037458
21.14 -0.006536659707488
21.15 -0.006127574140599
21.16 -0.00620019680193
21.17 -0.00598851103633
21.18 -0.005918593354176
21.19 -0.005917530904195
21.2 -0.00561648564277
21.21 -0.004607259573722
21.22 -0.004912145805787
21.23 -0.006655948957407
21.24 -0.005853804355766
21.25 -0.006728430391425
21.26 -0.006743070073358
21.27 -0.006425388766518
21.28 -0.00513787230699
21.29 -0.004685080588223
21.3 -0.004510702801374
21.31 -0.004360448892172
21.32 -0.004059717700897
21.33 -0.00381621078044
21.34 -0.003500192682248
21.35 -0.002410845287166
21.36 -0.0021412145694
21.37 -0.002870673797919
21.38 -0.003276394574097
21.39 -0.003189838184452
21.4 -0.002737911259011
21.41 -0.003054123778538
21.42 -0.003157544403939
21.43 -0.00208105385333
21.44 -0.002678167659876
21.45 -0.002872276429749
21.46 -0.002308406524023
21.47 -0.001564514106971
21.48 -0.001999411158795
21.49 -0.001642029433016
21.5 -0.001358899560699
21.51 -0.001450661112958
21.52 -0.00169203626928
21.53 -0.001753136535901
21.54 -0.000675881746315
21.55 0.000351999985393
21.56 0.001593526614879
21.57 0.001159475374894
21.58 0.001629802736223
21.59 0.002287684495688
21.6 0.002515246570433
21.61 0.002235955841009
21.62 0.002000727379378
21.63 0.002537995764205
21.64 0.002388083047268
21.65 0.001765335167296
21.66 0.002048121369068
21.67 0.002804735767503
21.68 0.003063114695385
21.69 0.003258293195019
21.7 0.004258617487386
21.71 0.004864716707204
21.72 0.005536262782844
21.73 0.006274055828278
21.74 0.006924298851553
21.75 0.007319893032045
21.76 0.007992782358297
21.77 0.008567481608234
21.78 0.007073955399305
21.79 0.007876192408429
21.8 0.007228364597702
21.81 0.006901385600009
21.82 0.007313858898774
21.83 0.00470401690921
21.84 0.004390290241414
21.85 0.0037873335304
21.86 0.005506458564605
21.87 0.005742945668794
21.88 0.005285029844841
21.89 0.005804678893402
21.9 0.005937088246328
21.91 0.006342648070643
21.92 0.00579627411315
21.93 0.005445881562818
21.94 0.00535365754333
21.95 0.004835177004476
21.96 0.004275324506881
21.97 0.003374981197768
21.98 0.003269903160973
21.99 0.003538378378157
22.0 0.003519711392456
22.01 0.003863610601845
22.02 0.004219774758239
22.03 0.004286973614224
22.04 0.004853284583595
22.05 0.004449644083347
22.06 0.004373384961267
22.07 0.004473108187665
22.08 0.005058248789279
22.09 0.004646028379999
22.1 0.003018659023802
22.11 0.002243610769502
22.12 0.003790845927789
22.13 0.003639139900064
22.14 0.00508127567352
22.15 0.004462714353738
22.16 0.004791320260927
22.17 0.004877240347112
22.18 0.005006957888412
22.19 0.003887972959596
22.2 0.000889660477322
22.21 -0.00207527435983
22.22 -0.001307046604899
22.23 0.000718612721451
22.24 0.000782717276417
22.25 -0.000345043173934
22.26 -0.001417549585783
22.27 -0.001566075710677
22.28 -0.000553870769226
22.29 0.000283168562506
22.3 0.001456742195864
22.31 0.008342860304158
22.32 0.005109096609457
22.33 0.002193358530461
22.34 0.004764857171852
22.35 0.002750330111294
22.36 0.000701572930267
22.37 0.00026920704382
22.38 7.1620949378e-05
22.39 8.3031140539e-05
22.4 -0.000101299001717
22.41 -0.001163347087627
22.42 -0.00269677774653
22.43 -0.003975023271632
22.44 -0.004641872286978
22.45 -0.004551920162087
22.46 -0.004358045608468
22.47 -0.004929340994274
22.48 -0.004419192691967
22.49 -0.0042746019005
22.5 -0.004308968371117
22.51 -0.002722686739724
22.52 -0.002917921828759
22.53 -0.003550849134889
22.54 -0.002257881808442
22.55 -0.001663966424321
22.56 -0.001615270606021
22.57 -0.001284128750576
22.58 -0.0015935693182
22.59 -0.00258996326443
22.6 -0.004028893896094
22.61 -0.005382758433607
22.62 -0.006230193405608
22.63 -0.007234104335912
22.64 -0.009571421240765
22.65 -0.007944346128343
22.66 -0.00849635962135
22.67 -0.008996005786169
22.68 -0.008177437024552
22.69 -0.007954433250408
22.7 -0.008066582374753
22.71 -0.007797785678837
22.72 -0.00722532403394
22.73 -0.006642505741226
22.74 -0.006397277362351
22.75 -0.006276943598689
22.76 -0.005909837841582
22.77 -0.006212050600718
22.78 -0.00717499503771
22.79 -0.00791234902549
22.8 -0.007813116215907
22.81 -0.007567931768405
22.82 -0.007462654843747
22.83 -0.007535810351798
22.84 -0.007514098294872
22.85 -0.007326900302641
22.86 -0.007102601958908
22.87 -0.006901326434714
22.88 -0.006500469004282
22.89 -0.005929016271425
22.9 -0.005855106251308
22.91 -0.006318556606624
22.92 -0.006557369755467
22.93 -0.006451991301542
22.94 -0.006445852937644
22.95 -0.00715211715982
22.96 -0.006760465376269
22.97 -0.007406293155407
22.98 -0.006915266351603
22.99 -0.006786068654087
23.0 -0.006390610473491
23.01 -0.00607290745552
23.02 -0.00601194491803
23.03 -0.005937677906428
23.04 -0.005967598302813
23.05 -0.005522880105029
23.06 -0.005102344748037
23.07 -0.004702397567367
23.08 -0.004232456759518
23.09 -0.004507751898411
23.1 -0.004607922034147
23.11 -0.004724271946516
23.12 -0.003268923752313
23.13 -0.002424179378486
23.14 -0.002037651388367
23.15 -0.001253620099546
23.16 -0.001939752951239
23.17 -0.00193043080303
23.18 -0.00133275797688
23.19 -0.001487588739272
23.2 -0.000683101397494
23.21 -0.000782377031198
23.22 -0.001128914247498
23.23 -0.00093376474009
23.24 -0.00119544552532
23.25 -0.000949871537134
23.26 -0.000284975329252
23.27 0.000564321885992
23.28 0.001754555887462
23.29 0.002397871476244
23.3 0.002916263336457
23.31 0.003561036915094
23.32 0.003918163818639
23.33 0.004004065112326
23.34 0.004121424671848
23.35 0.004228678340302
23.36 0.004003306209476
23.37 0.003706888135717
23.38 0.003653080185068
23.39 0.003468884029527
23.4 0.00308717826676
23.41 0.002950856139348
23.42 0.003067703979894
23.43 0.003094683887679
23.44 0.003170501971612
23.45 0.003516021478436
23.46 0.003985585092157
23.47 0.004287655581119
23.48 0.004493225873218
23.49 0.004949366027576
23.5 0.005599228878068
23.51 0.005960600868296
23.52 0.005948697456097
23.53 0.006081080449526
23.54 0.006312401871367
23.55 0.006244339098693
23.56 0.006161844075596
23.57 0.006315209712105
23.58 0.006351558360967
23.59 0.00619460317732
23.6 0.006086675518099
23.61 0.006130425931719
23.62 0.006097060196686
23.63 0.005976827709667
23.64 0.005954121143213
23.65 0.005940274075514
23.66 0.005765280730984
23.67 0.005640089739168
23.68 0.005699049497437
23.69 0.005789849325792
23.7 0.005846353776726
23.71 0.00600768514927
23.72 0.005989002795757
23.73 0.005826158730628
23.74 0.005710276953555
23.75 0.004801644824998
23.76 0.004063922264251
23.77 0.003586579096393
23.78 0.003254552148344
23.79 0.002894870237608
23.8 0.003085490738537
23.81 0.003427191032094
23.82 0.004031695450837
23.83 0.004555399210047
23.84 0.004366430874527
23.85 0.004112870847443
23.86 0.00429416866929
23.87 0.004653171179667
23.88 0.004597463718193
23.89 0.00391312385423
23.9 0.00304432227833
23.91 0.002692534336036
23.92 0.002875728587359
23.93 0.00197309216898
23.94 0.001845366900123
23.95 0.001910834273123
23.96 0.002152764476662
23.97 0.002473797084915
23.98 0.002839751680358
23.99 0.003608623715328
24.0 0.003395239960212
24.01 0.003087549442651
24.02 0.003290678483348
24.03 0.003008669696169
24.04 0.002165837031081
24.05 0.001263475072344
24.06 0.000704317607774
24.07 0.000506541661482
24.08 0.000615316440294
24.09 -0.000187763804005
24.1 -0.001511319693512
24.11 -0.002032531901054
24.12 -0.000958916458591
24.13 0.003874339080083
24.14 0.00774952325995
24.15 0.00208504996782
24.16 0.003187169568821
24.17 0.003492060255911
24.18 0.000821881627549
24.19 0.000285583338056
24.2 -0.001415422056424
24.21 -0.002780132356043
24.22 -0.001736074556339
24.23 -0.001601998720686
24.24 -0.002518446281089
24.25 -0.003469430794556
24.26 -0.004206991548162
24.27 -0.003423022997121
24.28 -0.002129828749692
24.29 -0.000225181196871
24.3 -0.000990191341438
24.31 -0.002570865774977
24.32 -0.002444348454902
24.33 -0.002193135196705
24.34 -0.002689756405626
24.35 -0.003766646010805
24.36 -0.004521058963356
24.37 -0.004445942393316
24.38 -0.004367986199157
24.39 -0.004289237107589
24.4 -0.004199321664258
24.41 -0.004778966385194
24.42 -0.00522997996581
24.43 -0.004778130252842
24.44 -0.004552868467049
24.45 -0.004981269784043
24.46 -0.005168962742139
24.47 -0.005065325602684
24.48 -0.005035531715012
24.49 -0.005060683819697
24.5 -0.005219666333605
24.51 -0.005503656250214
24.52 -0.005463323356353
24.53 -0.005451688828043
24.54 -0.005102012131426
24.55 -0.005224546045601
24.56 -0.004871472378101
24.57 -0.004811732398836
24.58 -0.004900476369347
24.59 -0.004596017240352
24.6 -0.004558249470005
24.61 -0.004517057719541
24.62 -0.004773550606849
24.63 -0.004684891862273
24.64 -0.004521385401504
24.65 -0.004329081587034
24.66 -0.004349062773669
24.67 -0.00447644456495
24.68 -0.004489874384591
24.69 -0.004525866143407
24.7 -0.004388989710255
24.71 -0.004359016584427
24.72 -0.004441458541305
24.73 -0.004527929009855
24.74 -0.004376131890006
24.75 -0.004270116107583
24.76 -0.004428965087908
24.77 -0.004455542421675
24.78 -0.004156547136686
24.79 -0.004155090045719
24.8 -0.004536632175433
24.81 -0.004579091043822
24.82 -0.004466698999871
24.83 -0.004474412021933
24.84 -0.004673100243778
24.85 -0.004969649077412
24.86 -0.002827212283983
24.87 -0.000201016598857
24.88 0.0007488653792
24.89 -0.00011849236428
24.9 -0.00049681847151
24.91 -0.000265564129665
24.92 -0.000403944352753
24.93 -9.0121095483e-05
24.94 4.1751909496e-05
 
 
 
 
 
 
 
 
 
 
 
 
 
 
 
 
 
 
 
 
 
 
 
 
 
 
 
 
 
 
 
 
 
 
 
 
 
 
 
 
 
 
 
 
 
 
 
 
 
 
 
 
 
 
 
 
 
 
 
 
 
 
 
 
 
 
 
 
 
 
 
 
 
 
 
 
 
 
 
 
 
 
 
 
 
 
 
 
 
 
 
 
 
 
 
 
 
 
 
 
 
 
 
 
 
 
 
 
 
 
 
 
 
 
 
 
 
 
 
 
 
 
 
 
 
 
 
 
 
 
 
 
 
 
 
 
 
 
 
 
 
 
 
 
 
 
 
 
 
 
 
 
 
 
 
 
 
 
 
 
 
 
 
 
 
 
 
 
 
 
 
 
 
 
 
 
 
 
 
 
 
 
 
 
 
 
 
 
 
 
 
 
 
 
 
 
 
 
 
 
 
 
 
 
 
 
 
 
 
 
 
 
 
 
 
 
 
 
 
 
 
 
 
 
 
 
 
 
 
 
 
 
 
 
 
 
 
 
 
 
 
 
 
 
 
 
 
 
 
 
 
 
 
 
 
 
 
 
 
 
 
 
 
 
 
 
 
 
 
 
 
 
 
 
 
 
 
 
 
 
 
 
 
 
 
 
 
 
 
 
 
 
 
 
 
 
 
 
 
 
 
 
 
 
 
 
 
 
 
 
 
 
 
 
 
 
 
 
 
 
 
 
 
 
 
 
 
 
 
 
 
 
 
 
 
 
 
 
 
 
 
 
 
 
 
 
 
 
 
 
 
 
 
 
 
 
 
 
 
 
 
 
 
 
 
 
 
 
 
 
 
 
 
 
 
 
 
 
 
 
 
 
 
 
 
 
 
 
 
 
 
 
 
 
 
 
 
 
 
 
 
 
 
 
 
 
 
 
 
 
 
 
 
 
 
 
 
 
 
 
 
 
 
 
 
 
 
 
 
 
 
 
 
 
 
 
 
 
 
 
 
 
 
 
 
 
 
 
 
 
 
 
 
 
 
 
 
 
 
 
 
 
 
 
 
 
 
 
 
 
 
 
 
 
 
 
 
 
 
 
 
 
 
 
 
 
 
 
 
 
 
 
 
 
 
 
 
 
 
 
 
 
 
 
 
 
 
 
 
 
 
 
 
 
 
 
 
 
 
 
 
 
 
 
 
 
 
 
 
 
 
 
 
 
 
 
 
 
 
 
 
 
 
 
 
 
 
 
 
 
 
 
 
 
 
 
 
 
 
 
 
 
 
 
 
 
 
 
 
 
 
 
 
 
 
 
 
 
 
 
 
 
 
 
 
 
 
 
 
 
 
 
 
 
 
 
 
 
 
 
 
 
 
 
 
 
 
 
 
 
 
 
 
 
 
 
 
 
 
 
 
 
 
 
 
 
 
 
 
 
 
 
 
 
 
 
 
 
 
 
 
 
 
 
 
 
 
 
 
 
 
 
 
 
 
 
 
 
 
 
 
 
 
 
 
 
 
 
 
 
 
 
 
 
 
 
 
 
 
 
 
 
 
 
 
 
 
 
 
 
 
 
 
 
 
 
 
 
 
 
 
 
 
 
 
 
 
 
 
 
 
 
 
 
 
 
 
 
 
 
 
 
 
 
 
 
 
 
 
 
 
 
 
 
 
 
 
 
 
 
 
 
 
 
 
 
 
 
 
 
 
 
 
 
 
 
 
 
 
 
 
 
 
 
 
 
 
 
 
 
 
 
 
 
 
 
 
 
 
 
 
 
 
 
 
 
 
 
 
 
 
 
 
 
 
 
 
 
 
 
 
 
 
 
 
 
 
 
 
 
 
 
 
 
 
 
 
 
 
 
 
 
 
 
 
 
 
 
 
 
 
 
 
 
 
 
 
 
 
 
 
 
 
 
 
 
 
 
 
 
 
 
 
 
 
 
 
 
 
 
 
 
 
 
 
 
 
 
 
 
 
 
 
 
 
 
 
 
 
 
 
 
 
 
 
 
 
 
 
 
 
 
 
 
 
 
 
 
 
 
 
 
 
 
 
 
 
 
 
 
 
 
 
 
 
 
 
 
 
 
 
 
 
 
 
 
 
 
 
 
 
 
 
 
 
 
 
 
 
 
 
 
 
 
 
 
 
 
 
 
 
 
 
 
 
 
 
 
 
 
 
 
 
 
 
 
 
 
 
 
 
 
 
 
 
 
 
 
 
 
 
 
 
 
 
 
 
 
 
 
 
 
 
 
 
 
 
 
 
 
 
 
 
 
 
 
 
 
 
 
 
 
 
 
 
 
 
 
 
 
 
 
 
 
 
 
 
 
 
 
 
 
 
 
 
 
 
 
 
 
 
 
 
 
 
 
 
 
 
 
 
 
 
 
 
 
 
 
 
 
 
 
 
 
 
 
 
 
 
 
 
 
 
 
 
 
 
 
 
 
 
 
 
 
 
 
 
 
 
 
 
 
 
 
 
 
 
 
 
 
 
 
 
 
 
 
 
 
 
 
 
 
 
 
 
 
 
 
 
 
 
 
 
 
 
 
 
 
 
 
 
 
 
 
 
 
 
 
 
 
 
 
 
 
 
 
 
 
 
 
 
 
 
 
 
 
 
 
 
 
 
 
 
 
 
 
 
 
 
 
 
 
 
 
 
 
 
 
 
 
 
 
 
 
 
 
 
 
 
 
 
 
 
 
 
 
 
 
 
 
 
 
 
 
 
 
 
 
 
 
 
 
 
 
 
 
 
 
 
 
 
 
 
 
 
 
 
 
 
 
 
 
 
 
 
 
 
 
 
 
 
 
 
 
 
 
 
 
 
 
 
 
 
 
 
 
 
 
 
 
 
 
 
 
 
 
 
 
 
 
 
 
 
 
 
 
 
 
 
 
 
 
 
 
 
 
 
 
 
 
 
 
 
 
 
 
 
 
 
 
 
 
 
 
 
 
 
 
 
 
 
 
 
 
 
 
 
 
 
 
 
 
 
 
 
 
 
 
 
 
 
 
 
 
 
 
 
 
 
 
 
 
 
 
 
 
 
 
 
 
 
 
 
 
 
 
 
 
 
 
 
 
 
 
 
 
 
 
 
 
 
 
 
 
 
 
 
 
 
 
 
 
 
 
 
 
 
 
 
 
 
 
 
 
 
 
 
 
 
 
 
 
 
 
 
 
 
 
 
 
 
 
 
 
 
 
 
 
 
 
 
 
 
 
 
 
 
 
 
 
 
 
 
 
 
 
 
 
 
 
 
 
 
 
 
 
 
 
 
 
 
 
 
 
 
 
 
 
 
 
 
 
 
 
 
 
 
 
 
 
 
 
 
 
 
 
 
 
 
 
 
 
 
 
 
 
 
 
 
 
 
 
 
 
 
 
 
 
 
 
 
 
 
 
 
 
 
 
 
 
 
 
 
 
 
 
 
 
 
 
 
 
 
 
 
 
 
 
 
 
 
 
 
 
 
 
 
 
 
 
 
 
 
 
 
 
 
 
 
 
 
 
 
 
 
 
 
 
 
 
 
 
 
 
 
 
 
 
 
 
 
 
 
 
 
 
 
 
 
 
 
 
 
 
 
 
 
 
 
 
 
 
 
 
 
 
 
 
 
 
 
 
 
 
 
 
 
 
 
 
 
 
 
 
 
 
 
 
 
 
 
 
 
 
 
 
 
 
 
 
 
 
 
 
 
 
 
 
 
 
 
 
 
 
 
 
 
 
 
 
 
 
 
 
 
 
 
 
 
 
 
 
 
 
 
 
 
 
 
 
 
 
 
 
 
 
 
 
 
 
 
 
 
 
 
 
 
 
 
 
 
 
 
 
 
 
 
 
 
 
 
 
 
 
 
 
 
 
 
 
 
 
 
 
 
 
 
 
 
 
 
 
 
 
 
 
 
 
 
 
 
 
 
 
 
 
 
 
 
 
 
 
 
 
 
 
 
 
 
 
 
 
 
 
 
 
 
 
 
 
 
 
 
 
 
 
 
 
 
 
 
 
 
 
 
 
 
 
 
 
 
 
 
 
 
 
 
 
 
 
 
 
 
 
 
 
 
 
 
 
 
 
 
 
 
 
 
 
 
 
 
 
 
 
 
 
 
 
 
 
 
 
 
 
 
 
 
 
 
 
 
 
 
 
 
 
 
 
 
 
 
 
 
 
 
 
 
 
 
 
 
 
 
 
 
 
 
 
 
 
 
 
 
 
 
 
 
 
 
 
 
 
 
 
 
 
 
 
 
 
 
 
 
 
 
 
 
 
 
 
 
 
 
 
 
 
 
 
 
 
 
 
 
 
 
 
 
 
 
 
 
 
 
 
 
 
 
 
 
 
 
 
 
 
 
 
 
 
 
 
 
 
 
 
 
 
 
 
 
 
 
 
 
 
 
 
 
 
 
 
 
 
 
 
 
 
 
 
 
 
 
 
 
 
 
 
 
 
 
 
 
 
 
 
 
 
 
 
 
 
 
 
 
 
 
 
 
 
 
 
 
 
 
 
 
 
 
 
 
 
 
 
 
 
 
 
 
 
 
 
 
 
 
 
 
 
 
 
 
 
 
 
 
 
 
 
 
 
 
 
 
 
 
 
 
 
 
 
 
 
 
 
 
 
 
 
 
 
 
 
 
 
 
 
 
 
 
 
 
 
 
 
 
 
 
 
 
 
 
 
 
 
 
 
 
 
 
 
 
 
 
 
 
 
 
 
 
 
 
 
 
 
 
 
 
 
 
 
 
 
 
 
 
 
 
 
 
 
 
 
 
 
 
 
 
 
 
 
 
 
 
 
 
 
 
 
 
 
 
 
 
 
 
 
 
 
 
 
 
 
 
 
 
 
 
 
 
 
 
 
 
 
 
 
 
 
 
 
 
 
 
 
 
 
 
 
 
 
 
 
 
 
 
 
 
 
 
 
 
 
 
 
 
 
 
 
 
 
 
 
 
 
 
 
 
 
 
 
 
 
 
 
 
 
 
 
 
 
 
 
 
 
 
 
 
 
 
 
 
 
 
 
 
 
 
 
 
 
 
 
 
 
 
 
 
 
 
 
 
 
 
 
 
 
 
 
 
 
 
 
 
 
 
 
 
 
 
 
 
 
 
 
 
 
 
 
 
 
 
 
 
 
 
 
 
 
 
 
 
 
 
 
 
 
 
 
 
 
 
 
 
 
 
 
 
 
 
 
 
 
 
 
 
 
 
 
 
 
 
 
 
 
 
 
 
 
 
 
 
 
 
 
 
 
 
 
 
 
 
 
 
 
 
 
 
 
 
 
 
 
 
 
 
 
 
 
 
 
 
 
 
 
 
 
 
 
 
 
 
 
 
 
 
 
 
 
 
 
 
 
 
 
 
 
 
 
 
 
 
 
 
 
 
 
 
 
 
 
 
 
 
 
 
 
 
 
 
 
 
 
 
 
 
 
 
 
 
 
 
 
 
 
 
 
 
 
 
 
 
 
 
 
 
 
 
 
 
 
 
 
 
 
 
 
 
 
 
 
 
 
 
 
 
 
 
 
 
 
 
 
 
 
 
 
 
 
 
 
 
 
 
 
 
 
 
 
 
 
 
 
 
 
 
 
 
 
 
 
 
 
 
 
 
 
 
 
 
 
 
 
 
 
 
 
 
 
 
 
 
 
 
 
 
 
 
 
 
 
 
 
 
 
 
 
 
 
 
 
 
 
 
 
 
 
 
 
 
 
 
 
 
 
 
 
 
 
 
 
 
 
 
 
 
 
 
 
 
 
 
 
 
 
 
 
 
 
 
 
 
 
 
 
 
 
 
 
 
 
 
 
 
 
 
 
 
 
 
 
 
 
 
 
 
 
 
 
 
 
 
 
 
 
 
 
 
 
 
 
 
 
 
 
 
 
 
 
 
 
 
 
 
 
 
 
 
 
 
 
 
 
 
 
 
 
 
 
 
 
 
 
 
 
 
 
 
 
 
 
 
 
 
 
 
 
 
 
 
 
 
 
 
 
 
 
 
 
 
 
 
 
 
 
 
 
 
 
 
 
 
 
 
 
 
 
 
 
 
 
 
 
 
 
 
 
 
 
 
 
 
 
 
 
 
 
 
 
 
 
 
 
 
 
 
 
 
 
 
 
 
 
 
 
 
 
 
 
 
 
 
 
 
 
 
 
 
 
 
 
 
 
 
 
 
 
 
 
 
 
 
 
 
 
 
 
 
 
 
 
 
 
 
 
 
 
 
 
 
 
 
 
 
 
 
 
 
 
 
 
 
 
 
 
 
 
 
 
 
 
 
 
 
 
 
 
 
 
 
 
 
 
 
 
 
 
 
 
 
 
 
 
 
 
 
 
 
 
 
 
 
 
 
 
 
 
 
 
 
 
 
 
 
 
 
 
 
 
 
 
 
 
 
 
 
 
 
 
 
 
 
 
 
 
 
 
 
 
 
 
 
 
 
 
 
 
 
 
 
 
 
 
 
 
 
 
 
 
 
 
 
 
 
 
 
 
 
 
 
 
 
 
 
 
 
 
 
 
 
 
 
 
 
 
 
 
 
 
 
 
 
 
 
 
 
 
 
 
 
 
 
 
 
 
 
 
 
 
 
 
 
 
 
 
 
 
 
 
 
 
 
 
 
 
 
 
 
 
 
 
 
 
 
 
 
 
 
 
 
 
 
 
 
 
 
 
 
 
 
 
 
 
 
 
 
 
 
 
 
 
 
 
 
 
 
 
 
 
 
 
 
 
 
 
 
 
 
 
 
 
 
 
 
 
 
 
 
 
 
 
 
 
 
 
 
 
 
 
 
 
 
 
 
 
 
 
 
 
 
 
 
 
 
 
 
 
 
 
 
 
 
 
 
 
 
 
 
 
 
 
 
 
 
 
 
 
 
 
 
 
 
 
 
 
 
 
 
 
 
 
 
 
 
 
 
 
 
 
 
 
 
 
 
 
 
 
 
 
 
 
 
 
 
 
 
 
 
 
 
 
 
 
 
 
 
 
 
 
 
 
 
 
 
 
 
 
 
 
 
 
 
 
 
 
 
 
 
 
 
 
 
 
 
 
 
 
 
 
 
 
 
 
 
 
 
 
 
 
 
 
 
 
 
 
 
 
 
 
 
 
 
 
 
 
 
 
 
 
 
 
 
 
 
 
 
 
 
 
 
 
 
 
 
 
 
 
 
 
 
 
 
 
 
 
 
 
 
 
 
 
 
 
 
 
 
 
 
 
 
 
 
 
 
 
 
 
 
 
 
 
 
 
 
 
 
 
 
 
 
 
 
 
 
 
 
 
 
 
 
 
 
 
 
 
 
 
 
 
 
 
 
 
 
 
 
 
 
 
 
 
 
 
 
 
 
 
 
 
 
 
 
 
 
 
 
 
 
 
 
 
 
 
 
 
 
 
 
 
 
 
 
 
 
 
 
 
 
 
 
 
 
 
 
 
 
 
 
 
 
 
 
 
 
 
 
 
 
 
 
 
 
 
 
 
 
 
 
 
 
 
 
 
 
 
 
 
 
 
 
 
 
 
 
 
 
 
 
 
 
 
 
 
 
 
 
 
 
 
 
 
 
 
 
 
 
 
 
 
 
 
 
 
 
 
 
 
 
 
 
 
 
 
 
 
 
 
 
 
 
 
 
 
 
 
 
 
 
 
 
 
 
 
 
 
 
 
 
 
 
 
 
 
 
 
 
 
 
 
 
 
 
 
 
 
 
 
 
 
 
 
 
 
 
 
 
 
 
 
 
 
 
 
 
 
 
 
 
 
 
 
 
 
 
 
 
 
 
 
 
 
 
 
 
 
 
 
 
 
 
 
 
 
 
 
 
 
 
 
 
 
 
 
 
 
 
 
 
 
 
 
 
 
 
 
 
 
 
 
 
 
 
 
 
 
 
 
 
 
 
 
 
 
 
 
 
 
 
 
 
 
 
 
 
 
 
 
 
 
 
 
 
 
 
 
 
 
 
 
 
 
 
 
 
 
 
 
 
 
 
 
 
 
 
 
 
 
 
 
 
 
 
 
 
 
 
 
 
 
 
 
 
 
 
 
 
 
 
 
 
 
 
 
 
 
 
 
 
 
 
 
 
 
 
 
 
 
 
 
 
 
 
 
 
 
 
 
 
 
 
 
 
 
 
 
 
 
 
 
 
 
 
 
 
 
 
 
 
 
 
 
 
 
 
 
 
 
 
 
 
 
 
 
 
 
 
 
 
 
 
 
 
 
 
 
 
 
 
 
 
 
 
 
 
 
 
 
 
 
 
 
 
 
 
 
 
 
 
 
 
 
 
 
 
 
 
 
 
 
 
 
 
 
 
 
 
 
 
 
 
 
 
 
 
 
 
 
 
 
 
 
 
 
 
 
 
 
 
 
 
 
 
 
 
 
 
 
 
 
 
 
 
 
 
 
 
 
 
 
 
 
 
 
 
 
 
 
 
 
 
 
 
 
 
 
 
 
 
 
 
 
 
 
 
 
 
 
 
 
 
 
 
 
 
 
 
 
 
 
 
 
 
 
 
 
 
 
 
 
 
 
 
 
 
 
 
 
 
 
 
 
 
 
 
 
 
 
 
 
 
 
 
 
 
 
 
 
 
 
 
 
 
 
 
 
 
 
 
 
 
 
 
 
 
 
 
 
 
 
 
 
 
 
 
 
 
 
 
 
 
 
 
 
 
 
 
 
 
 
 
 
 
 
 
 
 
 
 
 
 
 
 
 
 
 
 
 
 
 
 
 
 
 
 
 
 
 
 
 
 
 
 
 
 
 
 
 
 
 
 
 
 
 
 
 
 
 
 
 
 
 
 
 
 
 
 
 
 
 
 
 
 
 
 
 
 
 
 
 
 
 
 
 
 
 
 
 
 
 
 
 
 
 
 
 
 
 
 
 
 
 
 
 
 
 
 
 
 
 
 
 
 
 
 
 
 
 
 
 
 
 
 
 
 
 
 
 
 
 
 
 
 
 
 
 
 
 
 
 
 
 
 
 
 
 
 
 
 
 
 
 
 
 
 
 
 
 
 
 
 
 
 
 
 
 
 
 
 
 
 
 
 
 
 
 
 
 
 
 
 
 
 
 
 
 
 
 
 
 
 
 
 
 
 
 
 
 
 
 
 
 
 
 
 
 
 
 
 
 
 
 
 
 
 
 
 
 
 
 
 
 
 
 
 
 
 
 
 
 
 
 
 
 
 
 
 
 
 
 
 
 
 
 
 
 
 
 
 
 
 
 
 
 
 
 
 
 
 
 
 
 
 
 
 
 
 
 
 
 
 
 
 
 
 
 
 
 
 
 
 
 
 
 
 
 
 
 
 
 
 
 
 
 
 
 
 
 
 
 
 
 
 
 
 
 
 
 
 
 
 
 
 
 
 
 
 
 
 
 
 
 
 
 
 
 
 
 
 
 
 
 
 
 
 
 
 
 
 
 
 
 
 
 
 
 
 
 
 
 
 
 
 
 
 
 
 
 
 
 
 
 
 
 
 
 
 
 
 
 
 
 
 
 
 
 
 
 
 
 
 
 
 
 
 
 
 
 
 
 
 
 
 
 
 
 
 
 
 
 
 
 
 
 
 
 
 
 
 
 
 
 
 
 
 
 
 
 
 
 
 
 
 
 
 
 
 
 
 
 
 
 
 
 
 
 
 
 
 
 
 
 
 
 
 
 
 
 
 
 
 
 
 
 
 
 
 
 
 
 
 
 
 
 
 
 
 
 
 
 
 
 
 
 
 
 
 
 
 
 
 
 
 
 
 
 
 
 
 
 
 
 
 
 
 
 
 
 
 
 
 
 
 
 
 
 
 
 
 
 
 
 
 
 
 
 
 
 
 
 
 
 
 
 
 
 
 
 
 
 
 
 
 
 
 
 
 
 
 
 
 
 
 
 
 
 
 
 
 
 
 
 
 
 
 
 
 
 
 
 
 
 
 
 
 
 
 
 
 
 
 
 
 
 
 
 
 
 
 
 
 
 
 
 
 
 
 
 
 
 
 
 
 
 
 
 
 
 
 
 
 
 
 
 
 
 
 
 
 
 
 
 
 
 
 
 
 
 
 
 
 
 
 
 
 
 
 
 
 
 
 
 
 
 
 
 
 
 
 
 
 
 
 
 
 
 
 
 
 
 
 
 
 
 
 
 
 
 
 
 
 
 
 
 
 
 
 
 
 
 
 
 
 
 
 
 
 
 
 
 
 
 
 
 
 
 
 
 
 
 
 
 
 
 
 
 
 
 
 
 
 
 
 
 
 
 
 
 
 
 
 
 
 
 
 
 
 
 
 
 
 
 
 
 
 
 
 
 
 
 
 
 
 
 
 
 
 
 
 
 
 
 
 
 
 
 
 
 
 
 
 
 
 
 
 
 
 
 
 
 
 
 
 
 
 
 
 
 
 
 
 
 
 
 
 
 
 
 
 
 
 
 
 
 
 
 
 
 
 
 
 
 
 
 
 
 
 
 
 
 
 
 
 
 
 
 
 
 
 
 
 
 
 
 
 
 
 
 
 
 
 
 
 
 
 
 
 
 
 
 
 
 
 
 
 
 
 
 
 
 
 
 
 
 
 
 
 
 
 
 
 
 
 
 
 
 
 
 
 
 
 
 
 
 
 
 
 
 
 
 
 
 
 
 
 
 
 
 
 
 
 
 
 
 
 
 
 
 
 
 
 
 
 
 
 
 
 
 
 
 
 
 
 
 
 
 
 
 
 
 
 
 
 
 
 
 
 
 
 
 
 
 
 
 
 
 
 
 
 
 
 
 
 
 
 
 
 
 
 
 
 
 
 
 
 
 
 
 
 
 
 
 
 
 
 
 
 
 
 
 
 
 
 
 
 
 
 
 
 
 
 
 
 
 
 
 
 
 
 
 
 
 
 
 
 
 
 
 
 
 
 
 
 
 
 
 
 
 
 
 
 
 
 
 
 
 
 
 
 
 
 
 
 
 
 
 
 
 
 
 
 
 
 
 
 
 
 
 
 
 
 
 
 
 
 
 
 
 
 
 
 
 
 
 
 
 
 
 
 
 
 
 
 
 
 
 
 
 
 
 
 
 
 
 
 
 
 
 
 
 
 
 
 
 
 
 
 
 
 
 
 
 
 
 
 
 
 
 
 
 
 
 
 
 
 
 
 
 
 
 
 
 
 
 
 
 
 
 
 
 
 
 
 
 
 
 
 
 
 
 
 
 
 
 
 
 
 
 
 
 
 
 
 
 
 
 
 
 
 
 
 
 
 
 
 
 
 
 
 
 
 
 
 
 
 
 
 
 
 
 
 
 
 
 
 
 
 
 
 
 
 
 
 
 
 
 
 
 
 
 
 
 
 
 
 
 
 
 
 
 
 
 
 
 
 
 
 
 
 
 
 
 
 
 
 
 
 
 
 
 
 
 
 
 
 
 
 
 
 
 
 
 
 
 
 
 
 
 
 
 
 
 
 
 
 
 
 
 
 
 
 
 
 
 
 
 
 
 
 
 
 
 
 
 
 
 
 
 
 
 
 
 
 
 
 
 
 
 
 
 
 
 
 
 
 
 
 
 
 
 
 
 
 
 
 
 
 
 
 
 
 
 
 
 
 
 
 
 
 
 
 
 
 
 
 
 
 
 
 
 
 
 
 
 
 
 
 
 
 
 
 
 
 
 
 
 
 
 
 
 
 
 
 
 
 
 
 
 
 
 
 
 
 
 
 
 
 
 
 
 
 
 
 
 
 
 
 
 
 
 
 
 
 
 
 
 
 
 
 
 
 
 
 
 
 
 
 
 
 
 
 
 
 
 
 
 
 
 
 
 
 
 
 
 
 
 
 
 
 
 
 
 
 
 
 
 
 
 
 
 
 
 
 
 
 
 
 
 
 
 
 
 
 
 
 
 
 
 
 
 
 
 
 
 
 
 
 
 
 
 
 
 
 
 
 
 
 
 
 
 
 
 
 
 
 
 
 
 
 
 
 
 
 
 
 
 
 
 
 
 
 
 
 
 
 
 
 
 
 
 
 
 
 
 
 
 
 
 
 
 
 
 
 
 
 
 
 
 
 
 
 
 
 
 
 
 
 
 
 
 
 
 
 
 
 
 
 
 
 
 
 
 
 
 
 
 
 
 
 
 
 
 
 
 
 
 
 
 
 
 
 
 
 
 
 
 
 
 
 
 
 
 
 
 
 
 
 
 
 
 
 
 
 
 
 
 
 
 
 
 
 
 
 
 
 
 
 
 
 
 
 
 
 
 
 
 
 
 
 
 
 
 
 
 
 
 
 
 
 
 
 
 
 
 
 
 
 
 
 
 
 
 
 
 
 
 
 
 
 
 
 
 
 
 
 
 
 
 
 
 
 
 
 
 
 
 
 
 
 
 
 
 
 
 
 
 
 
 
 
 
 
 
 
 
 
 
 
 
 
 
 
 
 
 
 
 
 
 
 
 
 
 
 
 
 
 
 
 
 
 
 
 
 
 
 
 
 
 
 
 
 
 
 
 
 
 
 
 
 
 
 
 
 
 
 
 
 
 
 
 
 
 
 
 
 
 
 
 
 
 
 
 
 
 
 
 
 
 
 
 
 
 
 
 
 
 
 
 
 
 
 
 
 
 
 
 
 
 
 
 
 
 
 
 
 
 
 
 
 
 
 
 
 
 
 
 
 
 
 
 
 
 
 
 
 
 
 
 
 
 
 
 
 
 
 
 
 
 
 
 
 
 
 
 
 
 
 
 
 
 
 
 
 
 
 
 
 
 
 
 
 
 
 
 
 
 
 
 
 
 
 
 
 
 
 
 
 
 
 
 
 
 
 
 
 
 
 
 
 
 
 
 
 
 
 
 
 
 
 
 
 
 
 
 
 
 
 
 
 
 
 
