0.0 0.0
0.01 2.33510191e-07
0.02 2.34559049e-07
0.03 2.37683766e-07
0.04 2.41442001e-07
0.05 2.44902888e-07
0.06 2.50969261e-07
0.07 2.91165728e-07
0.08 4.05520374e-07
0.09 5.29203271e-07
0.1 4.19330041e-07
0.11 -1.68810515e-07
0.12 -1.139087531e-06
0.13 -1.948285934e-06
0.14 -2.501105718e-06
0.15 -3.814651659e-06
0.16 -6.278484127e-06
0.17 -7.698587348e-06
0.18 -6.319403339e-06
0.19 -4.139237456e-06
0.2 -4.1590942e-06
0.21 -6.551381934e-06
0.22 -6.677223291e-06
0.23 -4.2434292e-07
0.24 8.126900561e-06
0.25 1.3683138656e-05
0.26 1.2029313588e-05
0.27 -2.453374173e-06
0.28 -1.9302381067e-05
0.29 -2.172060914e-05
0.3 -1.5011383024e-05
0.31 -9.296474904e-06
0.32 4.01479397e-07
0.33 1.5362878829e-05
0.34 2.0359319853e-05
0.35 4.6103162e-07
0.36 -3.1279746676e-05
0.37 -4.6038152078e-05
0.38 -3.3013577518e-05
0.39 -1.2305569968e-05
0.4 -1.9506226322e-05
0.41 -6.2511489897e-05
0.42 -0.00011500157788
0.43 -0.00012833536636
0.44 -6.1737755571e-05
0.45 2.7238710896e-05
0.46 4.7365057233e-05
0.47 2.9723143077e-05
0.48 4.3530323708e-05
0.49 6.9817537878e-05
0.5 7.1510649789e-05
0.51 1.8760690582e-05
0.52 -0.000106925672856
0.53 -0.000195259280939
0.54 -0.00014720085707
0.55 -5.3025592712e-05
0.56 -2.3280025666e-05
0.57 -5.4438871075e-05
0.58 -7.1152031542e-05
0.59 -2.5290920157e-05
0.6 -8.485029934e-06
0.61 -8.0392520487e-05
0.62 -0.00013217228226
0.63 -7.8273319065e-05
0.64 3.9218379132e-05
0.65 9.4092602014e-05
0.66 3.4499622339e-05
0.67 -0.000113885964681
0.68 -0.00023414971168
0.69 -0.000138509421348
0.7 1.8908692902e-05
0.71 -3.9028718819e-05
0.72 -9.5808192819e-05
0.73 5.6701278314e-05
0.74 0.000132769010879
0.75 -2.7320838516e-05
0.76 -0.000142382676303
0.77 -0.000109878212537
0.78 -0.000110798487094
0.79 -0.0002140259911
0.8 -0.000327709334658
0.81 -0.000376101293934
0.82 -0.000395774887902
0.83 -0.000345616872838
0.84 -0.00018941071039
0.85 -8.204235793e-05
0.86 -4.04890646e-05
0.87 0.00012450024466
0.88 0.00023952052776
0.89 2.7955415196e-05
0.9 -0.000175496310659
0.91 -0.000102236566977
0.92 -8.3323225501e-05
0.93 -4.0168309584e-05
0.94 0.000255864902205
0.95 0.00034915491838
0.96 3.1763452581e-05
0.97 -0.000320891869958
0.98 -0.000501566040941
0.99 -0.000452444980316
1.0 -0.000278127399252
1.01 -0.000194067659741
1.02 -6.8000668134e-05
1.03 9.5497426014e-05
1.04 0.000162077453397
1.05 0.000219795301271
1.06 0.000289885581757
1.07 8.3107450766e-05
1.08 -0.000333749312715
1.09 -0.000403116012003
1.1 1.0756178716e-05
1.11 0.000284776760056
1.12 2.1706009391e-05
1.13 -0.000257341300229
1.14 -2.3170112671e-05
1.15 0.000301357315107
1.16 0.000191861912562
1.17 0.000165191425278
1.18 0.000459461885176
1.19 0.000500000116077
1.2 0.000243946077248
1.21 0.000114430496969
1.22 1.0259896295e-05
1.23 -9.4528343177e-05
1.24 -0.000160490841896
1.25 -0.000160418644254
1.26 -3.2479804444e-05
1.27 -0.000312153975103
1.28 -0.000909406936131
1.29 -0.00088959324409
1.3 -0.000517656568337
1.31 -0.000858474739432
1.32 -0.001416625092676
1.33 -0.001088406803133
1.34 -0.000128125209043
1.35 0.000496542684051
1.36 0.000448329480577
1.37 0.000123626589401
1.38 -4.4435432016e-05
1.39 -0.000182238155407
1.4 -0.000329208834787
1.41 -0.000262720219332
1.42 -0.000364512750963
1.43 -0.000585313423337
1.44 -0.000501232759755
1.45 -0.000418056578292
1.46 -0.000550220139438
1.47 -0.000507880880603
1.48 -0.000100211414915
1.49 0.000472537156497
1.5 0.000594011845854
1.51 0.000197619616367
1.52 0.000179597964232
1.53 0.000791074531175
1.54 0.001412924723224
1.55 0.001527674488309
1.56 0.001140074706157
1.57 0.000224168703714
1.58 -0.000618548067958
1.59 -0.000287890420765
1.6 0.000472803478663
1.61 0.000246437548898
1.62 -0.000509061210706
1.63 -0.000611541145168
1.64 -2.9306798646e-05
1.65 0.000776117102902
1.66 0.001145114006052
1.67 0.000705463027975
1.68 0.000106482483441
1.69 -0.000305436363046
1.7 -0.001142663229135
1.71 -0.002058108747281
1.72 -0.002088742850791
1.73 -0.001547932031242
1.74 -0.001290861050873
1.75 -0.001131749103932
1.76 -0.000881014819548
1.77 -0.000791985146878
1.78 -0.00049483942964
1.79 2.2338443982e-05
1.8 5.1435802962e-05
1.81 -0.00028631366159
1.82 -0.000285353048259
1.83 3.297953066e-06
1.84 0.000414972012752
1.85 0.000844848278952
1.86 0.001036741427486
1.87 0.000948719552735
1.88 0.000787040502558
1.89 0.000683128345541
1.9 0.000602717944568
1.91 0.000534082716364
1.92 6.799879113e-06
1.93 -0.000397703062609
1.94 0.000250588974067
1.95 0.000854233462508
1.96 0.000451026095826
1.97 0.000143654692031
1.98 0.00065541797063
1.99 0.001222154262556
2.0 0.00165315916799
2.01 0.001417806637248
2.02 -8.906332616e-06
2.03 -0.001195356278895
2.04 -0.000976437148861
2.05 -0.000960296126175
2.06 -0.001974776668351
2.07 -0.002160814871857
2.08 -0.001005306750745
2.09 1.1640068838e-05
2.1 0.000458074144366
2.11 0.000581816484796
2.12 0.000165335024203
2.13 -0.00061073265595
2.14 -0.000905730547455
2.15 -0.000966174561751
2.16 -0.001251269713638
2.17 -0.001062200235743
2.18 -0.000495216901068
2.19 6.1613317225e-05
2.2 0.000394543550575
2.21 0.000142138384491
2.22 -0.000221544830478
2.23 -0.000147089614079
2.24 9.464993695e-05
2.25 -0.000137816994621
2.26 -0.000319823952796
2.27 0.000377302463481
2.28 0.001274010009087
2.29 0.001833922985362
2.3 0.002192283393607
2.31 0.002145547570054
2.32 0.001651827980172
2.33 0.00127103064634
2.34 0.001202530987691
2.35 0.000880643437861
2.36 2.7185212734e-05
2.37 -0.001319972273384
2.38 -0.002425655829505
2.39 -0.00259225560051
2.4 -0.002122443041292
2.41 -0.001444702940735
2.42 -0.000388066447644
2.43 0.000461473780205
2.44 0.000311536992404
2.45 1.2657413271e-05
2.46 0.000228619831806
2.47 0.000158735017409
2.48 -0.000123429683593
2.49 -5.7759040352e-05
2.5 -0.000162548882621
2.51 -0.00074374251608
2.52 -0.001182906829376
2.53 -0.000978484576094
2.54 -0.000436745293013
2.55 0.000279856217414
2.56 0.001276256416395
2.57 0.002210280692344
2.58 0.002899077188182
2.59 0.002900006610151
2.6 0.001840014536397
2.61 0.000376281828518
2.62 -0.000473982325162
2.63 -0.000974567165133
2.64 -0.001809499386111
2.65 -0.002811725343579
2.66 -0.003057427536938
2.67 -0.002543275661058
2.68 -0.002333059663503
2.69 -0.002626327042348
2.7 -0.002603814755489
2.71 -0.00175777203138
2.72 -0.000714508096528
2.73 0.000740951780824
2.74 0.002703288291218
2.75 0.003517504099607
2.76 0.003033608850188
2.77 0.002773004849381
2.78 0.002998359609839
2.79 0.003106149881833
2.8 0.002854666393967
2.81 0.001551175451546
2.82 -0.001376026057118
2.83 -0.003932610781165
2.84 -0.004213372794912
2.85 -0.003845821403077
2.86 -0.003251093054072
2.87 -0.001330353915842
2.88 0.000683821650861
2.89 0.001643764718765
2.9 0.001062819037743
2.91 -0.000503142093227
2.92 -0.002606932338064
2.93 -0.004392295262942
2.94 -0.00520472631856
2.95 -0.00510276471798
2.96 -0.004708587441145
2.97 -0.004753264270457
2.98 -0.0058533890907
2.99 -0.005828882025807
3.0 -0.004505303604186
3.01 -0.003383472310662
3.02 -0.002715941409949
3.03 -0.002347211414957
3.04 -0.001798173991646
3.05 -0.000350306005975
3.06 0.001437444851047
3.07 0.002640781401641
3.08 0.004140732756916
3.09 0.005784711786681
3.1 0.005859925865845
3.11 0.002397881678613
3.12 -0.002626498281511
3.13 -0.005413205899518
3.14 -0.004605405073551
3.15 -0.001055416096164
3.16 0.002473706942063
3.17 0.004366614314386
3.18 0.002558847834008
3.19 -0.001072387710997
3.2 -0.004001754172944
3.21 -0.005775016988769
3.22 -0.006498416186485
3.23 -0.006727813458538
3.24 -0.00506510452175
3.25 -0.00226039137854
3.26 -0.00150607096082
3.27 -0.002350713796101
3.28 -0.003599900030253
3.29 -0.003746267219736
3.3 -0.00168692773463
3.31 0.001633438524084
3.32 0.004738139755401
3.33 0.004687945104317
3.34 0.002689175819878
3.35 0.001413817345027
3.36 0.00202447415298
3.37 0.002616761716198
3.38 0.00288244427166
3.39 0.002626081285531
3.4 0.00094759519185
3.41 -0.000256763503137
3.42 -0.000250911194877
3.43 2.41995264e-05
3.44 0.000605945547402
3.45 0.002597125449254
3.46 0.003841921727837
3.47 0.002393478643335
3.48 -0.002116954905783
3.49 -0.007838795946917
3.5 -0.01110084973732
3.51 -0.010603533906333
3.52 -0.008591772618411
3.53 -0.007667176674884
3.54 -0.006467912730911
3.55 -0.004034718252219
3.56 -0.000598347120113
3.57 0.003858643434525
3.58 0.008544062223444
3.59 0.01021156921676
3.6 0.00901963528425
3.61 0.00753684113334
3.62 0.007139801549673
3.63 0.007569528846858
3.64 0.008081943607531
3.65 0.007912925694696
3.66 0.008056108686379
3.67 0.007163901673843
3.68 0.004854524208117
3.69 0.000646952065387
3.7 -0.000960487702579
3.71 -0.000691914317236
3.72 -0.001103141895884
3.73 -0.00137733755519
3.74 0.001523355386395
3.75 0.00712927500887
3.76 0.010001160762891
3.77 0.008622962693535
3.78 0.005135697502319
3.79 8.2791660475e-05
3.8 -0.007667780125991
3.81 -0.01275245583361
3.82 -0.012932042691082
3.83 -0.010178357594729
3.84 -0.004856405687842
3.85 -0.000307593121292
3.86 0.001440049086703
3.87 0.000357372921967
3.88 0.003808304201723
3.89 0.009699820844479
3.9 0.019938884492237
3.91 0.024337268296868
3.92 0.024609298170967
3.93 0.020752876307597
3.94 0.011791847295532
3.95 -0.002486446450009
3.96 -0.016011788688773
3.97 -0.012531168366627
3.98 -0.010365831379471
3.99 -0.00199162434516
4.0 0.004300735988973
4.01 0.012690490958498
4.02 0.01395535585766
4.03 0.007721186862164
4.04 -0.000523429092023
4.05 -0.003822007469005
4.06 0.000647615619522
4.07 -0.006249358012192
4.08 -0.010398871833709
4.09 -0.008258485806411
4.1 -0.011655721957551
4.11 -0.010901751201044
4.12 -0.013018940567278
4.13 -0.010965297254336
4.14 -0.008926972841319
4.15 -0.005394764960572
4.16 0.002923069249932
4.17 0.016188352668114
4.18 0.027912307909796
4.19 0.031952817458213
4.2 0.027388993592069
4.21 0.021270869712353
4.22 0.010203551843027
4.23 -0.002476868600004
4.24 -0.014867499428028
4.25 -0.01215298870554
4.26 -0.011512830214318
4.27 -0.008432872388344
4.28 -0.00101274760898
4.29 0.004522992299217
4.3 0.008611948769472
4.31 0.006509912839907
4.32 -0.002659042847991
4.33 -0.00804920189444
4.34 0.00090522872283
4.35 0.004418873198106
4.36 0.009025984068187
4.37 0.014564952554697
4.38 0.010496778047948
4.39 0.007148099432255
4.4 0.005438200338728
4.41 0.007940084939111
4.42 0.009384324481604
4.43 0.012136981546133
4.44 0.011251222459413
4.45 0.003508564589247
4.46 -0.004984101968044
4.47 -0.01620385943102
4.48 -0.022906129393848
4.49 -0.018646385553009
4.5 -0.007512036844197
4.51 0.004629604334608
4.52 0.02079470668721
4.53 0.033697589429782
4.54 0.03738481383221
4.55 0.037568855172684
4.56 0.031215257270298
4.57 0.024284612833484
4.58 0.032072339455709
4.59 0.034183638033859
4.6 0.029593570906861
4.61 0.014008536665879
4.62 -0.001900655855798
4.63 -0.00785867049047
4.64 -0.026558616013016
4.65 -0.033585747728638
4.66 -0.039356846082881
4.67 -0.039642865865215
4.68 -0.042417932006428
4.69 -0.046657861946323
4.7 -0.048011603555601
4.71 -0.048591084670128
4.72 -0.044263373654292
4.73 -0.044699385102753
4.74 -0.04327149094581
4.75 -0.02256282704528
4.76 0.010056542270196
4.77 0.029038061665812
4.78 0.053903358140902
4.79 0.076676351760466
4.8 0.090092430592211
4.81 0.091990835565025
4.82 0.088972906314958
4.83 0.088329685159872
4.84 0.097751203306672
4.85 0.109258279020587
4.86 0.109710135296166
4.87 0.12277079429513
4.88 0.121826427209393
4.89 0.123034902467856
4.9 0.118714459160732
4.91 0.116386689266306
4.92 0.113487346972759
4.93 0.112471486559949
4.94 0.086098576683926
4.95 0.029405038592124
4.96 0.006193530455543
4.97 0.014210205736186
4.98 0.006954173981627
4.99 0.006251787559811
5.0 0.000102417134471
5.01 -0.011032073540741
5.02 -0.033074061571098
5.03 -0.068820223611131
5.04 -0.097722927274749
5.05 -0.094154687344841
5.06 -0.069520211282419
5.07 -0.050967833952654
5.08 -0.042159127247441
5.09 -0.042476376760604
5.1 -0.057348420990449
5.11 -0.071391604942134
5.12 -0.078631281260843
5.13 -0.093934484629483
5.14 -0.099850107963837
5.15 -0.113870056558332
5.16 -0.107133860499634
5.17 -0.124785243805305
5.18 -0.108151781035266
5.19 -0.136774250818704
5.2 -0.127153100838314
5.21 -0.098294742664222
5.22 -0.078353513349804
5.23 -0.094006879210765
5.24 -0.12162085296418
5.25 -0.096759758196164
5.26 -0.084746791349622
5.27 -0.087497954768451
5.28 -0.074632989279674
5.29 -0.058374633041402
5.3 -0.012473953911988
5.31 0.017853821572473
5.32 0.025725246789533
5.33 0.03479847904457
5.34 0.059209761640787
5.35 0.070435382550078
5.36 0.069468107816396
5.37 0.081985130363463
5.38 0.093984678391906
5.39 0.111734576386088
5.4 0.121186178631313
5.41 0.127218058611979
5.42 0.119617929063341
5.43 0.09977113424438
5.44 0.067087367487076
5.45 0.050829966321294
5.46 0.022686589567567
5.47 0.002406902310549
5.48 0.007991609953087
5.49 0.019220226684716
5.5 0.019874881930697
5.51 0.022295391714904
5.52 0.01755721199923
5.53 0.001108113641766
5.54 -0.02592789672212
5.55 -0.059121907842526
5.56 -0.087252501922975
5.57 -0.100608024266099
5.58 -0.102067401474681
5.59 -0.117802220735524
5.6 -0.114255875177275
5.61 -0.112580177803523
5.62 -0.105892603885711
5.63 -0.109085458406234
5.64 -0.111105007679963
5.65 -0.116930399733825
5.66 -0.127306399373562
5.67 -0.127921504378484
5.68 -0.134565345460748
5.69 -0.127348955098532
5.7 -0.091688189688969
5.71 -0.082259774571374
5.72 -0.093258089889958
5.73 -0.107159332287546
5.74 -0.115116760626549
5.75 -0.108225072180798
5.76 -0.104946371319085
5.77 -0.092001414870658
5.78 -0.063289832936878
5.79 -0.035548419357699
5.8 -0.00633672114083
5.81 -0.023353817367543
5.82 -0.030785042895787
5.83 -0.026251383758193
5.84 -0.02615962073313
5.85 -0.026098017400935
5.86 -0.01963976563883
5.87 0.00331275039887
5.88 0.029243171637266
5.89 0.055940549018542
5.9 0.05603997583516
5.91 0.048126604826994
5.92 0.038206615035016
5.93 -0.040035168780933
5.94 -0.113172385440271
5.95 -0.083473382574359
5.96 -0.097249749108773
5.97 -0.067891837171937
5.98 -0.067141506455579
5.99 -0.037857938741135
6.0 -0.03346618843437
6.01 0.014835907312354
6.02 0.021995437890374
6.03 -0.012467024421072
6.04 0.03592776682931
6.05 0.030979521078485
6.06 0.044660945907786
6.07 0.069487802309188
6.08 0.107220545927857
6.09 0.145403189038401
6.1 0.201342533028689
6.11 0.248126658210309
6.12 0.242602073156022
6.13 0.244391807190518
6.14 0.246919141031264
6.15 0.233770298151666
6.16 0.238428363299963
6.17 0.234292882241643
6.18 0.249750232477532
6.19 0.250856318693639
6.2 0.238151595113596
6.21 0.171776309653178
6.22 0.095471975791967
6.23 0.063352327351943
6.24 0.047160127622311
6.25 0.047422034797105
6.26 0.03701609313285
6.27 0.024713804723113
6.28 0.007420743394048
6.29 -0.027454879358022
6.3 -0.075764894926448
6.31 -0.119148934200497
6.32 -0.130613712546842
6.33 -0.125926481806612
6.34 -0.113759305510837
6.35 -0.100386022228518
6.36 -0.092861950384432
6.37 -0.081359957975879
6.38 -0.074217518204995
6.39 -0.052176500522463
6.4 -0.03106759425085
6.41 -0.022576181593849
6.42 -0.01276540508104
6.43 -0.016826673876527
6.44 -0.012590014883655
6.45 -0.011031228606605
6.46 0.016728805088462
6.47 0.061761580093571
6.48 0.099655779972471
6.49 0.102848164473495
6.5 0.087005455711919
6.51 0.070762784488952
6.52 0.03036704334294
6.53 0.003005256353657
6.54 -0.021022134239681
6.55 0.001818284369661
6.56 0.037104345216646
6.57 0.057183550434946
6.58 0.063106792057487
6.59 0.062098208720136
6.6 0.052696942737562
6.61 0.033687099437066
6.62 0.014454345612534
6.63 0.028368487540393
6.64 0.049279610448907
6.65 0.059940653798731
6.66 0.063328323252493
6.67 0.035616001844344
6.68 -0.016797915141007
6.69 -0.018972882709316
6.7 -0.041320171312227
6.71 -0.041769236224017
6.72 -0.034799868612954
6.73 -0.02120887906252
6.74 -0.012362576115702
6.75 -0.006332098030659
6.76 0.006089038031726
6.77 0.019455850687955
6.78 0.012644961176308
6.79 0.021269447973183
6.8 0.024268029018629
6.81 0.057771466248902
6.82 0.062059153686353
6.83 0.089365210250318
6.84 0.102317583899905
6.85 0.125779896567452
6.86 0.140480493544839
6.87 0.154049603149249
6.88 0.141533733906977
6.89 0.135871242128697
6.9 0.110508861310064
6.91 0.139512460435187
6.92 0.147375378652686
6.93 0.150578485042574
6.94 0.143287497463305
6.95 0.143263311288826
6.96 0.160998622586543
6.97 0.157817080972202
6.98 0.133144790648435
6.99 0.12706308573098
7.0 0.138014302075233
7.01 0.133168597245844
7.02 0.115674369850354
7.03 0.116850457024637
7.04 0.116467252598376
7.05 0.105141497088556
7.06 0.095710819427864
7.07 0.086910290594793
7.08 0.066431470072635
7.09 0.027401593717137
7.1 -0.031500171838057
7.11 -0.093494067572842
7.12 -0.141165297557778
7.13 -0.195796926057287
7.14 -0.254618792982652
7.15 -0.289083364643816
7.16 -0.31459294077487
7.17 -0.345744330288262
7.18 -0.410676520500418
7.19 -0.462904230563151
7.2 -0.489509598827187
7.21 -0.495343976519348
7.22 -0.50240548023411
7.23 -0.509825516159363
7.24 -0.511622745487704
7.25 -0.512043814896974
7.26 -0.498287113830798
7.27 -0.492255290428084
7.28 -0.414714797162261
7.29 -0.239246503707503
7.3 -0.214688881766804
7.31 -0.258952979421014
7.32 -0.184113432246744
7.33 -0.202049525285628
7.34 -0.180955880581729
7.35 -0.14537910090806
7.36 -0.111815824263547
7.37 -0.027122861525084
7.38 0.087513715010628
7.39 0.180242944048912
7.4 0.193614153262972
7.41 0.210513368912676
7.42 0.269641288330596
7.43 0.300263450838662
7.44 0.308985355584234
7.45 0.335786302986167
7.46 0.346128516872105
7.47 0.343248991754763
7.48 0.357042450761951
7.49 0.366346178395335
7.5 0.378302183839401
7.51 0.405596083499618
7.52 0.430218517071868
7.53 0.447154642097625
7.54 0.471508799437572
7.55 0.495478828993808
7.56 0.490437084171712
7.57 0.476710334223106
7.58 0.45772809312515
7.59 0.295789586339332
7.6 0.098702001666338
7.61 0.141243346720583
7.62 0.141428282200527
7.63 0.088044196757244
7.64 0.097967794724127
7.65 0.064746644096401
7.66 0.033087005034593
7.67 -0.024201371984962
7.68 -0.127834024820507
7.69 -0.267804409973933
7.7 -0.3324887781892
7.71 -0.316310545611953
7.72 -0.348314727037341
7.73 -0.396315252309251
7.74 -0.405245334721571
7.75 -0.408274147363299
7.76 -0.417872753860644
7.77 -0.413667444055171
7.78 -0.401538417130726
7.79 -0.395218366300668
7.8 -0.36057178322152
7.81 -0.341292677746817
7.82 -0.356448971903104
7.83 -0.356110647795016
7.84 -0.36357260656509
7.85 -0.365670918429735
7.86 -0.347163258508462
7.87 -0.317486391449259
7.88 -0.229090560222784
7.89 -0.126155888941583
7.9 -0.032907140307135
7.91 -0.03616612888961
7.92 -0.029456992453564
7.93 -0.03540597751289
7.94 -0.042109620780307
7.95 -0.051857877737929
7.96 -0.045097823949275
7.97 -0.027942576179988
7.98 0.000597334346682
7.99 0.03406406864714
8.0 0.045903595197849
8.01 0.024298720791359
8.02 0.017219240748236
8.03 0.000382887083262
8.04 -0.018060589054232
8.05 -0.033714494019631
8.06 -0.042776084860544
8.07 -0.073389171451549
8.08 -0.09389861837491
8.09 -0.095230609973341
8.1 -0.070442918300936
8.11 -0.005792271126185
8.12 0.03583308087439
8.13 0.027874756979162
8.14 0.066433315129665
8.15 0.052411029123649
8.16 0.056762233499441
8.17 0.047446131160184
8.18 0.046686813125941
8.19 0.055487866774661
8.2 0.167758824154694
8.21 0.290500918580072
8.22 0.308064739746798
8.23 0.324021125132055
8.24 0.359624410588043
8.25 0.3454682681347
8.26 0.325448565240757
8.27 0.315520099136384
8.28 0.290668428738818
8.29 0.296918899128717
8.3 0.338668424220492
8.31 0.385181100191748
8.32 0.425292952108305
8.33 0.444176159199279
8.34 0.457756006753717
8.35 0.47852801591548
8.36 0.458989977332103
8.37 0.452863349260268
8.38 0.432695108777755
8.39 0.424508530994312
8.4 0.376048224153854
8.41 0.097534915974425
8.42 0.10613817640335
8.43 0.132100992894723
8.44 0.088837647252172
8.45 0.075454883100371
8.46 0.063434851928431
8.47 0.031006136780268
8.48 -0.012300541586944
8.49 -0.092687438569746
8.5 -0.232015987279117
8.51 -0.352783081182062
8.52 -0.347922604407826
8.53 -0.361190912303636
8.54 -0.421641051327274
8.55 -0.425424640357317
8.56 -0.43263159957285
8.57 -0.439572112629973
8.58 -0.451212954475932
8.59 -0.474145301673672
8.6 -0.496012182347104
8.61 -0.526838397866631
8.62 -0.545756473810656
8.63 -0.566918902378276
8.64 -0.586708207661051
8.65 -0.573117908925141
8.66 -0.546028004312095
8.67 -0.491375776130948
8.68 -0.484616937242764
8.69 -0.438781761196088
8.7 -0.367557559518254
8.71 -0.261314596801386
8.72 -0.217504959198963
8.73 -0.214132263321366
8.74 -0.190475909007628
8.75 -0.140593594026058
8.76 -0.081739642712569
8.77 -0.018740723594108
8.78 0.037827031283518
8.79 0.126093938688175
8.8 0.22691586254961
8.81 0.291841040680725
8.82 0.335103022623445
8.83 0.359278876715741
8.84 0.38163276367678
8.85 0.412705349864995
8.86 0.430442977460036
8.87 0.443679852405741
8.88 0.455077203764576
8.89 0.463450725173727
8.9 0.46513533554368
8.91 0.467210482241655
8.92 0.46298390229087
8.93 0.460547716084174
8.94 0.433096200660561
8.95 0.443985557321939
8.96 0.437215977102697
8.97 0.431645134956355
8.98 0.431365095854042
8.99 0.413904762825802
9.0 0.376199724408825
9.01 0.323058541904681
9.02 0.23326947359312
9.03 0.15431252167423
9.04 0.113058285178323
9.05 0.123346948298318
9.06 0.110479875798451
9.07 0.10331517901514
9.08 0.083932023050782
9.09 0.058534381372472
9.1 0.017079672637278
9.11 -0.031272732707867
9.12 -0.079004557795416
9.13 -0.112521491240829
9.14 -0.130660697236318
9.15 -0.142040869046895
9.16 -0.168549772479091
9.17 -0.201600797468691
9.18 -0.228508811834549
9.19 -0.260680148079128
9.2 -0.290767422141034
9.21 -0.318437140218735
9.22 -0.337344538278993
9.23 -0.348934950889311
9.24 -0.363532758722155
9.25 -0.37531543835965
9.26 -0.388597338350414
9.27 -0.399363532677331
9.28 -0.405751684097275
9.29 -0.401842428701332
9.3 -0.396348979107967
9.31 -0.398656198755781
9.32 -0.349160406973738
9.33 -0.112875331981706
9.34 -0.219837380354807
9.35 -0.210372801331749
9.36 -0.222724249236137
9.37 -0.25864144139198
9.38 -0.265293645984104
9.39 -0.30942466547291
9.4 -0.313657060279608
9.41 -0.239325091435999
9.42 -0.100360828500774
9.43 -0.12933563298296
9.44 -0.124527006358101
9.45 -0.070964101341595
9.46 -0.072059356591437
9.47 -0.079812230688276
9.48 -0.067116207497751
9.49 -0.077914120422072
9.5 -0.05988042551191
9.51 -0.083218758481084
9.52 0.014930106267421
9.53 0.071781922172533
9.54 0.11694422143714
9.55 0.182052517744864
9.56 0.204400172515993
9.57 0.262901303742839
9.58 0.294664673918056
9.59 0.33907539438806
9.6 0.344206668468027
9.61 0.366582959537409
9.62 0.405003629161436
9.63 0.452000905588514
9.64 0.460034457176333
9.65 0.454024871652859
9.66 0.484670665563285
9.67 0.48795699104414
9.68 0.491042852389075
9.69 0.496453285020236
9.7 0.490254122928369
9.71 0.506715615229696
9.72 0.472829585480801
9.73 0.427320221962128
9.74 0.323155540906166
9.75 0.19938314799207
9.76 0.183858633754499
9.77 0.175543243673818
9.78 0.161277662745966
9.79 0.11917915457583
9.8 0.104672499531255
9.81 0.067491121343581
9.82 0.018361339364011
9.83 -0.060485101703642
9.84 -0.14899161290252
9.85 -0.214358957969314
9.86 -0.234750012243483
9.87 -0.247105841714481
9.88 -0.263693509764917
9.89 -0.272673661205952
9.9 -0.273167068016539
9.91 -0.268915539941908
9.92 -0.275893711429036
9.93 -0.290650797192591
9.94 -0.310931510275426
9.95 -0.339462583355626
9.96 -0.368475813049881
9.97 -0.391438358999621
9.98 -0.407223876055682
9.99 -0.409280917998591
10.0 -0.406288654091961
10.01 -0.407981907598864
10.02 -0.391476277769719
10.03 -0.310961728082344
10.04 0.024557213547924
10.05 -0.1058196467361
10.06 -0.077414398969506
10.07 -0.078879951831296
10.08 -0.097129844135943
10.09 -0.098979512187293
10.1 -0.095649108937515
10.11 -0.081675383116908
10.12 -0.013625043471319
10.13 0.13447924335766
10.14 0.214926121524258
10.15 0.148483844128141
10.16 0.191594030888303
10.17 0.232673674370589
10.18 0.213698729078748
10.19 0.251125644806183
10.2 0.257735530839204
10.21 0.284107532222726
10.22 0.30778881498669
10.23 0.330284311609608
10.24 0.351545874947424
10.25 0.372999906759521
10.26 0.387532862291435
10.27 0.390719434094053
10.28 0.419073306406356
10.29 0.427314352347711
10.3 0.424767459186232
10.31 0.421415392600699
10.32 0.27369027076792
10.33 -0.103036696163238
10.34 0.139620142066266
10.35 -0.006226276547393
10.36 0.054289402925181
10.37 0.050120338883518
10.38 0.043433417833036
10.39 0.038503159494642
10.4 0.012273539988827
10.41 -0.06826982640459
10.42 -0.237314028606376
10.43 -0.313824181492077
10.44 -0.221318624586114
10.45 -0.234587249831391
10.46 -0.262718375491325
10.47 -0.193953707968905
10.48 -0.188877379041454
10.49 -0.151621261538989
10.5 -0.140906120033938
10.51 -0.163219487550462
10.52 -0.13648710615562
10.53 -0.164050336588135
10.54 -0.148501435245715
10.55 -0.154630352594865
10.56 -0.128275415860467
10.57 -0.130944663969854
10.58 -0.143775055409746
10.59 -0.157447326578724
10.6 -0.200535184319503
10.61 -0.18553636058869
10.62 -0.115849116096767
10.63 -0.044102277791927
10.64 -0.127506793292164
10.65 -0.092600161106497
10.66 -0.132452942088536
10.67 -0.127743335500234
10.68 -0.136723009818729
10.69 -0.119942541322622
10.7 -0.082132080494717
10.71 -0.027976992244531
10.72 0.020972231271991
10.73 0.032327548999702
10.74 0.021293330959958
10.75 0.051279927000319
10.76 0.037848229366275
10.77 0.049018656475701
10.78 0.05309805432953
10.79 0.037518211917086
10.8 0.014356710997162
10.81 -0.019902198431461
10.82 -0.01675945677495
10.83 -0.027307170668053
10.84 -0.049245669810154
10.85 -0.054812075814776
10.86 -0.083221592209248
10.87 -0.103504341006156
10.88 -0.134066091782036
10.89 -0.160280827002797
10.9 -0.155831991502083
10.91 -0.146357253771898
10.92 -0.123136947882403
10.93 -0.088000646108595
10.94 -0.029996274819967
10.95 -0.03084484589717
10.96 -0.036634584126809
10.97 -0.038455288514306
10.98 -0.04255183042217
10.99 -0.029802966046302
11.0 -0.011895634522957
11.01 0.016866795585419
11.02 0.051319997504376
11.03 0.092826521251476
11.04 0.121738786982108
11.05 0.127116767075726
11.06 0.134324851747761
11.07 0.138983332114951
11.08 0.154801853662468
11.09 0.189791080648321
11.1 0.213312406218988
11.11 0.213370026440311
11.12 0.215664401791366
11.13 0.246228775402745
11.14 0.26667376857292
11.15 0.26751900202692
11.16 0.279943670550773
11.17 0.306977194091211
11.18 0.325046483587383
11.19 0.344738584856615
11.2 0.355917749778266
11.21 0.346480227193729
11.22 0.336665797817033
11.23 0.326815486188816
11.24 0.285260321761486
11.25 0.196485262933092
11.26 0.222110085378042
11.27 0.213081143775043
11.28 0.201277472188582
11.29 0.180196967337095
11.3 0.150176169563618
11.31 0.118856036567772
11.32 0.05585793964007
11.33 -0.003849452577854
11.34 -0.083205587868989
11.35 -0.111115630480451
11.36 -0.123663671739788
11.37 -0.159881291996944
11.38 -0.192522109162382
11.39 -0.216816289697809
11.4 -0.257270479853879
11.41 -0.283584634723756
11.42 -0.316271695911797
11.43 -0.344124950654648
11.44 -0.350029115437444
11.45 -0.36533711941482
11.46 -0.369186613254283
11.47 -0.375832618827795
11.48 -0.361409991575386
11.49 -0.346754561837046
11.5 -0.344886387092098
11.51 -0.344133731277651
11.52 -0.367497567598274
11.53 -0.33947904104116
11.54 -0.223427628298381
11.55 -0.150625415630076
11.56 -0.175043476348972
11.57 -0.136347004447388
11.58 -0.097320567663529
11.59 -0.067203273517262
11.6 -0.054739767612994
11.61 -0.027256883469756
11.62 0.014398314317279
11.63 0.087447164742704
11.64 0.148302178395645
11.65 0.159537181183203
11.66 0.149003098866908
11.67 0.166935321954687
11.68 0.182622939266462
11.69 0.183985178915172
11.7 0.195677522534681
11.71 0.208110402548396
11.72 0.225842550080677
11.73 0.24174651075916
11.74 0.253768310774581
11.75 0.263492844634139
11.76 0.264597331520717
11.77 0.261585731760517
11.78 0.271258919267758
11.79 0.291895046703316
11.8 0.30044216547558
11.81 0.317921121945372
11.82 0.332141796910736
11.83 0.337931775039671
11.84 0.338977605907645
11.85 0.325736477879915
11.86 0.30732055127106
11.87 0.233693830786756
11.88 0.150282033629446
11.89 0.197593237793317
11.9 0.179081521083777
11.91 0.207908543164202
11.92 0.189637870621503
11.93 0.199850389539042
11.94 0.169966332526384
11.95 0.1402885158979
11.96 0.060718208215232
11.97 -0.001330282770073
11.98 -0.007972825781636
11.99 -0.012874813993867
12.0 -0.046764520300983
12.01 -0.051200670882442
12.02 -0.078687484192873
12.03 -0.090123236129913
12.04 -0.109327617457887
12.05 -0.127976335280052
12.06 -0.142579132363799
12.07 -0.167860563031883
12.08 -0.188028158727844
12.09 -0.217777388730484
12.1 -0.246545402450225
12.11 -0.275976036087799
12.12 -0.295978872774625
12.13 -0.315176626063173
12.14 -0.326035969431403
12.15 -0.332218435853149
12.16 -0.336802860411039
12.17 -0.334081789338525
12.18 -0.326274033910365
12.19 -0.310037862367317
12.2 -0.280858793865915
12.21 -0.284021449664927
12.22 -0.276376220618138
12.23 -0.247714795542646
12.24 -0.186747496725318
12.25 -0.186624285729245
12.26 -0.183675575357018
12.27 -0.157812055592346
12.28 -0.12847785264703
12.29 -0.099105588638056
12.3 -0.069985460801548
12.31 -0.049756306411582
12.32 -0.017403414083663
12.33 0.023079934935755
12.34 0.038733829307271
12.35 0.030937925127359
12.36 0.031812952810014
12.37 0.041962308140003
12.38 0.04577014579694
12.39 0.059509025458557
12.4 0.074599404932762
12.41 0.089263950589589
12.42 0.100988741785215
12.43 0.108280683556956
12.44 0.109456208966897
12.45 0.106606718764178
12.46 0.102791326434357
12.47 0.09907813507811
12.48 0.09426985172176
12.49 0.090177536413953
12.5 0.071435135589619
12.51 0.02175459805405
12.52 0.020966074627384
12.53 0.029038835404881
12.54 0.043610649254525
12.55 0.045043783493751
12.56 0.05776611221826
12.57 0.070396777182332
12.58 0.075451028189826
12.59 0.056566601747412
12.6 0.03683015553685
12.61 0.036440267710346
12.62 0.032801100470808
12.63 0.053363542918493
12.64 0.087703113767334
12.65 0.093474455953819
12.66 0.094472620173028
12.67 0.064084324074022
12.68 0.032033876055407
12.69 0.022439009423396
12.7 0.022117944657492
12.71 0.017287284309837
12.72 0.027031611838872
12.73 0.045120346152659
12.74 0.037251805512197
12.75 0.016891908143651
12.76 -0.026768394885364
12.77 -0.068179998394534
12.78 -0.088681576374161
12.79 -0.109608211005699
12.8 -0.119902894216781
12.81 -0.129550235927424
12.82 -0.127791153712775
12.83 -0.126407727649704
12.84 -0.123119310502089
12.85 -0.119681368122567
12.86 -0.116389044052872
12.87 -0.114682534920867
12.88 -0.120954328732234
12.89 -0.120533790405578
12.9 -0.100380936797661
12.91 -0.084351179047068
12.92 -0.076498629884369
12.93 -0.051410310342208
12.94 -0.043858613611451
12.95 -0.041114521331605
12.96 -0.039740389098043
12.97 -0.021905131679
12.98 -2.2761269096e-05
12.99 0.028000300195437
13.0 0.049111901349376
13.01 0.059207222807154
13.02 0.07305056996706
13.03 0.077513939785463
13.04 0.072682235160943
13.05 0.074205810203428
13.06 0.076927259835269
13.07 0.07823275224708
13.08 0.068592444853572
13.09 0.057057309295532
13.1 0.057467335855085
13.11 0.071638323438212
13.12 0.067995911465595
13.13 0.07061504226456
13.14 0.07625332843068
13.15 0.05249362526799
13.16 0.032488460974212
13.17 0.01062105711341
13.18 -0.007942931537334
13.19 -0.009189194843979
13.2 -0.009534294412435
13.21 -0.020213430848247
13.22 -0.028257766154875
13.23 -0.041893114312019
13.24 -0.066493854443801
13.25 -0.0825820205004
13.26 -0.09182141477924
13.27 -0.099343032105857
13.28 -0.10623448511389
13.29 -0.113595464457334
13.3 -0.11648532519024
13.31 -0.119096450151849
13.32 -0.11692756791032
13.33 -0.113673516054267
13.34 -0.103446124059262
13.35 -0.092251416600399
13.36 -0.082152592428591
13.37 -0.081232978487472
13.38 -0.080355851788402
13.39 -0.073221506469726
13.4 -0.053297408327036
13.41 -0.023399983400885
13.42 0.002264120091309
13.43 0.02424353722442
13.44 0.047424292614296
13.45 0.060519378311863
13.46 0.064773914776529
13.47 0.063593263090459
13.48 0.068336503841797
13.49 0.078542539840903
13.5 0.089688582899302
13.51 0.096776815855772
13.52 0.097903647556957
13.53 0.096318207028004
13.54 0.090755722342925
13.55 0.078441125723442
13.56 0.064631197237584
13.57 0.043447898503146
13.58 0.015293825965063
13.59 -0.001799562504698
13.6 -0.010575796942387
13.61 -0.020536384821889
13.62 -0.032206249821015
13.63 -0.043444961202041
13.64 -0.057542743906079
13.65 -0.072812536017274
13.66 -0.090810939492144
13.67 -0.105149643442721
13.68 -0.115294370177773
13.69 -0.124985679128628
13.7 -0.128413496141169
13.71 -0.131566461343148
13.72 -0.128273117607652
13.73 -0.122509531342038
13.74 -0.107293703960139
13.75 -0.092886797311609
13.76 -0.076448992419199
13.77 -0.069344680067395
13.78 -0.054508895289669
13.79 -0.039809322485387
13.8 -0.025686451765227
13.81 -0.014134824758083
13.82 0.003162219834483
13.83 0.020971217560286
13.84 0.036363540215143
13.85 0.048156356261906
13.86 0.057990271034354
13.87 0.071721820656076
13.88 0.087048406637896
13.89 0.097580297929464
13.9 0.104794311020743
13.91 0.110675677512096
13.92 0.117080181084926
13.93 0.122346103660818
13.94 0.124851369768144
13.95 0.120019432015093
13.96 0.11165634459762
13.97 0.117821285832526
13.98 0.120572703607054
13.99 0.112572929264562
14.0 0.110724525775806
14.01 0.072354334035342
14.02 0.078967819504471
14.03 0.061799461618
14.04 0.048705659314528
14.05 0.032795862221118
14.06 0.031674571230512
14.07 0.031620605842155
14.08 0.028792883078289
14.09 0.011609613090684
14.1 -0.006128993163316
14.11 -0.012425603188269
14.12 -0.015410755886366
14.13 -0.034262986059799
14.14 -0.034892515779378
14.15 -0.038724393774467
14.16 -0.029230176254527
14.17 -0.021450409616588
14.18 -0.012344632966912
14.19 -0.010024647631059
14.2 -0.002247344043558
14.21 -0.000204674110582
14.22 0.00491829718973
14.23 0.008855308358675
14.24 0.019519576033964
14.25 0.033425568532325
14.26 0.045786849303889
14.27 0.050595738317901
14.28 0.045841997789064
14.29 0.035928798167271
14.3 0.021583038860177
14.31 -0.002580705298867
14.32 -0.016336038329211
14.33 -0.015296972799647
14.34 -0.01421853817696
14.35 -0.006900292510104
14.36 -0.009533768331533
14.37 -0.013680220942478
14.38 -0.020036504704553
14.39 -0.029153747324323
14.4 -0.044960071699779
14.41 -0.052424200832145
14.42 -0.045343781124262
14.43 -0.048185099460787
14.44 -0.05694348320636
14.45 -0.066164300811871
14.46 -0.080089003324548
14.47 -0.08482623212015
14.48 -0.087137499904688
14.49 -0.098932403628464
14.5 -0.102548008638153
14.51 -0.103112118941552
14.52 -0.103316747013646
14.53 -0.108257185269719
14.54 -0.114309296611223
14.55 -0.126484259835367
14.56 -0.128177329911859
14.57 -0.127825619283936
14.58 -0.128281994836597
14.59 -0.133777326683527
14.6 -0.128425125529939
14.61 -0.129051950209782
14.62 -0.132734114421889
14.63 -0.128287994371563
14.64 -0.121498432330753
14.65 -0.106431982061845
14.66 -0.099455662969175
14.67 -0.084365678998757
14.68 -0.075207907238815
14.69 -0.063240396444396
14.7 -0.052011610976944
14.71 -0.037303551580215
14.72 -0.020488294596927
14.73 -0.001491477122047
14.74 0.008993674825711
14.75 0.012710918632659
14.76 0.020796689151913
14.77 0.034143684115336
14.78 0.048052112037562
14.79 0.06513529695507
14.8 0.083952512063865
14.81 0.100771392541842
14.82 0.114218946093432
14.83 0.121691902903586
14.84 0.125435704802078
14.85 0.128876974604953
14.86 0.132609349750374
14.87 0.131080696223039
14.88 0.131347092521459
14.89 0.134109064041794
14.9 0.132407714807277
14.91 0.133170422327969
14.92 0.116251020841741
14.93 0.092888216292194
14.94 0.087592543838451
14.95 0.088218151822631
14.96 0.082841478839565
14.97 0.078467506300808
14.98 0.067559831459364
14.99 0.055362991990227
15.0 0.048213916860526
15.01 0.034596773625482
15.02 0.010886065887626
15.03 0.005276294290731
15.04 0.001877252318346
15.05 -0.002499649243503
15.06 -0.009080176757873
15.07 -0.012776256385551
15.08 -0.015193226311352
15.09 -0.011602712468519
15.1 -0.011914739922843
15.11 -0.016989871179656
15.12 -0.022229469486755
15.13 -0.028168070748787
15.14 -0.037590652140781
15.15 -0.0423146263076
15.16 -0.050834972119137
15.17 -0.053437334405284
15.18 -0.051172441761189
15.19 -0.047097157354767
15.2 -0.042281857177172
15.21 -0.038429130063826
15.22 -0.032243697090155
15.23 -0.004231339742866
15.24 0.007487474802277
15.25 -0.004412350424098
15.26 -0.000133428569016
15.27 -0.003404636335583
15.28 -0.000687217831443
15.29 0.000873641953593
15.3 0.005293369354136
15.31 0.016296312758088
15.32 0.034214948113582
15.33 0.038035184610446
15.34 0.028152745679115
15.35 0.033634639789721
15.36 0.032639969229683
15.37 0.027325530353921
15.38 0.023751733553411
15.39 0.029717991960713
15.4 0.037664234096564
15.41 0.034721564183208
15.42 0.032346062164384
15.43 0.028883712453076
15.44 0.01865183887033
15.45 0.004345991488407
15.46 -0.011740641651459
15.47 -0.020067082297355
15.48 -0.017991673226053
15.49 -0.007049473998196
15.5 0.003907246565225
15.51 0.012023286320485
15.52 0.025772661025407
15.53 0.041371851226178
15.54 0.0438495402222
15.55 0.050583342187512
15.56 0.056535300829787
15.57 0.061393381501332
15.58 0.057281494585541
15.59 0.085344834389214
15.6 0.112485393893633
15.61 0.131522438577804
15.62 0.146397070576392
15.63 0.149863918410253
15.64 0.163415952299288
15.65 0.167666098596306
15.66 0.155323253667434
15.67 0.145946771947009
15.68 0.145239955711755
15.69 0.137857699250254
15.7 0.09590486614648
15.71 0.039472532611192
15.72 0.053542674704114
15.73 0.031927397350459
15.74 0.023685009129505
15.75 0.003924634415582
15.76 -0.009856898062679
15.77 -0.026031710274109
15.78 -0.055671710478261
15.79 -0.087422323166699
15.8 -0.117075850642275
15.81 -0.116785497386881
15.82 -0.104503388958536
15.83 -0.116059788786981
15.84 -0.110598276054781
15.85 -0.114789854928142
15.86 -0.117158732641819
15.87 -0.12118989646747
15.88 -0.125976850388293
15.89 -0.12345364815315
15.9 -0.125266725433549
15.91 -0.130007619640558
15.92 -0.135865878400185
15.93 -0.129444745513094
15.94 -0.120117242690315
15.95 -0.139381976423604
15.96 -0.118001262336511
15.97 -0.045208875216238
15.98 -0.005849264199645
15.99 -0.029721558574977
16.0 -0.01117168711944
16.01 -0.009569550989164
16.02 0.001673458918141
16.03 0.0109970880656
16.04 0.008606734932105
16.05 0.03206319417422
16.06 0.082293899212517
16.07 0.102938871699857
16.08 0.074739518158697
16.09 0.075863882703137
16.1 0.068778457999794
16.11 0.058278550408696
16.12 0.04444738572923
16.13 0.026328802153296
16.14 0.041294367571779
16.15 0.035389366145404
16.16 0.050600024771869
16.17 0.048676874698181
16.18 0.046983645972036
16.19 0.037182856010033
16.2 0.024381611694747
16.21 0.010937613765267
16.22 -0.007609454686167
16.23 -0.021036143232321
16.24 -0.019441678072511
16.25 0.013885828778858
16.26 0.027062504375826
16.27 0.044772691971942
16.28 0.058389877558875
16.29 0.062410249112789
16.3 0.068781525489936
16.31 0.063548628315981
16.32 0.063373404344291
16.33 0.061867971981889
16.34 0.06225469578376
16.35 0.071820905055567
16.36 0.08233956085111
16.37 0.08116207366331
16.38 0.088903102746205
16.39 0.088704131846162
16.4 0.106338261261379
16.41 0.112602171962476
16.42 0.097777954746304
16.43 0.092963496926319
16.44 0.049074473451098
16.45 0.017655827627326
16.46 0.024514418260824
16.47 0.011222612152253
16.48 0.023624436643428
16.49 0.009109772340343
16.5 0.012301206338256
16.51 -0.010884374867004
16.52 -0.020670350925198
16.53 -0.058619591363045
16.54 -0.069831497288454
16.55 -0.060921832029517
16.56 -0.058231821477623
16.57 -0.059049077700855
16.58 -0.060068414750203
16.59 -0.063428996430582
16.6 -0.064956632811426
16.61 -0.074734394168422
16.62 -0.079093148774122
16.63 -0.084563609506997
16.64 -0.081975558542086
16.65 -0.084967204547497
16.66 -0.090347506728129
16.67 -0.094621901052008
16.68 -0.097638083914717
16.69 -0.098564919170154
16.7 -0.10261446843176
16.71 -0.101204918576374
16.72 -0.092980674442385
16.73 -0.075892764314869
16.74 -0.04029472843936
16.75 -0.041531026486319
16.76 -0.033264279741539
16.77 -0.03187703503032
16.78 -0.022987950152999
16.79 -0.018705240682645
16.8 -0.0046312644139
16.81 0.008129702056342
16.82 0.030177513493897
16.83 0.048379722892594
16.84 0.052688968986506
16.85 0.05051670570439
16.86 0.054184211362715
16.87 0.049051027962295
16.88 0.041823350428219
16.89 0.024077374434808
16.9 0.015292302888067
16.91 0.010714818937641
16.92 0.005402973369283
16.93 0.00602715990755
16.94 0.010053501959911
16.95 0.018308945977174
16.96 0.02285760978852
16.97 0.018795785360139
16.98 0.01056717576538
16.99 -0.009758652752451
17.0 -0.015125842826855
17.01 -0.015449194406376
17.02 -0.016479197213819
17.03 -0.016014883835548
17.04 -0.009433920792748
17.05 -0.005934051623466
17.06 0.006161279442356
17.07 0.015046944097263
17.08 0.031207623008485
17.09 0.04179131430342
17.1 0.047581934335646
17.11 0.03990817269085
17.12 0.03577155027682
17.13 0.027717295150328
17.14 0.025565004256364
17.15 0.03904680813126
17.16 0.046465890457975
17.17 0.048590155407748
17.18 0.060841655427027
17.19 0.040022486976298
17.2 0.017522107652049
17.21 0.002944653313509
17.22 -0.002048903066069
17.23 -0.007893657636838
17.24 -0.003062999943635
17.25 -0.006176307636044
17.26 -0.013552404477856
17.27 -0.020808258223025
17.28 -0.047862402592514
17.29 -0.074586509949939
17.3 -0.094513758395935
17.31 -0.106803560313213
17.32 -0.119789529064536
17.33 -0.122902304567159
17.34 -0.122742840586207
17.35 -0.120832743426845
17.36 -0.112075315884662
17.37 -0.116668302397586
17.38 -0.121219046726635
17.39 -0.127666544215555
17.4 -0.136453921077545
17.41 -0.141117475671715
17.42 -0.14054883644312
17.43 -0.135648775479525
17.44 -0.109923626223043
17.45 -0.053531991282665
17.46 -0.035301771346522
17.47 -0.029851552019934
17.48 -0.012464420720821
17.49 -0.007855900688571
17.5 0.006243805243329
17.51 0.0190465317162
17.52 0.040866402160833
17.53 0.072712208911715
17.54 0.114297157404978
17.55 0.136286952726018
17.56 0.141529113879485
17.57 0.152927261456827
17.58 0.156876644304519
17.59 0.1550678408359
17.6 0.158988067590098
17.61 0.155633722672628
17.62 0.15564233527278
17.63 0.144190354003662
17.64 0.134683684636979
17.65 0.115936077223667
17.66 0.093010415396463
17.67 0.086819458381881
17.68 0.073329560168305
17.69 0.064086820602725
17.7 0.044834619052877
17.71 0.025539793045634
17.72 0.01021612209384
17.73 0.000172127268992
17.74 -0.011323486506626
17.75 -0.022153946346836
17.76 -0.024454572109593
17.77 -0.027659681172965
17.78 -0.0402185624595
17.79 -0.057307847263619
17.8 -0.071448318505288
17.81 -0.080660765604607
17.82 -0.082216594125915
17.83 -0.089742514769613
17.84 -0.091984297188945
17.85 -0.097599977243973
17.86 -0.095633569035727
17.87 -0.094058040815546
17.88 -0.088378044308182
17.89 -0.078290678463776
17.9 -0.029603178629466
17.91 0.036138094182778
17.92 0.011940913877673
17.93 0.025001770511543
17.94 0.023179206744174
17.95 0.034459009731974
17.96 0.039617014601398
17.97 0.052028386294542
17.98 0.070175627120981
17.99 0.109174902228011
18.0 0.137165106900987
18.01 0.124797561000513
18.02 0.112801621852489
18.03 0.113248373764982
18.04 0.088319675706227
18.05 0.084562663363312
18.06 0.073172027488927
18.07 0.071282605880589
18.08 0.062661298182282
18.09 0.055011424805977
18.1 0.047538673747374
18.11 0.039273538585541
18.12 0.035858567824186
18.13 0.032339569073169
18.14 0.026018945949425
18.15 0.011264606289535
18.16 -0.010871222428625
18.17 -0.002683889006508
18.18 0.012133102901385
18.19 0.018223848288269
18.2 0.033329219663835
18.21 0.031033540377803
18.22 0.034342371009339
18.23 0.019157404602466
18.24 0.002955294038873
18.25 -0.017460410170546
18.26 -0.00862764694213
18.27 -0.004727621630151
18.28 0.000714048451095
18.29 -0.024315446566258
18.3 -0.029587132595388
18.31 -0.045535057169922
18.32 -0.059306575369538
18.33 -0.071946448910713
18.34 -0.078447314910416
18.35 -0.077583372310042
18.36 -0.073750389540866
18.37 -0.07146322639298
18.38 -0.07645773105388
18.39 -0.07908108110266
18.4 -0.070291668818258
18.41 -0.056809689441489
18.42 -0.028612749155392
18.43 -0.026825156106481
18.44 -0.018535133482795
18.45 -0.011990591870385
18.46 -0.009108818978708
18.47 -0.005738719474593
18.48 -0.003216768351558
18.49 -2.3776265422e-05
18.5 0.007319417281753
18.51 0.015941115534986
18.52 0.011919060602612
18.53 0.00992087984426
18.54 0.00968884855016
18.55 -0.002762809644096
18.56 -0.005588468865194
18.57 -0.006697452297031
18.58 -0.003064461079616
18.59 -0.002341521086676
18.6 -0.002471580992735
18.61 -0.003162036859362
18.62 -0.002794769425806
18.63 -0.004994553782012
18.64 -0.015335891274581
18.65 -0.033590088512422
18.66 -0.040305429522242
18.67 -0.03646982074902
18.68 -0.032463251897686
18.69 -0.030934081734287
18.7 -0.028345611577278
18.71 -0.030616701528197
18.72 -0.031668166361933
18.73 -0.037922781572554
18.74 -0.039734959027637
18.75 -0.037400411602881
18.76 -0.037881126775254
18.77 -0.040346327270954
18.78 -0.040773414411593
18.79 -0.038650468283065
18.8 -0.03899251788616
18.81 -0.040646509799992
18.82 -0.034331416197409
18.83 -0.027318191726777
18.84 -0.013868363700041
18.85 -0.005220699239277
18.86 0.002377076832444
18.87 0.007072098750339
18.88 0.01977124803623
18.89 0.027867230627051
18.9 0.03177486791169
18.91 0.034724014981858
18.92 0.037035985667224
18.93 0.042083028254148
18.94 0.059058005513474
18.95 0.062940491553947
18.96 0.071057069652948
18.97 0.077180327074924
18.98 0.078282572309584
18.99 0.071664430780365
19.0 0.059694454209534
19.01 0.047651870296567
19.02 0.016759210567872
19.03 -0.005407597751231
19.04 -0.003590714349796
19.05 -0.014949380562446
19.06 -0.017574301060157
19.07 -0.030020371434758
19.08 -0.041425259961268
19.09 -0.057180590623601
19.1 -0.07911506333926
19.11 -0.102708403343405
19.12 -0.117035302899122
19.13 -0.115270448910501
19.14 -0.110618487769798
19.15 -0.106249931038231
19.16 -0.106159669989872
19.17 -0.106597501007679
19.18 -0.103021438740654
19.19 -0.098121295064041
19.2 -0.085620541457659
19.21 -0.072361745925724
19.22 -0.050813252316366
19.23 -0.030359155341541
19.24 -0.013894123625969
19.25 -0.007783827208691
19.26 0.002468447811152
19.27 0.016897158457427
19.28 0.031691113361184
19.29 0.042240150300781
19.3 0.049135433233038
19.31 0.060054806415422
19.32 0.073565608043375
19.33 0.078743242255443
19.34 0.079472063213421
19.35 0.081493873571964
19.36 0.090412913012553
19.37 0.101254692395243
19.38 0.105378405270564
19.39 0.109675614441987
19.4 0.110557532840118
19.41 0.110239396845213
19.42 0.11380377584347
19.43 0.111155678933247
19.44 0.105586925468639
19.45 0.097033704358616
19.46 0.073501205100235
19.47 0.041005090425957
19.48 0.046564886283238
19.49 0.041037086936903
19.5 0.044094588705237
19.51 0.042609629393717
19.52 0.03860829455677
19.53 0.031807547764426
19.54 0.018937805277939
19.55 -0.000466741954553
19.56 -0.015859798283466
19.57 -0.011024837882991
19.58 -0.012364956138123
19.59 -0.011373777775962
19.6 -0.006656072144349
19.61 -0.000254932343617
19.62 0.008451964955662
19.63 0.013149386934547
19.64 0.025216280551999
19.65 0.035437790271058
19.66 0.047825303674636
19.67 0.056593262483527
19.68 0.062893108558691
19.69 0.072560331893455
19.7 0.086921011282407
19.71 0.094510771283286
19.72 0.084429955686405
19.73 0.063271591927031
19.74 0.020957130801991
19.75 -0.015799506556766
19.76 -0.014550076647935
19.77 -0.025401710492977
19.78 -0.022076793931209
19.79 -0.017043206622876
19.8 -0.009445462288442
19.81 -0.018763935997515
19.82 -0.047292522995087
19.83 -0.09013126150105
19.84 -0.113920171057922
19.85 -0.099028768444441
19.86 -0.10059260390939
19.87 -0.084396133960214
19.88 -0.065093003851564
19.89 -0.049594353298793
19.9 -0.03316902542015
19.91 -0.052217176345227
19.92 -0.057646724039279
19.93 -0.062991356789867
19.94 -0.058799404292666
19.95 -0.060643776003724
19.96 -0.059346001665536
19.97 -0.05318697819564
19.98 -0.047408562961523
19.99 -0.03223908846774
20.0 -0.003284984082093
20.01 -0.014343355936994
20.02 -0.030188637416852
20.03 -0.038773999323222
20.04 -0.051941247268369
20.05 -0.044616545556402
20.06 -0.039447936071714
20.07 -0.024456152725532
20.08 -0.010925435533401
20.09 0.018725948851073
20.1 0.008793217235799
20.11 0.005129225463552
20.12 0.007047425941136
20.13 0.009590286774129
20.14 0.016052874792729
20.15 0.026359048969865
20.16 0.031436643479541
20.17 0.036478053051531
20.18 0.042365944959975
20.19 0.044553835956077
20.2 0.039353958512638
20.21 0.037349428099512
20.22 0.033080567839773
20.23 0.027258541314638
20.24 -0.002199078269883
20.25 -0.015415918182693
20.26 -0.004429314338527
20.27 -0.00167070146056
20.28 -0.004286812567058
20.29 -0.007354442204836
20.3 -0.011634958023207
20.31 -0.01831379730674
20.32 -0.031335109291613
20.33 -0.045834609401805
20.34 -0.045795475303189
20.35 -0.027134560474098
20.36 -0.021455765234577
20.37 -0.024887937689435
20.38 -0.021262995848746
20.39 -0.02430463562749
20.4 -0.029635785109728
20.41 -0.031451149379899
20.42 -0.028404373000107
20.43 -0.023708045069828
20.44 -0.017220760470127
20.45 -0.012532858597846
20.46 -0.005395307026802
20.47 0.003266340147387
20.48 0.005953664654122
20.49 -0.008403268326412
20.5 -0.028196458388114
20.51 -0.03350554487123
20.52 -0.042386880765772
20.53 -0.043182693865541
20.54 -0.037227010932447
20.55 -0.027230146225011
20.56 -0.017847955784161
20.57 -0.014495498997635
20.58 -0.019013871571403
20.59 -0.016580085224827
20.6 -0.013772754306288
20.61 -0.012837978471222
20.62 -0.009225665714036
20.63 -0.000696030655194
20.64 0.004949541427707
20.65 0.009105032940029
20.66 0.00976618443029
20.67 0.013293402023016
20.68 0.017240729823957
20.69 0.018756329423445
20.7 0.018021272871138
20.71 0.022079779528314
20.72 0.025514876981143
20.73 0.030802112402455
20.74 0.031220050573315
20.75 0.030601565888438
20.76 0.025687638277532
20.77 0.018286824091001
20.78 0.011386252641133
20.79 0.006832579656573
20.8 0.001701993993606
20.81 -0.003545916065404
20.82 -0.008206380097272
20.83 -0.010195220072385
20.84 -0.008402162825273
20.85 -0.004679811264358
20.86 -0.001876765052035
20.87 0.001474633783477
20.88 0.010144765201399
20.89 0.018038690791545
20.9 0.015592955252916
20.91 0.01338000454429
20.92 0.012780441860144
20.93 0.011216565669863
20.94 0.009916268099371
20.95 0.007946259231221
20.96 0.003970757866755
20.97 0.000914383591689
20.98 -0.000225908311962
20.99 -0.003056363639342
21.0 -0.003965103589654
21.01 -0.008537201926956
21.02 -0.012784489776143
21.03 -0.013479099223013
21.04 -0.016047422039004
21.05 -0.017132293918646
21.06 -0.016042829160737
21.07 -0.019193301726645
21.08 -0.025959872968092
21.09 -0.03063103664235
21.1 -0.037000043182752
21.11 -0.038105164264712
21.12 -0.03579994814049
21.13 -0.028512537057738
21.14 -0.019449860301526
21.15 -0.01751009284521
21.16 -0.015470416546923
21.17 -0.012489101676885
21.18 -0.010992006682754
21.19 -0.004611476575084
21.2 0.002102414660885
21.21 0.006157017262631
21.22 0.007460459889245
21.23 0.006623943600598
21.24 0.003342291382015
21.25 0.005816231128528
21.26 0.011346492858839
21.27 0.016076123159997
21.28 0.024102869497173
21.29 0.030964923457625
21.3 0.036264709156538
21.31 0.042419405292597
21.32 0.048403918791086
21.33 0.053776885744199
21.34 0.056910688113711
21.35 0.053480943153987
21.36 0.048209109114736
21.37 0.059119250016367
21.38 0.062859438294132
21.39 0.063579645854857
21.4 0.06202020450152
21.41 0.063401153471656
21.42 0.056863369844994
21.43 0.021631515656795
21.44 0.001642602592719
21.45 -0.000721102797036
21.46 -0.004780696185447
21.47 -0.00249062362171
21.48 -0.010162786246593
21.49 -0.012493075212187
21.5 -0.018427223034168
21.51 -0.029553380153841
21.52 -0.047741356049033
21.53 -0.048119172372251
21.54 -0.036255862519101
21.55 -0.030209659569529
21.56 -0.012447424171994
21.57 0.003399876193182
21.58 0.007298646912739
21.59 0.013220881605399
21.6 0.013399553237999
21.61 0.016917637898468
21.62 0.017240051345237
21.63 0.027004779157913
21.64 0.037706854216476
21.65 0.053567442175738
21.66 0.065426640306357
21.67 0.071025229611392
21.68 0.073737666381008
21.69 0.064906940882142
21.7 0.055757532856555
21.71 0.046926452465257
21.72 0.0425960181423
21.73 0.04529795238144
21.74 0.050234075587537
21.75 0.055420362053493
21.76 0.051826207773815
21.77 0.041606069443788
21.78 0.024730207026335
21.79 0.005870987958502
21.8 -0.006843977538088
21.81 -0.019514619648443
21.82 -0.023475317888741
21.83 -0.022939592089393
21.84 -0.026228550945013
21.85 -0.030294268172175
21.86 -0.036478882440119
21.87 -0.046422105673111
21.88 -0.055175328168106
21.89 -0.060851845936255
21.9 -0.06607286648878
21.91 -0.067282301158303
21.92 -0.064486320979036
21.93 -0.0600027088585
21.94 -0.049871755244946
21.95 -0.046355908223405
21.96 -0.04415917883779
21.97 -0.040494834144913
21.98 -0.037344196109924
21.99 -0.034940136527954
22.0 -0.029940229855417
22.01 -0.020643053550052
22.02 -0.007115490806203
22.03 0.007310733858027
22.04 0.018531657713722
22.05 0.02110260143756
22.06 0.021454306688851
22.07 0.022995155604748
22.08 0.022700082109729
22.09 0.024123232024951
22.1 0.029468512853118
22.11 0.034816982180609
22.12 0.036312836575212
22.13 0.03352141332045
22.14 0.028001372793024
22.15 0.017669618118632
22.16 0.007695676273979
22.17 -0.000467517900044
22.18 -0.006156764920197
22.19 -0.011333213525832
22.2 -0.015175552553079
22.21 -0.018389185648743
22.22 -0.02421723855351
22.23 -0.03192801400412
22.24 -0.040550980312082
22.25 -0.048714974059718
22.26 -0.053074542163831
22.27 -0.054765728702577
22.28 -0.055914861883924
22.29 -0.053146787059292
22.3 -0.054790297068567
22.31 -0.062230131391594
22.32 -0.064458429536869
22.33 -0.067754279552698
22.34 -0.065179140541302
22.35 -0.063123008765058
22.36 -0.061318205170617
22.37 -0.054987502556953
22.38 -0.038329191214183
22.39 -0.021373952675039
22.4 -0.01971758131682
22.41 -0.014072416152084
22.42 -0.014466795440126
22.43 -0.012031395764484
22.44 -0.012595286907832
22.45 -0.012957424983571
22.46 -0.007871612986113
22.47 0.000750251539259
22.48 0.003402345782845
22.49 -0.003403518956835
22.5 -0.005009290716892
22.51 -0.006956873000829
22.52 -0.006230708388706
22.53 -0.006318055089318
22.54 -0.003847732289027
22.55 -0.0022080722708
22.56 -0.001550156881579
22.57 -0.002631047332161
22.58 -0.003524605863617
22.59 -0.001802037112164
22.6 -0.000387001046814
22.61 -1.3851793895e-05
22.62 -0.005434549923321
22.63 -0.01338105991583
22.64 -0.007234396908315
22.65 -0.003512325407618
22.66 0.001874508740758
22.67 0.005765265933509
22.68 0.011414100340332
22.69 0.016175131451373
22.7 0.018608224631512
22.71 0.019615257215526
22.72 0.017053908686081
22.73 0.020251709997725
22.74 0.019687367655756
22.75 0.016786468919272
22.76 0.020837355100145
22.77 0.024589365161138
22.78 0.028659374027431
22.79 0.031759869856104
22.8 0.029507335883018
22.81 0.014550320828846
22.82 0.006708203014942
22.83 0.002766295598303
22.84 -0.00259214886039
22.85 0.001568184000944
22.86 0.009490310945123
22.87 0.009342103911159
22.88 0.011434072228693
22.89 0.003956364160199
22.9 0.000990193855291
22.91 0.002135996735119
22.92 0.001974990102844
22.93 -0.000432750245082
22.94 -0.000857801133658
22.95 -0.00144163780839
22.96 0.000907248042529
22.97 0.004437389206745
22.98 0.009439175036149
22.99 0.012965731682143
23.0 0.012984644403032
23.01 0.014522839550131
23.02 0.021492957596013
23.03 0.03220565385813
23.04 0.040455992539348
23.05 0.042695017167965
23.06 0.038481041374412
23.07 0.038015941769736
23.08 0.040255856601225
23.09 0.036394879786283
23.1 0.045460613472556
23.11 0.047751076420961
23.12 0.050617582038475
23.13 0.048886054772894
23.14 0.047545431106467
23.15 0.037131181752344
23.16 0.037196530912684
23.17 0.042443623873998
23.18 0.040822049346013
23.19 0.047053921431787
23.2 0.043098387168235
23.21 0.036017815395302
23.22 0.02757867395908
23.23 0.015786775562878
23.24 0.00594052891816
23.25 -0.002665726564922
23.26 -0.007905533237864
23.27 -0.015529536234583
23.28 -0.015845611308019
23.29 -0.014443173915901
23.3 -0.015216439291616
23.31 -0.018257551990467
23.32 -0.021983991164759
23.33 -0.027745634729935
23.34 -0.034359404540758
23.35 -0.039869058473445
23.36 -0.040943060144744
23.37 -0.034143463574881
23.38 -0.021923288864602
23.39 -0.015266993064809
23.4 -0.012973820176756
23.41 -0.00910070239914
23.42 -0.009358222735161
23.43 -0.009719597025377
23.44 -0.009689223460529
23.45 -0.006272644179077
23.46 0.000104961043433
23.47 0.006270045782448
23.48 0.009901012836884
23.49 0.008244230256931
23.5 0.007985574043059
23.51 0.005203850227942
23.52 0.000957388309582
23.53 -0.000206420239719
23.54 0.00094535958991
23.55 0.003726411196627
23.56 0.003888566030673
23.57 0.004630988916123
23.58 0.007834128344172
23.59 0.00844101717467
23.6 0.006185340587212
23.61 0.002625896402188
23.62 -0.001281709851771
23.63 -0.004512832577548
23.64 -0.003279888445131
23.65 -0.003639208218467
23.66 -0.001788709011058
23.67 -0.000974259185656
23.68 -0.003152707313059
23.69 -0.005900662528483
23.7 -0.007388467467804
23.71 -0.009215195389869
23.72 -0.007702276776667
23.73 -0.002249286446552
23.74 0.002531034033356
23.75 0.003789430542916
23.76 0.002126936438439
23.77 -0.004951286963814
23.78 -0.011115961411093
23.79 -0.014740369298422
23.8 -0.016592302126004
23.81 -0.01940518567387
23.82 -0.018313033154216
23.83 -0.013218126966914
23.84 -0.007743078515811
23.85 -0.001073078035699
23.86 0.003344957608529
23.87 0.004034498533467
23.88 0.002821062244627
23.89 0.005202858329774
23.9 0.006523292337031
23.91 0.005302388866269
23.92 0.005597090644191
23.93 0.004364786324613
23.94 -1.2559720045e-05
23.95 -0.007213199643085
23.96 -0.013674479711548
23.97 -0.01587246416659
23.98 -0.015695754678504
23.99 -0.010885751288204
24.0 -0.006227074529192
24.01 -0.003259035574902
24.02 -0.002351913986958
24.03 -0.007979054340291
24.04 -0.013810538405587
24.05 -0.017244182573542
24.06 -0.017447786964584
24.07 -0.015397973055177
24.08 -0.017015724363945
24.09 -0.015445909157994
24.1 -0.010956574978722
24.11 -0.009684900936419
24.12 -0.010487390994168
24.13 -0.010989108295656
24.14 -0.010495058830783
24.15 -0.010771373385463
24.16 -0.012502977469256
24.17 -0.011615994982663
24.18 -0.005132580359338
24.19 -0.004933133122173
24.2 -0.008155995217429
24.21 -0.010811380405394
24.22 -0.009321688547121
24.23 -0.008275145447566
24.24 -0.009020110165697
24.25 -0.012716408361927
24.26 -0.013483580219197
24.27 -0.014243227694353
24.28 -0.016498736698356
24.29 -0.017524732174177
24.3 -0.014361187641524
24.31 -0.01095421721937
24.32 -0.00862473582375
24.33 -0.007694145995931
24.34 -0.009421780343743
24.35 -0.013935130595882
24.36 -0.018321183112849
24.37 -0.019658655146576
24.38 -0.016793051959492
24.39 -0.014314194007598
24.4 -0.013017827648979
24.41 -0.011785960455792
24.42 -0.00752387144598
24.43 -0.002133733313559
24.44 -0.000595265182444
24.45 0.002020179264086
24.46 0.006423598846025
24.47 0.009621521862495
24.48 0.01067530925037
24.49 0.010918156862087
24.5 0.010617077878155
24.51 0.010816526280929
24.52 0.011542726249508
24.53 0.011558497637569
24.54 0.013148922092157
24.55 0.015726802237723
24.56 0.015837374891074
24.57 0.015327408974335
24.58 0.014162361828441
24.59 0.013685030749213
24.6 0.015724773231141
24.61 0.014994925202431
24.62 0.015106564483615
24.63 0.01748482858383
24.64 0.020469780767592
24.65 0.019650807031829
24.66 0.020129004018849
24.67 0.020869318944155
24.68 0.015321878772056
24.69 0.00638084281397
24.7 -0.0020815480849
24.71 -0.005765410686856
24.72 -0.011736623347298
24.73 -0.014271243726456
24.74 -0.016332076090605
24.75 -0.01828314504152
24.76 -0.020651155710029
24.77 -0.025521278288545
24.78 -0.030398732885628
24.79 -0.02984916270248
24.8 -0.023789483077836
24.81 -0.020447424189856
24.82 -0.016939792442523
24.83 -0.011139979933774
24.84 -0.010250930446453
24.85 -0.011156863400769
24.86 -0.008275958362991
24.87 -0.005787395478648
24.88 -0.001803305143034
24.89 0.004474306673291
24.9 0.014202648512865
24.91 0.025578239293215
24.92 0.035243509174326
24.93 0.040309617430673
24.94 0.042170543345636
 
 
 
 
 
 
 
 
 
 
 
 
 
 
 
 
 
 
 
 
 
 
 
 
 
 
 
 
 
 
 
 
 
 
 
 
 
 
 
 
 
 
 
 
 
 
 
 
 
 
 
 
 
 
 
 
 
 
 
 
 
 
 
 
 
 
 
 
 
 
 
 
 
 
 
 
 
 
 
 
 
 
 
 
 
 
 
 
 
 
 
 
 
 
 
 
 
 
 
 
 
 
 
 
 
 
 
 
 
 
 
 
 
 
 
 
 
 
 
 
 
 
 
 
 
 
 
 
 
 
 
 
 
 
 
 
 
 
 
 
 
 
 
 
 
 
 
 
 
 
 
 
 
 
 
 
 
 
 
 
 
 
 
 
 
 
 
 
 
 
 
 
 
 
 
 
 
 
 
 
 
 
 
 
 
 
 
 
 
 
 
 
 
 
 
 
 
 
 
 
 
 
 
 
 
 
 
 
 
 
 
 
 
 
 
 
 
 
 
 
 
 
 
 
 
 
 
 
 
 
 
 
 
 
 
 
 
 
 
 
 
 
 
 
 
 
 
 
 
 
 
 
 
 
 
 
 
 
 
 
 
 
 
 
 
 
 
 
 
 
 
 
 
 
 
 
 
 
 
 
 
 
 
 
 
 
 
 
 
 
 
 
 
 
 
 
 
 
 
 
 
 
 
 
 
 
 
 
 
 
 
 
 
 
 
 
 
 
 
 
 
 
 
 
 
 
 
 
 
 
 
 
 
 
 
 
 
 
 
 
 
 
 
 
 
 
 
 
 
 
 
 
 
 
 
 
 
 
 
 
 
 
 
 
 
 
 
 
 
 
 
 
 
 
 
 
 
 
 
 
 
 
 
 
 
 
 
 
 
 
 
 
 
 
 
 
 
 
 
 
 
 
 
 
 
 
 
 
 
 
 
 
 
 
 
 
 
 
 
 
 
 
 
 
 
 
 
 
 
 
 
 
 
 
 
 
 
 
 
 
 
 
 
 
 
 
 
 
 
 
 
 
 
 
 
 
 
 
 
 
 
 
 
 
 
 
 
 
 
 
 
 
 
 
 
 
 
 
 
 
 
 
 
 
 
 
 
 
 
 
 
 
 
 
 
 
 
 
 
 
 
 
 
 
 
 
 
 
 
 
 
 
 
 
 
 
 
 
 
 
 
 
 
 
 
 
 
 
 
 
 
 
 
 
 
 
 
 
 
 
 
 
 
 
 
 
 
 
 
 
 
 
 
 
 
 
 
 
 
 
 
 
 
 
 
 
 
 
 
 
 
 
 
 
 
 
 
 
 
 
 
 
 
 
 
 
 
 
 
 
 
 
 
 
 
 
 
 
 
 
 
 
 
 
 
 
 
 
 
 
 
 
 
 
 
 
 
 
 
 
 
 
 
 
 
 
 
 
 
 
 
 
 
 
 
 
 
 
 
 
 
 
 
 
 
 
 
 
 
 
 
 
 
 
 
 
 
 
 
 
 
 
 
 
 
 
 
 
 
 
 
 
 
 
 
 
 
 
 
 
 
 
 
 
 
 
 
 
 
 
 
 
 
 
 
 
 
 
 
 
 
 
 
 
 
 
 
 
 
 
 
 
 
 
 
 
 
 
 
 
 
 
 
 
 
 
 
 
 
 
 
 
 
 
 
 
 
 
 
 
 
 
 
 
 
 
 
 
 
 
 
 
 
 
 
 
 
 
 
 
 
 
 
 
 
 
 
 
 
 
 
 
 
 
 
 
 
 
 
 
 
 
 
 
 
 
 
 
 
 
 
 
 
 
 
 
 
 
 
 
 
 
 
 
 
 
 
 
 
 
 
 
 
 
 
 
 
 
 
 
 
 
 
 
 
 
 
 
 
 
 
 
 
 
 
 
 
 
 
 
 
 
 
 
 
 
 
 
 
 
 
 
 
 
 
 
 
 
 
 
 
 
 
 
 
 
 
 
 
 
 
 
 
 
 
 
 
 
 
 
 
 
 
 
 
 
 
 
 
 
 
 
 
 
 
 
 
 
 
 
 
 
 
 
 
 
 
 
 
 
 
 
 
 
 
 
 
 
 
 
 
 
 
 
 
 
 
 
 
 
 
 
 
 
 
 
 
 
 
 
 
 
 
 
 
 
 
 
 
 
 
 
 
 
 
 
 
 
 
 
 
 
 
 
 
 
 
 
 
 
 
 
 
 
 
 
 
 
 
 
 
 
 
 
 
 
 
 
 
 
 
 
 
 
 
 
 
 
 
 
 
 
 
 
 
 
 
 
 
 
 
 
 
 
 
 
 
 
 
 
 
 
 
 
 
 
 
 
 
 
 
 
 
 
 
 
 
 
 
 
 
 
 
 
 
 
 
 
 
 
 
 
 
 
 
 
 
 
 
 
 
 
 
 
 
 
 
 
 
 
 
 
 
 
 
 
 
 
 
 
 
 
 
 
 
 
 
 
 
 
 
 
 
 
 
 
 
 
 
 
 
 
 
 
 
 
 
 
 
 
 
 
 
 
 
 
 
 
 
 
 
 
 
 
 
 
 
 
 
 
 
 
 
 
 
 
 
 
 
 
 
 
 
 
 
 
 
 
 
 
 
 
 
 
 
 
 
 
 
 
 
 
 
 
 
 
 
 
 
 
 
 
 
 
 
 
 
 
 
 
 
 
 
 
 
 
 
 
 
 
 
 
 
 
 
 
 
 
 
 
 
 
 
 
 
 
 
 
 
 
 
 
 
 
 
 
 
 
 
 
 
 
 
 
 
 
 
 
 
 
 
 
 
 
 
 
 
 
 
 
 
 
 
 
 
 
 
 
 
 
 
 
 
 
 
 
 
 
 
 
 
 
 
 
 
 
 
 
 
 
 
 
 
 
 
 
 
 
 
 
 
 
 
 
 
 
 
 
 
 
 
 
 
 
 
 
 
 
 
 
 
 
 
 
 
 
 
 
 
 
 
 
 
 
 
 
 
 
 
 
 
 
 
 
 
 
 
 
 
 
 
 
 
 
 
 
 
 
 
 
 
 
 
 
 
 
 
 
 
 
 
 
 
 
 
 
 
 
 
 
 
 
 
 
 
 
 
 
 
 
 
 
 
 
 
 
 
 
 
 
 
 
 
 
 
 
 
 
 
 
 
 
 
 
 
 
 
 
 
 
 
 
 
 
 
 
 
 
 
 
 
 
 
 
 
 
 
 
 
 
 
 
 
 
 
 
 
 
 
 
 
 
 
 
 
 
 
 
 
 
 
 
 
 
 
 
 
 
 
 
 
 
 
 
 
 
 
 
 
 
 
 
 
 
 
 
 
 
 
 
 
 
 
 
 
 
 
 
 
 
 
 
 
 
 
 
 
 
 
 
 
 
 
 
 
 
 
 
 
 
 
 
 
 
 
 
 
 
 
 
 
 
 
 
 
 
 
 
 
 
 
 
 
 
 
 
 
 
 
 
 
 
 
 
 
 
 
 
 
 
 
 
 
 
 
 
 
 
 
 
 
 
 
 
 
 
 
 
 
 
 
 
 
 
 
 
 
 
 
 
 
 
 
 
 
 
 
 
 
 
 
 
 
 
 
 
 
 
 
 
 
 
 
 
 
 
 
 
 
 
 
 
 
 
 
 
 
 
 
 
 
 
 
 
 
 
 
 
 
 
 
 
 
 
 
 
 
 
 
 
 
 
 
 
 
 
 
 
 
 
 
 
 
 
 
 
 
 
 
 
 
 
 
 
 
 
 
 
 
 
 
 
 
 
 
 
 
 
 
 
 
 
 
 
 
 
 
 
 
 
 
 
 
 
 
 
 
 
 
 
 
 
 
 
 
 
 
 
 
 
 
 
 
 
 
 
 
 
 
 
 
 
 
 
 
 
 
 
 
 
 
 
 
 
 
 
 
 
 
 
 
 
 
 
 
 
 
 
 
 
 
 
 
 
 
 
 
 
 
 
 
 
 
 
 
 
 
 
 
 
 
 
 
 
 
 
 
 
 
 
 
 
 
 
 
 
 
 
 
 
 
 
 
 
 
 
 
 
 
 
 
 
 
 
 
 
 
 
 
 
 
 
 
 
 
 
 
 
 
 
 
 
 
 
 
 
 
 
 
 
 
 
 
 
 
 
 
 
 
 
 
 
 
 
 
 
 
 
 
 
 
 
 
 
 
 
 
 
 
 
 
 
 
 
 
 
 
 
 
 
 
 
 
 
 
 
 
 
 
 
 
 
 
 
 
 
 
 
 
 
 
 
 
 
 
 
 
 
 
 
 
 
 
 
 
 
 
 
 
 
 
 
 
 
 
 
 
 
 
 
 
 
 
 
 
 
 
 
 
 
 
 
 
 
 
 
 
 
 
 
 
 
 
 
 
 
 
 
 
 
 
 
 
 
 
 
 
 
 
 
 
 
 
 
 
 
 
 
 
 
 
 
 
 
 
 
 
 
 
 
 
 
 
 
 
 
 
 
 
 
 
 
 
 
 
 
 
 
 
 
 
 
 
 
 
 
 
 
 
 
 
 
 
 
 
 
 
 
 
 
 
 
 
 
 
 
 
 
 
 
 
 
 
 
 
 
 
 
 
 
 
 
 
 
 
 
 
 
 
 
 
 
 
 
 
 
 
 
 
 
 
 
 
 
 
 
 
 
 
 
 
 
 
 
 
 
 
 
 
 
 
 
 
 
 
 
 
 
 
 
 
 
 
 
 
 
 
 
 
 
 
 
 
 
 
 
 
 
 
 
 
 
 
 
 
 
 
 
 
 
 
 
 
 
 
 
 
 
 
 
 
 
 
 
 
 
 
 
 
 
 
 
 
 
 
 
 
 
 
 
 
 
 
 
 
 
 
 
 
 
 
 
 
 
 
 
 
 
 
 
 
 
 
 
 
 
 
 
 
 
 
 
 
 
 
 
 
 
 
 
 
 
 
 
 
 
 
 
 
 
 
 
 
 
 
 
 
 
 
 
 
 
 
 
 
 
 
 
 
 
 
 
 
 
 
 
 
 
 
 
 
 
 
 
 
 
 
 
 
 
 
 
 
 
 
 
 
 
 
 
 
 
 
 
 
 
 
 
 
 
 
 
 
 
 
 
 
 
 
 
 
 
 
 
 
 
 
 
 
 
 
 
 
 
 
 
 
 
 
 
 
 
 
 
 
 
 
 
 
 
 
 
 
 
 
 
 
 
 
 
 
 
 
 
 
 
 
 
 
 
 
 
 
 
 
 
 
 
 
 
 
 
 
 
 
 
 
 
 
 
 
 
 
 
 
 
 
 
 
 
 
 
 
 
 
 
 
 
 
 
 
 
 
 
 
 
 
 
 
 
 
 
 
 
 
 
 
 
 
 
 
 
 
 
 
 
 
 
 
 
 
 
 
 
 
 
 
 
 
 
 
 
 
 
 
 
 
 
 
 
 
 
 
 
 
 
 
 
 
 
 
 
 
 
 
 
 
 
 
 
 
 
 
 
 
 
 
 
 
 
 
 
 
 
 
 
 
 
 
 
 
 
 
 
 
 
 
 
 
 
 
 
 
 
 
 
 
 
 
 
 
 
 
 
 
 
 
 
 
 
 
 
 
 
 
 
 
 
 
 
 
 
 
 
 
 
 
 
 
 
 
 
 
 
 
 
 
 
 
 
 
 
 
 
 
 
 
 
 
 
 
 
 
 
 
 
 
 
 
 
 
 
 
 
 
 
 
 
 
 
 
 
 
 
 
 
 
 
 
 
 
 
 
 
 
 
 
 
 
 
 
 
 
 
 
 
 
 
 
 
 
 
 
 
 
 
 
 
 
 
 
 
 
 
 
 
 
 
 
 
 
 
 
 
 
 
 
 
 
 
 
 
 
 
 
 
 
 
 
 
 
 
 
 
 
 
 
 
 
 
 
 
 
 
 
 
 
 
 
 
 
 
 
 
 
 
 
 
 
 
 
 
 
 
 
 
 
 
 
 
 
 
 
 
 
 
 
 
 
 
 
 
 
 
 
 
 
 
 
 
 
 
 
 
 
 
 
 
 
 
 
 
 
 
 
 
 
 
 
 
 
 
 
 
 
 
 
 
 
 
 
 
 
 
 
 
 
 
 
 
 
 
 
 
 
 
 
 
 
 
 
 
 
 
 
 
 
 
 
 
 
 
 
 
 
 
 
 
 
 
 
 
 
 
 
 
 
 
 
 
 
 
 
 
 
 
 
 
 
 
 
 
 
 
 
 
 
 
 
 
 
 
 
 
 
 
 
 
 
 
 
 
 
 
 
 
 
 
 
 
 
 
 
 
 
 
 
 
 
 
 
 
 
 
 
 
 
 
 
 
 
 
 
 
 
 
 
 
 
 
 
 
 
 
 
 
 
 
 
 
 
 
 
 
 
 
 
 
 
 
 
 
 
 
 
 
 
 
 
 
 
 
 
 
 
 
 
 
 
 
 
 
 
 
 
 
 
 
 
 
 
 
 
 
 
 
 
 
 
 
 
 
 
 
 
 
 
 
 
 
 
 
 
 
 
 
 
 
 
 
 
 
 
 
 
 
 
 
 
 
 
 
 
 
 
 
 
 
 
 
 
 
 
 
 
 
 
 
 
 
 
 
 
 
 
 
 
 
 
 
 
 
 
 
 
 
 
 
 
 
 
 
 
 
 
 
 
 
 
 
 
 
 
 
 
 
 
 
 
 
 
 
 
 
 
 
 
 
 
 
 
 
 
 
 
 
 
 
 
 
 
 
 
 
 
 
 
 
 
 
 
 
 
 
 
 
 
 
 
 
 
 
 
 
 
 
 
 
 
 
 
 
 
 
 
 
 
 
 
 
 
 
 
 
 
 
 
 
 
 
 
 
 
 
 
 
 
 
 
 
 
 
 
 
 
 
 
 
 
 
 
 
 
 
 
 
 
 
 
 
 
 
 
 
 
 
 
 
 
 
 
 
 
 
 
 
 
 
 
 
 
 
 
 
 
 
 
 
 
 
 
 
 
 
 
 
 
 
 
 
 
 
 
 
 
 
 
 
 
 
 
 
 
 
 
 
 
 
 
 
 
 
 
 
 
 
 
 
 
 
 
 
 
 
 
 
 
 
 
 
 
 
 
 
 
 
 
 
 
 
 
 
 
 
 
 
 
 
 
 
 
 
 
 
 
 
 
 
 
 
 
 
 
 
 
 
 
 
 
 
 
 
 
 
 
 
 
 
 
 
 
 
 
 
 
 
 
 
 
 
 
 
 
 
 
 
 
 
 
 
 
 
 
 
 
 
 
 
 
 
 
 
 
 
 
 
 
 
 
 
 
 
 
 
 
 
 
 
 
 
 
 
 
 
 
 
 
 
 
 
 
 
 
 
 
 
 
 
 
 
 
 
 
 
 
 
 
 
 
 
 
 
 
 
 
 
 
 
 
 
 
 
 
 
 
 
 
 
 
 
 
 
 
 
 
 
 
 
 
 
 
 
 
 
 
 
 
 
 
 
 
 
 
 
 
 
 
 
 
 
 
 
 
 
 
 
 
 
 
 
 
 
 
 
 
 
 
 
 
 
 
 
 
 
 
 
 
 
 
 
 
 
 
 
 
 
 
 
 
 
 
 
 
 
 
 
 
 
 
 
 
 
 
 
 
 
 
 
 
 
 
 
 
 
 
 
 
 
 
 
 
 
 
 
 
 
 
 
 
 
 
 
 
 
 
 
 
 
 
 
 
 
 
 
 
 
 
 
 
 
 
 
 
 
 
 
 
 
 
 
 
 
 
 
 
 
 
 
 
 
 
 
 
 
 
 
 
 
 
 
 
 
 
 
 
 
 
 
 
 
 
 
 
 
 
 
 
 
 
 
 
 
 
 
 
 
 
 
 
 
 
 
 
 
 
 
 
 
 
 
 
 
 
 
 
 
 
 
 
 
 
 
 
 
 
 
 
 
 
 
 
 
 
 
 
 
 
 
 
 
 
 
 
 
 
 
 
 
 
 
 
 
 
 
 
 
 
 
 
 
 
 
 
 
 
 
 
 
 
 
 
 
 
 
 
 
 
 
 
 
 
 
 
 
 
 
 
 
 
 
 
 
 
 
 
 
 
 
 
 
 
 
 
 
 
 
 
 
 
 
 
 
 
 
 
 
 
 
 
 
 
 
 
 
 
 
 
 
 
 
 
 
 
 
 
 
 
 
 
 
 
 
 
 
 
 
 
 
 
 
 
 
 
 
 
 
 
 
 
 
 
 
 
 
 
 
 
 
 
 
 
 
 
 
 
 
 
 
 
 
 
 
 
 
 
 
 
 
 
 
 
 
 
 
 
 
 
 
 
 
 
 
 
 
 
 
 
 
 
 
 
 
 
 
 
 
 
 
 
 
 
 
 
 
 
 
 
 
 
 
 
 
 
 
 
 
 
 
 
 
 
 
 
 
 
 
 
 
 
 
 
 
 
 
 
 
 
 
 
 
 
 
 
 
 
 
 
 
 
 
 
 
 
 
 
 
 
 
 
 
 
 
 
 
 
 
 
 
 
 
 
 
 
 
 
 
 
 
 
 
 
 
 
 
 
 
 
 
 
 
 
 
 
 
 
 
 
 
 
 
 
 
 
 
 
 
 
 
 
 
 
 
 
 
 
 
 
 
 
 
 
 
 
 
 
 
 
 
 
 
 
 
 
 
 
 
 
 
 
 
 
 
 
 
 
 
 
 
 
 
 
 
 
 
 
 
 
 
 
 
 
 
 
 
 
 
 
 
 
 
 
 
 
 
 
 
 
 
 
 
 
 
 
 
 
 
 
 
 
 
 
 
 
 
 
 
 
 
 
 
 
 
 
 
 
 
 
 
 
 
 
 
 
 
 
 
 
 
 
 
 
 
 
 
 
 
 
 
 
 
 
 
 
 
 
 
 
 
 
 
 
 
 
 
 
 
 
 
 
 
 
 
 
 
 
 
 
 
 
 
 
 
 
 
 
 
 
 
 
 
 
 
 
 
 
 
 
 
 
 
 
 
 
 
 
 
 
 
 
 
 
 
 
 
 
 
 
 
 
 
 
 
 
 
 
 
 
 
 
 
 
 
 
 
 
 
 
 
 
 
 
 
 
 
 
 
 
 
 
 
 
 
 
 
 
 
 
 
 
 
 
 
 
 
 
 
 
 
 
 
 
 
 
 
 
 
 
 
 
 
 
 
 
 
 
 
 
 
 
 
 
 
 
 
 
 
 
 
 
 
 
 
 
 
 
 
 
 
 
 
 
 
 
 
 
 
 
 
 
 
 
 
 
 
 
 
 
 
 
 
 
 
 
 
 
 
 
 
 
 
 
 
 
 
 
 
 
 
 
 
 
 
 
 
 
 
 
 
 
 
 
 
 
 
 
 
 
 
 
 
 
 
 
 
 
 
 
 
 
 
 
 
 
 
 
 
 
 
 
 
 
 
 
 
 
 
 
 
 
 
 
 
 
 
 
 
 
 
 
 
 
 
 
 
 
 
 
 
 
 
 
 
 
 
 
 
 
 
 
 
 
 
 
 
 
 
 
 
 
 
 
 
 
 
 
 
 
 
 
 
 
 
 
 
 
 
 
 
 
 
 
 
 
 
 
 
 
 
 
 
 
 
 
 
 
 
 
 
 
 
 
 
 
 
 
 
 
 
 
 
 
 
 
 
 
 
 
 
 
 
 
 
 
 
 
 
 
 
 
 
 
 
 
 
 
 
 
 
 
 
 
 
 
 
 
 
 
 
 
 
 
 
 
 
 
 
 
 
 
 
 
 
 
 
 
 
 
 
 
 
 
 
 
 
 
 
 
 
 
 
 
 
 
 
 
 
 
 
 
 
 
 
 
 
 
 
 
 
 
 
 
 
 
 
 
 
 
 
 
 
 
 
 
 
 
 
 
 
 
 
 
 
 
 
 
 
 
 
 
 
 
 
 
 
 
 
 
 
 
 
 
 
 
 
 
 
 
 
 
 
 
 
 
 
 
 
 
 
 
 
 
 
 
 
 
 
 
 
 
 
 
 
 
 
 
 
 
 
 
 
 
 
 
 
 
 
 
 
 
 
 
 
 
 
 
 
 
 
 
 
 
 
 
 
 
 
 
 
 
 
 
 
 
 
 
 
 
 
 
 
 
 
 
 
 
 
 
 
 
 
 
 
 
 
 
 
 
 
 
 
 
 
 
 
 
 
 
 
 
 
 
 
 
 
 
 
 
 
 
 
 
 
 
 
 
 
 
 
 
 
 
 
 
 
 
 
 
 
 
 
 
 
 
 
 
 
 
 
 
 
 
 
 
 
 
 
 
 
 
 
 
 
 
 
 
 
 
 
 
 
 
 
 
 
 
 
 
 
 
 
 
 
 
 
 
 
 
 
 
 
 
 
 
 
 
 
 
 
 
 
 
 
 
 
 
 
 
 
 
 
 
 
 
 
 
 
 
 
 
 
 
 
 
 
 
 
 
 
 
 
 
 
 
 
 
 
 
 
 
 
 
 
 
 
 
 
 
 
 
 
 
 
 
 
 
 
 
 
 
 
 
 
 
 
 
 
 
 
 
 
 
 
 
 
 
 
 
 
 
 
 
 
 
 
 
 
 
 
 
 
 
 
 
 
 
 
 
 
 
 
 
 
 
 
 
 
 
 
 
 
 
 
 
 
 
 
 
 
 
 
 
 
 
 
 
 
 
 
 
 
 
 
 
 
 
 
 
 
 
 
 
 
 
 
 
 
 
 
 
 
 
 
 
 
 
 
 
 
 
 
 
 
 
 
 
 
 
 
 
 
 
 
 
 
 
 
 
 
 
 
 
 
 
 
 
 
 
 
 
 
 
 
 
 
 
 
 
 
 
 
 
 
 
 
 
 
 
 
 
 
 
 
 
 
 
 
 
 
 
 
 
 
 
 
 
 
 
 
 
 
 
 
 
 
 
 
 
 
 
 
 
 
 
 
 
 
 
 
 
 
 
 
 
 
 
 
 
 
 
 
 
 
 
 
 
 
 
 
 
 
 
 
 
 
 
 
 
 
 
 
 
 
 
 
 
 
 
 
 
 
 
 
 
 
 
 
 
 
 
 
 
 
 
 
 
 
 
 
 
 
 
 
 
 
 
 
 
 
 
 
 
 
 
 
 
 
 
 
 
 
 
 
 
 
 
 
 
 
 
 
 
 
 
 
 
 
 
 
 
 
 
 
 
 
 
 
 
 
 
 
 
 
 
 
 
 
 
 
 
 
 
 
 
 
 
 
 
 
 
 
 
 
 
 
 
 
 
 
 
 
 
 
 
 
 
 
 
 
 
 
 
 
 
 
 
 
 
 
 
 
 
 
 
 
 
 
 
 
 
 
 
 
 
 
 
 
 
 
 
 
 
 
 
 
 
 
 
 
 
 
 
 
 
 
 
 
 
 
 
 
 
 
 
 
 
 
 
 
 
 
 
 
 
 
 
 
 
 
 
 
 
 
 
 
 
 
 
 
 
 
 
 
 
 
 
 
 
 
 
 
 
 
 
 
 
 
 
 
 
 
 
 
 
 
 
 
 
 
 
 
 
 
 
 
 
 
 
 
 
 
 
 
 
 
 
 
 
 
 
 
 
 
 
 
 
 
 
 
 
 
 
 
 
 
 
 
 
 
 
 
 
 
 
 
 
 
 
 
 
 
 
 
 
 
 
 
 
 
 
 
 
 
 
 
 
 
 
 
 
 
 
 
 
 
 
 
 
 
 
 
 
 
 
 
 
 
 
 
 
 
 
 
 
 
 
 
 
 
 
 
 
 
 
 
 
 
 
 
 
 
 
 
 
 
 
 
 
 
 
 
 
 
 
 
 
 
 
 
 
 
 
 
 
 
 
 
 
 
 
 
 
 
 
 
 
 
 
 
 
 
 
 
 
 
 
 
 
 
 
 
 
 
 
 
 
 
 
 
 
 
 
 
 
 
 
 
 
 
 
 
 
 
 
 
 
 
 
 
 
 
 
 
 
 
 
 
 
 
 
 
 
 
 
 
 
 
 
 
 
 
 
 
 
 
 
 
 
 
 
 
 
 
 
 
 
 
 
 
 
 
 
 
 
 
 
 
 
 
 
 
 
 
 
 
 
 
 
 
 
 
 
 
 
 
 
 
 
 
 
 
 
 
 
 
 
 
 
 
 
 
 
 
 
 
 
 
 
 
 
 
 
 
 
 
 
 
 
 
 
 
 
 
 
 
 
 
 
 
 
 
 
 
 
 
 
 
 
 
 
 
 
 
 
 
 
 
 
 
 
 
 
 
 
 
 
 
 
 
 
 
 
 
 
 
 
 
 
 
 
 
 
 
 
 
 
 
 
 
 
 
 
 
 
 
 
 
 
 
 
 
 
 
 
 
 
 
 
 
 
 
 
 
 
 
 
 
 
 
 
 
 
 
 
 
 
 
 
 
 
 
 
 
 
 
 
 
 
 
 
 
 
 
 
 
 
 
 
 
 
 
 
 
 
 
 
 
 
 
 
 
 
 
 
 
 
 
 
 
 
 
 
 
 
 
 
 
 
 
 
 
 
 
 
 
 
 
 
 
 
 
 
 
 
 
 
 
 
 
 
 
 
 
 
 
 
 
 
 
 
 
 
 
 
 
 
 
 
 
 
 
 
 
 
 
 
 
 
 
 
 
 
 
 
 
 
 
 
 
 
 
 
 
 
 
 
 
 
 
 
 
 
 
 
 
 
 
 
 
 
 
 
 
 
 
 
 
 
 
 
 
 
 
 
 
 
 
 
 
 
 
 
 
 
 
 
 
 
 
 
 
 
 
 
 
 
 
 
 
 
 
 
 
 
 
 
 
 
 
 
 
 
 
 
 
 
 
 
 
 
 
 
 
 
 
 
 
 
