0.0 0.0
0.01 2.33786614e-07
0.02 2.35005175e-07
0.03 2.36353073e-07
0.04 2.37084168e-07
0.05 2.34687357e-07
0.06 2.30739935e-07
0.07 2.27901499e-07
0.08 2.17272949e-07
0.09 1.92562601e-07
0.1 1.65824748e-07
0.11 1.37927442e-07
0.12 1.3174631e-07
0.13 1.43475281e-07
0.14 1.54447707e-07
0.15 2.00945126e-07
0.16 3.15956504e-07
0.17 3.77947341e-07
0.18 4.7605097e-08
0.19 -9.21706148e-07
0.2 -2.296816371e-06
0.21 -3.547420251e-06
0.22 -4.715507055e-06
0.23 -6.690624266e-06
0.24 -9.418961129e-06
0.25 -1.0491652552e-05
0.26 -8.634967574e-06
0.27 -6.065846743e-06
0.28 -5.37669292e-06
0.29 -5.826306177e-06
0.3 -2.862565393e-06
0.31 6.650649958e-06
0.32 1.7655305049e-05
0.33 2.045239554e-05
0.34 1.0041845606e-05
0.35 -9.988709171e-06
0.36 -2.7648802476e-05
0.37 -2.894270255e-05
0.38 -1.6929663281e-05
0.39 -7.607223423e-06
0.4 -5.21498338e-07
0.41 1.0789361194e-05
0.42 1.1493453331e-05
0.43 -9.811166381e-06
0.44 -3.8139670177e-05
0.45 -4.9135845512e-05
0.46 -3.6260152021e-05
0.47 -2.669090506e-05
0.48 -5.4417156549e-05
0.49 -0.000115914527474
0.5 -0.000165094580591
0.51 -0.000145067216929
0.52 -4.8261670064e-05
0.53 6.4008126066e-05
0.54 9.5077459584e-05
0.55 6.4146020947e-05
0.56 7.8120342984e-05
0.57 0.000125727477637
0.58 0.000113867207464
0.59 6.148938945e-06
0.6 -0.000157206933175
0.61 -0.000259902301755
0.62 -0.000208587593636
0.63 -8.6028142084e-05
0.64 -6.2072872286e-05
0.65 -0.000126909225395
0.66 -0.000140466482517
0.67 -7.0616422689e-05
0.68 4.575536903e-06
0.69 -6.053909295e-06
0.7 -5.8460656118e-05
0.71 -1.7008215545e-05
0.72 0.000102380285608
0.73 0.000119952257993
0.74 -1.6957106655e-05
0.75 -0.000221289549259
0.76 -0.000318992825895
0.77 -0.00022226292169
0.78 -8.9041587358e-05
0.79 -7.4603673334e-05
0.8 -0.000164216388085
0.81 -3.2808012421e-05
0.82 0.00016377138073
0.83 0.000107550700559
0.84 -2.2027635828e-05
0.85 -2.2674809226e-05
0.86 -7.4618762408e-05
0.87 -0.000261164455888
0.88 -0.000443079718724
0.89 -0.000560835385119
0.9 -0.000637291739421
0.91 -0.000596727030673
0.92 -0.000374000090982
0.93 -4.312238751e-05
0.94 0.000153753439494
0.95 0.000274085166588
0.96 0.000383173346587
0.97 0.000244431652085
0.98 -1.6298582176e-05
0.99 -1.8153630158e-05
1.0 8.5952982081e-05
1.01 8.4557639942e-05
1.02 0.000185407636446
1.03 0.000263316478767
1.04 -0.000156342014475
1.05 -0.000704992059185
1.06 -0.000769202980977
1.07 -0.000536654118806
1.08 -0.00030058655499
1.09 -0.000107722149288
1.1 2.605274622e-06
1.11 0.000174864563536
1.12 0.000406711673254
1.13 0.000562763295223
1.14 0.000489251483083
1.15 3.8877971226e-05
1.16 -0.000560282737144
1.17 -0.000660616608759
1.18 -0.000263376235822
1.19 -8.5047540325e-05
1.2 -0.000351342789047
1.21 -0.000541889480296
1.22 -0.00010561545694
1.23 0.000552487853504
1.24 0.000821369334449
1.25 0.000810882180689
1.26 0.000922629535114
1.27 0.000886867773143
1.28 0.000537468561253
1.29 0.000204555733381
1.3 9.8795620221e-05
1.31 -0.000143699535299
1.32 -0.00034564385128
1.33 -0.000348253406288
1.34 -0.000538172299521
1.35 -0.001013455317638
1.36 -0.001557025855422
1.37 -0.001641345822391
1.38 -0.001266312428319
1.39 -0.001211620499544
1.4 -0.001515413774832
1.41 -0.001051729375451
1.42 0.000255974300851
1.43 0.001585008752704
1.44 0.001386892397344
1.45 0.000791387772299
1.46 0.000358927827222
1.47 1.2852914746e-05
1.48 -2.225863587e-06
1.49 -4.5029497011e-05
1.5 -0.000304823548238
1.51 -0.000882730418101
1.52 -0.000951009426205
1.53 -0.00044599909626
1.54 -0.000173164840171
1.55 -0.000114180151775
1.56 0.000163833331415
1.57 0.000668604905792
1.58 0.001007119462928
1.59 0.000764427525367
1.6 0.000812946476124
1.61 0.001293741416409
1.62 0.001804258514369
1.63 0.001624524702539
1.64 0.000674244678212
1.65 -0.000716988441582
1.66 -0.001969851559018
1.67 -0.001802306092057
1.68 -0.001175882926849
1.69 -0.001400557791737
1.7 -0.002426074662776
1.71 -0.002251252298727
1.72 -0.00050204290715
1.73 0.001485997527301
1.74 0.002366652683265
1.75 0.002368383372083
1.76 0.001152621297313
1.77 -0.00021453472206
1.78 -0.000903190150345
1.79 -0.00178687919149
1.8 -0.002409897085831
1.81 -0.00263123563779
1.82 -0.002465486458468
1.83 -0.002127187946461
1.84 -0.001289604135965
1.85 -0.000276967816658
1.86 0.000499330950994
1.87 0.000985219652677
1.88 0.001386943399832
1.89 0.001255878797811
1.9 0.001091926743007
1.91 0.001425920221194
1.92 0.002032214821023
1.93 0.002339296772436
1.94 0.00235250555393
1.95 0.001673424601788
1.96 0.000735027507079
1.97 8.374718742e-05
1.98 -0.000104732619727
1.99 -0.000381993669463
2.0 -0.001038686113384
2.01 -0.001594032500524
2.02 -0.00110553355912
2.03 0.000272182459451
2.04 0.001048770956851
2.05 0.000931312061319
2.06 0.000909105447914
2.07 0.001163705307544
2.08 0.000945752592919
2.09 0.000152436843183
2.1 -0.001406201782374
2.11 -0.003294373292366
2.12 -0.003279909828563
2.13 -0.002648348925223
2.14 -0.002614337466493
2.15 -0.002803975310578
2.16 -0.001393871355846
2.17 0.001134350841949
2.18 0.002105836395452
2.19 0.001939829758608
2.2 0.00133198906973
2.21 0.00017293477216
2.22 6.479073218e-06
2.23 0.000661861425068
2.24 0.000855344248893
2.25 0.000216780600506
2.26 0.000402503857171
2.27 0.001076848341175
2.28 0.001267608747949
2.29 0.000734907103973
2.3 2.0960910566e-05
2.31 -0.000675469475997
2.32 -0.000995695102201
2.33 -0.000994074065977
2.34 -0.000757104146799
2.35 8.9854298951e-05
2.36 0.001649835003923
2.37 0.002405263854508
2.38 0.002670181957016
2.39 0.002662572178548
2.4 0.002092742003051
2.41 0.000765308229626
2.42 -0.000364047125917
2.43 -0.001319148329357
2.44 -0.002689930516444
2.45 -0.004283889075961
2.46 -0.004854999176512
2.47 -0.004604672526038
2.48 -0.00303701839965
2.49 -0.001177514330959
2.5 0.00040690281594
2.51 0.001458537711922
2.52 0.001000187062345
2.53 0.000945888583781
2.54 0.001654376926216
2.55 0.001871775859304
2.56 0.001476385220033
2.57 0.000748257345777
2.58 0.000746626918329
2.59 0.000154524314463
2.6 -0.000717404175929
2.61 -0.001075621304282
2.62 -0.00076994536845
2.63 -0.000269006320289
2.64 0.001110702556272
2.65 0.002275369042886
2.66 0.003275669226611
2.67 0.004112597008376
2.68 0.003813392441118
2.69 0.002975142200203
2.7 0.000933969884715
2.71 -0.000948619036719
2.72 -0.002396532287459
2.73 -0.00435804219315
2.74 -0.005983617581694
2.75 -0.006519504875766
2.76 -0.006318530213148
2.77 -0.00594636475646
2.78 -0.005499647726159
2.79 -0.004530116982673
2.8 -0.001506343754288
2.81 0.002870138653566
2.82 0.004842865728118
2.83 0.006598905094245
2.84 0.007345207826346
2.85 0.0066309450755
2.86 0.006098667189969
2.87 0.00590654612125
2.88 0.004912106731981
2.89 0.002134117706637
2.9 -0.004239663790046
2.91 -0.007255919973826
2.92 -0.007393653264428
2.93 -0.006985568373194
2.94 -0.005214695792827
2.95 -0.003257100850826
2.96 -0.000696381342414
2.97 0.003668659641694
2.98 0.004798482731738
2.99 0.002251533128917
3.0 0.000441566889343
3.01 -0.002239842519122
3.02 -0.004052031825224
3.03 -0.00556328524923
3.04 -0.007218295372883
3.05 -0.008733406260791
3.06 -0.008295888747003
3.07 -0.008572871969194
3.08 -0.009190946156301
3.09 -0.008873925724342
3.1 -0.007977312523642
3.11 -0.006628468473207
3.12 -0.004174057988112
3.13 0.004890582668843
3.14 0.006033310027731
3.15 0.007987688732537
3.16 0.011323066467927
3.17 0.010174979393556
3.18 0.010862972672298
3.19 0.009026091214422
3.2 0.005078213411687
3.21 -0.004651521420216
3.22 -0.006714463129572
3.23 -0.003262977393733
3.24 -0.002634703060185
3.25 -0.002027796926294
3.26 -0.002307162491892
3.27 -0.00474950621082
3.28 -0.005368578004602
3.29 -0.006155693095977
3.3 -0.006292270369255
3.31 -0.006506400018215
3.32 -0.006090926883576
3.33 -0.005750637588202
3.34 -0.005438742104636
3.35 -0.004724325000285
3.36 -0.005098018385057
3.37 -0.006260925162209
3.38 -0.003987171287951
3.39 -0.001163769263139
3.4 0.005905330111254
3.41 0.005268420920498
3.42 0.004396221848927
3.43 0.004360974906188
3.44 0.001518770859886
3.45 0.002462334715163
3.46 0.003955127348452
3.47 0.00422405549723
3.48 0.004310070842173
3.49 0.003012731291831
3.5 0.000282294728415
3.51 0.000211236030125
3.52 0.002596386729239
3.53 0.00224718112987
3.54 0.003579144355748
3.55 0.004693339659875
3.56 0.001781508047145
3.57 -0.004089592555648
3.58 -0.010580781044485
3.59 -0.011031244109453
3.6 -0.011487552272937
3.61 -0.010879396485254
3.62 -0.010809617879008
3.63 -0.010271200234045
3.64 -0.008310429239567
3.65 0.00036587271214
3.66 0.010040447443842
3.67 0.009051034045791
3.68 0.009670131043304
3.69 0.009327526099346
3.7 0.00856774322555
3.71 0.008900413229132
3.72 0.009715051610828
3.73 0.010324276239707
3.74 0.009117673262543
3.75 0.008502439339577
3.76 0.008158985165732
3.77 0.007739794744795
3.78 0.006110613955614
3.79 -0.007557677792135
3.8 -0.005718767403419
3.81 0.000746300552218
3.82 5.4041831587e-05
3.83 0.009494124401582
3.84 0.012499516402668
3.85 0.007762372684085
3.86 0.007029557608462
3.87 0.003484971247333
3.88 0.005657544502621
3.89 0.004496379792895
3.9 -0.009616937873823
3.91 -0.013803141521234
3.92 -0.011864266805202
3.93 -0.008505480270174
3.94 -0.013812238361017
3.95 -0.011654425541003
3.96 -0.004687529554294
3.97 0.005176664784199
3.98 0.019108236600588
3.99 0.016283920039764
4.0 0.017581083702193
4.01 0.007634787144914
4.02 0.006697894118966
4.03 0.006245499508724
4.04 0.006448547273285
4.05 0.006984548504967
4.06 0.007305098437988
4.07 0.006755608353372
4.08 -0.018318245555053
4.09 -0.016389796804972
4.1 0.001143726605618
4.11 -0.00550874785675
4.12 -0.001455169969871
4.13 0.023767228174837
4.14 0.017877848574051
4.15 0.012196428372584
4.16 0.018751592220118
4.17 0.00969202576616
4.18 0.00177638689225
4.19 -0.01130550635834
4.2 -0.009405506794668
4.21 -0.009176450673412
4.22 -0.007266027798064
4.23 -0.008162724295313
4.24 -0.010915630545735
4.25 -0.009289446139142
4.26 -0.006729708543142
4.27 0.011061622308541
4.28 0.032512179109991
4.29 0.017603896513606
4.3 0.017993160549508
4.31 0.020041830492866
4.32 0.018454845040227
4.33 0.010356218673011
4.34 0.006403869092542
4.35 -0.01074411258506
4.36 -0.027653583691887
4.37 -0.008948632073567
4.38 -0.013775176665242
4.39 -0.015540052842322
4.4 -0.011405395075087
4.41 -0.008509979683475
4.42 -0.00494617990341
4.43 0.012546815066481
4.44 0.032002479808832
4.45 0.012074333349281
4.46 0.021728356449943
4.47 0.02003056484879
4.48 0.015475432752082
4.49 0.017155284613545
4.5 0.01693556254379
4.51 0.013332442721312
4.52 0.005681674688489
4.53 -0.011964328515064
4.54 -0.004608340191308
4.55 -0.013386542887392
4.56 -0.012812500774491
4.57 -0.012341778340366
4.58 -0.015020822716167
4.59 -0.015484558221176
4.6 -0.014265803092189
4.61 -0.009673055162389
4.62 0.024539956517295
4.63 0.02436905111435
4.64 0.018740099302515
4.65 0.022036079088458
4.66 0.0243066197867
4.67 0.021290100753647
4.68 0.011069869877369
4.69 0.007234550445967
4.7 0.007755824510748
4.71 0.00933956870694
4.72 0.010900263083578
4.73 0.010919020498263
4.74 0.00937802597831
4.75 -0.01901789486194
4.76 -0.027199973376387
4.77 -0.016924522088604
4.78 -0.017788598034013
4.79 -0.01687971088737
4.8 -0.018555463839509
4.81 -0.020672682174317
4.82 -0.020469735041883
4.83 -0.018481419601825
4.84 -0.016600521399673
4.85 -0.014672768398664
4.86 -0.010886969034793
4.87 0.001065137326714
4.88 0.056963124457646
4.89 0.034179994603915
4.9 0.027183622206639
4.91 0.036167511373124
4.92 0.035781036320117
4.93 0.035412547747626
4.94 0.035939134246027
4.95 0.036282049129023
4.96 0.036038052936549
4.97 0.025356305105472
4.98 0.020401643714299
4.99 0.019500361918492
5.0 0.018297583408207
5.01 0.017151596607979
5.02 0.016300732889828
5.03 0.015661297391232
5.04 0.015639975749164
5.05 0.015209501232403
5.06 0.01422788682636
5.07 0.012922062708413
5.08 0.011207925390976
5.09 0.009636971316343
5.1 0.008597898723984
5.11 0.008505264365558
5.12 0.009103989967181
5.13 0.009726571458209
5.14 0.009911951294866
5.15 0.009401995760584
5.16 0.008630183104841
5.17 0.00748292684552
5.18 0.006512686194997
5.19 0.004925148533531
5.2 0.003517499793357
5.21 0.002108295257042
5.22 -0.000128530970408
5.23 -0.015471255745608
5.24 -0.028614755204266
5.25 -0.012503973461108
5.26 -0.02621855885534
5.27 -0.02582152936993
5.28 -0.014378740596664
5.29 -0.015385938606744
5.3 -0.019565558714254
5.31 -0.019617482322113
5.32 -0.017839448241152
5.33 -0.016904610770484
5.34 -0.017668705524361
5.35 -0.018750795232644
5.36 -0.019532974793687
5.37 -0.01967111805922
5.38 -0.019258453157963
5.39 -0.018904943485414
5.4 -0.018870346575936
5.41 -0.01892414874745
5.42 -0.018836154296353
5.43 -0.018256415412864
5.44 -0.016990431030516
5.45 -0.015450219852722
5.46 -0.013987711608106
5.47 -0.012775653695497
5.48 -0.011479349828404
5.49 -0.010009127450229
5.5 -0.006338138039732
5.51 0.006334946480506
5.52 0.032565002676398
5.53 0.021441843198595
5.54 0.016413971029808
5.55 0.034123006047455
5.56 0.02028919348534
5.57 0.011188724795304
5.58 0.019249138166225
5.59 0.01908363155018
5.6 0.012544476008553
5.61 0.007719106779498
5.62 -0.012280656304518
5.63 -0.012162167181584
5.64 -0.005815540515752
5.65 -0.002358053321659
5.66 -0.003068213817199
5.67 -0.004621551076832
5.68 -0.011804523750985
5.69 -0.009911907139542
5.7 -0.007071104261374
5.71 -0.006288804456978
5.72 -0.007563558406582
5.73 -0.010078485810743
5.74 -0.012971091984293
5.75 -0.014558597090992
5.76 -0.015077708085416
5.77 -0.014782226571533
5.78 -0.014680626086232
5.79 -0.015444676394794
5.8 -0.016944548383672
5.81 -0.019520459345886
5.82 -0.022139101619528
5.83 -0.024539436612985
5.84 -0.026912277014255
5.85 -0.028974482867352
5.86 -0.031034999412743
5.87 -0.033211821192061
5.88 -0.03551778944485
5.89 -0.038199592188551
5.9 -0.042439570239404
5.91 -0.052018167641948
5.92 -0.049645702567535
5.93 -0.04609148836674
5.94 -0.041341683427961
5.95 -0.035671495778947
5.96 -0.030910117330328
5.97 -0.025840330702464
5.98 -0.021886501117556
5.99 -0.018453094405405
6.0 -0.015346521890988
6.01 -0.012873625750224
6.02 -0.011117460134101
6.03 -0.009782916525778
6.04 -0.009134937980198
6.05 -0.008884978093738
6.06 -0.008285185561842
6.07 -0.007694690782857
6.08 -0.009286965196371
6.09 -0.02071329503649
6.1 -0.015643464989644
6.11 -0.005103522118828
6.12 -0.009943406911524
6.13 -0.014234786763804
6.14 -0.006248666206055
6.15 -0.005002095679173
6.16 -0.006933340240868
6.17 -0.007984875160779
6.18 -0.008737815903465
6.19 -0.009132929128865
6.2 -0.009305288724655
6.21 -0.009110921713262
6.22 -0.008131994872999
6.23 -0.006031356279478
6.24 -0.003592552435283
6.25 -0.000670274059802
6.26 0.003044213470952
6.27 0.025831660355765
6.28 0.051919797411962
6.29 0.04832104449026
6.3 0.025637152463508
6.31 0.026435963016725
6.32 0.031802134895558
6.33 0.029510104716779
6.34 0.027449774270141
6.35 0.028407265894199
6.36 0.027127387205175
6.37 0.021916371788982
6.38 0.017413503028155
6.39 0.015971569250902
6.4 0.016801559725498
6.41 0.018427858491174
6.42 0.018898127396416
6.43 0.018285439872348
6.44 0.016118259742693
6.45 0.013593895313988
6.46 0.011192346984731
6.47 0.00952425748176
6.48 0.008315533604756
6.49 0.007471648043308
6.5 0.007155351108808
6.51 0.007197577406804
6.52 0.006989364709098
6.53 0.006554881504483
6.54 0.006111708017031
6.55 0.005587139021961
6.56 0.004792610717842
6.57 0.004146464362869
6.58 0.003536380094095
6.59 0.002973422213637
6.6 0.002156296679785
6.61 0.00141925619534
6.62 0.000980145394562
6.63 0.000723133719873
6.64 0.000872827645089
6.65 0.001197995064533
6.66 0.00197596280311
6.67 0.002611773451095
6.68 0.003549371187251
6.69 0.005127630707533
6.7 0.006033344359631
6.71 0.006660756540431
6.72 0.006832433836174
6.73 0.006811989491632
6.74 0.007039701045537
6.75 0.007303473325305
6.76 0.007944717971066
6.77 0.008584531720446
6.78 0.008108802335526
6.79 0.008198305652276
6.8 0.007674717722945
6.81 0.007267439755763
6.82 0.007132576598237
6.83 0.007245702270023
6.84 0.007474030467955
6.85 0.007939704703795
6.86 0.008619626784358
6.87 0.010062041130768
6.88 0.011322026111053
6.89 0.012297624714727
6.9 0.013502388741217
6.91 0.014735706879972
6.92 0.015632044416493
6.93 0.016096927515112
6.94 0.016518794272778
6.95 0.017104471487513
6.96 0.017832716577122
6.97 0.018756250468604
6.98 0.019854528353066
6.99 0.020787031863234
7.0 0.021785130165836
7.01 0.022269157863243
7.02 0.022160470152041
7.03 0.021130903954939
7.04 0.018812072021419
7.05 0.015413375829324
7.06 0.011737978724786
7.07 0.00842344661082
7.08 0.007817338762454
7.09 0.022692601565365
7.1 0.020483924126201
7.11 0.004483382066379
7.12 0.004944033418501
7.13 0.012987452679834
7.14 0.00562175933907
7.15 -0.000633730937221
7.16 0.003285547260544
7.17 0.008208696851086
7.18 0.01361141614864
7.19 0.018599720930973
7.2 0.022597613999964
7.21 0.024422182144972
7.22 0.023523682312249
7.23 0.020251056064841
7.24 0.016297658594671
7.25 0.010576387000043
7.26 0.005397055255468
7.27 0.000139907797869
7.28 -0.003821411169018
7.29 -0.006451486444669
7.3 -0.010075930233802
7.31 -0.012033868967481
7.32 -0.010854696348177
7.33 -0.010184088074486
7.34 -0.009528945880647
7.35 -0.012120146668834
7.36 -0.058648716855952
7.37 -0.077899023528441
7.38 -0.038871320194227
7.39 -0.023290383508947
7.4 -0.024868554285894
7.41 -0.027820036943414
7.42 -0.029385969511192
7.43 -0.028411750102137
7.44 -0.026372555975836
7.45 -0.025214470689569
7.46 -0.024529397892658
7.47 -0.023913324255087
7.48 -0.023436233183747
7.49 -0.022754348252894
7.5 -0.022081082131039
7.51 -0.02169009308259
7.52 -0.021610903283785
7.53 -0.021822719193496
7.54 -0.022110069731542
7.55 -0.023761703676655
7.56 -0.024308201299712
7.57 -0.025112295280426
7.58 -0.024926430873191
7.59 -0.025030566337153
7.6 -0.023826244250474
7.61 -0.019975944005002
7.62 -0.017690038479004
7.63 -0.016320972464197
7.64 -0.01399608011384
7.65 -0.011640697443291
7.66 -0.006020029438397
7.67 0.023818818985989
7.68 0.059154752559481
7.69 0.049334465319423
7.7 0.007679169671223
7.71 0.020237665655948
7.72 0.044548825109178
7.73 0.034996164631213
7.74 0.024878230340026
7.75 0.024382511343
7.76 0.026988406893652
7.77 0.025490639691009
7.78 0.0215967364743
7.79 0.019992072458841
7.8 0.020652221596863
7.81 0.021567745978726
7.82 0.022697454165637
7.83 0.022405585518632
7.84 0.021305187494813
7.85 0.019875563347965
7.86 0.018038112303067
7.87 0.015543984960713
7.88 0.012717451341298
7.89 0.0091647035342
7.9 0.004621629571714
7.91 -0.019744599215662
7.92 -0.02856803802523
7.93 -0.023477427922394
7.94 -0.019431264909206
7.95 -0.018163018800693
7.96 -0.018905449365503
7.97 -0.021101754964486
7.98 -0.02461382910076
7.99 -0.029635948084944
8.0 -0.037241687276639
8.01 -0.041987330806681
8.02 -0.044193664311418
8.03 -0.044172592838297
8.04 -0.042232718930662
8.05 -0.040124136925189
8.06 -0.038244131434101
8.07 -0.035720375296646
8.08 -0.033647656377121
8.09 -0.032509297423753
8.1 -0.031650368826282
8.11 -0.031054710649154
8.12 -0.031829277076748
8.13 -0.033741822971306
8.14 -0.03493705768741
8.15 -0.036609108653248
8.16 -0.037375975547399
8.17 -0.037421500798634
8.18 -0.036677205827578
8.19 -0.034730692795727
8.2 -0.032266332459697
8.21 -0.030216957753444
8.22 -0.029049492287798
8.23 -0.027543557004474
8.24 -0.026110228234516
8.25 -0.02495581439104
8.26 -0.023577583976065
8.27 -0.021580518481191
8.28 -0.019346687494081
8.29 -0.017278578233597
8.3 -0.015394647365619
8.31 -0.014163562892706
8.32 -0.013184456389997
8.33 -0.011454831510304
8.34 -0.009212333340505
8.35 -0.002255857715297
8.36 0.004713660611024
8.37 0.01080118290235
8.38 0.016178497330057
8.39 0.020267171958922
8.4 0.022960798016255
8.41 0.024033873103275
8.42 0.054469118972097
8.43 0.081571994646893
8.44 0.071905008778378
8.45 0.037487202076606
8.46 0.042797572143228
8.47 0.051305368106854
8.48 0.044498543791776
8.49 0.036433241775248
8.5 0.033573423914447
8.51 0.032728801634257
8.52 0.030666683785906
8.53 0.029285601858282
8.54 0.028144695978318
8.55 0.025892285581107
8.56 0.023335550544048
8.57 0.020760283174012
8.58 0.01883221952411
8.59 0.017570388135343
8.6 0.017033123462326
8.61 0.017218655280565
8.62 0.017784856335084
8.63 0.018257155664457
8.64 0.018296510017293
8.65 0.017573053911576
8.66 0.016250536153409
8.67 0.015399533351509
8.68 0.013958314102322
8.69 0.013023267569368
8.7 0.012126860693888
8.71 0.010447711975543
8.72 0.007943448429283
8.73 0.004867354744188
8.74 0.00183457572354
8.75 -0.002535661822962
8.76 -0.009734902860211
8.77 -0.053235932860161
8.78 -0.073858925518761
8.79 -0.046427610001393
8.8 -0.018113415804719
8.81 -0.028735406584777
8.82 -0.037017917169662
8.83 -0.035248204163958
8.84 -0.032269562071875
8.85 -0.02986299213195
8.86 -0.027521506049043
8.87 -0.025512411826212
8.88 -0.024136496205663
8.89 -0.023519446031088
8.9 -0.023609407116424
8.91 -0.024187422871884
8.92 -0.024899160642642
8.93 -0.025393325609362
8.94 -0.025140578652048
8.95 -0.024611888819897
8.96 -0.023934609697019
8.97 -0.022148363629037
8.98 -0.020660755818941
8.99 -0.019532815385805
9.0 -0.017633052995164
9.01 -0.015565788713868
9.02 -0.013099991293494
9.03 -0.009947875575995
9.04 -0.006980762874682
9.05 -0.003535730564831
9.06 0.001646510500873
9.07 0.039506920860702
9.08 0.029425902960597
9.09 0.020240659473541
9.1 0.017067388408545
9.11 0.017072514950461
9.12 0.019045895915693
9.13 0.020783761429487
9.14 0.020966886367875
9.15 0.019782296426465
9.16 0.01820033967322
9.17 0.016727827239738
9.18 0.01561999835887
9.19 0.015128789112524
9.2 0.015136118366612
9.21 0.015773046615049
9.22 0.016770710451322
9.23 0.017884337675572
9.24 0.018824621459783
9.25 0.019178354316836
9.26 0.018876574957001
9.27 0.017953663503009
9.28 0.017491681879917
9.29 0.016148208899204
9.3 0.014793432876327
9.31 0.01247815507397
9.32 0.010573429603035
9.33 0.009657431117015
9.34 0.005592248942548
9.35 0.004642133439378
9.36 0.005875387051598
9.37 0.008888193189683
9.38 0.001849545632155
9.39 -0.001032046924361
9.4 -0.002037632133315
9.41 -0.005185843509266
9.42 -0.038105143179613
9.43 -0.04889617327014
9.44 -0.040315292779417
9.45 -0.042487485360161
9.46 -0.039763249472983
9.47 -0.035718960073455
9.48 -0.035672371831673
9.49 -0.03660029888133
9.5 -0.036659605555524
9.51 -0.035718143992238
9.52 -0.033098214710471
9.53 -0.030835955156495
9.54 -0.029635949991592
9.55 -0.026818227854069
9.56 -0.025198233365316
9.57 -0.023514914939947
9.58 -0.023046006761635
9.59 -0.02260092172991
9.6 -0.022082063378598
9.61 -0.021512224003145
9.62 -0.021680249521335
9.63 -0.022487239743513
9.64 -0.022450966783434
9.65 -0.022450619611912
9.66 -0.022741670819758
9.67 -0.022576689364078
9.68 -0.022516673419904
9.69 -0.021587380992415
9.7 -0.020519051162407
9.71 -0.019258706104823
9.72 -0.017118132810759
9.73 -0.015061978235261
9.74 -0.013201461230825
9.75 -0.010918244158209
9.76 -0.00743718337388
9.77 -0.003804987423214
9.78 0.000833487190025
9.79 0.014814592009682
9.8 0.062031683041891
9.81 0.065402245477676
9.82 0.026272190002527
9.83 0.025712225134348
9.84 0.038098850238781
9.85 0.037682259193234
9.86 0.032441803593111
9.87 0.029060049714131
9.88 0.026603951480059
9.89 0.024120614225212
9.9 0.022031996440619
9.91 0.02099629846558
9.92 0.021237917627501
9.93 0.022312810740557
9.94 0.02365692969321
9.95 0.024918168103042
9.96 0.025804694823871
9.97 0.026113949062014
9.98 0.025444796159579
9.99 0.025039745630635
10.0 0.023869279833268
10.01 0.023161647069694
10.02 0.021896640253541
10.03 0.021018343248311
10.04 0.021223771439442
10.05 0.016109370437281
10.06 0.015156569012371
10.07 0.014297828582182
10.08 0.014088336938037
10.09 0.015004466588133
10.1 0.01580962324284
10.11 0.016375845955279
10.12 0.014547915700487
10.13 -0.016332230297396
10.14 -0.04517465491927
10.15 -0.026878366631616
10.16 -0.006894397861196
10.17 -0.014432118765104
10.18 -0.01422082140321
10.19 -0.008121078962037
10.2 -0.005484950359641
10.21 -0.006218544032881
10.22 -0.008484954840814
10.23 -0.012138852829426
10.24 -0.014647930171498
10.25 -0.013351089425495
10.26 -0.008795878475183
10.27 -0.006308616972343
10.28 -0.005510957170951
10.29 -0.007506091588013
10.3 -0.009960655418938
10.31 -0.0110483753347
10.32 -0.000522560022071
10.33 0.012962871268407
10.34 0.020193352510667
10.35 0.018468791313055
10.36 0.018049656741852
10.37 0.015731037180865
10.38 0.013939787129288
10.39 0.015329220980265
10.4 0.017684231041224
10.41 0.020791760430046
10.42 0.026417053234619
10.43 0.028771917679734
10.44 0.027343914423445
10.45 0.027178995807715
10.46 0.025971562386598
10.47 0.023483222365018
10.48 0.021234499156997
10.49 0.017761032548186
10.5 0.014166285099149
10.51 0.011580661937182
10.52 0.010495274535645
10.53 0.010013676794442
10.54 0.010505052734713
10.55 0.01027219016746
10.56 0.009875059556888
10.57 0.008698643073345
10.58 0.00856195652146
10.59 0.007892771305466
10.6 0.008016522481722
10.61 0.008275137100472
10.62 0.008794004233578
10.63 0.008492614794108
10.64 0.006479348595895
10.65 0.006551906372641
10.66 0.005198551003589
10.67 0.004678513969192
10.68 0.003678631501812
10.69 0.001894939290248
10.7 -0.002252639856914
10.71 -0.021658449084977
10.72 -0.051670579243272
10.73 -0.03094236707529
10.74 -0.011733183798748
10.75 -0.026102578967877
10.76 -0.031611872901796
10.77 -0.028676541659036
10.78 -0.026334810377142
10.79 -0.025947868065833
10.8 -0.025934990942139
10.81 -0.025774602363446
10.82 -0.025877864841852
10.83 -0.026208367024704
10.84 -0.026524343567491
10.85 -0.026144062899916
10.86 -0.024593559259041
10.87 -0.022453897170126
10.88 -0.020154409628723
10.89 -0.018104680147442
10.9 -0.017034545254284
10.91 -0.016734470778177
10.92 -0.01767008400898
10.93 -0.018784230271442
10.94 -0.019867998698777
10.95 -0.020798745974641
10.96 -0.02040567824631
10.97 -0.018928124103062
10.98 -0.016872650030912
10.99 -0.014424944564654
11.0 -0.012545608350333
11.01 -0.011329163899505
11.02 -0.010358473499307
11.03 -0.009085687816016
11.04 -0.007965035043181
11.05 -0.006609245172392
11.06 -0.005328425853159
11.07 -0.003925493636226
11.08 -0.002601196273741
11.09 -0.001136049125421
11.1 0.000175700163805
11.11 0.000936380126104
11.12 0.001891308775175
11.13 0.003048519603144
11.14 0.004225964627684
11.15 0.005663622135831
11.16 0.00746510516526
11.17 0.009420584560667
11.18 0.011455103125818
11.19 0.013437723855584
11.2 0.015514207950614
11.21 0.01801009825435
11.22 0.020601958343454
11.23 0.024506208214828
11.24 0.051114357214233
11.25 0.069600713328539
11.26 0.045783657509613
11.27 0.044605490092149
11.28 0.052651803091156
11.29 0.045949030591647
11.3 0.037293165281071
11.31 0.033734315353783
11.32 0.032546356776137
11.33 0.03228299454314
11.34 0.031626969210079
11.35 0.030588497264883
11.36 0.029445976882551
11.37 0.028969378219144
11.38 0.028149975645606
11.39 0.026682697224842
11.4 0.025071715989611
11.41 0.023657407879985
11.42 0.023058599759774
11.43 0.02304814467872
11.44 0.023572241570951
11.45 0.023994069304632
11.46 0.02368128167099
11.47 0.022972355287828
11.48 0.021967947433377
11.49 0.020394725116112
11.5 0.018887222973209
11.51 0.017311653625236
11.52 0.016265490243119
11.53 0.01554703053867
11.54 0.014961028285219
11.55 0.012816052180444
11.56 0.010119035595468
11.57 0.008954430532858
11.58 0.007384498134973
11.59 0.005557562413646
11.6 0.003857042114813
11.61 0.001934373331702
11.62 -0.00163950800634
11.63 -0.015545755340737
11.64 -0.04974255971536
11.65 -0.03805906321766
11.66 -0.015776603459144
11.67 -0.031183682806925
11.68 -0.039139129120379
11.69 -0.027250532187301
11.7 -0.019025838937747
11.71 -0.018939730448476
11.72 -0.019348052905964
11.73 -0.017056133811142
11.74 -0.014606896335194
11.75 -0.013522457444546
11.76 -0.012581379625011
11.77 -0.010630971516818
11.78 -0.008121263775254
11.79 -0.00573900985303
11.8 -0.003879688712822
11.81 -0.002928427317626
11.82 -0.00198722820191
11.83 -0.000357595254012
11.84 0.003043483232465
11.85 0.03247846717497
11.86 0.034937325580709
11.87 0.027799982664403
11.88 0.023496062812573
11.89 0.024141734900372
11.9 0.025653688706931
11.91 0.028212846094628
11.92 0.029161659052675
11.93 0.029808134970712
11.94 0.03166993013186
11.95 0.03586597163443
11.96 0.038746610282073
11.97 0.040555037852641
11.98 0.039867772237109
11.99 0.03642339001501
12.0 0.033473720562443
12.01 0.030733212559278
12.02 0.029126682232222
12.03 0.028235437734969
12.04 0.028217193670699
12.05 0.02874370494164
12.06 0.029749200900646
12.07 0.030984868248913
12.08 0.031962094145452
12.09 0.032568849349995
12.1 0.032582728682171
12.11 0.032092262288174
12.12 0.031038421529663
12.13 0.029678995938005
12.14 0.02839090710483
12.15 0.02720671077385
12.16 0.025959842455521
12.17 0.024695136616848
12.18 0.021254143778146
12.19 0.017941543781674
12.2 0.016116794420554
12.21 0.014197607761957
12.22 0.011897576042507
12.23 0.009969691829708
12.24 0.007982478124198
12.25 0.005499900648173
12.26 0.003260253910707
12.27 0.001344760105879
12.28 -0.000818663555237
12.29 -0.002844707525386
12.3 -0.004734971080721
12.31 -0.006935168787856
12.32 -0.009822382796436
12.33 -0.015938697767469
12.34 -0.044029058795066
12.35 -0.039137153397819
12.36 -0.020984152910629
12.37 -0.033784069228821
12.38 -0.047819741297585
12.39 -0.040071070415784
12.4 -0.027022662098238
12.41 -0.022410228232335
12.42 -0.022735835662045
12.43 -0.023230333992155
12.44 -0.022775499545366
12.45 -0.022016378602883
12.46 -0.02147101802545
12.47 -0.020905793886497
12.48 -0.019965834442743
12.49 -0.018351600185326
12.5 -0.016316609584956
12.51 -0.014248340700484
12.52 -0.011640153263905
12.53 -0.009971692014068
12.54 -0.008835873020078
12.55 -0.008215291002314
12.56 -0.007588161857988
12.57 -0.007057713414016
12.58 -0.006707437291141
12.59 -0.006430455080044
12.6 -0.005905789387458
12.61 -0.005425413366075
12.62 -0.004563853001553
12.63 -0.003067744715507
12.64 -0.001317876596792
12.65 0.000496245887675
12.66 0.002175890675975
12.67 0.003835667524581
12.68 0.005568071285457
12.69 0.007489956655744
12.7 0.01520046274348
12.71 0.03952418110799
12.72 0.035034332895859
12.73 0.011293404733948
12.74 0.026943178424328
12.75 0.023587630046116
12.76 0.012866366637398
12.77 0.020818313582027
12.78 0.022211445474079
12.79 0.016363110197093
12.8 0.017382453998167
12.81 0.021274896149132
12.82 0.018408278507014
12.83 0.012442657033973
12.84 0.011154683400686
12.85 0.013521081651388
12.86 0.013743781661267
12.87 0.004849276902476
12.88 -0.010103589525472
12.89 -0.009411683738991
12.9 -0.008676920799024
12.91 -0.008167463536973
12.92 -0.007203100796256
12.93 -0.011786110634833
12.94 -0.010222991553814
12.95 -0.008124032049023
12.96 -0.005983420572893
12.97 -0.00405571128979
12.98 -0.002921377405774
12.99 -0.002804965006313
13.0 -0.003589548292603
13.01 -0.004704723616197
13.02 -0.005843370548668
13.03 -0.006601853816741
13.04 -0.006980447756921
13.05 -0.007213895681226
13.06 -0.007522471257511
13.07 -0.007879772842913
13.08 -0.008010575892344
13.09 -0.007895224784241
13.1 -0.007372706818463
13.11 -0.006966584953909
13.12 -0.006930292191917
13.13 -0.007082746706987
13.14 -0.007738772374134
13.15 -0.008556755011717
13.16 -0.009041509207357
13.17 -0.009368834773436
13.18 -0.009734256325596
13.19 -0.010123992843545
13.2 -0.010523387502332
13.21 -0.010699176121559
13.22 -0.010684288994128
13.23 -0.010318795296087
13.24 -0.00946382099012
13.25 -0.008423378524684
13.26 -0.006901006211133
13.27 -0.005351819054647
13.28 -0.004570876383139
13.29 -0.004194027670358
13.3 -0.004153350384155
13.31 -0.004298260259026
13.32 -0.004653619577945
13.33 -0.005087120676341
13.34 -0.005387397769183
13.35 -0.005608306584026
13.36 -0.005625903847887
13.37 -0.005529177318541
13.38 -0.005276245904786
13.39 -0.004974118602892
13.4 -0.004681232769402
13.41 -0.004570075506919
13.42 -0.004747022941491
13.43 -0.005150601909425
13.44 -0.005663811132
13.45 -0.006285901125459
13.46 -0.006852204799078
13.47 -0.007243265539255
13.48 -0.007432359032454
13.49 -0.007519564673836
13.5 -0.007653947971699
13.51 -0.00782918469907
13.52 -0.008006264447241
13.53 -0.008121616473837
13.54 -0.00815335472984
13.55 -0.008040611891423
13.56 -0.00800267973183
13.57 -0.00798713132014
13.58 -0.007967581395549
13.59 -0.00800894817539
13.6 -0.007860726459166
13.61 -0.008008770015957
13.62 -0.008245563029817
13.63 -0.008582026061794
13.64 -0.008847059822821
13.65 -0.00899094663806
13.66 -0.009039644381394
13.67 -0.009159046825629
13.68 -0.009366582021998
13.69 -0.0096291393334
13.7 -0.010075017659542
13.71 -0.010516993834483
13.72 -0.010979158037808
13.73 -0.011403446416107
13.74 -0.011906879380707
13.75 -0.012560976354651
13.76 -0.013384660022882
13.77 -0.014246402881519
13.78 -0.01474338210371
13.79 -0.014878873843043
13.8 -0.014736601142894
13.81 -0.014388675022634
13.82 -0.013872347261937
13.83 -0.013202137995455
13.84 -0.012392920829388
13.85 -0.011507039937766
13.86 -0.010579522332853
13.87 -0.009786856614706
13.88 -0.009263540549895
13.89 -0.008935865723905
13.9 -0.008785185309416
13.91 -0.008756164376658
13.92 -0.008652234373142
13.93 -0.008418188949557
13.94 -0.008048290095148
13.95 -0.007513110031417
13.96 -0.006887518605626
13.97 -0.006174163737654
13.98 -0.005422304484983
13.99 -0.004688112541472
14.0 -0.003917577111551
14.01 -0.003391572953153
14.02 -0.002271782083264
14.03 -0.001597037294423
14.04 -0.001094774724035
14.05 -0.000600580177117
14.06 -0.000387173430804
14.07 -0.00014732110944
14.08 0.000274191305737
14.09 0.000892724066721
14.1 0.002307386126444
14.11 0.004674318894791
14.12 0.015581719741752
14.13 0.036885545063641
14.14 0.019295847057393
14.15 0.017447889625232
14.16 0.025718312104879
14.17 0.018385914214276
14.18 0.008525153785702
14.19 0.006269291534791
14.2 0.007711492765182
14.21 0.005270150749045
14.22 -0.013324700466572
14.23 -0.010847417012046
14.24 0.003535117737021
14.25 -0.012309266490826
14.26 -0.006915864633464
14.27 -0.00260516110045
14.28 -0.007906102400213
14.29 -0.007407450460122
14.3 -0.004587565304212
14.31 -0.005287878887158
14.32 -0.004712582697141
14.33 -8.4843509785e-05
14.34 0.009356515401239
14.35 0.012910289908966
14.36 0.013502973380725
14.37 0.008567389859963
14.38 0.002640631891098
14.39 0.00485182211876
14.4 0.007573980583082
14.41 0.007653078283833
14.42 0.005171185493722
14.43 0.002005660807155
14.44 -0.000480663834714
14.45 -0.002442765738205
14.46 -0.005688455919451
14.47 -0.02751133702199
14.48 -0.027912665794755
14.49 -0.013399816365528
14.5 -0.023771054356687
14.51 -0.024540500609997
14.52 -0.020747362861615
14.53 -0.021717586425199
14.54 -0.021892868510629
14.55 -0.020650755875896
14.56 -0.020928406953657
14.57 -0.022402912325666
14.58 -0.022942135594897
14.59 -0.022027097800571
14.6 -0.020896904763218
14.61 -0.020235301487306
14.62 -0.019994253456072
14.63 -0.019704670963
14.64 -0.018949142336266
14.65 -0.017874960811167
14.66 -0.017008647532283
14.67 -0.016376213933603
14.68 -0.018340016553023
14.69 -0.019970503647137
14.7 -0.020280520073534
14.71 -0.018841424984572
14.72 -0.017402952689689
14.73 -0.016153598990097
14.74 -0.015130949635654
14.75 -0.014235722110721
14.76 -0.013509843403136
14.77 -0.013033281557477
14.78 -0.012852588621717
14.79 -0.012975312503919
14.8 -0.013310572009354
14.81 -0.013932452686669
14.82 -0.014743665484513
14.83 -0.015611138319642
14.84 -0.016474968377447
14.85 -0.017169048949524
14.86 -0.017576021094285
14.87 -0.017665809865578
14.88 -0.017306062598739
14.89 -0.016574836476896
14.9 -0.015690299418695
14.91 -0.01462409291223
14.92 -0.013478472184382
14.93 -0.012227295102447
14.94 -0.011082847219322
14.95 -0.00985945668243
14.96 -0.009131925431039
14.97 -0.00851673147012
14.98 -0.008185035407263
14.99 -0.007670942192906
15.0 -0.006931166545293
15.01 -0.005934057443428
15.02 -0.00460919548948
15.03 -0.003178035966754
15.04 -0.001594495640416
15.05 0.001066741712184
15.06 0.006227357526362
15.07 0.032513686829602
15.08 0.034162054033514
15.09 0.010809011957584
15.1 0.02176256228876
15.11 0.030144947465454
15.12 0.012501929940421
15.13 0.006541861336362
15.14 0.013622364832845
15.15 0.015494641648431
15.16 0.010826936817053
15.17 0.006883527713118
15.18 0.004991354927562
15.19 0.00207325192871
15.2 -0.012670438716446
15.21 -0.015804331398282
15.22 0.00036450412971
15.23 -0.014892956138935
15.24 -0.013592759059345
15.25 -0.008933162393447
15.26 -0.013491811677683
15.27 -0.013032247406367
15.28 -0.010672510194474
15.29 -0.01112397987024
15.3 -0.011243249309873
15.31 -0.010954810725516
15.32 -0.011288097568182
15.33 -0.011291565029682
15.34 -0.010504493609358
15.35 -0.009846925405343
15.36 -0.009618711141334
15.37 -0.009725742800985
15.38 -0.009447969602136
15.39 -0.008797017930814
15.4 -0.007132490579806
15.41 0.006526838061834
15.42 0.00956898999022
15.43 0.004960888111451
15.44 0.001288040001574
15.45 -0.000759972075962
15.46 -0.001406377594264
15.47 -0.001126108477193
15.48 -0.000533547323102
15.49 0.000562259796813
15.5 0.002175521191975
15.51 0.002124641863892
15.52 0.002200241035733
15.53 0.003217450446206
15.54 0.004751600842629
15.55 0.006467406901909
15.56 0.007710114930029
15.57 0.008198881241482
15.58 0.008562677500404
15.59 0.009092672206865
15.6 0.009392464286956
15.61 0.009508131584255
15.62 0.009401748466409
15.63 0.009144682265075
15.64 0.008998185049372
15.65 0.008737396544166
15.66 0.008408041353566
15.67 0.008726234000322
15.68 0.009023692334084
15.69 0.009224459663166
15.7 0.010064193341427
15.71 0.010774377802029
15.72 0.012516768726417
15.73 0.01336682458989
15.74 0.013872238885625
15.75 0.014027226683595
15.76 0.013567786692908
15.77 0.0129988838645
15.78 0.012403710414402
15.79 0.01213209816534
15.8 0.01187225397062
15.81 0.011235645323231
15.82 0.010238120384766
15.83 0.009493008810414
15.84 0.008600386015887
15.85 0.007908622160789
15.86 0.007288580962753
15.87 0.006906615148908
15.88 0.006740751715142
15.89 0.006800359626116
15.9 0.00679196828763
15.91 0.006812097744734
15.92 0.006462441972023
15.93 0.006179834376679
15.94 0.005701965052692
15.95 0.004961371889575
15.96 0.004479050861252
15.97 0.00388801991928
15.98 0.002138323945897
15.99 -0.000164334378891
16.0 -0.001851367119344
16.01 -0.003923876982549
16.02 -0.006070088371259
16.03 -0.009192455014629
16.04 -0.015524097440382
16.05 -0.037233641961306
16.06 -0.032839583953291
16.07 -0.014698341040736
16.08 -0.025925665950747
16.09 -0.029916486807623
16.1 -0.015804877506005
16.11 -0.010658985379631
16.12 -0.015302494436104
16.13 -0.017052904324535
16.14 -0.013629456838683
16.15 -0.005176376458243
16.16 0.019999624821392
16.17 0.013360135136871
16.18 0.00718873976734
16.19 0.009002378840229
16.2 0.008672728834171
16.21 0.008043665982735
16.22 0.008409132118561
16.23 0.008660623054228
16.24 0.008342605378822
16.25 0.007602531800453
16.26 0.005801788469431
16.27 0.003631863284263
16.28 0.003894381045337
16.29 0.004405412704358
16.3 0.004961074050971
16.31 0.005830316237577
16.32 0.007151358434987
16.33 0.008106935350802
16.34 0.008821663032732
16.35 0.009729770402208
16.36 0.010255431882321
16.37 0.010187379052526
16.38 0.010429496295353
16.39 0.010332651984981
16.4 0.010370249341011
16.41 0.010157298699425
16.42 0.01004764135245
16.43 0.010186164813405
16.44 0.010118794920011
16.45 0.010665360297209
16.46 0.011844544121941
16.47 0.012529864002255
16.48 0.013543734511225
16.49 0.014084073652025
16.5 0.014729890887744
16.51 0.0152427445563
16.52 0.01556039611027
16.53 0.015844816706712
16.54 0.016027643868207
16.55 0.015586381227699
16.56 0.015064680983011
16.57 0.01434145883252
16.58 0.013430807148191
16.59 0.012646376773592
16.6 0.011751966906704
16.61 0.01103114541967
16.62 0.010493967046411
16.63 0.010087502475646
16.64 0.009653632072995
16.65 0.009375482794395
16.66 0.009123381459418
16.67 0.00913305877014
16.68 0.00911845770222
16.69 0.009080044069856
16.7 0.008963885825308
16.71 0.008759446271493
16.72 0.00839722568204
16.73 0.007867739735857
16.74 0.007220757403405
16.75 0.006026391146141
16.76 0.004913062787299
16.77 0.003525200542792
16.78 0.002137152934862
16.79 0.000193003608133
16.8 -0.002885803782794
16.81 -0.018574301899942
16.82 -0.036562849253555
16.83 -0.020704929932062
16.84 -0.012586757964696
16.85 -0.026870671805004
16.86 -0.024214579549812
16.87 -0.012177586452749
16.88 -0.008408061472102
16.89 -0.010427938118507
16.9 -0.011659608541798
16.91 -0.010317452103517
16.92 -0.00782776597661
16.93 0.000424790077295
16.94 0.024998563338591
16.95 0.014706429586957
16.96 0.00774383596619
16.97 0.010581322755521
16.98 0.010366406334019
16.99 0.009846824716951
17.0 0.009901424201515
17.01 0.008640948872979
17.02 0.007552234402496
17.03 0.007556275090062
17.04 0.007770333322842
17.05 0.0070866549937
17.06 0.006334438233759
17.07 0.006171664444759
17.08 0.00658132914321
17.09 0.006962817971765
17.1 0.006846738402096
17.11 0.006030428898059
17.12 0.004963891403605
17.13 0.005313203020057
17.14 0.005474041091717
17.15 0.005483034561372
17.16 0.005457170830056
17.17 0.005734098371414
17.18 0.006051379683846
17.19 0.006353540158106
17.2 0.006666628056282
17.21 0.007041996503273
17.22 0.007182813278356
17.23 0.007077830323332
17.24 0.006927389079907
17.25 0.006796210489119
17.26 0.00701556178739
17.27 0.004738206161223
17.28 0.003519924685173
17.29 0.002936055520819
17.3 0.001703067493067
17.31 -1.2450171496e-05
17.32 -0.001342241304635
17.33 -0.001540266969854
17.34 -0.00032267908302
17.35 -0.002138311483514
17.36 -0.003669317093025
17.37 -0.002917133693413
17.38 -0.003627593359714
17.39 -0.006627168190637
17.4 -0.015466029075922
17.41 -0.025119778273762
17.42 -0.024762662217612
17.43 -0.018612307413923
17.44 -0.01433322900401
17.45 -0.013603135040325
17.46 -0.014218080293471
17.47 -0.014234195335858
17.48 -0.014623965069042
17.49 -0.014803043097885
17.5 -0.013733084555774
17.51 -0.012506672114253
17.52 -0.011230440953989
17.53 -0.010514037494108
17.54 -0.010348929752415
17.55 -0.010354000618477
17.56 -0.010161297781418
17.57 -0.01002689314345
17.58 -0.009630362559756
17.59 -0.008974220623397
17.6 -0.008215208179761
17.61 -0.007325575177776
17.62 -0.006529213683978
17.63 -0.005635174342709
17.64 -0.004587369718125
17.65 -0.003454826205018
17.66 -0.001975923095443
17.67 -0.000464103790079
17.68 0.000872695277841
17.69 0.00233595272712
17.7 0.003877677454414
17.71 0.006961149096184
17.72 0.031715136686568
17.73 0.033425412875314
17.74 0.013207907143431
17.75 0.02775923011267
17.76 0.033076122444818
17.77 0.020776801201228
17.78 0.01617116579765
17.79 0.01834596413353
17.8 0.019214639629911
17.81 0.017793281538331
17.82 0.01625993090121
17.83 0.015280193333315
17.84 0.014891615097277
17.85 0.014339328536582
17.86 0.013955427003347
17.87 0.013509933810417
17.88 0.01299111122251
17.89 0.012270159785351
17.9 0.011546438482008
17.91 0.010116213263137
17.92 0.006757120321132
17.93 -0.014471173555481
17.94 -0.021332000434465
17.95 -0.004892034494445
17.96 -0.005974210160295
17.97 -0.009756310538132
17.98 -0.009563368209081
17.99 -0.009400135412763
18.0 -0.009767963119734
18.01 -0.008929581684109
18.02 -0.007646552654414
18.03 -0.00650975746646
18.04 -0.005337214055877
18.05 -0.004407492124316
18.06 -0.00315797226333
18.07 0.007316011880132
18.08 0.024812709909266
18.09 0.020577910740721
18.1 0.017204237098181
18.11 0.015416366264415
18.12 0.014029740968087
18.13 0.012828167031946
18.14 0.013571523657187
18.15 0.013801493060318
18.16 0.013765140981937
18.17 0.013743120088263
18.18 0.013403217899556
18.19 0.012688408005734
18.2 0.011963989848091
18.21 0.01098887080089
18.22 0.010085214670611
18.23 0.009243061982096
18.24 0.008761136744874
18.25 0.008489360023077
18.26 0.008378910023473
18.27 0.008284167008848
18.28 0.008379768765904
18.29 0.008219769723342
18.3 0.008470780127929
18.31 0.008623062387688
18.32 0.008722877304407
18.33 0.008955246907599
18.34 0.009004718369119
18.35 0.008176709914172
18.36 0.00743365386583
18.37 0.006907251428214
18.38 0.007144500590725
18.39 0.007438529088697
18.4 0.00736229792115
18.41 0.007013171719184
18.42 0.006337346880309
18.43 0.005255893618592
18.44 0.004089014795414
18.45 0.003134815005751
18.46 0.002083159951918
18.47 0.001047876421615
18.48 -0.000631054743089
18.49 -0.012674984572282
18.5 -0.021360053570519
18.51 -0.011263210842349
18.52 -0.020305171035886
18.53 -0.025839561410254
18.54 -0.015522482666544
18.55 -0.009019950915107
18.56 -0.008912255004225
18.57 -0.007141957427891
18.58 0.009662198011378
18.59 0.015384876277209
18.6 0.002761603695795
18.61 0.001181698501435
18.62 0.003791883769169
18.63 0.003189496161164
18.64 0.001743627887345
18.65 -0.000492219842373
18.66 -0.014596563229275
18.67 -0.01562403430136
18.68 -0.010539319830934
18.69 -0.008731916221336
18.7 -0.008540035654941
18.71 -0.008234914152093
18.72 -0.005824332988288
18.73 0.00566219761902
18.74 0.012602427809183
18.75 -0.010811542202256
18.76 -0.005020490566143
18.77 -0.004078066684131
18.78 -0.00379343214828
18.79 -0.00447921687068
18.8 -0.005629625934112
18.81 -0.006506796400836
18.82 -0.006864166165371
18.83 -0.006860944297323
18.84 -0.00660639652538
18.85 -0.006282181646171
18.86 -0.005884621866734
18.87 -0.005520858227225
18.88 -0.005119504681919
18.89 -0.004838588518834
18.9 -0.004585328487868
18.91 -0.004364447914263
18.92 -0.004160899710862
18.93 -0.003953865930868
18.94 -0.003767716629824
18.95 -0.003803696104118
18.96 -0.003808109865927
18.97 -0.003760237826879
18.98 -0.003810633883283
18.99 -0.003529770765025
19.0 -0.003136514105089
19.01 -0.002752304168327
19.02 -0.002311237336378
19.03 -0.001643977572679
19.04 -0.000514281845902
19.05 0.001312938675382
19.06 0.013860490797773
19.07 0.031232292293587
19.08 0.019281268061361
19.09 0.009619814166874
19.1 0.020948476123067
19.11 0.016641202224679
19.12 0.008050003539957
19.13 0.007137181438466
19.14 0.009337511274341
19.15 0.009405271867889
19.16 0.005797263175432
19.17 -0.016283761589268
19.18 -0.020341335079592
19.19 -0.012790779269153
19.2 -0.012188510718074
19.21 -0.012614818708134
19.22 -0.012251761321486
19.23 -0.010374686601473
19.24 -0.005546282043439
19.25 -0.003803098997075
19.26 -0.004939450061326
19.27 -0.006383458703207
19.28 -0.007582487113217
19.29 -0.007001576438915
19.3 -0.007297040355829
19.31 -0.007581299958028
19.32 -0.007598851725792
19.33 -0.007391744541358
19.34 -0.006995045648157
19.35 -0.006621448432262
19.36 -0.006416424111666
19.37 -0.006302117564466
19.38 -0.006227083908405
19.39 -0.006181653095624
19.4 -0.006241415411246
19.41 -0.006140013444465
19.42 -0.005903808644894
19.43 -0.005481145211505
19.44 -0.00497290471924
19.45 -0.004422151772684
19.46 -0.00382297234798
19.47 -0.002960487831722
19.48 -0.001528540454055
19.49 -4.6646735334e-05
19.5 0.00594656725056
19.51 0.028124084751698
19.52 0.016620383186721
19.53 0.016123479605467
19.54 0.022617077831797
19.55 0.020982693236603
19.56 0.017786660544941
19.57 0.015877359087831
19.58 0.014698202475309
19.59 0.014219214458868
19.6 0.014687158954663
19.61 0.015456365853761
19.62 0.015931422059283
19.63 0.015717098264802
19.64 0.01507497785485
19.65 0.014274074434497
19.66 0.013619860179754
19.67 0.012969663080282
19.68 0.012236082742453
19.69 0.011482171543643
19.7 0.010666447287768
19.71 0.009925536324335
19.72 0.009326035890223
19.73 0.008961990375877
19.74 0.008672175051828
19.75 0.008924253738582
19.76 0.009541766691979
19.77 0.009601238534024
19.78 0.009669060541359
19.79 0.009497446455556
19.8 0.008961546967109
19.81 0.008344127958408
19.82 0.007631056315032
19.83 0.007080574944908
19.84 0.006734151657726
19.85 0.006206550381769
19.86 0.00534770738097
19.87 0.00455166114006
19.88 0.003475877462619
19.89 0.002253747832549
19.9 0.001172573199709
19.91 0.000469171519141
19.92 5.5673073436e-05
19.93 -0.000383586641761
19.94 -0.001190409684894
19.95 -0.002221395401067
19.96 -0.003381990135203
19.97 -0.005492922814791
19.98 -0.011013279593341
19.99 -0.0283611126487
20.0 -0.023161677801238
20.01 -0.018746100730697
20.02 -0.029478467453228
20.03 -0.024639716187787
20.04 -0.012990688312916
20.05 -0.014656756583688
20.06 -0.019906137509683
20.07 -0.017459310224914
20.08 -0.012762808213918
20.09 -0.010861202428256
20.1 -0.01097833342908
20.11 -0.010543990948104
20.12 -0.009334671828146
20.13 -0.007863323275307
20.14 -0.00709790211883
20.15 -0.007021878089773
20.16 -0.007273824988267
20.17 -0.007492427008247
20.18 -0.007418810875592
20.19 -0.006944348062315
20.2 -0.006299495989729
20.21 -0.005613664388208
20.22 -0.004980084187204
20.23 -0.004452344188169
20.24 -0.003936205957659
20.25 -0.003024162205011
20.26 -0.001598472464559
20.27 0.000803642979915
20.28 0.013737829829547
20.29 0.025122591015765
20.3 0.01251722035568
20.31 0.014752964508629
20.32 0.022891009441677
20.33 0.011379064309677
20.34 0.008168593096998
20.35 0.016770469345764
20.36 0.014065654471224
20.37 0.002115200953812
20.38 -0.008860819121705
20.39 -0.006976904153655
20.4 -0.005251286806962
20.41 -0.002731026011517
20.42 -0.002894493279086
20.43 -0.003058706603752
20.44 -0.003241806620326
20.45 -0.003562346191499
20.46 -0.003907696842779
20.47 -0.004254970010383
20.48 -0.004500237976726
20.49 -0.004666516778334
20.5 -0.004683273140659
20.51 -0.004486289455702
20.52 -0.004344947002283
20.53 -0.004136343694332
20.54 -0.004025926779366
20.55 -0.004106534389861
20.56 -0.004378285815238
20.57 -0.00473696519841
20.58 -0.00509567637051
20.59 -0.00535604446587
20.6 -0.00578806271512
20.61 -0.006114441859554
20.62 -0.006332190181383
20.63 -0.006501017687199
20.64 -0.006550920165738
20.65 -0.006586367215829
20.66 -0.006628967711381
20.67 -0.006706514494545
20.68 -0.00688478516524
20.69 -0.007090987915167
20.7 -0.007288127646219
20.71 -0.007504374672601
20.72 -0.007677729513061
20.73 -0.007857940653378
20.74 -0.008014067984133
20.75 -0.008139050597653
20.76 -0.008170041726294
20.77 -0.008021260333043
20.78 -0.007656458658792
20.79 -0.007197811370978
20.8 -0.006604059968509
20.81 -0.006021116689227
20.82 -0.005491235620376
20.83 -0.004996820055387
20.84 -0.004646125948777
20.85 -0.004432385324613
20.86 -0.004406299264541
20.87 -0.004482500436324
20.88 -0.004610328605424
20.89 -0.004771213560473
20.9 -0.004873888487099
20.91 -0.004867191883536
20.92 -0.004767750718631
20.93 -0.004492882237225
20.94 -0.004074504385062
20.95 -0.003554342309948
20.96 -0.00298582603839
20.97 -0.002407405192951
20.98 -0.001861394303369
20.99 -0.001388994185384
21.0 -0.001013265636129
21.01 -0.000664313577992
21.02 -0.000483715122415
21.03 -7.0076718737e-05
21.04 0.00389303190669
21.05 0.02369070004533
21.06 0.014204475608444
21.07 -0.004107461737462
21.08 -0.004080234793382
21.09 -0.011213819067065
21.1 -0.00362540308229
21.11 -0.002685413284839
21.12 -0.00264599411373
21.13 -0.002620943478353
21.14 -0.002616692885441
21.15 -0.00290191123969
21.16 -0.00460265763473
21.17 -0.004440823582721
21.18 -0.003841205761158
21.19 -0.00478945726558
21.2 -0.004512978420311
21.21 -0.004337784351101
21.22 -0.004677211109124
21.23 -0.00446349920763
21.24 -0.003752976030473
21.25 -0.00313886293702
21.26 -0.003194915546244
21.27 -0.003190051732973
21.28 -0.003345301790443
21.29 -0.003503154371196
21.3 -0.003009020034618
21.31 -0.003214267620473
21.32 -0.003221977241258
21.33 -0.003140308063523
21.34 -0.00402032248997
21.35 -0.004355261776731
21.36 -0.004137541348494
21.37 -0.004137741926122
21.38 -0.004326300057528
21.39 -0.004722905938455
21.4 -0.00514221647521
21.41 -0.004720418562573
21.42 -0.001203101672011
21.43 0.01018927802971
21.44 0.015152182950392
21.45 0.012139591582786
21.46 0.009371464694035
21.47 0.00939326248636
21.48 0.010304940780873
21.49 0.010900480098185
21.5 0.010696750940355
21.51 0.010185527673336
21.52 0.009747494477491
21.53 0.009157248879048
21.54 0.008377727919636
21.55 0.007750329849644
21.56 0.007015560633514
21.57 0.006367137984937
21.58 0.005864873809381
21.59 0.005339504679345
21.6 0.004647569167284
21.61 0.003090440264739
21.62 -0.006941046786016
21.63 -0.029478729016121
21.64 -0.009706822684758
21.65 -0.002213292151084
21.66 -0.015567917129035
21.67 -0.007357545985631
21.68 0.010432475847142
21.69 0.013154115589106
21.7 0.011211632662741
21.71 0.005188870913008
21.72 0.005513002875307
21.73 0.005600113235611
21.74 0.005575308968362
21.75 0.005459286209046
21.76 0.005424318719842
21.77 0.00551424332341
21.78 0.005769824583658
21.79 0.006121867610699
21.8 0.00652992677916
21.81 0.006848011485755
21.82 0.007051954871101
21.83 0.007005373889331
21.84 0.006738960152178
21.85 0.006398121729546
21.86 0.006035918195906
21.87 0.005696776485376
21.88 0.005412312606974
21.89 0.005139421174948
21.9 0.004884267619745
21.91 0.004617561064793
21.92 0.004342658296805
21.93 0.004121827994233
21.94 0.003802834887611
21.95 0.00355431017448
21.96 0.003244677020649
21.97 0.002859627017763
21.98 0.002455739480049
21.99 0.002095160491698
22.0 0.001644971961983
22.01 0.0010861507029
22.02 0.000345444692908
22.03 -0.001402381598039
22.04 -0.01123957396363
22.05 -0.029485493708895
22.06 -0.013640446223658
22.07 -0.008343982018151
22.08 -0.014376713054064
22.09 -0.009661912591338
22.1 -0.004661649040536
22.11 -0.006014358442096
22.12 -0.00832112282901
22.13 -0.007485077536256
22.14 -0.000848738156433
22.15 0.021068658171894
22.16 0.014236960746807
22.17 0.007675304054669
22.18 0.010905576755414
22.19 0.010730265508894
22.2 0.009507074418552
22.21 0.009573008107049
22.22 0.009336947440317
22.23 0.007831515016101
22.24 0.005176325007119
22.25 0.002452134903233
22.26 0.00056169173228
22.27 -0.000248265138785
22.28 0.00010294364422
22.29 -0.000514145535681
22.3 -0.000313990504879
22.31 0.001199741418357
22.32 -0.002322525465546
22.33 -0.013390639342665
22.34 -0.016144884761454
22.35 -0.012179228986998
22.36 -0.009008804929578
22.37 -0.008204590581496
22.38 -0.008767875867452
22.39 -0.010418538192901
22.4 -0.011060984463576
22.41 -0.010856163373866
22.42 -0.010678878875449
22.43 -0.010606649322106
22.44 -0.010649090321622
22.45 -0.010556335773463
22.46 -0.010396620603584
22.47 -0.010212930547871
22.48 -0.009950146809529
22.49 -0.00954563707569
22.5 -0.009206354894207
22.51 -0.008943552982576
22.52 -0.008788606271961
22.53 -0.008785751659112
22.54 -0.008864941148821
22.55 -0.009004215510384
22.56 -0.00913344170847
22.57 -0.009182825740093
22.58 -0.009211034305845
22.59 -0.009219131076635
22.6 -0.009215456937359
22.61 -0.009164354528743
22.62 -0.00905807035689
22.63 -0.008822318775777
22.64 -0.008373716711693
22.65 -0.008016474771265
22.66 -0.007688196606059
22.67 -0.007373887143001
22.68 -0.007145796285764
22.69 -0.006866551855525
22.7 -0.00660072341902
22.71 -0.006304785117376
22.72 -0.006015824715586
22.73 -0.005813605841883
22.74 -0.005513370272703
22.75 -0.005075873358548
22.76 -0.004573473376373
22.77 -0.004008493432563
22.78 -0.003489987053667
22.79 -0.003038991998883
22.8 -0.002592155537085
22.81 -0.002166441888615
22.82 -0.001564192170304
22.83 -0.000969063320472
22.84 -0.000324994061253
22.85 0.000218546050884
22.86 0.000655779045417
22.87 0.001068660569189
22.88 0.001531918369628
22.89 0.002263607136033
22.9 0.003719984552127
22.91 0.006548280315424
22.92 0.008555720968135
22.93 0.004469494766548
22.94 0.004269033851752
22.95 0.004112081239751
22.96 0.00400740739514
22.97 0.00390403896881
22.98 0.003772979340681
22.99 0.003541227979036
23.0 0.003289781328887
23.01 0.002221075025256
23.02 0.001233671573829
23.03 -0.000430033016622
23.04 -0.002128018790957
23.05 -0.000659132012826
23.06 -4.3507263676e-05
23.07 -0.000763347956943
23.08 -0.001811308295996
23.09 -0.00333308062577
23.1 -0.001081288721972
23.11 -0.0001600264569
23.12 -0.003083395121709
23.13 0.002504376866617
23.14 0.014353977245223
23.15 0.016108913198451
23.16 0.014000687311952
23.17 0.01287654948829
23.18 0.012651759621777
23.19 0.012524734405395
23.2 0.012240751174341
23.21 0.011889443436847
23.22 0.01145421449571
23.23 0.011018584125551
23.24 0.010670877997536
23.25 0.010298656902498
23.26 0.009890296104428
23.27 0.009499669886711
23.28 0.009130353819422
23.29 0.008799213604854
23.3 0.008418094370467
23.31 0.008021362020035
23.32 0.007632221959101
23.33 0.007227619750953
23.34 0.00687747467487
23.35 0.006554217658433
23.36 0.006237493545211
23.37 0.005896919112388
23.38 0.005387119074331
23.39 0.004828622995235
23.4 0.004261293258652
23.41 0.003631982631995
23.42 0.002974162541206
23.43 0.002284634126234
23.44 0.001490721163104
23.45 0.000652010071462
23.46 -0.000508681050487
23.47 -0.002641215744276
23.48 -0.011253730184276
23.49 -0.020701548352744
23.5 -0.007635766561662
23.51 -0.000781024089292
23.52 -0.002343920942819
23.53 -0.002164695428461
23.54 -0.002112862170336
23.55 -0.002192577630333
23.56 -0.00236538008997
23.57 -0.002478505083888
23.58 -0.002508811874044
23.59 -0.002468282509039
23.6 -0.002334215772295
23.61 -0.002117660442581
23.62 -0.001838241615556
23.63 -0.00147535966547
23.64 -0.001036040008945
23.65 -0.000638633561289
23.66 -0.00028448181592
23.67 -1.3055954342e-05
23.68 0.000176884858689
23.69 0.000296519216892
23.7 0.000291868711541
23.71 0.000195153946339
23.72 2.0306590324e-05
23.73 -0.000224712736588
23.74 -0.000482619811907
23.75 -0.000697223646357
23.76 -0.000807858877237
23.77 -0.00072986629977
23.78 -0.000447317213547
23.79 -9.432805708e-06
23.8 0.000512768114256
23.81 0.001064850540557
23.82 0.001602643054414
23.83 0.002069790598534
23.84 0.002516576155218
23.85 0.002898079638092
23.86 0.003196530394455
23.87 0.003460733372425
23.88 0.005048907737186
23.89 0.004955527230695
23.9 0.00410661081597
23.91 0.001771922502777
23.92 0.00224125687955
23.93 -0.004121429798289
23.94 -0.011746630751448
23.95 -0.008370166001934
23.96 -0.002094749046172
23.97 0.003896682584952
23.98 0.014648885591761
23.99 0.012743199434478
24.0 0.008221724794661
24.01 0.006406867573019
24.02 0.005459048828781
24.03 0.003543988799462
24.04 0.002930481479144
24.05 0.003170617838159
24.06 0.000904532420749
24.07 -0.00175581747213
24.08 -0.006519296251599
24.09 -0.010508882930264
24.1 -0.007485584165443
24.11 -0.008970381243868
24.12 -0.010639619993343
24.13 -0.009749248157413
24.14 -0.008372287246141
24.15 -0.00731558770378
24.16 -0.006434402785556
24.17 -0.005708890291364
24.18 -0.005103666618629
24.19 -0.004639421574214
24.2 -0.004259095887893
24.21 -0.003826272185323
24.22 -0.003305694360865
24.23 -0.002761836308826
24.24 -0.002230658376646
24.25 -0.001774569803218
24.26 -0.001466058365415
24.27 -0.001461299986389
24.28 -0.001701664517192
24.29 -0.002137847625403
24.3 -0.002715584616602
24.31 -0.003315811734624
24.32 -0.003841810515133
24.33 -0.00423094563102
24.34 -0.004500645190308
24.35 -0.004619091986004
24.36 -0.004618909622244
24.37 -0.004553479441746
24.38 -0.00446473457934
24.39 -0.004331750005111
24.4 -0.00421185221592
24.41 -0.004114580752854
24.42 -0.004071488309274
24.43 -0.004070052402437
24.44 -0.004133707479448
24.45 -0.004176075268041
24.46 -0.004180480898051
24.47 -0.004153903312339
24.48 -0.004079564046251
24.49 -0.003945843624835
24.5 -0.003795740284826
24.51 -0.003646757119646
24.52 -0.003498672869506
24.53 -0.003334370697309
24.54 -0.003152870522857
24.55 -0.002951460098157
24.56 -0.002707777220849
24.57 -0.002440656201941
24.58 -0.002117100322717
24.59 -0.001738351422428
24.6 -0.001427235176114
24.61 -0.001142596132184
24.62 -0.000884573437606
24.63 -0.000707977531669
24.64 -0.000619385259398
24.65 -0.000529518835433
24.66 -0.000492096030876
24.67 -0.000415690872935
24.68 -0.000226078903039
24.69 8.2616366966e-05
24.7 0.000606791071245
24.71 0.001746212566838
24.72 0.010433418393802
24.73 0.016316334711092
24.74 0.006485124002546
24.75 0.009505856266542
24.76 0.012209067665275
24.77 0.007324194823844
24.78 0.006617613707522
24.79 0.007459059391176
24.8 0.005761242574171
24.81 0.002333347006274
24.82 -0.009669932523616
24.83 -0.020610102172544
24.84 -0.012169185533655
24.85 -0.011526545142662
24.86 -0.012716894733285
24.87 -0.011798640619248
24.88 -0.010075548662495
24.89 -0.007438922354169
24.9 -0.004485747074857
24.91 -0.002536669549772
24.92 -0.00259821689284
24.93 -0.00260761027794
24.94 -0.002239787910977
 
 
 
 
 
 
 
 
 
 
 
 
 
 
 
 
 
 
 
 
 
 
 
 
 
 
 
 
 
 
 
 
 
 
 
 
 
 
 
 
 
 
 
 
 
 
 
 
 
 
 
 
 
 
 
 
 
 
 
 
 
 
 
 
 
 
 
 
 
 
 
 
 
 
 
 
 
 
 
 
 
 
 
 
 
 
 
 
 
 
 
 
 
 
 
 
 
 
 
 
 
 
 
 
 
 
 
 
 
 
 
 
 
 
 
 
 
 
 
 
 
 
 
 
 
 
 
 
 
 
 
 
 
 
 
 
 
 
 
 
 
 
 
 
 
 
 
 
 
 
 
 
 
 
 
 
 
 
 
 
 
 
 
 
 
 
 
 
 
 
 
 
 
 
 
 
 
 
 
 
 
 
 
 
 
 
 
 
 
 
 
 
 
 
 
 
 
 
 
 
 
 
 
 
 
 
 
 
 
 
 
 
 
 
 
 
 
 
 
 
 
 
 
 
 
 
 
 
 
 
 
 
 
 
 
 
 
 
 
 
 
 
 
 
 
 
 
 
 
 
 
 
 
 
 
 
 
 
 
 
 
 
 
 
 
 
 
 
 
 
 
 
 
 
 
 
 
 
 
 
 
 
 
 
 
 
 
 
 
 
 
 
 
 
 
 
 
 
 
 
 
 
 
 
 
 
 
 
 
 
 
 
 
 
 
 
 
 
 
 
 
 
 
 
 
 
 
 
 
 
 
 
 
 
 
 
 
 
 
 
 
 
 
 
 
 
 
 
 
 
 
 
 
 
 
 
 
 
 
 
 
 
 
 
 
 
 
 
 
 
 
 
 
 
 
 
 
 
 
 
 
 
 
 
 
 
 
 
 
 
 
 
 
 
 
 
 
 
 
 
 
 
 
 
 
 
 
 
 
 
 
 
 
 
 
 
 
 
 
 
 
 
 
 
 
 
 
 
 
 
 
 
 
 
 
 
 
 
 
 
 
 
 
 
 
 
 
 
 
 
 
 
 
 
 
 
 
 
 
 
 
 
 
 
 
 
 
 
 
 
 
 
 
 
 
 
 
 
 
 
 
 
 
 
 
 
 
 
 
 
 
 
 
 
 
 
 
 
 
 
 
 
 
 
 
 
 
 
 
 
 
 
 
 
 
 
 
 
 
 
 
 
 
 
 
 
 
 
 
 
 
 
 
 
 
 
 
 
 
 
 
 
 
 
 
 
 
 
 
 
 
 
 
 
 
 
 
 
 
 
 
 
 
 
 
 
 
 
 
 
 
 
 
 
 
 
 
 
 
 
 
 
 
 
 
 
 
 
 
 
 
 
 
 
 
 
 
 
 
 
 
 
 
 
 
 
 
 
 
 
 
 
 
 
 
 
 
 
 
 
 
 
 
 
 
 
 
 
 
 
 
 
 
 
 
 
 
 
 
 
 
 
 
 
 
 
 
 
 
 
 
 
 
 
 
 
 
 
 
 
 
 
 
 
 
 
 
 
 
 
 
 
 
 
 
 
 
 
 
 
 
 
 
 
 
 
 
 
 
 
 
 
 
 
 
 
 
 
 
 
 
 
 
 
 
 
 
 
 
 
 
 
 
 
 
 
 
 
 
 
 
 
 
 
 
 
 
 
 
 
 
 
 
 
 
 
 
 
 
 
 
 
 
 
 
 
 
 
 
 
 
 
 
 
 
 
 
 
 
 
 
 
 
 
 
 
 
 
 
 
 
 
 
 
 
 
 
 
 
 
 
 
 
 
 
 
 
 
 
 
 
 
 
 
 
 
 
 
 
 
 
 
 
 
 
 
 
 
 
 
 
 
 
 
 
 
 
 
 
 
 
 
 
 
 
 
 
 
 
 
 
 
 
 
 
 
 
 
 
 
 
 
 
 
 
 
 
 
 
 
 
 
 
 
 
 
 
 
 
 
 
 
 
 
 
 
 
 
 
 
 
 
 
 
 
 
 
 
 
 
 
 
 
 
 
 
 
 
 
 
 
 
 
 
 
 
 
 
 
 
 
 
 
 
 
 
 
 
 
 
 
 
 
 
 
 
 
 
 
 
 
 
 
 
 
 
 
 
 
 
 
 
 
 
 
 
 
 
 
 
 
 
 
 
 
 
 
 
 
 
 
 
 
 
 
 
 
 
 
 
 
 
 
 
 
 
 
 
 
 
 
 
 
 
 
 
 
 
 
 
 
 
 
 
 
 
 
 
 
 
 
 
 
 
 
 
 
 
 
 
 
 
 
 
 
 
 
 
 
 
 
 
 
 
 
 
 
 
 
 
 
 
 
 
 
 
 
 
 
 
 
 
 
 
 
 
 
 
 
 
 
 
 
 
 
 
 
 
 
 
 
 
 
 
 
 
 
 
 
 
 
 
 
 
 
 
 
 
 
 
 
 
 
 
 
 
 
 
 
 
 
 
 
 
 
 
 
 
 
 
 
 
 
 
 
 
 
 
 
 
 
 
 
 
 
 
 
 
 
 
 
 
 
 
 
 
 
 
 
 
 
 
 
 
 
 
 
 
 
 
 
 
 
 
 
 
 
 
 
 
 
 
 
 
 
 
 
 
 
 
 
 
 
 
 
 
 
 
 
 
 
 
 
 
 
 
 
 
 
 
 
 
 
 
 
 
 
 
 
 
 
 
 
 
 
 
 
 
 
 
 
 
 
 
 
 
 
 
 
 
 
 
 
 
 
 
 
 
 
 
 
 
 
 
 
 
 
 
 
 
 
 
 
 
 
 
 
 
 
 
 
 
 
 
 
 
 
 
 
 
 
 
 
 
 
 
 
 
 
 
 
 
 
 
 
 
 
 
 
 
 
 
 
 
 
 
 
 
 
 
 
 
 
 
 
 
 
 
 
 
 
 
 
 
 
 
 
 
 
 
 
 
 
 
 
 
 
 
 
 
 
 
 
 
 
 
 
 
 
 
 
 
 
 
 
 
 
 
 
 
 
 
 
 
 
 
 
 
 
 
 
 
 
 
 
 
 
 
 
 
 
 
 
 
 
 
 
 
 
 
 
 
 
 
 
 
 
 
 
 
 
 
 
 
 
 
 
 
 
 
 
 
 
 
 
 
 
 
 
 
 
 
 
 
 
 
 
 
 
 
 
 
 
 
 
 
 
 
 
 
 
 
 
 
 
 
 
 
 
 
 
 
 
 
 
 
 
 
 
 
 
 
 
 
 
 
 
 
 
 
 
 
 
 
 
 
 
 
 
 
 
 
 
 
 
 
 
 
 
 
 
 
 
 
 
 
 
 
 
 
 
 
 
 
 
 
 
 
 
 
 
 
 
 
 
 
 
 
 
 
 
 
 
 
 
 
 
 
 
 
 
 
 
 
 
 
 
 
 
 
 
 
 
 
 
 
 
 
 
 
 
 
 
 
 
 
 
 
 
 
 
 
 
 
 
 
 
 
 
 
 
 
 
 
 
 
 
 
 
 
 
 
 
 
 
 
 
 
 
 
 
 
 
 
 
 
 
 
 
 
 
 
 
 
 
 
 
 
 
 
 
 
 
 
 
 
 
 
 
 
 
 
 
 
 
 
 
 
 
 
 
 
 
 
 
 
 
 
 
 
 
 
 
 
 
 
 
 
 
 
 
 
 
 
 
 
 
 
 
 
 
 
 
 
 
 
 
 
 
 
 
 
 
 
 
 
 
 
 
 
 
 
 
 
 
 
 
 
 
 
 
 
 
 
 
 
 
 
 
 
 
 
 
 
 
 
 
 
 
 
 
 
 
 
 
 
 
 
 
 
 
 
 
 
 
 
 
 
 
 
 
 
 
 
 
 
 
 
 
 
 
 
 
 
 
 
 
 
 
 
 
 
 
 
 
 
 
 
 
 
 
 
 
 
 
 
 
 
 
 
 
 
 
 
 
 
 
 
 
 
 
 
 
 
 
 
 
 
 
 
 
 
 
 
 
 
 
 
 
 
 
 
 
 
 
 
 
 
 
 
 
 
 
 
 
 
 
 
 
 
 
 
 
 
 
 
 
 
 
 
 
 
 
 
 
 
 
 
 
 
 
 
 
 
 
 
 
 
 
 
 
 
 
 
 
 
 
 
 
 
 
 
 
 
 
 
 
 
 
 
 
 
 
 
 
 
 
 
 
 
 
 
 
 
 
 
 
 
 
 
 
 
 
 
 
 
 
 
 
 
 
 
 
 
 
 
 
 
 
 
 
 
 
 
 
 
 
 
 
 
 
 
 
 
 
 
 
 
 
 
 
 
 
 
 
 
 
 
 
 
 
 
 
 
 
 
 
 
 
 
 
 
 
 
 
 
 
 
 
 
 
 
 
 
 
 
 
 
 
 
 
 
 
 
 
 
 
 
 
 
 
 
 
 
 
 
 
 
 
 
 
 
 
 
 
 
 
 
 
 
 
 
 
 
 
 
 
 
 
 
 
 
 
 
 
 
 
 
 
 
 
 
 
 
 
 
 
 
 
 
 
 
 
 
 
 
 
 
 
 
 
 
 
 
 
 
 
 
 
 
 
 
 
 
 
 
 
 
 
 
 
 
 
 
 
 
 
 
 
 
 
 
 
 
 
 
 
 
 
 
 
 
 
 
 
 
 
 
 
 
 
 
 
 
 
 
 
 
 
 
 
 
 
 
 
 
 
 
 
 
 
 
 
 
 
 
 
 
 
 
 
 
 
 
 
 
 
 
 
 
 
 
 
 
 
 
 
 
 
 
 
 
 
 
 
 
 
 
 
 
 
 
 
 
 
 
 
 
 
 
 
 
 
 
 
 
 
 
 
 
 
 
 
 
 
 
 
 
 
 
 
 
 
 
 
 
 
 
 
 
 
 
 
 
 
 
 
 
 
 
 
 
 
 
 
 
 
 
 
 
 
 
 
 
 
 
 
 
 
 
 
 
 
 
 
 
 
 
 
 
 
 
 
 
 
 
 
 
 
 
 
 
 
 
 
 
 
 
 
 
 
 
 
 
 
 
 
 
 
 
 
 
 
 
 
 
 
 
 
 
 
 
 
 
 
 
 
 
 
 
 
 
 
 
 
 
 
 
 
 
 
 
 
 
 
 
 
 
 
 
 
 
 
 
 
 
 
 
 
 
 
 
 
 
 
 
 
 
 
 
 
 
 
 
 
 
 
 
 
 
 
 
 
 
 
 
 
 
 
 
 
 
 
 
 
 
 
 
 
 
 
 
 
 
 
 
 
 
 
 
 
 
 
 
 
 
 
 
 
 
 
 
 
 
 
 
 
 
 
 
 
 
 
 
 
 
 
 
 
 
 
 
 
 
 
 
 
 
 
 
 
 
 
 
 
 
 
 
 
 
 
 
 
 
 
 
 
 
 
 
 
 
 
 
 
 
 
 
 
 
 
 
 
 
 
 
 
 
 
 
 
 
 
 
 
 
 
 
 
 
 
 
 
 
 
 
 
 
 
 
 
 
 
 
 
 
 
 
 
 
 
 
 
 
 
 
 
 
 
 
 
 
 
 
 
 
 
 
 
 
 
 
 
 
 
 
 
 
 
 
 
 
 
 
 
 
 
 
 
 
 
 
 
 
 
 
 
 
 
 
 
 
 
 
 
 
 
 
 
 
 
 
 
 
 
 
 
 
 
 
 
 
 
 
 
 
 
 
 
 
 
 
 
 
 
 
 
 
 
 
 
 
 
 
 
 
 
 
 
 
 
 
 
 
 
 
 
 
 
 
 
 
 
 
 
 
 
 
 
 
 
 
 
 
 
 
 
 
 
 
 
 
 
 
 
 
 
 
 
 
 
 
 
 
 
 
 
 
 
 
 
 
 
 
 
 
 
 
 
 
 
 
 
 
 
 
 
 
 
 
 
 
 
 
 
 
 
 
 
 
 
 
 
 
 
 
 
 
 
 
 
 
 
 
 
 
 
 
 
 
 
 
 
 
 
 
 
 
 
 
 
 
 
 
 
 
 
 
 
 
 
 
 
 
 
 
 
 
 
 
 
 
 
 
 
 
 
 
 
 
 
 
 
 
 
 
 
 
 
 
 
 
 
 
 
 
 
 
 
 
 
 
 
 
 
 
 
 
 
 
 
 
 
 
 
 
 
 
 
 
 
 
 
 
 
 
 
 
 
 
 
 
 
 
 
 
 
 
 
 
 
 
 
 
 
 
 
 
 
 
 
 
 
 
 
 
 
 
 
 
 
 
 
 
 
 
 
 
 
 
 
 
 
 
 
 
 
 
 
 
 
 
 
 
 
 
 
 
 
 
 
 
 
 
 
 
 
 
 
 
 
 
 
 
 
 
 
 
 
 
 
 
 
 
 
 
 
 
 
 
 
 
 
 
 
 
 
 
 
 
 
 
 
 
 
 
 
 
 
 
 
 
 
 
 
 
 
 
 
 
 
 
 
 
 
 
 
 
 
 
 
 
 
 
 
 
 
 
 
 
 
 
 
 
 
 
 
 
 
 
 
 
 
 
 
 
 
 
 
 
 
 
 
 
 
 
 
 
 
 
 
 
 
 
 
 
 
 
 
 
 
 
 
 
 
 
 
 
 
 
 
 
 
 
 
 
 
 
 
 
 
 
 
 
 
 
 
 
 
 
 
 
 
 
 
 
 
 
 
 
 
 
 
 
 
 
 
 
 
 
 
 
 
 
 
 
 
 
 
 
 
 
 
 
 
 
 
 
 
 
 
 
 
 
 
 
 
 
 
 
 
 
 
 
 
 
 
 
 
 
 
 
 
 
 
 
 
 
 
 
 
 
 
 
 
 
 
 
 
 
 
 
 
 
 
 
 
 
 
 
 
 
 
 
 
 
 
 
 
 
 
 
 
 
 
 
 
 
 
 
 
 
 
 
 
 
 
 
 
 
 
 
 
 
 
 
 
 
 
 
 
 
 
 
 
 
 
 
 
 
 
 
 
 
 
 
 
 
 
 
 
 
 
 
 
 
 
 
 
 
 
 
 
 
 
 
 
 
 
 
 
 
 
 
 
 
 
 
 
 
 
 
 
 
 
 
 
 
 
 
 
 
 
 
 
 
 
 
 
 
 
 
 
 
 
 
 
 
 
 
 
 
 
 
 
 
 
 
 
 
 
 
 
 
 
 
 
 
 
 
 
 
 
 
 
 
 
 
 
 
 
 
 
 
 
 
 
 
 
 
 
 
 
 
 
 
 
 
 
 
 
 
 
 
 
 
 
 
 
 
 
 
 
 
 
 
 
 
 
 
 
 
 
 
 
 
 
 
 
 
 
 
 
 
 
 
 
 
 
 
 
 
 
 
 
 
 
 
 
 
 
 
 
 
 
 
 
 
 
 
 
 
 
 
 
 
 
 
 
 
 
 
 
 
 
 
 
 
 
 
 
 
 
 
 
 
 
 
 
 
 
 
 
 
 
 
 
 
 
 
 
 
 
 
 
 
 
 
 
 
 
 
 
 
 
 
 
 
 
 
 
 
 
 
 
 
 
 
 
 
 
 
 
 
 
 
 
 
 
 
 
 
 
 
 
 
 
 
 
 
 
 
 
 
 
 
 
 
 
 
 
 
 
 
 
 
 
 
 
 
 
 
 
 
 
 
 
 
 
 
 
 
 
 
 
 
 
 
 
 
 
 
 
 
 
 
 
 
 
 
 
 
 
 
 
 
 
 
 
 
 
 
 
 
 
 
 
 
 
 
 
 
 
 
 
 
 
 
 
 
 
 
 
 
 
 
 
 
 
 
 
 
 
 
 
 
 
 
 
 
 
 
 
 
 
 
 
 
 
 
 
 
 
 
 
 
 
 
 
 
 
 
 
 
 
 
 
 
 
 
 
 
 
 
 
 
 
 
 
 
 
 
 
 
 
 
 
 
 
 
 
 
 
 
 
 
 
 
 
 
 
 
 
 
 
 
 
 
 
 
 
 
 
 
 
 
 
 
 
 
 
 
 
 
 
 
 
 
 
 
 
 
 
 
 
 
 
 
 
 
 
 
 
 
 
 
 
 
 
 
 
 
 
 
 
 
 
 
 
 
 
 
 
 
 
 
 
 
 
 
 
 
 
 
 
 
 
 
 
 
 
 
 
 
 
 
 
 
 
 
 
 
 
 
 
 
 
 
 
 
 
 
 
 
 
 
 
 
 
 
 
 
 
 
 
 
 
 
 
 
 
 
 
 
 
 
 
 
 
 
 
 
 
 
 
 
 
 
 
 
 
 
 
 
 
 
 
 
 
 
 
 
 
 
 
 
 
 
 
 
 
 
 
 
 
 
 
 
 
 
 
 
 
 
 
 
 
 
 
 
 
 
 
 
 
 
 
 
 
 
 
 
 
 
 
 
 
 
 
 
 
 
 
 
 
 
 
 
 
 
 
 
 
 
 
 
 
 
 
 
 
 
 
 
 
 
 
 
 
 
 
 
 
 
 
 
 
 
 
 
 
 
 
 
 
 
 
 
 
 
 
 
 
 
 
 
 
 
 
 
 
 
 
 
 
 
 
 
 
 
 
 
 
 
 
 
 
 
 
 
 
 
 
 
 
 
 
 
 
 
 
 
 
 
 
 
 
 
 
 
 
 
 
 
 
 
 
 
 
 
 
 
 
 
 
 
 
 
 
 
 
 
 
 
 
 
 
 
 
 
 
 
 
 
 
 
 
 
 
 
 
 
 
 
 
 
 
 
 
 
 
 
 
 
 
 
 
 
 
 
 
 
 
 
 
 
 
 
 
 
 
 
 
 
 
 
 
 
 
 
 
 
 
 
 
 
 
 
 
 
 
 
 
 
 
 
 
 
 
 
 
 
 
 
 
 
 
 
 
 
 
 
 
 
 
 
 
 
 
 
 
 
 
 
 
 
 
 
 
 
 
 
 
 
 
 
 
 
 
 
 
 
 
 
 
 
 
 
 
 
 
 
 
 
 
 
 
 
 
 
 
 
 
 
 
 
 
 
 
 
 
 
 
 
 
 
 
 
 
 
 
 
 
 
 
 
 
 
 
 
 
 
 
 
 
 
 
 
 
 
 
 
 
 
 
 
 
 
 
 
 
 
 
 
 
 
 
 
 
 
 
 
 
 
 
 
 
 
 
 
 
 
 
 
 
 
 
 
 
 
 
 
 
 
 
 
 
 
 
 
 
 
 
 
 
 
 
 
 
 
 
 
 
 
 
 
 
 
 
 
 
 
 
 
 
 
 
 
 
 
 
 
 
 
 
 
 
 
 
 
 
 
 
 
 
 
 
 
 
 
 
 
 
 
 
 
 
 
 
 
 
 
 
 
 
 
 
 
 
 
 
 
 
 
 
 
 
 
 
 
 
 
 
 
 
 
 
 
 
 
 
 
 
 
 
 
 
 
 
 
 
 
 
 
 
 
 
 
 
 
 
 
 
 
 
 
 
 
 
 
 
 
 
 
 
 
 
 
 
 
 
 
 
 
 
 
 
 
 
 
 
 
 
 
 
 
 
 
 
 
 
 
 
 
 
 
 
 
 
 
 
 
 
 
 
 
 
 
 
 
 
 
 
 
 
 
 
 
 
 
 
 
 
 
 
 
 
 
 
 
 
 
 
 
 
 
 
 
 
 
 
 
 
 
 
 
 
 
 
 
 
 
 
 
 
 
 
 
 
 
 
 
 
 
 
 
 
 
 
 
 
 
 
 
 
 
 
 
 
 
 
 
 
 
 
 
 
 
 
 
 
 
 
 
 
 
 
 
 
 
 
 
 
 
 
 
 
 
 
 
 
 
 
 
 
 
 
 
 
 
 
 
 
 
 
 
 
 
 
 
 
 
 
 
 
 
 
 
 
 
 
 
 
 
 
 
 
 
 
 
 
 
 
 
 
 
 
 
 
 
 
 
 
 
 
 
 
 
 
 
 
 
 
 
 
 
 
 
 
 
 
 
 
 
 
 
 
 
 
 
 
 
 
 
 
 
 
 
 
 
 
 
 
 
 
 
 
 
 
 
 
 
 
 
 
 
 
 
 
 
 
 
 
 
 
 
 
 
 
 
 
 
 
 
 
 
 
 
 
 
 
 
 
 
 
 
 
 
 
 
 
 
 
 
 
 
 
 
 
 
 
 
 
 
 
 
 
 
 
 
 
 
 
 
 
 
 
 
 
 
 
 
 
 
 
 
 
 
 
 
 
 
 
 
 
 
 
 
 
 
 
 
 
 
 
 
 
 
 
 
 
 
 
 
 
 
 
 
 
 
 
 
 
 
 
 
 
 
 
 
 
 
 
 
 
 
 
 
 
 
 
 
 
 
 
 
 
 
 
 
 
 
 
 
 
 
 
 
 
 
 
 
 
 
 
 
 
 
 
 
 
 
 
 
 
 
 
 
 
 
 
 
 
 
 
 
 
 
 
 
 
 
 
 
 
 
 
 
 
 
 
 
 
 
 
 
 
 
 
 
 
 
 
 
 
 
 
 
 
 
 
 
 
 
 
 
 
 
 
 
 
 
 
 
 
 
 
 
 
 
 
 
 
 
 
 
 
 
 
 
 
 
 
 
 
 
 
 
 
 
 
 
 
 
 
 
 
 
 
 
 
 
 
 
 
 
 
 
 
 
 
 
 
 
 
 
 
 
 
 
 
 
 
 
 
 
 
 
 
 
 
 
 
 
 
 
 
 
 
 
 
 
 
 
 
 
 
 
 
 
 
 
 
 
 
 
 
 
 
 
 
 
 
 
 
 
 
 
 
 
 
 
 
 
 
 
 
 
 
 
 
 
 
 
 
 
 
 
 
 
 
 
 
 
 
 
 
 
 
 
 
 
 
 
 
 
 
 
 
 
 
 
 
 
 
 
 
 
 
 
 
 
 
 
 
 
 
 
 
 
 
 
 
 
 
 
 
 
 
 
 
 
 
 
 
 
 
 
 
 
 
 
 
 
 
 
 
 
 
 
 
 
 
 
 
 
 
 
 
 
 
 
 
 
 
 
 
 
 
 
 
 
 
 
 
 
 
 
 
 
 
 
 
 
 
 
 
 
 
 
 
 
 
 
 
 
 
 
 
 
 
 
 
 
 
 
 
 
 
 
 
 
 
 
 
 
 
 
 
 
 
 
 
 
 
 
 
 
 
 
 
 
 
 
 
 
 
 
 
 
 
 
 
 
 
 
 
 
 
 
 
 
 
 
 
 
 
 
 
 
 
 
 
 
 
 
 
 
 
 
 
 
 
 
 
 
 
 
 
 
 
 
 
 
 
 
 
 
 
 
 
 
 
 
 
 
 
 
 
 
 
 
 
 
 
 
 
 
 
 
 
 
 
 
 
 
 
 
 
 
 
 
 
 
 
 
 
 
 
 
 
 
 
 
 
 
 
 
 
 
 
 
 
 
 
 
 
 
 
 
 
 
 
 
 
 
 
 
 
 
 
 
 
 
 
 
 
 
 
 
 
 
 
 
 
 
 
 
 
 
 
 
 
 
 
 
 
 
 
 
 
 
 
 
 
 
 
 
 
 
 
 
 
 
 
 
 
 
 
 
 
 
 
 
 
 
 
 
 
 
 
 
 
 
 
 
 
 
 
 
 
 
 
 
 
 
 
 
 
 
 
 
 
 
 
 
 
 
 
 
 
 
 
 
 
 
 
 
 
 
 
 
 
 
 
 
 
 
 
 
 
 
 
 
 
 
 
 
 
 
 
 
 
 
 
 
 
 
 
 
 
 
 
 
 
 
 
 
 
 
 
 
 
 
 
 
 
 
 
 
 
 
 
 
 
 
 
 
 
 
 
 
 
 
 
 
 
 
 
 
 
 
 
 
 
 
 
 
 
 
 
 
 
 
 
 
 
 
 
 
 
 
 
 
 
 
 
 
 
 
 
 
 
 
 
 
 
 
 
 
 
 
 
 
 
 
 
 
 
 
 
 
 
 
 
 
 
 
 
 
 
 
 
 
 
 
 
 
 
 
 
 
 
 
 
 
 
 
 
 
 
 
 
 
 
 
 
 
 
 
 
 
 
 
 
 
 
 
 
 
 
 
 
 
 
 
 
 
 
 
 
 
 
 
 
 
 
 
 
 
 
 
 
 
 
 
 
 
 
 
 
 
 
 
 
 
 
 
 
 
 
 
 
 
 
 
 
 
 
 
 
 
 
 
 
 
 
 
 
 
 
 
 
 
 
 
 
 
 
 
 
 
 
 
 
 
 
 
 
 
 
 
 
 
 
 
 
 
 
 
 
 
 
 
 
 
 
 
 
 
 
 
 
 
 
 
 
 
 
 
 
 
 
 
 
 
 
 
 
 
 
 
 
 
 
 
 
 
 
 
 
 
 
 
 
 
 
 
 
 
 
 
 
 
 
 
 
 
 
 
 
 
 
 
 
 
 
 
 
 
 
 
 
 
 
 
 
 
 
 
 
 
 
 
 
 
 
 
 
 
 
 
 
 
 
 
 
 
 
 
 
 
 
 
 
 
 
 
 
 
 
 
 
 
 
 
 
 
 
 
 
 
 
 
 
 
 
 
 
 
 
 
 
 
 
 
 
 
 
 
 
 
 
 
 
 
 
 
 
 
 
 
 
 
 
 
 
 
 
 
 
 
 
 
 
 
 
 
 
 
 
 
 
 
 
 
 
 
 
 
 
 
 
 
 
 
 
 
 
 
 
 
 
 
 
 
 
 
 
 
 
 
 
 
 
 
 
 
 
 
 
 
 
 
 
 
 
 
 
 
 
 
 
 
 
 
 
 
 
 
 
 
 
 
 
 
 
 
 
 
 
 
 
 
 
 
 
 
 
 
 
 
 
 
 
 
 
 
 
 
 
 
 
 
 
 
 
 
 
 
 
 
 
 
 
 
 
 
 
 
 
 
 
 
 
 
 
