0.0 0.0
0.01 2.33185951e-07
0.02 2.33315703e-07
0.03 2.35515368e-07
0.04 2.3761477e-07
0.05 2.38518398e-07
0.06 2.29325639e-07
0.07 2.17893092e-07
0.08 2.21899143e-07
0.09 2.27553274e-07
0.1 2.14629219e-07
0.11 2.10447616e-07
0.12 1.87057301e-07
0.13 1.97280036e-07
0.14 2.00226866e-07
0.15 1.77345938e-07
0.16 1.60794318e-07
0.17 6.2953019e-08
0.18 -4.8071067e-08
0.19 1.12106644e-07
0.2 3.38428965e-07
0.21 2.26850045e-07
0.22 -1.46169827e-07
0.23 -5.52907104e-07
0.24 -3.8294681e-07
0.25 1.04334475e-07
0.26 5.22100565e-07
0.27 9.41983938e-07
0.28 6.28125902e-07
0.29 -5.53192911e-07
0.3 -8.68947676e-07
0.31 -5.94733537e-07
0.32 -9.11074462e-07
0.33 -2.04788596e-06
0.34 -3.199969397e-06
0.35 -5.512615341e-06
0.36 -9.459552522e-06
0.37 -1.4282764008e-05
0.38 -1.694977251e-05
0.39 -1.7746622026e-05
0.4 -1.5741875506e-05
0.41 -1.2188157016e-05
0.42 -1.0435320568e-05
0.43 -1.1548767034e-05
0.44 -1.0849153882e-05
0.45 -7.76808437e-07
0.46 1.798064929e-05
0.47 2.869642755e-05
0.48 2.1025027565e-05
0.49 2.04568955e-07
0.5 -2.6319399768e-05
0.51 -4.4618704039e-05
0.52 -4.0393865797e-05
0.53 -2.4208848906e-05
0.54 -1.1381138068e-05
0.55 -9.55183956e-07
0.56 3.605011555e-06
0.57 -7.004071453e-06
0.58 -3.9563288298e-05
0.59 -8.1022170564e-05
0.6 -9.7463535409e-05
0.61 -8.4988403478e-05
0.62 -8.8720159398e-05
0.63 -0.000134894769594
0.64 -0.000200991789417
0.65 -0.00023168913185
0.66 -0.000171278863629
0.67 -2.2907959462e-05
0.68 0.000130548677377
0.69 0.000187117363753
0.7 0.000159485551928
0.71 0.000140046483629
0.72 0.000145952639252
0.73 9.1810398104e-05
0.74 -8.0838744645e-05
0.75 -0.000309494264005
0.76 -0.00043681577793
0.77 -0.000372604213572
0.78 -0.000197936206313
0.79 -0.000101281322749
0.8 -0.000134254364666
0.81 -0.00018273244084
0.82 -0.000125010950559
0.83 -2.3982329124e-05
0.84 3.944127725e-06
0.85 -1.8330162196e-05
0.86 2.702180692e-06
0.87 9.0739848621e-05
0.88 0.000135654804131
0.89 -5.508916278e-06
0.9 -0.000281241937806
0.91 -0.000424648970563
0.92 -0.000286141982039
0.93 -6.3068839912e-05
0.94 3.1044983493e-05
0.95 2.1499830489e-05
0.96 6.315808482e-06
0.97 5.0976884499e-05
0.98 4.6918911772e-05
0.99 -0.000154920683722
1.0 -0.000372767155928
1.01 -0.000418423529682
1.02 -0.000488301794186
1.03 -0.00073457949708
1.04 -0.000866344791064
1.05 -0.000763436244393
1.06 -0.00058771496232
1.07 -0.000312827191613
1.08 0.00011434399303
1.09 0.000469949342855
1.1 0.000614847480427
1.11 0.00058492946924
1.12 0.000451868381779
1.13 0.000207264472962
1.14 -5.7830236379e-05
1.15 -3.0160485681e-05
1.16 0.000236701197815
1.17 0.000250831664915
1.18 -1.3884233515e-05
1.19 -0.000313011919041
1.2 -0.000744957073909
1.21 -0.001083784858876
1.22 -0.000797257943953
1.23 -0.000239338104318
1.24 -4.353628807e-05
1.25 6.0570646338e-05
1.26 0.000425480047972
1.27 0.00077670594724
1.28 0.000867510460553
1.29 0.000710306933736
1.3 0.000266869186393
1.31 -0.000267228767635
1.32 -0.000501972945677
1.33 -0.000245410039947
1.34 0.000218469079081
1.35 0.000242745548491
1.36 -0.000132097133676
1.37 -3.3800149007e-05
1.38 0.000700833438144
1.39 0.00122357017547
1.4 0.001147950962153
1.41 0.000929398049265
1.42 0.000957083186453
1.43 0.000910336592658
1.44 0.000437378614661
1.45 -0.000118965004883
1.46 -0.000422345503628
1.47 -0.00063171668098
1.48 -0.000922205502175
1.49 -0.001093837396589
1.5 -0.001241836676021
1.51 -0.001727350710594
1.52 -0.002237510001128
1.53 -0.00219934086906
1.54 -0.001927702341181
1.55 -0.001790620914684
1.56 -0.001546219580823
1.57 -0.000685404758105
1.58 0.000894044532487
1.59 0.002050040900292
1.6 0.001660452964903
1.61 0.000463628618023
1.62 4.9078324116e-05
1.63 0.000136608000874
1.64 -0.00036408862306
1.65 -0.000949080788997
1.66 -0.001181789497354
1.67 -0.00147363924797
1.68 -0.001433274534859
1.69 -0.000972007039612
1.7 -0.000656792966498
1.71 -0.000295890189419
1.72 0.000250605110864
1.73 0.001044229870013
1.74 0.001603443321564
1.75 0.001577458750013
1.76 0.001736873752166
1.77 0.002448649326376
1.78 0.002863290346408
1.79 0.002287018789339
1.8 0.000763049605144
1.81 -0.000988725162832
1.82 -0.001749220285009
1.83 -0.001481536888209
1.84 -0.000847001354969
1.85 -0.001261534165813
1.86 -0.002037048081104
1.87 -0.001097280861088
1.88 0.001156055893443
1.89 0.002965185575869
1.9 0.002500628855071
1.91 0.000966487150254
1.92 -0.000266786189746
1.93 -0.001444187144955
1.94 -0.002741301813238
1.95 -0.003110579943883
1.96 -0.003026276232918
1.97 -0.002994705151381
1.98 -0.002433734606099
1.99 -0.001609386599007
2.0 -0.000752361733341
2.01 0.000505264258456
2.02 0.001548465600868
2.03 0.001650737426651
2.04 0.001176949611136
2.05 0.001059207019419
2.06 0.001256103555389
2.07 0.00150999171399
2.08 0.002105000008185
2.09 0.002399160626106
2.1 0.002153283952959
2.11 0.001608670396242
2.12 0.001275579881527
2.13 0.000837862212007
2.14 0.000160190218499
2.15 -0.000442031799664
2.16 -0.001104431130317
2.17 -0.001247975903332
2.18 -0.000593899011578
2.19 0.000426760770659
2.2 0.000770602963714
2.21 0.000603768342405
2.22 0.000946143967741
2.23 0.001757441439238
2.24 0.001666245327188
2.25 -3.938441708e-06
2.26 -0.002024285488323
2.27 -0.003290814841758
2.28 -0.0035240027758
2.29 -0.002837008478832
2.3 -0.002271578230149
2.31 -0.002078838617737
2.32 -0.001050719886212
2.33 0.001204978173561
2.34 0.002692952309946
2.35 0.00149174301724
2.36 -0.00033114573742
2.37 -0.00060805982281
2.38 -0.000627125481075
2.39 -0.000780216417502
2.4 -0.000403213764366
2.41 -0.000269016634494
2.42 -2.074363007e-05
2.43 0.000787608720548
2.44 0.001395358946076
2.45 0.000457233294634
2.46 -0.00078418052575
2.47 -0.000798887341719
2.48 -0.000890873701344
2.49 -0.000703343959363
2.5 5.3459212038e-05
2.51 0.001648230370145
2.52 0.002815366713555
2.53 0.003249512150294
2.54 0.003359706970194
2.55 0.00315289741265
2.56 0.00238186733702
2.57 0.001503977541569
2.58 0.000115227186202
2.59 -0.002172775580016
2.6 -0.004242091371608
2.61 -0.005600455599791
2.62 -0.005655007920557
2.63 -0.005091607335417
2.64 -0.003769881520657
2.65 -0.00208408610844
2.66 -6.8002782298e-05
2.67 0.001852852149243
2.68 0.002766250196764
2.69 0.002602197271472
2.7 0.002330925090248
2.71 0.002693280991416
2.72 0.002138186735297
2.73 0.000754828926861
2.74 -0.000104240506329
2.75 -0.000522630702089
2.76 -0.000888508822188
2.77 -0.000814697194826
2.78 0.000375950586028
2.79 0.002128208951276
2.8 0.003269116979599
2.81 0.00376847768308
2.82 0.003884205626378
2.83 0.003508840630563
2.84 0.002507537992402
2.85 0.001147595339509
2.86 -0.001611952932597
2.87 -0.005047209719612
2.88 -0.006303004300864
2.89 -0.006582490720748
2.9 -0.006962334602246
2.91 -0.006705954850888
2.92 -0.006056205091279
2.93 -0.005021455167744
2.94 -0.004105352255693
2.95 -0.003285735615308
2.96 -0.001140622929099
2.97 0.002785093018261
2.98 0.007122550083557
2.99 0.008947949463921
3.0 0.007362166596331
3.01 0.005986956567583
3.02 0.007399251697515
3.03 0.007237120601303
3.04 0.004820486373136
3.05 0.002803540643604
3.06 -0.001757294222138
3.07 -0.008529941331043
3.08 -0.010958795595213
3.09 -0.007955560842765
3.1 -0.006001794881056
3.11 -0.006349428927714
3.12 -0.004389216574442
3.13 -0.000163898555149
3.14 0.001497696517621
3.15 0.001703480593488
3.16 -0.001149535551176
3.17 -0.00503879362972
3.18 -0.006186776825813
3.19 -0.006155508830602
3.2 -0.005968750145265
3.21 -0.00655484793932
3.22 -0.006416627994329
3.23 -0.005288417038162
3.24 -0.005060736509372
3.25 -0.005565486872625
3.26 -0.006216643883798
3.27 -0.005550542506649
3.28 -0.005697881800258
3.29 -0.005700878928856
3.3 -0.002601067126188
3.31 0.001285755792575
3.32 0.007668323097514
3.33 0.010036062060567
3.34 0.008187364542203
3.35 0.006018995319408
3.36 0.006165172049176
3.37 0.005876749934722
3.38 -0.000474300099719
3.39 -0.007472308231591
3.4 -0.008916079849236
3.41 -0.003173925522338
3.42 0.001094946158047
3.43 -0.003683151990789
3.44 -0.006009259226415
3.45 -0.004860666249023
3.46 -0.007665111509733
3.47 -0.007946829209592
3.48 -0.006574228986302
3.49 -0.007173456254573
3.5 -0.007893899264072
3.51 -0.006948599254932
3.52 -0.00473461043981
3.53 -0.004538750316328
3.54 -0.002280642903088
3.55 -0.000721012370381
3.56 0.003538215613563
3.57 0.007593350823185
3.58 0.008278606518773
3.59 0.007868498194758
3.6 0.006465742863995
3.61 0.006677534781655
3.62 0.006327324766413
3.63 0.006003159154965
3.64 0.005887564090253
3.65 0.005177932531521
3.66 0.00519958274211
3.67 0.004626393521985
3.68 0.001935213137063
3.69 -0.00116530788722
3.7 -0.001685987915442
3.71 0.000756177735433
3.72 0.002796487003134
3.73 0.00170332152241
3.74 -0.001650654733007
3.75 -0.005722171783719
3.76 -0.01000817943289
3.77 -0.012122899041225
3.78 -0.010055762953868
3.79 -0.007647387716876
3.8 -0.007704400013106
3.81 -0.007893422801459
3.82 -0.002360368175263
3.83 0.008427634047946
3.84 0.015139438959167
3.85 0.012926483221104
3.86 0.008388781674444
3.87 0.010458754725721
3.88 0.012262768192264
3.89 0.010941366504511
3.9 0.010024611093215
3.91 0.010754283878211
3.92 0.009416751110662
3.93 0.009540653759475
3.94 0.009655573594967
3.95 0.008347679625674
3.96 0.007636006095812
3.97 0.005350946034136
3.98 0.003305832239344
3.99 0.000233621334827
4.0 0.000489089640357
4.01 0.004247416481227
4.02 0.004831144587734
4.03 0.004987210455274
4.04 0.006392209691931
4.05 0.005216547660733
4.06 0.004359886053015
4.07 0.002553313760113
4.08 -0.000624194658778
4.09 -0.004547044351418
4.1 -0.007358892225308
4.11 -0.009355861328477
4.12 -0.007325860701751
4.13 -0.003709094365982
4.14 -0.004567362122979
4.15 0.000915302239821
4.16 0.01416051372778
4.17 0.018006576666587
4.18 0.009229118533679
4.19 0.007479894903258
4.2 0.01143064712797
4.21 0.00700246734105
4.22 0.009523415144732
4.23 0.010075308465509
4.24 0.007672973300075
4.25 0.000977879238351
4.26 -0.006970174952545
4.27 -0.010087834620517
4.28 -0.007368239728856
4.29 -0.002203450478438
4.3 0.001292672244311
4.31 0.01030826010046
4.32 0.01284427777024
4.33 0.011472246443812
4.34 0.008768548191161
4.35 0.006317588936248
4.36 0.000788502398783
4.37 -0.007389498455373
4.38 -0.008219323904185
4.39 -0.004255549067654
4.4 -0.00666013552725
4.41 -0.004902847357553
4.42 -0.004841995816469
4.43 -0.005568503904153
4.44 -0.004491746808103
4.45 0.001523106486138
4.46 0.013056360535421
4.47 0.019432415305932
4.48 0.014244086470219
4.49 0.010125922360558
4.5 0.013904325086526
4.51 0.013897256471397
4.52 0.012077505649158
4.53 0.005636781175325
4.54 -0.006561398144715
4.55 -0.014304880494891
4.56 -0.006478395393633
4.57 -0.005555075393141
4.58 -0.009185484846378
4.59 -0.008052864038777
4.6 -0.009118173679598
4.61 -0.003880867293404
4.62 0.006675872136755
4.63 0.017487307755258
4.64 0.013794333032082
4.65 0.009584472198538
4.66 0.0151795636304
4.67 0.014523326994847
4.68 0.014608357898121
4.69 0.012508705847188
4.7 0.00898709013968
4.71 0.005151040448241
4.72 0.000603746911156
4.73 -0.007165468602646
4.74 -0.008390011293611
4.75 -0.007416277499175
4.76 -0.008808767153658
4.77 -0.008663466301974
4.78 -0.007528408791485
4.79 -0.004962227363277
4.8 0.001473721534838
4.81 0.017995195060169
4.82 0.021362410125854
4.83 0.013259479528881
4.84 0.017088481630933
4.85 0.017969399288875
4.86 0.017651673970072
4.87 0.016653200404005
4.88 0.012593259022556
4.89 0.011381708098229
4.9 0.005966758676232
4.91 0.010652669129514
4.92 0.007852706232275
4.93 0.00734670524863
4.94 0.006060387848505
4.95 -0.0011460616893
4.96 -0.007667631537662
4.97 -0.007195304516256
4.98 -0.005048062406663
4.99 -0.004004476432505
5.0 -0.005722107615173
5.01 -0.005416777854884
5.02 -0.007148291681289
5.03 -0.008339414414566
5.04 -0.008976633199793
5.05 -0.008566707982461
5.06 -0.009389853551354
5.07 -0.010537062931311
5.08 -0.002867864236725
5.09 0.015018384123766
5.1 0.015297622133926
5.11 0.009969094085918
5.12 0.015168936388353
5.13 0.018693559098871
5.14 0.019674293005734
5.15 0.017121258729725
5.16 0.020086544574406
5.17 0.020561764250748
5.18 0.017129541118347
5.19 0.015444591285657
5.2 0.016000228451172
5.21 0.010151362427508
5.22 0.011009255787996
5.23 0.011085688371145
5.24 0.006725792309963
5.25 0.006595905333546
5.26 0.005454689603855
5.27 0.005595885989755
5.28 0.005878443153164
5.29 0.005022824505328
5.3 0.00730966713816
5.31 0.00637485250912
5.32 0.007439334134825
5.33 0.008647447882925
5.34 0.008817584940263
5.35 0.009924341134297
5.36 0.007473871522663
5.37 0.00912670493131
5.38 0.006143355160499
5.39 0.009022287446059
5.4 0.007807932264264
5.41 0.010230179595739
5.42 0.005809117116608
5.43 0.010387239971365
5.44 0.005108116223882
5.45 0.008195779941573
5.46 0.00395432714227
5.47 0.000947665898856
5.48 -9.3459415029e-05
5.49 -0.003807601708636
5.5 -0.006536760250289
5.51 -0.007283007126031
5.52 -0.006858690062701
5.53 -0.006551180538107
5.54 -0.006514851728895
5.55 -0.006605903850686
5.56 -0.006081948605441
5.57 -0.006180977365038
5.58 -0.008121194053953
5.59 -0.009263419675162
5.6 -0.008814157774086
5.61 -0.010729232261009
5.62 -0.009524246726725
5.63 -0.011371708025943
5.64 -0.011479541918095
5.65 -0.012746948970481
5.66 -0.012189566798353
5.67 -0.013194283481761
5.68 -0.013946047304259
5.69 -0.014463096013399
5.7 -0.015610030791706
5.71 -0.015845245847882
5.72 -0.013695428310996
5.73 -0.01445962399163
5.74 -0.015045688656085
5.75 -0.016896970444583
5.76 -0.016357005763638
5.77 -0.016749588128019
5.78 -0.015467909395383
5.79 -0.008650806656123
5.8 -0.003261180634209
5.81 -0.004727533052428
5.82 -0.010362137991783
5.83 -0.010018664558031
5.84 -0.009268702589047
5.85 -0.008746619229439
5.86 -0.010008729383121
5.87 -0.011943839680839
5.88 -0.014619048284332
5.89 -0.011797220852455
5.9 -0.010345041857228
5.91 -0.009633107242991
5.92 -0.009685025936544
5.93 -0.012099865493461
5.94 -0.010952270039548
5.95 -0.018046092542482
5.96 -0.016885888042418
5.97 -0.017758690467919
5.98 -0.019543842558713
5.99 -0.018603396316912
6.0 -0.019406184615243
6.01 -0.021609395479888
6.02 -0.022080064102478
6.03 -0.017558581855018
6.04 -0.017750252646754
6.05 -0.016360667596165
6.06 -0.016317117916196
6.07 -0.015205518578691
6.08 -0.016086163527727
6.09 -0.011192361438102
6.1 -0.006087687241941
6.11 -0.009228643441482
6.12 -0.007191066678551
6.13 -0.008122619765947
6.14 -0.01072528120261
6.15 -0.011218157751049
6.16 -0.012034633499181
6.17 -0.014433250083367
6.18 -0.014953495271445
6.19 -0.009656522573774
6.2 -0.009645285923725
6.21 -0.011651371750517
6.22 -0.009814541522788
6.23 -0.01198989667018
6.24 -0.015168512146526
6.25 -0.010753993404008
6.26 -0.009086968200019
6.27 -0.009842723953457
6.28 -0.01022264558194
6.29 -0.010627792245378
6.3 -0.010717582218824
6.31 -0.011104680960863
6.32 -0.00890538681119
6.33 -0.011301056445902
6.34 -0.012659517382339
6.35 -0.011001808824668
6.36 -0.010229100394916
6.37 -0.009553400845716
6.38 -0.010753945410583
6.39 -0.008720881222112
6.4 -0.004065644238629
6.41 -0.008572075935799
6.42 -0.006557944350657
6.43 -0.006020143340976
6.44 -0.00446104429794
6.45 -0.007057894693911
6.46 -0.008232331169673
6.47 -0.007667580739509
6.48 -0.006968442578431
6.49 -0.001271150172708
6.5 -0.002732091221139
6.51 -0.003105785636443
6.52 -0.002392498214055
6.53 -0.000599766696451
6.54 0.000146194158506
6.55 0.004468825644208
6.56 0.006425751479079
6.57 0.006202873393729
6.58 0.004873421582087
6.59 0.005498614013998
6.6 0.005375722971107
6.61 0.005981465294643
6.62 0.006136533085755
6.63 0.005808352928781
6.64 0.005402284995748
6.65 0.005959334831639
6.66 0.00778029039787
6.67 0.007640764582216
6.68 0.009350047021978
6.69 0.006861921371801
6.7 0.006679448567616
6.71 0.006737253657183
6.72 0.00585980731986
6.73 0.006003417215801
6.74 0.005175389736013
6.75 0.004650263600431
6.76 0.003502652693305
6.77 0.0044816253633
6.78 0.008479368430457
6.79 0.008514081408205
6.8 0.006505844276859
6.81 0.007247949963118
6.82 0.007193619357515
6.83 0.009445166580412
6.84 0.010792341021752
6.85 0.013081420430317
6.86 0.009905787032467
6.87 0.010617988582179
6.88 0.014036261108389
6.89 0.013869345335878
6.9 0.01339845376367
6.91 0.010929554814607
6.92 0.010188244889415
6.93 0.013472048394852
6.94 0.013067402795947
6.95 0.012345210526784
6.96 0.011577249598491
6.97 0.010579314152984
6.98 0.016073921443219
6.99 0.01520883673819
7.0 0.016520284694959
7.01 0.017408102429397
7.02 0.019724887839573
7.03 0.019096046733002
7.04 0.018491043061117
7.05 0.01733615664388
7.06 0.015581066988879
7.07 0.015385305722632
7.08 0.016171770230386
7.09 0.015501711532702
7.1 0.015554220430571
7.11 0.017752077847588
7.12 0.013957059595532
7.13 0.011960225682526
7.14 0.011088815549854
7.15 0.011911159992119
7.16 0.007591830257339
7.17 0.005834756747266
7.18 0.006272866048889
7.19 0.001893736758716
7.2 -0.00109344721938
7.21 0.003172345671326
7.22 0.001433560739562
7.23 0.000903234687624
7.24 0.001648043676984
7.25 -0.001609040418049
7.26 -0.002369779409353
7.27 -0.003336930086531
7.28 -0.00374701785799
7.29 -0.005811656105631
7.3 -0.004057967724945
7.31 0.006277561731747
7.32 0.001104838906341
7.33 0.003877739650234
7.34 0.001996915124715
7.35 -0.001915992515641
7.36 0.0056752135323
7.37 0.003200745694456
7.38 0.005868482199985
7.39 0.002821842809907
7.4 0.004602916895648
7.41 0.004918153521486
7.42 0.007449107232814
7.43 0.005491347260468
7.44 0.008738115543271
7.45 0.008070536298666
7.46 0.009817144625928
7.47 0.010527099576954
7.48 0.009294789646109
7.49 0.011671211527598
7.5 0.010968011466837
7.51 0.005381440079869
7.52 0.014918256656423
7.53 0.017179136008283
7.54 0.019504393265962
7.55 0.016406419355203
7.56 0.019217204334975
7.57 0.021920182227244
7.58 0.021660223836129
7.59 0.022850883479703
7.6 0.02339567689994
7.61 0.008267591308728
7.62 0.003378682921006
7.63 0.011911484716251
7.64 0.012435640015077
7.65 0.011728076309212
7.66 0.003833605394682
7.67 0.003088984417066
7.68 -0.003812021397979
7.69 -0.002121549231917
7.7 -0.001289286633442
7.71 -0.002718478596635
7.72 -0.004602876664813
7.73 -0.005317437257962
7.74 -0.009014968282006
7.75 -0.010708530605432
7.76 -0.015136609658483
7.77 -0.0143147948767
7.78 -0.014627223597168
7.79 -0.012330644915614
7.8 -0.014096621939116
7.81 -0.010804818130749
7.82 -0.010150136907434
7.83 -0.009383851113544
7.84 -0.014374809690452
7.85 -0.013310047986617
7.86 -0.015403098728288
7.87 -0.019198098994828
7.88 -0.020982393870512
7.89 -0.019549126151043
7.9 -0.022255469782101
7.91 -0.013385784366633
7.92 -0.010903303302622
7.93 -0.017272884262753
7.94 -0.015989450715239
7.95 -0.015972996812237
7.96 -0.017185854135548
7.97 -0.012901166191729
7.98 -0.012998319205471
7.99 -0.014414819991338
8.0 -0.016643281253371
8.01 -0.01501013580167
8.02 -0.009400468873568
8.03 -0.010602350404658
8.04 -0.010349274688946
8.05 -0.005078844975024
8.06 -0.005792628310241
8.07 -0.002823876082679
8.08 -0.005864240210203
8.09 -0.005901063302694
8.1 -0.005005831570202
8.11 -0.009555313376928
8.12 -0.007720799088377
8.13 -0.005048876884086
8.14 -0.003644125132634
8.15 -0.005171904697175
8.16 -0.007156105525185
8.17 -0.007255497483165
8.18 -0.010097871982764
8.19 -0.016321132100958
8.2 -0.018489048716408
8.21 -0.014200989895694
8.22 -0.006657438935019
8.23 -0.007834914952103
8.24 -0.009424819802148
8.25 -0.005737212846226
8.26 -0.008229709955234
8.27 -0.007550717102599
8.28 -0.006817926242098
8.29 -0.005779820449244
8.3 -0.006805833586659
8.31 -0.0043588605249
8.32 -0.004183038266643
8.33 -0.001513383547241
8.34 -0.002137183601458
8.35 -0.001090484360764
8.36 0.000632944403727
8.37 0.001593728859027
8.38 0.002246516267141
8.39 0.006071599146189
8.4 0.005934733860077
8.41 0.010896746171299
8.42 0.006760004681426
8.43 0.001287488140254
8.44 0.001882364323977
8.45 0.001936077347428
8.46 0.000556480819757
8.47 0.004923346467937
8.48 0.001972527724147
8.49 -0.003764010328683
8.5 -0.010244696925137
8.51 -0.005153550296099
8.52 -0.007039205363474
8.53 -0.011861382455737
8.54 -0.010334824090742
8.55 -0.008488526675006
8.56 -0.013611514025606
8.57 -0.012648329727441
8.58 -0.01009656409189
8.59 -0.012013322011937
8.6 -0.013225037245052
8.61 -0.013621565558097
8.62 -0.020498706021004
8.63 -0.019090795232578
8.64 -0.018546411924456
8.65 -0.020574796322386
8.66 -0.020377344750715
8.67 -0.022765407011878
8.68 -0.01623395983856
8.69 -0.016742265577438
8.7 -0.025685431925563
8.71 -0.023115424518787
8.72 -0.026130574377449
8.73 -0.027670509544042
8.74 -0.0223383047402
8.75 -0.020963183749424
8.76 -0.023347621888179
8.77 -0.017410551542746
8.78 -0.0138010564621
8.79 -0.009092024197288
8.8 -0.007358434096969
8.81 -0.004171059354638
8.82 -0.003259887732
8.83 -0.003024619775942
8.84 -0.001098994871403
8.85 0.003208273681093
8.86 0.003130634185841
8.87 0.005890204207564
8.88 0.007791195039836
8.89 0.010232630994092
8.9 0.009633724216515
8.91 0.004667693483895
8.92 0.007760067027044
8.93 0.010780044120261
8.94 0.009168268816068
8.95 0.009219624659458
8.96 0.006976839218696
8.97 0.008906983562375
8.98 0.010345143367277
8.99 0.016022866736209
9.0 0.014866915590314
9.01 0.014804516664432
9.02 0.018984925813325
9.03 0.016260774326833
9.04 0.021285690007225
9.05 0.015411602950178
9.06 0.017251516151795
9.07 0.01731664584609
9.08 0.016308163680713
9.09 0.012786722511059
9.1 0.011372521293678
9.11 0.006147948923645
9.12 0.002015007234136
9.13 0.000585140070412
9.14 0.002373903104974
9.15 -0.000443508444987
9.16 -0.002171027772995
9.17 -0.0034129375125
9.18 -0.004570420285804
9.19 -0.003679334168157
9.2 -0.00603470603914
9.21 -0.005855538760538
9.22 -0.006371384605742
9.23 -0.006514658171318
9.24 -0.009315489664169
9.25 -0.010253061295521
9.26 -0.01067361259468
9.27 -0.013430009135435
9.28 -0.014391112257869
9.29 -0.016537291207255
9.3 -0.020350437244543
9.31 -0.020026876663878
9.32 -0.023271622224763
9.33 -0.025235912327158
9.34 -0.010572963762902
9.35 -0.004693053183582
9.36 -0.015052328533825
9.37 -0.012472185353093
9.38 -0.006696376515722
9.39 -0.006625399608742
9.4 -0.005954576437752
9.41 -0.003434013164073
9.42 -0.005667449308698
9.43 -0.011901696955122
9.44 -0.007110598687359
9.45 -0.007278840556395
9.46 -0.005485950208998
9.47 -0.007824460534197
9.48 -0.006762711974347
9.49 -0.00815360274166
9.5 -0.003623057025618
9.51 -0.003874994138319
9.52 -0.008065772037174
9.53 -0.007916771661258
9.54 0.000954885957456
9.55 -0.004561564245897
9.56 -0.002501217946555
9.57 -0.001746374520855
9.58 -8.1204525344e-05
9.59 0.002482536963119
9.6 -0.000819994227214
9.61 0.007938370193571
9.62 0.010197880350992
9.63 0.006443602885964
9.64 0.010860557231435
9.65 0.011587557898697
9.66 0.009332896479962
9.67 0.014194254768129
9.68 0.011942240290875
9.69 0.015214607521052
9.7 0.012351181552337
9.71 0.006174103731521
9.72 0.000451924820716
9.73 0.004092044109514
9.74 0.005075857837571
9.75 0.008368021970601
9.76 0.004003157480763
9.77 0.001193303004424
9.78 -0.001674963404682
9.79 -8.9666392855e-05
9.8 0.000341356450772
9.81 0.000301515604454
9.82 0.000436079136163
9.83 -0.002329614991917
9.84 -0.001950268538452
9.85 -0.002028441736032
9.86 -0.002177391263816
9.87 -0.004366489611058
9.88 -0.006596795176363
9.89 -0.009201708787068
9.9 -0.00907054736016
9.91 -0.008502296184534
9.92 -0.008784925684815
9.93 -0.008606478035993
9.94 -0.006278925761874
9.95 -0.007887872453238
9.96 -0.006735174324012
9.97 -0.009544961023186
9.98 -0.008876166184302
9.99 -0.012792207189962
10.0 -0.01327234906583
10.01 -0.018930325675489
10.02 -0.023739554924133
10.03 -0.020759170471988
10.04 -0.028237330502887
10.05 -0.005209321974989
10.06 -0.007978379933247
10.07 -0.020737304453308
10.08 -0.013673759956498
10.09 -0.012251948768092
10.1 -0.011530256919242
10.11 -0.001756150816807
10.12 0.005749220148439
10.13 0.006331235835629
10.14 0.000605659233985
10.15 0.007540933881756
10.16 0.001465676393476
10.17 0.006149896250816
10.18 0.005373816064316
10.19 0.007053807696402
10.2 0.011233344732222
10.21 0.006047490333291
10.22 0.009861614245794
10.23 0.008028248519627
10.24 0.010795847232513
10.25 0.009666163761855
10.26 0.009893297245008
10.27 0.012178679832307
10.28 0.01939753907013
10.29 0.019846418672163
10.3 0.018908283479826
10.31 0.020664245842431
10.32 0.025300224004777
10.33 0.033179321159093
10.34 0.010326974619235
10.35 0.013353849232947
10.36 0.02427086033314
10.37 0.011047979058714
10.38 0.026637313070948
10.39 0.015856603568458
10.4 0.01525642131615
10.41 0.005022342080778
10.42 0.01151015915267
10.43 0.011416207390252
10.44 0.001834043396082
10.45 0.011043737547392
10.46 0.005389743083368
10.47 0.006037284027296
10.48 0.004645397875758
10.49 0.002386013611241
10.5 0.002767171147057
10.51 0.00136098117034
10.52 0.006269409359005
10.53 0.001599156458277
10.54 0.004986559798289
10.55 0.001234197740329
10.56 0.004269321531364
10.57 0.00452015753032
10.58 -0.000316763132946
10.59 0.000422057321737
10.6 -0.005711463561252
10.61 -0.002957662033415
10.62 -0.007997766582128
10.63 -0.006530280693896
10.64 0.007042176862398
10.65 0.007616700049567
10.66 -0.000119235982903
10.67 0.008207573541104
10.68 0.00247438370085
10.69 0.002873201724921
10.7 0.006623549180247
10.71 0.009381277004399
10.72 0.005121673720001
10.73 0.005829802367825
10.74 0.008442949035776
10.75 0.008797820589893
10.76 0.008746468871224
10.77 0.008921506232487
10.78 0.006208467407288
10.79 0.007575712754652
10.8 0.006703293832985
10.81 0.006175189672154
10.82 0.002902469981724
10.83 -0.002582972944544
10.84 0.00366751980685
10.85 0.001013515883746
10.86 0.001432889274568
10.87 0.002397689606556
10.88 0.001609275826707
10.89 0.00245572773096
10.9 -0.00084797181802
10.91 -0.000474459283797
10.92 -0.002022396245105
10.93 -0.00218077441961
10.94 -0.004630310525868
10.95 0.000837367036319
10.96 0.000216377555578
10.97 -0.001671579891438
10.98 -0.000335004025105
10.99 -0.005998191982776
11.0 -0.007443888366814
11.01 -0.008491345948889
11.02 -0.007776093198826
11.03 -0.008390242644718
11.04 -0.007698948027998
11.05 -0.006733991514857
11.06 -0.006868118435668
11.07 -0.006271301142475
11.08 -0.007608926636469
11.09 -0.0085540880897
11.1 -0.006069190880551
11.11 -0.002759479767847
11.12 -0.001227993785757
11.13 -0.005254184458875
11.14 -0.00671786176911
11.15 -0.002744598740784
11.16 0.000181477117405
11.17 0.000782223990918
11.18 0.002384999210119
11.19 0.004339331755356
11.2 0.004537852515444
11.21 0.004539502599908
11.22 0.008358204789339
11.23 0.008575224644201
11.24 0.008030513742568
11.25 0.008739646956297
11.26 0.007458173820454
11.27 0.0044476262244
11.28 0.004917031573741
11.29 0.003794318099742
11.3 0.004627135769232
11.31 0.004491616218511
11.32 0.003060792976055
11.33 0.002233224616246
11.34 0.001248202609648
11.35 0.002518190145085
11.36 0.00222257906369
11.37 0.005008155568167
11.38 0.002132288836901
11.39 0.00179669122669
11.4 0.003049391369319
11.41 0.000826851196316
11.42 -0.000130713259573
11.43 -0.004817163057878
11.44 -0.003741486049614
11.45 -0.007645402970842
11.46 -0.002091536861631
11.47 -0.003529716414131
11.48 -0.001339395781295
11.49 0.003641180260933
11.5 0.005400668619532
11.51 0.00438748553158
11.52 0.001922838971173
11.53 -0.000916239044869
11.54 -0.001024049547727
11.55 -2.7076103423e-05
11.56 0.004691429094285
11.57 0.007087820961141
11.58 0.004996366651495
11.59 0.005814838992462
11.6 0.003580948888841
11.61 0.004309305280757
11.62 0.007206621461941
11.63 0.009268202110767
11.64 0.008112987801585
11.65 0.008512554550311
11.66 0.008638533872029
11.67 0.009716104771687
11.68 0.010058091039755
11.69 0.009062272477547
11.7 0.00904376709204
11.71 0.013645509082951
11.72 0.009912202944663
11.73 0.01327327464042
11.74 0.012951851375749
11.75 0.016516592701169
11.76 0.013238343640597
11.77 0.013810687709809
11.78 0.01478550267936
11.79 0.016474009951146
11.8 0.018253017970544
11.81 0.018168375000617
11.82 0.022642818579962
11.83 0.023967351386316
11.84 0.02398842344807
11.85 0.026465655967342
11.86 0.025981758508227
11.87 0.027109646340765
11.88 0.026434253465776
11.89 0.023206680194068
11.9 0.022892304888693
11.91 0.025517032064143
11.92 0.02205730517738
11.93 0.024463085640485
11.94 0.020844074180234
11.95 0.017633717417806
11.96 0.016437470132062
11.97 0.020523103007803
11.98 0.015221712761735
11.99 0.013769650566171
12.0 0.013643196809873
12.01 0.011230522606368
12.02 0.011933405733008
12.03 0.011740949705627
12.04 0.011789589260397
12.05 0.008153523499875
12.06 0.011014631554658
12.07 0.012206961942876
12.08 0.012659829969792
12.09 0.012251498556426
12.1 0.013937639772259
12.11 0.012073814453546
12.12 0.014112590235834
12.13 0.009966674778532
12.14 0.008633080114594
12.15 0.005932850796333
12.16 0.007279596013564
12.17 0.006159104535862
12.18 0.008009681943666
12.19 0.009172882717437
12.2 0.00994143954127
12.21 0.011920814019077
12.22 0.009900547286834
12.23 0.007531275621787
12.24 0.006958290399848
12.25 0.006771125589357
12.26 0.009628249730991
12.27 0.010468799947314
12.28 0.010697914724628
12.29 0.009908707883418
12.3 0.00886635522314
12.31 0.011271986880624
12.32 0.010652917900317
12.33 0.010851832671454
12.34 0.01125750795535
12.35 0.012133054407009
12.36 0.011742702527116
12.37 0.011645899317002
12.38 0.009971092276523
12.39 0.009079726028358
12.4 0.004216173385921
12.41 0.006722097480692
12.42 0.006264945772577
12.43 0.006708490205491
12.44 0.008639356965587
12.45 0.007594407213539
12.46 0.009392678310151
12.47 0.009767681714953
12.48 0.009059272211178
12.49 0.008710615631218
12.5 0.008056995618105
12.51 0.008545035614141
12.52 0.007306227397713
12.53 0.008211851138168
12.54 0.008316226314541
12.55 0.00809257662451
12.56 0.010226201273029
12.57 0.00863723847286
12.58 0.01035776702188
12.59 0.007154063149728
12.6 0.004426673867243
12.61 0.002280943687461
12.62 -0.001868740968687
12.63 -0.002389045133266
12.64 -0.002356205104712
12.65 -0.000282314007282
12.66 0.001576789790745
12.67 0.000511403968923
12.68 0.00085921205747
12.69 -0.000315686824329
12.7 -0.000449802182677
12.71 -0.001311492972211
12.72 -0.000948776237695
12.73 -0.001992465435067
12.74 -0.002656269002225
12.75 -0.00259918619726
12.76 -0.00297796893024
12.77 -0.001553883913661
12.78 -0.002740995018594
12.79 -0.001656718702828
12.8 -0.002199086408876
12.81 -0.002973702638013
12.82 -0.003667893736611
12.83 -0.004562867248345
12.84 -0.006023903521187
12.85 -0.006054134769112
12.86 -0.006651957954508
12.87 -0.006003188328137
12.88 -0.006892985022235
12.89 -0.006997967049782
12.9 -0.00724220241213
12.91 -0.006727002617263
12.92 -0.006175853335939
12.93 -0.005745598894674
12.94 -0.006659991682971
12.95 -0.005470612301572
12.96 -0.004827680870904
12.97 -0.005454262726145
12.98 -0.005006397733995
12.99 -0.004271842897217
13.0 -0.003549497808448
13.01 0.000582229593202
13.02 0.004640786268559
13.03 0.005846290002678
13.04 0.003865479738174
13.05 0.003086223382854
13.06 0.004226605520479
13.07 0.005527534853012
13.08 0.005570087680381
13.09 0.002936132571788
13.1 0.001445536353715
13.11 -0.002534363821984
13.12 -0.004194190974907
13.13 -0.002681133491242
13.14 -0.000552801990739
13.15 -0.001230892316804
13.16 -0.000926857793785
13.17 -0.000737453493378
13.18 -0.000747408726366
13.19 -0.0015882616584
13.2 -0.004211443790005
13.21 -0.003336971978596
13.22 -0.003155107515073
13.23 -0.006142504842293
13.24 -0.006526994724835
13.25 -0.006132262808938
13.26 -0.005523223170036
13.27 -0.005454972584002
13.28 -0.006999503637145
13.29 -0.007800568441672
13.3 -0.00861533475494
13.31 -0.009302219152412
13.32 -0.009714335275943
13.33 -0.009795908466971
13.34 -0.009544611989557
13.35 -0.009762025789172
13.36 -0.009162872006553
13.37 -0.006756147436154
13.38 -0.003906527904701
13.39 -0.005467727794381
13.4 -0.004696113418636
13.41 -0.004781815020838
13.42 -0.005318381283426
13.43 -0.003923692048747
13.44 -0.003576995404374
13.45 -0.005697428476011
13.46 -0.003989562171331
13.47 -0.004797671763304
13.48 -0.0053371506543
13.49 -0.005864498188754
13.5 -0.005612788160285
13.51 -0.005281632946708
13.52 -0.006829509088541
13.53 -0.006826542551093
13.54 -0.00723847711429
13.55 -0.007214902527978
13.56 -0.00708411412086
13.57 -0.008636781952696
13.58 -0.008186020404355
13.59 -0.007897337836535
13.6 -0.008026150911837
13.61 -0.009484978796277
13.62 -0.009839254380388
13.63 -0.008773218485981
13.64 -0.008416452973594
13.65 -0.006428455192707
13.66 -0.005708783933257
13.67 -0.007112995919702
13.68 -0.008670645024617
13.69 -0.008123790716893
13.7 -0.008615684644334
13.71 -0.00957795848868
13.72 -0.011188039297312
13.73 -0.01135249742653
13.74 -0.011279253905826
13.75 -0.011741521244772
13.76 -0.010512232376275
13.77 -0.010237854695904
13.78 -0.011592188268427
13.79 -0.012574528844597
13.8 -0.011230927899116
13.81 -0.009068260216609
13.82 -0.009069634015197
13.83 -0.00970288022601
13.84 -0.009249495424277
13.85 -0.010403504333356
13.86 -0.009391853852491
13.87 -0.009012926860503
13.88 -0.009151206037132
13.89 -0.009383024744806
13.9 -0.008433825234269
13.91 -0.007604483384312
13.92 -0.008813715717468
13.93 -0.0095473305477
13.94 -0.008764103199379
13.95 -0.008658757011179
13.96 -0.00837135400751
13.97 -0.008052121189384
13.98 -0.007050262436538
13.99 -0.005754717307972
14.0 -0.005666321261718
14.01 -0.003670162133202
14.02 -0.006247971873301
14.03 -0.007242824670766
14.04 -0.00473387589377
14.05 -0.006188341851871
14.06 -0.00466843676194
14.07 -0.00570268596077
14.08 -0.006255601963748
14.09 -0.005794206778631
14.1 -0.006999035852358
14.11 -0.006502272151225
14.12 -0.006791591336743
14.13 -0.006824760176568
14.14 -0.006093535365441
14.15 -0.006812167302674
14.16 -0.007258169291996
14.17 -0.006715892773141
14.18 -0.007435157201212
14.19 -0.006869765143107
14.2 -0.006810112512235
14.21 -0.006837086426061
14.22 -0.006527327946711
14.23 -0.007180718814854
14.24 -0.007163436531996
14.25 -0.006782403008905
14.26 -0.007168799700757
14.27 -0.006670291421469
14.28 -0.005137270703042
14.29 -0.00552912503553
14.3 -0.005490633303008
14.31 -0.005341955682818
14.32 -0.005682099479942
14.33 -0.006123411359875
14.34 -0.005313588182932
14.35 -0.003494894785501
14.36 0.000409848190276
14.37 0.004193033807042
14.38 0.004214056998065
14.39 0.001256057254687
14.4 -0.000498591194779
14.41 0.001431496389629
14.42 0.002418608285486
14.43 0.001577565503283
14.44 0.00128938983602
14.45 0.000672126972667
14.46 0.001505927736642
14.47 -6.2339268936e-05
14.48 -0.005396298320914
14.49 -0.007441946599244
14.5 -0.006982042807935
14.51 -0.00815948025429
14.52 -0.007503657065746
14.53 -0.009360024851249
14.54 -0.007598207755072
14.55 -0.007477735694081
14.56 -0.006359218522326
14.57 -0.006098365644527
14.58 -0.005290794148923
14.59 -0.004092858978595
14.6 -0.005578259328836
14.61 -0.004569757964918
14.62 -0.00464973873334
14.63 -0.005930301886109
14.64 -0.005829045621697
14.65 -0.007185677138684
14.66 -0.006948244975266
14.67 -0.006733700636081
14.68 -0.006972105947904
14.69 -0.008178364884139
14.7 -0.011328563627414
14.71 -0.019166342945123
14.72 -0.020579411321653
14.73 -0.015268403160256
14.74 -0.015691603944858
14.75 -0.015506220032364
14.76 -0.016895877408186
14.77 -0.016388604828013
14.78 -0.016564577101405
14.79 -0.015482831855921
14.8 -0.014121169794522
14.81 -0.013574605889528
14.82 -0.013543384604348
14.83 -0.014794403157393
14.84 -0.013029356285546
14.85 -0.010939656714294
14.86 -0.011867499731814
14.87 -0.009697549649728
14.88 -0.010195110624582
14.89 -0.011058638196678
14.9 -0.008934571224224
14.91 -0.010734068478938
14.92 -0.010216498480484
14.93 -0.010144994527564
14.94 -0.009629331720769
14.95 -0.009450074666728
14.96 -0.010433357967004
14.97 -0.010084035418743
14.98 -0.009041151960361
14.99 -0.009408920661325
15.0 -0.009269225753465
15.01 -0.010176468072123
15.02 -0.008022204377894
15.03 -0.007847789812987
15.04 -0.007521546929146
15.05 -0.008576824851053
15.06 -0.009057173093555
15.07 -0.00840147024361
15.08 -0.007955628013862
15.09 -0.009911133723335
15.1 -0.009431384075758
15.11 -0.009763881958711
15.12 -0.008875349576103
15.13 -0.008196521143958
15.14 -0.009329101215383
15.15 -0.009737485145483
15.16 -0.009425232108885
15.17 -0.009279224806672
15.18 -0.009242245882093
15.19 -0.009089333351738
15.2 -0.0085201524427
15.21 -0.00905214765065
15.22 -0.009374155838053
15.23 -0.009750272119558
15.24 -0.009659870804113
15.25 -0.007214863458522
15.26 -0.008612472338132
15.27 -0.009060766316205
15.28 -0.008185049496249
15.29 -0.007307471065884
15.3 -0.007264497074586
15.31 -0.005314480927073
15.32 -0.001836300548412
15.33 0.000689188715063
15.34 0.003375404740427
15.35 0.00141342476424
15.36 -0.000432718693103
15.37 -0.000606452905289
15.38 0.001080787447858
15.39 0.001414671966415
15.4 0.000258760579908
15.41 -0.000839043186728
15.42 8.8990649189e-05
15.43 0.000628321677925
15.44 0.001131679614922
15.45 0.000567188507801
15.46 -0.001117950834665
15.47 -0.003095298712026
15.48 -0.006179599910837
15.49 -0.007857370768035
15.5 -0.008474856596123
15.51 -0.007351061023378
15.52 -0.006384166154263
15.53 -0.007008021411269
15.54 -0.007959698100627
15.55 -0.007519388512295
15.56 -0.006720166671043
15.57 -0.004856155500215
15.58 -0.004677052876742
15.59 -0.005547001998764
15.6 -0.005543358628947
15.61 -0.003533165066427
15.62 -0.001227586725329
15.63 0.008107338662118
15.64 0.009662438433783
15.65 0.007633125390975
15.66 0.006113028860006
15.67 0.007400245274696
15.68 0.007647766699158
15.69 0.00633272367489
15.7 0.005763696515557
15.71 0.008394781394649
15.72 0.003556593068713
15.73 0.003313850004416
15.74 0.007156572635055
15.75 0.005624643987459
15.76 0.006487907343439
15.77 0.003745787195684
15.78 0.005075114707426
15.79 0.00106167090646
15.8 0.0038914376753
15.81 0.003294879531794
15.82 0.004503702031437
15.83 0.005380287562679
15.84 0.006028597870389
15.85 0.006765799053434
15.86 0.005206741298857
15.87 0.00459701554252
15.88 0.005745097712309
15.89 0.005885639520153
15.9 0.005590787494664
15.91 0.004816617769313
15.92 0.004964157219743
15.93 0.001966857826764
15.94 0.002345090786573
15.95 0.002483073964676
15.96 0.000483719478842
15.97 -0.000212863781581
15.98 0.000220398641152
15.99 0.005105031292637
16.0 0.00158282502898
16.01 0.003104141887461
16.02 0.001556642100811
16.03 0.001419224297098
16.04 0.002690347517454
16.05 0.005340684346406
16.06 0.004763321903645
16.07 0.005351678673029
16.08 0.005535015039239
16.09 0.006270116297423
16.1 0.005875903088805
16.11 0.006002157378882
16.12 0.003981766921996
16.13 0.005337223304168
16.14 0.004932104531618
16.15 0.002935699139088
16.16 0.002550782817361
16.17 0.003158507820295
16.18 0.004730221442747
16.19 0.004652948157748
16.2 0.006331506320037
16.21 0.005758616120493
16.22 0.007090454010162
16.23 0.007376054518575
16.24 0.007909983608381
16.25 0.005580584923653
16.26 0.007881925992259
16.27 0.008106998583253
16.28 0.005594401292698
16.29 0.007895065092414
16.3 0.003742533890662
16.31 0.00146730852251
16.32 -0.002112149115391
16.33 -0.00137329167279
16.34 -0.000775934157287
16.35 -0.000350299606588
16.36 -0.000304948425739
16.37 0.000683448910484
16.38 0.003591543988638
16.39 0.011920660754773
16.4 0.015731819162029
16.41 0.011570094995648
16.42 0.009332876529522
16.43 0.013843754049502
16.44 0.013379958457985
16.45 0.014078851349492
16.46 0.007025864670275
16.47 0.006740764749212
16.48 0.009252808220888
16.49 0.009347101149214
16.5 0.010358965371425
16.51 0.008932792346978
16.52 0.007878070021793
16.53 0.006831392217409
16.54 0.010360828500901
16.55 0.007450745459113
16.56 0.007539190770236
16.57 0.007054652894327
16.58 0.008455227439479
16.59 0.0092142888737
16.6 0.006330940273932
16.61 0.005383160307996
16.62 0.008762686458244
16.63 0.008353368204899
16.64 0.006964671541926
16.65 0.006596127820967
16.66 0.006580552308334
16.67 0.006116505532607
16.68 0.004896180937144
16.69 0.002189521665499
16.7 0.004946977696071
16.71 0.003932665205774
16.72 0.005397530042604
16.73 0.005551970069442
16.74 0.004526526002145
16.75 0.005319541548353
16.76 0.005557381800646
16.77 0.004857254134917
16.78 0.004927200122112
16.79 0.004690289604248
16.8 0.006428463865399
16.81 0.006020957566867
16.82 0.006644306429695
16.83 0.005000312812475
16.84 0.004261310077168
16.85 0.005768346424769
16.86 0.004933939591215
16.87 0.004930373547767
16.88 0.004634984617828
16.89 0.004722293877154
16.9 0.00587400921807
16.91 0.004385077203459
16.92 0.00352592482671
16.93 0.004528661952496
16.94 0.003656687733782
16.95 0.004219560740789
16.96 0.004934222308216
16.97 0.005773147518561
16.98 0.006220169733424
16.99 0.006036198642011
17.0 0.006134750521454
17.01 0.006113885551981
17.02 0.005851370467893
17.03 0.006547858749191
17.04 0.005855070655752
17.05 0.003334764699929
17.06 -0.000775088170836
17.07 -0.004036284260118
17.08 -0.004484501627685
17.09 -0.003099499246534
17.1 -0.001735681475966
17.11 -0.001541958226398
17.12 -0.00337771034303
17.13 -0.003399588517554
17.14 -0.001287684776103
17.15 -0.000549745444119
17.16 0.000898725490713
17.17 0.00510601879047
17.18 0.008901782559851
17.19 0.010781502215137
17.2 0.008558114816777
17.21 0.007497702851651
17.22 0.010438261730901
17.23 0.008707657979134
17.24 0.006022988253758
17.25 0.007064992294302
17.26 0.00617357524785
17.27 0.004872213794263
17.28 0.006516917851939
17.29 0.006056332121529
17.3 0.005108873974334
17.31 0.005069341923906
17.32 0.005194532099673
17.33 0.004148725488676
17.34 0.00283955019825
17.35 0.002342083422714
17.36 0.003693585889727
17.37 0.003434202223882
17.38 0.002408261737868
17.39 0.000506122244202
17.4 -1.4750883156e-05
17.41 3.2824615878e-05
17.42 0.000665394589189
17.43 7.7270758522e-05
17.44 -0.000220796007375
17.45 -0.001393927626694
17.46 -0.001581608473582
17.47 0.000950487161008
17.48 0.001876627312492
17.49 0.001325809597754
17.5 0.001679325764162
17.51 0.000390169120694
17.52 0.000420515439327
17.53 0.001039913290382
17.54 0.000476198214618
17.55 -0.00036522548
17.56 0.001162987645001
17.57 -0.001208127927224
17.58 0.000106616616698
17.59 -0.000940537049082
17.6 -0.000713125158807
17.61 -0.000748027709617
17.62 -0.002952829913235
17.63 -0.003019091798703
17.64 -0.004458378540361
17.65 -0.003631929879131
17.66 -0.003511947909879
17.67 -0.004801331007929
17.68 -0.004093463956227
17.69 -0.003919078664529
17.7 -0.003401276427802
17.71 -0.003398462078374
17.72 -0.003967528790299
17.73 -0.004297621393736
17.74 -0.005437342854305
17.75 -0.004646719950749
17.76 -0.00492250867749
17.77 -0.005088955707576
17.78 -0.004506637479909
17.79 -0.004261734206434
17.8 -0.004588129929451
17.81 -0.004325129582529
17.82 -0.004456174412329
17.83 -0.004354945775326
17.84 -0.005074283746246
17.85 -0.005605821585937
17.86 -0.006245222318043
17.87 -0.006330445371352
17.88 -0.00696028891532
17.89 -0.007054413690571
17.9 -0.006663880470537
17.91 -0.00746245577464
17.92 -0.006025881554189
17.93 -0.003902634856981
17.94 -0.005093759263082
17.95 -0.003372863337553
17.96 -0.003830776921156
17.97 0.001669164549838
17.98 0.005466464285864
17.99 0.010705450144762
18.0 0.008874127400649
18.01 0.00991082956054
18.02 0.00859745516467
18.03 0.007634812064596
18.04 0.009191874110482
18.05 0.008856982738743
18.06 0.007966663716252
18.07 0.00776939075518
18.08 0.005372438346663
18.09 0.00672898846222
18.1 0.007909026964154
18.11 0.007393096340373
18.12 0.00713996396533
18.13 0.007967622926846
18.14 0.007426279871183
18.15 0.009583516118608
18.16 0.010385950688722
18.17 0.010164498921741
18.18 0.006614374441526
18.19 0.010838331108448
18.2 0.005917989264476
18.21 0.002480758214519
18.22 0.003072757015534
18.23 0.000137130934986
18.24 -0.001610221371879
18.25 0.000327153421255
18.26 0.000698805818343
18.27 -0.000925388808448
18.28 0.001140626183667
18.29 0.003356030672547
18.3 0.003829580727055
18.31 0.006347033667789
18.32 0.006991176489364
18.33 0.007168978218619
18.34 0.007014201241626
18.35 0.008607085972046
18.36 0.007717165289331
18.37 0.007862376289301
18.38 0.007260966351247
18.39 0.008055224481753
18.4 0.007228997599975
18.41 0.007066557885762
18.42 0.006224465532501
18.43 0.006848866273843
18.44 0.008366875024679
18.45 0.00833086074171
18.46 0.008447721311771
18.47 0.00810395096771
18.48 0.007512178039304
18.49 0.007014545751748
18.5 0.005919234992547
18.51 0.004873643925008
18.52 0.004994030549791
18.53 0.005956002428431
18.54 0.004555825465467
18.55 0.006079085074848
18.56 0.006181902094038
18.57 0.006017317907594
18.58 0.005007302803104
18.59 0.005261962317277
18.6 0.006569264121639
18.61 0.006523034526187
18.62 0.006940147693408
18.63 0.007232125773907
18.64 0.005678320529372
18.65 0.006407235890292
18.66 0.006588217067125
18.67 0.00664315769765
18.68 0.005432730137221
18.69 0.005483023854327
18.7 0.005792563878846
18.71 0.004635780503828
18.72 0.004430921001396
18.73 0.001507303681085
18.74 -0.003611192060646
18.75 -0.007228753090315
18.76 -0.006005578586531
18.77 -0.003569001293654
18.78 -0.003463162579166
18.79 -0.003956662367783
18.8 -0.00289725076569
18.81 0.002012324726427
18.82 0.005901111370545
18.83 0.002751236831451
18.84 -0.000838244065213
18.85 0.003541484789149
18.86 -0.000158579983702
18.87 -0.001479447807708
18.88 -0.001685853023199
18.89 -0.003468022856762
18.9 -0.003315950291065
18.91 -0.004588139759285
18.92 -0.004805137124879
18.93 -0.004611386260708
18.94 -0.003888906548585
18.95 -0.002469568648703
18.96 -0.003030056635276
18.97 -0.004439736256516
18.98 -0.003646323115964
18.99 -0.003020594667023
19.0 -0.002698490465384
19.01 -0.002340225135446
19.02 -0.001509087644441
19.03 -0.001709836792028
19.04 -0.002996623415518
19.05 -0.002599765468493
19.06 -0.002954632755966
19.07 -0.003611213397562
19.08 -0.003755802143282
19.09 -0.004133508000646
19.1 -0.004349045855562
19.11 -0.005594444302658
19.12 -0.005101779782145
19.13 -0.005965250092483
19.14 -0.00567085961825
19.15 -0.006306727242995
19.16 -0.006548990011193
19.17 -0.006497673732826
19.18 -0.00668407144385
19.19 -0.007194299706319
19.2 -0.007878786526375
19.21 -0.006805270490511
19.22 -0.007903696920234
19.23 -0.006874205068865
19.24 -0.006776532623257
19.25 -0.005649982998379
19.26 -0.005702220654494
19.27 -0.007351309677498
19.28 -0.00601761274701
19.29 -0.005472865886
19.3 -0.003505787020696
19.31 -0.001636397542273
19.32 0.001098839512951
19.33 0.004755572265423
19.34 0.004639956940939
19.35 0.002991395123533
19.36 0.002085077686738
19.37 0.002167087524774
19.38 0.002158820395559
19.39 -0.002380936203403
19.4 -0.009085060697532
19.41 -0.009445849917798
19.42 -0.005094565837744
19.43 -0.003464019884198
19.44 -0.004780711419875
19.45 -0.003568645237827
19.46 -0.001337505435327
19.47 -0.000915920591861
19.48 -0.002330615517836
19.49 -0.003560271263356
19.5 -0.001982411617099
19.51 -0.002004712652806
19.52 -0.002208021161537
19.53 -0.002995691343164
19.54 -0.003803916321628
19.55 -0.00199219723204
19.56 -0.001643153395379
19.57 -0.002534040294942
19.58 -0.003359968937472
19.59 -0.002502740086772
19.6 -0.001745670695261
19.61 -0.001743658212231
19.62 -0.000801075018605
19.63 -0.000144264584694
19.64 0.000342228637908
19.65 0.000706240649602
19.66 0.000339980123134
19.67 0.001319034458581
19.68 0.001385895882382
19.69 0.001375510595518
19.7 0.002617545230726
19.71 0.002516740002542
19.72 0.00560537947754
19.73 0.008306764848764
19.74 0.010936846988629
19.75 0.012001009575911
19.76 0.010010963484156
19.77 0.008891896333121
19.78 0.009096703952722
19.79 0.008424047464996
19.8 0.008699297701634
19.81 0.00865565403803
19.82 0.008741487425404
19.83 0.009138707776529
19.84 0.007905818072724
19.85 0.005420940406625
19.86 0.006942403014505
19.87 0.007727735073529
19.88 0.006939538399274
19.89 0.008630757373608
19.9 0.007614199232746
19.91 0.006792468047648
19.92 0.008925499247968
19.93 0.008870690096335
19.94 0.007299307039636
19.95 0.008237022059274
19.96 0.007201924531981
19.97 0.00762741310478
19.98 0.006584818184072
19.99 0.006509411954734
20.0 0.0043658150266
20.01 0.006299670248925
20.02 0.006963243714877
20.03 0.004641775203433
20.04 0.00531504039772
20.05 0.00481086024684
20.06 0.004499552948857
20.07 0.005570074068625
20.08 0.005067569875153
20.09 0.006016436868992
20.1 0.005631582416154
20.11 0.006435850145599
20.12 0.005380572943709
20.13 0.00582927493711
20.14 0.005325085644598
20.15 0.004672728728607
20.16 0.0051144810708
20.17 0.004051269832497
20.18 0.004178095949875
20.19 0.003053248559818
20.2 0.00217048881572
20.21 0.000234775587596
20.22 -0.002152620428969
20.23 -0.004322787397195
20.24 -0.004284653226896
20.25 -0.003640664389673
20.26 -0.004765967994356
20.27 -0.005175778210772
20.28 -0.004290178942201
20.29 -0.004020786145245
20.3 -0.003661032697482
20.31 -0.004986179367141
20.32 -0.005624979772151
20.33 -0.005631817513858
20.34 -0.004896591197543
20.35 -0.005234758098237
20.36 -0.005225255979824
20.37 -0.004905953635388
20.38 -0.004989691822684
20.39 -0.004863351575783
20.4 -0.005301360074766
20.41 -0.004922889811317
20.42 -0.00545257846581
20.43 -0.005772822075654
20.44 -0.006036656288028
20.45 -0.005761401289031
20.46 -0.006306268773974
20.47 -0.006396212817165
20.48 -0.006769381087043
20.49 -0.005630194509279
20.5 -0.005665693671909
20.51 -0.005970140852151
20.52 -0.006363284064922
20.53 -0.006085101956098
20.54 -0.00615038523163
20.55 -0.004077352115062
20.56 -0.000703069815439
20.57 0.001031467085268
20.58 -0.001369923517711
20.59 -0.004568484174036
20.6 -0.004934917721813
20.61 -0.002164320230386
20.62 -0.001065176346599
20.63 -0.001703056114281
20.64 -0.003494052912986
20.65 -0.003504796204636
20.66 -0.003298797343113
20.67 -0.003023235927331
20.68 -0.00328353767298
20.69 -0.004213523518464
20.7 -0.003983382058781
20.71 -0.005105217198132
20.72 -0.005087772878692
20.73 -0.00525421381778
20.74 -0.005556450716442
20.75 -0.005882839058723
20.76 -0.005796446944594
20.77 -0.005934283074653
20.78 -0.005776449727637
20.79 -0.005776051385834
20.8 -0.005789798321421
20.81 -0.005629055704728
20.82 -0.005464744611363
20.83 -0.00551004136913
20.84 -0.005643394891227
20.85 -0.005731491324503
20.86 -0.005666590411488
20.87 -0.005400401060295
20.88 -0.004820214346879
20.89 -0.004872779912458
20.9 -0.005639096346109
20.91 -0.005220723225622
20.92 -0.004666990478964
20.93 -0.003320691481336
20.94 -0.003330769881186
20.95 -0.004287453948007
20.96 -0.003685979254787
20.97 -0.003703466907491
20.98 -0.004317018674509
20.99 -0.005183325623172
21.0 -0.005947989336669
21.01 -0.005668604965514
21.02 -0.005414660422684
21.03 -0.005814505695034
21.04 -0.005695320672698
21.05 -0.006024351291996
21.06 -0.006082824153402
21.07 -0.005846372390285
21.08 -0.005439365933725
21.09 -0.005848467443745
21.1 -0.005683524718933
21.11 -0.005159110642419
21.12 -0.005919619170552
21.13 -0.005643155293176
21.14 -0.005622779799372
21.15 -0.005113370648434
21.16 -0.005555590450096
21.17 -0.006859344193403
21.18 -0.00701267001611
21.19 -0.006698714557508
21.2 -0.006891834690166
21.21 -0.006447254643272
21.22 -0.006337228109211
21.23 -0.00574944822214
21.24 -0.005992711994402
21.25 -0.005415323225404
21.26 -0.0058684750754
21.27 -0.0047905672994
21.28 -0.003875940064057
21.29 -0.004047267864763
21.3 -0.005327823660396
21.31 -0.006017655742418
21.32 -0.004419756938624
21.33 -0.004352346862029
21.34 -0.005084253470948
21.35 -0.004038093138815
21.36 -0.002484265098741
21.37 -0.003405445903788
21.38 -0.003029133685495
21.39 -0.001758398417604
21.4 -0.001620196596239
21.41 -0.001926013347027
21.42 -0.001049838809888
21.43 -0.000548434796251
21.44 -0.001255842232232
21.45 -0.002740359510595
21.46 -0.001340684608109
21.47 -0.0018700036402
21.48 -0.001985640836207
21.49 -0.0021953565787
21.5 -0.002405298830011
21.51 -0.003049568402842
21.52 -0.002591819067965
21.53 -0.002922132224137
21.54 -0.003285125715964
21.55 -0.002763395689732
21.56 -0.001967591207029
21.57 -0.003090185156561
21.58 -0.001398235805577
21.59 -0.00137511163188
21.6 -0.000379538581626
21.61 0.000297088605477
21.62 0.001480623957568
21.63 0.002899991772166
21.64 0.003542813966152
21.65 0.004117189523465
21.66 0.005144906088284
21.67 0.007053799747994
21.68 0.00710165453154
21.69 0.007498468787104
21.7 0.007199410806855
21.71 0.007004883015924
21.72 0.007004151485071
21.73 0.00702550875733
21.74 0.006618921104671
21.75 0.006958903309608
21.76 0.007018407753005
21.77 0.007263367329634
21.78 0.007756431716659
21.79 0.00789989035463
21.8 0.007626066726307
21.81 0.007419117619354
21.82 0.007558267670903
21.83 0.007333393831595
21.84 0.00684547012008
21.85 0.007188118261061
21.86 0.006704254748924
21.87 0.006515826539259
21.88 0.006116726413978
21.89 0.005451942330067
21.9 0.003184500865416
21.91 0.00164036057288
21.92 0.000921102482998
21.93 0.002183547599526
21.94 0.002918581638062
21.95 0.003298463905695
21.96 0.002997418311759
21.97 0.00399265860087
21.98 0.004311340566011
21.99 0.004244318013354
22.0 0.003933470045035
22.01 0.003430260160616
22.02 0.003873535390483
22.03 0.004264459441859
22.04 0.004209019545542
22.05 0.004695992460738
22.06 0.005458875872202
22.07 0.005913621825407
22.08 0.005456542872481
22.09 0.005693937421907
22.1 0.005554046504212
22.11 0.005947550405757
22.12 0.005821833487571
22.13 0.005600117510107
22.14 0.005662143597052
22.15 0.005475712083897
22.16 0.005414930339606
22.17 0.00514094119532
22.18 0.002751919124176
22.19 0.002354647755595
22.2 0.003417560814982
22.21 0.00326549680153
22.22 0.003016570507444
22.23 0.003342518071979
22.24 0.002573097423029
22.25 0.002819284840907
22.26 0.001143949152063
22.27 -0.001832173068849
22.28 -0.004204976675309
22.29 -0.006406526300716
22.3 -0.00558466710177
22.31 -0.003528215072985
22.32 -0.0033685405621
22.33 -0.00425536801378
22.34 -0.005492281933701
22.35 -0.005395283491826
22.36 -0.004066707968699
22.37 -0.002204591638501
22.38 0.002056948433198
22.39 0.005422270678528
22.4 0.004399465795748
22.41 0.001099635512465
22.42 0.004056020918689
22.43 0.005225858749918
22.44 0.004789257176516
22.45 0.003192078701818
22.46 0.004373650293606
22.47 0.00382873319688
22.48 0.003268909422994
22.49 0.002365964347104
22.5 0.000594341514656
22.51 -0.002294573671539
22.52 -0.003670011901972
22.53 -0.003923017972423
22.54 -0.00605729356675
22.55 -0.007937470877009
22.56 -0.008845581499144
22.57 -0.008216672593123
22.58 -0.007434182099599
22.59 -0.008076011371908
22.6 -0.007481457273453
22.61 -0.007464349559579
22.62 -0.00744137135607
22.63 -0.006666971050484
22.64 -0.006273262735853
22.65 -0.006690511162389
22.66 -0.005438408466494
22.67 -0.006324074365344
22.68 -0.006906521259917
22.69 -0.00796344601644
22.7 -0.007870842358792
22.71 -0.007754286901049
22.72 -0.007762516981739
22.73 -0.007283160353038
22.74 -0.007517047334405
22.75 -0.008039475068711
22.76 -0.007605273886078
22.77 -0.008286251498061
22.78 -0.007477520953271
22.79 -0.007193025613876
22.8 -0.0071224846719
22.81 -0.006674483349341
22.82 -0.00697100525447
22.83 -0.007575383297963
22.84 -0.007605743104105
22.85 -0.007259076800909
22.86 -0.007044078287108
22.87 -0.007534897608733
22.88 -0.006912285674741
22.89 -0.007926320945193
22.9 -0.007042230022747
22.91 -0.007242742972142
22.92 -0.007036500373826
22.93 -0.006963547139813
22.94 -0.006673412462234
22.95 -0.006419222023676
22.96 -0.006623753679105
22.97 -0.006780421470552
22.98 -0.005913780209955
22.99 -0.005673368898634
23.0 -0.005794803371118
23.01 -0.005425804754877
23.02 -0.006329722906064
23.03 -0.006377608258235
23.04 -0.006131039620834
23.05 -0.005516220556906
23.06 -0.005582931364918
23.07 -0.005430639575838
23.08 -0.005455401135052
23.09 -0.004923824575831
23.1 -0.004497771930748
23.11 -0.004169154792842
23.12 -0.003716599177509
23.13 -0.003895054410862
23.14 -0.003728496796575
23.15 -0.003513891259465
23.16 -0.003119702473639
23.17 -0.003325744795388
23.18 -0.003117773398197
23.19 -0.001757968250374
23.2 -0.000401055306696
23.21 0.000563779708005
23.22 0.000568406048929
23.23 0.001202343517416
23.24 0.000541383701298
23.25 0.000183884084813
23.26 0.000425099771514
23.27 0.000500253596071
23.28 0.000488345242277
23.29 0.000414049453752
23.3 0.000466916896382
23.31 0.000548637076244
23.32 0.000556796525175
23.33 0.000889803215398
23.34 0.001226628546551
23.35 0.001568532733091
23.36 0.002284153098783
23.37 0.003096030443064
23.38 0.003894917079209
23.39 0.004327944731979
23.4 0.005237578972753
23.41 0.005708906459443
23.42 0.00601597180072
23.43 0.00590899874488
23.44 0.006057744714771
23.45 0.006035409789172
23.46 0.005860598762381
23.47 0.005976288379788
23.48 0.00582256507512
23.49 0.00582370329137
23.5 0.006007655111956
23.51 0.005918793479637
23.52 0.005875125787926
23.53 0.005692567226529
23.54 0.005901616225067
23.55 0.005941597332248
23.56 0.005709029315804
23.57 0.005807682924556
23.58 0.005962301907873
23.59 0.005768568474875
23.6 0.005998626745312
23.61 0.006227998304789
23.62 0.006472398688127
23.63 0.006486536540977
23.64 0.006229166089478
23.65 0.00622850289949
23.66 0.006342161279076
23.67 0.00651965449607
23.68 0.006459063247406
23.69 0.006331335282839
23.7 0.006047053110368
23.71 0.00587136022315
23.72 0.005959790592402
23.73 0.005704067796324
23.74 0.0057546225522
23.75 0.005898242749875
23.76 0.005795452024917
23.77 0.005686118114334
23.78 0.005711053795212
23.79 0.005560698092856
23.8 0.005266577586886
23.81 0.004523378420122
23.82 0.003658427650447
23.83 0.002263192738752
23.84 0.002030008260465
23.85 0.001484546981097
23.86 0.001259483941097
23.87 0.001107126422947
23.88 0.001731273309307
23.89 0.002239223444153
23.9 0.002483451731601
23.91 0.003028607624388
23.92 0.002930162408872
23.93 0.002770411682983
23.94 0.003412112867584
23.95 0.003694799366318
23.96 0.0033257001036
23.97 0.00270014384983
23.98 0.003093676452757
23.99 0.003584671393416
24.0 0.003251942737402
24.01 0.002436141538958
24.02 0.002086665811101
24.03 0.002310042969942
24.04 0.002391710057323
24.05 0.002778836430721
24.06 0.003444751342889
24.07 0.003421337983106
24.08 0.003043842863599
24.09 0.002574597077122
24.1 0.002321132201972
24.11 0.001613547630075
24.12 0.0001059069419
24.13 -0.000946654186983
24.14 -0.001495993928523
24.15 -0.001366592410475
24.16 -0.000945502877169
24.17 -0.001732075543889
24.18 -0.003293678185313
24.19 -0.00363328135039
24.2 -0.000219250290561
24.21 0.005469652024752
24.22 0.005445784705562
24.23 0.000274243269067
24.24 0.001436139422369
24.25 0.002569830466222
24.26 -0.000599801296545
24.27 -0.001690080353776
24.28 -0.002276600406046
24.29 -0.003596259914626
24.3 -0.001561986934726
24.31 -0.002627174931864
24.32 -0.0035468866
24.33 -0.004013388023798
24.34 -0.004102895857044
24.35 -0.003549236051316
24.36 -0.003953060278595
24.37 -0.005083503960404
24.38 -0.005020678883692
24.39 -0.004902768553664
24.4 -0.005122187749039
24.41 -0.005500745059982
24.42 -0.005431813710136
24.43 -0.005997975055906
24.44 -0.005997080202915
24.45 -0.005910253737586
24.46 -0.005906506984998
24.47 -0.00595761748223
24.48 -0.005708840999055
24.49 -0.005614599087657
24.5 -0.005542952391097
24.51 -0.005255742895593
24.52 -0.00515626151201
24.53 -0.005212382680031
24.54 -0.005110413638192
24.55 -0.005173137765872
24.56 -0.004900912486603
24.57 -0.004941528215775
24.58 -0.005130660785351
24.59 -0.004459053059138
24.6 -0.004640092516534
24.61 -0.004526229700105
24.62 -0.004300394183739
24.63 -0.004056790567256
24.64 -0.004330358877413
24.65 -0.004076305434554
24.66 -0.004138773640161
24.67 -0.00426628424745
24.68 -0.004047774949225
24.69 -0.004231893957678
24.7 -0.004246459137363
24.71 -0.004553599410701
24.72 -0.004618786944957
24.73 -0.004193098297856
24.74 -0.004396447058188
24.75 -0.004678611788218
24.76 -0.00475861187558
24.77 -0.004881080161174
24.78 -0.005097859928652
24.79 -0.005000634349267
24.8 -0.005040985624918
24.81 -0.005235884458469
24.82 -0.005110754108082
24.83 -0.004869723972506
24.84 -0.004930240302255
24.85 -0.004665156995922
24.86 -0.004539659980585
24.87 -0.004331149311488
24.88 -0.004109069516831
24.89 -0.00420367636537
24.9 -0.004093321755056
24.91 -0.00370188735171
24.92 -0.002889166026167
24.93 -0.000693236577469
24.94 0.001976902020662
 
 
 
 
 
 
 
 
 
 
 
 
 
 
 
 
 
 
 
 
 
 
 
 
 
 
 
 
 
 
 
 
 
 
 
 
 
 
 
 
 
 
 
 
 
 
 
 
 
 
 
 
 
 
 
 
 
 
 
 
 
 
 
 
 
 
 
 
 
 
 
 
 
 
 
 
 
 
 
 
 
 
 
 
 
 
 
 
 
 
 
 
 
 
 
 
 
 
 
 
 
 
 
 
 
 
 
 
 
 
 
 
 
 
 
 
 
 
 
 
 
 
 
 
 
 
 
 
 
 
 
 
 
 
 
 
 
 
 
 
 
 
 
 
 
 
 
 
 
 
 
 
 
 
 
 
 
 
 
 
 
 
 
 
 
 
 
 
 
 
 
 
 
 
 
 
 
 
 
 
 
 
 
 
 
 
 
 
 
 
 
 
 
 
 
 
 
 
 
 
 
 
 
 
 
 
 
 
 
 
 
 
 
 
 
 
 
 
 
 
 
 
 
 
 
 
 
 
 
 
 
 
 
 
 
 
 
 
 
 
 
 
 
 
 
 
 
 
 
 
 
 
 
 
 
 
 
 
 
 
 
 
 
 
 
 
 
 
 
 
 
 
 
 
 
 
 
 
 
 
 
 
 
 
 
 
 
 
 
 
 
 
 
 
 
 
 
 
 
 
 
 
 
 
 
 
 
 
 
 
 
 
 
 
 
 
 
 
 
 
 
 
 
 
 
 
 
 
 
 
 
 
 
 
 
 
 
 
 
 
 
 
 
 
 
 
 
 
 
 
 
 
 
 
 
 
 
 
 
 
 
 
 
 
 
 
 
 
 
 
 
 
 
 
 
 
 
 
 
 
 
 
 
 
 
 
 
 
 
 
 
 
 
 
 
 
 
 
 
 
 
 
 
 
 
 
 
 
 
 
 
 
 
 
 
 
 
 
 
 
 
 
 
 
 
 
 
 
 
 
 
 
 
 
 
 
 
 
 
 
 
 
 
 
 
 
 
 
 
 
 
 
 
 
 
 
 
 
 
 
 
 
 
 
 
 
 
 
 
 
 
 
 
 
 
 
 
 
 
 
 
 
 
 
 
 
 
 
 
 
 
 
 
 
 
 
 
 
 
 
 
 
 
 
 
 
 
 
 
 
 
 
 
 
 
 
 
 
 
 
 
 
 
 
 
 
 
 
 
 
 
 
 
 
 
 
 
 
 
 
 
 
 
 
 
 
 
 
 
 
 
 
 
 
 
 
 
 
 
 
 
 
 
 
 
 
 
 
 
 
 
 
 
 
 
 
 
 
 
 
 
 
 
 
 
 
 
 
 
 
 
 
 
 
 
 
 
 
 
 
 
 
 
 
 
 
 
 
 
 
 
 
 
 
 
 
 
 
 
 
 
 
 
 
 
 
 
 
 
 
 
 
 
 
 
 
 
 
 
 
 
 
 
 
 
 
 
 
 
 
 
 
 
 
 
 
 
 
 
 
 
 
 
 
 
 
 
 
 
 
 
 
 
 
 
 
 
 
 
 
 
 
 
 
 
 
 
 
 
 
 
 
 
 
 
 
 
 
 
 
 
 
 
 
 
 
 
 
 
 
 
 
 
 
 
 
 
 
 
 
 
 
 
 
 
 
 
 
 
 
 
 
 
 
 
 
 
 
 
 
 
 
 
 
 
 
 
 
 
 
 
 
 
 
 
 
 
 
 
 
 
 
 
 
 
 
 
 
 
 
 
 
 
 
 
 
 
 
 
 
 
 
 
 
 
 
 
 
 
 
 
 
 
 
 
 
 
 
 
 
 
 
 
 
 
 
 
 
 
 
 
 
 
 
 
 
 
 
 
 
 
 
 
 
 
 
 
 
 
 
 
 
 
 
 
 
 
 
 
 
 
 
 
 
 
 
 
 
 
 
 
 
 
 
 
 
 
 
 
 
 
 
 
 
 
 
 
 
 
 
 
 
 
 
 
 
 
 
 
 
 
 
 
 
 
 
 
 
 
 
 
 
 
 
 
 
 
 
 
 
 
 
 
 
 
 
 
 
 
 
 
 
 
 
 
 
 
 
 
 
 
 
 
 
 
 
 
 
 
 
 
 
 
 
 
 
 
 
 
 
 
 
 
 
 
 
 
 
 
 
 
 
 
 
 
 
 
 
 
 
 
 
 
 
 
 
 
 
 
 
 
 
 
 
 
 
 
 
 
 
 
 
 
 
 
 
 
 
 
 
 
 
 
 
 
 
 
 
 
 
 
 
 
 
 
 
 
 
 
 
 
 
 
 
 
 
 
 
 
 
 
 
 
 
 
 
 
 
 
 
 
 
 
 
 
 
 
 
 
 
 
 
 
 
 
 
 
 
 
 
 
 
 
 
 
 
 
 
 
 
 
 
 
 
 
 
 
 
 
 
 
 
 
 
 
 
 
 
 
 
 
 
 
 
 
 
 
 
 
 
 
 
 
 
 
 
 
 
 
 
 
 
 
 
 
 
 
 
 
 
 
 
 
 
 
 
 
 
 
 
 
 
 
 
 
 
 
 
 
 
 
 
 
 
 
 
 
 
 
 
 
 
 
 
 
 
 
 
 
 
 
 
 
 
 
 
 
 
 
 
 
 
 
 
 
 
 
 
 
 
 
 
 
 
 
 
 
 
 
 
 
 
 
 
 
 
 
 
 
 
 
 
 
 
 
 
 
 
 
 
 
 
 
 
 
 
 
 
 
 
 
 
 
 
 
 
 
 
 
 
 
 
 
 
 
 
 
 
 
 
 
 
 
 
 
 
 
 
 
 
 
 
 
 
 
 
 
 
 
 
 
 
 
 
 
 
 
 
 
 
 
 
 
 
 
 
 
 
 
 
 
 
 
 
 
 
 
 
 
 
 
 
 
 
 
 
 
 
 
 
 
 
 
 
 
 
 
 
 
 
 
 
 
 
 
 
 
 
 
 
 
 
 
 
 
 
 
 
 
 
 
 
 
 
 
 
 
 
 
 
 
 
 
 
 
 
 
 
 
 
 
 
 
 
 
 
 
 
 
 
 
 
 
 
 
 
 
 
 
 
 
 
 
 
 
 
 
 
 
 
 
 
 
 
 
 
 
 
 
 
 
 
 
 
 
 
 
 
 
 
 
 
 
 
 
 
 
 
 
 
 
 
 
 
 
 
 
 
 
 
 
 
 
 
 
 
 
 
 
 
 
 
 
 
 
 
 
 
 
 
 
 
 
 
 
 
 
 
 
 
 
 
 
 
 
 
 
 
 
 
 
 
 
 
 
 
 
 
 
 
 
 
 
 
 
 
 
 
 
 
 
 
 
 
 
 
 
 
 
 
 
 
 
 
 
 
 
 
 
 
 
 
 
 
 
 
 
 
 
 
 
 
 
 
 
 
 
 
 
 
 
 
 
 
 
 
 
 
 
 
 
 
 
 
 
 
 
 
 
 
 
 
 
 
 
 
 
 
 
 
 
 
 
 
 
 
 
 
 
 
 
 
 
 
 
 
 
 
 
 
 
 
 
 
 
 
 
 
 
 
 
 
 
 
 
 
 
 
 
 
 
 
 
 
 
 
 
 
 
 
 
 
 
 
 
 
 
 
 
 
 
 
 
 
 
 
 
 
 
 
 
 
 
 
 
 
 
 
 
 
 
 
 
 
 
 
 
 
 
 
 
 
 
 
 
 
 
 
 
 
 
 
 
 
 
 
 
 
 
 
 
 
 
 
 
 
 
 
 
 
 
 
 
 
 
 
 
 
 
 
 
 
 
 
 
 
 
 
 
 
 
 
 
 
 
 
 
 
 
 
 
 
 
 
 
 
 
 
 
 
 
 
 
 
 
 
 
 
 
 
 
 
 
 
 
 
 
 
 
 
 
 
 
 
 
 
 
 
 
 
 
 
 
 
 
 
 
 
 
 
 
 
 
 
 
 
 
 
 
 
 
 
 
 
 
 
 
 
 
 
 
 
 
 
 
 
 
 
 
 
 
 
 
 
 
 
 
 
 
 
 
 
 
 
 
 
 
 
 
 
 
 
 
 
 
 
 
 
 
 
 
 
 
 
 
 
 
 
 
 
 
 
 
 
 
 
 
 
 
 
 
 
 
 
 
 
 
 
 
 
 
 
 
 
 
 
 
 
 
 
 
 
 
 
 
 
 
 
 
 
 
 
 
 
 
 
 
 
 
 
 
 
 
 
 
 
 
 
 
 
 
 
 
 
 
 
 
 
 
 
 
 
 
 
 
 
 
 
 
 
 
 
 
 
 
 
 
 
 
 
 
 
 
 
 
 
 
 
 
 
 
 
 
 
 
 
 
 
 
 
 
 
 
 
 
 
 
 
 
 
 
 
 
 
 
 
 
 
 
 
 
 
 
 
 
 
 
 
 
 
 
 
 
 
 
 
 
 
 
 
 
 
 
 
 
 
 
 
 
 
 
 
 
 
 
 
 
 
 
 
 
 
 
 
 
 
 
 
 
 
 
 
 
 
 
 
 
 
 
 
 
 
 
 
 
 
 
 
 
 
 
 
 
 
 
 
 
 
 
 
 
 
 
 
 
 
 
 
 
 
 
 
 
 
 
 
 
 
 
 
 
 
 
 
 
 
 
 
 
 
 
 
 
 
 
 
 
 
 
 
 
 
 
 
 
 
 
 
 
 
 
 
 
 
 
 
 
 
 
 
 
 
 
 
 
 
 
 
 
 
 
 
 
 
 
 
 
 
 
 
 
 
 
 
 
 
 
 
 
 
 
 
 
 
 
 
 
 
 
 
 
 
 
 
 
 
 
 
 
 
 
 
 
 
 
 
 
 
 
 
 
 
 
 
 
 
 
 
 
 
 
 
 
 
 
 
 
 
 
 
 
 
 
 
 
 
 
 
 
 
 
 
 
 
 
 
 
 
 
 
 
 
 
 
 
 
 
 
 
 
 
 
 
 
 
 
 
 
 
 
 
 
 
 
 
 
 
 
 
 
 
 
 
 
 
 
 
 
 
 
 
 
 
 
 
 
 
 
 
 
 
 
 
 
 
 
 
 
 
 
 
 
 
 
 
 
 
 
 
 
 
 
 
 
 
 
 
 
 
 
 
 
 
 
 
 
 
 
 
 
 
 
 
 
 
 
 
 
 
 
 
 
 
 
 
 
 
 
 
 
 
 
 
 
 
 
 
 
 
 
 
 
 
 
 
 
 
 
 
 
 
 
 
 
 
 
 
 
 
 
 
 
 
 
 
 
 
 
 
 
 
 
 
 
 
 
 
 
 
 
 
 
 
 
 
 
 
 
 
 
 
 
 
 
 
 
 
 
 
 
 
 
 
 
 
 
 
 
 
 
 
 
 
 
 
 
 
 
 
 
 
 
 
 
 
 
 
 
 
 
 
 
 
 
 
 
 
 
 
 
 
 
 
 
 
 
 
 
 
 
 
 
 
 
 
 
 
 
 
 
 
 
 
 
 
 
 
 
 
 
 
 
 
 
 
 
 
 
 
 
 
 
 
 
 
 
 
 
 
 
 
 
 
 
 
 
 
 
 
 
 
 
 
 
 
 
 
 
 
 
 
 
 
 
 
 
 
 
 
 
 
 
 
 
 
 
 
 
 
 
 
 
 
 
 
 
 
 
 
 
 
 
 
 
 
 
 
 
 
 
 
 
 
 
 
 
 
 
 
 
 
 
 
 
 
 
 
 
 
 
 
 
 
 
 
 
 
 
 
 
 
 
 
 
 
 
 
 
 
 
 
 
 
 
 
 
 
 
 
 
 
 
 
 
 
 
 
 
 
 
 
 
 
 
 
 
 
 
 
 
 
 
 
 
 
 
 
 
 
 
 
 
 
 
 
 
 
 
 
 
 
 
 
 
 
 
 
 
 
 
 
 
 
 
 
 
 
 
 
 
 
 
 
 
 
 
 
 
 
 
 
 
 
 
 
 
 
 
 
 
 
 
 
 
 
 
 
 
 
 
 
 
 
 
 
 
 
 
 
 
 
 
 
 
 
 
 
 
 
 
 
 
 
 
 
 
 
 
 
 
 
 
 
 
 
 
 
 
 
 
 
 
 
 
 
 
 
 
 
 
 
 
 
 
 
 
 
 
 
 
 
 
 
 
 
 
 
 
 
 
 
 
 
 
 
 
 
 
 
 
 
 
 
 
 
 
 
 
 
 
 
 
 
 
 
 
 
 
 
 
 
 
 
 
 
 
 
 
 
 
 
 
 
 
 
 
 
 
 
 
 
 
 
 
 
 
 
 
 
 
 
 
 
 
 
 
 
 
 
 
 
 
 
 
 
 
 
 
 
 
 
 
 
 
 
 
 
 
 
 
 
 
 
 
 
 
 
 
 
 
 
 
 
 
 
 
 
 
 
 
 
 
 
 
 
 
 
 
 
 
 
 
 
 
 
 
 
 
 
 
 
 
 
 
 
 
 
 
 
 
 
 
 
 
 
 
 
 
 
 
 
 
 
 
 
 
 
 
 
 
 
 
 
 
 
 
 
 
 
 
 
 
 
 
 
 
 
 
 
 
 
 
 
 
 
 
 
 
 
 
 
 
 
 
 
 
 
 
 
 
 
 
 
 
 
 
 
 
 
 
 
 
 
 
 
 
 
 
 
 
 
 
 
 
 
 
 
 
 
 
 
 
 
 
 
 
 
 
 
 
 
 
 
 
 
 
 
 
 
 
 
 
 
 
 
 
 
 
 
 
 
 
 
 
 
 
 
 
 
 
 
 
 
 
 
 
 
 
 
 
 
 
 
 
 
 
 
 
 
 
 
 
 
 
 
 
 
 
 
 
 
 
 
 
 
 
 
 
 
 
 
 
 
 
 
 
 
 
 
 
 
 
 
 
 
 
 
 
 
 
 
 
 
 
 
 
 
 
 
 
 
 
 
 
 
 
 
 
 
 
 
 
 
 
 
 
 
 
 
 
 
 
 
 
 
 
 
 
 
 
 
 
 
 
 
 
 
 
 
 
 
 
 
 
 
 
 
 
 
 
 
 
 
 
 
 
 
 
 
 
 
 
 
 
 
 
 
 
 
 
 
 
 
 
 
 
 
 
 
 
 
 
 
 
 
 
 
 
 
 
 
 
 
 
 
 
 
 
 
 
 
 
 
 
 
 
 
 
 
 
 
 
 
 
 
 
 
 
 
 
 
 
 
 
 
 
 
 
 
 
 
 
 
 
 
 
 
 
 
 
 
 
 
 
 
 
 
 
 
 
 
 
 
 
 
 
 
 
 
 
 
 
 
 
 
 
 
 
 
 
 
 
 
 
 
 
 
 
 
 
 
 
 
 
 
 
 
 
 
 
 
 
 
 
 
 
 
 
 
 
 
 
 
 
 
 
 
 
 
 
 
 
 
 
 
 
 
 
 
 
 
 
 
 
 
 
 
 
 
 
 
 
 
 
 
 
 
 
 
 
 
 
 
 
 
 
 
 
 
 
 
 
 
 
 
 
 
 
 
 
 
 
 
 
 
 
 
 
 
 
 
 
 
 
 
 
 
 
 
 
 
 
 
 
 
 
 
 
 
 
 
 
 
 
 
 
 
 
 
 
 
 
 
 
 
 
 
 
 
 
 
 
 
 
 
 
 
 
 
 
 
 
 
 
 
 
 
 
 
 
 
 
 
 
 
 
 
 
 
 
 
 
 
 
 
 
 
 
 
 
 
 
 
 
 
 
 
 
 
 
 
 
 
 
 
 
 
 
 
 
 
 
 
 
 
 
 
 
 
 
 
 
 
 
 
 
 
 
 
 
 
 
 
 
 
 
 
 
 
 
 
 
 
 
 
 
 
 
 
 
 
 
 
 
 
 
 
 
 
 
 
 
 
 
 
 
 
 
 
 
 
 
 
 
 
 
 
 
 
 
 
 
 
 
 
 
 
 
 
 
 
 
 
 
 
 
 
 
 
 
 
 
 
 
 
 
 
 
 
 
 
 
 
 
 
 
 
 
 
 
 
 
 
 
 
 
 
 
 
 
 
 
 
 
 
 
 
 
 
 
 
 
 
 
 
 
 
 
 
 
 
 
 
 
 
 
 
 
 
 
 
 
 
 
 
 
 
 
 
 
 
 
 
 
 
 
 
 
 
 
 
 
 
 
 
 
 
 
 
 
 
 
 
 
 
 
 
 
 
 
 
 
 
 
 
 
 
 
 
 
 
 
 
 
 
 
 
 
 
 
 
 
 
 
 
 
 
 
 
 
 
 
 
 
 
 
 
 
 
 
 
 
 
 
 
 
 
 
 
 
 
 
 
 
 
 
 
 
 
 
 
 
 
 
 
 
 
 
 
 
 
 
 
 
 
 
 
 
 
 
 
 
 
 
 
 
 
 
 
 
 
 
 
 
 
 
 
 
 
 
 
 
 
 
 
 
 
 
 
 
 
 
 
 
 
 
 
 
 
 
 
 
 
 
 
 
 
 
 
 
 
 
 
 
 
 
 
 
 
 
 
 
 
 
 
 
 
 
 
 
 
 
 
 
 
 
 
 
 
 
 
 
 
 
 
 
 
 
 
 
 
 
 
 
 
 
 
 
 
 
 
 
 
 
 
 
 
 
 
 
 
 
 
 
 
 
 
 
 
 
 
 
 
 
 
 
 
 
 
 
 
 
 
 
 
 
 
 
 
 
 
 
 
 
 
 
 
 
 
 
 
 
 
 
 
 
 
 
 
 
 
 
 
 
 
 
 
 
 
 
 
 
 
 
 
 
 
 
 
 
 
 
 
 
 
 
 
 
 
 
 
 
 
 
 
 
 
 
 
 
 
 
 
 
 
 
 
 
 
 
 
 
 
 
 
 
 
 
 
 
 
 
 
 
 
 
 
 
 
 
 
 
 
 
 
 
 
 
 
 
 
 
 
 
 
 
 
 
 
 
 
 
 
 
 
 
 
 
 
 
 
 
 
 
 
 
 
 
 
 
 
 
 
 
 
 
 
 
 
 
 
 
 
 
 
 
 
 
 
 
 
 
 
 
 
 
 
 
 
 
 
 
 
 
 
 
 
 
 
 
 
 
 
 
 
 
 
 
 
 
 
 
 
 
 
 
 
 
 
 
 
 
 
 
 
 
 
 
 
 
 
 
 
 
 
 
 
 
 
 
 
 
 
 
 
 
 
 
 
 
 
 
 
 
 
 
 
 
 
 
 
 
 
 
 
 
 
 
 
 
 
 
 
 
 
 
 
 
 
 
 
 
 
 
 
 
 
 
 
 
 
 
 
 
 
 
 
 
 
 
 
 
 
 
 
 
 
 
 
 
 
 
 
 
 
 
 
 
 
 
 
 
 
 
 
 
 
 
 
 
 
 
 
 
 
 
 
 
 
 
 
 
 
 
 
 
 
 
 
 
 
 
 
 
 
 
 
 
 
 
 
 
 
 
 
 
 
 
 
 
 
 
 
 
 
 
 
 
 
 
 
 
 
 
 
 
 
 
 
 
 
 
 
 
 
 
 
 
 
 
 
 
 
 
 
 
 
 
 
 
 
 
 
 
 
 
 
 
 
 
 
 
 
 
 
 
 
 
 
 
 
 
 
 
 
 
 
 
 
 
 
 
 
 
 
 
 
 
 
 
 
 
 
 
 
 
 
 
 
 
 
 
 
 
 
 
 
 
 
 
 
 
 
 
 
 
 
 
 
 
 
 
 
 
 
 
 
 
 
 
 
 
 
 
 
 
 
 
 
 
 
 
 
 
 
 
 
 
 
 
 
 
 
 
 
 
 
 
 
 
 
 
 
 
 
 
 
 
 
 
 
 
 
 
 
 
 
 
 
 
 
 
 
 
 
 
 
 
 
 
 
 
 
 
 
 
 
 
 
 
 
 
 
 
 
 
 
 
 
 
 
 
 
 
 
 
 
 
 
 
 
 
 
 
 
 
 
 
 
 
 
 
 
 
 
 
 
 
 
 
 
 
 
 
 
 
 
 
 
 
 
 
 
 
 
 
 
 
 
 
 
 
 
 
 
 
 
 
 
 
 
 
 
 
 
 
 
 
 
 
 
 
 
 
 
 
 
 
 
 
 
 
 
 
 
 
 
 
 
 
 
 
 
 
 
 
 
 
 
 
 
 
 
 
 
 
 
 
 
 
 
 
 
 
 
 
 
 
 
 
 
 
 
 
 
 
 
 
 
 
 
 
 
 
 
 
 
 
 
 
 
 
 
 
 
 
 
 
 
 
 
 
 
 
 
 
 
 
 
 
 
 
 
 
 
 
 
 
 
 
 
 
 
 
 
 
 
 
 
 
 
 
 
 
 
 
 
 
 
 
 
 
 
 
 
 
 
 
 
 
 
 
 
 
 
 
 
 
 
 
 
 
 
 
 
 
 
 
 
 
 
 
 
 
 
 
 
 
 
 
 
 
 
 
 
 
 
 
 
 
 
 
 
 
 
 
 
 
 
 
 
 
 
 
 
 
 
 
 
 
 
 
 
 
 
 
 
 
 
 
 
 
 
 
 
 
 
 
 
 
 
 
 
 
 
 
 
 
 
 
 
 
 
 
 
 
 
 
 
 
 
 
 
 
 
 
 
 
 
 
 
 
 
 
 
 
 
 
 
 
 
 
 
 
 
 
 
 
 
 
 
 
 
 
 
 
 
 
 
 
 
 
 
 
 
 
 
 
 
 
 
 
 
 
 
 
 
 
 
 
 
 
 
 
 
 
 
 
 
 
 
 
 
 
 
 
 
 
 
 
 
 
 
 
 
 
 
 
 
 
 
 
 
 
 
 
 
 
 
 
 
 
 
 
 
 
 
 
 
 
 
 
 
 
 
 
 
 
 
 
 
 
 
 
 
 
 
 
 
 
 
 
 
 
 
 
 
 
 
 
 
 
 
 
 
 
 
 
 
 
 
 
 
 
 
 
 
 
 
 
 
 
 
 
 
 
 
 
 
 
 
 
 
 
 
 
 
 
 
 
 
 
 
 
 
 
 
 
 
 
 
 
 
 
 
 
 
 
 
 
 
 
 
 
 
 
 
 
 
 
 
 
 
 
 
 
 
 
 
 
 
 
 
 
 
 
 
 
 
 
 
 
 
 
 
 
 
 
 
 
 
 
 
 
 
 
 
 
 
 
 
 
 
 
 
 
 
 
 
 
 
 
 
 
 
 
 
 
 
 
 
 
 
 
 
 
 
 
 
 
 
 
 
 
 
 
 
 
 
 
 
 
 
 
 
 
 
 
 
 
 
 
 
 
 
 
 
 
 
 
 
 
 
 
 
 
 
 
 
 
 
 
 
 
 
 
 
 
 
 
 
 
 
 
 
 
 
 
 
 
 
 
 
 
 
 
 
 
 
 
 
 
 
 
 
 
 
 
 
 
 
 
 
 
 
 
 
 
 
 
 
 
 
 
 
 
 
 
 
 
 
 
 
 
 
 
 
 
 
 
 
 
 
 
 
 
 
 
 
 
 
 
 
 
 
 
 
 
 
 
 
 
 
 
 
 
 
 
 
 
 
 
 
 
 
 
 
 
 
 
 
 
 
 
 
 
 
 
 
 
 
 
 
 
 
 
 
 
 
 
 
 
 
 
 
 
 
 
 
 
 
 
 
 
 
 
 
 
 
 
 
 
 
 
 
 
 
 
 
 
 
 
 
 
 
 
 
 
 
 
 
 
 
 
 
 
 
 
 
 
 
 
 
 
 
 
 
 
 
 
 
 
 
 
 
 
 
 
 
 
 
 
 
 
 
 
 
 
 
 
 
 
 
 
 
 
 
 
 
 
 
 
 
 
 
 
 
 
 
 
 
 
 
 
 
 
 
 
 
 
 
 
 
 
 
 
 
 
 
 
 
 
 
 
 
 
 
 
 
 
 
 
 
 
 
 
 
 
 
 
 
 
 
 
 
 
 
 
 
 
 
 
 
 
 
 
 
 
 
 
 
 
 
 
 
 
 
 
 
 
 
 
 
 
 
 
 
 
 
 
 
 
 
 
 
 
 
 
 
 
 
 
 
 
 
 
 
 
 
 
 
 
 
 
 
 
 
 
 
 
 
 
 
 
 
 
 
 
 
 
 
 
 
 
 
 
 
 
 
 
 
 
 
 
 
 
 
 
 
 
 
 
 
 
 
 
 
 
 
 
 
 
 
 
 
 
 
 
 
 
 
 
 
 
 
 
 
 
 
 
 
 
 
 
 
 
 
 
 
 
 
 
 
 
 
 
 
 
 
 
 
 
 
 
 
 
 
 
 
 
 
 
 
 
 
 
 
 
 
 
 
 
 
 
 
 
 
 
 
 
 
 
 
 
 
 
 
 
 
 
 
 
 
 
 
 
 
 
 
 
 
 
 
 
 
 
 
 
 
 
 
 
 
 
 
 
 
 
 
 
 
 
 
 
 
 
 
 
 
 
 
 
 
 
 
 
 
 
 
 
 
 
 
 
 
 
 
 
 
 
 
 
 
 
 
 
 
 
 
 
 
 
 
 
 
 
 
 
 
 
 
 
 
 
 
 
 
 
 
 
 
 
 
 
 
 
 
 
 
 
 
 
 
 
 
 
 
 
 
 
 
 
 
 
 
 
 
 
 
 
 
 
 
 
 
 
 
 
 
 
 
 
 
 
 
 
 
 
 
 
 
 
 
 
 
 
 
 
 
 
 
 
 
 
 
 
 
 
 
 
 
 
 
 
 
 
 
 
 
 
 
 
 
 
 
 
 
 
 
 
 
 
 
 
 
 
 
 
 
 
 
 
 
 
 
 
 
 
 
 
 
 
 
 
 
 
 
 
 
 
 
 
 
 
 
 
 
 
 
 
 
 
 
 
 
 
 
 
 
 
 
 
 
 
 
 
 
