0.0 0.0
0.01 2.33449128e-07
0.02 2.33863653e-07
0.03 2.35564694e-07
0.04 2.38460494e-07
0.05 2.39816706e-07
0.06 2.32895749e-07
0.07 2.18605721e-07
0.08 2.08795181e-07
0.09 2.09152135e-07
0.1 2.0166679e-07
0.11 1.63460513e-07
0.12 1.15770525e-07
0.13 1.39537957e-07
0.14 1.89690803e-07
0.15 1.66817285e-07
0.16 9.8939297e-08
0.17 8.2321072e-08
0.18 2.0937839e-07
0.19 4.49408689e-07
0.2 4.60800618e-07
0.21 2.9018191e-08
0.22 -1.053278226e-06
0.23 -2.724347995e-06
0.24 -4.068759572e-06
0.25 -5.015067587e-06
0.26 -6.652002255e-06
0.27 -8.889326423e-06
0.28 -9.738958368e-06
0.29 -8.114503653e-06
0.3 -5.933753081e-06
0.31 -5.853323104e-06
0.32 -6.192099998e-06
0.33 -2.811409997e-06
0.34 5.959062719e-06
0.35 1.586435081e-05
0.36 1.8533730181e-05
0.37 8.85699651e-06
0.38 -9.295582632e-06
0.39 -2.515733243e-05
0.4 -2.6967885364e-05
0.41 -1.660079021e-05
0.42 -7.050806241e-06
0.43 -1.055325144e-06
0.44 7.568968352e-06
0.45 7.788543185e-06
0.46 -1.2820153108e-05
0.47 -4.2179057794e-05
0.48 -5.6351807803e-05
0.49 -4.7015276133e-05
0.5 -3.7157347771e-05
0.51 -5.8401926508e-05
0.52 -0.000109823849518
0.53 -0.000153773605387
0.54 -0.000138013800385
0.55 -5.103099247e-05
0.56 5.3610826846e-05
0.57 0.000101612927309
0.58 8.6167846707e-05
0.59 8.8619043842e-05
0.6 0.000124000899036
0.61 0.000106633360695
0.62 -5.684230118e-06
0.63 -0.000161889130213
0.64 -0.000266300069305
0.65 -0.000233231855563
0.66 -0.000112536307103
0.67 -6.0487455443e-05
0.68 -9.8270765653e-05
0.69 -0.000125662271178
0.7 -8.985103753e-05
0.71 -4.4170511118e-05
0.72 -4.4306796216e-05
0.73 -8.1403037008e-05
0.74 -6.9802870396e-05
0.75 1.1729531164e-05
0.76 3.6593444095e-05
0.77 -5.5871858181e-05
0.78 -0.000195367433789
0.79 -0.000240382844979
0.8 -0.000116802001023
0.81 5.1176837939e-05
0.82 8.6411145411e-05
0.83 1.6896098906e-05
0.84 1.5424264688e-05
0.85 0.000107982128214
0.86 4.136963044e-06
0.87 -0.000249481469135
0.88 -0.000304321232539
0.89 -0.000278211248269
0.9 -0.000341954185982
0.91 -0.000457996806524
0.92 -0.000535344883675
0.93 -0.000551865821985
0.94 -0.000475152511877
0.95 -0.000257900794326
0.96 1.2698924048e-05
0.97 0.000220028469558
0.98 0.000313296687307
0.99 0.000427734899832
1.0 0.000359036586782
1.01 3.8431790072e-05
1.02 -0.000170270117262
1.03 -0.000116306490426
1.04 -2.702259543e-05
1.05 9.406619829e-05
1.06 0.000212310227483
1.07 -3.2392338593e-05
1.08 -0.000539141853279
1.09 -0.00064442454038
1.1 -0.000413988306153
1.11 -0.000337302233777
1.12 -0.000337402702272
1.13 -0.000250186923433
1.14 -0.000100340294804
1.15 7.2329156782e-05
1.16 0.00017098500415
1.17 0.000199186670504
1.18 5.984110757e-05
1.19 -0.000257752441261
1.2 -0.000316749447574
1.21 0.000172960618464
1.22 0.000527987166298
1.23 0.000281712035541
1.24 -0.000107043644217
1.25 -2.9597177864e-05
1.26 0.000402330410878
1.27 0.00060728252247
1.28 0.000600901432082
1.29 0.000685454883192
1.3 0.000700223594192
1.31 0.000305168924201
1.32 -0.000133540414774
1.33 -0.000323451665226
1.34 -0.000408480712682
1.35 -0.000559243449816
1.36 -0.000390368166187
1.37 -0.000225641182748
1.38 -0.000481559955703
1.39 -0.000770151424952
1.4 -0.000909532463392
1.41 -0.000918411587189
1.42 -0.00106852748061
1.43 -0.001468404602607
1.44 -0.001383896895071
1.45 -0.000437781553622
1.46 0.001048082755332
1.47 0.001344731091437
1.48 0.000800291164301
1.49 0.000506151270177
1.5 0.000515099960514
1.51 0.000503855387525
1.52 0.000536846156159
1.53 2.481079304e-05
1.54 -0.000511836005377
1.55 -0.00068933537054
1.56 -0.000542471930829
1.57 -0.00051024729313
1.58 -0.000772117874175
1.59 -0.000743011084093
1.6 -0.000184154936866
1.61 0.000204049195236
1.62 2.4144494371e-05
1.63 -0.000134551282855
1.64 0.000351895032051
1.65 0.000839722981225
1.66 0.000948875082042
1.67 0.000550968463516
1.68 -0.000315163915814
1.69 -0.001071382513375
1.7 -0.000843404900826
1.71 0.000322360349083
1.72 0.000397329949726
1.73 -0.00090279482525
1.74 -0.001701660286361
1.75 -0.000803414048157
1.76 0.0009150758788
1.77 0.001342862969659
1.78 0.000901253613332
1.79 0.000248538759319
1.8 -0.00058212929302
1.81 -0.001284333000856
1.82 -0.001614680760933
1.83 -0.001970323916509
1.84 -0.001925060985663
1.85 -0.001404372465725
1.86 -0.000875545582015
1.87 -0.000228026646739
1.88 0.000638798548885
1.89 0.001451512180334
1.9 0.001865794649042
1.91 0.001846764891778
1.92 0.001288611614589
1.93 0.000183452352544
1.94 -0.000170574976451
1.95 0.000337672143828
1.96 0.000837215486927
1.97 0.00091279856171
1.98 0.000646919402467
1.99 0.000491710166378
2.0 0.000848337360793
2.01 0.001535837669637
2.02 0.001329170565951
2.03 9.4139417296e-05
2.04 -0.001147795054262
2.05 -0.001463208874532
2.06 -0.001105254701634
2.07 -0.000966425513835
2.08 -0.001243634316442
2.09 -0.001204793428489
2.1 -2.4098258226e-05
2.11 0.000538752513653
2.12 0.000658440708876
2.13 0.000300579739828
2.14 -0.000862889292637
2.15 -0.001646361491115
2.16 -0.000973797699893
2.17 -0.001099299812612
2.18 -0.0015719819
2.19 -0.000760017835576
2.2 0.000904898905466
2.21 0.002498757762759
2.22 0.002230851261485
2.23 0.00152043979355
2.24 0.000681807901863
2.25 -0.000201263682356
2.26 -0.000384911813486
2.27 -0.000224121457756
2.28 -0.000801071243896
2.29 -0.000935520726876
2.3 -0.000148900990224
2.31 0.000983370053141
2.32 0.000960650403997
2.33 0.000597036376089
2.34 0.000175744525818
2.35 -3.5072553518e-05
2.36 -0.000155114875732
2.37 -0.000544176380536
2.38 -0.001025392683487
2.39 -0.000641552344183
2.4 0.000388066014501
2.41 0.000864466256513
2.42 0.001079085023054
2.43 0.001169380918949
2.44 0.001075859246592
2.45 0.001077661932647
2.46 0.001109642089174
2.47 -0.00025234140357
2.48 -0.002705820391513
2.49 -0.004315536535972
2.5 -0.004223125865163
2.51 -0.003471180109321
2.52 -0.002265698034113
2.53 -0.000785331073643
2.54 0.000804114406722
2.55 0.001727484678048
2.56 0.001652046475913
2.57 0.001880091076861
2.58 0.001953719691816
2.59 0.001135128143974
2.6 0.00059143280051
2.61 0.000267909348209
2.62 9.914853781e-05
2.63 -0.00017239156063
2.64 -4.128936234e-05
2.65 0.000952122486761
2.66 0.001570859440114
2.67 0.002301098111254
2.68 0.003030542607824
2.69 0.003168122688395
2.7 0.002827905662694
2.71 0.001800558970547
2.72 0.000127268372157
2.73 -0.00189410238274
2.74 -0.003759298366664
2.75 -0.005021363034042
2.76 -0.005555592583778
2.77 -0.00617914243456
2.78 -0.005672780673798
2.79 -0.004267586161197
2.8 -0.002872117871165
2.81 -0.002077587944191
2.82 -0.001667076353204
2.83 -0.000630044397942
2.84 0.00259604608127
2.85 0.006367872314635
2.86 0.005182959981886
2.87 0.005882564332706
2.88 0.005482096651684
2.89 0.004682959344331
2.9 0.004700203490358
2.91 0.004435802497037
2.92 0.003573810550629
2.93 -0.000610492784998
2.94 -0.005065508412899
2.95 -0.005365802566115
2.96 -0.004624229487531
2.97 -0.004950942793958
2.98 -0.004055255469849
2.99 -0.002734316167577
3.0 -0.002240595078461
3.01 0.000739207301709
3.02 -0.000685706505969
3.03 -0.003612679473449
3.04 -0.004342711357114
3.05 -0.005765756164555
3.06 -0.006269004293478
3.07 -0.006257720809331
3.08 -0.00632267388886
3.09 -0.004841330707792
3.1 -0.003467534194446
3.11 -0.002906994789039
3.12 -0.00306267487985
3.13 -0.002562652023839
3.14 -0.002359484876647
3.15 -0.002498361391122
3.16 -0.001805890783004
3.17 0.000453169951468
3.18 0.010572903022343
3.19 0.008254293907677
3.2 0.007508844046605
3.21 0.00973220367264
3.22 0.002090271437228
3.23 0.00280119007702
3.24 -0.000314674211913
3.25 -0.010065157693021
3.26 -0.008824450121455
3.27 -0.004592848182343
3.28 -0.00171003512103
3.29 -0.00145998829367
3.3 -0.000337758294963
3.31 -0.005191313528821
3.32 -0.006863809283257
3.33 -0.007223676066875
3.34 -0.007514100364342
3.35 -0.007460519229421
3.36 -0.008662006833044
3.37 -0.006668215377947
3.38 -0.005724251663659
3.39 -0.00587215303836
3.4 -0.006111287072046
3.41 -0.004016967636647
3.42 -0.001737885963875
3.43 0.002691110576862
3.44 0.007236796062643
3.45 0.008129858796981
3.46 0.008483829175123
3.47 0.008262376323208
3.48 0.00806635902632
3.49 0.005943738022837
3.5 0.005634505630917
3.51 0.006028197476715
3.52 0.004411888727498
3.53 0.001120748977909
3.54 -0.00538092496298
3.55 -0.004184309643877
3.56 -0.000851445742344
3.57 0.000436050267987
3.58 0.000318268269175
3.59 0.0002775843128
3.6 -0.000805851814073
3.61 -0.007920239244316
3.62 -0.013512931421455
3.63 -0.010996600401014
3.64 -0.012989738010164
3.65 -0.011347165781882
3.66 -0.011268687680895
3.67 -0.009216738007735
3.68 -0.00420750536995
3.69 0.006915033891223
3.7 0.011100184612752
3.71 0.012940912398397
3.72 0.011902904462856
3.73 0.01137876505805
3.74 0.012643419434449
3.75 0.013780520477495
3.76 0.011387279589992
3.77 0.010738609933097
3.78 0.011562598959523
3.79 0.00822468082914
3.8 0.007193849402465
3.81 0.008454081125425
3.82 0.005164117650509
3.83 -0.006581141004716
3.84 -0.005318626307377
3.85 0.000101788137072
3.86 0.001755722352844
3.87 0.007248697366735
3.88 0.006273447552237
3.89 0.003331658165222
3.9 0.002338993638851
3.91 0.001533758837972
3.92 0.001090909425427
3.93 0.000648622810352
3.94 -0.003332859789279
3.95 -0.019838631259231
3.96 -0.008676868676651
3.97 -0.010095706745697
3.98 -0.01048769602786
3.99 -0.009200986648052
4.0 -0.001476429173564
4.01 0.016452265903631
4.02 0.016953410794155
4.03 0.018802274421618
4.04 0.013915856329304
4.05 0.008533870766439
4.06 0.01091287661792
4.07 0.009701743531753
4.08 0.011101442994705
4.09 0.008923857334637
4.1 0.009188050714252
4.11 0.005809851381159
4.12 -0.006903935600642
4.13 -0.011542117280911
4.14 -0.006015185692952
4.15 0.000679013406782
4.16 -0.000596794636723
4.17 0.009291620167216
4.18 0.01803530750812
4.19 0.009011512562156
4.2 0.010676530825779
4.21 0.011963059318183
4.22 -0.001419723842711
4.23 -0.010002180996649
4.24 -0.009719648815093
4.25 -0.009775184838999
4.26 -0.009404777148134
4.27 -0.008057317676522
4.28 -0.008178106871427
4.29 -0.008733503849316
4.3 -0.006575180968182
4.31 0.007505317546878
4.32 0.027408275976472
4.33 0.018202447959963
4.34 0.016514505426604
4.35 0.018090109917872
4.36 0.019944937005391
4.37 0.014025121056571
4.38 0.009552171883655
4.39 0.004487919378892
4.4 -0.016791425170468
4.41 -0.014174013572247
4.42 -0.009327522551339
4.43 -0.012710008742697
4.44 -0.012397989046705
4.45 -0.009433643110506
4.46 -0.006428939289214
4.47 -0.000108194501238
4.48 0.023226294507333
4.49 0.017493912372033
4.5 0.012903962788582
4.51 0.016486884007283
4.52 0.016031964530114
4.53 0.01189215242375
4.54 0.01009458828438
4.55 0.007663331127019
4.56 0.003916598139851
4.57 0.003834465964826
4.58 -0.014265643133256
4.59 -0.005865144726328
4.6 -0.014941618889823
4.61 -0.00814808650787
4.62 -0.002766316363869
4.63 -0.007871891684892
4.64 -0.003215744621357
4.65 -0.004916111142562
4.66 0.011412866496137
4.67 0.029773582302451
4.68 0.014144875650465
4.69 0.015802133994029
4.7 0.012358709934605
4.71 0.013326570837981
4.72 0.01090726400884
4.73 0.001859358893404
4.74 0.001997924407035
4.75 0.002906131092292
4.76 0.003633858701319
4.77 0.004337178368197
4.78 0.004985084800072
4.79 0.005221217422695
4.8 -0.009125200306373
4.81 -0.013074474972087
4.82 -0.000151091673617
4.83 -0.0056262125774
4.84 -0.00689720073121
4.85 -0.003691981309245
4.86 -0.00591163465996
4.87 -0.008321353422618
4.88 -0.008958464539586
4.89 -0.010884125000854
4.9 -0.013046383375474
4.91 -0.013245574388303
4.92 -0.008826637908741
4.93 0.030105353343557
4.94 0.021350889207905
4.95 0.013162838703597
4.96 0.019685218478758
4.97 0.027270266921927
4.98 0.028450159103089
4.99 0.027196522607881
5.0 0.028013503713474
5.01 0.030522717304588
5.02 0.030517376421629
5.03 0.024722963287682
5.04 0.016854693367397
5.05 0.012914727983318
5.06 0.012675014759929
5.07 0.011616788539943
5.08 0.010596293494628
5.09 0.011727111564244
5.1 0.013373992764074
5.11 0.012700529453725
5.12 0.010639116311179
5.13 0.008511122120415
5.14 0.007049198041601
5.15 0.007175778867386
5.16 0.007941427016942
5.17 0.008261877529706
5.18 0.007934236914321
5.19 0.00615579974301
5.2 0.004171873271296
5.21 0.00289081903796
5.22 0.001782343462784
5.23 0.000862545576404
5.24 0.00035300948189
5.25 0.000180549277095
5.26 0.000184980813439
5.27 0.00031710233415
5.28 0.000493037577798
5.29 0.000181045345322
5.3 -0.001241794731121
5.31 -0.018297231354399
5.32 -0.014135564128187
5.33 -0.009861159081808
5.34 -0.021355090939533
5.35 -0.005328763298729
5.36 -0.008208731711131
5.37 -0.010572402834065
5.38 -0.004528168705832
5.39 -0.007702603987466
5.4 -0.01073631854025
5.41 -0.008276597085881
5.42 -0.007274991077945
5.43 -0.008981544690795
5.44 -0.009311696310536
5.45 -0.007632709871518
5.46 -0.006414380752863
5.47 -0.005918469851538
5.48 -0.005427336947246
5.49 -0.004863577508346
5.5 -0.004821902882286
5.51 -0.005695189330216
5.52 -0.00688959323862
5.53 -0.007880724650444
5.54 -0.008274936863272
5.55 -0.008308184310696
5.56 -0.008022115621743
5.57 -0.007434065374228
5.58 -0.006035982116043
5.59 -0.002499879456075
5.6 0.011721831504274
5.61 0.027293517970329
5.62 0.007865732904069
5.63 0.022195729378447
5.64 0.010024855196484
5.65 0.013564900948243
5.66 0.010645475414463
5.67 -0.009030732804961
5.68 0.002781834310121
5.69 -0.000460467927267
5.7 -0.003844830762202
5.71 -0.005697217659912
5.72 -0.006323851464017
5.73 -0.008032788365773
5.74 -0.009881074017501
5.75 -0.01074583161201
5.76 -0.01056716637025
5.77 -0.010029596759059
5.78 -0.010363643511137
5.79 -0.011365081651103
5.8 -0.013253835417575
5.81 -0.015794534808778
5.82 -0.018358846032958
5.83 -0.019854361066022
5.84 -0.020056190565416
5.85 -0.01963562892073
5.86 -0.019368966607208
5.87 -0.019857007888893
5.88 -0.021095091949644
5.89 -0.022574731782058
5.9 -0.024523660663687
5.91 -0.02547881305426
5.92 -0.026810830102888
5.93 -0.028412457305845
5.94 -0.029483825240065
5.95 -0.029076214286753
5.96 -0.026006233842413
5.97 -0.021381032331021
5.98 -0.016568812588543
5.99 -0.014914667180057
6.0 -0.011803544657698
6.01 -0.011849242625049
6.02 -0.013694434562587
6.03 -0.015897399146464
6.04 -0.016807728391604
6.05 -0.015559289284401
6.06 -0.016083151021254
6.07 -0.016179727247381
6.08 -0.015653724857137
6.09 -0.014135306908267
6.1 -0.012418504858174
6.11 -0.010252762107234
6.12 -0.007969027496504
6.13 -0.006058249187986
6.14 -0.00468592576997
6.15 -0.00413327966042
6.16 -0.004197667786798
6.17 -0.00473699684889
6.18 -0.005969266068113
6.19 -0.006827585899148
6.2 -0.007897872313194
6.21 -0.008899622999711
6.22 -0.009851454851766
6.23 -0.0105830754237
6.24 -0.011480089579251
6.25 -0.012043063049529
6.26 -0.012219332495451
6.27 -0.01231959860532
6.28 -0.012203293159817
6.29 -0.011929893498384
6.3 -0.011441503503124
6.31 -0.006356811873407
6.32 -0.000764704238112
6.33 -0.005630987803795
6.34 -0.005765392214658
6.35 0.000697019676391
6.36 0.000793132810714
6.37 0.00455159792971
6.38 0.015489057597001
6.39 0.015918931982703
6.4 0.015646279827486
6.41 0.011211923898091
6.42 0.00765913557058
6.43 0.00945394229169
6.44 0.008823499326673
6.45 0.005815842552634
6.46 0.003664141744797
6.47 0.003002501850654
6.48 0.001852365066183
6.49 0.000713226346687
6.5 0.000382038399599
6.51 0.000330251101009
6.52 0.000310914925369
6.53 7.775860468e-05
6.54 -3.9562073885e-05
6.55 3.0421631936e-05
6.56 0.000110428447794
6.57 0.000164219748052
6.58 0.000255257865005
6.59 0.000401955565797
6.6 0.000658078188193
6.61 0.001009828127128
6.62 0.001220626873832
6.63 0.001066115472892
6.64 0.000267068113728
6.65 -0.000153874257179
6.66 -0.000575540471461
6.67 -0.000815914060994
6.68 -0.000745532938188
6.69 -0.000345832464763
6.7 0.000253052731115
6.71 0.000787988640706
6.72 0.001189018440468
6.73 0.00162671164888
6.74 0.001233538802386
6.75 0.001000737782555
6.76 0.001033390126422
6.77 0.001732788299187
6.78 0.002939845668932
6.79 0.004701788504931
6.8 0.006768334091769
6.81 0.00861281149082
6.82 0.010075643220812
6.83 0.011113492146298
6.84 0.01087383995481
6.85 0.010511310721609
6.86 0.010507178416886
6.87 0.010982382874807
6.88 0.012269577297056
6.89 0.013430978634161
6.9 0.01469614568079
6.91 0.016306849712083
6.92 0.017004502563696
6.93 0.017399661616142
6.94 0.01699353008468
6.95 0.016223136904597
6.96 0.0154768699713
6.97 0.015297111950949
6.98 0.01534633309568
6.99 0.015952600475793
7.0 0.016731101507171
7.01 0.017655268949315
7.02 0.018575824002341
7.03 0.019595499251477
7.04 0.020470461967372
7.05 0.021051551255161
7.06 0.021012998584145
7.07 0.020131339257862
7.08 0.018208815478386
7.09 0.010476058526746
7.1 0.008704383068843
7.11 0.013596559401283
7.12 0.008653308343871
7.13 0.004033905880878
7.14 0.004236391061203
7.15 0.00247134727648
7.16 0.002353087098321
7.17 0.003619127292787
7.18 0.005747939331537
7.19 0.007628287993375
7.2 0.009107970376869
7.21 0.010607160820063
7.22 0.015160855496903
7.23 0.010005274038305
7.24 0.006673799041961
7.25 0.004879676175717
7.26 0.013376714414527
7.27 0.003256805664871
7.28 0.005648251316256
7.29 0.004243933989671
7.3 0.004064775676556
7.31 0.004293796625365
7.32 0.004140043554241
7.33 0.004812883146509
7.34 0.005628088193948
7.35 0.006520904369786
7.36 0.00786629283326
7.37 0.009412638960687
7.38 0.010840468399008
7.39 0.011576217828608
7.4 0.011338258405691
7.41 0.010350154206752
7.42 0.008161151692423
7.43 0.004506799422997
7.44 -0.001838025962487
7.45 -0.024484407319685
7.46 -0.010071784630859
7.47 -0.000526418137564
7.48 -0.019151615734039
7.49 -0.011096517232142
7.5 -0.015052035489451
7.51 -0.017429443731822
7.52 -0.009812728720528
7.53 -0.011385979398681
7.54 -0.010476302242349
7.55 -0.008315490908836
7.56 -0.012960323757024
7.57 -0.016244924884676
7.58 -0.010469379968753
7.59 -0.005557888338772
7.6 -0.001151390814017
7.61 -0.001528185023993
7.62 -0.004057475962289
7.63 -0.005432029547283
7.64 -0.005571007633837
7.65 -0.005172477897603
7.66 -0.005281557060024
7.67 -0.005922174875463
7.68 -0.006302677428074
7.69 -0.005996938253817
7.7 -0.005071216928963
7.71 -0.004087870110167
7.72 -0.003057398714917
7.73 -0.001612975009837
7.74 4.8005966351e-05
7.75 0.000812489190269
7.76 0.000936833682635
7.77 0.001617962076212
7.78 0.002765986392254
7.79 0.003710940816928
7.8 0.00673539129915
7.81 0.011143512196403
7.82 0.016680837926109
7.83 0.022269627790655
7.84 0.022773731346221
7.85 0.021224278860699
7.86 0.024160645972592
7.87 0.024623176587831
7.88 0.021598768317701
7.89 0.017568191568833
7.9 0.013427160004257
7.91 0.011309552360572
7.92 0.00094885011599
7.93 -0.004800151334261
7.94 -0.005359271537798
7.95 -0.008872926093315
7.96 -0.018289428073492
7.97 -0.02522624893695
7.98 -0.018158763445579
7.99 -0.020644288922719
8.0 -0.021812061755053
8.01 -0.021532273785472
8.02 -0.026282106359107
8.03 -0.027645025740968
8.04 -0.027808465446031
8.05 -0.024674365733744
8.06 -0.027393277908563
8.07 -0.027712474858565
8.08 -0.023037744320828
8.09 -0.024292477917304
8.1 -0.0265319656144
8.11 -0.024707754475326
8.12 -0.024105044173878
8.13 -0.022711690984734
8.14 -0.018570253980109
8.15 -0.01461931695632
8.16 -0.012582821045564
8.17 -0.013069090816453
8.18 -0.014933687960519
8.19 -0.016187667375059
8.2 -0.017488285842663
8.21 -0.016877074149473
8.22 -0.014445748042385
8.23 -0.015740310249522
8.24 -0.014750245698273
8.25 -0.011316264754394
8.26 -0.006875445199636
8.27 -0.002905043502916
8.28 -0.000684313453146
8.29 8.767219642e-06
8.3 -0.000363009374732
8.31 -0.001240009111665
8.32 -0.001894455718838
8.33 -0.001819089880286
8.34 -0.001427235440539
8.35 -0.001170102278294
8.36 -0.00305269356882
8.37 -0.004488009142458
8.38 -0.007476111116894
8.39 -0.006902473557566
8.4 -0.008472719304345
8.41 -0.008555184110619
8.42 -0.007810614507731
8.43 -0.007289216560677
8.44 -0.007243187141997
8.45 -0.00762802344294
8.46 -0.00889468315392
8.47 -0.010774741975084
8.48 -0.012687158817186
8.49 -0.013619842017443
8.5 -0.013120561351218
8.51 -0.01039576586485
8.52 -0.003995866783449
8.53 0.019364256129782
8.54 0.023649524075718
8.55 -0.000222203465094
8.56 0.012500425602599
8.57 0.010446881914876
8.58 -0.000783757931534
8.59 0.00456209597527
8.6 0.009505338913222
8.61 0.003790188451508
8.62 0.000347302812386
8.63 0.00497376896323
8.64 0.016606207354733
8.65 0.009239588325784
8.66 0.005074286413969
8.67 0.00924511622386
8.68 0.008034369424165
8.69 0.003531404388063
8.7 0.000953236352388
8.71 0.002946936673188
8.72 0.006191565338031
8.73 0.008463212291998
8.74 0.008357641370345
8.75 0.005681865962237
8.76 0.00212002347877
8.77 0.00011198927228
8.78 0.000142567793378
8.79 0.001303726332545
8.8 0.001948594041397
8.81 0.001437217564971
8.82 0.000169805091741
8.83 -0.001470947749187
8.84 -0.003573289642653
8.85 -0.005940985562837
8.86 -0.008402975570975
8.87 -0.012224704292524
8.88 -0.016796562117876
8.89 -0.026006405798971
8.9 -0.034102245111395
8.91 -0.01391390624916
8.92 -0.020077674095214
8.93 -0.021301444099283
8.94 -0.017495115685276
8.95 -0.021372810483432
8.96 -0.017526495842334
8.97 -0.024070305367409
8.98 -0.024478933535613
8.99 -0.01960036066942
9.0 -0.024774803623173
9.01 -0.018213024554116
9.02 -0.020385997046519
9.03 -0.020160323568528
9.04 -0.009324964052813
9.05 -0.007890717777531
9.06 -0.001369874948849
9.07 -0.000245934798804
9.08 -0.002481221983804
9.09 -0.00189866512513
9.1 -0.000306452960681
9.11 5.5200824507e-05
9.12 0.001110185982589
9.13 0.014769828597382
9.14 0.023664925102328
9.15 0.009990745046187
9.16 0.009421009357528
9.17 0.012577451168738
9.18 0.013611417643291
9.19 0.012165092851604
9.2 0.012187539612373
9.21 0.013092989293913
9.22 0.015965766634251
9.23 0.015372013123794
9.24 0.013468202245409
9.25 0.023102332816146
9.26 0.01648297768132
9.27 0.015508807271217
9.28 0.02099138111128
9.29 0.016666422874587
9.3 0.014681338007787
9.31 0.010601042975478
9.32 0.015026473785324
9.33 0.007037688457676
9.34 0.00020812559141
9.35 -0.001704261088856
9.36 -0.004669882485963
9.37 -0.007346256131227
9.38 -0.006307989874278
9.39 -0.004390014190618
9.4 -0.004297659885426
9.41 -0.004838902106362
9.42 -0.004381257922349
9.43 -0.003407332474201
9.44 -0.004045699621072
9.45 -0.007377606553922
9.46 -0.00716242822447
9.47 -0.00824911840136
9.48 -0.012180226380113
9.49 -0.015098065670771
9.5 -0.018977841313032
9.51 -0.03303964399125
9.52 -0.019518108802703
9.53 -0.021959593149734
9.54 -0.02596211856898
9.55 -0.022314100060962
9.56 -0.022653659050686
9.57 -0.020850619619342
9.58 -0.02170756376376
9.59 -0.024326040733486
9.6 -0.019060201243001
9.61 -0.016898929038208
9.62 -0.01897604710172
9.63 -0.014325975371885
9.64 -0.011730655180635
9.65 -0.010038924479988
9.66 -0.009035592254005
9.67 -0.009500201328702
9.68 -0.0104726313952
9.69 -0.011276362064041
9.7 -0.012641476340623
9.71 -0.012558263855316
9.72 -0.010289423612723
9.73 -0.007780090584709
9.74 -0.006440510230075
9.75 -0.005073043165612
9.76 -0.003596654243944
9.77 -0.003299746473813
9.78 -0.003963662990662
9.79 -0.004843204824055
9.8 -0.005468927062709
9.81 -0.00546905060534
9.82 -0.004656713197112
9.83 -0.003300583421893
9.84 -0.001881054712194
9.85 -0.000813608375978
9.86 7.385943726e-05
9.87 0.001720526438279
9.88 0.009505454061776
9.89 0.033074364802963
9.9 0.01184606484739
9.91 0.010287184762399
9.92 0.022314415022024
9.93 0.01559387986387
9.94 0.018200264643808
9.95 0.018306336431272
9.96 0.020417686656811
9.97 0.02163910206262
9.98 0.017763528924783
9.99 0.023538149416723
10.0 0.029468402658292
10.01 0.020665390534415
10.02 0.013481799285899
10.03 0.014855182093046
10.04 0.014333610501184
10.05 0.011080425346071
10.06 0.007649100131422
10.07 0.007159515755005
10.08 0.007636681730452
10.09 0.007010816068328
10.1 0.00596084197894
10.11 0.006131114012163
10.12 0.007150869876114
10.13 0.008267379922199
10.14 0.008998891441545
10.15 0.009242958042732
10.16 0.009346186634338
10.17 0.006496649506794
10.18 0.004821185061199
10.19 0.006240024798836
10.2 0.008822104979085
10.21 0.010006889581572
10.22 0.010965787628587
10.23 0.011072711473302
10.24 0.007178427961608
10.25 -0.007640912796488
10.26 -0.018507863901847
10.27 -0.012180640378302
10.28 -0.01586023430315
10.29 -0.020974478553168
10.3 -0.014620964975455
10.31 -0.020348707093184
10.32 -0.018019944161502
10.33 -0.013308322393909
10.34 -0.015721209138931
10.35 -0.013635737066582
10.36 -0.009490677369318
10.37 -0.007180886804141
10.38 -0.008167103770301
10.39 -0.006790849866995
10.4 0.007859620886335
10.41 0.011918819175869
10.42 0.007209424235218
10.43 0.009008827785072
10.44 0.009891380932204
10.45 0.010952512158228
10.46 0.01324376242553
10.47 0.01587564288901
10.48 0.014427500299482
10.49 0.013412870970449
10.5 0.018132077759817
10.51 0.019092813724954
10.52 0.01642828297103
10.53 0.02058255137852
10.54 0.018467192057438
10.55 0.01976286524486
10.56 0.019266535072215
10.57 0.018413029569158
10.58 0.021145682545164
10.59 0.021117540049616
10.6 0.016446210397784
10.61 0.017699232156936
10.62 0.013876718528648
10.63 0.008441071678143
10.64 0.003547647723409
10.65 0.000250868410245
10.66 -0.000229194700817
10.67 0.001116174872704
10.68 0.003781558878696
10.69 0.006673080443139
10.7 0.007823278892434
10.71 0.008067469223841
10.72 0.006984615693473
10.73 0.00523801999614
10.74 0.003454070231475
10.75 0.001642408415161
10.76 0.00043584052574
10.77 0.000585090571781
10.78 0.000550908299903
10.79 0.00032800311609
10.8 -0.001347199254068
10.81 -0.017213868101367
10.82 -0.028192546661293
10.83 -0.015062086674367
10.84 -0.024871797577766
10.85 -0.026148264670532
10.86 -0.011207257041583
10.87 -0.012349164546572
10.88 -0.01953789195604
10.89 -0.01840278404706
10.9 -0.01435436243249
10.91 -0.01386279291725
10.92 -0.014809518549106
10.93 -0.012760496203548
10.94 -0.009906439939239
10.95 -0.008443097161993
10.96 -0.008755973676031
10.97 -0.009115105073547
10.98 -0.008640854092606
10.99 -0.007201665513686
11.0 -0.005706900315445
11.01 -0.004883090791169
11.02 -0.003921930748101
11.03 -0.003135452970731
11.04 -0.002764689245786
11.05 -0.001670824363604
11.06 -0.000614002924519
11.07 -0.000370181360355
11.08 0.000252322746431
11.09 0.001241051514316
11.1 0.001467646240579
11.11 0.001382246270159
11.12 0.001713600048184
11.13 0.002088584190454
11.14 0.002417971918359
11.15 0.002796079804008
11.16 0.00295628959066
11.17 0.002716150090442
11.18 0.002413277871012
11.19 0.002196796542581
11.2 0.002699257793359
11.21 0.00333626998493
11.22 0.005016878597044
11.23 0.007227929806281
11.24 0.008624021831421
11.25 0.009724496573493
11.26 0.009963068995918
11.27 0.009661321254715
11.28 0.009454683512516
11.29 0.008863641800559
11.3 0.005031817097052
11.31 0.020977696392258
11.32 0.023429719945956
11.33 0.017537110334909
11.34 0.014625777233478
11.35 0.011325479196763
11.36 0.010899389968104
11.37 0.013345599058192
11.38 0.015277339249413
11.39 0.015416208320712
11.4 0.015174083443136
11.41 0.015757444615458
11.42 0.016410433220005
11.43 0.016594627106796
11.44 0.016311149232846
11.45 0.016184029796417
11.46 0.016227620583165
11.47 0.016090949394904
11.48 0.015994864181109
11.49 0.015804119963098
11.5 0.015758507118868
11.51 0.014904238647482
11.52 0.011679316563687
11.53 0.009182051085011
11.54 0.007899401541395
11.55 0.007595432365052
11.56 0.008236407487863
11.57 0.008855649959873
11.58 0.009245684822401
11.59 0.009197709523004
11.6 0.008881153155142
11.61 0.008440301636867
11.62 0.007904837484995
11.63 0.006612774313535
11.64 0.005788828064656
11.65 0.005710723446798
11.66 0.006052948321592
11.67 0.007011189106883
11.68 0.007239673627824
11.69 0.006950796131021
11.7 0.00661026621297
11.71 0.005981765993938
11.72 0.005233794474783
11.73 0.004842976471
11.74 0.003473960737242
11.75 -0.000302328063747
11.76 -0.014527246858177
11.77 -0.017289933363746
11.78 -8.4241291499e-05
11.79 -0.011929295049837
11.8 -0.007593293350803
11.81 -0.006281503199056
11.82 -0.014217835424442
11.83 -0.002400079877464
11.84 -0.006583174327391
11.85 -0.003571518679108
11.86 0.006131053552083
11.87 0.00327748373457
11.88 0.0066077270436
11.89 0.012740291271497
11.9 0.016488192449498
11.91 0.022532087729367
11.92 0.023891096785478
11.93 0.020026167134002
11.94 0.017927923804929
11.95 0.0188842911125
11.96 0.021700495336964
11.97 0.022575988626004
11.98 0.024026223077662
11.99 0.02572496345129
12.0 0.026442271014148
12.01 0.02637828470261
12.02 0.02404691753449
12.03 0.02310529895311
12.04 0.024961403581399
12.05 0.025500887989451
12.06 0.025738096574237
12.07 0.026644611703609
12.08 0.026564179129042
12.09 0.027104858308646
12.1 0.027991184890619
12.11 0.028073868276037
12.12 0.027851579452749
12.13 0.027095265250857
12.14 0.025396750227011
12.15 0.020874479298075
12.16 0.015687251363095
12.17 0.015338057905152
12.18 0.014557234030847
12.19 0.01391226291602
12.2 0.0134299420502
12.21 0.012756405107489
12.22 0.012034961845936
12.23 0.011961766672913
12.24 0.012065012773548
12.25 0.01223096982432
12.26 0.012112755386321
12.27 0.011792551315073
12.28 0.011111310971443
12.29 0.01020314379327
12.3 0.009259431580011
12.31 0.008200481574169
12.32 0.007213872118771
12.33 0.006237308762626
12.34 0.005240121939036
12.35 0.005593312422267
12.36 0.006136477841264
12.37 0.004749094531988
12.38 -0.003461401187764
12.39 -0.001699458907753
12.4 0.002854641805132
12.41 -0.002806141711144
12.42 -0.006497354233872
12.43 -0.010717445028351
12.44 -0.019227547081447
12.45 -0.019432866934014
12.46 -0.014588777549409
12.47 -0.011150944626306
12.48 -0.014263166097306
12.49 -0.01441733064991
12.5 -0.00909415415231
12.51 -0.004848886485308
12.52 -0.00531576597637
12.53 -0.00740958573127
12.54 -0.007843921603625
12.55 -0.006651973121076
12.56 -0.005417212551514
12.57 -0.004907535455708
12.58 -0.004345138007768
12.59 -0.003006467043744
12.6 -0.001194803955748
12.61 -2.5715120259e-05
12.62 0.000311842887525
12.63 0.000401845582586
12.64 0.00046556296763
12.65 0.000891620854723
12.66 0.001669503369283
12.67 0.002573996681858
12.68 0.003236070531673
12.69 0.003648224612883
12.7 0.00372379170487
12.71 0.003632355746877
12.72 0.003339527630245
12.73 0.002903655844476
12.74 0.002433457107388
12.75 0.001905612365798
12.76 0.001435035147777
12.77 0.001245692326808
12.78 0.001603784277225
12.79 0.002520984010382
12.8 0.004041245790038
12.81 0.006425040674742
12.82 0.016155893729128
12.83 0.020300318775318
12.84 0.011351972019734
12.85 0.019685015203874
12.86 0.015635024408121
12.87 0.009603920078096
12.88 0.01413305438231
12.89 0.009904506690483
12.9 0.007442580218913
12.91 0.009005430336396
12.92 0.0005169985377
12.93 -0.005411846557394
12.94 -0.002801347184035
12.95 -0.005636520480587
12.96 -0.004403524609119
12.97 0.000746915031471
12.98 0.000594337736491
12.99 -0.004260598878347
13.0 -0.003399699312179
13.01 -0.00516503533065
13.02 -0.007776392977534
13.03 -0.006440969325035
13.04 -0.00689320886824
13.05 -0.008441562775987
13.06 -0.008584798866063
13.07 -0.008802917622082
13.08 -0.007601768329563
13.09 -0.007044852353355
13.1 -0.007444546694951
13.11 -0.008350336603828
13.12 -0.007837175535319
13.13 -0.006978215881461
13.14 -0.007488280811819
13.15 -0.007232754677206
13.16 -0.005991163612847
13.17 -0.003741310059048
13.18 -0.002138610195236
13.19 0.000510360779693
13.2 0.001470659344244
13.21 0.000191146126216
13.22 -0.001016853749906
13.23 -0.001168376095134
13.24 -0.001960745108029
13.25 -0.004068874043255
13.26 -0.004999900645073
13.27 -0.004793078601843
13.28 -0.003979670444723
13.29 -0.003219778626631
13.3 -0.003035839369637
13.31 -0.003625453511455
13.32 -0.004827409462465
13.33 -0.006157743940948
13.34 -0.007287267229633
13.35 -0.007890766142063
13.36 -0.007714270810864
13.37 -0.007026234340518
13.38 -0.006103315577666
13.39 -0.005230496162956
13.4 -0.004406232456421
13.41 -0.003988533518837
13.42 -0.004019086124082
13.43 -0.00456399985125
13.44 -0.005512753466855
13.45 -0.006659518068391
13.46 -0.007882094610678
13.47 -0.008916111434218
13.48 -0.009616871761106
13.49 -0.009959467876562
13.5 -0.009992667357925
13.51 -0.009792748596357
13.52 -0.009368434793714
13.53 -0.009015036310203
13.54 -0.010475720981089
13.55 -0.008434696033231
13.56 -0.009128857264723
13.57 -0.009985647133975
13.58 -0.008027221144756
13.59 -0.007662885077228
13.6 -0.008137392031736
13.61 -0.008634592514929
13.62 -0.009326764539262
13.63 -0.01000757095335
13.64 -0.010385387579455
13.65 -0.010549883404085
13.66 -0.01056821741009
13.67 -0.010320661338722
13.68 -0.009743789944059
13.69 -0.008838323678362
13.7 -0.007831570095386
13.71 -0.007030033769272
13.72 -0.006689007016356
13.73 -0.006983074679217
13.74 -0.007733497697344
13.75 -0.008609113467636
13.76 -0.009465908266453
13.77 -0.010153372483601
13.78 -0.010562850931334
13.79 -0.010683210167484
13.8 -0.010600674750693
13.81 -0.01033614532028
13.82 -0.009972845395665
13.83 -0.009573522863537
13.84 -0.009247501011151
13.85 -0.009043400046796
13.86 -0.008952102657174
13.87 -0.008951884836678
13.88 -0.009009014321805
13.89 -0.009101566855264
13.9 -0.009266664855549
13.91 -0.009532715950005
13.92 -0.009849471612527
13.93 -0.010022975352894
13.94 -0.010329003308639
13.95 -0.010577915698194
13.96 -0.010740007969456
13.97 -0.010808884156488
13.98 -0.010586693050951
13.99 -0.009955990542229
14.0 -0.009702096856495
14.01 -0.009217903449584
14.02 -0.008798978769977
14.03 -0.008522437093902
14.04 -0.008388966945422
14.05 -0.008294739985044
14.06 -0.008046635260509
14.07 -0.007781616131586
14.08 -0.00752886073315
14.09 -0.007304780635814
14.1 -0.007130374380146
14.11 -0.006907755722651
14.12 -0.006554413422412
14.13 -0.006021533301804
14.14 -0.005262463610419
14.15 -0.004278772192694
14.16 -0.003420045060651
14.17 -0.003042348695639
14.18 -0.000942016452632
14.19 0.010424088314107
14.2 0.012610850695178
14.21 0.009560842261243
14.22 0.006997375300262
14.23 0.004741628678077
14.24 0.006470794517589
14.25 0.007486484372324
14.26 0.005614300069441
14.27 0.003788784850788
14.28 0.002167647121373
14.29 -0.004599245060948
14.3 -0.003157865615685
14.31 -0.002353992056946
14.32 -0.007811570816482
14.33 -0.003991458319108
14.34 -0.003462663502104
14.35 -0.007884178937739
14.36 -0.006508962317111
14.37 -0.004872687646116
14.38 -0.003941563830494
14.39 -0.00047919660074
14.4 0.001566705708887
14.41 0.001352547441785
14.42 -0.002060761711318
14.43 -0.00403902599695
14.44 -0.003684831133563
14.45 -0.003441071668808
14.46 -0.003978607407944
14.47 -0.004291743853274
14.48 -0.003755475939107
14.49 -0.002787030366827
14.5 -0.002523144222128
14.51 -0.003251410446203
14.52 -0.004326048896409
14.53 -0.005677023353428
14.54 -0.014266824943477
14.55 -0.020032154384271
14.56 -0.010677881850299
14.57 -0.013785369896097
14.58 -0.017941675736885
14.59 -0.016035388412152
14.6 -0.013936427872852
14.61 -0.013439822867317
14.62 -0.013906027286473
14.63 -0.014293874131452
14.64 -0.014536103498028
14.65 -0.014564374355017
14.66 -0.01495210054255
14.67 -0.015113291927483
14.68 -0.012678231677787
14.69 -0.012352572315434
14.7 -0.013645434645088
14.71 -0.015269458799277
14.72 -0.016390001095953
14.73 -0.016709627648589
14.74 -0.016184801158421
14.75 -0.015052937718605
14.76 -0.014893246296755
14.77 -0.015539887124834
14.78 -0.015363640181967
14.79 -0.014378022875045
14.8 -0.013001508155935
14.81 -0.011689909056974
14.82 -0.010728155856874
14.83 -0.010167124669475
14.84 -0.009945506330318
14.85 -0.009916952072162
14.86 -0.009997718955649
14.87 -0.010072371584509
14.88 -0.010158254808397
14.89 -0.010146863981163
14.9 -0.010033097154807
14.91 -0.009355284860947
14.92 -0.008667019940312
14.93 -0.007828194341778
14.94 -0.007110715447212
14.95 -0.006564251412037
14.96 -0.006430445256532
14.97 -0.006849279367613
14.98 -0.00774382221056
14.99 -0.008632204995294
15.0 -0.009486404122406
15.01 -0.010036894848102
15.02 -0.010198175815149
15.03 -0.009874437207867
15.04 -0.009035279232719
15.05 -0.006990686935979
15.06 -0.008124129561954
15.07 -0.008059562072525
15.08 -0.007901671567613
15.09 -0.007837172016188
15.1 -0.007932790186625
15.11 -0.008082040058518
15.12 -0.008267755254164
15.13 -0.00844312430914
15.14 -0.008207374117399
15.15 -0.003410270553792
15.16 0.013020894560558
15.17 0.00295710307827
15.18 0.002348465144116
15.19 0.006126049317318
15.2 0.003595237089065
15.21 0.001873343678075
15.22 0.002161173206903
15.23 0.002446301125882
15.24 0.002827371310759
15.25 0.001982231831901
15.26 -0.00052125446147
15.27 -0.003514481997448
15.28 -0.009653447830032
15.29 -0.012038857828107
15.3 -0.010823085759347
15.31 -0.012493706903748
15.32 -0.00832710204944
15.33 -0.011805883551291
15.34 -0.012878100037254
15.35 -0.009738077658695
15.36 -0.011012411472345
15.37 -0.012547948299691
15.38 -0.011768380240956
15.39 -0.011682029827071
15.4 -0.012510751322905
15.41 -0.012417340705784
15.42 -0.011900950731846
15.43 -0.011285346009304
15.44 -0.010132379160519
15.45 -0.006278082073422
15.46 -0.000557354418747
15.47 0.002552452801335
15.48 0.00329094182507
15.49 0.003043203200587
15.5 0.001940708465367
15.51 0.003405561307662
15.52 0.003390955909807
15.53 0.002346603882636
15.54 0.002638757576835
15.55 0.00392291782471
15.56 0.005309435977718
15.57 0.006209589123023
15.58 0.00611122139615
15.59 0.005842695755541
15.6 0.006452197048601
15.61 0.006971511167134
15.62 0.007182838633948
15.63 0.007358583778916
15.64 0.007177555331037
15.65 0.006162993043931
15.66 0.005037690089663
15.67 0.004072516820114
15.68 0.004432852652246
15.69 0.005394174174769
15.7 0.005706986773877
15.71 0.005334108010097
15.72 0.004216485251818
15.73 0.003265870446079
15.74 0.002733565514323
15.75 0.002589612935418
15.76 0.002602286338942
15.77 0.002558722404046
15.78 0.002439576027538
15.79 0.002491346655658
15.8 0.002670091086202
15.81 0.002824226026259
15.82 0.00304932088774
15.83 0.003158402003907
15.84 0.00316307539123
15.85 0.002974460563877
15.86 0.002954519197749
15.87 0.00363347179501
15.88 0.004502884496816
15.89 0.005704060372635
15.9 0.006781191172887
15.91 0.007364164547265
15.92 0.007562524662006
15.93 0.007511024231762
15.94 0.007690169390772
15.95 0.006993182848289
15.96 0.007119086591759
15.97 0.006962748576097
15.98 0.006655957451991
15.99 0.006173468075031
16.0 0.005591439291392
16.01 0.005064187378069
16.02 0.004514356511876
16.03 0.004101167509932
16.04 0.003806746533103
16.05 0.003550503633426
16.06 0.003158418217115
16.07 0.002787828294848
16.08 0.002443218658858
16.09 0.00204509734902
16.1 0.001362570253488
16.11 0.001430117290807
16.12 0.001333216990788
16.13 -0.00101392579763
16.14 -0.017638390023311
16.15 -0.005065209209952
16.16 -0.006168314768329
16.17 -0.013031446725571
16.18 -0.007070017149449
16.19 -0.004978554937408
16.2 -0.008168196034057
16.21 -0.005766238614003
16.22 0.010511727702327
16.23 0.009419112508501
16.24 0.005728731446865
16.25 0.006623245001516
16.26 0.009641653153457
16.27 0.012269393456466
16.28 0.009896736066386
16.29 0.006197901859922
16.3 0.005937332629345
16.31 0.007676864595259
16.32 0.008403150047631
16.33 0.007787889327657
16.34 0.006514040076074
16.35 0.007524214113899
16.36 0.008796639006125
16.37 0.009024705421774
16.38 0.009529829574392
16.39 0.010061919161889
16.4 0.009372405855764
16.41 0.008535543878478
16.42 0.010184258430397
16.43 0.011663072193817
16.44 0.011462500997993
16.45 0.009606941947632
16.46 0.008275714779124
16.47 0.007535041932211
16.48 0.007569203301153
16.49 0.0074623512583
16.5 0.006934082747871
16.51 0.007263188337231
16.52 0.007378785700147
16.53 0.007081395242667
16.54 0.006508301483157
16.55 0.005906079389134
16.56 0.005406519659908
16.57 0.005558357766237
16.58 0.006071880592774
16.59 0.006947565584558
16.6 0.009676264632945
16.61 0.012063862593502
16.62 0.008875506833647
16.63 0.007443372100026
16.64 0.008345207611219
16.65 0.0094331839899
16.66 0.008165715134758
16.67 0.008326912812691
16.68 0.009513507113075
16.69 0.008619425816976
16.7 0.007892598182481
16.71 0.006592312253783
16.72 0.005370432028819
16.73 0.004818304590686
16.74 0.004868160462695
16.75 0.005364844460631
16.76 0.006038684927869
16.77 0.006608888398847
16.78 0.006929136333451
16.79 0.006939696754546
16.8 0.006716448928747
16.81 0.006451995208356
16.82 0.006251401823606
16.83 0.006124092842893
16.84 0.006008233230666
16.85 0.005763574598387
16.86 0.005315769928379
16.87 0.00470579536384
16.88 0.003940773306093
16.89 -0.003242997847546
16.9 -0.016877286628381
16.91 -0.004297046447256
16.92 -0.003296513599984
16.93 -0.00784756251429
16.94 -0.006992221407804
16.95 -0.005020740575608
16.96 -0.004140128652191
16.97 -0.003947551269206
16.98 -0.003637263046767
16.99 -0.002555071193322
17.0 0.008479728625029
17.01 0.014218700462485
17.02 0.006598998541847
17.03 0.007404239170726
17.04 0.010357152770719
17.05 0.011562902271238
17.06 0.009682086192037
17.07 0.008574582301565
17.08 0.009622880131106
17.09 0.008821406673676
17.1 0.007137696705421
17.11 0.007851481367421
17.12 0.00879363776251
17.13 0.007759784300124
17.14 0.007234783965028
17.15 0.007632835168664
17.16 0.007308659574567
17.17 0.006837333887382
17.18 0.007312498876327
17.19 0.00725137329799
17.2 0.006271020254823
17.21 0.00658487410472
17.22 0.005639050935264
17.23 0.004137474706412
17.24 0.004301114212968
17.25 0.001618949107923
17.26 -0.000800501757026
17.27 -0.000191102102425
17.28 0.00108809618518
17.29 0.000766506140824
17.3 0.000416726564551
17.31 0.001509683727243
17.32 0.001418837932376
17.33 -0.000864666462601
17.34 0.001433872623891
17.35 0.000847335734515
17.36 -0.000106767056199
17.37 -0.000770402834612
17.38 -0.000345395590311
17.39 0.001612023128269
17.4 0.001181274808247
17.41 -0.000304082521455
17.42 -0.000973092064643
17.43 -0.000195188117238
17.44 -0.001436003500736
17.45 -0.006146348631338
17.46 -0.009080453677257
17.47 -0.010180985232972
17.48 -0.0095008429138
17.49 -0.008141852566381
17.5 -0.006941501818123
17.51 -0.006131407341842
17.52 -0.005737962716929
17.53 -0.005391098834355
17.54 -0.005137551364177
17.55 -0.004915799489021
17.56 -0.004775858965371
17.57 -0.004911123418379
17.58 -0.005431426394953
17.59 -0.005941172188207
17.6 -0.006220627089214
17.61 -0.00636310011344
17.62 -0.006099871420632
17.63 -0.005390149211457
17.64 -0.004757574046595
17.65 -0.004242636217195
17.66 -0.004024574193878
17.67 -0.003751655240315
17.68 -0.003281373201647
17.69 -0.002458227192013
17.7 -0.001500846332759
17.71 -0.000780106309696
17.72 -0.000496600410665
17.73 -0.000554299185844
17.74 -0.000759184791435
17.75 -0.000876709823485
17.76 -0.000736954718475
17.77 -0.000493404820662
17.78 -0.000138022964379
17.79 0.000446165214391
17.8 0.003079121039392
17.81 0.020216256059713
17.82 0.012683997336321
17.83 0.011170625045366
17.84 0.019617876850799
17.85 0.0130508960909
17.86 0.009472992829852
17.87 0.012116198411468
17.88 0.012662224214864
17.89 0.011593320572323
17.9 0.010359728650431
17.91 0.0086851749029
17.92 0.007151877246299
17.93 0.006619049751645
17.94 0.006701083601678
17.95 0.005930972283129
17.96 0.004538328601462
17.97 0.003584673676756
17.98 0.003409436826855
17.99 0.002647658121349
18.0 -0.006090578197906
18.01 -0.014966229789184
18.02 0.001288716771099
18.03 -0.010514281780234
18.04 -0.009188091393439
18.05 -0.005351504754714
18.06 -0.008909305899203
18.07 -0.007919232901317
18.08 -0.006825872166218
18.09 -0.007578689195966
18.1 -0.008166021055387
18.11 -0.004363234466121
18.12 -0.000104092524799
18.13 0.003841828589663
18.14 0.003473780068562
18.15 0.003936534317004
18.16 0.006465315845587
18.17 0.008106263649401
18.18 0.009162414844053
18.19 0.010273722905333
18.2 0.011339936826004
18.21 0.012450732409914
18.22 0.013075810297796
18.23 0.013163840116291
18.24 0.012731474467887
18.25 0.012014663610784
18.26 0.011159870947656
18.27 0.010474331382755
18.28 0.009824091202617
18.29 0.009440186341475
18.3 0.009301812119225
18.31 0.009389076371501
18.32 0.009569927817638
18.33 0.00967312058497
18.34 0.009803663136456
18.35 0.009873562823447
18.36 0.009851126805117
18.37 0.009858902625828
18.38 0.009758153043807
18.39 0.009512330615286
18.4 0.008841981353481
18.41 0.008045939086292
18.42 0.006824847883837
18.43 0.005752288377237
18.44 0.004825917837365
18.45 0.004090938955695
18.46 0.004148408937377
18.47 0.004197607017042
18.48 0.004170166840361
18.49 0.004098183819215
18.5 0.00391532532542
18.51 0.003560759412945
18.52 0.003060731197744
18.53 0.002578094402575
18.54 0.002258819955311
18.55 0.00193819038539
18.56 0.001422336517114
18.57 -0.005120658779065
18.58 -0.015650768283815
18.59 -0.002607582445343
18.6 -0.007283893658544
18.61 -0.010145440955692
18.62 -0.002989093198049
18.63 0.001471597933404
18.64 0.009120107107145
18.65 0.009894882828426
18.66 0.003913702837991
18.67 0.004053503962058
18.68 0.005679385555704
18.69 0.004262481601891
18.7 0.001353174729141
18.71 -0.00510780854776
18.72 -0.003888997320003
18.73 -0.004451456284107
18.74 -0.005307936559457
18.75 -0.004649794090656
18.76 -0.004097894754422
18.77 -0.003807105557152
18.78 -0.003184109809325
18.79 -0.002282223106279
18.8 -0.00138498397333
18.81 -0.000493269089582
18.82 0.000476532835228
18.83 0.001323532325485
18.84 0.001706033791499
18.85 0.001294054675159
18.86 0.000292590027255
18.87 -0.000667099644923
18.88 -0.001048749316965
18.89 -0.000841367343662
18.9 -0.00038029211936
18.91 -0.000287567586725
18.92 -0.000475392896333
18.93 -0.000827932869226
18.94 -0.001367086628145
18.95 -0.002067719964454
18.96 -0.003074314764708
18.97 -0.004300062916857
18.98 -0.00536836809447
18.99 -0.005836022130766
19.0 -0.005221078657364
19.01 -0.004392253469905
19.02 -0.003746800777202
19.03 -0.003348912876629
19.04 -0.003254393693509
19.05 -0.003162190895628
19.06 -0.003014258703747
19.07 -0.002852319500293
19.08 -0.002785417916276
19.09 -0.00296307617076
19.1 -0.003317271364057
19.11 -0.003699640639404
19.12 -0.003965295716437
19.13 -0.003887059598898
19.14 -0.002775180838159
19.15 0.011942541532353
19.16 0.007760127082383
19.17 0.002568399634724
19.18 0.008931923358761
19.19 0.005497899272643
19.2 0.00096875834312
19.21 0.00147552160336
19.22 -0.00023856031384
19.23 -0.013452981765072
19.24 -0.011710451863034
19.25 -0.008185338475544
19.26 -0.008039547853213
19.27 -0.008490931138164
19.28 -0.008083416900958
19.29 -0.006585355772286
19.3 -0.005085243781114
19.31 -0.007469717363778
19.32 -0.006745380715248
19.33 -0.006508977826694
19.34 -0.006413955111037
19.35 -0.006764539973784
19.36 -0.007244576867962
19.37 -0.006872661196614
19.38 -0.006018087460642
19.39 -0.005543529385808
19.4 -0.006266588366705
19.41 -0.006420352184919
19.42 -0.006284011546729
19.43 -0.006073183591297
19.44 -0.00484881060826
19.45 -0.00425183075483
19.46 -0.003107812972072
19.47 -0.001901934382509
19.48 0.000227171130668
19.49 0.000474154956498
19.5 5.6508175388e-05
19.51 0.000553449944169
19.52 0.000540326550096
19.53 -0.000189517320375
19.54 7.9796704185e-05
19.55 0.00093228909676
19.56 0.002403741854979
19.57 0.013407278387357
19.58 0.016826293561106
19.59 0.01051058225677
19.6 0.011567822286415
19.61 0.010802018600784
19.62 0.011434065231209
19.63 0.012010239122739
19.64 0.010686409377063
19.65 0.009932506293275
19.66 0.010609386609688
19.67 0.010858790460493
19.68 0.009946927515412
19.69 0.008663875114291
19.7 0.007582764943441
19.71 0.006747444557616
19.72 0.006278213487752
19.73 0.005955078181437
19.74 0.005677073141762
19.75 0.005929347463681
19.76 0.005967861230869
19.77 0.005740737255714
19.78 0.005399361687347
19.79 0.004721575388581
19.8 0.004187662464558
19.81 0.004236649661038
19.82 0.004069949963589
19.83 0.00420510877939
19.84 0.004324709525221
19.85 0.004155247009207
19.86 0.004142418392596
19.87 0.004029751466868
19.88 0.003909292338138
19.89 0.003723182563997
19.9 0.00328732223874
19.91 0.002918639756041
19.92 0.002628263672519
19.93 0.002394315342358
19.94 0.002499280495842
19.95 0.002868882352605
19.96 0.002980281306315
19.97 0.003081317729318
19.98 0.003072577697687
19.99 0.003175056445125
20.0 0.003103315379004
20.01 0.00305100815474
20.02 0.003025654503437
20.03 0.003598563484312
20.04 0.003711888186849
20.05 0.001847230793923
20.06 -0.003057623436845
20.07 -0.012037195845728
20.08 -0.008937513086247
20.09 -0.004557716115656
20.1 -0.005934441938036
20.11 -0.007395353747546
20.12 -0.005854082276983
20.13 -0.00417245300311
20.14 -0.003834962968031
20.15 -0.004116846668565
20.16 -0.004129147188533
20.17 -0.003911008777924
20.18 -0.003816174700303
20.19 -0.003709584286109
20.2 -0.003596084923694
20.21 -0.00337842760663
20.22 -0.002958511583521
20.23 -0.00265156872354
20.24 -0.002504432503027
20.25 -0.002259567290412
20.26 -0.002009899402642
20.27 -0.001709864233585
20.28 -0.001422201668094
20.29 -0.001077033235456
20.3 -0.000688496219795
20.31 -0.000317874533887
20.32 7.30789837e-07
20.33 0.000207646267364
20.34 0.000276028948148
20.35 0.000397354087983
20.36 0.000927160329
20.37 0.00248235294725
20.38 0.009809046140727
20.39 0.014617543558619
20.4 0.005501458295967
20.41 0.010885060249658
20.42 0.003174801428815
20.43 -0.002979646839037
20.44 0.003863976699126
20.45 0.00326862245581
20.46 0.001139267302146
20.47 -0.001494944471387
20.48 -0.002924112011605
20.49 -0.00370895222399
20.5 -0.004631335621792
20.51 -0.003955070955508
20.52 -0.005019271936122
20.53 -0.0057270653865
20.54 -0.005775881004418
20.55 -0.005493592872541
20.56 -0.005536504870681
20.57 -0.006563680131139
20.58 -0.005650276849966
20.59 -0.006933919661012
20.6 -0.006722758921689
20.61 -0.006530468286716
20.62 -0.007689942767003
20.63 -0.007424935523778
20.64 -0.007337643536633
20.65 -0.007328339287885
20.66 -0.006687272797011
20.67 -0.00662732680798
20.68 -0.006514910856193
20.69 -0.006526308415023
20.7 -0.006256828957962
20.71 -0.0054178065974
20.72 -0.005890412857955
20.73 -0.005748946425207
20.74 -0.005336766847957
20.75 -0.005022016857887
20.76 -0.005016609948229
20.77 -0.005111348882934
20.78 -0.005287081049525
20.79 -0.005447256581876
20.8 -0.005437268891752
20.81 -0.00517784032948
20.82 -0.004772695276523
20.83 -0.004380060401768
20.84 -0.004044900790978
20.85 -0.003806364660195
20.86 -0.003718145763258
20.87 -0.003749146005242
20.88 -0.003855101407812
20.89 -0.004029744079922
20.9 -0.004291517842844
20.91 -0.004634753915848
20.92 -0.005008858233657
20.93 -0.005290261619586
20.94 -0.00536043620293
20.95 -0.005310877744899
20.96 -0.005145283719106
20.97 -0.005056984492594
20.98 -0.005075390864539
20.99 -0.005271533257281
21.0 -0.005419126479325
21.01 -0.005556615082602
21.02 -0.00561545183647
21.03 -0.00563588683344
21.04 -0.005649547639892
21.05 -0.005693293544998
21.06 -0.005846911676512
21.07 -0.005974826386864
21.08 -0.005979764139102
21.09 -0.005878683419253
21.1 -0.005573301558765
21.11 0.000989522212529
21.12 0.001331596522222
21.13 -0.01089537091176
21.14 -0.00913993615358
21.15 -0.004045477102159
21.16 -0.003267757782186
21.17 -0.005140003859689
21.18 -0.003011060188459
21.19 -0.004005500112208
21.2 -0.004070227797655
21.21 -0.003457391178894
21.22 -0.005096610588027
21.23 -0.004348868318343
21.24 -0.004023122216334
21.25 -0.004710508288277
21.26 -0.00435816164244
21.27 -0.003467114568996
21.28 -0.004204602492913
21.29 -0.003913926540807
21.3 -0.003259623427375
21.31 -0.003473044189495
21.32 -0.003732879445
21.33 -0.003841033207279
21.34 -0.004134318858267
21.35 -0.004200644385021
21.36 -0.004220630406789
21.37 -0.003747013916012
21.38 -0.003722418095412
21.39 -0.004370806602258
21.4 -0.004512630001439
21.41 -0.003709765206831
21.42 -0.003589456148734
21.43 -0.003102338920396
21.44 -0.003115650820935
21.45 -0.002978283561794
21.46 -0.002078363418519
21.47 -0.000885996356642
21.48 0.003021486572344
21.49 0.006016521850138
21.5 0.00663648315128
21.51 0.006485836670907
21.52 0.00608245340299
21.53 0.005584022458795
21.54 0.005286107426699
21.55 0.005205361772135
21.56 0.005424260782657
21.57 0.005567271684949
21.58 0.005722717429697
21.59 0.005792053394571
21.6 0.005725998268866
21.61 0.005738565044807
21.62 0.005758440623017
21.63 0.005688039807517
21.64 0.005343754733463
21.65 0.004769740621285
21.66 0.004187808665808
21.67 0.003716129451805
21.68 0.00331002746094
21.69 0.002452867616288
21.7 -0.000276541238881
21.71 -0.008663818950205
21.72 -0.002163948601443
21.73 0.001265900357694
21.74 -0.00109603288526
21.75 -0.000317926130285
21.76 0.001095286147176
21.77 0.002041869285116
21.78 0.002014343954676
21.79 0.001322766624274
21.8 0.000695080960712
21.81 0.000609215077061
21.82 0.001075724915106
21.83 0.001712848681895
21.84 0.002205241748199
21.85 0.002523818278099
21.86 0.002841649283929
21.87 0.003693279263325
21.88 0.005820010203393
21.89 0.006588912922567
21.9 0.006763307830966
21.91 0.00719532670516
21.92 0.006427332881629
21.93 0.007035943889995
21.94 0.006830679480252
21.95 0.006646061614948
21.96 0.006936420628152
21.97 0.006880873532051
21.98 0.006795382618022
21.99 0.007005311562229
22.0 0.007139306930006
22.01 0.007088413510629
22.02 0.006644209150385
22.03 0.005991961323037
22.04 0.005399576318758
22.05 0.005022481943158
22.06 0.004811694666429
22.07 0.0045639133049
22.08 0.004171595758802
22.09 0.003609653778658
22.1 0.002550610408975
22.11 -0.008497138461686
22.12 -0.013252535167834
22.13 -0.003077663221245
22.14 -0.004481535557439
22.15 -0.005215809103081
22.16 -0.004042294932087
22.17 -0.004223210435028
22.18 -0.003696099236308
22.19 -0.002442596365892
22.2 0.000463414087653
22.21 0.012633027697315
22.22 0.01128661319679
22.23 0.005285331960281
22.24 0.007275236447778
22.25 0.009497838917071
22.26 0.008472329145921
22.27 0.0076741239754
22.28 0.007449113190086
22.29 0.007083075405033
22.3 0.006916441827105
22.31 0.006299145351701
22.32 0.003568325934666
22.33 0.001416311006403
22.34 0.001866734772312
22.35 0.00175548163713
22.36 0.000129259759926
22.37 -0.002122441023526
22.38 -0.004648965488347
22.39 -0.006914824222531
22.4 -0.007531363209725
22.41 -0.006345607522714
22.42 -0.007665301883626
22.43 -0.007912427952434
22.44 -0.008096194681765
22.45 -0.008769731820545
22.46 -0.009195005862574
22.47 -0.009091955706954
22.48 -0.008843864737813
22.49 -0.008761417292467
22.5 -0.008836202861542
22.51 -0.008978383805154
22.52 -0.009173002499862
22.53 -0.009325904465925
22.54 -0.009294574740073
22.55 -0.009134325651962
22.56 -0.008847042251353
22.57 -0.008323383800633
22.58 -0.00752173583501
22.59 -0.006549516695817
22.6 -0.005633546110893
22.61 -0.00496980504243
22.62 -0.004716499908835
22.63 -0.004587846902084
22.64 -0.004446347550162
22.65 -0.004141614774008
22.66 -0.003736696271418
22.67 -0.003231326911131
22.68 -0.002824111440057
22.69 -0.002676847024343
22.7 -0.002612460855407
22.71 -0.002721421474184
22.72 -0.002827476022226
22.73 -0.003135811462216
22.74 -0.003602391822838
22.75 -0.003699516758314
22.76 -0.003899843203198
22.77 -0.004280146964442
22.78 -0.004544849638854
22.79 -0.004673474449779
22.8 -0.0048513281648
22.81 -0.005056677671398
22.82 -0.005332632670878
22.83 -0.005660065453087
22.84 -0.005968701825927
22.85 -0.006261345112974
22.86 -0.006479415502732
22.87 -0.006528437201844
22.88 -0.006409211706227
22.89 -0.006187551930849
22.9 -0.005907567902892
22.91 -0.00563259070462
22.92 -0.005353077636835
22.93 -0.005116964503046
22.94 -0.004912959510639
22.95 -0.004824102883063
22.96 -0.004679068846936
22.97 -0.004539419784166
22.98 -0.004289912162598
22.99 -0.004017056284172
23.0 -0.003777641876184
23.01 -0.003267442145547
23.02 -0.003254178588238
23.03 -0.004346985913547
23.04 -0.003152865989846
23.05 -0.001788468013473
23.06 -0.00107052448759
23.07 -0.001699829430951
23.08 -0.003130904744184
23.09 -0.003426608426313
23.1 -0.00289531416298
23.11 -0.002541629714939
23.12 -0.001768872322316
23.13 -0.001291165498524
23.14 -0.00187760892917
23.15 -0.001581903571433
23.16 -0.000571232183511
23.17 -0.000121292073926
23.18 0.000593088056437
23.19 0.002301252344618
23.2 0.004333031427853
23.21 0.005760866100958
23.22 0.006272512517912
23.23 0.006043953969052
23.24 0.00558988227716
23.25 0.005209724528449
23.26 0.005052981555255
23.27 0.005001552530505
23.28 0.005030417254095
23.29 0.004994980103107
23.3 0.004928123254126
23.31 0.00482727156122
23.32 0.00467011900864
23.33 0.004502317014381
23.34 0.004305841167674
23.35 0.004144960201419
23.36 0.004036183926995
23.37 0.003940811440583
23.38 0.003860659673737
23.39 0.003731550142386
23.4 0.003621849268801
23.41 0.003608804676549
23.42 0.003662031853098
23.43 0.003767458829039
23.44 0.003812932523195
23.45 0.003747113968739
23.46 0.003568162832741
23.47 0.003334061511715
23.48 0.003141940702634
23.49 0.002997755385607
23.5 0.002818165438221
23.51 0.002604796368535
23.52 0.00236617122895
23.53 0.002147778473824
23.54 0.001991425462341
23.55 0.00189874001969
23.56 0.001811445307111
23.57 0.001717807778996
23.58 0.001559843863997
23.59 0.001348622793233
23.6 0.001167522795119
23.61 0.001035482954453
23.62 0.000938291129934
23.63 0.000897467343994
23.64 0.000896377897713
23.65 0.000933973220238
23.66 0.000987750724467
23.67 0.001055089903903
23.68 0.001163822624838
23.69 0.001964188708111
23.7 0.002648879539254
23.71 0.001746624241107
23.72 0.002478574233495
23.73 0.003380348885721
23.74 0.004371293608002
23.75 0.003268028697844
23.76 0.002444313526316
23.77 0.00433682171019
23.78 0.004205925522358
23.79 0.003424420010846
23.8 0.003981569634115
23.81 0.00480882682405
23.82 0.005767137798454
23.83 0.005332029259632
23.84 0.004947318637036
23.85 0.005412835180004
23.86 0.004648889195112
23.87 0.003898889082148
23.88 0.004420919950834
23.89 0.005181140905208
23.9 0.005051104865898
23.91 0.00440860537548
23.92 0.004182850734586
23.93 0.004118868909615
23.94 0.004453764560076
23.95 0.004333222581076
23.96 0.002970087035652
23.97 0.001471956360315
23.98 -0.000147978391391
23.99 -0.003025520755283
24.0 -0.005703492094767
24.01 -0.005885463703934
24.02 -0.003913571656918
24.03 0.001964918407608
24.04 0.011478947546556
24.05 0.005735537117332
24.06 0.003146478146605
24.07 0.00409844508508
24.08 0.003509176174317
24.09 0.002605057030275
24.1 0.002814252935846
24.11 0.00189796370517
24.12 -0.000952253212361
24.13 -0.003417501829537
24.14 -0.003840618601367
24.15 -0.001822060816366
24.16 -0.002380309316921
24.17 -0.002604446555882
24.18 -0.003263464217293
24.19 -0.0044408488493
24.2 -0.005228114342139
24.21 -0.005320197522756
24.22 -0.005123144506037
24.23 -0.004875678425057
24.24 -0.004512238010584
24.25 -0.003947543190604
24.26 -0.003314649289081
24.27 -0.00283466999874
24.28 -0.002655776334142
24.29 -0.002737882117701
24.3 -0.002962161935472
24.31 -0.003137809382244
24.32 -0.003181292589384
24.33 -0.00318754957318
24.34 -0.00328370306114
24.35 -0.003464157100356
24.36 -0.00362986926552
24.37 -0.003646819875492
24.38 -0.003492817893753
24.39 -0.003203889272154
24.4 -0.002900867596849
24.41 -0.002587568478761
24.42 -0.002210544956121
24.43 -0.001789362775517
24.44 -0.001407982004755
24.45 -0.001170442169467
24.46 -0.001177404146322
24.47 -0.001433620497566
24.48 -0.001837006167675
24.49 -0.002253883838329
24.5 -0.00258265353148
24.51 -0.002797092356267
24.52 -0.002938519999637
24.53 -0.003078151865549
24.54 -0.003258525236228
24.55 -0.003496232768123
24.56 -0.003719846281166
24.57 -0.003871768120912
24.58 -0.003921381677433
24.59 -0.003845177098198
24.6 -0.003778444243262
24.61 -0.003805355011497
24.62 -0.003891992329862
24.63 -0.004055077423186
24.64 -0.004271873666882
24.65 -0.004461321812467
24.66 -0.004692913916416
24.67 -0.004854144705562
24.68 -0.005005871712203
24.69 -0.005057439419966
24.7 -0.005013989938914
24.71 -0.004824152581913
24.72 -0.004575901896482
24.73 -0.004351922502862
24.74 -0.004179183077924
24.75 -0.004059746107067
24.76 -0.003952682384748
24.77 -0.003762752730813
24.78 0.000975462291559
24.79 0.00520541507353
24.8 0.003766165274635
24.81 0.002537942369106
24.82 0.002869404202915
24.83 0.003361250784652
24.84 0.002951508270897
24.85 0.002222605622372
24.86 0.001708955900232
24.87 0.000823438739921
24.88 -0.005163027876961
24.89 -0.014655575549814
24.9 -0.008055970044225
24.91 -0.005767774636407
24.92 -0.008600954957908
24.93 -0.009263852145833
24.94 -0.007699192921499
 
 
 
 
 
 
 
 
 
 
 
 
 
 
 
 
 
 
 
 
 
 
 
 
 
 
 
 
 
 
 
 
 
 
 
 
 
 
 
 
 
 
 
 
 
 
 
 
 
 
 
 
 
 
 
 
 
 
 
 
 
 
 
 
 
 
 
 
 
 
 
 
 
 
 
 
 
 
 
 
 
 
 
 
 
 
 
 
 
 
 
 
 
 
 
 
 
 
 
 
 
 
 
 
 
 
 
 
 
 
 
 
 
 
 
 
 
 
 
 
 
 
 
 
 
 
 
 
 
 
 
 
 
 
 
 
 
 
 
 
 
 
 
 
 
 
 
 
 
 
 
 
 
 
 
 
 
 
 
 
 
 
 
 
 
 
 
 
 
 
 
 
 
 
 
 
 
 
 
 
 
 
 
 
 
 
 
 
 
 
 
 
 
 
 
 
 
 
 
 
 
 
 
 
 
 
 
 
 
 
 
 
 
 
 
 
 
 
 
 
 
 
 
 
 
 
 
 
 
 
 
 
 
 
 
 
 
 
 
 
 
 
 
 
 
 
 
 
 
 
 
 
 
 
 
 
 
 
 
 
 
 
 
 
 
 
 
 
 
 
 
 
 
 
 
 
 
 
 
 
 
 
 
 
 
 
 
 
 
 
 
 
 
 
 
 
 
 
 
 
 
 
 
 
 
 
 
 
 
 
 
 
 
 
 
 
 
 
 
 
 
 
 
 
 
 
 
 
 
 
 
 
 
 
 
 
 
 
 
 
 
 
 
 
 
 
 
 
 
 
 
 
 
 
 
 
 
 
 
 
 
 
 
 
 
 
 
 
 
 
 
 
 
 
 
 
 
 
 
 
 
 
 
 
 
 
 
 
 
 
 
 
 
 
 
 
 
 
 
 
 
 
 
 
 
 
 
 
 
 
 
 
 
 
 
 
 
 
 
 
 
 
 
 
 
 
 
 
 
 
 
 
 
 
 
 
 
 
 
 
 
 
 
 
 
 
 
 
 
 
 
 
 
 
 
 
 
 
 
 
 
 
 
 
 
 
 
 
 
 
 
 
 
 
 
 
 
 
 
 
 
 
 
 
 
 
 
 
 
 
 
 
 
 
 
 
 
 
 
 
 
 
 
 
 
 
 
 
 
 
 
 
 
 
 
 
 
 
 
 
 
 
 
 
 
 
 
 
 
 
 
 
 
 
 
 
 
 
 
 
 
 
 
 
 
 
 
 
 
 
 
 
 
 
 
 
 
 
 
 
 
 
 
 
 
 
 
 
 
 
 
 
 
 
 
 
 
 
 
 
 
 
 
 
 
 
 
 
 
 
 
 
 
 
 
 
 
 
 
 
 
 
 
 
 
 
 
 
 
 
 
 
 
 
 
 
 
 
 
 
 
 
 
 
 
 
 
 
 
 
 
 
 
 
 
 
 
 
 
 
 
 
 
 
 
 
 
 
 
 
 
 
 
 
 
 
 
 
 
 
 
 
 
 
 
 
 
 
 
 
 
 
 
 
 
 
 
 
 
 
 
 
 
 
 
 
 
 
 
 
 
 
 
 
 
 
 
 
 
 
 
 
 
 
 
 
 
 
 
 
 
 
 
 
 
 
 
 
 
 
 
 
 
 
 
 
 
 
 
 
 
 
 
 
 
 
 
 
 
 
 
 
 
 
 
 
 
 
 
 
 
 
 
 
 
 
 
 
 
 
 
 
 
 
 
 
 
 
 
 
 
 
 
 
 
 
 
 
 
 
 
 
 
 
 
 
 
 
 
 
 
 
 
 
 
 
 
 
 
 
 
 
 
 
 
 
 
 
 
 
 
 
 
 
 
 
 
 
 
 
 
 
 
 
 
 
 
 
 
 
 
 
 
 
 
 
 
 
 
 
 
 
 
 
 
 
 
 
 
 
 
 
 
 
 
 
 
 
 
 
 
 
 
 
 
 
 
 
 
 
 
 
 
 
 
 
 
 
 
 
 
 
 
 
 
 
 
 
 
 
 
 
 
 
 
 
 
 
 
 
 
 
 
 
 
 
 
 
 
 
 
 
 
 
 
 
 
 
 
 
 
 
 
 
 
 
 
 
 
 
 
 
 
 
 
 
 
 
 
 
 
 
 
 
 
 
 
 
 
 
 
 
 
 
 
 
 
 
 
 
 
 
 
 
 
 
 
 
 
 
 
 
 
 
 
 
 
 
 
 
 
 
 
 
 
 
 
 
 
 
 
 
 
 
 
 
 
 
 
 
 
 
 
 
 
 
 
 
 
 
 
 
 
 
 
 
 
 
 
 
 
 
 
 
 
 
 
 
 
 
 
 
 
 
 
 
 
 
 
 
 
 
 
 
 
 
 
 
 
 
 
 
 
 
 
 
 
 
 
 
 
 
 
 
 
 
 
 
 
 
 
 
 
 
 
 
 
 
 
 
 
 
 
 
 
 
 
 
 
 
 
 
 
 
 
 
 
 
 
 
 
 
 
 
 
 
 
 
 
 
 
 
 
 
 
 
 
 
 
 
 
 
 
 
 
 
 
 
 
 
 
 
 
 
 
 
 
 
 
 
 
 
 
 
 
 
 
 
 
 
 
 
 
 
 
 
 
 
 
 
 
 
 
 
 
 
 
 
 
 
 
 
 
 
 
 
 
 
 
 
 
 
 
 
 
 
 
 
 
 
 
 
 
 
 
 
 
 
 
 
 
 
 
 
 
 
 
 
 
 
 
 
 
 
 
 
 
 
 
 
 
 
 
 
 
 
 
 
 
 
 
 
 
 
 
 
 
 
 
 
 
 
 
 
 
 
 
 
 
 
 
 
 
 
 
 
 
 
 
 
 
 
 
 
 
 
 
 
 
 
 
 
 
 
 
 
 
 
 
 
 
 
 
 
 
 
 
 
 
 
 
 
 
 
 
 
 
 
 
 
 
 
 
 
 
 
 
 
 
 
 
 
 
 
 
 
 
 
 
 
 
 
 
 
 
 
 
 
 
 
 
 
 
 
 
 
 
 
 
 
 
 
 
 
 
 
 
 
 
 
 
 
 
 
 
 
 
 
 
 
 
 
 
 
 
 
 
 
 
 
 
 
 
 
 
 
 
 
 
 
 
 
 
 
 
 
 
 
 
 
 
 
 
 
 
 
 
 
 
 
 
 
 
 
 
 
 
 
 
 
 
 
 
 
 
 
 
 
 
 
 
 
 
 
 
 
 
 
 
 
 
 
 
 
 
 
 
 
 
 
 
 
 
 
 
 
 
 
 
 
 
 
 
 
 
 
 
 
 
 
 
 
 
 
 
 
 
 
 
 
 
 
 
 
 
 
 
 
 
 
 
 
 
 
 
 
 
 
 
 
 
 
 
 
 
 
 
 
 
 
 
 
 
 
 
 
 
 
 
 
 
 
 
 
 
 
 
 
 
 
 
 
 
 
 
 
 
 
 
 
 
 
 
 
 
 
 
 
 
 
 
 
 
 
 
 
 
 
 
 
 
 
 
 
 
 
 
 
 
 
 
 
 
 
 
 
 
 
 
 
 
 
 
 
 
 
 
 
 
 
 
 
 
 
 
 
 
 
 
 
 
 
 
 
 
 
 
 
 
 
 
 
 
 
 
 
 
 
 
 
 
 
 
 
 
 
 
 
 
 
 
 
 
 
 
 
 
 
 
 
 
 
 
 
 
 
 
 
 
 
 
 
 
 
 
 
 
 
 
 
 
 
 
 
 
 
 
 
 
 
 
 
 
 
 
 
 
 
 
 
 
 
 
 
 
 
 
 
 
 
 
 
 
 
 
 
 
 
 
 
 
 
 
 
 
 
 
 
 
 
 
 
 
 
 
 
 
 
 
 
 
 
 
 
 
 
 
 
 
 
 
 
 
 
 
 
 
 
 
 
 
 
 
 
 
 
 
 
 
 
 
 
 
 
 
 
 
 
 
 
 
 
 
 
 
 
 
 
 
 
 
 
 
 
 
 
 
 
 
 
 
 
 
 
 
 
 
 
 
 
 
 
 
 
 
 
 
 
 
 
 
 
 
 
 
 
 
 
 
 
 
 
 
 
 
 
 
 
 
 
 
 
 
 
 
 
 
 
 
 
 
 
 
 
 
 
 
 
 
 
 
 
 
 
 
 
 
 
 
 
 
 
 
 
 
 
 
 
 
 
 
 
 
 
 
 
 
 
 
 
 
 
 
 
 
 
 
 
 
 
 
 
 
 
 
 
 
 
 
 
 
 
 
 
 
 
 
 
 
 
 
 
 
 
 
 
 
 
 
 
 
 
 
 
 
 
 
 
 
 
 
 
 
 
 
 
 
 
 
 
 
 
 
 
 
 
 
 
 
 
 
 
 
 
 
 
 
 
 
 
 
 
 
 
 
 
 
 
 
 
 
 
 
 
 
 
 
 
 
 
 
 
 
 
 
 
 
 
 
 
 
 
 
 
 
 
 
 
 
 
 
 
 
 
 
 
 
 
 
 
 
 
 
 
 
 
 
 
 
 
 
 
 
 
 
 
 
 
 
 
 
 
 
 
 
 
 
 
 
 
 
 
 
 
 
 
 
 
 
 
 
 
 
 
 
 
 
 
 
 
 
 
 
 
 
 
 
 
 
 
 
 
 
 
 
 
 
 
 
 
 
 
 
 
 
 
 
 
 
 
 
 
 
 
 
 
 
 
 
 
 
 
 
 
 
 
 
 
 
 
 
 
 
 
 
 
 
 
 
 
 
 
 
 
 
 
 
 
 
 
 
 
 
 
 
 
 
 
 
 
 
 
 
 
 
 
 
 
 
 
 
 
 
 
 
 
 
 
 
 
 
 
 
 
 
 
 
 
 
 
 
 
 
 
 
 
 
 
 
 
 
 
 
 
 
 
 
 
 
 
 
 
 
 
 
 
 
 
 
 
 
 
 
 
 
 
 
 
 
 
 
 
 
 
 
 
 
 
 
 
 
 
 
 
 
 
 
 
 
 
 
 
 
 
 
 
 
 
 
 
 
 
 
 
 
 
 
 
 
 
 
 
 
 
 
 
 
 
 
 
 
 
 
 
 
 
 
 
 
 
 
 
 
 
 
 
 
 
 
 
 
 
 
 
 
 
 
 
 
 
 
 
 
 
 
 
 
 
 
 
 
 
 
 
 
 
 
 
 
 
 
 
 
 
 
 
 
 
 
 
 
 
 
 
 
 
 
 
 
 
 
 
 
 
 
 
 
 
 
 
 
 
 
 
 
 
 
 
 
 
 
 
 
 
 
 
 
 
 
 
 
 
 
 
 
 
 
 
 
 
 
 
 
 
 
 
 
 
 
 
 
 
 
 
 
 
 
 
 
 
 
 
 
 
 
 
 
 
 
 
 
 
 
 
 
 
 
 
 
 
 
 
 
 
 
 
 
 
 
 
 
 
 
 
 
 
 
 
 
 
 
 
 
 
 
 
 
 
 
 
 
 
 
 
 
 
 
 
 
 
 
 
 
 
 
 
 
 
 
 
 
 
 
 
 
 
 
 
 
 
 
 
 
 
 
 
 
 
 
 
 
 
 
 
 
 
 
 
 
 
 
 
 
 
 
 
 
 
 
 
 
 
 
 
 
 
 
 
 
 
 
 
 
 
 
 
 
 
 
 
 
 
 
 
 
 
 
 
 
 
 
 
 
 
 
 
 
 
 
 
 
 
 
 
 
 
 
 
 
 
 
 
 
 
 
 
 
 
 
 
 
 
 
 
 
 
 
 
 
 
 
 
 
 
 
 
 
 
 
 
 
 
 
 
 
 
 
 
 
 
 
 
 
 
 
 
 
 
 
 
 
 
 
 
 
 
 
 
 
 
 
 
 
 
 
 
 
 
 
 
 
 
 
 
 
 
 
 
 
 
 
 
 
 
 
 
 
 
 
 
 
 
 
 
 
 
 
 
 
 
 
 
 
 
 
 
 
 
 
 
 
 
 
 
 
 
 
 
 
 
 
 
 
 
 
 
 
 
 
 
 
 
 
 
 
 
 
 
 
 
 
 
 
 
 
 
 
 
 
 
 
 
 
 
 
 
 
 
 
 
 
 
 
 
 
 
 
 
 
 
 
 
 
 
 
 
 
 
 
 
 
 
 
 
 
 
 
 
 
 
 
 
 
 
 
 
 
 
 
 
 
 
 
 
 
 
 
 
 
 
 
 
 
 
 
 
 
 
 
 
 
 
 
 
 
 
 
 
 
 
 
 
 
 
 
 
 
 
 
 
 
 
 
 
 
 
 
 
 
 
 
 
 
 
 
 
 
 
 
 
 
 
 
 
 
 
 
 
 
 
 
 
 
 
 
 
 
 
 
 
 
 
 
 
 
 
 
 
 
 
 
 
 
 
 
 
 
 
 
 
 
 
 
 
 
 
 
 
 
 
 
 
 
 
 
 
 
 
 
 
 
 
 
 
 
 
 
 
 
 
 
 
 
 
 
 
 
 
 
 
 
 
 
 
 
 
 
 
 
 
 
 
 
 
 
 
 
 
 
 
 
 
 
 
 
 
 
 
 
 
 
 
 
 
 
 
 
 
 
 
 
 
 
 
 
 
 
 
 
 
 
 
 
 
 
 
 
 
 
 
 
 
 
 
 
 
 
 
 
 
 
 
 
 
 
 
 
 
 
 
 
 
 
 
 
 
 
 
 
 
 
 
 
 
 
 
 
 
 
 
 
 
 
 
 
 
 
 
 
 
 
 
 
 
 
 
 
 
 
 
 
 
 
 
 
 
 
 
 
 
 
 
 
 
 
 
 
 
 
 
 
 
 
 
 
 
 
 
 
 
 
 
 
 
 
 
 
 
 
 
 
 
 
 
 
 
 
 
 
 
 
 
 
 
 
 
 
 
 
 
 
 
 
 
 
 
 
 
 
 
 
 
 
 
 
 
 
 
 
 
 
 
 
 
 
 
 
 
 
 
 
 
 
 
 
 
 
 
 
 
 
 
 
 
 
 
 
 
 
 
 
 
 
 
 
 
 
 
 
 
 
 
 
 
 
 
 
 
 
 
 
 
 
 
 
 
 
 
 
 
 
 
 
 
 
 
 
 
 
 
 
 
 
 
 
 
 
 
 
 
 
 
 
 
 
 
 
 
 
 
 
 
 
 
 
 
 
 
 
 
 
 
 
 
 
 
 
 
 
 
 
 
 
 
 
 
 
 
 
 
 
 
 
 
 
 
 
 
 
 
 
 
 
 
 
 
 
 
 
 
 
 
 
 
 
 
 
 
 
 
 
 
 
 
 
 
 
 
 
 
 
 
 
 
 
 
 
 
 
 
 
 
 
 
 
 
 
 
 
 
 
 
 
 
 
 
 
 
 
 
 
 
 
 
 
 
 
 
 
 
 
 
 
 
 
 
 
 
 
 
 
 
 
 
 
 
 
 
 
 
 
 
 
 
 
 
 
 
 
 
 
 
 
 
 
 
 
 
 
 
 
 
 
 
 
 
 
 
 
 
 
 
 
 
 
 
 
 
 
 
 
 
 
 
 
 
 
 
 
 
 
 
 
 
 
 
 
 
 
 
 
 
 
 
 
 
 
 
 
 
 
 
 
 
 
 
 
 
 
 
 
 
 
 
 
 
 
 
 
 
 
 
 
 
 
 
 
 
 
 
 
 
 
 
 
 
 
 
 
 
 
 
 
 
 
 
 
 
 
 
 
 
 
 
 
 
 
 
 
 
 
 
 
 
 
 
 
 
 
 
 
 
 
 
 
 
 
 
 
 
 
 
 
 
 
 
 
 
 
 
 
 
 
 
 
 
 
 
 
 
 
 
 
 
 
 
 
 
 
 
 
 
 
 
 
 
 
 
 
 
 
 
 
 
 
 
 
 
 
 
 
 
 
 
 
 
 
 
 
 
 
 
 
 
 
 
 
 
 
 
 
 
 
 
 
 
 
 
 
 
 
 
 
 
 
 
 
 
 
 
 
 
 
 
 
 
 
 
 
 
 
 
 
 
 
 
 
 
 
 
 
 
 
 
 
 
 
 
 
 
 
 
 
 
 
 
 
 
 
 
 
 
 
 
 
 
 
 
 
 
 
 
 
 
 
 
 
 
 
 
 
 
 
 
 
 
 
 
 
 
 
 
 
 
 
 
 
 
 
 
 
 
 
 
 
 
 
 
 
 
 
 
 
 
 
 
 
 
 
 
 
 
 
 
 
 
 
 
 
 
 
 
 
 
 
 
 
 
 
 
 
 
 
 
 
 
 
 
 
 
 
 
 
 
 
 
 
 
 
 
 
 
 
 
 
 
 
 
 
 
 
 
 
 
 
 
 
 
 
 
 
 
 
 
 
 
 
 
 
 
 
 
 
 
 
 
 
 
 
 
 
 
 
 
 
 
 
 
 
 
 
 
 
 
 
 
 
 
 
 
 
 
 
 
 
 
 
 
 
 
 
 
 
 
 
 
 
 
 
 
 
 
 
 
 
 
 
 
 
 
 
 
 
 
 
 
 
 
 
 
 
 
 
 
 
 
 
 
 
 
 
 
 
 
 
 
 
 
 
 
 
 
 
 
 
 
 
 
 
 
 
 
 
 
 
 
 
 
 
 
 
 
 
 
 
 
 
 
 
 
 
 
 
 
 
 
 
 
 
 
 
 
 
 
 
 
 
 
 
 
 
 
 
 
 
 
 
 
 
 
 
 
 
 
 
 
 
 
 
 
 
 
 
 
 
 
 
 
 
 
 
 
 
 
 
 
 
 
 
 
 
 
 
 
 
 
 
 
 
 
 
 
 
 
 
 
 
 
 
 
 
 
 
 
 
 
 
 
 
 
 
 
 
 
 
 
 
 
 
 
 
 
 
 
 
 
 
 
 
 
 
 
 
 
 
 
 
 
 
 
 
 
 
 
 
 
 
 
 
 
 
 
 
 
 
 
 
 
 
 
 
 
 
 
 
 
 
 
 
 
 
 
 
 
 
 
 
 
 
 
 
 
 
 
 
 
 
 
 
 
 
 
 
 
 
 
 
 
 
 
 
 
 
 
 
 
 
 
 
 
 
 
 
 
 
 
 
 
 
 
 
 
 
 
 
 
 
 
 
 
 
 
 
 
 
 
 
 
 
 
 
 
 
 
 
 
 
 
 
 
 
 
 
 
 
 
 
 
 
 
 
 
 
 
 
 
 
 
 
 
 
 
 
 
 
 
 
 
 
 
 
 
 
 
 
 
 
 
 
 
 
 
 
 
 
 
 
 
 
 
 
 
 
 
 
 
 
 
 
 
 
 
 
 
 
 
 
 
 
 
 
 
 
 
 
 
 
 
 
 
 
 
 
 
 
 
 
 
 
 
 
 
 
 
 
 
 
 
 
 
 
 
 
 
 
 
 
 
 
 
 
 
 
 
 
 
 
 
 
 
 
 
 
 
 
 
 
 
 
 
 
 
 
 
 
 
 
 
 
 
 
 
 
 
 
 
 
 
 
 
 
 
 
 
 
 
 
 
 
 
 
 
 
 
 
 
 
 
 
 
 
 
 
 
 
 
 
 
 
 
 
 
 
 
 
 
 
 
 
 
 
 
 
 
 
 
 
 
 
 
 
 
 
 
 
 
 
 
 
 
 
 
 
 
 
 
 
 
 
 
 
 
 
 
 
 
 
 
 
 
 
 
 
 
 
 
 
 
 
 
 
 
 
 
 
 
 
 
 
 
 
 
 
 
 
 
 
 
 
 
 
 
 
 
 
 
 
 
 
 
 
 
 
 
 
 
 
 
 
 
 
 
 
 
 
 
 
 
 
 
 
 
 
 
 
 
 
 
 
 
 
 
 
 
 
 
 
 
 
 
 
 
 
 
 
 
 
 
 
 
 
 
 
 
 
 
 
 
 
 
 
 
 
 
 
 
 
 
 
 
 
 
 
 
 
 
 
 
 
 
 
 
 
 
 
 
 
 
 
 
 
 
 
 
 
 
 
 
 
 
 
 
 
 
 
 
 
 
 
 
 
 
 
 
 
 
 
 
 
 
 
 
 
 
 
 
 
 
 
 
 
 
 
 
 
 
 
 
 
 
 
 
 
 
 
 
 
 
 
 
 
 
 
 
 
 
 
 
 
 
 
 
 
 
 
 
 
 
 
 
 
 
 
 
 
 
 
 
 
 
 
 
 
 
 
 
 
 
 
 
 
 
 
 
 
 
 
 
 
 
 
 
 
 
 
 
 
 
 
 
 
 
 
 
 
 
 
 
 
 
 
 
 
 
 
 
 
 
 
 
 
 
 
 
 
 
 
 
 
 
 
 
 
 
 
 
 
 
 
 
 
 
 
 
 
 
 
 
 
 
 
 
 
 
 
 
 
 
 
 
 
 
 
 
 
 
 
 
 
 
 
 
 
 
 
 
 
 
 
 
 
 
 
 
 
 
 
 
 
 
 
 
 
 
 
 
 
 
 
 
 
 
 
 
 
 
 
 
 
 
 
 
 
 
 
 
 
 
 
 
 
 
 
 
 
 
 
 
 
 
 
 
 
 
 
 
 
 
 
 
 
 
 
 
 
 
 
 
 
 
 
 
 
 
 
 
 
 
 
 
 
 
 
 
 
 
 
 
 
 
 
 
 
 
 
 
 
 
 
 
 
 
 
 
 
 
 
 
 
 
 
 
 
 
 
 
 
 
 
 
 
 
 
 
 
 
 
 
 
 
 
 
 
 
 
 
 
 
 
 
 
 
 
 
 
 
 
 
 
 
 
 
 
 
 
 
 
 
 
 
 
 
 
 
 
 
 
 
 
 
 
 
 
 
 
 
 
 
 
 
 
 
 
 
 
 
 
 
 
 
 
 
 
 
 
 
 
 
 
 
 
 
 
 
 
 
 
 
 
 
 
 
 
 
 
 
 
 
 
 
 
 
 
 
 
 
 
 
 
 
 
 
 
 
 
 
 
 
 
 
 
 
 
 
 
 
 
 
 
 
 
 
 
 
 
 
 
 
 
 
 
 
 
 
 
 
 
 
 
 
 
 
 
 
 
 
 
 
 
 
 
 
 
 
 
 
 
 
 
 
 
 
 
 
 
 
 
 
 
 
 
 
 
 
 
 
 
 
 
 
 
 
 
 
 
 
 
 
 
 
 
 
 
 
 
 
 
 
 
 
 
 
 
 
 
 
 
 
 
 
 
 
 
 
 
 
 
 
 
 
 
 
 
 
 
 
 
 
 
 
 
 
 
 
 
 
 
 
 
 
 
 
 
 
 
 
 
 
 
 
 
 
 
 
 
 
 
 
 
 
 
 
 
 
 
 
 
 
 
 
 
 
 
 
 
 
 
 
 
 
 
 
 
 
 
 
 
 
 
 
 
 
 
 
 
 
 
 
 
 
 
 
 
 
 
 
 
 
 
 
 
 
 
 
 
 
 
 
 
 
 
 
 
 
 
 
 
 
 
 
 
 
 
 
 
 
 
 
 
 
 
 
 
 
 
 
 
 
 
 
 
 
 
 
 
 
 
 
 
 
 
 
 
 
 
 
 
 
 
 
 
 
 
 
 
 
 
 
 
 
 
 
 
 
 
 
 
 
 
 
 
 
 
 
 
 
 
 
 
 
 
 
 
 
 
 
 
 
 
 
 
 
 
 
 
 
 
 
 
 
 
 
 
 
 
 
 
 
 
 
 
 
 
 
 
 
 
 
 
 
 
 
 
 
 
 
 
 
 
 
 
 
 
 
 
 
 
 
 
 
 
 
 
 
 
 
 
 
 
 
 
 
 
 
 
 
 
 
 
 
 
 
 
 
 
 
 
 
 
 
 
 
 
 
 
 
 
 
 
 
 
 
 
 
 
 
 
 
 
 
 
 
 
 
 
 
 
 
 
 
 
 
 
 
 
 
 
 
 
 
 
 
 
 
 
 
 
 
 
 
 
 
 
 
 
 
 
 
 
 
 
 
 
 
 
 
 
 
 
 
 
 
 
 
 
 
 
 
 
 
 
 
 
 
 
 
 
 
 
 
 
 
 
 
 
 
 
 
 
 
 
 
 
 
 
 
 
 
 
 
 
 
 
 
 
 
 
 
 
 
 
 
 
 
 
 
 
 
 
 
 
 
 
 
 
 
 
 
 
 
 
 
 
 
 
 
 
 
 
 
 
 
 
 
 
 
 
 
 
 
 
 
 
 
 
 
 
 
 
 
 
 
 
 
 
 
 
 
 
 
 
 
 
 
 
 
 
 
 
 
 
 
 
 
 
 
 
 
 
 
 
 
 
 
 
 
 
 
 
 
 
 
 
 
 
 
 
 
 
 
 
 
 
 
 
 
 
 
 
 
 
 
 
 
 
 
 
 
 
 
 
 
 
 
 
 
 
 
 
 
 
 
 
 
 
 
 
 
 
 
 
 
 
 
 
 
 
 
 
 
 
 
 
 
 
 
 
 
 
 
 
 
 
 
 
 
 
 
 
 
 
 
 
 
 
 
 
 
 
 
 
 
 
 
 
 
 
 
 
 
 
 
 
 
 
 
 
 
 
 
 
 
 
 
 
 
 
 
 
 
 
 
 
 
 
 
 
 
 
 
 
 
 
 
 
 
 
 
 
 
 
 
 
 
 
 
 
 
 
 
 
 
 
 
 
 
 
 
 
 
 
 
 
 
 
 
 
 
 
 
 
 
 
 
 
 
 
 
 
 
 
 
 
 
 
 
 
 
 
 
 
 
 
 
 
 
 
 
 
 
 
 
 
 
 
 
 
 
 
 
 
 
 
 
 
 
 
 
 
 
 
 
 
 
 
 
 
 
 
 
 
 
 
 
 
 
 
 
 
 
 
 
 
 
 
 
 
 
 
 
 
 
 
 
 
 
 
