0.0 0.0
0.01 2.33708662e-07
0.02 2.3509508e-07
0.03 2.38319076e-07
0.04 2.43936218e-07
0.05 2.55739019e-07
0.06 2.98998395e-07
0.07 4.16034716e-07
0.08 5.61884639e-07
0.09 4.81481372e-07
0.1 -1.14541395e-07
0.11 -1.114613141e-06
0.12 -1.929063532e-06
0.13 -2.429457115e-06
0.14 -3.793938589e-06
0.15 -6.427601955e-06
0.16 -7.82068547e-06
0.17 -6.296094028e-06
0.18 -3.959740849e-06
0.19 -3.726126047e-06
0.2 -6.045414047e-06
0.21 -5.935330978e-06
0.22 6.69657125e-07
0.23 9.320305774e-06
0.24 1.5567653566e-05
0.25 1.3177327158e-05
0.26 -3.946856475e-06
0.27 -2.1040019708e-05
0.28 -2.173737275e-05
0.29 -1.5338787864e-05
0.3 -1.2082888085e-05
0.31 -4.941424816e-06
0.32 1.0497093671e-05
0.33 1.9816385835e-05
0.34 6.105684516e-06
0.35 -2.025796259e-05
0.36 -3.6386776198e-05
0.37 -3.1209091614e-05
0.38 -1.7033206494e-05
0.39 -2.5250981255e-05
0.4 -6.7474368542e-05
0.41 -0.000122703639111
0.42 -0.000130735832884
0.43 -4.896728217e-05
0.44 4.2480058928e-05
0.45 5.0042792778e-05
0.46 2.5484802291e-05
0.47 4.497390343e-05
0.48 8.6887282465e-05
0.49 0.000108449289847
0.5 4.5586573724e-05
0.51 -0.000127178119079
0.52 -0.000251903166993
0.53 -0.000201415570954
0.54 -7.2793504909e-05
0.55 -1.792412894e-05
0.56 -6.4291972135e-05
0.57 -8.9777471236e-05
0.58 -6.998935506e-06
0.59 5.5771814597e-05
0.6 9.237259213e-06
0.61 -7.6107784266e-05
0.62 -9.9321926534e-05
0.63 -1.8512081335e-05
0.64 7.5592830435e-05
0.65 6.1375855074e-05
0.66 -0.000119949787793
0.67 -0.000287550168304
0.68 -0.000166767401745
0.69 2.3706439283e-05
0.7 -3.8075773447e-05
0.71 -0.00010970986047
0.72 3.2972530259e-05
0.73 0.00012161329384
0.74 2.6903694539e-05
0.75 -3.1354963714e-05
0.76 -5.2674056758e-05
0.77 -0.00016284006372
0.78 -0.000298602479932
0.79 -0.000331011831952
0.8 -0.000342911485467
0.81 -0.00043474448892
0.82 -0.000385664852106
0.83 -0.000138155050814
0.84 -2.0576803074e-05
0.85 -1.6383147267e-05
0.86 0.000196004540351
0.87 0.000335084151897
0.88 5.3030616846e-05
0.89 -0.00018547259
0.9 -0.000140356231284
0.91 -0.000201448773196
0.92 -0.000170892420424
0.93 0.000170203582322
0.94 0.000277557433568
0.95 -2.5758326887e-05
0.96 -0.000296064576725
0.97 -0.000347465564089
0.98 -0.000266138893932
0.99 -0.000269156170326
1.0 -0.000294895413851
1.01 -0.000138280563873
1.02 3.1786662188e-05
1.03 0.000182553995501
1.04 0.000439488358733
1.05 0.000506185230396
1.06 6.1657640118e-05
1.07 -0.000478199036715
1.08 -0.000497562828739
1.09 -3.7671726255e-05
1.1 0.000200082617382
1.11 -8.9593085696e-05
1.12 -0.000339068018402
1.13 -2.6244763847e-05
1.14 0.000330289292401
1.15 0.000304008552204
1.16 0.00034419543075
1.17 0.00048317977757
1.18 0.000318006612574
1.19 0.000186598981476
1.2 0.000309886881027
1.21 0.000185441485675
1.22 -0.000146394037597
1.23 -0.000363655975968
1.24 -0.000210004612505
1.25 3.7013134627e-05
1.26 -0.000359076962791
1.27 -0.000963666691333
1.28 -0.000811458329927
1.29 -0.000536684467687
1.3 -0.000995836305424
1.31 -0.001432649122876
1.32 -0.00102790194442
1.33 -0.000112965195397
1.34 0.000603113373646
1.35 0.000754796546448
1.36 0.000469749051
1.37 9.0338671888e-05
1.38 -0.000270652007149
1.39 -0.000226558302077
1.4 -5.6033868239e-05
1.41 -0.000593259782354
1.42 -0.001183121639456
1.43 -0.000919732819078
1.44 -0.000506247787509
1.45 -0.000496874521526
1.46 -0.000505939353404
1.47 -0.000167714135539
1.48 0.000451869719194
1.49 0.000618975224345
1.5 0.000389393505027
1.51 0.00050748138286
1.52 0.001034626832783
1.53 0.001482257132662
1.54 0.00156851536771
1.55 0.001094056426131
1.56 -0.000174352273228
1.57 -0.001090297049844
1.58 -0.000459197934874
1.59 0.000428089704258
1.6 -7.9353622338e-05
1.61 -0.001094501451902
1.62 -0.001063726630127
1.63 8.8750247535e-05
1.64 0.001509123075596
1.65 0.0020561461605
1.66 0.001231925156294
1.67 0.000174852690001
1.68 -0.000300921410003
1.69 -0.000707810747864
1.7 -0.001433386902563
1.71 -0.002026845512465
1.72 -0.002241092338952
1.73 -0.002066744042783
1.74 -0.001339288517981
1.75 -0.000540285520735
1.76 -0.00028139557082
1.77 -0.00016883822508
1.78 0.000144811131268
1.79 0.000108229440475
1.8 -0.000375130413674
1.81 -0.000620256156728
1.82 -0.000335762792201
1.83 0.000301701185425
1.84 0.000756749083192
1.85 0.00090123745923
1.86 0.000787711188226
1.87 0.000681737989872
1.88 0.000769156221805
1.89 0.000929371967232
1.9 0.000666979633507
1.91 -0.000377490475875
1.92 -0.000879574210233
1.93 -5.6007742139e-05
1.94 0.000617853443137
1.95 0.000298712284715
1.96 0.000103048016922
1.97 0.000505459309411
1.98 0.001129687862168
1.99 0.001957419951645
2.0 0.001917433351711
2.01 0.00022819320753
2.02 -0.001125794870606
2.03 -0.000714371482822
2.04 -0.000429141207967
2.05 -0.001684649350045
2.06 -0.002481275673494
2.07 -0.001679284800625
2.08 -0.000340778916888
2.09 0.000719200901642
2.1 0.001199715555611
2.11 0.000409104300777
2.12 -0.000967410641623
2.13 -0.00082648608103
2.14 -4.3254825395e-05
2.15 -0.000457708323952
2.16 -0.00131005281272
2.17 -0.001226396194077
2.18 -0.000251846551382
2.19 0.000395518000833
2.2 0.000339801944669
2.21 4.9480609828e-05
2.22 -0.000346191722114
2.23 -0.000592198893317
2.24 -0.000692346665842
2.25 -0.0005199875841
2.26 0.000128988907083
2.27 0.000935114087154
2.28 0.001717661622427
2.29 0.002245753584868
2.3 0.002222086444651
2.31 0.001765222277832
2.32 0.001526568846361
2.33 0.001442502383438
2.34 0.000978420239019
2.35 -0.000156346920799
2.36 -0.001707656896646
2.37 -0.002664942284856
2.38 -0.002554059676706
2.39 -0.002010315223759
2.4 -0.001355017387324
2.41 -0.000326019570975
2.42 0.000480543985496
2.43 0.000630392258094
2.44 0.000967278274459
2.45 0.001401882339809
2.46 0.000887587711233
2.47 3.8216879086e-05
2.48 -0.000175617671813
2.49 -0.000391058031767
2.5 -0.001157150376006
2.51 -0.001806243066782
2.52 -0.001627520927117
2.53 -0.001082007005904
2.54 -0.000361644517961
2.55 0.000786399281585
2.56 0.002068357858292
2.57 0.003052968256977
2.58 0.003445147615304
2.59 0.002846161422167
2.6 0.00127145502156
2.61 -0.000392689717029
2.62 -0.00150009164148
2.63 -0.00246413360779
2.64 -0.003620900118532
2.65 -0.003966301380765
2.66 -0.003221168154655
2.67 -0.002367793293028
2.68 -0.001995674093314
2.69 -0.001423155640975
2.7 -0.000558709013049
2.71 2.1739111364e-05
2.72 0.00140958255008
2.73 0.003401069080314
2.74 0.003688040398376
2.75 0.002583608965752
2.76 0.002312282219313
2.77 0.002777802403221
2.78 0.002591747009815
2.79 0.001684720390585
2.8 0.000181988714996
2.81 -0.002600029006135
2.82 -0.004671831351441
2.83 -0.004216165744371
2.84 -0.00324933315172
2.85 -0.002719034694739
2.86 -0.001313353286642
2.87 0.001060489556563
2.88 0.003041325252825
2.89 0.003186313580186
2.9 0.001553907565131
2.91 -0.001387527795413
2.92 -0.004546687014374
2.93 -0.006260553694926
2.94 -0.006420790202289
2.95 -0.006182386222776
2.96 -0.006784126034512
2.97 -0.007145368554229
2.98 -0.005592785736065
2.99 -0.003355226455124
3.0 -0.001855553203196
3.01 -0.001121463235515
3.02 -0.001282336195309
3.03 -0.001173814349219
3.04 0.000409891839379
3.05 0.00271609192775
3.06 0.003755985174804
3.07 0.003812708734989
3.08 0.003975809308996
3.09 0.003556916444901
3.1 0.000732126815225
3.11 -0.003526839064
3.12 -0.00634477497621
3.13 -0.005901562069035
3.14 -0.002807516624074
3.15 0.00106420613309
3.16 0.003756224519908
3.17 0.002984814375709
3.18 0.001077546782231
3.19 0.000162210338659
3.2 -0.001534612933255
3.21 -0.005057720575507
3.22 -0.008474864155171
3.23 -0.007975531012706
3.24 -0.005010555024231
3.25 -0.002639433513962
3.26 -0.001357276295131
3.27 -0.00194962882858
3.28 -0.002823730612845
3.29 -0.001378503113923
3.3 0.002609046142374
3.31 0.006129057107848
3.32 0.005085230183113
3.33 0.002240651985972
3.34 0.001221876702573
3.35 0.002263046352242
3.36 0.002825908985318
3.37 0.001763344681872
3.38 -0.000501118819967
3.39 -0.002667755345934
3.4 -0.002481674314053
3.41 -0.000407667182617
3.42 0.001311860970363
3.43 0.001823448993677
3.44 0.002748791395962
3.45 0.004269501984964
3.46 0.004379544653231
3.47 0.000805078903803
3.48 -0.005244432267482
3.49 -0.009997528713675
3.5 -0.011256721603572
3.51 -0.010469148412272
3.52 -0.0095269137745
3.53 -0.008051164562606
3.54 -0.005201282902441
3.55 -0.000107638395788
3.56 0.007013736429769
3.57 0.0116028579381
3.58 0.011378634690594
3.59 0.008861094994925
3.6 0.007280228554021
3.61 0.006979508190097
3.62 0.006990528089567
3.63 0.005028383080036
3.64 0.002877950996494
3.65 0.002878155836886
3.66 0.003454000383247
3.67 0.003131147945957
3.68 0.001351635888185
3.69 0.000244695215006
3.7 -0.000233216200011
3.71 -0.000505984883398
3.72 0.001129708483051
3.73 0.005218810367466
3.74 0.01080793799914
3.75 0.012946675146405
3.76 0.011587380488919
3.77 0.007817569299
3.78 0.001046081783649
3.79 -0.008346006637152
3.8 -0.014703411228434
3.81 -0.016328956224381
3.82 -0.015715629181814
3.83 -0.011995811145557
3.84 -0.006866607383195
3.85 -7.0324149344e-05
3.86 0.006064874136611
3.87 0.012515189004837
3.88 0.018402346027224
3.89 0.025293831364283
3.9 0.027193819832507
3.91 0.025491718634092
3.92 0.01986712257389
3.93 0.008746259481005
3.94 -0.007878954079448
3.95 -0.023332801630041
3.96 -0.021397376373672
3.97 -0.022145706664629
3.98 -0.01234693017806
3.99 -0.002612280201646
4.0 0.009965446978144
4.01 0.019572027392143
4.02 0.027159869607744
4.03 0.027128930410683
4.04 0.015045686693167
4.05 0.001571294251973
4.06 -0.008914742835577
4.07 -0.009569457858727
4.08 -0.01743982124387
4.09 -0.022433178507625
4.1 -0.020213846200082
4.11 -0.020529436934782
4.12 -0.015680252431254
4.13 -0.01085131000387
4.14 -0.004626677621476
4.15 0.009298277213193
4.16 0.023039436723215
4.17 0.034973048317838
4.18 0.03775315016445
4.19 0.033619413934378
4.2 0.026435000569257
4.21 0.010744089388742
4.22 -0.006757982804089
4.23 -0.02760932916768
4.24 -0.030222766938922
4.25 -0.031694455124509
4.26 -0.020680656766974
4.27 -0.007912356187592
4.28 0.005116405753942
4.29 0.018909225365693
4.3 0.022230355557727
4.31 0.021462563856723
4.32 0.017370313593368
4.33 0.010660286733054
4.34 0.007498134584197
4.35 0.012360186767649
4.36 0.007395294335314
4.37 -0.003316170512735
4.38 -0.00598063856672
4.39 -0.005696194935993
4.4 0.001249601370596
4.41 0.003625061882813
4.42 0.004822359288053
4.43 0.002576660641153
4.44 -1.4478260183e-05
4.45 -0.00047252932087
4.46 -0.004835739819981
4.47 -0.010499615613605
4.48 -0.01290199581895
4.49 -0.007302509283489
4.5 0.00414619088701
4.51 0.024170138777065
4.52 0.039685375948783
4.53 0.046656715408435
4.54 0.045493841900791
4.55 0.036667407091469
4.56 0.024662200868909
4.57 0.0264038779936
4.58 0.017142718612102
4.59 0.00904142493945
4.6 -0.006047883294663
4.61 -0.019074808378721
4.62 -0.022693318552597
4.63 -0.030021267427461
4.64 -0.034134260983427
4.65 -0.037709179690414
4.66 -0.038702155787981
4.67 -0.029791522523673
4.68 -0.018670908232958
4.69 -0.009732212585827
4.7 -0.010398863450727
4.71 -0.021982193541765
4.72 -0.034133246467522
4.73 -0.033295274028773
4.74 -0.011104928097031
4.75 0.010464077379606
4.76 0.016538402591717
4.77 0.036633155921386
4.78 0.050289858574524
4.79 0.06800393982667
4.8 0.078446650510202
4.81 0.079196121241742
4.82 0.069987922929051
4.83 0.068498169590851
4.84 0.076508775845483
4.85 0.088809270372892
4.86 0.100192934479849
4.87 0.101861044358228
4.88 0.11656045450595
4.89 0.121463330154862
4.9 0.128604251586649
4.91 0.128704552099419
4.92 0.122833246074217
4.93 0.086670083256067
4.94 0.031269922467613
4.95 0.013600451140245
4.96 0.016401117930222
4.97 0.006719065998348
4.98 0.001192335823007
4.99 -0.008275596872649
5.0 -0.017731216781454
5.01 -0.023344774715407
5.02 -0.028635250464786
5.03 -0.034902816816865
5.04 -0.048497327469116
5.05 -0.059437906144463
5.06 -0.048216010565644
5.07 -0.026229949778816
5.08 -0.02507564529536
5.09 -0.036432599549859
5.1 -0.057597607698681
5.11 -0.079617668246335
5.12 -0.100960364268298
5.13 -0.111509102635287
5.14 -0.14335122082405
5.15 -0.148627417371473
5.16 -0.153247009942359
5.17 -0.119803117650314
5.18 -0.139842672832923
5.19 -0.103947520410207
5.2 -0.08479554343875
5.21 -0.041114837482935
5.22 -0.06861887086235
5.23 -0.07026911598481
5.24 -0.063947265774696
5.25 -0.06894128227862
5.26 -0.081667062588895
5.27 -0.071611229866059
5.28 -0.06340655262192
5.29 -0.055019304458151
5.3 -0.036059186116881
5.31 0.000935016263363
5.32 0.028835519604155
5.33 0.028670316578073
5.34 0.036109456083134
5.35 0.056565548567907
5.36 0.07377982605324
5.37 0.07714602763291
5.38 0.09625145035104
5.39 0.105987906108843
5.4 0.113706446055219
5.41 0.109945576908196
5.42 0.099143125545789
5.43 0.074342046807944
5.44 0.044964859129329
5.45 0.010189387948478
5.46 -0.010291422354262
5.47 -0.005388833586291
5.48 0.008113018195866
5.49 0.018610935071638
5.5 0.035308278999445
5.51 0.047857477467692
5.52 0.048968879562137
5.53 0.025625204176382
5.54 -0.009214311744531
5.55 -0.05009237241239
5.56 -0.094761632314264
5.57 -0.124804906590252
5.58 -0.133588133391791
5.59 -0.132297199149208
5.6 -0.127353437378515
5.61 -0.123492423803536
5.62 -0.104614378785967
5.63 -0.095336202763588
5.64 -0.091448953684614
5.65 -0.096525069902254
5.66 -0.101285028111132
5.67 -0.110248125408125
5.68 -0.102849069434008
5.69 -0.073121803867574
5.7 -0.084881209069813
5.71 -0.095456792518937
5.72 -0.118496973245419
5.73 -0.128119237081858
5.74 -0.119297316302091
5.75 -0.121143973197842
5.76 -0.110306079400435
5.77 -0.103106471900971
5.78 -0.076469154297918
5.79 -0.016457241584986
5.8 -0.003846746232872
5.81 0.000257041608825
5.82 -0.006213661603467
5.83 -0.018272428062422
5.84 -0.025784318857656
5.85 -0.015778580116203
5.86 -0.003697200817007
5.87 0.006802088983952
5.88 0.022455265982603
5.89 0.037031637740616
5.9 0.045286898075843
5.91 0.027451880914649
5.92 -0.057009864897699
5.93 -0.119936663922708
5.94 -0.099052500254126
5.95 -0.122312654512408
5.96 -0.091798809713369
5.97 -0.081039618303175
5.98 -0.042782110117289
5.99 -0.003570753173281
6.0 0.073122435816761
6.01 0.101278827155995
6.02 0.100733365189272
6.03 0.065008977023222
6.04 0.043322090503256
6.05 0.046473318175777
6.06 0.068432298007091
6.07 0.080814134319538
6.08 0.094414161565462
6.09 0.127109536077681
6.1 0.146617108573015
6.11 0.173796086028921
6.12 0.204986525393183
6.13 0.208259263200086
6.14 0.204659547446467
6.15 0.214317770251689
6.16 0.222476420953563
6.17 0.231173388734383
6.18 0.235439132254132
6.19 0.232163239591481
6.2 0.172400877218492
6.21 0.112264357506198
6.22 0.083844759025242
6.23 0.068060129395474
6.24 0.064045815599765
6.25 0.039667772591815
6.26 0.024398809512557
6.27 0.009435649349142
6.28 -0.001501811089252
6.29 -0.013111813119224
6.3 -0.030237412675906
6.31 -0.06355854956897
6.32 -0.098571387845483
6.33 -0.106296007715269
6.34 -0.090064775029634
6.35 -0.073213654677791
6.36 -0.057105940078645
6.37 -0.051421077238152
6.38 -0.04467568788825
6.39 -0.029595383652342
6.4 -0.015417553941077
6.41 -0.011318808034865
6.42 -0.031769693852659
6.43 -0.04618406935553
6.44 -0.046558278084809
6.45 -0.019077762603708
6.46 0.036952123356727
6.47 0.066944332217953
6.48 0.06820290928477
6.49 0.062255301394913
6.5 0.072203936749504
6.51 0.04919857680212
6.52 0.018386461520046
6.53 -0.013653785866566
6.54 -0.011144810391489
6.55 -0.005624428469697
6.56 0.03361722309286
6.57 0.065531961900207
6.58 0.088313485685317
6.59 0.083334858692593
6.6 0.07309245037592
6.61 0.057363362640094
6.62 0.050152199331148
6.63 0.047532010191579
6.64 0.042145045096506
6.65 0.038562907659926
6.66 0.008716111085303
6.67 -0.037399979730401
6.68 -0.036825596073075
6.69 -0.050993657717675
6.7 -0.055257091211416
6.71 -0.05395244649738
6.72 -0.041022596751705
6.73 -0.011389042778257
6.74 0.020141255812641
6.75 0.064304931485859
6.76 0.102034452874112
6.77 0.062480366117295
6.78 0.043105787464296
6.79 0.0459357802491
6.8 0.053188795870376
6.81 0.066028175414686
6.82 0.077590622962698
6.83 0.066476883746815
6.84 0.053196705897689
6.85 0.076534107467205
6.86 0.117500464607377
6.87 0.125733339309746
6.88 0.100531343448648
6.89 0.071686272742997
6.9 0.107465035632204
6.91 0.135115467367061
6.92 0.15611547697649
6.93 0.161225361739908
6.94 0.15913113488656
6.95 0.170309613203899
6.96 0.177149732457937
6.97 0.190950287562547
6.98 0.165600078274075
6.99 0.137648982447495
7.0 0.112410744928902
7.01 0.100739114666913
7.02 0.111027074848737
7.03 0.099422325463656
7.04 0.080150369310275
7.05 0.069640582083611
7.06 0.074547846050569
7.07 0.066512669587312
7.08 0.030584382681615
7.09 -0.015626650205615
7.1 -0.072941025975816
7.11 -0.130976188317352
7.12 -0.18854406204616
7.13 -0.239251122124072
7.14 -0.266556858928346
7.15 -0.304293478950352
7.16 -0.347218613770418
7.17 -0.406422350797476
7.18 -0.42803894845976
7.19 -0.426000768685286
7.2 -0.429570348318284
7.21 -0.429610344855786
7.22 -0.4431022635929
7.23 -0.458653511806017
7.24 -0.456860458408937
7.25 -0.449510812623633
7.26 -0.420853766353734
7.27 -0.344429878094593
7.28 -0.129937468386695
7.29 -0.191037667327972
7.3 -0.237506681497398
7.31 -0.188272885562853
7.32 -0.218449558281247
7.33 -0.182424178915577
7.34 -0.175502206423657
7.35 -0.166849846388706
7.36 -0.139748543799486
7.37 -0.092385801239578
7.38 -0.01650309386871
7.39 0.098604223681298
7.4 0.217421609789833
7.41 0.272994134066645
7.42 0.274347548065107
7.43 0.301612773003016
7.44 0.337688572247038
7.45 0.333654836556345
7.46 0.332800766094891
7.47 0.343335037918667
7.48 0.336024377796332
7.49 0.342125598884868
7.5 0.368366197836651
7.51 0.387643529171592
7.52 0.412843858475359
7.53 0.439543742541562
7.54 0.447670592321902
7.55 0.445601699079449
7.56 0.447913836126902
7.57 0.435371570752571
7.58 0.286965571718732
7.59 0.067771650023996
7.6 0.1449573387969
7.61 0.090446197567084
7.62 0.064460459464245
7.63 0.067056750861671
7.64 0.039928560955538
7.65 0.023858961451455
7.66 0.005270422366101
7.67 -0.015854396402202
7.68 -0.060760823772549
7.69 -0.138880842304259
7.7 -0.257055617356173
7.71 -0.353937615378908
7.72 -0.356765574821825
7.73 -0.339068997527994
7.74 -0.363823754374631
7.75 -0.370569530482147
7.76 -0.352348557788122
7.77 -0.346882669934416
7.78 -0.341706301567337
7.79 -0.325633710272717
7.8 -0.315701851639455
7.81 -0.312325082591208
7.82 -0.327220098901822
7.83 -0.353090268156302
7.84 -0.377199894440405
7.85 -0.373179833800452
7.86 -0.350507147061275
7.87 -0.280186334456396
7.88 -0.166411830402318
7.89 -0.088750494532378
7.9 -0.062206974956373
7.91 -0.031566905021877
7.92 -0.022958502918339
7.93 -0.028266648521301
7.94 -0.041320470344215
7.95 -0.057788088902411
7.96 -0.078217627524244
7.97 -0.092724242312695
7.98 -0.083423416045248
7.99 -0.052438607570345
8.0 -0.000111941408802
8.01 0.009268646365406
8.02 -0.012164808821047
8.03 -0.018687072499017
8.04 -0.025052103636282
8.05 -0.026342359743386
8.06 -0.044437341716558
8.07 -0.063981252822975
8.08 -0.067627018163191
8.09 -0.036955436241149
8.1 0.026282189175402
8.11 0.061957678734624
8.12 0.063994030882689
8.13 0.081910997268525
8.14 0.070690799194003
8.15 0.063304363258982
8.16 0.061418461521164
8.17 0.022434650451361
8.18 0.025321118584033
8.19 0.131403109810645
8.2 0.204121635294305
8.21 0.227594467157727
8.22 0.302582113966871
8.23 0.33781970732655
8.24 0.32583408954399
8.25 0.329664797476038
8.26 0.321985526598642
8.27 0.301234367740796
8.28 0.298709382198405
8.29 0.305214604906093
8.3 0.312834821998582
8.31 0.347296730702446
8.32 0.392115210887777
8.33 0.434407124181425
8.34 0.464749841420476
8.35 0.467171163481054
8.36 0.464015506993365
8.37 0.463635216350514
8.38 0.424989508662656
8.39 0.359003280913987
8.4 0.060768447445709
8.41 0.095194764562422
8.42 0.095502806227187
8.43 0.048900445406056
8.44 0.043718553505372
8.45 0.03868629813366
8.46 0.013109647296607
8.47 -0.009977223603475
8.48 -0.032744271403219
8.49 -0.067290838017275
8.5 -0.134900606191187
8.51 -0.243450498772406
8.52 -0.365738275424897
8.53 -0.396687318591303
8.54 -0.358080375873461
8.55 -0.377838461109778
8.56 -0.401650949007761
8.57 -0.398642180978595
8.58 -0.425279322619141
8.59 -0.455653834465573
8.6 -0.486198049615834
8.61 -0.518416113174423
8.62 -0.536952687835302
8.63 -0.541740871422506
8.64 -0.533622426600073
8.65 -0.51859305199536
8.66 -0.501501074690943
8.67 -0.49680193241824
8.68 -0.455769509043877
8.69 -0.342349846899272
8.7 -0.233470432483416
8.71 -0.181344383615067
8.72 -0.190690258341657
8.73 -0.171237083905353
8.74 -0.142767691896117
8.75 -0.109152382504637
8.76 -0.061063675308304
8.77 0.000529970799278
8.78 0.064352273246328
8.79 0.11278958441967
8.8 0.170452706723343
8.81 0.257923053486212
8.82 0.328083995251563
8.83 0.361416779248299
8.84 0.372476530586143
8.85 0.370576622664805
8.86 0.375403595490684
8.87 0.383882226190121
8.88 0.383217868658518
8.89 0.384902406862184
8.9 0.391623518408268
8.91 0.397295545288708
8.92 0.402779075488483
8.93 0.413108756866106
8.94 0.424639549695905
8.95 0.420994170207432
8.96 0.433731127397846
8.97 0.466469258460759
8.98 0.434341988200921
8.99 0.442115721903468
9.0 0.349133332345088
9.01 0.283308198591962
9.02 0.166038647593326
9.03 0.142584639163437
9.04 0.117653786807907
9.05 0.10427409460001
9.06 0.078799328920034
9.07 0.066535097509486
9.08 0.055906093406896
9.09 0.047562350663631
9.1 0.033413930777254
9.11 0.016949550623295
9.12 -0.017547383845845
9.13 -0.069606927160659
9.14 -0.122195385539969
9.15 -0.15528957726005
9.16 -0.172429935318054
9.17 -0.195089566745879
9.18 -0.233928049167408
9.19 -0.272833153728797
9.2 -0.305369443128737
9.21 -0.335172625794877
9.22 -0.353762565757566
9.23 -0.365479635095216
9.24 -0.369435207156483
9.25 -0.372839806371001
9.26 -0.379435830471665
9.27 -0.38114348315037
9.28 -0.377637429542794
9.29 -0.364381217416144
9.3 -0.345799297190416
9.31 -0.280641308639158
9.32 -0.033984292372516
9.33 -0.209327581978793
9.34 -0.14986361864981
9.35 -0.221629106735415
9.36 -0.234214249789825
9.37 -0.274480347779255
9.38 -0.327956501355281
9.39 -0.369119962059177
9.4 -0.367521276533646
9.41 -0.333416683512055
9.42 -0.249079631117536
9.43 -0.076885916938428
9.44 -0.067920530453178
9.45 -0.073853525099615
9.46 -0.02876110892899
9.47 -0.010583185575078
9.48 -0.008422110068214
9.49 -0.01547645524006
9.5 -0.06705913726242
9.51 0.04761401558456
9.52 0.035503435521664
9.53 0.108662541058017
9.54 0.131239355964258
9.55 0.185720383829401
9.56 0.222050733189763
9.57 0.264323089021299
9.58 0.305572308604405
9.59 0.345115568631806
9.6 0.368610963422262
9.61 0.362379716869081
9.62 0.35119618810353
9.63 0.361988271131313
9.64 0.398957598572228
9.65 0.43443066428973
9.66 0.437658940089718
9.67 0.443329982405427
9.68 0.456921677536946
9.69 0.442369486590199
9.7 0.43725018035699
9.71 0.446784762129916
9.72 0.433963363277484
9.73 0.308135313125593
9.74 0.203625597725967
9.75 0.174756420471538
9.76 0.184397546405757
9.77 0.156225520822704
9.78 0.143416593498987
9.79 0.131021979739027
9.8 0.103889771833018
9.81 0.068345638855356
9.82 0.033598089116782
9.83 -0.021414612577735
9.84 -0.088149199104447
9.85 -0.172315010797925
9.86 -0.232139290694662
9.87 -0.250354795720537
9.88 -0.243088716256917
9.89 -0.239744321228793
9.9 -0.244268763327973
9.91 -0.246974891922845
9.92 -0.256414683030471
9.93 -0.273885688954142
9.94 -0.303348414149321
9.95 -0.334251408559662
9.96 -0.363845392157718
9.97 -0.395600144493267
9.98 -0.42006600444934
9.99 -0.430476940068418
10.0 -0.422082632271779
10.01 -0.390848877013256
10.02 -0.27124166903656
10.03 0.026077296170008
10.04 -0.083018698809325
10.05 -0.034538011271336
10.06 -0.042104779435516
10.07 -0.061783740213432
10.08 -0.064216038752005
10.09 -0.075579708562824
10.1 -0.085151440224122
10.11 -0.092089488248911
10.12 -0.081162320439182
10.13 -0.034355170665035
10.14 0.084818811253209
10.15 0.212631928136733
10.16 0.202901078649268
10.17 0.179528365488424
10.18 0.251821161041256
10.19 0.252776652814027
10.2 0.277850660832011
10.21 0.325903884777923
10.22 0.33243896752014
10.23 0.366893829154356
10.24 0.379283274150383
10.25 0.390190287958718
10.26 0.410004521074626
10.27 0.414969277362258
10.28 0.413019785099556
10.29 0.399396890414962
10.3 0.382544360562906
10.31 0.130616408424677
10.32 -0.118157397877939
10.33 0.052643795293005
10.34 -0.076961468079495
10.35 0.008668795352307
10.36 -0.004485202810077
10.37 0.003546743347078
10.38 0.009037751188515
10.39 0.027425445883567
10.4 0.040991562735865
10.41 0.043688364194141
10.42 0.007598823628802
10.43 -0.100800896826519
10.44 -0.229027477277429
10.45 -0.195254579314358
10.46 -0.131540883993439
10.47 -0.18412920039213
10.48 -0.08696733059321
10.49 -0.163442385785336
10.5 -0.145658838720719
10.51 -0.186832187700683
10.52 -0.191688141326616
10.53 -0.208429857676341
10.54 -0.187539627578115
10.55 -0.216990812906505
10.56 -0.193587432823262
10.57 -0.208841952173798
10.58 -0.179524813207605
10.59 -0.190175970377386
10.6 -0.157273199199242
10.61 -0.067271924679987
10.62 -0.028743472220076
10.63 -0.087340401140591
10.64 -0.040740453684279
10.65 -0.081386682830023
10.66 -0.0788874244843
10.67 -0.107323571316638
10.68 -0.097668203912175
10.69 -0.094375602388801
10.7 -0.109441316056286
10.71 -0.077014569876416
10.72 -0.014443142879332
10.73 0.019641082931847
10.74 0.027173295787295
10.75 0.007667960159627
10.76 0.039365909553429
10.77 0.025504136071399
10.78 0.010539752502916
10.79 0.002517601179746
10.8 -0.030601604561117
10.81 -0.030464795663225
10.82 -0.045646118944569
10.83 -0.038293983993226
10.84 -0.052093247349502
10.85 -0.072696221139626
10.86 -0.090819743262454
10.87 -0.115002537415813
10.88 -0.128898012539913
10.89 -0.113350713248323
10.9 -0.104276102179229
10.91 -0.091178529553918
10.92 -0.064842357447746
10.93 -0.001421791868088
10.94 -0.010309774158213
10.95 -0.000139660725268
10.96 -0.017043089490011
10.97 -0.023653663055345
10.98 -0.043563373686027
10.99 -0.046759130579401
11.0 -0.044492730210754
11.01 -0.022051471569506
11.02 0.016544023243228
11.03 0.054155875202949
11.04 0.09510478082278
11.05 0.118123626829472
11.06 0.134543859168938
11.07 0.161234933932684
11.08 0.211691523347434
11.09 0.223867015175779
11.1 0.218890630885143
11.11 0.224241588559004
11.12 0.251234443171969
11.13 0.267062472829507
11.14 0.275939034363543
11.15 0.294596377353072
11.16 0.296199938461914
11.17 0.28909819166737
11.18 0.293211483809998
11.19 0.304670938366569
11.2 0.31281435343414
11.21 0.310427636186415
11.22 0.293772709374872
11.23 0.236677537518118
11.24 0.152618049103637
11.25 0.208951657084391
11.26 0.175791770596162
11.27 0.204634240535668
11.28 0.167688964439886
11.29 0.166239028220276
11.3 0.127251179759356
11.31 0.109153050101559
11.32 0.07262194271437
11.33 0.023171105821791
11.34 -0.039829600769432
11.35 -0.111960630542695
11.36 -0.161462047670269
11.37 -0.171679422403639
11.38 -0.195770077369788
11.39 -0.23327821140571
11.4 -0.258302542690872
11.41 -0.290667829460875
11.42 -0.318020472231212
11.43 -0.31816982594352
11.44 -0.328027632880596
11.45 -0.33713072527997
11.46 -0.325922694528707
11.47 -0.310590941952526
11.48 -0.30019564579835
11.49 -0.306593638925329
11.5 -0.318900192764058
11.51 -0.330234039785022
11.52 -0.301528450389653
11.53 -0.198363453232168
11.54 -0.144810395530454
11.55 -0.177069301558516
11.56 -0.148398226785009
11.57 -0.132190054412277
11.58 -0.103866963632813
11.59 -0.069535396428715
11.6 -0.038147942742246
11.61 -0.025741231108241
11.62 -0.009831757430328
11.63 0.018591554367074
11.64 0.074048653781283
11.65 0.135095390650412
11.66 0.160171660283949
11.67 0.146668528416009
11.68 0.147150469956285
11.69 0.170289171611018
11.7 0.184600758062329
11.71 0.203782149748973
11.72 0.226095624387638
11.73 0.241734635824522
11.74 0.256555929923789
11.75 0.264815419020788
11.76 0.275443323436554
11.77 0.287792056986408
11.78 0.295006881120471
11.79 0.304579767921808
11.8 0.321723180446531
11.81 0.327842456455886
11.82 0.322172948819772
11.83 0.32001303752869
11.84 0.305046690101707
11.85 0.279644671913007
11.86 0.204858972122602
11.87 0.137885225177266
11.88 0.15809901501218
11.89 0.156337448241168
11.9 0.169817159910274
11.91 0.180492409111045
11.92 0.187195864128198
11.93 0.185751670724722
11.94 0.177394677450677
11.95 0.159986661037944
11.96 0.126367728210234
11.97 0.061334435953161
11.98 -0.015080686437651
11.99 -0.040302520934345
12.0 -0.042507522156659
12.01 -0.073839091762779
12.02 -0.088273813925371
12.03 -0.100085446277922
12.04 -0.122056106954539
12.05 -0.131223461067906
12.06 -0.160090641226705
12.07 -0.177612546036337
12.08 -0.206668838383757
12.09 -0.234203537298542
12.1 -0.254988200633882
12.11 -0.278186114198249
12.12 -0.294090390331812
12.13 -0.305321482954152
12.14 -0.310938643102701
12.15 -0.312036666050659
12.16 -0.301334914647594
12.17 -0.286986942929411
12.18 -0.268051871321791
12.19 -0.252710895698047
12.2 -0.240427697317842
12.21 -0.23867919023274
12.22 -0.215763061144131
12.23 -0.173067023962873
12.24 -0.183658953383277
12.25 -0.189119244341932
12.26 -0.177547431404137
12.27 -0.174064832855812
12.28 -0.154042102265953
12.29 -0.124914103382531
12.3 -0.092354457992476
12.31 -0.064531296704731
12.32 -0.043734109468626
12.33 -0.021721134058823
12.34 0.012194220161229
12.35 0.034549963122057
12.36 0.033424996396089
12.37 0.036976861620454
12.38 0.055643080251504
12.39 0.069581244535046
12.4 0.082083976381543
12.41 0.095802371670464
12.42 0.104114712542462
12.43 0.107882787960119
12.44 0.107757163790452
12.45 0.103205709784438
12.46 0.093968237702145
12.47 0.081721897472826
12.48 0.070233877231437
12.49 0.048218465120781
12.5 -0.000733442046246
12.51 0.013467070180116
12.52 0.02006809903066
12.53 0.029984094482846
12.54 0.043461247079645
12.55 0.066267506048089
12.56 0.088500550351849
12.57 0.109116375742278
12.58 0.111304312130052
12.59 0.102784490106147
12.6 0.063577606023848
12.61 0.02516267605622
12.62 0.041247092248694
12.63 0.071881018869441
12.64 0.074116452744656
12.65 0.061576425965388
12.66 0.025803416848127
12.67 0.009819336002607
12.68 0.004853978852704
12.69 0.011513866113972
12.7 0.016116623168671
12.71 0.020447184354106
12.72 0.021575305019705
12.73 0.031467645071702
12.74 0.044868282172836
12.75 0.029262965637864
12.76 0.000300178339928
12.77 -0.051402860993162
12.78 -0.098209934518534
12.79 -0.120561850782665
12.8 -0.129424117547184
12.81 -0.134304278448776
12.82 -0.131500092398562
12.83 -0.124403476470468
12.84 -0.111711380169851
12.85 -0.104334584839754
12.86 -0.096970211780265
12.87 -0.093790985254316
12.88 -0.086649456021012
12.89 -0.073636758659955
12.9 -0.074803930378155
12.91 -0.066814034206385
12.92 -0.0558190712424
12.93 -0.048631165735979
12.94 -0.058954548803285
12.95 -0.055219523691579
12.96 -0.042667020292226
12.97 -0.026599607404151
12.98 -0.007844098811179
12.99 0.013659328570983
13.0 0.034795216331592
13.01 0.051852838053452
13.02 0.061418360844187
13.03 0.074709805593317
13.04 0.084058067188548
13.05 0.076701084338933
13.06 0.06581704609325
13.07 0.053334483896736
13.08 0.042056833910044
13.09 0.048985765465826
13.1 0.065791287674319
13.11 0.068277921750255
13.12 0.075209839864609
13.13 0.073309590777
13.14 0.045495605473981
13.15 0.039053001811147
13.16 0.033799102369845
13.17 0.013715030738747
13.18 -0.002954017302293
13.19 -0.023303026453306
13.2 -0.027110025017713
13.21 -0.029949099721482
13.22 -0.036735937005234
13.23 -0.045081311523165
13.24 -0.057431211740333
13.25 -0.078850067322055
13.26 -0.093302962662373
13.27 -0.098343979368099
13.28 -0.100071060878522
13.29 -0.098829039982765
13.3 -0.100023885357794
13.31 -0.099313713986976
13.32 -0.095567293515507
13.33 -0.086051432350133
13.34 -0.077233353994575
13.35 -0.071071277578585
13.36 -0.07732327624129
13.37 -0.079611658053376
13.38 -0.078470149605492
13.39 -0.062539783620695
13.4 -0.036295575391928
13.41 -0.019243209096033
13.42 -0.000629681655006
13.43 0.020879333438698
13.44 0.041385013817769
13.45 0.055992706589458
13.46 0.062257926173631
13.47 0.063771751638161
13.48 0.061621291835276
13.49 0.06126984381983
13.5 0.067912870058888
13.51 0.075815937354033
13.52 0.078648286993488
13.53 0.073940191797005
13.54 0.069143670770399
13.55 0.062399525146254
13.56 0.049251784059296
13.57 0.022793040732297
13.58 -0.002907243741912
13.59 -0.011951208819959
13.6 -0.014785265617871
13.61 -0.016802327843119
13.62 -0.024234466949452
13.63 -0.035364890089863
13.64 -0.05157337547986
13.65 -0.065427321732644
13.66 -0.078513968748395
13.67 -0.090698540539434
13.68 -0.10327928037969
13.69 -0.113190014462967
13.7 -0.120996054421062
13.71 -0.120339773238343
13.72 -0.112375994456788
13.73 -0.100423197956579
13.74 -0.083290381250604
13.75 -0.069405729145111
13.76 -0.065862282711623
13.77 -0.051790461719476
13.78 -0.03808528971594
13.79 -0.026020033199182
13.8 -0.020563766261473
13.81 -0.014355420390346
13.82 -0.007211857396418
13.83 0.004516991939178
13.84 0.019954903781147
13.85 0.035519986025708
13.86 0.051041423796723
13.87 0.062618693323912
13.88 0.075006631341128
13.89 0.089541366811641
13.9 0.102081018794423
13.91 0.111798992824464
13.92 0.12022185827967
13.93 0.123772280142845
13.94 0.116237679581085
13.95 0.107235189573193
13.96 0.115903841171616
13.97 0.116572917364572
13.98 0.117343929039631
13.99 0.108719631346772
14.0 0.052431377211295
14.01 0.070200981891972
14.02 0.054280759341718
14.03 0.050765278862552
14.04 0.041339074015257
14.05 0.031071915778711
14.06 0.02888786479944
14.07 0.03232849073012
14.08 0.037277473799092
14.09 0.035893737383137
14.1 0.020701239909277
14.11 -0.001543052756973
14.12 -0.014294049376861
14.13 -0.014750450700404
14.14 -0.027213713323091
14.15 -0.028653542059835
14.16 -0.02907889229395
14.17 -0.023274435200949
14.18 -0.010016711831834
14.19 -0.002745611401184
14.2 0.00052471835378
14.21 0.005832617866096
14.22 0.0087306694466
14.23 0.016032262878704
14.24 0.028469028844684
14.25 0.041139715704175
14.26 0.044396000402112
14.27 0.0371923197322
14.28 0.026933710318789
14.29 0.013146272910053
14.3 -0.012029404856414
14.31 -0.024293407289815
14.32 -0.024826568525422
14.33 -0.025893935792907
14.34 -0.02289480557914
14.35 -0.014569257653558
14.36 -0.003725637717942
14.37 -0.001092534224189
14.38 0.001240531421673
14.39 -0.005409023122894
14.4 -0.018019933753245
14.41 -0.03569368366309
14.42 -0.048197124572283
14.43 -0.049915052463084
14.44 -0.064195038376129
14.45 -0.08499586567841
14.46 -0.094196864029039
14.47 -0.101194610275916
14.48 -0.112273136519655
14.49 -0.108862678356923
14.5 -0.1076908305147
14.51 -0.10676902092763
14.52 -0.099436380758208
14.53 -0.099781836097237
14.54 -0.100526223450603
14.55 -0.107151543998207
14.56 -0.110204248457453
14.57 -0.11243022409657
14.58 -0.108600111097062
14.59 -0.116496957037156
14.6 -0.128812825672788
14.61 -0.132828043437449
14.62 -0.132541084678017
14.63 -0.125417210340973
14.64 -0.112608893981629
14.65 -0.112158948167161
14.66 -0.098576179776907
14.67 -0.087712712315696
14.68 -0.070206576582981
14.69 -0.051510077244396
14.7 -0.033147403892068
14.71 -0.018881964112816
14.72 -0.008325977680288
14.73 -0.001998378914702
14.74 0.004755157267791
14.75 0.014903316066057
14.76 0.024027373100766
14.77 0.033085632022611
14.78 0.045196959333772
14.79 0.059245925621576
14.8 0.075832131780233
14.81 0.092772398182362
14.82 0.107251467738725
14.83 0.118573781560599
14.84 0.123573008096707
14.85 0.123859269283355
14.86 0.122862580931133
14.87 0.120502559705232
14.88 0.120664934012821
14.89 0.119610477311871
14.9 0.122408460773198
14.91 0.114400029638464
14.92 0.093621598815608
14.93 0.079116803947539
14.94 0.082209073231067
14.95 0.088915186003459
14.96 0.084720849132527
14.97 0.074276875790762
14.98 0.060139892673394
14.99 0.063209863276425
15.0 0.054850940660394
15.01 0.04315535529591
15.02 0.028320702926909
15.03 0.006058174494403
15.04 -0.00373623227003
15.05 -0.004289455370845
15.06 -0.002425116511542
15.07 -0.003515206449545
15.08 -0.005359527410797
15.09 -0.010972209206821
15.1 -0.011324946318719
15.11 -0.01416103420053
15.12 -0.022039578797956
15.13 -0.033104041503849
15.14 -0.04478272456291
15.15 -0.054889088423265
15.16 -0.054512641371273
15.17 -0.053559893606513
15.18 -0.050814205126024
15.19 -0.042286062603888
15.2 -0.034820513243603
15.21 -0.025077342126879
15.22 0.010407414791749
15.23 0.02023311194182
15.24 0.012819755355379
15.25 0.007785784939259
15.26 -0.000190593765844
15.27 -0.003658977472979
15.28 -0.00667729601376
15.29 -0.008173758596278
15.3 -0.009123950108444
15.31 -0.007552948747662
15.32 0.000973709405626
15.33 0.022162670222439
15.34 0.034342493423423
15.35 0.030332762525783
15.36 0.03241266559605
15.37 0.033399421062369
15.38 0.039775764997861
15.39 0.04299821555413
15.4 0.044191111042405
15.41 0.043159206960602
15.42 0.034755688774539
15.43 0.0182287756416
15.44 0.00231271736371
15.45 -0.01315955311678
15.46 -0.026849577668669
15.47 -0.03131382671668
15.48 -0.021565242326161
15.49 -0.004319291139181
15.5 0.010514650901726
15.51 0.032387213253238
15.52 0.059014957973991
15.53 0.0704172194603
15.54 0.077844697927066
15.55 0.075970814785126
15.56 0.063945703571327
15.57 0.050893148759962
15.58 0.084731847722909
15.59 0.098436962651438
15.6 0.110261837067604
15.61 0.119056557134528
15.62 0.127612874226944
15.63 0.13668864822876
15.64 0.13530095660474
15.65 0.135427109381876
15.66 0.144882052331594
15.67 0.128929624057016
15.68 0.111781896554091
15.69 0.073384663495729
15.7 0.026920571510032
15.71 0.054878037937496
15.72 0.022114699472402
15.73 0.033706817278026
15.74 0.008089710285816
15.75 0.01284693260791
15.76 -0.00750337887313
15.77 -0.016697772213841
15.78 -0.028287324789178
15.79 -0.045648517363823
15.8 -0.069260656609304
15.81 -0.092521428601355
15.82 -0.099558774546139
15.83 -0.088328514154948
15.84 -0.100147688995117
15.85 -0.10730389863779
15.86 -0.114534016247825
15.87 -0.124024845891114
15.88 -0.131623131466723
15.89 -0.144648965885508
15.9 -0.141949895373779
15.91 -0.14462998608681
15.92 -0.140302242376174
15.93 -0.137506013435742
15.94 -0.137338683848568
15.95 -0.116817953935001
15.96 -0.01715789442489
15.97 -0.015212482104428
15.98 0.005481395990034
15.99 -0.001293804127612
16.0 0.010194395789424
16.01 0.00611631402972
16.02 0.011371003872748
16.03 0.012291379780252
16.04 0.013040112782525
16.05 0.005482960340421
16.06 0.004273731893352
16.07 0.039845007144016
16.08 0.064611741667856
16.09 0.042570461796644
16.1 0.037914521210507
16.11 0.038872539575958
16.12 0.025933883002752
16.13 0.033360556361056
16.14 0.036722150382004
16.15 0.0666362316901
16.16 0.077285668433297
16.17 0.079673121076648
16.18 0.068341194923847
16.19 0.054416242162438
16.2 0.032446310162325
16.21 0.01150453194983
16.22 -0.024571944040499
16.23 -0.032388158486089
16.24 -0.014166562727461
16.25 -0.005327816028353
16.26 0.024827758885458
16.27 0.048726582793096
16.28 0.06297599811257
16.29 0.078698551383807
16.3 0.085878139438311
16.31 0.089548112795741
16.32 0.071706674619537
16.33 0.050609077372527
16.34 0.061529588685264
16.35 0.068710848739226
16.36 0.063017711429775
16.37 0.071591302326425
16.38 0.071387388405263
16.39 0.091008716120928
16.4 0.094299968581575
16.41 0.100045355745997
16.42 0.097240613454422
16.43 0.050279626447078
16.44 0.011206425257138
16.45 0.031876107634216
16.46 0.021529454938466
16.47 0.022043907171262
16.48 0.008962557523131
16.49 0.00489941207009
16.5 0.001952132584447
16.51 0.002029925018011
16.52 -0.010346085614437
16.53 -0.02022398455407
16.54 -0.046291530941011
16.55 -0.063562047368892
16.56 -0.055229007895041
16.57 -0.051639575276331
16.58 -0.051361284667991
16.59 -0.055131612244565
16.6 -0.070024615351932
16.61 -0.077231461774493
16.62 -0.085641153898667
16.63 -0.087241699355275
16.64 -0.093586446719493
16.65 -0.094775314067909
16.66 -0.103011940415669
16.67 -0.10363511669069
16.68 -0.10399214237259
16.69 -0.098307033179279
16.7 -0.088304472913232
16.71 -0.081599618992817
16.72 -0.069660388285254
16.73 -0.032642659541764
16.74 -0.029753268023457
16.75 -0.014552811134563
16.76 -0.018137998440689
16.77 -0.016998005173513
16.78 -0.016448996036215
16.79 -0.013231586770712
16.8 -0.009651933440921
16.81 -0.004790494189926
16.82 0.002877051878017
16.83 0.015650571520048
16.84 0.031053139565325
16.85 0.036572633989105
16.86 0.033176967466838
16.87 0.033615898690781
16.88 0.02326970266393
16.89 0.013105915634289
16.9 0.003967684312508
16.91 0.005025741387102
16.92 0.014775041878856
16.93 0.021592350145819
16.94 0.03364557462527
16.95 0.038565795552069
16.96 0.039870359073213
16.97 0.033014017015068
16.98 0.010868241292414
16.99 -0.003965505221887
17.0 -0.013644854649281
17.01 -0.027990459786378
17.02 -0.035472824936115
17.03 -0.030977162610407
17.04 -0.023926573226122
17.05 -0.009926212464617
17.06 0.013672009764622
17.07 0.042063684154992
17.08 0.052748570919994
17.09 0.055705932871017
17.1 0.054408483019601
17.11 0.053002944458786
17.12 0.035674281299434
17.13 0.026760383775999
17.14 0.030482743102705
17.15 0.022315831281918
17.16 0.026288807802311
17.17 0.031099664153243
17.18 0.019962632360009
17.19 0.005298846043356
17.2 0.005523446315905
17.21 -0.003217041720286
17.22 -0.000999585604124
17.23 -0.003163629080459
17.24 -0.001895850285058
17.25 0.001007000193203
17.26 -0.003135224531705
17.27 -0.016915640181347
17.28 -0.036780359614015
17.29 -0.067344975639385
17.3 -0.098945351235778
17.31 -0.117671777626157
17.32 -0.125448320996003
17.33 -0.128397822174706
17.34 -0.124542040401498
17.35 -0.112589866553628
17.36 -0.118465688635133
17.37 -0.112706738028687
17.38 -0.112637276705427
17.39 -0.111921043560451
17.4 -0.117302008607361
17.41 -0.121762199983497
17.42 -0.125357212068994
17.43 -0.110378838572142
17.44 -0.051526109752781
17.45 -0.040754065060193
17.46 -0.021541712091331
17.47 -0.017757093886117
17.48 -0.009119562444634
17.49 -0.001301094034933
17.5 0.010580131174903
17.51 0.021575976033025
17.52 0.038553231799321
17.53 0.056451655948676
17.54 0.083592857700273
17.55 0.119217315472295
17.56 0.141174864052832
17.57 0.14076082810882
17.58 0.142201442735732
17.59 0.145552323203127
17.6 0.139821206186815
17.61 0.139947408890257
17.62 0.136101368581953
17.63 0.127044593463059
17.64 0.096501950265553
17.65 0.078465530204553
17.66 0.085022991006063
17.67 0.074290759846736
17.68 0.069228433285589
17.69 0.052233210913406
17.7 0.036837169014722
17.71 0.028715209960229
17.72 0.030537887817411
17.73 0.03064738232069
17.74 0.018177298125644
17.75 0.002121476883331
17.76 -0.012161872544048
17.77 -0.02450650809975
17.78 -0.036020621526301
17.79 -0.051640884007415
17.8 -0.071929979389063
17.81 -0.092811701739356
17.82 -0.104238422876307
17.83 -0.108564021033981
17.84 -0.105702652293665
17.85 -0.10180254983583
17.86 -0.096007758105157
17.87 -0.084013391761773
17.88 -0.067086482128469
17.89 -0.003404999961311
17.9 0.045414962762278
17.91 0.037685301315016
17.92 0.047532440900981
17.93 0.047784743657379
17.94 0.041845999831042
17.95 0.0442042380063
17.96 0.043201342259168
17.97 0.038644613436509
17.98 0.038105315615833
17.99 0.041917689536477
18.0 0.068689988274408
18.01 0.098124284165128
18.02 0.093136120433335
18.03 0.07794382328266
18.04 0.078540679364606
18.05 0.056118553990025
18.06 0.067556656706187
18.07 0.072056227470445
18.08 0.071741642167479
18.09 0.072495626085785
18.1 0.070656488250924
18.11 0.063497446564512
18.12 0.065100397127205
18.13 0.054307189923637
18.14 0.032006688147809
18.15 -0.003012548785847
18.16 -0.004160587729769
18.17 0.009929368756483
18.18 0.007843912001991
18.19 0.022788398559603
18.2 0.013417150767692
18.21 0.019903121292502
18.22 0.012321987165853
18.23 0.01637080578696
18.24 0.001382986668881
18.25 -0.008915864136079
18.26 -0.020253082428096
18.27 -0.014609594485624
18.28 -0.022751298793073
18.29 -0.024988143637812
18.3 -0.032656618526692
18.31 -0.046205615226507
18.32 -0.058678118423395
18.33 -0.065324460920956
18.34 -0.069120381862663
18.35 -0.071935444343431
18.36 -0.068219360494627
18.37 -0.062666700274741
18.38 -0.056800241934624
18.39 -0.058290903114226
18.4 -0.052428915774729
18.41 -0.01882399170247
18.42 -0.017479953757483
18.43 -0.013255425769532
18.44 -0.014274380462138
18.45 -0.014340813845757
18.46 -0.013304793363673
18.47 -0.015964334142259
18.48 -0.019306144039183
18.49 -0.023676781648736
18.5 -0.024475689189938
18.51 -0.016316230345625
18.52 0.001421809828598
18.53 0.007114285260426
18.54 0.001063112981621
18.55 -0.004432041746379
18.56 -0.004155290097614
18.57 0.009550556690821
18.58 0.015648591483328
18.59 0.015897080688327
18.6 0.012166381768909
18.61 0.0052960509718
18.62 -0.001500093948558
18.63 -0.012495046175443
18.64 -0.029467966892293
18.65 -0.04385078046141
18.66 -0.051589995637924
18.67 -0.048834335749734
18.68 -0.042082532806651
18.69 -0.034893485794368
18.7 -0.030905011450467
18.71 -0.030427785111494
18.72 -0.024945529689289
18.73 -0.021137947953414
18.74 -0.021650218626651
18.75 -0.025306371863952
18.76 -0.032307238624992
18.77 -0.036400123114943
18.78 -0.037514709711239
18.79 -0.0369935474083
18.8 -0.040599698079436
18.81 -0.041195964617867
18.82 -0.038835247997992
18.83 -0.026427901309064
18.84 -0.013631166036675
18.85 -0.00013867884511
18.86 0.006202014048234
18.87 0.017830550658553
18.88 0.027367520547263
18.89 0.034052138532145
18.9 0.036030515501496
18.91 0.032046404948546
18.92 0.034854651818006
18.93 0.048816947853651
18.94 0.050092260999882
18.95 0.062342147848185
18.96 0.062252926395165
18.97 0.063541452267897
18.98 0.063120964536656
18.99 0.061337310129727
19.0 0.047702675920492
19.01 0.006932443139048
19.02 -0.014880493677617
19.03 -0.013479315791813
19.04 -0.019834618316492
19.05 -0.017698522818458
19.06 -0.026899073327274
19.07 -0.030729270613401
19.08 -0.040913365012388
19.09 -0.050061926537117
19.1 -0.06005169841198
19.11 -0.075233085772849
19.12 -0.090723092711797
19.13 -0.103895940573709
19.14 -0.103925461444349
19.15 -0.096515732365859
19.16 -0.090324915927237
19.17 -0.088799813930046
19.18 -0.091696698094635
19.19 -0.079896387035135
19.2 -0.073296531157643
19.21 -0.052884139618925
19.22 -0.035503012914068
19.23 -0.02246998027072
19.24 -0.018368860786079
19.25 -0.010333297154792
19.26 0.005716385749116
19.27 0.017436958340438
19.28 0.023192306060512
19.29 0.024441306995905
19.3 0.03315107430755
19.31 0.044783850175506
19.32 0.056488869233286
19.33 0.06833229022763
19.34 0.075153250163077
19.35 0.080181197323808
19.36 0.088339419235209
19.37 0.10235073984184
19.38 0.116459476578429
19.39 0.120072813650607
19.4 0.12063544096281
19.41 0.115691517135958
19.42 0.109508969956134
19.43 0.102918215245917
19.44 0.095015431000983
19.45 0.062047222862839
19.46 0.033028280862148
19.47 0.02890832592202
19.48 0.028617252544414
19.49 0.032946837377506
19.5 0.039001405539521
19.51 0.039127465137056
19.52 0.040300230092414
19.53 0.041233890132262
19.54 0.041842535041659
19.55 0.036152074722376
19.56 0.017997584632569
19.57 -0.002557749985887
19.58 -0.004167391955156
19.59 -0.003200633291624
19.6 0.001841658647658
19.61 0.008967175811094
19.62 0.008416912213512
19.63 0.015647339977418
19.64 0.022789576414488
19.65 0.037130734060517
19.66 0.048547937062601
19.67 0.058028163300903
19.68 0.065412224745278
19.69 0.077325431638043
19.7 0.084696789935322
19.71 0.077108230733052
19.72 0.05535602331552
19.73 0.009416644012661
19.74 -0.028657845856537
19.75 -0.027503108613573
19.76 -0.037780150652429
19.77 -0.033611758796081
19.78 -0.027873489236718
19.79 -0.015032212257664
19.8 -0.005560196728295
19.81 -0.0066526522876
19.82 -0.02781934797105
19.83 -0.042902100069519
19.84 -0.059350680417548
19.85 -0.083749840475841
19.86 -0.071394498807419
19.87 -0.064906366102296
19.88 -0.058892320297332
19.89 -0.04864340924772
19.9 -0.048576706268638
19.91 -0.048271067883087
19.92 -0.065052604437242
19.93 -0.080309121867839
19.94 -0.089436679754169
19.95 -0.082497931343455
19.96 -0.080722443382359
19.97 -0.064680681046303
19.98 -0.035930567719583
19.99 0.000595956032312
20.0 0.000474741117967
20.01 -0.015516614959442
20.02 -0.017352481618357
20.03 -0.031098868408244
20.04 -0.027546462947356
20.05 -0.031340026918069
20.06 -0.030759311777805
20.07 -0.033632410415322
20.08 -0.016680693159675
20.09 -0.005329089218587
20.1 0.014082425433955
20.11 0.010495645503952
20.12 0.002106565565447
20.13 0.005452307951727
20.14 0.011501608789659
20.15 0.02285063186944
20.16 0.033082907963866
20.17 0.03705729251982
20.18 0.039240827901856
20.19 0.042846391928767
20.2 0.043193720364866
20.21 0.035409091333818
20.22 0.023567840226109
20.23 -0.008143497275696
20.24 -0.020566464501541
20.25 -0.010755075542121
20.26 -0.007929659853122
20.27 -0.007163348581449
20.28 -0.008937604682913
20.29 -0.009542848886801
20.3 -0.010979572382622
20.31 -0.00969336841405
20.32 -0.009959415004187
20.33 -0.017688808437413
20.34 -0.029734699823617
20.35 -0.031821555056509
20.36 -0.017718454560049
20.37 -0.012969637885596
20.38 -0.020834131323063
20.39 -0.027609203952206
20.4 -0.035133151704866
20.41 -0.035578877884044
20.42 -0.035301015246672
20.43 -0.029416948451213
20.44 -0.022043178427674
20.45 -0.012104182092003
20.46 1.8726791907e-05
20.47 0.008105633573658
20.48 -0.001367040815269
20.49 -0.020065674310738
20.5 -0.029977286747972
20.51 -0.042147822859697
20.52 -0.044178043047988
20.53 -0.041971606706762
20.54 -0.035274356243392
20.55 -0.028040535935083
20.56 -0.016103301327104
20.57 -0.007308978207575
20.58 0.006474482653205
20.59 0.001596552664266
20.6 -0.003314367345681
20.61 -0.004061380384571
20.62 -0.004148375244831
20.63 -0.002143241643915
20.64 0.000308169737667
20.65 -0.000651696251688
20.66 -0.00033454763543
20.67 -0.000897361763418
20.68 0.002257951940535
20.69 0.008354642998325
20.7 0.014356878294363
20.71 0.019083178051139
20.72 0.027836851048149
20.73 0.033085625507287
20.74 0.037508012964634
20.75 0.034732259631049
20.76 0.027602985610447
20.77 0.020152291460386
20.78 0.010413402986745
20.79 0.001448232978141
20.8 -0.00688383887782
20.81 -0.013302303160404
20.82 -0.015432167286312
20.83 -0.012574755417528
20.84 -0.006750419936287
20.85 0.001300105686818
20.86 0.008368888507695
20.87 0.016431206762128
20.88 0.02492041171963
20.89 0.029280465352096
20.9 0.02966169351323
20.91 0.021460262987441
20.92 0.010919927070927
20.93 0.004520734410503
20.94 -0.002774480843404
20.95 -0.010461167247767
20.96 -0.01705639882476
20.97 -0.020208355721556
20.98 -0.016404653291549
20.99 -0.009264587541721
21.0 -0.004183990543997
21.01 -0.006061504828193
21.02 -0.007105102023972
21.03 -0.003859100347425
21.04 0.000986312623852
21.05 0.000723413989598
21.06 -0.00619927693286
21.07 -0.01417392056461
21.08 -0.022546263979984
21.09 -0.032283761679071
21.1 -0.037237873138585
21.11 -0.040471690267509
21.12 -0.038595453963648
21.13 -0.033339054222663
21.14 -0.028745785829193
21.15 -0.02070284208397
21.16 -0.010105444273579
21.17 -0.006924863241161
21.18 0.001957972607222
21.19 0.007209651457826
21.2 0.007976097454871
21.21 0.007108187807551
21.22 0.005368029550725
21.23 0.002753407097744
21.24 0.003393420607554
21.25 0.002785338195344
21.26 0.005171326329474
21.27 0.010824819129503
21.28 0.016875222101119
21.29 0.028011511560264
21.3 0.04130729405022
21.31 0.051427159198042
21.32 0.057656535994342
21.33 0.059926276091464
21.34 0.052915358340428
21.35 0.051048143717544
21.36 0.059605237598579
21.37 0.063339807276607
21.38 0.060555616047283
21.39 0.053886365088646
21.4 0.051323455314297
21.41 0.045022749294738
21.42 0.011490436487568
21.43 0.003383057796002
21.44 -0.004268001453399
21.45 -0.011797048742592
21.46 -0.016225558718592
21.47 -0.009847792347773
21.48 -0.005982739288342
21.49 -0.004934609884189
21.5 -0.00476593902585
21.51 -0.00464767769221
21.52 -0.007527737483953
21.53 -0.018565654770055
21.54 -0.019904827072642
21.55 -0.007459514659243
21.56 0.001199545918997
21.57 0.01128577564568
21.58 0.015635684836939
21.59 0.006101538943044
21.6 0.004563511512054
21.61 -0.002325578250805
21.62 0.004054456333663
21.63 0.013448546441969
21.64 0.030870718764891
21.65 0.047452381360912
21.66 0.062149357935843
21.67 0.066737187147159
21.68 0.063707992477378
21.69 0.062538638581867
21.7 0.056122830072221
21.71 0.048488295727058
21.72 0.042267659807577
21.73 0.043506639642418
21.74 0.04638207332322
21.75 0.047946276312738
21.76 0.043987061901588
21.77 0.030674483868539
21.78 0.014292828747486
21.79 -0.000642673165611
21.8 -0.015568702403167
21.81 -0.022229030586978
21.82 -0.02445710604689
21.83 -0.026486564916841
21.84 -0.024066599388271
21.85 -0.022888633108638
21.86 -0.02613091221315
21.87 -0.031651076020414
21.88 -0.040162697862033
21.89 -0.049366651933343
21.9 -0.056136135998971
21.91 -0.060836754748423
21.92 -0.060785937458047
21.93 -0.05681805792515
21.94 -0.051097960142222
21.95 -0.041967458193127
21.96 -0.040557126009659
21.97 -0.042102607791264
21.98 -0.038099580541346
21.99 -0.033682147667024
22.0 -0.02427854473199
22.01 -0.012642774179837
22.02 0.001661886384514
22.03 0.012362272813462
22.04 0.015569438147714
22.05 0.019144514768623
22.06 0.02138518139799
22.07 0.019702497281519
22.08 0.017889143656803
22.09 0.01793043729096
22.1 0.019116102522235
22.11 0.023218825046137
22.12 0.025109499878584
22.13 0.020969262890638
22.14 0.014333991659234
22.15 0.005675956984887
22.16 -0.000443879371389
22.17 -0.003548986260932
22.18 -0.00902436356812
22.19 -0.011522298857342
22.2 -0.012904442099507
22.21 -0.014440087274701
22.22 -0.017308369922439
22.23 -0.022880176223871
22.24 -0.031317712798013
22.25 -0.039477396986671
22.26 -0.046092184006931
22.27 -0.050853968875633
22.28 -0.054363536176144
22.29 -0.059182372666422
22.3 -0.060465230332584
22.31 -0.06285037103094
22.32 -0.068404570668457
22.33 -0.064065881341323
22.34 -0.06344358072149
22.35 -0.061608597336512
22.36 -0.055272561186863
22.37 -0.035342130706687
22.38 -0.017878530241246
22.39 -0.01107536449014
22.4 -0.007750514081031
22.41 -0.009067014920337
22.42 -0.01331512336162
22.43 -0.015572274004277
22.44 -0.018515398231692
22.45 -0.021618971818348
22.46 -0.026451866077255
22.47 -0.027594853891318
22.48 -0.021606632625132
22.49 -0.01480421134915
22.5 -0.01239578475033
22.51 -0.006370884431952
22.52 -0.003118096812934
22.53 0.002570354763371
22.54 0.008470684069393
22.55 0.012474583752446
22.56 0.015718493792792
22.57 0.01337264096154
22.58 0.010159497843559
22.59 0.003166108262776
22.6 -0.001208044288921
22.61 -0.011857707955238
22.62 -0.02449434531149
22.63 -0.02070725614097
22.64 -0.020015363300123
22.65 -0.012288338043928
22.66 -0.006149055481532
22.67 0.004060579768422
22.68 0.014238989851469
22.69 0.024067990285479
22.7 0.034781326966002
22.71 0.035169322197163
22.72 0.031012580998437
22.73 0.022933548016365
22.74 0.020931670934307
22.75 0.021336785535307
22.76 0.020805178990387
22.77 0.017939040910881
22.78 0.018782508892472
22.79 0.013118812801782
22.8 -0.000466604602259
22.81 0.001577119974483
22.82 -0.000992693439064
22.83 0.003038574169488
22.84 0.001549641143951
22.85 0.00574979993375
22.86 0.011983086816461
22.87 0.020877431058395
22.88 0.021925153775827
22.89 0.023720431203602
22.9 0.015197535123861
22.91 0.006223963063532
22.92 0.00349351465362
22.93 -0.001035415815621
22.94 -0.006514077475195
22.95 -0.006758934215499
22.96 -0.006460589536964
22.97 -0.001438362651455
22.98 0.00278369199467
22.99 0.006046523210659
23.0 0.012282632518823
23.01 0.022479950154601
23.02 0.037277456030762
23.03 0.046658868861677
23.04 0.048801964419485
23.05 0.039210531542444
23.06 0.041091504246757
23.07 0.042154328187781
23.08 0.037642879423122
23.09 0.042143041765293
23.1 0.036080749273433
23.11 0.034296348835759
23.12 0.034739263017854
23.13 0.036973329018071
23.14 0.035141622296393
23.15 0.035813875106195
23.16 0.038392949652514
23.17 0.040059898227195
23.18 0.046518266369976
23.19 0.046501507947538
23.2 0.045046652233331
23.21 0.04050095621127
23.22 0.026075138187011
23.23 0.016558079014501
23.24 0.001244076340871
23.25 -0.011347114359494
23.26 -0.019836473193177
23.27 -0.019897333712218
23.28 -0.016440603754693
23.29 -0.013377202658133
23.3 -0.012163961956923
23.31 -0.012830361494325
23.32 -0.016433974408429
23.33 -0.020503914495099
23.34 -0.024792289162995
23.35 -0.027388585539348
23.36 -0.028515623278589
23.37 -0.026973469687331
23.38 -0.02082672146267
23.39 -0.010465459154762
23.4 -0.007135073259207
23.41 -0.011086588655957
23.42 -0.011332133029788
23.43 -0.013046377729667
23.44 -0.012813100650213
23.45 -0.010425597729238
23.46 -0.004589804329122
23.47 0.000857644138694
23.48 0.004156460837979
23.49 0.005863505453828
23.5 0.00378205813288
23.51 0.00255705905773
23.52 0.001644574252985
23.53 0.00168389923689
23.54 0.002696937379699
23.55 0.001982322481975
23.56 0.004651226474867
23.57 0.009612197236494
23.58 0.01130487177374
23.59 0.00975042010663
23.6 0.006587324190839
23.61 -0.000554499416401
23.62 -0.006165324817598
23.63 -0.005496779141825
23.64 -0.005026712167143
23.65 -0.004435626086245
23.66 -0.006242660959271
23.67 -0.007193584952437
23.68 -0.005184967691317
23.69 -0.003306910440141
23.7 -0.002627385579979
23.71 -0.001594019617814
23.72 0.000107478210244
23.73 0.003155529188019
23.74 0.005515479458643
23.75 0.003914685309447
23.76 -0.001858005159204
23.77 -0.008359750564093
23.78 -0.016389121827915
23.79 -0.021265916583525
23.8 -0.024101309944953
23.81 -0.023768227438861
23.82 -0.020437216368917
23.83 -0.01266972276456
23.84 -0.000943406120938
23.85 0.009983827175438
23.86 0.014287815802571
23.87 0.012956157123943
23.88 0.011288173724522
23.89 0.009923850551597
23.9 0.008356107776192
23.91 0.005648851865153
23.92 -0.002965731923699
23.93 -0.011767316190544
23.94 -0.018037281254113
23.95 -0.021478057246617
23.96 -0.022242771191901
23.97 -0.023051940282363
23.98 -0.018010209081833
23.99 -0.010073695281951
24.0 0.001025366633334
24.01 0.00950483349925
24.02 0.009340859728719
24.03 0.006363286913431
24.04 -0.001502614884376
24.05 -0.00942607180573
24.06 -0.016893027011403
24.07 -0.021415952473248
24.08 -0.019941010192531
24.09 -0.020885421540665
24.1 -0.021875069947338
24.11 -0.018317009028573
24.12 -0.016327725799116
24.13 -0.01383140960112
24.14 -0.011497166342469
24.15 -0.010158346879298
24.16 -0.008362848688578
24.17 -0.001930495093353
24.18 -2.162749689e-06
24.19 -0.001578293699461
24.2 -0.005625218364198
24.21 -0.005160802848177
24.22 -0.007194675707396
24.23 -0.009358013123142
24.24 -0.014688530242741
24.25 -0.018901965885217
24.26 -0.023910874727219
24.27 -0.023528166314282
24.28 -0.018249171292192
24.29 -0.014761988161393
24.3 -0.01372012176294
24.31 -0.009648850528743
24.32 -0.004030270877867
24.33 -0.001403554009034
24.34 -0.004491750887542
24.35 -0.009659131993443
24.36 -0.014356873990882
24.37 -0.016328847461892
24.38 -0.017305316802795
24.39 -0.017279993564804
24.4 -0.017160517951692
24.41 -0.013499055509157
24.42 -0.006615659954123
24.43 -0.001543245741987
24.44 0.002729203490368
24.45 0.006169724867835
24.46 0.007994528619042
24.47 0.010217139179903
24.48 0.012407649009134
24.49 0.011971433600622
24.5 0.008699530336727
24.51 0.006033069986591
24.52 0.006186462601247
24.53 0.008211955989949
24.54 0.01004095681982
24.55 0.010992657148617
24.56 0.013097414922749
24.57 0.014572851833518
24.58 0.016695751540453
24.59 0.016905898999341
24.6 0.016021741769582
24.61 0.018721998505758
24.62 0.020028006058561
24.63 0.020795065707194
24.64 0.021683840797764
24.65 0.021850077935433
24.66 0.019276197212686
24.67 0.014144091571574
24.68 0.006955073568266
24.69 -0.003335453867748
24.7 -0.010390662834717
24.71 -0.015564568278584
24.72 -0.018180745689273
24.73 -0.018412709450087
24.74 -0.018945296847846
24.75 -0.018371883332972
24.76 -0.017963694312999
24.77 -0.016712594851722
24.78 -0.016139129605301
24.79 -0.015564609843155
24.8 -0.01286285826911
24.81 -0.007107735021219
24.82 -0.004369628987892
24.83 -0.005686131217334
24.84 -0.006127830225321
24.85 -0.008956261732918
24.86 -0.011056838584597
24.87 -0.012251742996383
24.88 -0.009129784396732
24.89 -0.000987993849074
24.9 0.011963050398323
24.91 0.02380011581623
24.92 0.033107139282323
24.93 0.039884169239343
24.94 0.044377818675357
 
 
 
 
 
 
 
 
 
 
 
 
 
 
 
 
 
 
 
 
 
 
 
 
 
 
 
 
 
 
 
 
 
 
 
 
 
 
 
 
 
 
 
 
 
 
 
 
 
 
 
 
 
 
 
 
 
 
 
 
 
 
 
 
 
 
 
 
 
 
 
 
 
 
 
 
 
 
 
 
 
 
 
 
 
 
 
 
 
 
 
 
 
 
 
 
 
 
 
 
 
 
 
 
 
 
 
 
 
 
 
 
 
 
 
 
 
 
 
 
 
 
 
 
 
 
 
 
 
 
 
 
 
 
 
 
 
 
 
 
 
 
 
 
 
 
 
 
 
 
 
 
 
 
 
 
 
 
 
 
 
 
 
 
 
 
 
 
 
 
 
 
 
 
 
 
 
 
 
 
 
 
 
 
 
 
 
 
 
 
 
 
 
 
 
 
 
 
 
 
 
 
 
 
 
 
 
 
 
 
 
 
 
 
 
 
 
 
 
 
 
 
 
 
 
 
 
 
 
 
 
 
 
 
 
 
 
 
 
 
 
 
 
 
 
 
 
 
 
 
 
 
 
 
 
 
 
 
 
 
 
 
 
 
 
 
 
 
 
 
 
 
 
 
 
 
 
 
 
 
 
 
 
 
 
 
 
 
 
 
 
 
 
 
 
 
 
 
 
 
 
 
 
 
 
 
 
 
 
 
 
 
 
 
 
 
 
 
 
 
 
 
 
 
 
 
 
 
 
 
 
 
 
 
 
 
 
 
 
 
 
 
 
 
 
 
 
 
 
 
 
 
 
 
 
 
 
 
 
 
 
 
 
 
 
 
 
 
 
 
 
 
 
 
 
 
 
 
 
 
 
 
 
 
 
 
 
 
 
 
 
 
 
 
 
 
 
 
 
 
 
 
 
 
 
 
 
 
 
 
 
 
 
 
 
 
 
 
 
 
 
 
 
 
 
 
 
 
 
 
 
 
 
 
 
 
 
 
 
 
 
 
 
 
 
 
 
 
 
 
 
 
 
 
 
 
 
 
 
 
 
 
 
 
 
 
 
 
 
 
 
 
 
 
 
 
 
 
 
 
 
 
 
 
 
 
 
 
 
 
 
 
 
 
 
 
 
 
 
 
 
 
 
 
 
 
 
 
 
 
 
 
 
 
 
 
 
 
 
 
 
 
 
 
 
 
 
 
 
 
 
 
 
 
 
 
 
 
 
 
 
 
 
 
 
 
 
 
 
 
 
 
 
 
 
 
 
 
 
 
 
 
 
 
 
 
 
 
 
 
 
 
 
 
 
 
 
 
 
 
 
 
 
 
 
 
 
 
 
 
 
 
 
 
 
 
 
 
 
 
 
 
 
 
 
 
 
 
 
 
 
 
 
 
 
 
 
 
 
 
 
 
 
 
 
 
 
 
 
 
 
 
 
 
 
 
 
 
 
 
 
 
 
 
 
 
 
 
 
 
 
 
 
 
 
 
 
 
 
 
 
 
 
 
 
 
 
 
 
 
 
 
 
 
 
 
 
 
 
 
 
 
 
 
 
 
 
 
 
 
 
 
 
 
 
 
 
 
 
 
 
 
 
 
 
 
 
 
 
 
 
 
 
 
 
 
 
 
 
 
 
 
 
 
 
 
 
 
 
 
 
 
 
 
 
 
 
 
 
 
 
 
 
 
 
 
 
 
 
 
 
 
 
 
 
 
 
 
 
 
 
 
 
 
 
 
 
 
 
 
 
 
 
 
 
 
 
 
 
 
 
 
 
 
 
 
 
 
 
 
 
 
 
 
 
 
 
 
 
 
 
 
 
 
 
 
 
 
 
 
 
 
 
 
 
 
 
 
 
 
 
 
 
 
 
 
 
 
 
 
 
 
 
 
 
 
 
 
 
 
 
 
 
 
 
 
 
 
 
 
 
 
 
 
 
 
 
 
 
 
 
 
 
 
 
 
 
 
 
 
 
 
 
 
 
 
 
 
 
 
 
 
 
 
 
 
 
 
 
 
 
 
 
 
 
 
 
 
 
 
 
 
 
 
 
 
 
 
 
 
 
 
 
 
 
 
 
 
 
 
 
 
 
 
 
 
 
 
 
 
 
 
 
 
 
 
 
 
 
 
 
 
 
 
 
 
 
 
 
 
 
 
 
 
 
 
 
 
 
 
 
 
 
 
 
 
 
 
 
 
 
 
 
 
 
 
 
 
 
 
 
 
 
 
 
 
 
 
 
 
 
 
 
 
 
 
 
 
 
 
 
 
 
 
 
 
 
 
 
 
 
 
 
 
 
 
 
 
 
 
 
 
 
 
 
 
 
 
 
 
 
 
 
 
 
 
 
 
 
 
 
 
 
 
 
 
 
 
 
 
 
 
 
 
 
 
 
 
 
 
 
 
 
 
 
 
 
 
 
 
 
 
 
 
 
 
 
 
 
 
 
 
 
 
 
 
 
 
 
 
 
 
 
 
 
 
 
 
 
 
 
 
 
 
 
 
 
 
 
 
 
 
 
 
 
 
 
 
 
 
 
 
 
 
 
 
 
 
 
 
 
 
 
 
 
 
 
 
 
 
 
 
 
 
 
 
 
 
 
 
 
 
 
 
 
 
 
 
 
 
 
 
 
 
 
 
 
 
 
 
 
 
 
 
 
 
 
 
 
 
 
 
 
 
 
 
 
 
 
 
 
 
 
 
 
 
 
 
 
 
 
 
 
 
 
 
 
 
 
 
 
 
 
 
 
 
 
 
 
 
 
 
 
 
 
 
 
 
 
 
 
 
 
 
 
 
 
 
 
 
 
 
 
 
 
 
 
 
 
 
 
 
 
 
 
 
 
 
 
 
 
 
 
 
 
 
 
 
 
 
 
 
 
 
 
 
 
 
 
 
 
 
 
 
 
 
 
 
 
 
 
 
 
 
 
 
 
 
 
 
 
 
 
 
 
 
 
 
 
 
 
 
 
 
 
 
 
 
 
 
 
 
 
 
 
 
 
 
 
 
 
 
 
 
 
 
 
 
 
 
 
 
 
 
 
 
 
 
 
 
 
 
 
 
 
 
 
 
 
 
 
 
 
 
 
 
 
 
 
 
 
 
 
 
 
 
 
 
 
 
 
 
 
 
 
 
 
 
 
 
 
 
 
 
 
 
 
 
 
 
 
 
 
 
 
 
 
 
 
 
 
 
 
 
 
 
 
 
 
 
 
 
 
 
 
 
 
 
 
 
 
 
 
 
 
 
 
 
 
 
 
 
 
 
 
 
 
 
 
 
 
 
 
 
 
 
 
 
 
 
 
 
 
 
 
 
 
 
 
 
 
 
 
 
 
 
 
 
 
 
 
 
 
 
 
 
 
 
 
 
 
 
 
 
 
 
 
 
 
 
 
 
 
 
 
 
 
 
 
 
 
 
 
 
 
 
 
 
 
 
 
 
 
 
 
 
 
 
 
 
 
 
 
 
 
 
 
 
 
 
 
 
 
 
 
 
 
 
 
 
 
 
 
 
 
 
 
 
 
 
 
 
 
 
 
 
 
 
 
 
 
 
 
 
 
 
 
 
 
 
 
 
 
 
 
 
 
 
 
 
 
 
 
 
 
 
 
 
 
 
 
 
 
 
 
 
 
 
 
 
 
 
 
 
 
 
 
 
 
 
 
 
 
 
 
 
 
 
 
 
 
 
 
 
 
 
 
 
 
 
 
 
 
 
 
 
 
 
 
 
 
 
 
 
 
 
 
 
 
 
 
 
 
 
 
 
 
 
 
 
 
 
 
 
 
 
 
 
 
 
 
 
 
 
 
 
 
 
 
 
 
 
 
 
 
 
 
 
 
 
 
 
 
 
 
 
 
 
 
 
 
 
 
 
 
 
 
 
 
 
 
 
 
 
 
 
 
 
 
 
 
 
 
 
 
 
 
 
 
 
 
 
 
 
 
 
 
 
 
 
 
 
 
 
 
 
 
 
 
 
 
 
 
 
 
 
 
 
 
 
 
 
 
 
 
 
 
 
 
 
 
 
 
 
 
 
 
 
 
 
 
 
 
 
 
 
 
 
 
 
 
 
 
 
 
 
 
 
 
 
 
 
 
 
 
 
 
 
 
 
 
 
 
 
 
 
 
 
 
 
 
 
 
 
 
 
 
 
 
 
 
 
 
 
 
 
 
 
 
 
 
 
 
 
 
 
 
 
 
 
 
 
 
 
 
 
 
 
 
 
 
 
 
 
 
 
 
 
 
 
 
 
 
 
 
 
 
 
 
 
 
 
 
 
 
 
 
 
 
 
 
 
 
 
 
 
 
 
 
 
 
 
 
 
 
 
 
 
 
 
 
 
 
 
 
 
 
 
 
 
 
 
 
 
 
 
 
 
 
 
 
 
 
 
 
 
 
 
 
 
 
 
 
 
 
 
 
 
 
 
 
 
 
 
 
 
 
 
 
 
 
 
 
 
 
 
 
 
 
 
 
 
 
 
 
 
 
 
 
 
 
 
 
 
 
 
 
 
 
 
 
 
 
 
 
 
 
 
 
 
 
 
 
 
 
 
 
 
 
 
 
 
 
 
 
 
 
 
 
 
 
 
 
 
 
 
 
 
 
 
 
 
 
 
 
 
 
 
 
 
 
 
 
 
 
 
 
 
 
 
 
 
 
 
 
 
 
 
 
 
 
 
 
 
 
 
 
 
 
 
 
 
 
 
 
 
 
 
 
 
 
 
 
 
 
 
 
 
 
 
 
 
 
 
 
 
 
 
 
 
 
 
 
 
 
 
 
 
 
 
 
 
 
 
 
 
 
 
 
 
 
 
 
 
 
 
 
 
 
 
 
 
 
 
 
 
 
 
 
 
 
 
 
 
 
 
 
 
 
 
 
 
 
 
 
 
 
 
 
 
 
 
 
 
 
 
 
 
 
 
 
 
 
 
 
 
 
 
 
 
 
 
 
 
 
 
 
 
 
 
 
 
 
 
 
 
 
 
 
 
 
 
 
 
 
 
 
 
 
 
 
 
 
 
 
 
 
 
 
 
 
 
 
 
 
 
 
 
 
 
 
 
 
 
 
 
 
 
 
 
 
 
 
 
 
 
 
 
 
 
 
 
 
 
 
 
 
 
 
 
 
 
 
 
 
 
 
 
 
 
 
 
 
 
 
 
 
 
 
 
 
 
 
 
 
 
 
 
 
 
 
 
 
 
 
 
 
 
 
 
 
 
 
 
 
 
 
 
 
 
 
 
 
 
 
 
 
 
 
 
 
 
 
 
 
 
 
 
 
 
 
 
 
 
 
 
 
 
 
 
 
 
 
 
 
 
 
 
 
 
 
 
 
 
 
 
 
 
 
 
 
 
 
 
 
 
 
 
 
 
 
 
 
 
 
 
 
 
 
 
 
 
 
 
 
 
 
 
 
 
 
 
 
 
 
 
 
 
 
 
 
 
 
 
 
 
 
 
 
 
 
 
 
 
 
 
 
 
 
 
 
 
 
 
 
 
 
 
 
 
 
 
 
 
 
 
 
 
 
 
 
 
 
 
 
 
 
 
 
 
 
 
 
 
 
 
 
 
 
 
 
 
 
 
 
 
 
 
 
 
 
 
 
 
 
 
 
 
 
 
 
 
 
 
 
 
 
 
 
 
 
 
 
 
 
 
 
 
 
 
 
 
 
 
 
 
 
 
 
 
 
 
 
 
 
 
 
 
 
 
 
 
 
 
 
 
 
 
 
 
 
 
 
 
 
 
 
 
 
 
 
 
 
 
 
 
 
 
 
 
 
 
 
 
 
 
 
 
 
 
 
 
 
 
 
 
 
 
 
 
 
 
 
 
 
 
 
 
 
 
 
 
 
 
 
 
 
 
 
 
 
 
 
 
 
 
 
 
 
 
 
 
 
 
 
 
 
 
 
 
 
 
 
 
 
 
 
 
 
 
 
 
 
 
 
 
 
 
 
 
 
 
 
 
 
 
 
 
 
 
 
 
 
 
 
 
 
 
 
 
 
 
 
 
 
 
 
 
 
 
 
 
 
 
 
 
 
 
 
 
 
 
 
 
 
 
 
 
 
 
 
 
 
 
 
 
 
 
 
 
 
 
 
 
 
 
 
 
 
 
 
 
 
 
 
 
 
 
 
 
 
 
 
 
 
 
 
 
 
 
 
 
 
 
 
 
 
 
 
 
 
 
 
 
 
 
 
 
 
 
 
 
 
 
 
 
 
 
 
 
 
 
 
 
 
 
 
 
 
 
 
 
 
 
 
 
 
 
 
 
 
 
 
 
 
 
 
 
 
 
 
 
 
 
 
 
 
 
 
 
 
 
 
 
 
 
 
 
 
 
 
 
 
 
 
 
 
 
 
 
 
 
 
 
 
 
 
 
 
 
 
 
 
 
 
 
 
 
 
 
 
 
 
 
 
 
 
 
 
 
 
 
 
 
 
 
 
 
 
 
 
 
 
 
 
 
 
 
 
 
 
 
 
 
 
 
 
 
 
 
 
 
 
 
 
 
 
 
 
 
 
 
 
 
 
 
 
 
 
 
 
 
 
 
 
 
 
 
 
 
 
 
 
 
 
 
 
 
 
 
 
 
 
 
 
 
 
 
 
 
 
 
 
 
 
 
 
 
 
 
 
 
 
 
 
 
 
 
 
 
 
 
 
 
 
 
 
 
 
 
 
 
 
 
 
 
 
 
 
 
 
 
 
 
 
 
 
 
 
 
 
 
 
 
 
 
 
 
 
 
 
 
 
 
 
 
 
 
 
 
 
 
 
 
 
 
 
 
 
 
 
 
 
 
 
 
 
 
 
 
 
 
 
 
 
 
 
 
 
 
 
 
 
 
 
 
 
 
 
 
 
 
 
 
 
 
 
 
 
 
 
 
 
 
 
 
 
 
 
 
 
 
 
 
 
 
 
 
 
 
 
 
 
 
 
 
 
 
 
 
 
 
 
 
 
 
 
 
 
 
 
 
 
 
 
 
 
 
 
 
 
 
 
 
 
 
 
 
 
 
 
 
 
 
 
 
 
 
 
 
 
 
 
 
 
 
 
 
 
 
 
 
 
 
 
 
 
 
 
 
 
 
 
 
 
 
 
 
 
 
 
 
 
 
 
 
 
 
 
 
 
 
 
 
 
 
 
 
 
 
 
 
 
 
 
 
 
 
 
 
 
 
 
 
 
 
 
 
 
 
 
 
 
 
 
 
 
 
 
 
 
 
 
 
 
 
 
 
 
 
 
 
 
 
 
 
 
 
 
 
 
 
 
 
 
 
 
 
 
 
 
 
 
 
 
 
 
 
 
 
 
 
 
 
 
 
 
 
 
 
 
 
 
 
 
 
 
 
 
 
 
 
 
 
 
 
 
 
 
 
 
 
 
 
 
 
 
 
 
 
 
 
 
 
 
 
 
 
 
 
 
 
 
 
 
 
 
 
 
 
 
 
 
 
 
 
 
 
 
 
 
 
 
 
 
 
 
 
 
 
 
 
 
 
 
 
 
 
 
 
 
 
 
 
 
 
 
 
 
 
 
 
 
 
 
 
 
 
 
 
 
 
 
 
 
 
 
 
 
 
 
 
 
 
 
 
 
 
 
 
 
 
 
 
 
 
 
 
 
 
 
 
 
 
 
 
 
 
 
 
 
 
 
 
 
 
 
 
 
 
 
 
 
 
 
 
 
 
 
 
 
 
 
 
 
 
 
 
 
 
 
 
 
 
 
 
 
 
 
 
 
 
 
 
 
 
 
 
 
 
 
 
 
 
 
 
 
 
 
 
 
 
 
 
 
 
 
 
 
 
 
 
 
 
 
 
 
 
 
 
 
 
 
 
 
 
 
 
 
 
 
 
 
 
 
 
 
 
 
 
 
 
 
 
 
 
 
 
 
 
 
 
 
 
 
 
 
 
 
 
 
 
 
 
 
 
 
 
 
 
 
 
 
 
 
 
 
 
 
 
 
 
 
 
 
 
 
 
 
 
 
 
 
 
 
 
 
 
 
 
 
 
 
 
 
 
 
 
 
 
 
 
 
 
 
 
 
 
 
 
 
 
 
 
 
 
 
 
 
 
 
 
 
 
 
 
 
 
 
 
 
 
 
 
 
 
 
 
 
 
 
 
 
 
 
 
 
 
 
 
 
 
 
 
 
 
 
 
 
 
 
 
 
 
 
 
 
 
 
 
 
 
 
 
 
 
 
 
 
 
 
 
 
 
 
 
 
 
 
 
 
 
 
 
 
 
 
 
 
 
 
 
 
 
 
 
 
 
 
 
 
 
 
 
 
 
 
 
 
 
 
 
 
 
 
 
 
 
 
 
 
 
 
 
 
 
 
 
 
 
 
 
 
 
 
 
 
 
 
 
 
 
 
 
 
 
 
 
 
 
 
 
 
 
 
 
 
 
 
 
 
 
 
 
 
 
 
 
 
 
 
 
 
 
 
 
 
 
 
 
 
 
 
 
 
 
 
 
 
 
 
 
 
 
 
 
 
 
 
 
 
 
 
 
 
 
 
 
 
 
 
 
 
 
 
 
 
 
 
 
 
 
 
 
 
 
 
 
 
 
 
 
 
 
 
 
 
 
 
 
 
 
 
 
 
 
 
 
 
 
 
 
 
 
 
 
 
 
 
 
 
 
 
 
 
 
 
 
 
 
 
 
 
 
 
 
 
 
 
 
 
 
 
 
 
 
 
 
 
 
 
 
 
 
 
 
 
 
 
 
 
 
 
 
 
 
 
 
 
 
 
 
 
 
 
 
 
 
 
 
 
 
 
 
 
 
 
 
 
 
 
 
 
 
 
 
 
 
 
 
 
 
 
 
 
 
 
 
 
 
 
 
 
 
 
 
 
 
 
 
 
 
 
 
 
 
 
 
 
 
 
 
 
 
 
 
 
 
 
 
 
 
 
 
 
 
 
 
 
 
 
 
 
 
 
 
 
 
 
 
 
 
 
 
 
 
 
 
 
 
 
 
 
 
 
 
 
 
 
 
 
 
 
 
 
 
 
 
 
 
 
 
 
 
 
 
 
 
 
 
 
 
 
 
 
 
 
 
 
 
 
 
 
 
 
 
 
 
 
 
 
 
 
 
 
 
 
 
 
 
 
 
 
 
 
 
 
 
 
 
 
 
 
 
 
 
 
 
 
 
 
 
 
 
 
 
 
 
 
 
 
 
 
 
 
 
 
 
 
 
 
 
 
 
 
 
 
 
 
 
 
 
 
 
 
 
 
 
 
 
 
 
 
 
 
 
 
 
 
 
 
 
 
 
 
 
 
 
 
 
 
 
 
 
 
 
 
 
 
 
 
 
 
 
 
 
 
 
 
 
 
 
 
 
 
 
 
 
 
 
 
 
 
 
 
 
 
 
 
 
 
 
 
 
 
 
 
 
 
 
 
 
 
 
 
 
 
 
 
 
 
 
 
 
 
 
 
 
 
 
 
 
 
 
 
 
 
 
 
 
 
 
 
 
 
 
 
 
 
 
 
 
 
 
 
 
 
 
 
 
 
 
 
 
 
 
 
 
 
 
 
 
 
 
 
 
 
 
 
 
 
 
 
 
 
 
 
 
 
 
 
 
 
 
 
 
 
 
 
 
 
 
 
 
 
 
 
 
 
 
 
 
 
 
 
 
 
 
 
 
 
 
 
 
 
 
 
 
 
 
 
 
 
 
 
 
 
 
 
 
 
 
 
 
 
 
 
 
 
 
 
 
 
 
 
 
 
 
 
 
 
 
 
 
 
 
 
 
 
 
 
 
 
 
 
 
 
 
 
 
 
 
 
 
 
 
 
 
 
 
 
 
 
 
 
 
 
 
 
 
 
 
 
 
 
 
 
 
 
 
 
 
 
 
 
 
 
 
 
 
 
 
 
 
 
 
 
 
 
 
 
 
 
 
 
 
 
 
 
 
 
 
 
 
 
 
 
 
 
 
 
 
 
 
 
 
 
 
 
 
 
 
 
 
 
 
 
 
 
 
 
 
 
 
 
 
 
 
 
 
 
 
 
 
 
 
 
 
 
 
 
 
 
 
 
 
 
 
 
 
 
 
 
 
 
 
 
 
 
 
 
 
 
 
 
 
 
 
 
 
 
 
 
 
 
 
 
 
 
 
 
 
 
 
 
 
 
 
 
 
 
 
 
 
 
 
 
 
 
 
 
 
 
 
 
 
 
 
 
 
 
 
 
 
 
 
 
 
 
 
 
 
 
 
 
 
 
 
 
 
 
 
 
 
 
 
 
 
 
 
 
 
 
 
 
 
 
 
 
 
 
 
 
 
 
 
 
 
 
 
 
 
 
 
 
 
 
 
 
 
 
 
 
 
 
 
 
 
 
 
 
 
 
 
 
 
 
 
 
 
 
 
 
 
 
 
 
 
 
 
 
 
 
 
 
 
 
 
 
 
 
 
 
 
 
 
 
 
 
 
 
 
 
 
 
 
 
 
 
 
 
 
 
 
 
 
 
 
 
 
 
 
 
 
 
 
 
 
 
 
 
 
 
 
 
 
 
 
 
 
 
 
 
 
 
 
 
 
 
 
 
 
 
 
 
 
 
 
 
 
 
 
 
 
 
 
 
 
 
 
 
 
 
 
 
 
 
 
 
 
 
 
 
 
 
 
 
 
 
 
 
 
 
 
 
 
 
 
 
 
 
 
 
 
 
 
 
 
 
 
 
 
 
 
 
 
 
 
 
 
 
 
 
 
 
 
 
 
 
 
 
 
 
 
 
 
 
 
 
 
 
 
 
 
 
 
 
 
 
 
 
 
 
 
 
 
 
 
 
 
 
 
 
 
 
 
 
 
 
 
 
 
 
 
 
 
 
 
 
 
 
 
 
 
 
 
 
 
 
 
 
 
 
 
 
 
 
 
 
 
 
 
 
 
 
 
 
 
 
 
 
 
 
 
 
 
 
 
 
 
 
 
 
 
 
 
 
 
 
 
 
 
 
 
 
 
 
 
 
 
 
 
 
 
 
 
 
 
 
 
 
 
 
 
 
 
 
 
 
 
 
 
 
 
 
 
 
 
 
 
 
 
 
 
 
 
 
 
 
 
 
 
 
 
 
 
 
 
 
 
 
 
 
 
 
 
 
 
 
 
 
 
 
 
 
 
 
 
 
 
 
 
 
 
 
 
 
 
 
 
 
 
 
 
 
 
 
 
 
 
 
 
 
 
 
 
 
 
 
 
 
 
 
 
 
 
 
 
 
 
 
 
 
 
 
 
 
 
 
 
 
 
 
 
 
 
 
 
 
 
 
 
 
 
 
 
 
 
 
 
 
 
 
 
 
 
 
 
 
 
 
 
 
 
 
 
 
 
 
 
 
 
 
 
 
 
 
 
 
 
 
 
 
 
 
 
 
 
 
 
 
 
 
 
 
 
 
 
 
 
 
 
 
 
 
 
 
 
 
 
 
 
 
 
 
 
 
 
 
 
 
 
 
 
 
 
 
 
 
 
 
 
 
 
 
 
 
 
 
 
 
 
 
 
 
 
 
 
 
 
 
 
 
 
 
 
 
 
 
 
 
 
 
 
 
 
 
 
 
 
 
 
 
 
 
 
 
 
 
 
 
 
 
 
 
 
 
 
 
 
 
 
 
 
 
 
 
 
 
 
 
 
 
 
 
 
 
 
 
 
 
 
 
 
 
 
 
 
 
 
 
 
 
 
 
 
 
 
 
 
 
 
 
 
 
 
 
 
 
 
 
 
 
 
 
 
 
 
 
 
 
 
 
 
 
 
 
 
 
 
 
 
 
 
 
 
 
 
 
 
 
 
 
 
 
 
 
 
 
 
 
 
 
 
 
 
 
 
 
 
 
 
 
 
 
 
 
 
 
 
 
 
 
 
 
 
 
 
 
 
 
 
 
 
 
 
 
 
 
 
 
 
 
 
 
 
 
 
 
 
 
 
 
 
 
 
 
 
 
 
 
 
 
 
 
 
 
 
 
 
 
 
 
 
 
 
 
 
 
 
 
 
 
 
 
 
 
 
 
 
 
 
 
 
 
 
 
 
 
 
 
 
 
 
 
 
 
 
 
 
 
 
 
 
 
 
 
 
 
 
 
 
 
 
 
 
 
 
 
 
 
 
 
 
 
 
 
 
 
 
 
 
 
 
 
 
 
 
 
 
 
 
 
 
 
 
 
 
 
 
 
 
 
 
 
 
 
 
 
 
 
 
 
 
 
 
 
 
 
 
 
 
 
 
 
 
 
 
 
 
 
 
 
 
 
 
 
 
 
 
 
 
 
 
 
 
 
 
 
 
 
 
 
 
 
 
 
 
 
 
 
 
 
 
 
 
 
 
 
 
 
 
 
 
 
 
 
 
 
 
 
 
 
 
 
 
 
 
 
 
 
 
 
 
 
 
 
 
 
 
 
 
 
 
 
 
 
 
 
 
 
 
 
 
 
 
 
 
 
 
 
 
 
 
 
 
 
 
 
 
 
 
 
 
 
 
 
 
 
 
 
 
 
 
 
 
 
 
 
 
 
 
 
 
 
 
 
 
 
 
 
 
 
 
 
 
 
 
 
 
 
 
 
 
 
 
 
 
 
 
 
 
 
 
 
 
 
 
 
 
 
 
 
 
 
 
 
 
 
 
 
 
 
 
 
 
 
 
 
 
 
 
 
 
 
 
 
 
 
 
 
 
 
 
 
 
 
 
 
 
 
 
 
 
 
 
 
 
 
 
 
 
 
 
 
 
 
 
 
 
 
 
 
 
 
 
 
 
 
 
 
 
 
 
 
 
 
 
 
 
 
 
 
 
 
 
 
 
 
 
 
 
 
 
 
 
 
 
 
 
 
 
 
 
 
 
 
