0.0 0.0
0.01 2.33636522e-07
0.02 2.34332408e-07
0.03 2.34864535e-07
0.04 2.34452944e-07
0.05 2.32166619e-07
0.06 2.29474101e-07
0.07 2.30213794e-07
0.08 2.29924793e-07
0.09 2.21246468e-07
0.1 2.11929041e-07
0.11 2.00049614e-07
0.12 1.94016109e-07
0.13 2.08386226e-07
0.14 1.98250793e-07
0.15 1.31915083e-07
0.16 8.7216386e-08
0.17 1.13294739e-07
0.18 1.783204e-07
0.19 1.75648411e-07
0.2 -1.2142955e-08
0.21 -1.45879389e-07
0.22 1.1293992e-08
0.23 1.21635371e-07
0.24 7.9922803e-08
0.25 8.5583175e-08
0.26 -7.7424294e-08
0.27 -1.60044125e-07
0.28 1.66391871e-07
0.29 4.55728249e-07
0.3 -5.5859396e-08
0.31 -1.319956551e-06
0.32 -2.40293162e-06
0.33 -3.270657928e-06
0.34 -5.062590352e-06
0.35 -7.592490495e-06
0.36 -1.0110333839e-05
0.37 -1.2099646742e-05
0.38 -1.3096800703e-05
0.39 -1.3567808209e-05
0.4 -1.3715382471e-05
0.41 -1.4138199456e-05
0.42 -1.3292987313e-05
0.43 -6.102882145e-06
0.44 4.535869799e-06
0.45 9.298122194e-06
0.46 6.110358527e-06
0.47 -6.07907825e-07
0.48 -6.336580391e-06
0.49 -9.421395558e-06
0.5 -1.0269673285e-05
0.51 -1.2583360847e-05
0.52 -1.7277507264e-05
0.53 -2.0272974495e-05
0.54 -1.7004182881e-05
0.55 -1.4717438945e-05
0.56 -2.6269078516e-05
0.57 -4.4228474112e-05
0.58 -4.8047582986e-05
0.59 -4.4843599644e-05
0.6 -6.1712306222e-05
0.61 -0.000107108318487
0.62 -0.000153988795917
0.63 -0.0001655650871
0.64 -0.000133659654093
0.65 -7.66150785e-05
0.66 -2.7497144058e-05
0.67 -1.5280932327e-05
0.68 -2.134510113e-06
0.69 5.8250067413e-05
0.7 0.000139344907766
0.71 0.000144206448157
0.72 3.8353456197e-05
0.73 -9.609806727e-05
0.74 -0.000158063227581
0.75 -0.000144385629657
0.76 -0.000134868170676
0.77 -0.000195901854052
0.78 -0.000283543426146
0.79 -0.000283835011033
0.8 -0.000163469203559
0.81 -5.7098282476e-05
0.82 -5.9303654265e-05
0.83 -9.9102642068e-05
0.84 -6.4141649805e-05
0.85 3.7104906925e-05
0.86 7.8202436143e-05
0.87 -1.5362421633e-05
0.88 -0.000153796236769
0.89 -0.000178260269075
0.9 -7.6659180029e-05
0.91 -2.87697565e-05
0.92 -0.000107702226388
0.93 -0.000200362727078
0.94 -0.000152036469374
0.95 2.42088509e-06
0.96 4.8622531653e-05
0.97 -7.3983239304e-05
0.98 -0.000182521383063
0.99 -0.000179526475605
1.0 -0.000237651791635
1.01 -0.000454548120348
1.02 -0.000617972604859
1.03 -0.000608127140411
1.04 -0.000552725098702
1.05 -0.000502575533576
1.06 -0.000364251308846
1.07 -0.000134418267986
1.08 3.750826766e-05
1.09 0.000146174015447
1.1 0.000278348909282
1.11 0.000321942834872
1.12 0.000254848541864
1.13 0.000287295931915
1.14 0.000356207569809
1.15 0.000225556950045
1.16 -1.184858373e-05
1.17 -0.000173119765991
1.18 -0.000320852600243
1.19 -0.00044004799267
1.2 -0.000374980511981
1.21 -0.000279738722245
1.22 -0.000388002649129
1.23 -0.000476487622406
1.24 -0.000182130825291
1.25 0.000263158013137
1.26 0.000450420068887
1.27 0.000401814008977
1.28 0.000315709645031
1.29 0.000219352957173
1.3 0.00015329964497
1.31 0.000240344417563
1.32 0.000284074412226
1.33 -9.20037838e-06
1.34 -0.000346575351714
1.35 -0.000148301079965
1.36 0.000457942977852
1.37 0.000760562374714
1.38 0.000549608454812
1.39 0.000456139104415
1.4 0.000810305098489
1.41 0.001062282292341
1.42 0.000793096681663
1.43 0.000401763745768
1.44 0.000251650403401
1.45 0.000113735181679
1.46 -0.000243043351303
1.47 -0.00059127284602
1.48 -0.000838996191382
1.49 -0.001239054766994
1.5 -0.001586363982011
1.51 -0.001642050883186
1.52 -0.001600554943397
1.53 -0.001738373405642
1.54 -0.001916034899872
1.55 -0.001457963383295
1.56 -0.00040255588608
1.57 0.000265021875324
1.58 4.608966633e-05
1.59 -0.000169784534286
1.6 0.000426483729559
1.61 0.001040003946679
1.62 0.000630364131408
1.63 -0.000151512708869
1.64 -0.000623305928125
1.65 -0.000775261576254
1.66 -0.000832709809864
1.67 -0.000974005169955
1.68 -0.000933891492688
1.69 -0.000845677967082
1.7 -0.00057345076932
1.71 7.8857735195e-05
1.72 0.000516650698393
1.73 0.000606332822114
1.74 0.001032339575658
1.75 0.001780928208565
1.76 0.002265439735398
1.77 0.001993591254493
1.78 0.001139193241839
1.79 0.000590108710108
1.8 0.000419710188024
1.81 0.000442981578869
1.82 7.3439803555e-05
1.83 -0.001146874835749
1.84 -0.001948105464064
1.85 -0.001318741810415
1.86 0.000248864587319
1.87 0.001035579536572
1.88 0.000326948795161
1.89 -0.000145096314318
1.9 0.000381937158252
1.91 0.000531874375056
1.92 -0.000145175336075
1.93 -0.001046996312462
1.94 -0.001729518742888
1.95 -0.002178399715384
1.96 -0.002452440823646
1.97 -0.002427767776499
1.98 -0.001856774449075
1.99 -0.001098336882551
2.0 -0.000411431084691
2.01 1.7804979943e-05
2.02 0.000193525737092
2.03 0.000747377789784
2.04 0.00130578745825
2.05 0.001650733323801
2.06 0.001720049031662
2.07 0.001756401940005
2.08 0.001664260329882
2.09 0.001566429268962
2.1 0.001629066490581
2.11 0.001569870059132
2.12 0.001174023389218
2.13 0.000565580948173
2.14 7.589262162e-06
2.15 -0.000231561729606
2.16 -0.000146178072967
2.17 3.0576652639e-05
2.18 -0.000116054659393
2.19 -0.000340823514627
2.2 0.000198699153211
2.21 0.001137884371912
2.22 0.001247271521112
2.23 0.000281399829548
2.24 -0.000640850587312
2.25 -0.00098314669672
2.26 -0.000991461234701
2.27 -0.001279704886817
2.28 -0.002098473510811
2.29 -0.002723816116872
2.3 -0.002264445169633
2.31 -0.000612341815972
2.32 0.000346537633767
2.33 -0.000376273378449
2.34 -0.000740656917481
2.35 0.00018985499983
2.36 0.000833699025329
2.37 0.000544532159883
2.38 -0.00029353101852
2.39 -0.000529666698671
2.4 -0.000318185791253
2.41 0.000131773908147
2.42 0.000485894978964
2.43 8.5083831e-07
2.44 -0.000335996794863
2.45 -0.00011916366368
2.46 0.000188449757324
2.47 -0.000121685434544
2.48 -0.000264405097419
2.49 0.00038247896843
2.5 0.001130223707061
2.51 0.001304060571071
2.52 0.001811333987814
2.53 0.002272866113933
2.54 0.002561510364652
2.55 0.002451748791639
2.56 0.001599605212258
2.57 0.000404413895761
2.58 -0.001175005883111
2.59 -0.002207394469069
2.6 -0.002910612353856
2.61 -0.003398631573995
2.62 -0.00384761223636
2.63 -0.003701883249197
2.64 -0.002727456177926
2.65 -0.001373988097905
2.66 -0.000435533464857
2.67 0.000134390673183
2.68 0.001114521082938
2.69 0.00218300818047
2.7 0.00238705717642
2.71 0.00165722684984
2.72 0.001090457915613
2.73 0.000895794603389
2.74 0.000589209753847
2.75 1.3028356103e-05
2.76 0.00019866777211
2.77 0.000885247012173
2.78 0.001329780048495
2.79 0.001593562595634
2.8 0.002163849695745
2.81 0.002654651750574
2.82 0.002898928962935
2.83 0.002579431726104
2.84 0.000794013622434
2.85 -0.001002968259717
2.86 -0.00196619088129
2.87 -0.002993220776042
2.88 -0.004206087664696
2.89 -0.005516774830673
2.9 -0.006204917981673
2.91 -0.005720191026624
2.92 -0.005449700426925
2.93 -0.005081746173371
2.94 -0.003474777609589
2.95 -0.000793917199118
2.96 0.002269547821628
2.97 0.003130787737715
2.98 0.00259039059848
2.99 0.004259409225362
3.0 0.006887049610778
3.01 0.007951304467572
3.02 0.006222855269094
3.03 0.004681742266318
3.04 0.001830068816506
3.05 -0.00170155375981
3.06 -0.003035942726419
3.07 -0.002309321429418
3.08 -0.003500148258357
3.09 -0.006727052892912
3.1 -0.007307193389951
3.11 -0.004171743541519
3.12 -0.00173800105619
3.13 -0.001877595062745
3.14 -0.003404328470934
3.15 -0.003195521456253
3.16 -0.002477864985353
3.17 -0.002418141970333
3.18 -0.003339809072244
3.19 -0.005568896084994
3.2 -0.006275332023169
3.21 -0.005719448790647
3.22 -0.005443739885396
3.23 -0.006154401092439
3.24 -0.006328120537719
3.25 -0.005373554824047
3.26 -0.005749968536122
3.27 -0.005268449823027
3.28 -0.004662982093442
3.29 -0.001615643147881
3.3 0.002087623231719
3.31 0.002612996351486
3.32 0.002155468544023
3.33 0.003177106000123
3.34 0.006421882646126
3.35 0.008129385710411
3.36 0.003351481790525
3.37 -0.001880820740213
3.38 -0.001782013871896
3.39 0.002383154285044
3.4 0.00114664336444
3.41 -0.005727514496158
3.42 -0.006627442155991
3.43 -0.005045875182117
3.44 -0.004163543164145
3.45 -0.004828171613486
3.46 -0.006315057212146
3.47 -0.006683206853455
3.48 -0.00717182029918
3.49 -0.00727132483596
3.5 -0.006187325865435
3.51 -0.005196268466805
3.52 -0.005357591513434
3.53 -0.003612299181502
3.54 -0.000150544980066
3.55 0.002243327243542
3.56 0.002906391913182
3.57 0.00338554421954
3.58 0.004368004395181
3.59 0.006548836314972
3.6 0.007558659748791
3.61 0.006818711469948
3.62 0.006425026663114
3.63 0.005575832680342
3.64 0.006087831675111
3.65 0.005181567628684
3.66 0.003723320002684
3.67 0.00170901027999
3.68 0.001637828294377
3.69 0.002950297522806
3.7 0.002806930177327
3.71 0.000417444817446
3.72 -0.001611815664031
3.73 -0.003255049713516
3.74 -0.004955210157099
3.75 -0.005407659019444
3.76 -0.005380344494485
3.77 -0.005979153059166
3.78 -0.008516204298577
3.79 -0.010245933271428
3.8 -0.005847968364357
3.81 0.00204699567931
3.82 0.005302055781027
3.83 0.001895169698787
3.84 0.002150536942944
3.85 0.008077257360707
3.86 0.013411488523918
3.87 0.012283772099753
3.88 0.009699139336389
3.89 0.010087703619549
3.9 0.010658134040073
3.91 0.010389774719595
3.92 0.009399891220315
3.93 0.009558130160256
3.94 0.008667020305049
3.95 0.007353964305376
3.96 0.006317723605352
3.97 0.003869790403819
3.98 0.004423716009749
3.99 0.00501113258526
4.0 0.004319172592545
4.01 0.003113892078485
4.02 0.003641150734536
4.03 0.004217431721665
4.04 0.004931385451911
4.05 0.003300864475032
4.06 0.002480191963703
4.07 -0.000414607085188
4.08 -0.002151251774288
4.09 -0.003994850043038
4.1 -0.002469356002486
4.11 -0.003913721276294
4.12 -0.006201895892984
4.13 -0.003145489290718
4.14 0.006346568725599
4.15 0.007179506019436
4.16 0.001451730556654
4.17 0.004674467774462
4.18 0.009183805922066
4.19 0.013158629698921
4.2 0.009917766006599
4.21 0.008533938992462
4.22 0.009270908068432
4.23 0.003653494033412
4.24 -0.000596837207796
4.25 -0.000770466999997
4.26 0.001514516366707
4.27 8.830387106e-05
4.28 -0.000869250344107
4.29 0.001432015914579
4.3 0.003338699134036
4.31 0.004055287967753
4.32 0.004605143165765
4.33 0.006595438948637
4.34 0.006225757641126
4.35 -7.2138988365e-05
4.36 0.001098804503681
4.37 0.000264284110077
4.38 -0.001547219074019
4.39 -0.00484999901375
4.4 -0.006608774078548
4.41 -0.005462529124755
4.42 -0.005088206076817
4.43 -0.001971350472137
4.44 0.006914495156244
4.45 0.008067274642182
4.46 0.003741999452605
4.47 0.006073337219564
4.48 0.010973247010405
4.49 0.016877111650472
4.5 0.0131852673961
4.51 0.008112796175149
4.52 -0.000563886977534
4.53 -0.000503919896983
4.54 0.003654252674079
4.55 0.00017649698898
4.56 -0.005061328196257
4.57 -0.011478592248095
4.58 -0.008674539560176
4.59 -0.004458545616647
4.6 0.000860489195906
4.61 0.006735806074201
4.62 0.001873062699846
4.63 0.002730387806551
4.64 0.00972101713533
4.65 0.014569511483065
4.66 0.015796201967579
4.67 0.011171191430396
4.68 0.010718338658714
4.69 0.010365104779646
4.7 0.005660003467656
4.71 0.001553467348105
4.72 -4.5804381514e-05
4.73 -0.000798630194187
4.74 -0.003804856310304
4.75 -0.006484601544936
4.76 -0.008272486733611
4.77 -0.006655940345157
4.78 -0.00292912972304
4.79 0.008200470668614
4.8 0.006055097059436
4.81 0.004170382604825
4.82 0.008668063863548
4.83 0.014755908355774
4.84 0.020789656167263
4.85 0.014481680898555
4.86 0.015303309510927
4.87 0.013272068403363
4.88 0.012586332717636
4.89 0.013741017745538
4.9 0.010504861679386
4.91 0.009366582833498
4.92 0.006253682955817
4.93 0.0012432386632
4.94 0.000666382396364
4.95 0.000150166909009
4.96 0.001811226814202
4.97 -0.001447978379708
4.98 -0.005561117148316
4.99 -0.007824978862346
5.0 -0.006612171559438
5.01 -0.00598946322782
5.02 -0.00615130046835
5.03 -0.006702608544109
5.04 -0.007837236952201
5.05 -0.009457415794343
5.06 -0.004877713891559
5.07 0.006530733888562
5.08 0.002825974687316
5.09 0.00012695931523
5.1 0.006139124461328
5.11 0.013861581015443
5.12 0.017784509950383
5.13 0.014849276254178
5.14 0.017104990255989
5.15 0.018090298073866
5.16 0.017590172200632
5.17 0.017934610568405
5.18 0.016552333152256
5.19 0.01557059857748
5.2 0.014850264106646
5.21 0.012494982520288
5.22 0.01110269917595
5.23 0.008913605586579
5.24 0.007087032187986
5.25 0.008794489139759
5.26 0.006641899354479
5.27 0.005099149482081
5.28 0.006688647668753
5.29 0.005344962744522
5.3 0.007020882222551
5.31 0.005992787061521
5.32 0.008640353198592
5.33 0.007643982966767
5.34 0.007862723283024
5.35 0.008287796674493
5.36 0.008354983370326
5.37 0.008335146942979
5.38 0.009026593049494
5.39 0.008136419578444
5.4 0.00715571528279
5.41 0.008632808084729
5.42 0.006769962453784
5.43 0.008824155316873
5.44 0.004782428806691
5.45 0.004406367547337
5.46 0.003914265530908
5.47 0.000142991642619
5.48 -4.3149101968e-05
5.49 -0.002851833610024
5.5 -0.0026774639284
5.51 -0.004181140334687
5.52 -0.005964883877889
5.53 -0.007026378251053
5.54 -0.006255393171123
5.55 -0.007063941920132
5.56 -0.00713111776427
5.57 -0.008181523091756
5.58 -0.007719952837472
5.59 -0.008321470579657
5.6 -0.008769723192788
5.61 -0.010115932927408
5.62 -0.010193970970847
5.63 -0.010916361845459
5.64 -0.011324853477522
5.65 -0.011450559550954
5.66 -0.012957008825003
5.67 -0.0131375349583
5.68 -0.014456959436983
5.69 -0.014202012722548
5.7 -0.01426653336481
5.71 -0.015032596437793
5.72 -0.015441068232901
5.73 -0.016347281663383
5.74 -0.015324384813442
5.75 -0.015326504331134
5.76 -0.015167997296807
5.77 -0.011326788773462
5.78 -0.009386970380301
5.79 -0.011497185109432
5.8 -0.012920289931949
5.81 -0.010538299699132
5.82 -0.007114820713296
5.83 -0.006288995295701
5.84 -0.008919405031193
5.85 -0.012404004959059
5.86 -0.011551746857048
5.87 -0.010412215065382
5.88 -0.009848799155683
5.89 -0.011150924716612
5.9 -0.012301138216986
5.91 -0.012216255702551
5.92 -0.01152417733959
5.93 -0.013682859864547
5.94 -0.01310455139393
5.95 -0.014702547000084
5.96 -0.015952322109528
5.97 -0.017007917476004
5.98 -0.020180130908337
5.99 -0.018033568467008
6.0 -0.020106425167851
6.01 -0.018209484986326
6.02 -0.017956065650537
6.03 -0.018965928613416
6.04 -0.019450407939693
6.05 -0.018356819468922
6.06 -0.015380750587175
6.07 -0.014757527140871
6.08 -0.010802622034693
6.09 -0.013941031554288
6.1 -0.010701913404136
6.11 -0.011538441157382
6.12 -0.008040424794591
6.13 -0.009185553478259
6.14 -0.010732332508444
6.15 -0.01140667847553
6.16 -0.011956541876978
6.17 -0.009608202664688
6.18 -0.011824701837686
6.19 -0.012512552614872
6.2 -0.011556131095239
6.21 -0.013963377825749
6.22 -0.009557971651116
6.23 -0.009687567496423
6.24 -0.00984473428408
6.25 -0.01053016360932
6.26 -0.012508803251815
6.27 -0.012134756768643
6.28 -0.009949029825358
6.29 -0.008311750606889
6.3 -0.009072482192036
6.31 -0.011843575541585
6.32 -0.011186196184146
6.33 -0.011123568269934
6.34 -0.009859410573594
6.35 -0.009689302115764
6.36 -0.01229277288253
6.37 -0.00860017885299
6.38 -0.008368630120867
6.39 -0.008875309090644
6.4 -0.009236991549071
6.41 -0.007025939234877
6.42 -0.005907817468972
6.43 -0.006352204827753
6.44 -0.008324663987231
6.45 -0.006389566509403
6.46 -0.005733091341393
6.47 -0.004080644474144
6.48 -0.005643121988429
6.49 -0.005916986571737
6.5 -0.004221626628637
6.51 -0.001744364317049
6.52 0.000333398069911
6.53 0.000911528256941
6.54 0.002459127032467
6.55 0.001967037051841
6.56 0.002393381694364
6.57 0.003893803846463
6.58 0.006321100314634
6.59 0.006491104798978
6.6 0.005978697783794
6.61 0.005841348297461
6.62 0.005403765978613
6.63 0.00564979996908
6.64 0.006490228154991
6.65 0.006640964179819
6.66 0.006949722887093
6.67 0.006456500848079
6.68 0.007428360944884
6.69 0.007048925927046
6.7 0.008196773425053
6.71 0.006123951539759
6.72 0.006023285838948
6.73 0.005892155813858
6.74 0.004961057800827
6.75 0.005734051717019
6.76 0.006819787218477
6.77 0.006166776642216
6.78 0.004942410137943
6.79 0.005623354330767
6.8 0.007497869404452
6.81 0.008888989536188
6.82 0.008966515859777
6.83 0.009156250602815
6.84 0.008219020786628
6.85 0.009941301170322
6.86 0.012423169496818
6.87 0.012725513871976
6.88 0.012649250405637
6.89 0.009831720554566
6.9 0.012678346605945
6.91 0.014134797622369
6.92 0.013111630067049
6.93 0.012078245659151
6.94 0.010295650655355
6.95 0.012663094257924
6.96 0.01447666998302
6.97 0.013924167471323
6.98 0.014091116768669
6.99 0.014195796553679
7.0 0.016591158961275
7.01 0.017851660623643
7.02 0.017345337494227
7.03 0.017429391166704
7.04 0.017785912801019
7.05 0.017724058811684
7.06 0.017975153515477
7.07 0.016529076022368
7.08 0.016838905217113
7.09 0.015825467027207
7.1 0.015250070143589
7.11 0.01424067946761
7.12 0.013671676437844
7.13 0.013809568896032
7.14 0.011324941062528
7.15 0.009643986607389
7.16 0.00857967385535
7.17 0.005828562606976
7.18 0.005414361927112
7.19 0.004792022277678
7.2 0.003662306798062
7.21 0.002908137766829
7.22 -5.5525617702e-05
7.23 -0.00098023531136
7.24 0.001567724492462
7.25 -0.00207468202726
7.26 0.000432255362469
7.27 -0.004410935346811
7.28 -0.002526174941066
7.29 0.000511845093392
7.3 -0.001356861154073
7.31 -0.002305333075534
7.32 -0.0033213628004
7.33 0.001589940444366
7.34 0.004392204996596
7.35 0.001789365265721
7.36 0.003281207926311
7.37 0.001877555350684
7.38 6.2137143283e-05
7.39 0.008249468722781
7.4 0.003573054485276
7.41 0.007839701595679
7.42 0.003512637827949
7.43 0.007738316813689
7.44 0.006985242028569
7.45 0.009613915241059
7.46 0.006328117006864
7.47 0.012575563754889
7.48 0.006191852359761
7.49 0.010789313181871
7.5 0.01155780450057
7.51 0.016212028748669
7.52 0.013996001039451
7.53 0.012542149257149
7.54 0.015822721832129
7.55 0.018694425308012
7.56 0.020854011596439
7.57 0.019806976230488
7.58 0.020717896585981
7.59 0.013489365756818
7.6 0.014176762063331
7.61 0.017694958334492
7.62 0.020162568794178
7.63 0.010829758535903
7.64 0.002408386923538
7.65 0.00694117026568
7.66 0.005193048183192
7.67 0.00499600694182
7.68 0.004206122929336
7.69 0.000325670863739
7.7 -0.002375851894702
7.71 -0.006674713441639
7.72 -0.004057895421293
7.73 -0.007315784051194
7.74 -0.009275867366547
7.75 -0.010078596450999
7.76 -0.009534873912044
7.77 -0.011833072863143
7.78 -0.013488455748012
7.79 -0.014239469681503
7.8 -0.011645920825463
7.81 -0.013317538935294
7.82 -0.013131937207319
7.83 -0.013596814331915
7.84 -0.012224911407653
7.85 -0.015516698601788
7.86 -0.015311021060514
7.87 -0.018259352917686
7.88 -0.018139732493448
7.89 -0.014862560821913
7.9 -0.018230727081258
7.91 -0.01821989393562
7.92 -0.017819228545392
7.93 -0.017332061072177
7.94 -0.012649406079775
7.95 -0.015009441681404
7.96 -0.015660378306044
7.97 -0.016506190730238
7.98 -0.016612122839371
7.99 -0.012810472561526
8.0 -0.011404382852595
8.01 -0.012455496114998
8.02 -0.01111769152544
8.03 -0.009699900628948
8.04 -0.008977034533322
8.05 -0.006946398244689
8.06 -0.00689213076701
8.07 -0.006828790907278
8.08 -0.006288127878815
8.09 -0.005767620917581
8.1 -0.006463098684757
8.11 -0.00599890567161
8.12 -0.005129708489453
8.13 -0.007184581095709
8.14 -0.008542386451585
8.15 -0.005315018795687
8.16 -0.008320440328
8.17 -0.01273888042834
8.18 -0.0116427628514
8.19 -0.009582305637164
8.2 -0.009472135760409
8.21 -0.011818393168988
8.22 -0.012987197675009
8.23 -0.011561966515996
8.24 -0.009712857491846
8.25 -0.006409293483016
8.26 -0.006463125056453
8.27 -0.008505567863798
8.28 -0.00509373170908
8.29 -0.006988958810469
8.3 -0.005076808016077
8.31 -0.004224186258662
8.32 -0.003562923523365
8.33 -0.002514004468436
8.34 -0.001296704647663
8.35 0.00029638280507
8.36 0.001373810124699
8.37 0.001400187998725
8.38 0.003895284148949
8.39 0.005022914244748
8.4 0.005391181890251
8.41 0.003321376289508
8.42 0.005853850288701
8.43 0.003728642016588
8.44 0.007436199868458
8.45 0.000677695436973
8.46 0.002524481887931
8.47 -0.000700508878919
8.48 -0.002366323435351
8.49 -0.000741728826379
8.5 -0.0012350220487
8.51 -0.006540966269802
8.52 -0.009324168506513
8.53 -0.008763166475428
8.54 -0.009249002187482
8.55 -0.011103702880264
8.56 -0.011213021092706
8.57 -0.010962130934469
8.58 -0.011757529330708
8.59 -0.015012056185873
8.6 -0.01571041171811
8.61 -0.014131696323292
8.62 -0.016768409365375
8.63 -0.016569661995911
8.64 -0.019544400960397
8.65 -0.0214026249171
8.66 -0.01732274511626
8.67 -0.019976216375206
8.68 -0.023081417682347
8.69 -0.022076253180446
8.7 -0.024784629247471
8.71 -0.021643419720896
8.72 -0.022517340015275
8.73 -0.025189510076374
8.74 -0.022687465375887
8.75 -0.02278118684022
8.76 -0.018584396296301
8.77 -0.014764190616052
8.78 -0.014575263558941
8.79 -0.012502842814532
8.8 -0.009043751493934
8.81 -0.007600485401199
8.82 -0.002986409980189
8.83 -0.001516215199185
8.84 1.0724338646e-05
8.85 0.001089883565214
8.86 0.00289321941508
8.87 0.005726640107342
8.88 0.006629846892813
8.89 0.003073565018977
8.9 0.009464472184701
8.91 0.009331987623863
8.92 0.010400693540806
8.93 0.00801420336354
8.94 0.007055270846469
8.95 0.01010664724451
8.96 0.010658592975309
8.97 0.013538213671259
8.98 0.009833360837722
8.99 0.013398780401736
9.0 0.013032912288365
9.01 0.016866221055621
9.02 0.018384509215606
9.03 0.015724371623874
9.04 0.017675883071878
9.05 0.01800444377268
9.06 0.016673640535429
9.07 0.016172623869895
9.08 0.012717862439359
9.09 0.012576896322285
9.1 0.008958102950278
9.11 0.008666796341352
9.12 0.006936735826814
9.13 0.003604196952411
9.14 0.000592246991479
9.15 -0.002255525693634
9.16 -0.000855323556959
9.17 -0.001667232377126
9.18 -0.004151711471956
9.19 -0.004372324626263
9.2 -0.005319703555016
9.21 -0.005800795995711
9.22 -0.007640821493174
9.23 -0.008008281515996
9.24 -0.008706854324084
9.25 -0.010097630504684
9.26 -0.010847696516576
9.27 -0.014926132311767
9.28 -0.013377821042278
9.29 -0.016429408197826
9.3 -0.018476467979494
9.31 -0.019438205688738
9.32 -0.013174869843824
9.33 -0.015703893821661
9.34 -0.019450595868895
9.35 -0.016935434641544
9.36 -0.011531963129945
9.37 -0.005708914168841
9.38 -0.007384235047493
9.39 -0.01114247732986
9.4 -0.009003615398764
9.41 -0.010080547618192
9.42 -0.006112069651668
9.43 -0.005431669628239
9.44 -0.004757566247165
9.45 -0.007697360642772
9.46 -0.009067434800009
9.47 -0.006254362283374
9.48 -0.005539230610127
9.49 -0.006515939133788
9.5 -0.008192149648163
9.51 -0.005848286843482
9.52 -0.005014374286561
9.53 -0.003836188710536
9.54 -0.005300072363144
9.55 -0.005755016047369
9.56 -0.001006764902589
9.57 0.000697032955149
9.58 -0.002147700739219
9.59 0.004548039161916
9.6 0.003452599409395
9.61 0.003782312692583
9.62 0.006822658553036
9.63 0.004440315003821
9.64 0.012628494624695
9.65 0.010961417026442
9.66 0.01059595641703
9.67 0.013869652379516
9.68 0.010638950047345
9.69 0.006537865119055
9.7 0.007917885926823
9.71 0.00714759499746
9.72 0.011368359022845
9.73 0.008023370579144
9.74 0.005040009234199
9.75 0.000714807350414
9.76 0.003153623965133
9.77 0.003631945132574
9.78 0.003656460420716
9.79 0.001321169658076
9.8 -0.000557516248135
9.81 -0.0006088984112
9.82 -0.000180114157773
9.83 0.000240246440424
9.84 -0.000751935147705
9.85 -0.002279692598845
9.86 -0.005438371493725
9.87 -0.005283124153244
9.88 -0.004948647695269
9.89 -0.005578676948388
9.9 -0.008186030452286
9.91 -0.006773306242884
9.92 -0.009449293165535
9.93 -0.007128692262149
9.94 -0.00940355294744
9.95 -0.00847497971359
9.96 -0.01013868175255
9.97 -0.009426006213972
9.98 -0.011646636245738
9.99 -0.014180886571867
10.0 -0.014678338703422
10.01 -0.016965646807705
10.02 -0.018898950826393
10.03 -0.009749916867948
10.04 -0.019122155786676
10.05 -0.021375410433623
10.06 -0.019346999849836
10.07 -0.015473550168625
10.08 -0.002109035695589
10.09 -0.011540439490889
10.1 -0.00421770548773
10.11 -0.005749705103066
10.12 -0.00482487201614
10.13 -0.002713514880051
10.14 0.003480355107357
10.15 0.008183885606271
10.16 0.002200280323127
10.17 0.007980045456085
10.18 0.006398113168645
10.19 0.006608853675257
10.2 0.007086593694047
10.21 0.008584905463264
10.22 0.009128878120259
10.23 0.01044736728743
10.24 0.007800012893744
10.25 0.012533019832275
10.26 0.014348520243215
10.27 0.014062289668051
10.28 0.013696500389547
10.29 0.01662953850538
10.3 0.020273753171938
10.31 0.025230754407951
10.32 0.013691191526345
10.33 0.022547037866959
10.34 0.020539975060104
10.35 0.025352478468591
10.36 0.02093199836321
10.37 0.009546412886361
10.38 0.022032727096037
10.39 0.009937001554647
10.4 0.018172065787994
10.41 0.016310434750417
10.42 0.010121781008524
10.43 0.01007616878369
10.44 0.004362105994877
10.45 0.010761559942671
10.46 0.00350139232103
10.47 0.003433894139107
10.48 0.005993256911905
10.49 0.001819165876174
10.5 0.006716938109693
10.51 0.001171482678396
10.52 0.004012238496446
10.53 0.000834682171173
10.54 0.005714043813954
10.55 0.002680935993318
10.56 0.001684520822682
10.57 0.000929637110521
10.58 -0.000138359461957
10.59 0.00150869437172
10.6 -0.004448484104065
10.61 -0.002001009790274
10.62 0.003268866950839
10.63 -0.001046503192968
10.64 -0.001182367394913
10.65 -0.000435865398421
10.66 0.002478969101075
10.67 0.006475158196804
10.68 0.004470953722077
10.69 0.005942157755769
10.7 0.005114720302392
10.71 0.003270661917159
10.72 0.00744422387016
10.73 0.009406935412336
10.74 0.008119277675936
10.75 0.005433988648395
10.76 0.007883118311223
10.77 0.007765514159483
10.78 0.007728940572772
10.79 0.007552911292066
10.8 0.003502214770313
10.81 0.003848829889529
10.82 0.004565703402426
10.83 0.003804029430675
10.84 0.002097591600618
10.85 0.001068988628408
10.86 0.001655345098832
10.87 0.002553655482293
10.88 0.000484859749284
10.89 0.000988375517938
10.9 0.000527969617129
10.91 -0.00098557286078
10.92 -0.001534448192026
10.93 -0.000609450629256
10.94 -0.00113305268519
10.95 -0.001923373338328
10.96 -0.002863431642268
10.97 -0.004142550516136
10.98 -0.003347473523915
10.99 -0.005981834060686
11.0 -0.0049025301792
11.01 -0.006700253210209
11.02 -0.007875262861106
11.03 -0.007233145419265
11.04 -0.007687839295149
11.05 -0.006859981720537
11.06 -0.008376289914671
11.07 -0.007101093800918
11.08 -0.005825741750163
11.09 -0.004152520296347
11.1 -0.004787784765022
11.11 -0.007857205451499
11.12 -0.006351177116048
11.13 -0.002562974106749
11.14 -0.000644176390303
11.15 -0.00107008316074
11.16 -0.002061568835427
11.17 -0.000514875021575
11.18 0.00139233147766
11.19 0.003357518787107
11.2 0.004576724315832
11.21 0.006371151832585
11.22 0.006285351486622
11.23 0.007290973739696
11.24 0.006807895185278
11.25 0.007795641734578
11.26 0.006667848211844
11.27 0.006617299674014
11.28 0.006616580190415
11.29 0.00487130193776
11.3 0.004423739076723
11.31 0.004555933041142
11.32 0.003038193855323
11.33 0.004606506273374
11.34 0.003061810770563
11.35 0.003942469379773
11.36 -6.8726945763e-05
11.37 0.00352337277133
11.38 0.001865183883828
11.39 0.002961439628806
11.4 0.000728154886735
11.41 -0.000609030147634
11.42 -0.001842065443546
11.43 -0.001205243841096
11.44 -0.000711790321701
11.45 -0.00344208590384
11.46 -0.001873221452844
11.47 -0.000468431232531
11.48 0.000124130944195
11.49 0.001018478926075
11.5 -0.001107915553342
11.51 9.8848838986e-05
11.52 0.00249285383201
11.53 0.002621330524545
11.54 0.003767127742377
11.55 0.002439910429595
11.56 0.001350330583051
11.57 0.001846011256633
11.58 0.003075640364669
11.59 0.006325371709546
11.6 0.006301489792456
11.61 0.00593174891071
11.62 0.006231138966277
11.63 0.005259509995269
11.64 0.007159275507642
11.65 0.009436710543632
11.66 0.009764912326489
11.67 0.006903103849234
11.68 0.011011000834181
11.69 0.009799342367212
11.7 0.011165610599491
11.71 0.010343891369983
11.72 0.011966257758381
11.73 0.013803907496668
11.74 0.012889854135189
11.75 0.01240286891002
11.76 0.014767764432367
11.77 0.015753554586767
11.78 0.016988804101263
11.79 0.01546562892044
11.8 0.020111158074957
11.81 0.018244210862491
11.82 0.021918807549912
11.83 0.021313407941698
11.84 0.023865850421814
11.85 0.024826467912949
11.86 0.02559637672174
11.87 0.024217557716918
11.88 0.026336144986002
11.89 0.025249991970675
11.9 0.025890388327706
11.91 0.023506070207573
11.92 0.021049710879375
11.93 0.021629377979195
11.94 0.02151409719509
11.95 0.02175380147939
11.96 0.018774773140511
11.97 0.016670992885247
11.98 0.013964282303618
11.99 0.015259601519057
12.0 0.015041734339946
12.01 0.012765920619476
12.02 0.012295480001763
12.03 0.010498407028222
12.04 0.011831812699911
12.05 0.012465657099614
12.06 0.011655000163636
12.07 0.011952224325325
12.08 0.010829015087771
12.09 0.01353114078493
12.1 0.012558926801969
12.11 0.011740934716684
12.12 0.010249349686141
12.13 0.010169682903137
12.14 0.009798949283922
12.15 0.009503304155895
12.16 0.008253999999435
12.17 0.008279587653527
12.18 0.009090008475259
12.19 0.00938675779659
12.2 0.008000576343826
12.21 0.008117689387596
12.22 0.007759172725298
12.23 0.008485205046313
12.24 0.010503351683833
12.25 0.008831887065193
12.26 0.00826877655931
12.27 0.007579662399731
12.28 0.009336436448107
12.29 0.010357133070312
12.3 0.00999693574496
12.31 0.010297853722152
12.32 0.010327725503301
12.33 0.010756179971685
12.34 0.01204081175113
12.35 0.010856004018917
12.36 0.010502574722633
12.37 0.010782166913437
12.38 0.007774799819353
12.39 0.00951651298475
12.4 0.007834122886924
12.41 0.008151630846318
12.42 0.006952374510474
12.43 0.006089203250828
12.44 0.009107316942617
12.45 0.007321219222755
12.46 0.008948298572619
12.47 0.007810900022647
12.48 0.008149420166054
12.49 0.008823435100235
12.5 0.008620626813523
12.51 0.008971721268928
12.52 0.008332942384465
12.53 0.008796673191449
12.54 0.008724352035136
12.55 0.008086200258365
12.56 0.010253550204546
12.57 0.006842082604189
12.58 0.007061843763832
12.59 0.004708316507933
12.6 0.003106409849407
12.61 0.003048667752639
12.62 0.001118907606466
12.63 0.001624477301047
12.64 0.000279224815661
12.65 -0.001420577066951
12.66 -0.000955282250394
12.67 7.162976729e-05
12.68 0.000954967347405
12.69 0.000167334563307
12.7 9.3147977614e-05
12.71 -0.001230810260834
12.72 -0.001663723587532
12.73 -0.001728950607107
12.74 -0.001660746354535
12.75 -0.001376777623219
12.76 -0.002823898142357
12.77 -0.001761187479615
12.78 -0.002922978951355
12.79 -0.002514717921759
12.8 -0.002903365187005
12.81 -0.003742285857266
12.82 -0.003659051621546
12.83 -0.004849833312939
12.84 -0.004711619171443
12.85 -0.005346997848233
12.86 -0.005923688352393
12.87 -0.006674254524739
12.88 -0.00639797896604
12.89 -0.006951175651028
12.9 -0.006126954149038
12.91 -0.007266817981411
12.92 -0.006910560000562
12.93 -0.006641688296225
12.94 -0.005341689374327
12.95 -0.005980011607998
12.96 -0.005641942798256
12.97 -0.005129831912379
12.98 -0.004144842268176
12.99 -0.001687468577202
13.0 0.000233369429918
13.01 0.000922877965253
13.02 -0.000307415967206
13.03 0.001164038933453
13.04 0.003904814543916
13.05 0.005848393758606
13.06 0.00459818187513
13.07 0.002950888441238
13.08 0.002356924885104
13.09 0.001075587732422
13.1 0.000426274410134
13.11 0.001044321172356
13.12 0.000284453373848
13.13 -0.001330728783833
13.14 -0.002543434949384
13.15 -0.00143262988644
13.16 -0.000642329023708
13.17 -0.00126998122284
13.18 -0.002570762025625
13.19 -0.001928790116642
13.2 -0.002735674277114
13.21 -0.003604367832221
13.22 -0.004816106068501
13.23 -0.00482177253994
13.24 -0.004090786479148
13.25 -0.005360114963095
13.26 -0.007001452670461
13.27 -0.00688780380975
13.28 -0.007320090770461
13.29 -0.007313818535999
13.3 -0.008031058992082
13.31 -0.008466193373862
13.32 -0.009118688721195
13.33 -0.009459559917656
13.34 -0.009435084951673
13.35 -0.007571513910354
13.36 -0.00765588062957
13.37 -0.007157398541454
13.38 -0.006995204049134
13.39 -0.006224995545731
13.4 -0.005270513324633
13.41 -0.003963957312746
13.42 -0.00564893253817
13.43 -0.004651341968003
13.44 -0.004922722124596
13.45 -0.004544416628038
13.46 -0.004685409490386
13.47 -0.005416547833698
13.48 -0.005317724801903
13.49 -0.005192469235796
13.5 -0.006105521443823
13.51 -0.00632506172141
13.52 -0.006619067368619
13.53 -0.006085336627665
13.54 -0.006968803233515
13.55 -0.007565220158555
13.56 -0.00763723369659
13.57 -0.007093763418889
13.58 -0.007750977323929
13.59 -0.008821664917085
13.6 -0.008699193117185
13.61 -0.008188620465642
13.62 -0.007913877361654
13.63 -0.007468933919562
13.64 -0.007714423818203
13.65 -0.00835221438299
13.66 -0.008032967897113
13.67 -0.007703267173324
13.68 -0.007200332613223
13.69 -0.008422834259408
13.7 -0.009672579236888
13.71 -0.009858593054412
13.72 -0.01003173075189
13.73 -0.010437931174739
13.74 -0.010552975181028
13.75 -0.011106968553018
13.76 -0.011754834491222
13.77 -0.011974725792416
13.78 -0.011002689864288
13.79 -0.009803441286876
13.8 -0.010615314653231
13.81 -0.010872446341845
13.82 -0.011078061477336
13.83 -0.00993966610792
13.84 -0.009314587747208
13.85 -0.009299470221616
13.86 -0.009606114367132
13.87 -0.009454573277441
13.88 -0.009105815643744
13.89 -0.008349618295039
13.9 -0.00906228448415
13.91 -0.009275037281151
13.92 -0.008809365818569
13.93 -0.00829300221641
13.94 -0.00852710610496
13.95 -0.008468303171812
13.96 -0.007873931512298
13.97 -0.007288449991501
13.98 -0.00663538118304
13.99 -0.006375038758057
14.0 -0.007143474873689
14.01 -0.006106393090283
14.02 -0.00516847734178
14.03 -0.00491641611345
14.04 -0.004594659031747
14.05 -0.006856551191621
14.06 -0.005437981923074
14.07 -0.005696575684102
14.08 -0.006227682413983
14.09 -0.005424986258416
14.1 -0.006558809144121
14.11 -0.00631482332568
14.12 -0.006141167228777
14.13 -0.00711418722372
14.14 -0.006699351794467
14.15 -0.007265852438535
14.16 -0.006999305877878
14.17 -0.006729532136741
14.18 -0.007053998562795
14.19 -0.006694594755827
14.2 -0.006814485481971
14.21 -0.007306569202944
14.22 -0.00662035474969
14.23 -0.006841211016249
14.24 -0.007159745045396
14.25 -0.006511053113799
14.26 -0.006481765737838
14.27 -0.006365754111796
14.28 -0.006356036953191
14.29 -0.005996997285485
14.3 -0.005532114728463
14.31 -0.005420011746335
14.32 -0.005518185750895
14.33 -0.00410230856375
14.34 -0.001953886029556
14.35 -0.000326427056123
14.36 -0.000349682121255
14.37 -0.001365745630217
14.38 -0.000386761807986
14.39 0.002836517260713
14.4 0.003342941742481
14.41 0.001752566284555
14.42 2.5502691459e-05
14.43 0.000774165985295
14.44 0.001804901742749
14.45 0.00056213728595
14.46 -0.00259332671795
14.47 -0.003165187303981
14.48 -0.003326300885994
14.49 -0.003514245123336
14.5 -0.006015505161432
14.51 -0.007973486794903
14.52 -0.006961447151785
14.53 -0.007470506083878
14.54 -0.007015682019874
14.55 -0.007250183815841
14.56 -0.006586152844902
14.57 -0.005672294672666
14.58 -0.006408676155317
14.59 -0.004964402655016
14.6 -0.00575370539569
14.61 -0.004960089463727
14.62 -0.005535202453178
14.63 -0.006345084721626
14.64 -0.005671062287798
14.65 -0.006414395979679
14.66 -0.006510769580618
14.67 -0.007783905149759
14.68 -0.009192430126306
14.69 -0.014851735448305
14.7 -0.012746305901095
14.71 -0.012265784557393
14.72 -0.013018087789201
14.73 -0.016706405118369
14.74 -0.018990545626298
14.75 -0.016788799552408
14.76 -0.015807857434965
14.77 -0.015543613932502
14.78 -0.015231240153074
14.79 -0.015248206993452
14.8 -0.015262531877209
14.81 -0.01549055294302
14.82 -0.013117343671814
14.83 -0.012501312681237
14.84 -0.012599339923182
14.85 -0.011571866169372
14.86 -0.012717326131191
14.87 -0.010590070115216
14.88 -0.01068698702715
14.89 -0.010666898264858
14.9 -0.009792606836735
14.91 -0.01080350735593
14.92 -0.00927528084677
14.93 -0.009494437653545
14.94 -0.010852485721924
14.95 -0.009222598709561
14.96 -0.009830088433096
14.97 -0.008967165330399
14.98 -0.010078067267735
14.99 -0.009462252756712
15.0 -0.008704245948635
15.01 -0.008208331862159
15.02 -0.008627053200289
15.03 -0.009179259120011
15.04 -0.008988330471838
15.05 -0.007347033589461
15.06 -0.008484984642328
15.07 -0.008718032829725
15.08 -0.009344055891618
15.09 -0.009165781921499
15.1 -0.008275370411379
15.11 -0.008864622828512
15.12 -0.009561537297495
15.13 -0.009798224356821
15.14 -0.009183109465396
15.15 -0.008912034600027
15.16 -0.009016096916451
15.17 -0.009331830915973
15.18 -0.009074404085924
15.19 -0.00900161739056
15.2 -0.009278988309713
15.21 -0.00933595712905
15.22 -0.009012687991306
15.23 -0.008262855609195
15.24 -0.00926842177509
15.25 -0.009393638789041
15.26 -0.009003948401842
15.27 -0.007456834048995
15.28 -0.007783648944785
15.29 -0.007092492867529
15.3 -0.004992223295485
15.31 -0.002790210871572
15.32 -0.001772421978943
15.33 -0.002426010307704
15.34 -0.001479491534562
15.35 -7.934338244e-06
15.36 0.002096093156665
15.37 0.001951026719666
15.38 -0.000281024600359
15.39 -0.000447476286615
15.4 0.0001464529364
15.41 0.001148364740047
15.42 0.00053804993377
15.43 -8.4083229658e-05
15.44 -0.000919839697676
15.45 -0.001401550127666
15.46 -0.003151245816199
15.47 -0.003981327315415
15.48 -0.004458853530073
15.49 -0.005115979577075
15.5 -0.00580397596169
15.51 -0.007379299089959
15.52 -0.008168847563273
15.53 -0.007609165220314
15.54 -0.006717137575349
15.55 -0.005775267269207
15.56 -0.00634272791007
15.57 -0.007076094507045
15.58 -0.005618096834726
15.59 -0.004854256014812
15.6 -0.002211681999756
15.61 0.002357057319188
15.62 0.001333041974006
15.63 0.002130933436065
15.64 0.002542379151591
15.65 0.006069481929188
15.66 0.009201235801945
15.67 0.006012149094031
15.68 0.00746071451762
15.69 0.006506386145194
15.7 0.006273152045205
15.71 0.005387333759636
15.72 0.006946619926549
15.73 0.006718348765009
15.74 0.005808207222951
15.75 0.003247359825257
15.76 0.005656087783324
15.77 0.004401281512015
15.78 0.004940182736514
15.79 0.004720219015416
15.8 0.004309053912682
15.81 0.004251652322098
15.82 0.004048102971773
15.83 0.005953237488151
15.84 0.003656245123895
15.85 0.005583079670622
15.86 0.005446713254013
15.87 0.006390612374309
15.88 0.005132091843001
15.89 0.004774734895483
15.9 0.004644818248699
15.91 0.003975527739058
15.92 0.004084674497737
15.93 0.003872528714982
15.94 0.002459156655336
15.95 0.001872791124399
15.96 0.000776260658004
15.97 0.003880773972603
15.98 0.000925079865882
15.99 0.001341963602384
16.0 0.000408488175585
16.01 0.002782196803886
16.02 0.003830011462117
16.03 0.002096240906679
16.04 0.00450895299443
16.05 0.002160482703142
16.06 0.00392433764863
16.07 0.004916079772607
16.08 0.006422048705055
16.09 0.004728885813354
16.1 0.005682469141124
16.11 0.005658219425612
16.12 0.005642101065075
16.13 0.004370213517754
16.14 0.003930310756128
16.15 0.004178748923338
16.16 0.004652832115289
16.17 0.004304848875978
16.18 0.00402568564234
16.19 0.004600869697613
16.2 0.005549613307362
16.21 0.006437513306922
16.22 0.006438368551527
16.23 0.005874114728287
16.24 0.007646449325487
16.25 0.007063051096144
16.26 0.007188794800503
16.27 0.006793513035622
16.28 0.005068120127771
16.29 0.004691213516737
16.3 0.001549763966305
16.31 0.002551074196454
16.32 0.002168343172294
16.33 0.000481000586914
16.34 -0.000498061784789
16.35 -0.000922681270868
16.36 0.002397515291375
16.37 0.006626379005652
16.38 0.008540733158283
16.39 0.004656210262682
16.4 0.007470978938545
16.41 0.010708814877174
16.42 0.015369292584133
16.43 0.012548697806651
16.44 0.008564321049377
16.45 0.009710776561619
16.46 0.012138278414803
16.47 0.011377189447656
16.48 0.009443610783586
16.49 0.007471742610149
16.5 0.008218872173743
16.51 0.00930052788562
16.52 0.009968143865527
16.53 0.008712316629128
16.54 0.007588952116607
16.55 0.006901722978874
16.56 0.00914192644978
16.57 0.008916874246866
16.58 0.006115881684309
16.59 0.00695463950434
16.6 0.008441057881075
16.61 0.008678804995511
16.62 0.006744388711044
16.63 0.006411542279956
16.64 0.006776036427169
16.65 0.007720387671266
16.66 0.005206594888636
16.67 0.004860219493058
16.68 0.005699376317407
16.69 0.005232587490791
16.7 0.005634991922495
16.71 0.004095651115555
16.72 0.004256914309923
16.73 0.005004338588418
16.74 0.004523175390709
16.75 0.005536399659733
16.76 0.004340550347701
16.77 0.005234172390236
16.78 0.00587795831681
16.79 0.005371458783466
16.8 0.005496890042307
16.81 0.004447313105238
16.82 0.005113866953226
16.83 0.005809465500325
16.84 0.005690581687471
16.85 0.005294831343257
16.86 0.004456461659181
16.87 0.005163893191173
16.88 0.005618754211957
16.89 0.004263773351975
16.9 0.004751112128866
16.91 0.004342876591297
16.92 0.004911847844179
16.93 0.004597308274511
16.94 0.004425046967793
16.95 0.004955691850997
16.96 0.005204371576777
16.97 0.004952598710923
16.98 0.005568764256351
16.99 0.005793767673247
17.0 0.005765466452209
17.01 0.006381943097247
17.02 0.005733066535025
17.03 0.004360748279861
17.04 0.002109124003591
17.05 0.000802214659021
17.06 0.0008316655468
17.07 0.000519609660085
17.08 -0.000437271065288
17.09 -0.002846960555988
17.1 -0.004169504340609
17.11 -0.003172884673923
17.12 -0.001474822685031
17.13 -0.001108638354944
17.14 -0.000765317029959
17.15 0.00099325734481
17.16 0.004248865031326
17.17 0.00519196243619
17.18 0.003752959837615
17.19 0.006766126165322
17.2 0.009448124760472
17.21 0.009577520687346
17.22 0.007823914879985
17.23 0.007561696765211
17.24 0.007158038889096
17.25 0.007950179104869
17.26 0.006458104968636
17.27 0.006184866098091
17.28 0.005965786191606
17.29 0.005474598968796
17.3 0.005233012845426
17.31 0.005272406344255
17.32 0.003877647707542
17.33 0.003964434420709
17.34 0.00438712189768
17.35 0.003895688298801
17.36 0.002527202740411
17.37 0.001447147294028
17.38 0.001432091298603
17.39 0.002117490245657
17.4 0.001571767190735
17.41 0.000654249859624
17.42 -0.000316779183353
17.43 -0.000755909538954
17.44 -0.000917807211944
17.45 0.000659501533182
17.46 0.000186071993642
17.47 0.000139998341783
17.48 -0.000157079349073
17.49 0.000308808524474
17.5 0.00113236118775
17.51 0.000847629916055
17.52 0.000298112526014
17.53 0.000654919837988
17.54 -5.4123939545e-05
17.55 0.000160593974675
17.56 0.000429656466267
17.57 -0.000682505566654
17.58 3.6741083478e-05
17.59 -0.000683295242442
17.6 -0.001962078514169
17.61 -0.001913021249984
17.62 -0.002985275073434
17.63 -0.002048826280526
17.64 -0.003118326630559
17.65 -0.003921278341299
17.66 -0.003382322409659
17.67 -0.004177663764186
17.68 -0.00293381289667
17.69 -0.004046175832702
17.7 -0.003829557146837
17.71 -0.003791586138822
17.72 -0.004222892671848
17.73 -0.003541823517939
17.74 -0.004442796032761
17.75 -0.004513029795114
17.76 -0.005022956965777
17.77 -0.004626130828236
17.78 -0.004621586352804
17.79 -0.004882716078703
17.8 -0.004546251995637
17.81 -0.004522266290611
17.82 -0.004905699256917
17.83 -0.005200557432483
17.84 -0.005144708664952
17.85 -0.005642264106711
17.86 -0.005577665035586
17.87 -0.0061615151092
17.88 -0.006033859131532
17.89 -0.007217805599606
17.9 -0.006139506180718
17.91 -0.00643426668645
17.92 -0.005398992107397
17.93 -0.006255371193963
17.94 -0.003938361816752
17.95 -0.001397754162948
17.96 0.00134276490566
17.97 0.002852907109441
17.98 0.002850105961462
17.99 0.00421909908429
18.0 0.00648723194165
18.01 0.008909145528028
18.02 0.009875832449021
18.03 0.008903842161982
18.04 0.009070927702373
18.05 0.007198405100583
18.06 0.007089055174236
18.07 0.008677644239038
18.08 0.007547369692235
18.09 0.007823008778548
18.1 0.006929935000843
18.11 0.00644571047425
18.12 0.008483278036907
18.13 0.007669232089535
18.14 0.009915357450189
18.15 0.007566162402998
18.16 0.008596694606988
18.17 0.00946514607392
18.18 0.007676455637694
18.19 0.005831681832652
18.2 0.005238014440483
18.21 0.00352186485039
18.22 0.004154028729943
18.23 0.001941070990608
18.24 0.001522093683318
18.25 0.000564923735652
18.26 -6.3342028088e-05
18.27 0.00121332202721
18.28 0.002985663839518
18.29 0.002996762066606
18.3 0.004247709217219
18.31 0.005034657699596
18.32 0.006118808708567
18.33 0.006678948326487
18.34 0.007680149096834
18.35 0.007151648850586
18.36 0.007476739878085
18.37 0.007723720511864
18.38 0.008054302386747
18.39 0.007034328230811
18.4 0.007088995854135
18.41 0.007182882623527
18.42 0.008153037585052
18.43 0.007395490387626
18.44 0.007416172813125
18.45 0.007036954870646
18.46 0.007788115727714
18.47 0.007383509351412
18.48 0.006901734648433
18.49 0.006188429711197
18.5 0.00648582155102
18.51 0.006308176396055
18.52 0.005694452023954
18.53 0.005706146463657
18.54 0.005644997859979
18.55 0.005997878743299
18.56 0.004959821469766
18.57 0.005801457962965
18.58 0.006589674947983
18.59 0.006034162643714
18.6 0.006327370384618
18.61 0.005799513164645
18.62 0.005915558611977
18.63 0.006560054299115
18.64 0.006638663579343
18.65 0.006976549451299
18.66 0.005631095056
18.67 0.006146894666937
18.68 0.00595909945229
18.69 0.005729137206885
18.7 0.005163870040945
18.71 0.003165034144716
18.72 0.000299128304984
18.73 -0.001377973576963
18.74 -0.000705003013942
18.75 -0.000639135948067
18.76 -0.003006955687017
18.77 -0.005443434808359
18.78 -0.004437810425353
18.79 -0.000157818042534
18.8 0.001858573909994
18.81 -0.001945260107501
18.82 -0.001050013653706
18.83 0.001795281394856
18.84 0.00206599219909
18.85 0.001302110214805
18.86 -0.001480718264928
18.87 -0.000747171227546
18.88 -0.001088128599796
18.89 -0.003545029382768
18.9 -0.003172551070493
18.91 -0.003961681417436
18.92 -0.003452048982436
18.93 -0.003213108260615
18.94 -0.004165697590576
18.95 -0.004596553552088
18.96 -0.003776637840161
18.97 -0.002788147015188
18.98 -0.002847572765988
18.99 -0.002969026808501
19.0 -0.002829126096792
19.01 -0.002150256145041
19.02 -0.00274285292561
19.03 -0.002245653829873
19.04 -0.002260595817987
19.05 -0.002419351069151
19.06 -0.003418157172047
19.07 -0.003436107627166
19.08 -0.003246457784114
19.09 -0.004491799333799
19.1 -0.004147047820422
19.11 -0.005088408718805
19.12 -0.005017081508085
19.13 -0.006113797796822
19.14 -0.006023290993848
19.15 -0.006160868309737
19.16 -0.006370229348922
19.17 -0.006594916311353
19.18 -0.007229011003148
19.19 -0.006646809309248
19.2 -0.007422457682793
19.21 -0.006864607971415
19.22 -0.007759502098334
19.23 -0.006145926655929
19.24 -0.007133161434307
19.25 -0.007208301928656
19.26 -0.006369104257789
19.27 -0.00587386552343
19.28 -0.004481112186684
19.29 -0.004572169745801
19.3 -0.002062004065914
19.31 -2.3747475964e-05
19.32 0.00019087798766
19.33 0.00046817449646
19.34 0.001152066895393
19.35 0.003221369714696
19.36 0.003622175389575
19.37 -0.000567651936876
19.38 -0.004323891447251
19.39 -0.003578488962225
19.4 -0.001059257344563
19.41 -0.002288931934012
19.42 -0.006231904955367
19.43 -0.006375245125221
19.44 -0.003839772071748
19.45 -0.001823365943579
19.46 -0.003763942401457
19.47 -0.003271624386428
19.48 -0.001823739237967
19.49 -0.001024918266282
19.5 -0.002212563048763
19.51 -0.003546886261308
19.52 -0.002559878029512
19.53 -0.001693828784891
19.54 -0.001575867896579
19.55 -0.002903367096296
19.56 -0.003412606102587
19.57 -0.002766975614463
19.58 -0.001694168439147
19.59 -0.002144211599852
19.6 -0.001740623478946
19.61 -0.001663820941339
19.62 -0.000689950205527
19.63 -0.000580505181716
19.64 -0.000396117621925
19.65 0.00091663476881
19.66 0.000517014236599
19.67 0.001547270046538
19.68 0.001309041928522
19.69 0.001973205560583
19.7 0.003597862229121
19.71 0.005034632760628
19.72 0.006922503459545
19.73 0.00753310613311
19.74 0.007219951966189
19.75 0.008839240244002
19.76 0.009726738800291
19.77 0.010008499867448
19.78 0.009723609647816
19.79 0.008611254552389
19.8 0.009435482632294
19.81 0.009216049476949
19.82 0.008248476820807
19.83 0.007196866014494
19.84 0.008342560828034
19.85 0.007869566788814
19.86 0.00776280021797
19.87 0.006947382147454
19.88 0.006280975448081
19.89 0.007822797340245
19.9 0.008111769137158
19.91 0.007943775630693
19.92 0.008047708701133
19.93 0.007154332790828
19.94 0.007815682321737
19.95 0.007974821762116
19.96 0.007844732317233
19.97 0.006428442652627
19.98 0.006754227838305
19.99 0.006635230880328
20.0 0.006560137863012
20.01 0.005483533903322
20.02 0.005352045535401
20.03 0.005014011269679
20.04 0.006334631136679
20.05 0.004808518953024
20.06 0.00487996385395
20.07 0.005238203177909
20.08 0.005035603967145
20.09 0.00574708444322
20.1 0.005656924716206
20.11 0.005754083832171
20.12 0.005367610442828
20.13 0.005686466617875
20.14 0.00512038655693
20.15 0.004874795889438
20.16 0.004776371109488
20.17 0.003921862039516
20.18 0.003323199328555
20.19 0.00221569835167
20.2 0.000272674150247
20.21 -0.000730750713708
20.22 -0.001153670668812
20.23 -0.001310607805719
20.24 -0.003203014469963
20.25 -0.004142529486811
20.26 -0.004343425620532
20.27 -0.003705523102017
20.28 -0.004313770905724
20.29 -0.00509564054776
20.3 -0.004805762381039
20.31 -0.004594492520734
20.32 -0.004287979596946
20.33 -0.004842585312349
20.34 -0.005610573377835
20.35 -0.005452421312472
20.36 -0.005060355153286
20.37 -0.004986514826296
20.38 -0.005335428392308
20.39 -0.00492352661558
20.4 -0.00527494466624
20.41 -0.005381696723226
20.42 -0.005443864928449
20.43 -0.005607750792035
20.44 -0.005531419238464
20.45 -0.006354701839346
20.46 -0.006085375723629
20.47 -0.00602329332695
20.48 -0.005871950230981
20.49 -0.00630988877406
20.5 -0.006331877232434
20.51 -0.006063330345692
20.52 -0.005656220662381
20.53 -0.004993396042907
20.54 -0.00298364875561
20.55 -0.002485213425118
20.56 -0.003943790131967
20.57 -0.00477277372113
20.58 -0.002927965794425
20.59 -0.000532438550833
20.6 -0.000942932178436
20.61 -0.003172988959095
20.62 -0.004406701095154
20.63 -0.003249569829882
20.64 -0.002277790841907
20.65 -0.002346772137989
20.66 -0.003452071211658
20.67 -0.003830532531804
20.68 -0.003778488488578
20.69 -0.004055398177404
20.7 -0.0041304708144
20.71 -0.004572417917576
20.72 -0.004948623019663
20.73 -0.005214355269647
20.74 -0.005573203981411
20.75 -0.005499878617348
20.76 -0.005645957250129
20.77 -0.005824450692912
20.78 -0.005875845965802
20.79 -0.005763354811326
20.8 -0.005685446317876
20.81 -0.005595011987061
20.82 -0.005729546408873
20.83 -0.005610279330427
20.84 -0.005518038581504
20.85 -0.005318804431339
20.86 -0.005083781409707
20.87 -0.005376898900554
20.88 -0.005629817186489
20.89 -0.005353268937712
20.9 -0.004727176423389
20.91 -0.003995880229618
20.92 -0.004610577388839
20.93 -0.004868878214221
20.94 -0.004239792222065
20.95 -0.003761894718186
20.96 -0.003821820400471
20.97 -0.004689573679593
20.98 -0.00488708238966
20.99 -0.004390783593593
21.0 -0.004917580940082
21.01 -0.005085125784851
21.02 -0.005747192314814
21.03 -0.00583103521723
21.04 -0.005750945618957
21.05 -0.00580115769938
21.06 -0.005626363529418
21.07 -0.006134157191477
21.08 -0.005679723539605
21.09 -0.00568807738372
21.1 -0.005525532559163
21.11 -0.00594023275673
21.12 -0.00557195574187
21.13 -0.005325113078407
21.14 -0.005636276702365
21.15 -0.006417105925789
21.16 -0.006068422961425
21.17 -0.006012879610404
21.18 -0.00605644192238
21.19 -0.006761800625017
21.2 -0.006709772514781
21.21 -0.006381298271829
21.22 -0.00644344175661
21.23 -0.006028773916743
21.24 -0.006148860031845
21.25 -0.005242925114533
21.26 -0.00498814430108
21.27 -0.004839973216801
21.28 -0.00580683001645
21.29 -0.00535059164366
21.3 -0.003979837666855
21.31 -0.00452493753363
21.32 -0.004995833685742
21.33 -0.0048156636011
21.34 -0.003740729004006
21.35 -0.003790447751275
21.36 -0.003672938296666
21.37 -0.003098536807058
21.38 -0.002242299460011
21.39 -0.002578620281847
21.4 -0.002175496206384
21.41 -0.001273403147258
21.42 -0.001407239074524
21.43 -0.002014766981535
21.44 -0.001219369663311
21.45 -0.0011451680484
21.46 -0.001507636236418
21.47 -0.002472274655598
21.48 -0.002118834812362
21.49 -0.001872232548326
21.5 -0.002380693730398
21.51 -0.002202625212136
21.52 -0.002971664246104
21.53 -0.002434743964666
21.54 -0.003194099046775
21.55 -0.002443023263821
21.56 -0.002822472018036
21.57 -0.002008726518083
21.58 -0.001472173591265
21.59 -0.001244633226847
21.6 -0.000174742673389
21.61 0.00101142638983
21.62 0.001444766370137
21.63 0.002318081725861
21.64 0.003551859195747
21.65 0.004738160619051
21.66 0.005404284796258
21.67 0.005676159294186
21.68 0.006009963162775
21.69 0.006848167416854
21.7 0.007281924352519
21.71 0.007104856648062
21.72 0.007020350541993
21.73 0.006954290882304
21.74 0.006933596758842
21.75 0.007189982642982
21.76 0.007395960940621
21.77 0.007333995369818
21.78 0.007592374456332
21.79 0.007320497799343
21.8 0.007850129279314
21.81 0.007482023870956
21.82 0.007444882867497
21.83 0.007256433030365
21.84 0.00726943935974
21.85 0.006949402760669
21.86 0.006751792428328
21.87 0.006135420829008
21.88 0.004973746848599
21.89 0.003780611888776
21.9 0.003595089371393
21.91 0.003750964429919
21.92 0.003296266589931
21.93 0.002453487033923
21.94 0.00209232335569
21.95 0.002981145299488
21.96 0.003632136468114
21.97 0.003563388342994
21.98 0.003522161549882
21.99 0.003521240621303
22.0 0.004302924333298
22.01 0.004027324772522
22.02 0.00403453546829
22.03 0.004010321491115
22.04 0.004742649196761
22.05 0.004964055557402
22.06 0.004904982358711
22.07 0.005077919850495
22.08 0.005464888926127
22.09 0.005855444557879
22.1 0.005647938843688
22.11 0.005526707558172
22.12 0.00570480260524
22.13 0.005569804682131
22.14 0.00580705568499
22.15 0.005456311938726
22.16 0.003941999682755
22.17 0.004250940409593
22.18 0.004369043302535
22.19 0.004201672729939
22.2 0.003346510282602
22.21 0.002720589667603
22.22 0.003135128108584
22.23 0.003164713376009
22.24 0.00204558531216
22.25 0.000415281525305
22.26 -0.001191139631749
22.27 -0.002334316870106
22.28 -0.001700143725289
22.29 -0.002450632264312
22.3 -0.003497029585036
22.31 -0.005243208098249
22.32 -0.005688269405416
22.33 -0.004552644597308
22.34 -0.003662120120081
22.35 -0.002877956071887
22.36 -0.000705598446343
22.37 0.000591258236521
22.38 -0.000688783048601
22.39 -0.000481809178031
22.4 0.002475235655783
22.41 0.005053387268332
22.42 0.004510718997432
22.43 0.002797066014368
22.44 0.003257168953455
22.45 0.004340628467618
22.46 0.003696136855884
22.47 0.003109474266911
22.48 0.001811903311671
22.49 0.000824889965408
22.5 -0.000159661737831
22.51 -0.000858835941254
22.52 -0.002874079392512
22.53 -0.00501426306227
22.54 -0.006181233979697
22.55 -0.00577167547313
22.56 -0.00651735015852
22.57 -0.007641638849854
22.58 -0.008112070871046
22.59 -0.008180039344879
22.6 -0.007662130364078
22.61 -0.007010565077492
22.62 -0.007322937941597
22.63 -0.006680099980491
22.64 -0.006656810307776
22.65 -0.006408324434062
22.66 -0.006956374333558
22.67 -0.007153093596127
22.68 -0.006787986124782
22.69 -0.006830623239831
22.7 -0.007376317359337
22.71 -0.007111930315789
22.72 -0.008200816292739
22.73 -0.007685790877421
22.74 -0.007977993542872
22.75 -0.007676584867141
22.76 -0.007589399780414
22.77 -0.007542443753085
22.78 -0.007662127269381
22.79 -0.007336424931185
22.8 -0.00743204323017
22.81 -0.007176461002325
22.82 -0.007307546807399
22.83 -0.006699814447183
22.84 -0.007069848830291
22.85 -0.007301962534201
22.86 -0.007469448529021
22.87 -0.0073993330778
22.88 -0.007145044750208
22.89 -0.007077927479257
22.9 -0.007346719538259
22.91 -0.007147111319279
22.92 -0.007288194547669
22.93 -0.006537032491888
22.94 -0.00714960432785
22.95 -0.00679325148155
22.96 -0.006250672142839
22.97 -0.006349774740357
22.98 -0.005917486070592
22.99 -0.006272254630465
23.0 -0.006086043653056
23.01 -0.006035388304916
23.02 -0.005833401340328
23.03 -0.005626570859306
23.04 -0.005919998433629
23.05 -0.005986125152517
23.06 -0.005709223713477
23.07 -0.005321617573337
23.08 -0.004902539272037
23.09 -0.004926940931941
23.1 -0.004709201904395
23.11 -0.004619128039921
23.12 -0.004033428812249
23.13 -0.003874422549183
23.14 -0.003258831404727
23.15 -0.003523681956483
23.16 -0.003252892495954
23.17 -0.002647177751543
23.18 -0.001502547619554
23.19 -0.001438442303748
23.2 -0.000986920232826
23.21 -0.000475644792785
23.22 -1.3086138829e-05
23.23 0.000214901035765
23.24 0.000620332600474
23.25 0.000662502781114
23.26 0.000763507119665
23.27 0.000360726823898
23.28 0.000473246364318
23.29 0.000585268231753
23.3 0.000538246193108
23.31 0.000749600377785
23.32 0.000851626308196
23.33 0.001312151176569
23.34 0.00153833734221
23.35 0.002082656472037
23.36 0.002493092187226
23.37 0.00300868765671
23.38 0.003675562288779
23.39 0.004377426892978
23.4 0.004794543245097
23.41 0.005056179089855
23.42 0.005513396684562
23.43 0.005835489589044
23.44 0.005840823010566
23.45 0.005924317277231
23.46 0.005754729615083
23.47 0.006007277017911
23.48 0.00596745419553
23.49 0.005937642742497
23.5 0.005864910131338
23.51 0.005779031447909
23.52 0.006010475022714
23.53 0.005867343864116
23.54 0.005775302398528
23.55 0.005847922227574
23.56 0.005840466973709
23.57 0.005900048993948
23.58 0.00590767368358
23.59 0.006028693373879
23.6 0.00620085895786
23.61 0.006159207734804
23.62 0.006077597199362
23.63 0.006226068529716
23.64 0.006378916618082
23.65 0.006502198186103
23.66 0.006311845966721
23.67 0.00620798519929
23.68 0.006241856340719
23.69 0.006284838127794
23.7 0.006298243334669
23.71 0.006028323407761
23.72 0.005953469428944
23.73 0.005813783596943
23.74 0.005780510494841
23.75 0.005746148218403
23.76 0.005637138407641
23.77 0.005741395656781
23.78 0.005475616317426
23.79 0.0051230290896
23.8 0.004482799636155
23.81 0.003905499800051
23.82 0.003564922145343
23.83 0.003086978206772
23.84 0.002489676125644
23.85 0.001926512741051
23.86 0.001834851573923
23.87 0.001973927107007
23.88 0.001906688623826
23.89 0.002149972574994
23.9 0.00212565314017
23.91 0.002435005012508
23.92 0.002887806930374
23.93 0.003250111509397
23.94 0.00317095586926
23.95 0.002800751727217
23.96 0.003366665258428
23.97 0.003693798262333
23.98 0.003325439603839
23.99 0.002571519339054
24.0 0.002605425038831
24.01 0.002935707628279
24.02 0.002912466449934
24.03 0.002781820300881
24.04 0.002761265462685
24.05 0.002781613450114
24.06 0.002612436921236
24.07 0.00253211993353
24.08 0.002750752073168
24.09 0.00245130633693
24.1 0.001353273183977
24.11 0.000845358942471
24.12 0.000288738183262
24.13 0.000401426266052
24.14 -0.000265446157605
24.15 -0.001339679073219
24.16 -0.002586867050695
24.17 -0.002520369947475
24.18 -0.000205172180418
24.19 0.002929762512119
24.2 0.000722727860379
24.21 -0.001937484574344
24.22 0.000895866526278
24.23 0.002827824128211
24.24 0.002216245569911
24.25 5.0469233028e-05
24.26 -0.001506783557624
24.27 3.6297093268e-05
24.28 -0.000712214052693
24.29 -0.002189196332647
24.3 -0.002934295838067
24.31 -0.0036858996608
24.32 -0.003225920495724
24.33 -0.002576804763295
24.34 -0.003990786408732
24.35 -0.00446736770748
24.36 -0.004617086148212
24.37 -0.004313802000087
24.38 -0.00466818188224
24.39 -0.005102878903779
24.4 -0.005448112193052
24.41 -0.005420038869768
24.42 -0.005520155351784
24.43 -0.005581735401424
24.44 -0.005757969511194
24.45 -0.005861226569036
24.46 -0.005920111149632
24.47 -0.005761917136842
24.48 -0.005746627062315
24.49 -0.005580102265686
24.5 -0.005537660308201
24.51 -0.005415352695017
24.52 -0.005375080099441
24.53 -0.005263847358723
24.54 -0.004988935895102
24.55 -0.005166071398702
24.56 -0.004984922131495
24.57 -0.004814353829743
24.58 -0.004822317194803
24.59 -0.004641288739615
24.6 -0.004679761496527
24.61 -0.004342174227725
24.62 -0.004376962501674
24.63 -0.004302172181243
24.64 -0.004313027905136
24.65 -0.004116395205113
24.66 -0.004185165174953
24.67 -0.004263508364264
24.68 -0.004109184213908
24.69 -0.004458804224283
24.7 -0.004227554573713
24.71 -0.004108317370306
24.72 -0.004345557371654
24.73 -0.004581250746161
24.74 -0.004673314293334
24.75 -0.00456460764828
24.76 -0.004635554189581
24.77 -0.004705631188499
24.78 -0.004914494313204
24.79 -0.005060657940065
24.8 -0.005095723937887
24.81 -0.005011015804675
24.82 -0.005007714248548
24.83 -0.005014660754723
24.84 -0.004874206202897
24.85 -0.004688705609754
24.86 -0.004549960083295
24.87 -0.004600792134449
24.88 -0.004308648230604
24.89 -0.004120126948056
24.9 -0.003491789380457
24.91 -0.002269448366812
24.92 -0.000715236762693
24.93 0.00048335117353
24.94 0.000502705550397
 
 
 
 
 
 
 
 
 
 
 
 
 
 
 
 
 
 
 
 
 
 
 
 
 
 
 
 
 
 
 
 
 
 
 
 
 
 
 
 
 
 
 
 
 
 
 
 
 
 
 
 
 
 
 
 
 
 
 
 
 
 
 
 
 
 
 
 
 
 
 
 
 
 
 
 
 
 
 
 
 
 
 
 
 
 
 
 
 
 
 
 
 
 
 
 
 
 
 
 
 
 
 
 
 
 
 
 
 
 
 
 
 
 
 
 
 
 
 
 
 
 
 
 
 
 
 
 
 
 
 
 
 
 
 
 
 
 
 
 
 
 
 
 
 
 
 
 
 
 
 
 
 
 
 
 
 
 
 
 
 
 
 
 
 
 
 
 
 
 
 
 
 
 
 
 
 
 
 
 
 
 
 
 
 
 
 
 
 
 
 
 
 
 
 
 
 
 
 
 
 
 
 
 
 
 
 
 
 
 
 
 
 
 
 
 
 
 
 
 
 
 
 
 
 
 
 
 
 
 
 
 
 
 
 
 
 
 
 
 
 
 
 
 
 
 
 
 
 
 
 
 
 
 
 
 
 
 
 
 
 
 
 
 
 
 
 
 
 
 
 
 
 
 
 
 
 
 
 
 
 
 
 
 
 
 
 
 
 
 
 
 
 
 
 
 
 
 
 
 
 
 
 
 
 
 
 
 
 
 
 
 
 
 
 
 
 
 
 
 
 
 
 
 
 
 
 
 
 
 
 
 
 
 
 
 
 
 
 
 
 
 
 
 
 
 
 
 
 
 
 
 
 
 
 
 
 
 
 
 
 
 
 
 
 
 
 
 
 
 
 
 
 
 
 
 
 
 
 
 
 
 
 
 
 
 
 
 
 
 
 
 
 
 
 
 
 
 
 
 
 
 
 
 
 
 
 
 
 
 
 
 
 
 
 
 
 
 
 
 
 
 
 
 
 
 
 
 
 
 
 
 
 
 
 
 
 
 
 
 
 
 
 
 
 
 
 
 
 
 
 
 
 
 
 
 
 
 
 
 
 
 
 
 
 
 
 
 
 
 
 
 
 
 
 
 
 
 
 
 
 
 
 
 
 
 
 
 
 
 
 
 
 
 
 
 
 
 
 
 
 
 
 
 
 
 
 
 
 
 
 
 
 
 
 
 
 
 
 
 
 
 
 
 
 
 
 
 
 
 
 
 
 
 
 
 
 
 
 
 
 
 
 
 
 
 
 
 
 
 
 
 
 
 
 
 
 
 
 
 
 
 
 
 
 
 
 
 
 
 
 
 
 
 
 
 
 
 
 
 
 
 
 
 
 
 
 
 
 
 
 
 
 
 
 
 
 
 
 
 
 
 
 
 
 
 
 
 
 
 
 
 
 
 
 
 
 
 
 
 
 
 
 
 
 
 
 
 
 
 
 
 
 
 
 
 
 
 
 
 
 
 
 
 
 
 
 
 
 
 
 
 
 
 
 
 
 
 
 
 
 
 
 
 
 
 
 
 
 
 
 
 
 
 
 
 
 
 
 
 
 
 
 
 
 
 
 
 
 
 
 
 
 
 
 
 
 
 
 
 
 
 
 
 
 
 
 
 
 
 
 
 
 
 
 
 
 
 
 
 
 
 
 
 
 
 
 
 
 
 
 
 
 
 
 
 
 
 
 
 
 
 
 
 
 
 
 
 
 
 
 
 
 
 
 
 
 
 
 
 
 
 
 
 
 
 
 
 
 
 
 
 
 
 
 
 
 
 
 
 
 
 
 
 
 
 
 
 
 
 
 
 
 
 
 
 
 
 
 
 
 
 
 
 
 
 
 
 
 
 
 
 
 
 
 
 
 
 
 
 
 
 
 
 
 
 
 
 
 
 
 
 
 
 
 
 
 
 
 
 
 
 
 
 
 
 
 
 
 
 
 
 
 
 
 
 
 
 
 
 
 
 
 
 
 
 
 
 
 
 
 
 
 
 
 
 
 
 
 
 
 
 
 
 
 
 
 
 
 
 
 
 
 
 
 
 
 
 
 
 
 
 
 
 
 
 
 
 
 
 
 
 
 
 
 
 
 
 
 
 
 
 
 
 
 
 
 
 
 
 
 
 
 
 
 
 
 
 
 
 
 
 
 
 
 
 
 
 
 
 
 
 
 
 
 
 
 
 
 
 
 
 
 
 
 
 
 
 
 
 
 
 
 
 
 
 
 
 
 
 
 
 
 
 
 
 
 
 
 
 
 
 
 
 
 
 
 
 
 
 
 
 
 
 
 
 
 
 
 
 
 
 
 
 
 
 
 
 
 
 
 
 
 
 
 
 
 
 
 
 
 
 
 
 
 
 
 
 
 
 
 
 
 
 
 
 
 
 
 
 
 
 
 
 
 
 
 
 
 
 
 
 
 
 
 
 
 
 
 
 
 
 
 
 
 
 
 
 
 
 
 
 
 
 
 
 
 
 
 
 
 
 
 
 
 
 
 
 
 
 
 
 
 
 
 
 
 
 
 
 
 
 
 
 
 
 
 
 
 
 
 
 
 
 
 
 
 
 
 
 
 
 
 
 
 
 
 
 
 
 
 
 
 
 
 
 
 
 
 
 
 
 
 
 
 
 
 
 
 
 
 
 
 
 
 
 
 
 
 
 
 
 
 
 
 
 
 
 
 
 
 
 
 
 
 
 
 
 
 
 
 
 
 
 
 
 
 
 
 
 
 
 
 
 
 
 
 
 
 
 
 
 
 
 
 
 
 
 
 
 
 
 
 
 
 
 
 
 
 
 
 
 
 
 
 
 
 
 
 
 
 
 
 
 
 
 
 
 
 
 
 
 
 
 
 
 
 
 
 
 
 
 
 
 
 
 
 
 
 
 
 
 
 
 
 
 
 
 
 
 
 
 
 
 
 
 
 
 
 
 
 
 
 
 
 
 
 
 
 
 
 
 
 
 
 
 
 
 
 
 
 
 
 
 
 
 
 
 
 
 
 
 
 
 
 
 
 
 
 
 
 
 
 
 
 
 
 
 
 
 
 
 
 
 
 
 
 
 
 
 
 
 
 
 
 
 
 
 
 
 
 
 
 
 
 
 
 
 
 
 
 
 
 
 
 
 
 
 
 
 
 
 
 
 
 
 
 
 
 
 
 
 
 
 
 
 
 
 
 
 
 
 
 
 
 
 
 
 
 
 
 
 
 
 
 
 
 
 
 
 
 
 
 
 
 
 
 
 
 
 
 
 
 
 
 
 
 
 
 
 
 
 
 
 
 
 
 
 
 
 
 
 
 
 
 
 
 
 
 
 
 
 
 
 
 
 
 
 
 
 
 
 
 
 
 
 
 
 
 
 
 
 
 
 
 
 
 
 
 
 
 
 
 
 
 
 
 
 
 
 
 
 
 
 
 
 
 
 
 
 
 
 
 
 
 
 
 
 
 
 
 
 
 
 
 
 
 
 
 
 
 
 
 
 
 
 
 
 
 
 
 
 
 
 
 
 
 
 
 
 
 
 
 
 
 
 
 
 
 
 
 
 
 
 
 
 
 
 
 
 
 
 
 
 
 
 
 
 
 
 
 
 
 
 
 
 
 
 
 
 
 
 
 
 
 
 
 
 
 
 
 
 
 
 
 
 
 
 
 
 
 
 
 
 
 
 
 
 
 
 
 
 
 
 
 
 
 
 
 
 
 
 
 
 
 
 
 
 
 
 
 
 
 
 
 
 
 
 
 
 
 
 
 
 
 
 
 
 
 
 
 
 
 
 
 
 
 
 
 
 
 
 
 
 
 
 
 
 
 
 
 
 
 
 
 
 
 
 
 
 
 
 
 
 
 
 
 
 
 
 
 
 
 
 
 
 
 
 
 
 
 
 
 
 
 
 
 
 
 
 
 
 
 
 
 
 
 
 
 
 
 
 
 
 
 
 
 
 
 
 
 
 
 
 
 
 
 
 
 
 
 
 
 
 
 
 
 
 
 
 
 
 
 
 
 
 
 
 
 
 
 
 
 
 
 
 
 
 
 
 
 
 
 
 
 
 
 
 
 
 
 
 
 
 
 
 
 
 
 
 
 
 
 
 
 
 
 
 
 
 
 
 
 
 
 
 
 
 
 
 
 
 
 
 
 
 
 
 
 
 
 
 
 
 
 
 
 
 
 
 
 
 
 
 
 
 
 
 
 
 
 
 
 
 
 
 
 
 
 
 
 
 
 
 
 
 
 
 
 
 
 
 
 
 
 
 
 
 
 
 
 
 
 
 
 
 
 
 
 
 
 
 
 
 
 
 
 
 
 
 
 
 
 
 
 
 
 
 
 
 
 
 
 
 
 
 
 
 
 
 
 
 
 
 
 
 
 
 
 
 
 
 
 
 
 
 
 
 
 
 
 
 
 
 
 
 
 
 
 
 
 
 
 
 
 
 
 
 
 
 
 
 
 
 
 
 
 
 
 
 
 
 
 
 
 
 
 
 
 
 
 
 
 
 
 
 
 
 
 
 
 
 
 
 
 
 
 
 
 
 
 
 
 
 
 
 
 
 
 
 
 
 
 
 
 
 
 
 
 
 
 
 
 
 
 
 
 
 
 
 
 
 
 
 
 
 
 
 
 
 
 
 
 
 
 
 
 
 
 
 
 
 
 
 
 
 
 
 
 
 
 
 
 
 
 
 
 
 
 
 
 
 
 
 
 
 
 
 
 
 
 
 
 
 
 
 
 
 
 
 
 
 
 
 
 
 
 
 
 
 
 
 
 
 
 
 
 
 
 
 
 
 
 
 
 
 
 
 
 
 
 
 
 
 
 
 
 
 
 
 
 
 
 
 
 
 
 
 
 
 
 
 
 
 
 
 
 
 
 
 
 
 
 
 
 
 
 
 
 
 
 
 
 
 
 
 
 
 
 
 
 
 
 
 
 
 
 
 
 
 
 
 
 
 
 
 
 
 
 
 
 
 
 
 
 
 
 
 
 
 
 
 
 
 
 
 
 
 
 
 
 
 
 
 
 
 
 
 
 
 
 
 
 
 
 
 
 
 
 
 
 
 
 
 
 
 
 
 
 
 
 
 
 
 
 
 
 
 
 
 
 
 
 
 
 
 
 
 
 
 
 
 
 
 
 
 
 
 
 
 
 
 
 
 
 
 
 
 
 
 
 
 
 
 
 
 
 
 
 
 
 
 
 
 
 
 
 
 
 
 
 
 
 
 
 
 
 
 
 
 
 
 
 
 
 
 
 
 
 
 
 
 
 
 
 
 
 
 
 
 
 
 
 
 
 
 
 
 
 
 
 
 
 
 
 
 
 
 
 
 
 
 
 
 
 
 
 
 
 
 
 
 
 
 
 
 
 
 
 
 
 
 
 
 
 
 
 
 
 
 
 
 
 
 
 
 
 
 
 
 
 
 
 
 
 
 
 
 
 
 
 
 
 
 
 
 
 
 
 
 
 
 
 
 
 
 
 
 
 
 
 
 
 
 
 
 
 
 
 
 
 
 
 
 
 
 
 
 
 
 
 
 
 
 
 
 
 
 
 
 
 
 
 
 
 
 
 
 
 
 
 
 
 
 
 
 
 
 
 
 
 
 
 
 
 
 
 
 
 
 
 
 
 
 
 
 
 
 
 
 
 
 
 
 
 
 
 
 
 
 
 
 
 
 
 
 
 
 
 
 
 
 
 
 
 
 
 
 
 
 
 
 
 
 
 
 
 
 
 
 
 
 
 
 
 
 
 
 
 
 
 
 
 
 
 
 
 
 
 
 
 
 
 
 
 
 
 
 
 
 
 
 
 
 
 
 
 
 
 
 
 
 
 
 
 
 
 
 
 
 
 
 
 
 
 
 
 
 
 
 
 
 
 
 
 
 
 
 
 
 
 
 
 
 
 
 
 
 
 
 
 
 
 
 
 
 
 
 
 
 
 
 
 
 
 
 
 
 
 
 
 
 
 
 
 
 
 
 
 
 
 
 
 
 
 
 
 
 
 
 
 
 
 
 
 
 
 
 
 
 
 
 
 
 
 
 
 
 
 
 
 
 
 
 
 
 
 
 
 
 
 
 
 
 
 
 
 
 
 
 
 
 
 
 
 
 
 
 
 
 
 
 
 
 
 
 
 
 
 
 
 
 
 
 
 
 
 
 
 
 
 
 
 
 
 
 
 
 
 
 
 
 
 
 
 
 
 
 
 
 
 
 
 
 
 
 
 
 
 
 
 
 
 
 
 
 
 
 
 
 
 
 
 
 
 
 
 
 
 
 
 
 
 
 
 
 
 
 
 
 
 
 
 
 
 
 
 
 
 
 
 
 
 
 
 
 
 
 
 
 
 
 
 
 
 
 
 
 
 
 
 
 
 
 
 
 
 
 
 
 
 
 
 
 
 
 
 
 
 
 
 
 
 
 
 
 
 
 
 
 
 
 
 
 
 
 
 
 
 
 
 
 
 
 
 
 
 
 
 
 
 
 
 
 
 
 
 
 
 
 
 
 
 
 
 
 
 
 
 
 
 
 
 
 
 
 
 
 
 
 
 
 
 
 
 
 
 
 
 
 
 
 
 
 
 
 
 
 
 
 
 
 
 
 
 
 
 
 
 
 
 
 
 
 
 
 
 
 
 
 
 
 
 
 
 
 
 
 
 
 
 
 
 
 
 
 
 
 
 
 
 
 
 
 
 
 
 
 
 
 
 
 
 
 
 
 
 
 
 
 
 
 
 
 
 
 
 
 
 
 
 
 
 
 
 
 
 
 
 
 
 
 
 
 
 
 
 
 
 
 
 
 
 
 
 
 
 
 
 
 
 
 
 
 
 
 
 
 
 
 
 
 
 
 
 
 
 
 
 
 
 
 
 
 
 
 
 
 
 
 
 
 
 
 
 
 
 
 
 
 
 
 
 
 
 
 
 
 
 
 
 
 
 
 
 
 
 
 
 
 
 
 
 
 
 
 
 
 
 
 
 
 
 
 
 
 
 
 
 
 
 
 
 
 
 
 
 
 
 
 
 
 
 
 
 
 
 
 
 
 
 
 
 
 
 
 
 
 
 
 
 
 
 
 
 
 
 
 
 
 
 
 
 
 
 
 
 
 
 
 
 
 
 
 
 
 
 
 
 
 
 
 
 
 
 
 
 
 
 
 
 
 
 
 
 
 
 
 
 
 
 
 
 
 
 
 
 
 
 
 
 
 
 
 
 
 
 
 
 
 
 
 
 
 
 
 
 
 
 
 
 
 
 
 
 
 
 
 
 
 
 
 
 
 
 
 
 
 
 
 
 
 
 
 
 
 
 
 
 
 
 
 
 
 
 
 
 
 
 
 
 
 
 
 
 
 
 
 
 
 
 
 
 
 
 
 
 
 
 
 
 
 
 
 
 
 
 
 
 
 
 
 
 
 
 
 
 
 
 
 
 
 
 
 
 
 
 
 
 
 
 
 
 
 
 
 
 
 
 
 
 
 
 
 
 
 
 
 
 
 
 
 
 
 
 
 
 
 
 
 
 
 
 
 
 
 
 
 
 
 
 
 
 
 
 
 
 
 
 
 
 
 
 
 
 
 
 
 
 
 
 
 
 
 
 
 
 
 
 
 
 
 
 
 
 
 
 
 
 
 
 
 
 
 
 
 
 
 
 
 
 
 
 
 
 
 
 
 
 
 
 
 
 
 
 
 
 
 
 
 
 
 
 
 
 
 
 
 
 
 
 
 
 
 
 
 
 
 
 
 
 
 
 
 
 
 
 
 
 
 
 
 
 
 
 
 
 
 
 
 
 
 
 
 
 
 
 
 
 
 
 
 
 
 
 
 
 
 
 
 
 
 
 
 
 
 
 
 
 
 
 
 
 
 
 
 
 
 
 
 
 
 
 
 
 
 
 
 
 
 
 
 
 
 
 
 
 
 
 
 
 
 
 
 
 
 
 
 
 
 
 
 
 
 
 
 
 
 
 
 
 
 
 
 
 
 
 
 
 
 
 
 
 
 
 
 
 
 
 
 
 
 
 
 
 
 
 
 
 
 
 
 
 
 
 
 
 
 
 
 
 
 
 
 
 
 
 
 
 
 
 
 
 
 
 
 
 
 
 
 
 
 
 
 
 
 
 
 
 
 
 
 
 
 
 
 
 
 
 
 
 
 
 
 
 
 
 
 
 
 
 
 
 
 
 
 
 
 
 
 
 
 
 
 
 
 
 
 
 
 
 
 
 
 
 
 
 
 
 
 
 
 
 
 
 
 
 
 
 
 
 
 
 
 
 
 
 
 
 
 
 
 
 
 
 
 
 
 
 
 
 
 
 
 
 
 
 
 
 
 
 
 
 
 
 
 
 
 
 
 
 
 
 
 
 
 
 
 
 
 
 
 
 
 
 
 
 
 
 
 
 
 
 
 
 
 
 
 
 
 
 
 
 
 
 
 
 
 
 
 
 
 
 
 
 
 
 
 
 
 
 
 
 
 
 
 
 
 
 
 
 
 
 
 
 
 
 
 
 
 
 
 
 
 
 
 
 
 
 
 
 
 
 
 
 
 
 
 
 
 
 
 
 
 
 
 
 
 
 
 
 
 
 
 
 
 
 
 
 
 
 
 
 
 
 
 
 
 
 
 
 
 
 
 
 
 
 
 
 
 
 
 
 
 
 
 
 
 
 
 
 
 
 
 
 
 
 
 
 
 
 
 
 
 
 
 
 
 
 
 
 
 
 
 
 
 
 
 
 
 
 
 
 
 
 
 
 
 
 
 
 
 
 
 
 
 
 
 
 
 
 
 
 
 
 
 
 
 
 
 
 
 
 
 
 
 
 
 
 
 
 
 
 
 
 
 
 
 
 
 
 
 
 
 
 
 
 
 
 
 
 
 
 
 
 
 
 
 
 
 
 
 
 
 
 
 
 
 
 
 
 
 
 
 
 
 
 
 
 
 
 
 
 
 
 
 
 
 
 
 
 
 
 
 
 
 
 
 
 
 
 
 
 
 
 
 
 
 
 
 
 
 
 
 
 
 
 
 
 
 
 
 
 
 
 
 
 
 
 
 
 
 
 
 
 
 
 
 
 
 
 
 
 
 
 
 
 
 
 
 
 
 
 
 
 
 
 
 
 
 
 
 
 
 
 
 
 
 
 
 
 
 
 
 
 
 
 
 
 
 
 
 
 
 
 
 
 
 
 
 
 
 
 
 
 
 
 
 
 
 
 
 
 
 
 
 
 
 
 
 
 
 
 
 
 
 
 
 
 
 
 
 
 
 
 
 
 
 
 
 
 
 
 
 
 
 
 
 
 
 
 
 
 
 
 
 
 
 
 
 
 
 
 
 
 
 
 
 
 
 
 
 
 
 
 
 
 
 
 
 
 
 
 
 
 
 
 
 
 
 
 
 
 
 
 
 
 
 
 
 
 
 
 
 
 
 
 
 
 
 
 
 
 
 
 
 
 
 
 
 
 
 
 
 
 
 
 
 
 
 
 
 
 
 
 
 
 
 
 
 
 
 
 
 
 
 
 
 
 
 
 
 
 
 
 
 
 
 
 
 
 
 
 
 
 
 
 
 
 
 
 
 
 
 
 
 
 
 
 
 
 
 
 
 
 
 
 
 
 
 
 
 
 
 
 
 
 
 
 
 
 
 
 
 
 
 
 
 
 
 
 
 
 
 
 
 
 
 
 
 
 
 
 
 
 
 
 
 
 
 
 
 
 
 
 
 
 
 
 
 
 
 
 
 
 
 
 
 
 
 
 
 
 
 
 
 
 
 
 
 
 
 
 
 
 
 
 
 
 
 
 
 
 
 
 
 
 
 
 
 
 
 
 
 
 
 
 
 
 
 
 
 
 
 
 
 
 
 
 
 
 
 
 
 
 
 
 
 
 
 
 
 
 
 
 
 
 
 
 
 
 
 
 
 
 
 
 
 
 
 
 
 
 
 
 
 
 
 
 
 
 
 
 
 
 
 
 
 
 
 
 
 
 
 
 
 
 
 
 
 
 
 
 
 
 
 
 
 
 
 
 
 
 
 
 
 
 
 
 
 
 
 
 
 
 
 
 
 
 
 
 
 
 
 
 
 
 
 
 
 
 
 
 
 
 
 
 
 
 
 
 
 
 
 
 
 
 
 
 
 
 
 
 
 
 
 
 
 
 
 
 
 
 
 
 
 
 
 
 
 
 
 
 
 
 
 
 
 
 
 
 
 
 
 
 
 
 
 
 
 
 
 
 
 
 
 
 
 
 
 
 
 
 
 
 
 
 
 
 
 
 
 
 
 
 
 
 
 
 
 
 
 
 
 
 
 
 
 
 
 
 
 
 
 
 
 
 
 
 
 
 
 
 
 
 
 
 
 
 
 
 
 
 
 
 
 
 
 
 
 
 
 
 
 
 
 
 
 
 
 
 
 
 
 
 
 
 
 
 
 
 
 
 
 
 
 
 
 
 
 
 
 
 
 
 
 
 
 
 
 
 
 
 
 
 
 
 
 
 
 
 
 
 
 
 
 
 
 
 
 
 
 
 
 
 
 
 
 
 
 
 
 
 
 
 
 
 
 
 
 
 
 
 
 
 
 
 
 
 
 
 
 
 
 
 
 
 
 
 
 
 
 
 
 
 
 
 
 
 
 
 
 
 
 
 
 
 
 
 
 
 
 
 
 
 
 
 
 
 
 
 
 
 
 
 
 
 
 
 
 
 
 
 
 
 
 
 
 
 
 
 
 
 
 
 
 
 
 
 
 
 
 
 
 
 
 
 
 
 
 
 
 
 
 
 
 
 
 
 
 
 
 
 
 
 
 
 
 
 
 
 
 
 
 
 
 
 
 
 
 
 
 
 
 
 
 
 
 
 
 
 
 
 
 
 
 
 
 
 
 
 
 
 
 
 
 
 
 
 
 
 
 
 
 
 
 
 
 
 
 
 
 
 
 
 
 
 
 
 
 
 
 
 
 
 
 
 
 
 
 
 
 
 
 
 
 
 
 
 
 
 
 
 
 
 
 
 
 
 
 
 
 
 
 
 
 
 
 
 
 
 
 
 
 
 
 
 
 
 
 
 
 
 
 
 
 
 
 
 
 
 
 
 
 
 
 
 
 
 
 
 
 
 
 
 
 
 
 
 
 
 
 
 
 
 
 
 
 
 
 
 
 
 
 
 
 
 
 
 
 
 
 
 
 
 
 
 
 
 
 
 
 
 
 
 
 
 
 
 
 
 
 
 
 
 
 
 
 
 
 
 
 
 
 
 
 
 
 
 
 
 
 
 
 
 
 
 
 
 
 
 
 
 
 
 
 
 
 
 
 
 
 
 
 
 
 
 
 
 
 
 
 
 
 
 
 
 
 
 
 
 
 
 
 
 
 
 
 
 
 
 
 
 
 
 
 
 
 
 
 
 
 
 
 
 
 
 
 
 
 
 
 
 
 
 
 
 
 
 
 
 
 
 
 
 
 
 
 
 
 
 
 
 
 
 
 
 
 
 
 
 
 
 
 
 
 
 
 
 
 
 
 
 
 
 
 
 
 
 
 
 
 
 
 
 
 
 
 
 
 
 
 
 
 
 
 
 
 
 
 
 
 
 
 
 
 
 
 
 
 
 
 
 
 
 
 
 
 
 
 
 
 
 
 
 
 
 
 
 
 
 
 
 
 
 
 
 
 
 
 
 
 
 
 
 
 
 
 
 
 
 
 
 
 
 
 
 
 
 
 
 
 
 
 
 
 
 
 
 
 
 
 
 
 
 
 
 
 
 
 
 
 
 
 
 
 
 
 
 
 
 
 
 
 
 
 
 
 
 
 
 
 
 
 
 
 
 
 
 
 
 
 
 
 
 
 
 
 
 
 
 
 
 
 
 
 
 
 
 
 
 
 
 
 
 
 
 
 
 
 
 
 
 
 
 
 
 
 
 
 
 
 
 
 
 
 
 
 
 
 
 
 
 
 
 
 
 
 
 
 
 
 
 
 
 
 
 
 
 
 
 
 
 
 
 
 
 
 
 
 
 
 
 
 
 
 
 
 
 
 
 
 
 
 
 
 
 
 
 
 
 
 
 
 
 
 
 
 
 
 
 
 
 
 
 
 
 
 
 
 
 
 
 
 
 
 
 
 
 
 
 
 
 
 
 
 
 
 
 
 
 
 
 
 
 
 
 
 
 
 
 
 
 
 
 
 
 
 
 
 
 
 
 
 
 
 
 
 
 
 
 
 
 
 
 
 
 
 
 
 
 
 
 
 
 
 
 
 
 
 
 
 
 
 
 
 
 
 
 
 
 
 
 
 
 
 
 
 
 
 
 
 
 
 
 
 
 
 
 
 
 
 
 
 
 
 
 
 
 
 
 
 
 
 
 
 
 
 
 
 
 
 
 
 
 
 
 
 
 
 
 
 
 
 
 
 
 
 
 
 
 
 
 
 
 
 
 
 
 
 
 
 
 
 
 
 
 
 
 
 
 
 
 
 
 
 
 
 
 
 
 
 
 
 
 
 
 
 
 
 
 
 
 
 
 
 
 
 
 
 
 
 
 
 
 
 
 
 
 
 
 
 
 
 
 
 
 
 
 
 
 
 
 
 
 
 
 
 
 
 
 
 
 
 
 
 
 
 
 
 
 
 
 
 
 
 
 
 
 
 
 
 
 
 
 
 
 
 
 
 
 
 
 
 
 
 
 
 
 
 
 
 
 
 
 
 
 
 
 
 
 
 
 
 
 
 
 
 
 
 
 
 
 
 
 
 
 
 
 
 
 
 
 
 
 
 
 
 
 
 
 
 
 
 
 
 
 
 
 
 
 
 
 
 
 
 
 
 
 
 
 
 
 
 
 
 
 
 
 
 
 
 
 
 
 
 
 
 
 
 
 
 
 
 
 
 
 
