0.0 0.0
0.01 2.338299e-07
0.02 2.35388189e-07
0.03 2.37677731e-07
0.04 2.39739123e-07
0.05 2.38930909e-07
0.06 2.39994975e-07
0.07 2.6269423e-07
0.08 3.32670897e-07
0.09 4.48098497e-07
0.1 4.8517401e-07
0.11 1.6331319e-07
0.12 -6.30955262e-07
0.13 -1.579023596e-06
0.14 -2.25089785e-06
0.15 -3.014587151e-06
0.16 -4.908258281e-06
0.17 -7.198105556e-06
0.18 -7.340420439e-06
0.19 -5.369194076e-06
0.2 -4.247544364e-06
0.21 -5.660688766e-06
0.22 -7.573059181e-06
0.23 -4.854190771e-06
0.24 3.135843878e-06
0.25 1.0969757429e-05
0.26 1.4454299587e-05
0.27 7.066133198e-06
0.28 -1.1400588926e-05
0.29 -2.2646621214e-05
0.3 -1.7740124219e-05
0.31 -9.021817758e-06
0.32 -1.877847409e-06
0.33 8.539607649e-06
0.34 1.6684681285e-05
0.35 6.898936963e-06
0.36 -2.1209764316e-05
0.37 -4.2114313536e-05
0.38 -3.8321004943e-05
0.39 -1.8942054948e-05
0.4 -9.621739666e-06
0.41 -3.4652189296e-05
0.42 -8.8844784793e-05
0.43 -0.000133937918705
0.44 -0.000111732630269
0.45 -1.797394478e-05
0.46 4.9851340331e-05
0.47 4.0405683238e-05
0.48 2.3662895448e-05
0.49 3.9223945805e-05
0.5 5.8933676673e-05
0.51 5.9005198141e-05
0.52 -7.363822488e-06
0.53 -0.000129869489126
0.54 -0.0001763783672
0.55 -0.000106031415001
0.56 -2.522008221e-05
0.57 -2.0551802113e-05
0.58 -7.2763417477e-05
0.59 -8.8551703491e-05
0.6 -5.8893319792e-05
0.61 -7.1404280366e-05
0.62 -0.00010085052591
0.63 -7.7593614951e-05
0.64 -1.2129727827e-05
0.65 6.0045231197e-05
0.66 7.4671639671e-05
0.67 -6.19567549e-06
0.68 -0.000160728347314
0.69 -0.000216925157409
0.7 -6.520585257e-05
0.71 2.5546286913e-05
0.72 -5.9746773775e-05
0.73 -3.2560027419e-05
0.74 8.6639023171e-05
0.75 1.3031621229e-05
0.76 -0.00013629475936
0.77 -0.000106032185547
0.78 -4.6797603605e-05
0.79 -0.000152346375213
0.8 -0.000306085272745
0.81 -0.000339265665582
0.82 -0.000351808787475
0.83 -0.000414533104733
0.84 -0.000319945030001
0.85 -0.00012767678435
0.86 -8.3808770551e-05
0.87 -3.0808730689e-05
0.88 0.00018003491629
0.89 0.000184123372669
0.9 -7.6435918827e-05
0.91 -0.000120213210934
0.92 -2.6283437e-07
0.93 -2.0627240179e-05
0.94 0.000111988678759
0.95 0.00037849890809
0.96 0.000229165068024
0.97 -0.000251396146351
0.98 -0.000545209664283
0.99 -0.00050188940575
1.0 -0.000304151613779
1.01 -0.00019539542208
1.02 -0.000107925498921
1.03 2.620046758e-05
1.04 1.5254552069e-05
1.05 5.8929742953e-05
1.06 0.000285933793081
1.07 0.000299766641379
1.08 -8.0442518887e-05
1.09 -0.000391444289159
1.1 -0.000193553321735
1.11 0.000243367961665
1.12 0.000245860683094
1.13 -0.000134611343289
1.14 -0.000209766486548
1.15 9.1539778752e-05
1.16 0.000190187427231
1.17 0.000134133590647
1.18 0.000398556615983
1.19 0.000578242031846
1.2 0.000273303884835
1.21 3.1661108763e-05
1.22 0.000113215368044
1.23 7.4954206067e-05
1.24 -0.000106682647879
1.25 -0.000215506798459
1.26 -7.8811649005e-05
1.27 -7.8766770169e-05
1.28 -0.000650510232196
1.29 -0.00097728412006
1.3 -0.000618735904156
1.31 -0.000608143128975
1.32 -0.001207749357058
1.33 -0.001348198031664
1.34 -0.000680620082392
1.35 8.9977133139e-05
1.36 0.000343905533657
1.37 0.000224902661349
1.38 9.0657484734e-05
1.39 -0.000146766145413
1.4 -0.000424890951141
1.41 -0.000215969770016
1.42 7.8942973944e-05
1.43 -0.000244959228621
1.44 -0.000573760548332
1.45 -0.000480882490276
1.46 -0.000472781627454
1.47 -0.000526185064648
1.48 -0.000302525528245
1.49 0.000162247467568
1.5 0.000510867246127
1.51 0.000234770847874
1.52 -1.2325004738e-05
1.53 0.000427402554065
1.54 0.001112593453871
1.55 0.001545316239657
1.56 0.001577147413747
1.57 0.000988487692953
1.58 -0.000154845687904
1.59 -0.000595138810033
1.6 0.000242032611847
1.61 0.000818334963586
1.62 0.000139529221413
1.63 -0.000728497728487
1.64 -0.000753305723118
1.65 -0.000111882478933
1.66 0.000732474705061
1.67 0.001030402891473
1.68 0.000450512492764
1.69 -0.000351316268517
1.7 -0.001083059237596
1.71 -0.001667287413095
1.72 -0.00177297423296
1.73 -0.001431932156034
1.74 -0.001249653945023
1.75 -0.001414030477488
1.76 -0.00132317361646
1.77 -0.000969029947655
1.78 -0.00069558290154
1.79 -0.000299649022884
1.8 0.000125577297153
1.81 0.000106334486045
1.82 -0.000164728284939
1.83 -0.000121085193196
1.84 0.000235524651703
1.85 0.000729074436782
1.86 0.001037258400773
1.87 0.0010906018641
1.88 0.000844355674389
1.89 0.000517489578237
1.9 0.000559582175084
1.91 0.000781682477075
1.92 0.000578486473403
1.93 -8.1658360564e-05
1.94 -6.9634355322e-05
1.95 0.000678189997922
1.96 0.000760294388384
1.97 0.000316676805511
1.98 0.000391360459352
1.99 0.000830919085154
2.0 0.001190991106955
2.01 0.001465185907375
2.02 0.000826116757242
2.03 -0.0007756038821
2.04 -0.001543910308135
2.05 -0.001133914702548
2.06 -0.001161900740936
2.07 -0.00182739578569
2.08 -0.001529477249542
2.09 -0.000540058735477
2.1 -5.0653700408e-05
2.11 0.000359350280916
2.12 0.00069684049364
2.13 -0.00012551970331
2.14 -0.001437994337357
2.15 -0.0014434637776
2.16 -0.000883034079959
2.17 -0.00078747951485
2.18 -0.000667995519917
2.19 -0.000215000762218
2.2 0.000198021617852
2.21 0.000111306122343
2.22 2.7969266909e-05
2.23 0.000217356962131
2.24 0.000228744387249
2.25 7.7848158811e-05
2.26 -0.000125005006034
2.27 0.000117824629197
2.28 0.000899263900396
2.29 0.001568012701152
2.3 0.002005050349687
2.31 0.002158488298703
2.32 0.001805549505216
2.33 0.001300701600104
2.34 0.001170551346421
2.35 0.001182954735157
2.36 0.000731892765397
2.37 -0.000487427343372
2.38 -0.001987410285527
2.39 -0.002686779609578
2.4 -0.00246458811678
2.41 -0.001813584838698
2.42 -0.000921891884733
2.43 -5.0879252048e-05
2.44 3.328764168e-06
2.45 -0.000495632111675
2.46 -0.000334399475133
2.47 0.000205291148684
2.48 0.000123585959374
2.49 -5.269497376e-05
2.5 0.000134921882945
2.51 -8.9323115969e-05
2.52 -0.000676413164333
2.53 -0.000858565094881
2.54 -0.000410191817675
2.55 0.000198980509975
2.56 0.000789733637796
2.57 0.001708162735748
2.58 0.002406502232939
2.59 0.002406118454884
2.6 0.001956244211379
2.61 0.001106786564749
2.62 0.000183636210963
2.63 -0.000423551260323
2.64 -0.000989124599194
2.65 -0.001810772152618
2.66 -0.002667658587088
2.67 -0.002836919202945
2.68 -0.002712319384693
2.69 -0.003057186683164
2.7 -0.003337020500355
2.71 -0.002639713746491
2.72 -0.001513035826724
2.73 -0.000426674794331
2.74 0.00158294711363
2.75 0.003564931405945
2.76 0.003662162349604
2.77 0.002876105266652
2.78 0.003050106963487
2.79 0.003771022981535
2.8 0.003798244836812
2.81 0.002864712763886
2.82 0.000656862610603
2.83 -0.002773880390244
2.84 -0.004749012521616
2.85 -0.004386246029337
2.86 -0.003464741147073
2.87 -0.002555631541664
2.88 -0.000992290268906
2.89 0.000244497599862
2.9 0.000428078548867
2.91 -0.000307083545599
2.92 -0.001456358812055
2.93 -0.002952938076316
2.94 -0.004276226659998
2.95 -0.004557296765736
2.96 -0.003785928870921
2.97 -0.003935738887971
2.98 -0.005453316582941
2.99 -0.006553337436066
3.0 -0.006090098679017
3.01 -0.004698391763995
3.02 -0.003541169836565
3.03 -0.002835674708367
3.04 -0.002419181822652
3.05 -0.001827971089189
3.06 -0.000223785576067
3.07 0.002328583186178
3.08 0.004381602291904
3.09 0.00626234151462
3.1 0.006954501514502
3.11 0.004739009936387
3.12 0.000419733474535
3.13 -0.003846025365765
3.14 -0.004484156684519
3.15 -0.002135282150495
3.16 0.001060921309316
3.17 0.003587753427968
3.18 0.002834530533535
3.19 -0.001367630145248
3.2 -0.005091156918282
3.21 -0.005822437582148
3.22 -0.005175983684483
3.23 -0.00520301768527
3.24 -0.004562019555833
3.25 -0.003047208967355
3.26 -0.002243301033748
3.27 -0.002722475348687
3.28 -0.003578439233773
3.29 -0.003779102042305
3.3 -0.003491460383311
3.31 -0.000859501868018
3.32 0.003095640981021
3.33 0.005430085534805
3.34 0.003890833227623
3.35 0.001706561135402
3.36 0.001412913037002
3.37 0.002751933477205
3.38 0.004619254413386
3.39 0.004705221520463
3.4 0.003018875247133
3.41 0.000425428471278
3.42 -0.001321862146853
3.43 -0.000819772833847
3.44 0.000400215634499
3.45 0.001386917875993
3.46 0.002419734280013
3.47 0.001913187558115
3.48 -0.001016018585647
3.49 -0.005630970925651
3.5 -0.00947144446938
3.51 -0.01018359280494
3.52 -0.008737230639012
3.53 -0.007231997339435
3.54 -0.00649832651221
3.55 -0.005500479944401
3.56 -0.004187209133681
3.57 -0.000213192268625
3.58 0.005978951814676
3.59 0.009791733449366
3.6 0.010044648682227
3.61 0.008310888576338
3.62 0.007219169762344
3.63 0.008866038806634
3.64 0.010547952892476
3.65 0.010751228037602
3.66 0.009862423679563
3.67 0.008736693199614
3.68 0.00565678333621
3.69 0.001992846801875
3.7 -0.000522771534286
3.71 -0.001327754861048
3.72 -0.001973511892459
3.73 -0.003458560623383
3.74 -0.00200293821643
3.75 0.002723724487203
3.76 0.007659720456472
3.77 0.008302941068717
3.78 0.006542594557447
3.79 0.00310864152651
3.8 -0.002719671905576
3.81 -0.00898817327383
3.82 -0.010820176790458
3.83 -0.007855768592822
3.84 -0.004271177709169
3.85 -0.001075923281006
3.86 -0.002587779060421
3.87 -0.003648603236861
3.88 -0.002930234594709
3.89 0.003476001394274
3.9 0.014115730625209
3.91 0.021895872855606
3.92 0.026345510018447
3.93 0.023505571219852
3.94 0.019651740654377
3.95 0.009006024900503
3.96 -0.006194032932526
3.97 -0.009845773163368
3.98 -0.005137143942994
3.99 -0.003781304375466
4.0 0.003166038680083
4.01 0.00690744563657
4.02 0.003315410893177
4.03 -0.002625156738873
4.04 -0.008188495364497
4.05 -0.001313770431146
4.06 0.00059625668941
4.07 -0.00484993234118
4.08 -0.002504661819082
4.09 -0.004160872584719
4.1 -0.005646700817672
4.11 -0.006582918273008
4.12 -0.010603096541566
4.13 -0.010518131118979
4.14 -0.010718368363475
4.15 -0.01063577200235
4.16 -0.005409681903716
4.17 0.005535565085862
4.18 0.02043741259102
4.19 0.027534175125109
4.2 0.027429471765342
4.21 0.024496432307584
4.22 0.017962485999475
4.23 0.010081312097277
4.24 0.001095407519441
4.25 -0.005207027568948
4.26 -0.004359068052323
4.27 -0.00767583054587
4.28 -0.004307592489783
4.29 -0.003691804094824
4.3 -0.000774692321579
4.31 -0.003660813506684
4.32 -0.012528266825558
4.33 -0.010703094908481
4.34 -0.004124416761134
4.35 -0.001058655594155
4.36 0.011979553067028
4.37 0.018458843917165
4.38 0.020426522890124
4.39 0.014392705031642
4.4 0.008800090537797
4.41 0.009166300768452
4.42 0.01244803814967
4.43 0.015713318630173
4.44 0.014278294880482
4.45 0.00592988991656
4.46 -0.007353110607478
4.47 -0.017164656878688
4.48 -0.023469997790559
4.49 -0.021113276630151
4.5 -0.013513765344052
4.51 -0.003126942907214
4.52 0.009494294730141
4.53 0.023567936758409
4.54 0.032024859541775
4.55 0.035436222863731
4.56 0.033887314046201
4.57 0.030624132266125
4.58 0.034705009823607
4.59 0.045689620384312
4.6 0.041962833670957
4.61 0.032521703191448
4.62 0.011787037517177
4.63 -0.00242792897355
4.64 -0.018544270707022
4.65 -0.030655599067158
4.66 -0.037480517781271
4.67 -0.044400656030348
4.68 -0.055881955542855
4.69 -0.064017797698668
4.7 -0.067289620531251
4.71 -0.05997930214568
4.72 -0.050655163999314
4.73 -0.048533379824168
4.74 -0.052598852467002
4.75 -0.033847449362938
4.76 -4.7232182474e-05
4.77 0.030485150556099
4.78 0.054375464672681
4.79 0.078208111014009
4.8 0.090640620821919
4.81 0.096006909000675
4.82 0.098145031043974
4.83 0.104935278563447
4.84 0.110304558980444
4.85 0.111292502232566
4.86 0.120032971967987
4.87 0.126812188801761
4.88 0.125958323885536
4.89 0.120917092322834
4.9 0.115391912481217
4.91 0.108402853102485
4.92 0.109815084631152
4.93 0.114889415836543
4.94 0.100070295895679
4.95 0.056245406339429
4.96 0.009533418548825
4.97 0.010412151543715
4.98 0.014324771543723
4.99 0.009759550618243
5.0 0.008425219254895
5.01 -0.0092777562476
5.02 -0.04204268025191
5.03 -0.085153495551125
5.04 -0.108121939219586
5.05 -0.097853520238004
5.06 -0.08297639371234
5.07 -0.071637122581447
5.08 -0.051570116116943
5.09 -0.052985789339066
5.1 -0.057209819037547
5.11 -0.063449655110746
5.12 -0.070572066792535
5.13 -0.083113660621374
5.14 -0.080608259550328
5.15 -0.085596735889392
5.16 -0.09618363648086
5.17 -0.110599976657255
5.18 -0.120244306414336
5.19 -0.121543766225631
5.2 -0.146671270826805
5.21 -0.124592966550301
5.22 -0.109001613298404
5.23 -0.099074006394686
5.24 -0.137199815024268
5.25 -0.112519954100287
5.26 -0.095072337877016
5.27 -0.084314776723155
5.28 -0.084397760138007
5.29 -0.043857176200451
5.3 -0.002428080046826
5.31 0.012296798939746
5.32 0.023576976401183
5.33 0.045673445610227
5.34 0.06928715206054
5.35 0.065647507424566
5.36 0.076621044784876
5.37 0.083428005415555
5.38 0.096707257075646
5.39 0.108488596953053
5.4 0.125435835677181
5.41 0.127356368287098
5.42 0.124405074551189
5.43 0.106163831574373
5.44 0.089314852221869
5.45 0.064560823524063
5.46 0.041782544554652
5.47 0.019208389855784
5.48 0.008190278066454
5.49 0.015344648058226
5.5 0.014667392626752
5.51 0.005908421327426
5.52 -0.004768156667969
5.53 -0.016310150635805
5.54 -0.03493130345075
5.55 -0.063495971841635
5.56 -0.076361460450902
5.57 -0.085318137876789
5.58 -0.093039165881386
5.59 -0.099880429475433
5.6 -0.109893409084773
5.61 -0.102970465518213
5.62 -0.111974804446521
5.63 -0.115725127851166
5.64 -0.121979155870085
5.65 -0.131150530713712
5.66 -0.134810188285146
5.67 -0.137833767014942
5.68 -0.144603687371437
5.69 -0.143155501258285
5.7 -0.108762802867531
5.71 -0.080672112055698
5.72 -0.083590061067715
5.73 -0.091499821809941
5.74 -0.107768150079636
5.75 -0.105521010899387
5.76 -0.096089699367083
5.77 -0.083053390936421
5.78 -0.051296880339801
5.79 -0.045715315103331
5.8 -0.0312725051847
5.81 -0.025395968855833
5.82 -0.04191237623288
5.83 -0.033450925533051
5.84 -0.023268651709018
5.85 -0.030619773758546
5.86 -0.018818913547067
5.87 0.001001040604001
5.88 0.036488399998502
5.89 0.052836196273047
5.9 0.054251471429098
5.91 0.060247381917474
5.92 0.051058401811363
5.93 0.015572745733481
5.94 -0.083929895022332
5.95 -0.086773027046166
5.96 -0.074788639876513
5.97 -0.079128229028229
5.98 -0.059864355912762
5.99 -0.063640873898016
6.0 -0.057338611397604
6.01 -0.061979738238467
6.02 -0.030788394864352
6.03 -0.018404095878089
6.04 0.01787518630462
6.05 0.021123439767741
6.06 0.049863946632384
6.07 0.063476745711739
6.08 0.114563992333768
6.09 0.173596340992797
6.1 0.222563876502312
6.11 0.258339788647081
6.12 0.258888250113921
6.13 0.26388371844022
6.14 0.2595038970253
6.15 0.248616649203381
6.16 0.246520827521606
6.17 0.241601568672575
6.18 0.252710141591506
6.19 0.253120009590145
6.2 0.247599287987411
6.21 0.19763438140361
6.22 0.120275379767187
6.23 0.065350321304982
6.24 0.044752002555367
6.25 0.045899966717519
6.26 0.043530700399002
6.27 0.03034933929627
6.28 0.003993690408185
6.29 -0.042779277917186
6.3 -0.099221387627453
6.31 -0.131243994972117
6.32 -0.13387423187895
6.33 -0.130172553316804
6.34 -0.124033445362319
6.35 -0.117880185988
6.36 -0.111135466377589
6.37 -0.097339998352589
6.38 -0.083770418732607
6.39 -0.059962326000894
6.4 -0.047300701658707
6.41 -0.027198915284244
6.42 -0.009703129919177
6.43 0.001996858584232
6.44 0.004144310123294
6.45 0.006702052260849
6.46 0.014837696901897
6.47 0.05217735024689
6.48 0.099838507043164
6.49 0.116070188429871
6.5 0.096443903156901
6.51 0.064874361674866
6.52 0.04986259059656
6.53 0.00413888340662
6.54 -0.001606944433567
6.55 0.008903708765814
6.56 0.035889758356825
6.57 0.044183091247085
6.58 0.049347534824704
6.59 0.046035531415765
6.6 0.041355196773474
6.61 0.017516494988844
6.62 0.013313341797474
6.63 0.018989335323702
6.64 0.049418838153982
6.65 0.069912605835367
6.66 0.07354561729793
6.67 0.06716156471111
6.68 0.013174003260937
6.69 -0.014703266269612
6.7 -0.024886095435462
6.71 -0.032129493615938
6.72 -0.027144813985663
6.73 -0.027872024113916
6.74 -0.029875546702411
6.75 -0.033885157490211
6.76 -0.051222851118325
6.77 -0.009514431511444
6.78 0.010277498268995
6.79 0.000639740482681
6.8 0.02892678387723
6.81 0.037988498025092
6.82 0.065433873670014
6.83 0.096694567388746
6.84 0.128904005173946
6.85 0.155612777978865
6.86 0.147324496778959
6.87 0.144072116521286
6.88 0.174518033174526
6.89 0.156716230800392
6.9 0.140987303111222
6.91 0.126806314399515
6.92 0.1427114688004
6.93 0.14091927484106
6.94 0.135587539764237
6.95 0.143464150020845
6.96 0.140600590847054
6.97 0.132984096038295
6.98 0.119357431581771
6.99 0.13435236052463
7.0 0.141302157070529
7.01 0.146321117231085
7.02 0.126547337631163
7.03 0.121418813107454
7.04 0.131093441862769
7.05 0.125745792630853
7.06 0.105077941923652
7.07 0.091291971330702
7.08 0.074894135001705
7.09 0.040524156108584
7.1 -0.016622389750763
7.11 -0.069299573177831
7.12 -0.121998206737219
7.13 -0.181574015707525
7.14 -0.237584865303175
7.15 -0.274150600815095
7.16 -0.307489812509085
7.17 -0.344985878145204
7.18 -0.392360677415625
7.19 -0.461270120942673
7.2 -0.508428955533946
7.21 -0.524671928036193
7.22 -0.531234968546789
7.23 -0.53236658863194
7.24 -0.529294031865452
7.25 -0.526624532669872
7.26 -0.540336929527885
7.27 -0.533175651793319
7.28 -0.504720474875608
7.29 -0.357236551273276
7.3 -0.198176210098308
7.31 -0.242938135458991
7.32 -0.226140798847444
7.33 -0.173216641519807
7.34 -0.189898308287696
7.35 -0.132936818971665
7.36 -0.06388905106266
7.37 0.028002847632878
7.38 0.138082775319028
7.39 0.169777287849639
7.4 0.164150981480318
7.41 0.212444086926497
7.42 0.261786835314623
7.43 0.273277113939297
7.44 0.306527297509265
7.45 0.334002106652104
7.46 0.336281236295151
7.47 0.3529112051794
7.48 0.369151914110505
7.49 0.378262857624103
7.5 0.394324577302712
7.51 0.414350401476383
7.52 0.432532920068214
7.53 0.451982095028991
7.54 0.48429830410851
7.55 0.500426983143651
7.56 0.499510824405613
7.57 0.491431853667446
7.58 0.469709000553667
7.59 0.421396389154681
7.6 0.186983798863025
7.61 0.111173307392531
7.62 0.176160938459476
7.63 0.123125471668867
7.64 0.100262609678151
7.65 0.08969672162128
7.66 0.032751270371365
7.67 -0.056509841482671
7.68 -0.200422900343892
7.69 -0.298437727647091
7.7 -0.297450351882608
7.71 -0.315858126360394
7.72 -0.37069640797061
7.73 -0.397757573680979
7.74 -0.410086098773767
7.75 -0.433483833734028
7.76 -0.443295308582588
7.77 -0.433885139213002
7.78 -0.433737622349506
7.79 -0.420797019577348
7.8 -0.389616047335246
7.81 -0.370357722344561
7.82 -0.366643772352144
7.83 -0.358691314471558
7.84 -0.355685603777992
7.85 -0.352138193811186
7.86 -0.3382012101694
7.87 -0.30643417471666
7.88 -0.247971889239045
7.89 -0.151052155627393
7.9 -0.068214971107994
7.91 -0.026322196405148
7.92 -0.044106511531989
7.93 -0.03904907364319
7.94 -0.046772934910736
7.95 -0.04018263352913
7.96 -0.024727915081659
7.97 0.01146939768325
7.98 0.047754779511875
7.99 0.068387398517222
8.0 0.047862340139551
8.01 0.039392734763741
8.02 0.028982734926241
8.03 0.00653569327372
8.04 -0.011409504644062
8.05 -0.035025707267724
8.06 -0.055486314427921
8.07 -0.07140321465673
8.08 -0.096976998820227
8.09 -0.109370723189516
8.1 -0.101220767275853
8.11 -0.061752213286751
8.12 0.010460089831913
8.13 0.01943211594511
8.14 0.040781307544184
8.15 0.058040845049165
8.16 0.045061707917982
8.17 0.054676567400572
8.18 0.065874474836617
8.19 0.092413232238061
8.2 0.147640510089105
8.21 0.255283708603791
8.22 0.315807577997717
8.23 0.326823396226212
8.24 0.340998552135795
8.25 0.349575253029096
8.26 0.333875383315581
8.27 0.309612561088308
8.28 0.304482642086948
8.29 0.322594363224008
8.3 0.355389433084464
8.31 0.400045391285936
8.32 0.429337287650482
8.33 0.438056576629673
8.34 0.464115890964798
8.35 0.453866457890799
8.36 0.459610249705962
8.37 0.44547599532651
8.38 0.437698285308537
8.39 0.429905524281762
8.4 0.421406901737708
8.41 0.261753014646742
8.42 0.082197188757025
8.43 0.149177967952152
8.44 0.129582512197558
8.45 0.088990796663066
8.46 0.076435610565382
8.47 0.046572632616928
8.48 -0.019826192027136
8.49 -0.15053655387709
8.5 -0.295512431006897
8.51 -0.318206912704048
8.52 -0.321586632451373
8.53 -0.392681742978613
8.54 -0.419087222568463
8.55 -0.437564049385425
8.56 -0.451929568121263
8.57 -0.464182152495266
8.58 -0.47288194162023
8.59 -0.481227850806797
8.6 -0.507097802367798
8.61 -0.524125395620799
8.62 -0.5455484954144
8.63 -0.578518390621229
8.64 -0.592271146760417
8.65 -0.580819753916156
8.66 -0.558538753220479
8.67 -0.523344802356361
8.68 -0.464742473221555
8.69 -0.483374990921664
8.7 -0.414332734578597
8.71 -0.32672898519603
8.72 -0.249842392927775
8.73 -0.216421662248346
8.74 -0.204028594726608
8.75 -0.147525665540365
8.76 -0.082679187617617
8.77 -0.032786693302733
8.78 0.041076851230277
8.79 0.151898102104533
8.8 0.237281932033285
8.81 0.291604872648016
8.82 0.323790570156809
8.83 0.352137175686452
8.84 0.393274071824192
8.85 0.425454534239463
8.86 0.450992968072721
8.87 0.46967882983367
8.88 0.487269502302296
8.89 0.495345780465705
8.9 0.499420805756452
8.91 0.497026989841515
8.92 0.498204989684202
8.93 0.470452789405584
8.94 0.452213171364598
8.95 0.453018533051976
8.96 0.432246873136191
8.97 0.425384190451428
8.98 0.410611091895048
8.99 0.401282862966287
9.0 0.367343595313776
9.01 0.336788945738853
9.02 0.257645918593663
9.03 0.192000179585607
9.04 0.125388403194164
9.05 0.123515654322194
9.06 0.125767831885971
9.07 0.119717469448894
9.08 0.092064411182913
9.09 0.053723084450511
9.1 0.005675933743587
9.11 -0.057222441795543
9.12 -0.105023513605192
9.13 -0.1235614883022
9.14 -0.126312565056005
9.15 -0.142877692707229
9.16 -0.17448501205268
9.17 -0.201245078253749
9.18 -0.229115370215509
9.19 -0.255498152687939
9.2 -0.281124835494036
9.21 -0.305747080968616
9.22 -0.322654736413151
9.23 -0.34269370861402
9.24 -0.359933726656232
9.25 -0.37754263106985
9.26 -0.391339450106495
9.27 -0.404287177500167
9.28 -0.411578849284136
9.29 -0.414751731412797
9.3 -0.426438372063006
9.31 -0.432537079636941
9.32 -0.414087964162135
9.33 -0.251067926457749
9.34 -0.145285735974808
9.35 -0.261020409687294
9.36 -0.201480615540663
9.37 -0.253062786792644
9.38 -0.252100464610481
9.39 -0.260539465192139
9.4 -0.250370777575514
9.41 -0.14523464586139
9.42 -0.10296413060571
9.43 -0.15500006116802
9.44 -0.119003798251702
9.45 -0.097056917905034
9.46 -0.103904333875593
9.47 -0.090681208572453
9.48 -0.124279770509055
9.49 -0.086558276221517
9.5 -0.071441277565267
9.51 -0.054118722006201
9.52 -0.071510580950463
9.53 0.083118560383075
9.54 0.104760537742537
9.55 0.166062754910431
9.56 0.213371021436906
9.57 0.250209508806926
9.58 0.301484711154994
9.59 0.306930841167609
9.6 0.337468032860481
9.61 0.377016634824364
9.62 0.448672720191387
9.63 0.471306334638873
9.64 0.465423904894632
9.65 0.494694617259247
9.66 0.493171141117162
9.67 0.49787111698257
9.68 0.511550663833102
9.69 0.511077181829016
9.7 0.536428831829862
9.71 0.504569536528904
9.72 0.493707435283028
9.73 0.447636918279918
9.74 0.378206082892152
9.75 0.259473781366943
9.76 0.181730564098027
9.77 0.180560911234217
9.78 0.155367558611893
9.79 0.130147146537617
9.8 0.08889917072535
9.81 0.061486079993167
9.82 -0.006382812429376
9.83 -0.094969644746076
9.84 -0.168929007910901
9.85 -0.202816986478346
9.86 -0.223270589043084
9.87 -0.249375947362698
9.88 -0.270650773940145
9.89 -0.280741836414679
9.9 -0.283117454974224
9.91 -0.286187990771688
9.92 -0.292648462152122
9.93 -0.302109462572488
9.94 -0.320168070842304
9.95 -0.34374312760488
9.96 -0.366126845444373
9.97 -0.385173998807584
9.98 -0.391410647004254
9.99 -0.391428222191855
10.0 -0.402751120130932
10.01 -0.405517447184497
10.02 -0.394440640223567
10.03 -0.375944344367718
10.04 -0.156723085724715
10.05 -0.0306799145718
10.06 -0.133452262261162
10.07 -0.08777266051904
10.08 -0.105501674684749
10.09 -0.111470292932617
10.1 -0.096575993662296
10.11 -0.052734355817664
10.12 0.077523108933155
10.13 0.209653772792868
10.14 0.163536499298634
10.15 0.160914284226461
10.16 0.220872809067919
10.17 0.200695889696162
10.18 0.230482169711022
10.19 0.241545161485605
10.2 0.252410930489723
10.21 0.267206821544384
10.22 0.290982101299128
10.23 0.317162334765886
10.24 0.335673009427442
10.25 0.359684280097466
10.26 0.373725229153412
10.27 0.390080240011224
10.28 0.411544373546906
10.29 0.433693999264795
10.3 0.441810404338474
10.31 0.447532095079125
10.32 0.427795773310004
10.33 0.049862813543203
10.34 0.048293368642541
10.35 0.125000240307507
10.36 0.01823726029548
10.37 0.090074870729088
10.38 0.058128334285575
10.39 0.037120333643701
10.4 -0.02989524129246
10.41 -0.194105856368937
10.42 -0.337188168954798
10.43 -0.275126264424103
10.44 -0.247609210413177
10.45 -0.324228375864306
10.46 -0.237541362126726
10.47 -0.252665441175002
10.48 -0.210326302355136
10.49 -0.167114348587634
10.5 -0.146529698896977
10.51 -0.133477075940407
10.52 -0.129212637706599
10.53 -0.125973996310187
10.54 -0.13710159500302
10.55 -0.11144568628454
10.56 -0.102222657774208
10.57 -0.106451404973619
10.58 -0.112217378516627
10.59 -0.16994936957435
10.6 -0.184001590769143
10.61 -0.217617972857667
10.62 -0.171665193617649
10.63 -0.09048484235184
10.64 -0.10833768110571
10.65 -0.146424792922774
10.66 -0.128957437125928
10.67 -0.151271827917563
10.68 -0.141297373404196
10.69 -0.127474370089767
10.7 -0.058773791409798
10.71 0.011129794954203
10.72 0.012188654780127
10.73 0.010041690302798
10.74 0.062191888422087
10.75 0.036686957753067
10.76 0.051415002991973
10.77 0.060098054551555
10.78 0.058711501594371
10.79 0.060476495226184
10.8 0.025073447124495
10.81 0.00796207656575
10.82 -0.012798245791744
10.83 -0.026321551217997
10.84 -0.041685976127112
10.85 -0.054902210598998
10.86 -0.079418672719582
10.87 -0.099256785268893
10.88 -0.137736091449092
10.89 -0.164639758057146
10.9 -0.181753539357135
10.91 -0.166299657476397
10.92 -0.146303886728904
10.93 -0.120983378599316
10.94 -0.070609084506173
10.95 -0.038175943091431
10.96 -0.052663794358952
10.97 -0.04205927462975
10.98 -0.03898779754651
10.99 -0.014178318471405
11.0 0.00722345205844
11.01 0.044500383501658
11.02 0.073573305979364
11.03 0.108410952349544
11.04 0.116335542311257
11.05 0.131149641649868
11.06 0.138666800715739
11.07 0.129887323894056
11.08 0.143314273279495
11.09 0.160299322445106
11.1 0.197655733092711
11.11 0.2144521130399
11.12 0.215291471108084
11.13 0.229198024811311
11.14 0.249724698692465
11.15 0.261671978098425
11.16 0.280473715635698
11.17 0.309687479600286
11.18 0.343634674546341
11.19 0.360967729698057
11.2 0.360773882090612
11.21 0.358972938308179
11.22 0.357838048211375
11.23 0.360677366448577
11.24 0.3313902299924
11.25 0.247613405390127
11.26 0.211757542362629
11.27 0.232383885605111
11.28 0.196814270449416
11.29 0.196164395920072
11.3 0.150274555185024
11.31 0.1132537158695
11.32 0.043188021757318
11.33 -0.032429136373148
11.34 -0.080674146506874
11.35 -0.094262266166278
11.36 -0.118089274358025
11.37 -0.15819209274647
11.38 -0.18223457980963
11.39 -0.221369362953682
11.4 -0.250213184045707
11.41 -0.281469234389754
11.42 -0.315867214241636
11.43 -0.340165365254903
11.44 -0.364117892955317
11.45 -0.373111099930562
11.46 -0.385040087810231
11.47 -0.394547495273788
11.48 -0.391796614016627
11.49 -0.375563162217598
11.5 -0.356058023362629
11.51 -0.360475416326546
11.52 -0.380369199230182
11.53 -0.362026977572902
11.54 -0.294399646245866
11.55 -0.17443197940259
11.56 -0.151135943875013
11.57 -0.142027324563047
11.58 -0.092476028951469
11.59 -0.078984522420295
11.6 -0.054126252434821
11.61 -0.02372513455457
11.62 0.048495281622388
11.63 0.122153922776335
11.64 0.157222204146669
11.65 0.146798093451398
11.66 0.159994632754132
11.67 0.181847090548952
11.68 0.187117809972907
11.69 0.197056064241266
11.7 0.203756833954456
11.71 0.211944276231025
11.72 0.225074710443519
11.73 0.238853243509541
11.74 0.251183304609745
11.75 0.257767727664105
11.76 0.256418189577456
11.77 0.255449707723508
11.78 0.270015300012035
11.79 0.278215383004031
11.8 0.293445863007264
11.81 0.312872198219647
11.82 0.33066875594622
11.83 0.343555732670258
11.84 0.344330831408858
11.85 0.343202835363142
11.86 0.325883307411469
11.87 0.303659332141673
11.88 0.182751889585832
11.89 0.195352042493758
11.9 0.20123901944796
11.91 0.203536753756569
11.92 0.202428236290669
11.93 0.188209838460446
11.94 0.168563600119145
11.95 0.102282931998529
11.96 0.028005749311114
11.97 -0.00360973657519
11.98 0.008879555190483
11.99 -0.02364437701523
12.0 -0.031643127777129
12.01 -0.049575305706116
12.02 -0.070431312389527
12.03 -0.084730679186233
12.04 -0.107872223061998
12.05 -0.120845373292879
12.06 -0.143566602744073
12.07 -0.158860557691258
12.08 -0.185555333726543
12.09 -0.210924037902543
12.1 -0.241267127095467
12.11 -0.271301142026184
12.12 -0.295667048297966
12.13 -0.314124352997119
12.14 -0.330530018432277
12.15 -0.340114450607659
12.16 -0.347078769453076
12.17 -0.353828402407185
12.18 -0.348606599492953
12.19 -0.332498236027876
12.2 -0.321404307614817
12.21 -0.30308997894836
12.22 -0.290060223718329
12.23 -0.274757667032422
12.24 -0.217590182813074
12.25 -0.17849976913821
12.26 -0.177389989698356
12.27 -0.147545984523409
12.28 -0.112967508376555
12.29 -0.086355199032185
12.3 -0.063749581619013
12.31 -0.038953871126065
12.32 0.00396206286551
12.33 0.034256639495803
12.34 0.034585649409847
12.35 0.03144180571925
12.36 0.039375380628776
12.37 0.040416951900055
12.38 0.045473504700224
12.39 0.056618057036781
12.4 0.070482042674821
12.41 0.084244968382296
12.42 0.097540188170391
12.43 0.104353704422937
12.44 0.107970062219395
12.45 0.107218094423854
12.46 0.106675022671042
12.47 0.106762009765545
12.48 0.10646319340166
12.49 0.104667864171304
12.5 0.096391078213086
12.51 0.049512516650712
12.52 0.018294712837013
12.53 0.037099231925637
12.54 0.033855313797102
12.55 0.04326215990653
12.56 0.041664828547505
12.57 0.047972360791193
12.58 0.046739784113037
12.59 0.030079265431984
12.6 0.030492205502117
12.61 0.044140670201518
12.62 0.039698874596632
12.63 0.050303570912726
12.64 0.078004450912405
12.65 0.109724305816808
12.66 0.113971681122133
12.67 0.094328335309717
12.68 0.052072551956434
12.69 0.034008024705221
12.7 0.018287386431291
12.71 0.023580565362006
12.72 0.035788858867064
12.73 0.04025785447225
12.74 0.028207165535015
12.75 -0.002390933409731
12.76 -0.041444679749744
12.77 -0.067288492149265
12.78 -0.081098907554922
12.79 -0.100817239560709
12.8 -0.114050532718104
12.81 -0.12234453776275
12.82 -0.124957533480493
12.83 -0.126839125894983
12.84 -0.12806619392605
12.85 -0.128100961905979
12.86 -0.125297401568431
12.87 -0.129517334344473
12.88 -0.136333910280912
12.89 -0.133155194530352
12.9 -0.119159856495649
12.91 -0.091804690655864
12.92 -0.081453789655654
12.93 -0.059283044500876
12.94 -0.040110174671658
12.95 -0.031444931536391
12.96 -0.032501393005826
12.97 -0.017300077529849
12.98 0.007127948172097
12.99 0.033315294712794
13.0 0.048837884687134
13.01 0.065583705454785
13.02 0.075958869583167
13.03 0.072348488717062
13.04 0.069944220288637
13.05 0.072908817505044
13.06 0.082307375081376
13.07 0.084485513719337
13.08 0.081681531748568
13.09 0.068864262810573
13.1 0.055948279812878
13.11 0.066597205069006
13.12 0.067099792298699
13.13 0.069323432274723
13.14 0.080280672625651
13.15 0.062808282690465
13.16 0.02933703387051
13.17 0.008040210119016
13.18 -0.001478813470638
13.19 -0.0017448904155
13.2 -0.004979626364569
13.21 -0.01523107825248
13.22 -0.024317891810765
13.23 -0.048039193955222
13.24 -0.067781994837798
13.25 -0.080286694476022
13.26 -0.090552245304674
13.27 -0.099025208566591
13.28 -0.109610070352472
13.29 -0.118742763910022
13.3 -0.12472943454486
13.31 -0.125934593817762
13.32 -0.126628335587838
13.33 -0.12412967158203
13.34 -0.117434307470259
13.35 -0.102010376863747
13.36 -0.089935235778265
13.37 -0.080286853202344
13.38 -0.079198514391032
13.39 -0.071820768207061
13.4 -0.057497808806955
13.41 -0.028368505510214
13.42 0.004034274532106
13.43 0.027063369134629
13.44 0.045924755328084
13.45 0.058278371074046
13.46 0.062753808948746
13.47 0.066100143439822
13.48 0.074360515041432
13.49 0.088033353318751
13.5 0.099377096664816
13.51 0.102795373066716
13.52 0.105533902682023
13.53 0.106982260190869
13.54 0.098372359411635
13.55 0.085906311744244
13.56 0.069224923841941
13.57 0.047660735225811
13.58 0.031666409007919
13.59 0.006753655185354
13.6 -0.010849167094022
13.61 -0.02192959591115
13.62 -0.037557901304421
13.63 -0.048423221713285
13.64 -0.061191164276527
13.65 -0.077653094284861
13.66 -0.09565485294884
13.67 -0.109644779604059
13.68 -0.121747141183602
13.69 -0.127498716816529
13.7 -0.131051069241125
13.71 -0.133971232026239
13.72 -0.133901990074395
13.73 -0.130698493218835
13.74 -0.120940329578927
13.75 -0.103117422554901
13.76 -0.086261604912552
13.77 -0.072735664807821
13.78 -0.063619839320567
13.79 -0.046663024709636
13.8 -0.02955318422119
13.81 -0.010945809213802
13.82 0.009295880336352
13.83 0.028309965732608
13.84 0.043081780258505
13.85 0.053261011945915
13.86 0.062843384958077
13.87 0.07743289895293
13.88 0.090989788670705
13.89 0.09941296538213
13.9 0.105634790630996
13.91 0.110327164083578
13.92 0.115071910530068
13.93 0.119678508745636
13.94 0.124560922588202
13.95 0.125116799615412
13.96 0.119255531824907
13.97 0.114038332389055
13.98 0.117361164280154
13.99 0.116499888005798
14.0 0.121930938671418
14.01 0.102336454849357
14.02 0.069130232050147
14.03 0.077979761114307
14.04 0.044361789434544
14.05 0.042980150100531
14.06 0.03366734829276
14.07 0.030227180049867
14.08 0.018272742017564
14.09 -0.002208938513499
14.1 -0.016285456139971
14.11 -0.011661714071382
14.12 -0.026120308930049
14.13 -0.035534488589634
14.14 -0.03823816983114
14.15 -0.040064516787185
14.16 -0.028626268006037
14.17 -0.019555044735828
14.18 -0.016941874808009
14.19 -0.011404482599637
14.2 -0.005590458128734
14.21 -0.002484813037793
14.22 0.00277100912806
14.23 0.008261194440631
14.24 0.016876778298886
14.25 0.028514769279926
14.26 0.04292355482628
14.27 0.053145389822102
14.28 0.053501638780809
14.29 0.045002362844499
14.3 0.034018536660445
14.31 0.01437610430261
14.32 -0.007641690076432
14.33 -0.010622187064476
14.34 -0.005706469639857
14.35 -0.00747183958903
14.36 -0.013036851000773
14.37 -0.021870179047703
14.38 -0.032265275655887
14.39 -0.044981261252298
14.4 -0.055446038096958
14.41 -0.053024915463054
14.42 -0.046830349193707
14.43 -0.051953877288731
14.44 -0.052284918650425
14.45 -0.059134602440596
14.46 -0.068713346304554
14.47 -0.077142964193497
14.48 -0.081684629585732
14.49 -0.080621051021933
14.5 -0.102643690377229
14.51 -0.098806753275372
14.52 -0.108385299543745
14.53 -0.112956390681417
14.54 -0.124835768826836
14.55 -0.130768209404791
14.56 -0.134512776220583
14.57 -0.135672158593913
14.58 -0.141131304280883
14.59 -0.138752233815848
14.6 -0.128890185505397
14.61 -0.130323572825244
14.62 -0.126838149869116
14.63 -0.130569604123272
14.64 -0.121748989733419
14.65 -0.108291739617542
14.66 -0.093959089543092
14.67 -0.086965202191814
14.68 -0.074876635875277
14.69 -0.069755086928125
14.7 -0.060430858715646
14.71 -0.045048925208318
14.72 -0.025635324074733
14.73 -0.004165461206675
14.74 0.007875697965859
14.75 0.013837703940106
14.76 0.02193066079246
14.77 0.034481079789811
14.78 0.051367415879032
14.79 0.069610276288125
14.8 0.086779605139087
14.81 0.103604689037761
14.82 0.114540771088265
14.83 0.120947858570419
14.84 0.125625268567564
14.85 0.131801378897742
14.86 0.136537695178137
14.87 0.138906869081338
14.88 0.135485946382283
14.89 0.138041352468
14.9 0.13950293196423
14.91 0.133749758761971
14.92 0.122720352009528
14.93 0.112393114198428
14.94 0.089124350781721
14.95 0.086547086771767
14.96 0.080601030151978
14.97 0.078547543049198
14.98 0.070718289105264
14.99 0.055119809982198
15.0 0.040013503870061
15.01 0.025901440578005
15.02 0.009207770201688
15.03 0.00703839140008
15.04 0.005213673773009
15.05 -0.003899922783289
15.06 -0.009498980371232
15.07 -0.018858746980328
15.08 -0.01631895692779
15.09 -0.013126476116803
15.1 -0.014931216407653
15.11 -0.018663757395568
15.12 -0.022016908340018
15.13 -0.029036778675201
15.14 -0.03063329824158
15.15 -0.037453167402895
15.16 -0.047241000341488
15.17 -0.050298426362086
15.18 -0.050728089597144
15.19 -0.048609618096595
15.2 -0.046934504469858
15.21 -0.043395631896528
15.22 -0.041478736503284
15.23 -0.030573149838477
15.24 0.000101398746623
15.25 -0.005418718569319
15.26 -0.002493661560139
15.27 -0.001131975445736
15.28 0.001857360725443
15.29 0.006355322256333
15.3 0.014677514984119
15.31 0.032228992376479
15.32 0.047165061320689
15.33 0.037225467085857
15.34 0.032520783044186
15.35 0.032926808942252
15.36 0.029450352105825
15.37 0.02676167029856
15.38 0.018240578536963
15.39 0.024936458411157
15.4 0.02896249550396
15.41 0.030949287488838
15.42 0.030902938293559
15.43 0.030581632583651
15.44 0.026527771160696
15.45 0.011479994668222
15.46 -0.001071551247769
15.47 -0.009491480426664
15.48 -0.012370131671254
15.49 -0.008165305222674
15.5 -0.000850760945825
15.51 0.00598862027496
15.52 0.008934307539942
15.53 0.019589671293474
15.54 0.030147255880819
15.55 0.036153970283431
15.56 0.053062178677286
15.57 0.065891626929653
15.58 0.059807351081626
15.59 0.07418554289314
15.6 0.11316799854425
15.61 0.136282837979787
15.62 0.149147182193069
15.63 0.162928683013562
15.64 0.170880746533196
15.65 0.173786408479273
15.66 0.161024138423599
15.67 0.155426748738777
15.68 0.162019423441423
15.69 0.152978250370714
15.7 0.123443902194365
15.71 0.069562793009437
15.72 0.038423475604055
15.73 0.050051921599724
15.74 0.015885888644183
15.75 0.009264068775137
15.76 -0.017905256095319
15.77 -0.031811212983801
15.78 -0.075191779806703
15.79 -0.106859004694375
15.8 -0.127685610588546
15.81 -0.115914189584604
15.82 -0.12125400535196
15.83 -0.123834373383338
15.84 -0.116374867294824
15.85 -0.12016978916439
15.86 -0.116822311303535
15.87 -0.122772249463655
15.88 -0.11837087250374
15.89 -0.114862351321399
15.9 -0.1173441780376
15.91 -0.124699679680936
15.92 -0.126939167567488
15.93 -0.130925798680654
15.94 -0.118719822526077
15.95 -0.128350649260477
15.96 -0.139089112501542
15.97 -0.100961630097195
15.98 -0.015207667067175
15.99 -0.039670799665035
16.0 -0.018829285086253
16.01 -0.020695238238381
16.02 0.002494137012036
16.03 0.00030503053721
16.04 0.016673879825073
16.05 0.061162722403256
16.06 0.114872273109924
16.07 0.102040631522077
16.08 0.090664956809944
16.09 0.097193243589616
16.1 0.07612802021895
16.11 0.071670219610627
16.12 0.045888514930194
16.13 0.042982036256611
16.14 0.030897952590613
16.15 0.03232560305278
16.16 0.026172431899712
16.17 0.034908102818025
16.18 0.031680363965287
16.19 0.029222084795646
16.2 0.017851028037763
16.21 0.00948048603519
16.22 0.000774974047414
16.23 -0.004772084284558
16.24 -0.011189909772566
16.25 0.014904284913644
16.26 0.032466542544549
16.27 0.038611601971457
16.28 0.053712104897677
16.29 0.055311901405514
16.3 0.055793293355004
16.31 0.051610042171466
16.32 0.056908258429603
16.33 0.070114157579252
16.34 0.069704433346191
16.35 0.067774229950415
16.36 0.091293981088108
16.37 0.089120016078433
16.38 0.092414532288642
16.39 0.100538413797474
16.4 0.100135839154984
16.41 0.114824289937024
16.42 0.09826105181784
16.43 0.097165680936823
16.44 0.078515549067661
16.45 0.024688990741249
16.46 0.013069713113892
16.47 0.02109034051687
16.48 0.015227369148431
16.49 0.023507403241787
16.5 0.003274625887692
16.51 -0.00985449141955
16.52 -0.039358202165241
16.53 -0.069977581416902
16.54 -0.06820595344051
16.55 -0.060959267383696
16.56 -0.063863956293211
16.57 -0.06048748724697
16.58 -0.066561680153832
16.59 -0.06661811835153
16.6 -0.066149895902661
16.61 -0.070294766210586
16.62 -0.077164840189001
16.63 -0.079176276301503
16.64 -0.081252504524593
16.65 -0.080357306502475
16.66 -0.082407690752363
16.67 -0.089504693301279
16.68 -0.092727609036272
16.69 -0.10050399492927
16.7 -0.107430283484103
16.71 -0.107484831827781
16.72 -0.09993565780739
16.73 -0.08901405428383
16.74 -0.064627531506243
16.75 -0.046563111798025
16.76 -0.046631667890829
16.77 -0.034093863211873
16.78 -0.029224850542356
16.79 -0.016533533607626
16.8 -0.003254270119365
16.81 0.019195328502417
16.82 0.043435714317804
16.83 0.058779900574063
16.84 0.057700900393243
16.85 0.061747425573918
16.86 0.060030042998245
16.87 0.056280516384017
16.88 0.046278801944256
16.89 0.032296687060981
16.9 0.025028296740037
16.91 0.011288450012992
16.92 0.004507919666877
16.93 -0.001228905081414
16.94 0.000986294301828
16.95 0.005659152317018
16.96 0.011438520072743
16.97 0.009248745980899
16.98 0.004709839209213
16.99 -0.005018175105202
17.0 -0.014518111629354
17.01 -0.011048695868647
17.02 -0.003529623617393
17.03 -0.006970841033973
17.04 -0.003922647925132
17.05 0.001691332443136
17.06 0.000251360544199
17.07 0.004086515441921
17.08 0.016474195104539
17.09 0.034850002968951
17.1 0.038020916335599
17.11 0.034542542079329
17.12 0.03271298983495
17.13 0.032334915332876
17.14 0.028596112814861
17.15 0.045431858396583
17.16 0.055920635642234
17.17 0.060536395224306
17.18 0.067516528197784
17.19 0.055689099449826
17.2 0.02987424916657
17.21 0.0055868283937
17.22 -0.000530040740891
17.23 -0.007283558315295
17.24 -0.005191475625165
17.25 -0.013588137750214
17.26 -0.016847444995785
17.27 -0.032808707228153
17.28 -0.054846181887969
17.29 -0.074872931840253
17.3 -0.08787902233155
17.31 -0.102353747973063
17.32 -0.112266246881848
17.33 -0.117869504833968
17.34 -0.121936662050364
17.35 -0.120427413739683
17.36 -0.117384841865873
17.37 -0.11465827232488
17.38 -0.130092744815175
17.39 -0.136714434314575
17.4 -0.143071231472146
17.41 -0.14870003294063
17.42 -0.147569885760014
17.43 -0.137184979431358
17.44 -0.124159560703798
17.45 -0.08318670488453
17.46 -0.038293969210287
17.47 -0.036819682701859
17.48 -0.013919810970116
17.49 -0.011143086152751
17.5 0.006726270368539
17.51 0.020310837446438
17.52 0.046805028124046
17.53 0.088346067749637
17.54 0.12205618179247
17.55 0.132943007286714
17.56 0.143967401635743
17.57 0.157326418864517
17.58 0.158202480842712
17.59 0.164226154675411
17.6 0.163833150557714
17.61 0.164999288339642
17.62 0.160329462414171
17.63 0.150569710744575
17.64 0.153407754004473
17.65 0.132636865147089
17.66 0.103565435100159
17.67 0.088734438043222
17.68 0.077362334301391
17.69 0.064622250791252
17.7 0.04878111823276
17.71 0.026736953047128
17.72 0.00268489538856
17.73 -0.017039973488164
17.74 -0.027169411008128
17.75 -0.028172298246805
17.76 -0.030200291581865
17.77 -0.035141501519486
17.78 -0.042621675306272
17.79 -0.060120928939465
17.8 -0.068886666648367
17.81 -0.072693287661485
17.82 -0.073703093604751
17.83 -0.074247486069204
17.84 -0.089157503390458
17.85 -0.090762259410554
17.86 -0.095771185963851
17.87 -0.096662124589692
17.88 -0.095975789874409
17.89 -0.094218610468768
17.9 -0.074016027451869
17.91 0.006112797445675
17.92 0.009083106293845
17.93 0.007315175272072
17.94 0.020209543976332
17.95 0.026438921975297
17.96 0.040803387324914
17.97 0.060151350619372
17.98 0.097220442402631
17.99 0.142845817077948
18.0 0.149865108660942
18.01 0.131094493806787
18.02 0.136804484888031
18.03 0.114362770092968
18.04 0.103057133790314
18.05 0.097232759413632
18.06 0.079395700453986
18.07 0.067100828128547
18.08 0.059084724619912
18.09 0.046185397305544
18.1 0.035006549957181
18.11 0.030079703473942
18.12 0.021596909699875
18.13 0.019338487818147
18.14 0.019353906281753
18.15 0.014910551076036
18.16 0.002595751592997
18.17 -0.01022469828422
18.18 0.010145389977686
18.19 0.023348728029546
18.2 0.030504432038217
18.21 0.04560910607545
18.22 0.033184504261712
18.23 0.02373012921751
18.24 -0.003018410063003
18.25 -0.006886425907707
18.26 -0.0041071212179
18.27 -0.002806726304281
18.28 -0.002744398934132
18.29 -0.010085543724951
18.3 -0.038764185939481
18.31 -0.041534781802252
18.32 -0.059478500128741
18.33 -0.073157453936923
18.34 -0.078350864998033
18.35 -0.079810773787268
18.36 -0.074922712744068
18.37 -0.080602490275491
18.38 -0.085860951353367
18.39 -0.083972324996777
18.4 -0.075985482706783
18.41 -0.069124461411736
18.42 -0.049542287105241
18.43 -0.025608872271177
18.44 -0.02418206679201
18.45 -0.010887206501781
18.46 -0.007341182536016
18.47 -0.001259682729111
18.48 0.004840621380399
18.49 0.01315815596451
18.5 0.025208073228249
18.51 0.026665726176948
18.52 0.017111683037499
18.53 0.012857884574223
18.54 0.006809852160447
18.55 0.003253629913148
18.56 -0.003893242106773
18.57 -0.014628689724851
18.58 -0.013372901076605
18.59 -0.012242868640924
18.6 -0.01034201040876
18.61 -0.00628112194455
18.62 -0.004788566950419
18.63 -0.004327566315067
18.64 -0.012399268637829
18.65 -0.023167769178866
18.66 -0.029419992201888
18.67 -0.030878939936668
18.68 -0.02847143538779
18.69 -0.029377618597511
18.7 -0.028392158829183
18.71 -0.029738309060469
18.72 -0.037425299006042
18.73 -0.045002116969741
18.74 -0.046747381035133
18.75 -0.044770529782264
18.76 -0.041827524740928
18.77 -0.040640482495862
18.78 -0.041409090128414
18.79 -0.040818332258255
18.8 -0.039326442983272
18.81 -0.035987829482841
18.82 -0.032575707556564
18.83 -0.023756878447045
18.84 -0.016827717772644
18.85 -0.007987605978399
18.86 -0.001301286797004
18.87 0.006430815415397
18.88 0.013335509508002
18.89 0.022747475347161
18.9 0.029485519095296
18.91 0.035261164721296
18.92 0.040760501102725
18.93 0.045449878945766
18.94 0.054646425437487
18.95 0.067996936935048
18.96 0.071709445495456
18.97 0.083995188860251
18.98 0.081347605578932
18.99 0.073285124824083
19.0 0.066492109274134
19.01 0.058914671511614
19.02 0.038856961718997
19.03 0.008124168632887
19.04 -0.003746626124631
19.05 -0.007680176010947
19.06 -0.01896075417556
19.07 -0.028576999527364
19.08 -0.043669501335847
19.09 -0.063467970260406
19.1 -0.090695632528711
19.11 -0.113146358403219
19.12 -0.120788752081035
19.13 -0.118103034043832
19.14 -0.114236144054965
19.15 -0.111300779510947
19.16 -0.116811273138151
19.17 -0.112420972862418
19.18 -0.108704894647784
19.19 -0.103636937880318
19.2 -0.09179901752649
19.21 -0.077550783343955
19.22 -0.059240301818363
19.23 -0.035813420513915
19.24 -0.016340836699696
19.25 -0.003101793128283
19.26 0.002648342461969
19.27 0.016006165905562
19.28 0.034068914138139
19.29 0.049365142722933
19.3 0.059641275527975
19.31 0.069184775619328
19.32 0.077774479692594
19.33 0.08121440073784
19.34 0.081665155935862
19.35 0.085619789640293
19.36 0.093967366451559
19.37 0.09702305087405
19.38 0.100447586771434
19.39 0.102403022921521
19.4 0.104508281512679
19.41 0.109637293953196
19.42 0.113614702183505
19.43 0.112780905344272
19.44 0.109519495207542
19.45 0.105380508263285
19.46 0.096431041781133
19.47 0.059634502226862
19.48 0.051790609624637
19.49 0.047565238947467
19.5 0.045569860774721
19.51 0.0424479218935
19.52 0.037542508779495
19.53 0.024733855316526
19.54 0.00426418641511
19.55 -0.019829849247412
19.56 -0.022478236275402
19.57 -0.01631697169909
19.58 -0.017092018567462
19.59 -0.011878165947055
19.6 -0.011545225865898
19.61 -0.003435594375989
19.62 0.006032215008114
19.63 0.016406443364949
19.64 0.024924369125714
19.65 0.036530457722418
19.66 0.045221344115878
19.67 0.054825392271536
19.68 0.063046348704285
19.69 0.073465869943414
19.7 0.084052979686037
19.71 0.094295159372869
19.72 0.094070330938991
19.73 0.080552751432852
19.74 0.051170691107234
19.75 0.005283835939817
19.76 -0.011772550024895
19.77 -0.012647608646784
19.78 -0.019506205653511
19.79 -0.014935856771442
19.8 -0.019912995979926
19.81 -0.034102660184058
19.82 -0.066533985493601
19.83 -0.103132200501964
19.84 -0.122726078729472
19.85 -0.114250363445964
19.86 -0.106535487729909
19.87 -0.094640388387665
19.88 -0.067914813326518
19.89 -0.048939928579605
19.9 -0.04110166083264
19.91 -0.049245766044175
19.92 -0.054482155769159
19.93 -0.049221942267179
19.94 -0.045885856015316
19.95 -0.049035766977057
19.96 -0.04556193551335
19.97 -0.047951908202114
19.98 -0.047716545728187
19.99 -0.043333855410169
20.0 -0.026412269704793
20.01 -0.011022693180279
20.02 -0.033902505121801
20.03 -0.046755651085547
20.04 -0.053196881803107
20.05 -0.055331894694281
20.06 -0.038399345932795
20.07 -0.020366434841764
20.08 0.002188629079484
20.09 0.01147243582087
20.1 0.007552947886364
20.11 0.005650137800091
20.12 0.00978651608139
20.13 0.012852549173252
20.14 0.021944574092786
20.15 0.024515861422905
20.16 0.030216151731685
20.17 0.036926198681582
20.18 0.042948728990824
20.19 0.041131544876961
20.2 0.038846962084721
20.21 0.037143765610502
20.22 0.037073862792803
20.23 0.033652405334163
20.24 0.017259433020641
20.25 -0.008832991498753
20.26 -0.008026449059135
20.27 6.1166833774e-05
20.28 -0.002531714131888
20.29 -0.006205964606132
20.3 -0.012965458231738
20.31 -0.024522154166023
20.32 -0.044442368252104
20.33 -0.055271971458378
20.34 -0.043803510255698
20.35 -0.029088152669166
20.36 -0.02892577182245
20.37 -0.026695247750989
20.38 -0.02524668559087
20.39 -0.023329048594083
20.4 -0.025301875287775
20.41 -0.027108113014264
20.42 -0.024730938868449
20.43 -0.019559786782291
20.44 -0.015948445991599
20.45 -0.011686972616479
20.46 -0.006859182661644
20.47 -0.002041052708063
20.48 0.001491675185813
20.49 -0.003709873096177
20.5 -0.020589085583611
20.51 -0.032240729348315
20.52 -0.036903672724972
20.53 -0.041972368990865
20.54 -0.036118650412567
20.55 -0.027096712515077
20.56 -0.019429495845604
20.57 -0.022100442247587
20.58 -0.029010115202078
20.59 -0.027494160001489
20.6 -0.017378592464407
20.61 -0.01827292701025
20.62 -0.007793909881932
20.63 -0.002009953134084
20.64 0.006840799636359
20.65 0.012458315874106
20.66 0.01594863592404
20.67 0.020781061297136
20.68 0.024328394837641
20.69 0.02195266392088
20.7 0.022476701518504
20.71 0.023068029400772
20.72 0.025294090685157
20.73 0.027621320065527
20.74 0.027464948720021
20.75 0.026644453079313
20.76 0.023819717430942
20.77 0.017497845407236
20.78 0.012621282369199
20.79 0.009719124152149
20.8 0.005174420922711
20.81 0.002403634414341
20.82 -0.003808911953517
20.83 -0.007288271090262
20.84 -0.008123249183939
20.85 -0.008438750631047
20.86 -0.006896683944727
20.87 -0.003431139665531
20.88 0.002371960651678
20.89 0.007984680944292
20.9 0.008063851780571
20.91 0.010266938809262
20.92 0.013210990610801
20.93 0.014840649833748
20.94 0.015855200752339
20.95 0.01601026268669
20.96 0.015256921750985
20.97 0.012909274397263
20.98 0.007046711906484
20.99 0.001011477507432
21.0 -0.005678514030704
21.01 -0.011045028098737
21.02 -0.011621139568209
21.03 -0.020713783548672
21.04 -0.023423819723418
21.05 -0.025806590918315
21.06 -0.022292106340377
21.07 -0.023430789827281
21.08 -0.026512582528553
21.09 -0.030802391835532
21.1 -0.034428539244586
21.11 -0.03597469291388
21.12 -0.031813939843065
21.13 -0.025522273621743
21.14 -0.017776234643052
21.15 -0.015075953523291
21.16 -0.018373471728678
21.17 -0.016194604691363
21.18 -0.014672813118249
21.19 -0.011456337522066
21.2 -0.001357604840743
21.21 0.004484419313386
21.22 0.008045424946758
21.23 0.007112140135956
21.24 0.005887234235581
21.25 0.008650771706055
21.26 0.014003519094444
21.27 0.020129407069148
21.28 0.027686767285108
21.29 0.031809620113106
21.3 0.034048392484342
21.31 0.037969429757137
21.32 0.043381613992403
21.33 0.049613371794412
21.34 0.055660814796847
21.35 0.056017843969939
21.36 0.048612297997866
21.37 0.053326150832427
21.38 0.061747865360961
21.39 0.067794733048214
21.4 0.06970739035842
21.41 0.067998708282402
21.42 0.065870491158964
21.43 0.042691024072524
21.44 0.004992601073798
21.45 0.007869289089013
21.46 0.002208194698313
21.47 -0.002192265897453
21.48 -0.010898910890042
21.49 -0.016827034660627
21.5 -0.027347599209533
21.51 -0.046080836633176
21.52 -0.061615422792827
21.53 -0.054889292256481
21.54 -0.048097702550076
21.55 -0.037035447496088
21.56 -0.016923546982362
21.57 -0.009084806572941
21.58 0.006258909239488
21.59 0.013068683338356
21.6 0.020158943690295
21.61 0.0240647923357
21.62 0.029860117476066
21.63 0.032848074145215
21.64 0.044473490111074
21.65 0.054764605316099
21.66 0.063044180556835
21.67 0.072477096493929
21.68 0.073241837304575
21.69 0.066567660717298
21.7 0.055053947827654
21.71 0.048015400668677
21.72 0.045789905679817
21.73 0.047257146526687
21.74 0.05203809163857
21.75 0.056010317236204
21.76 0.052615408851945
21.77 0.044169427304728
21.78 0.029339440872923
21.79 0.011215070980157
21.8 -0.0027127460918
21.81 -0.014303550184076
21.82 -0.021138015391621
21.83 -0.022905889224737
21.84 -0.027116376518217
21.85 -0.03517031335248
21.86 -0.043577997075982
21.87 -0.05331363054363
21.88 -0.061263196998374
21.89 -0.06619709752942
21.9 -0.06958912341234
21.91 -0.068164063107247
21.92 -0.066375189414188
21.93 -0.058689159105143
21.94 -0.051027078156653
21.95 -0.050925925449128
21.96 -0.044202132086227
21.97 -0.040300547393723
21.98 -0.03688576926286
21.99 -0.034705033867676
22.0 -0.030736974720662
22.01 -0.022814144466243
22.02 -0.011067813021283
22.03 0.003402745588308
22.04 0.016205694967113
22.05 0.021786874126972
22.06 0.021561166410483
22.07 0.023498346510356
22.08 0.025984158502637
22.09 0.028851798532497
22.1 0.0349744867181
22.11 0.039056878960763
22.12 0.038945354500643
22.13 0.04008865691086
22.14 0.031738311186577
22.15 0.024349221110162
22.16 0.012746677399308
22.17 0.001288874672221
22.18 -0.004284829005677
22.19 -0.010654668290485
22.2 -0.015989491212763
22.21 -0.021485255079034
22.22 -0.028552579935184
22.23 -0.037159726479693
22.24 -0.04490198773007
22.25 -0.051847057853517
22.26 -0.054853207143287
22.27 -0.057005549377752
22.28 -0.054993398171839
22.29 -0.050691734478738
22.3 -0.056264280382271
22.31 -0.058663383463598
22.32 -0.063152023574034
22.33 -0.066534165847411
22.34 -0.06725426522219
22.35 -0.063217143548328
22.36 -0.062097277889883
22.37 -0.059462240797855
22.38 -0.051333903915886
22.39 -0.031488457245535
22.4 -0.024472993767103
22.41 -0.01872263148031
22.42 -0.014184707415977
22.43 -0.010743628793919
22.44 -0.010749214639404
22.45 -0.00613032287583
22.46 0.003049491670272
22.47 0.013514138315919
22.48 0.011144904954468
22.49 0.004697082847962
22.5 -0.001223332266295
22.51 -0.006828791301445
22.52 -0.007742005362963
22.53 -0.00968535952083
22.54 -0.010338544542523
22.55 -0.010066771165856
22.56 -0.010878840655812
22.57 -0.011256686536721
22.58 -0.008794416283328
22.59 -0.00492486451431
22.6 0.000267464407783
22.61 0.002391885139782
22.62 0.003716025150752
22.63 -0.002370658246431
22.64 -0.00409420206325
22.65 0.003455770773941
22.66 0.004035753631222
22.67 0.008452184994948
22.68 0.009167483587937
22.69 0.011605734315991
22.7 0.010008807300187
22.71 0.008542157241199
22.72 0.01366243880915
22.73 0.017228316585274
22.74 0.018135080454378
22.75 0.018317515165622
22.76 0.020932189693544
22.77 0.02701792435605
22.78 0.034365589071224
22.79 0.037388553416651
22.8 0.039811418670718
22.81 0.02550012665647
22.82 0.010242968187246
22.83 0.002973755193759
22.84 -0.00273941884783
22.85 0.004324229704488
22.86 0.00217788195211
22.87 0.006567187630129
22.88 0.000975880369391
22.89 -0.004083770096807
22.9 -0.005242092076025
22.91 0.001329758250418
22.92 -0.001479947657546
22.93 0.001788903250961
22.94 0.001608705468136
22.95 0.002249464419167
22.96 0.005840199038842
22.97 0.007285526176121
22.98 0.01266682562613
22.99 0.01462945780061
23.0 0.014440430918881
23.01 0.012803005907929
23.02 0.01505869975056
23.03 0.023196295831515
23.04 0.034302035129326
23.05 0.040333571062672
23.06 0.041528063338034
23.07 0.034655128788789
23.08 0.03956382785341
23.09 0.03939556990224
23.1 0.04565497350689
23.11 0.05631289937898
23.12 0.055820496720257
23.13 0.055879180168159
23.14 0.04896712972213
23.15 0.042682786408115
23.16 0.038796409449566
23.17 0.040230644992222
23.18 0.04159809876845
23.19 0.043551967015308
23.2 0.039810565763234
23.21 0.033989637593052
23.22 0.026148041792778
23.23 0.016830915306874
23.24 0.007517434358087
23.25 0.00452435607267
23.26 -0.004006750805901
23.27 -0.009320194367942
23.28 -0.014944490545867
23.29 -0.016498359489592
23.3 -0.017236458811189
23.31 -0.02150379959017
23.32 -0.025675601276339
23.33 -0.031441914815741
23.34 -0.039024204881401
23.35 -0.043911709228109
23.36 -0.044349318340625
23.37 -0.035160401451671
23.38 -0.023704898723408
23.39 -0.020774358260118
23.4 -0.014719965171905
23.41 -0.009879419085265
23.42 -0.008255595940171
23.43 -0.008231206198144
23.44 -0.006458738980341
23.45 -0.002935068276926
23.46 0.002537204310321
23.47 0.007837481943121
23.48 0.01038251546189
23.49 0.009988705175855
23.5 0.009353644897763
23.51 0.005531271221109
23.52 0.002122569441555
23.53 -0.00033732351197
23.54 0.000596549552635
23.55 0.003600962987718
23.56 0.004059639628089
23.57 0.003078981990392
23.58 0.004643513327128
23.59 0.00688729694235
23.6 0.005180629836701
23.61 0.003982831878659
23.62 0.001915566738188
23.63 -0.00206189874054
23.64 -0.003589113327052
23.65 -0.002295811755385
23.66 0.000196301079042
23.67 0.001032330344704
23.68 -0.002172561423244
23.69 -0.006860032967792
23.7 -0.009998932867753
23.71 -0.0119314751554
23.72 -0.009732699085723
23.73 -0.005135980406009
23.74 -0.000842508875151
23.75 0.003033034692055
23.76 0.001589668752868
23.77 -0.002936957337447
23.78 -0.007250109425639
23.79 -0.010568397205543
23.8 -0.013546183494573
23.81 -0.015512381283634
23.82 -0.015331531404747
23.83 -0.013385443837611
23.84 -0.010329550743805
23.85 -0.007612551455228
23.86 -0.004689902433462
23.87 -0.000495685272359
23.88 -0.000281875024178
23.89 0.002882107738276
23.9 0.00412466491545
23.91 0.005465987501256
23.92 0.009691612479844
23.93 0.010740898798007
23.94 0.008735439432986
23.95 -0.000207239031447
23.96 -0.007691889943283
23.97 -0.011337962624196
23.98 -0.012560609456647
23.99 -0.010747549902021
24.0 -0.010898289298293
24.01 -0.01041729043504
24.02 -0.011454005959165
24.03 -0.015114755773577
24.04 -0.01926619039263
24.05 -0.01989881306873
24.06 -0.016821767500605
24.07 -0.013058380857644
24.08 -0.01537613459009
24.09 -0.010620792064974
24.1 -0.007038132810529
24.11 -0.00607028406178
24.12 -0.007447916773449
24.13 -0.00919334129037
24.14 -0.010073169404451
24.15 -0.012271220182614
24.16 -0.013085008761057
24.17 -0.013643080620724
24.18 -0.011547221036849
24.19 -0.007307874889197
24.2 -0.009415513697152
24.21 -0.011487868779579
24.22 -0.011304870926131
24.23 -0.007944276418138
24.24 -0.008002275077544
24.25 -0.007948081099293
24.26 -0.00831867218884
24.27 -0.009418410555905
24.28 -0.015942417944975
24.29 -0.01712139319323
24.3 -0.014585574362978
24.31 -0.011700977384065
24.32 -0.011489625480591
24.33 -0.012240517527049
24.34 -0.013157099605234
24.35 -0.015854609913258
24.36 -0.019302929869495
24.37 -0.019332294097473
24.38 -0.016920554996822
24.39 -0.013240450002394
24.4 -0.011007426522451
24.41 -0.009209875037836
24.42 -0.007591389687678
24.43 -0.004429018839531
24.44 -0.001584995995708
24.45 0.000620521515901
24.46 0.005078764752904
24.47 0.008752591350268
24.48 0.009305406478058
24.49 0.00985980302981
24.5 0.011805580425952
24.51 0.013745305716987
24.52 0.013918005908999
24.53 0.013704421890371
24.54 0.015368761063317
24.55 0.016860885178344
24.56 0.017170631898515
24.57 0.015563788250456
24.58 0.012731370017886
24.59 0.013259867725608
24.6 0.014675323327802
24.61 0.013173511674476
24.62 0.013504450800331
24.63 0.01647556245355
24.64 0.017865517279057
24.65 0.019058539974382
24.66 0.0214840413761
24.67 0.021060257041065
24.68 0.01784971947961
24.69 0.012171998098659
24.7 0.00384314394504
24.71 -0.001886251903227
24.72 -0.007123465271794
24.73 -0.011837253458661
24.74 -0.015314041194031
24.75 -0.017952587220055
24.76 -0.023159627449552
24.77 -0.029864661549465
24.78 -0.03566280271831
24.79 -0.033907527977941
24.8 -0.03033923687263
24.81 -0.028087105163785
24.82 -0.021177350502329
24.83 -0.016737915281255
24.84 -0.012666286389834
24.85 -0.010927103856456
24.86 -0.006753805375889
24.87 -0.002323547777255
24.88 0.003461089500046
24.89 0.008740937687538
24.9 0.016049866072919
24.91 0.025644911662733
24.92 0.034449850632897
24.93 0.03891719780507
24.94 0.041308059703618
 
 
 
 
 
 
 
 
 
 
 
 
 
 
 
 
 
 
 
 
 
 
 
 
 
 
 
 
 
 
 
 
 
 
 
 
 
 
 
 
 
 
 
 
 
 
 
 
 
 
 
 
 
 
 
 
 
 
 
 
 
 
 
 
 
 
 
 
 
 
 
 
 
 
 
 
 
 
 
 
 
 
 
 
 
 
 
 
 
 
 
 
 
 
 
 
 
 
 
 
 
 
 
 
 
 
 
 
 
 
 
 
 
 
 
 
 
 
 
 
 
 
 
 
 
 
 
 
 
 
 
 
 
 
 
 
 
 
 
 
 
 
 
 
 
 
 
 
 
 
 
 
 
 
 
 
 
 
 
 
 
 
 
 
 
 
 
 
 
 
 
 
 
 
 
 
 
 
 
 
 
 
 
 
 
 
 
 
 
 
 
 
 
 
 
 
 
 
 
 
 
 
 
 
 
 
 
 
 
 
 
 
 
 
 
 
 
 
 
 
 
 
 
 
 
 
 
 
 
 
 
 
 
 
 
 
 
 
 
 
 
 
 
 
 
 
 
 
 
 
 
 
 
 
 
 
 
 
 
 
 
 
 
 
 
 
 
 
 
 
 
 
 
 
 
 
 
 
 
 
 
 
 
 
 
 
 
 
 
 
 
 
 
 
 
 
 
 
 
 
 
 
 
 
 
 
 
 
 
 
 
 
 
 
 
 
 
 
 
 
 
 
 
 
 
 
 
 
 
 
 
 
 
 
 
 
 
 
 
 
 
 
 
 
 
 
 
 
 
 
 
 
 
 
 
 
 
 
 
 
 
 
 
 
 
 
 
 
 
 
 
 
 
 
 
 
 
 
 
 
 
 
 
 
 
 
 
 
 
 
 
 
 
 
 
 
 
 
 
 
 
 
 
 
 
 
 
 
 
 
 
 
 
 
 
 
 
 
 
 
 
 
 
 
 
 
 
 
 
 
 
 
 
 
 
 
 
 
 
 
 
 
 
 
 
 
 
 
 
 
 
 
 
 
 
 
 
 
 
 
 
 
 
 
 
 
 
 
 
 
 
 
 
 
 
 
 
 
 
 
 
 
 
 
 
 
 
 
 
 
 
 
 
 
 
 
 
 
 
 
 
 
 
 
 
 
 
 
 
 
 
 
 
 
 
 
 
 
 
 
 
 
 
 
 
 
 
 
 
 
 
 
 
 
 
 
 
 
 
 
 
 
 
 
 
 
 
 
 
 
 
 
 
 
 
 
 
 
 
 
 
 
 
 
 
 
 
 
 
 
 
 
 
 
 
 
 
 
 
 
 
 
 
 
 
 
 
 
 
 
 
 
 
 
 
 
 
 
 
 
 
 
 
 
 
 
 
 
 
 
 
 
 
 
 
 
 
 
 
 
 
 
 
 
 
 
 
 
 
 
 
 
 
 
 
 
 
 
 
 
 
 
 
 
 
 
 
 
 
 
 
 
 
 
 
 
 
 
 
 
 
 
 
 
 
 
 
 
 
 
 
 
 
 
 
 
 
 
 
 
 
 
 
 
 
 
 
 
 
 
 
 
 
 
 
 
 
 
 
 
 
 
 
 
 
 
 
 
 
 
 
 
 
 
 
 
 
 
 
 
 
 
 
 
 
 
 
 
 
 
 
 
 
 
 
 
 
 
 
 
 
 
 
 
 
 
 
 
 
 
 
 
 
 
 
 
 
 
 
 
 
 
 
 
 
 
 
 
 
 
 
 
 
 
 
 
 
 
 
 
 
 
 
 
 
 
 
 
 
 
 
 
 
 
 
 
 
 
 
 
 
 
 
 
 
 
 
 
 
 
 
 
 
 
 
 
 
 
 
 
 
 
 
 
 
 
 
 
 
 
 
 
 
 
 
 
 
 
 
 
 
 
 
 
 
 
 
 
 
 
 
 
 
 
 
 
 
 
 
 
 
 
 
 
 
 
 
 
 
 
 
 
 
 
 
 
 
 
 
 
 
 
 
 
 
 
 
 
 
 
 
 
 
 
 
 
 
 
 
 
 
 
 
 
 
 
 
 
 
 
 
 
 
 
 
 
 
 
 
 
 
 
 
 
 
 
 
 
 
 
 
 
 
 
 
 
 
 
 
 
 
 
 
 
 
 
 
 
 
 
 
 
 
 
 
 
 
 
 
 
 
 
 
 
 
 
 
 
 
 
 
 
 
 
 
 
 
 
 
 
 
 
 
 
 
 
 
 
 
 
 
 
 
 
 
 
 
 
 
 
 
 
 
 
 
 
 
 
 
 
 
 
 
 
 
 
 
 
 
 
 
 
 
 
 
 
 
 
 
 
 
 
 
 
 
 
 
 
 
 
 
 
 
 
 
 
 
 
 
 
 
 
 
 
 
 
 
 
 
 
 
 
 
 
 
 
 
 
 
 
 
 
 
 
 
 
 
 
 
 
 
 
 
 
 
 
 
 
 
 
 
 
 
 
 
 
 
 
 
 
 
 
 
 
 
 
 
 
 
 
 
 
 
 
 
 
 
 
 
 
 
 
 
 
 
 
 
 
 
 
 
 
 
 
 
 
 
 
 
 
 
 
 
 
 
 
 
 
 
 
 
 
 
 
 
 
 
 
 
 
 
 
 
 
 
 
 
 
 
 
 
 
 
 
 
 
 
 
 
 
 
 
 
 
 
 
 
 
 
 
 
 
 
 
 
 
 
 
 
 
 
 
 
 
 
 
 
 
 
 
 
 
 
 
 
 
 
 
 
 
 
 
 
 
 
 
 
 
 
 
 
 
 
 
 
 
 
 
 
 
 
 
 
 
 
 
 
 
 
 
 
 
 
 
 
 
 
 
 
 
 
 
 
 
 
 
 
 
 
 
 
 
 
 
 
 
 
 
 
 
 
 
 
 
 
 
 
 
 
 
 
 
 
 
 
 
 
 
 
 
 
 
 
 
 
 
 
 
 
 
 
 
 
 
 
 
 
 
 
 
 
 
 
 
 
 
 
 
 
 
 
 
 
 
 
 
 
 
 
 
 
 
 
 
 
 
 
 
 
 
 
 
 
 
 
 
 
 
 
 
 
 
 
 
 
 
 
 
 
 
 
 
 
 
 
 
 
 
 
 
 
 
 
 
 
 
 
 
 
 
 
 
 
 
 
 
 
 
 
 
 
 
 
 
 
 
 
 
 
 
 
 
 
 
 
 
 
 
 
 
 
 
 
 
 
 
 
 
 
 
 
 
 
 
 
 
 
 
 
 
 
 
 
 
 
 
 
 
 
 
 
 
 
 
 
 
 
 
 
 
 
 
 
 
 
 
 
 
 
 
 
 
 
 
 
 
 
 
 
 
 
 
 
 
 
 
 
 
 
 
 
 
 
 
 
 
 
 
 
 
 
 
 
 
 
 
 
 
 
 
 
 
 
 
 
 
 
 
 
 
 
 
 
 
 
 
 
 
 
 
 
 
 
 
 
 
 
 
 
 
 
 
 
 
 
 
 
 
 
 
 
 
 
 
 
 
 
 
 
 
 
 
 
 
 
 
 
 
 
 
 
 
 
 
 
 
 
 
 
 
 
 
 
 
 
 
 
 
 
 
 
 
 
 
 
 
 
 
 
 
 
 
 
 
 
 
 
 
 
 
 
 
 
 
 
 
 
 
 
 
 
 
 
 
 
 
 
 
 
 
 
 
 
 
 
 
 
 
 
 
 
 
 
 
 
 
 
 
 
 
 
 
 
 
 
 
 
 
 
 
 
 
 
 
 
 
 
 
 
 
 
 
 
 
 
 
 
 
 
 
 
 
 
 
 
 
 
 
 
 
 
 
 
 
 
 
 
 
 
 
 
 
 
 
 
 
 
 
 
 
 
 
 
 
 
 
 
 
 
 
 
 
 
 
 
 
 
 
 
 
 
 
 
 
 
 
 
 
 
 
 
 
 
 
 
 
 
 
 
 
 
 
 
 
 
 
 
 
 
 
 
 
 
 
 
 
 
 
 
 
 
 
 
 
 
 
 
 
 
 
 
 
 
 
 
 
 
 
 
 
 
 
 
 
 
 
 
 
 
 
 
 
 
 
 
 
 
 
 
 
 
 
 
 
 
 
 
 
 
 
 
 
 
 
 
 
 
 
 
 
 
 
 
 
 
 
 
 
 
 
 
 
 
 
 
 
 
 
 
 
 
 
 
 
 
 
 
 
 
 
 
 
 
 
 
 
 
 
 
 
 
 
 
 
 
 
 
 
 
 
 
 
 
 
 
 
 
 
 
 
 
 
 
 
 
 
 
 
 
 
 
 
 
 
 
 
 
 
 
 
 
 
 
 
 
 
 
 
 
 
 
 
 
 
 
 
 
 
 
 
 
 
 
 
 
 
 
 
 
 
 
 
 
 
 
 
 
 
 
 
 
 
 
 
 
 
 
 
 
 
 
 
 
 
 
 
 
 
 
 
 
 
 
 
 
 
 
 
 
 
 
 
 
 
 
 
 
 
 
 
 
 
 
 
 
 
 
 
 
 
 
 
 
 
 
 
 
 
 
 
 
 
 
 
 
 
 
 
 
 
 
 
 
 
 
 
 
 
 
 
 
 
 
 
 
 
 
 
 
 
 
 
 
 
 
 
 
 
 
 
 
 
 
 
 
 
 
 
 
 
 
 
 
 
 
 
 
 
 
 
 
 
 
 
 
 
 
 
 
 
 
 
 
 
 
 
 
 
 
 
 
 
 
 
 
 
 
 
 
 
 
 
 
 
 
 
 
 
 
 
 
 
 
 
 
 
 
 
 
 
 
 
 
 
 
 
 
 
 
 
 
 
 
 
 
 
 
 
 
 
 
 
 
 
 
 
 
 
 
 
 
 
 
 
 
 
 
 
 
 
 
 
 
 
 
 
 
 
 
 
 
 
 
 
 
 
 
 
 
 
 
 
 
 
 
 
 
 
 
 
 
 
 
 
 
 
 
 
 
 
 
 
 
 
 
 
 
 
 
 
 
 
 
 
 
 
 
 
 
 
 
 
 
 
 
 
 
 
 
 
 
 
 
 
 
 
 
 
 
 
 
 
 
 
 
 
 
 
 
 
 
 
 
 
 
 
 
 
 
 
 
 
 
 
 
 
 
 
 
 
 
 
 
 
 
 
 
 
 
 
 
 
 
 
 
 
 
 
 
 
 
 
 
 
 
 
 
 
 
 
 
 
 
 
 
 
 
 
 
 
 
 
 
 
 
 
 
 
 
 
 
 
 
 
 
 
 
 
 
 
 
 
 
 
 
 
 
 
 
 
 
 
 
 
 
 
 
 
 
 
 
 
 
 
 
 
 
 
 
 
 
 
 
 
 
 
 
 
 
 
 
 
 
 
 
 
 
 
 
 
 
 
 
 
 
 
 
 
 
 
 
 
 
 
 
 
 
 
 
 
 
 
 
 
 
 
 
 
 
 
 
 
 
 
 
 
 
 
 
 
 
 
 
 
 
 
 
 
 
 
 
 
 
 
 
 
 
 
 
 
 
 
 
 
 
 
 
 
 
 
 
 
 
 
 
 
 
 
 
 
 
 
 
 
 
 
 
 
 
 
 
 
 
 
 
 
 
 
 
 
 
 
 
 
 
 
 
 
 
 
 
 
 
 
 
 
 
 
 
 
 
 
 
 
 
 
 
 
 
 
 
 
 
 
 
 
 
 
 
 
 
 
 
 
 
 
 
 
 
 
 
 
 
 
 
 
 
 
 
 
 
 
 
 
 
 
 
 
 
 
 
 
 
 
 
 
 
 
 
 
 
 
 
 
 
 
 
 
 
 
 
 
 
 
 
 
 
 
 
 
 
 
 
 
 
 
 
 
 
 
 
 
 
 
 
 
 
 
 
 
 
 
 
 
 
 
 
 
 
 
 
 
 
 
 
 
 
 
 
 
 
 
 
 
 
 
 
 
 
 
 
 
 
 
 
 
 
 
 
 
 
 
 
 
 
 
 
 
 
 
 
 
 
 
 
 
 
 
 
 
 
 
 
 
 
 
 
 
 
 
 
 
 
 
 
 
 
 
 
 
 
 
 
 
 
 
 
 
 
 
 
 
 
 
 
 
 
 
 
 
 
 
 
 
 
 
 
 
 
 
 
 
 
 
 
 
 
 
 
 
 
 
 
 
 
 
 
 
 
 
 
 
 
 
 
 
 
 
 
 
 
 
 
 
 
 
 
 
 
 
 
 
 
 
 
 
 
 
 
 
 
 
 
 
 
 
 
 
 
 
 
 
 
 
 
 
 
 
 
 
 
 
 
 
 
 
 
 
 
 
 
 
 
 
 
 
 
 
 
 
 
 
 
 
 
 
 
 
 
 
 
 
 
 
 
 
 
 
 
 
 
 
 
 
 
 
 
 
 
 
 
 
 
 
 
 
 
 
 
 
 
 
 
 
 
 
 
 
 
 
 
 
 
 
 
 
 
 
 
 
 
 
 
 
 
 
 
 
 
 
 
 
 
 
 
 
 
 
 
 
 
 
 
 
 
 
 
 
 
 
 
 
 
 
 
 
 
 
 
 
 
 
 
 
 
 
 
 
 
 
 
 
 
 
 
 
 
 
 
 
 
 
 
 
 
 
 
 
 
 
 
 
 
 
 
 
 
 
 
 
 
 
 
 
 
 
 
 
 
 
 
 
 
 
 
 
 
 
 
 
 
 
 
 
 
 
 
 
 
 
 
 
 
 
 
 
 
 
 
 
 
 
 
 
 
 
 
 
 
 
 
 
 
 
 
 
 
 
 
 
 
 
 
 
 
 
 
 
 
 
 
 
 
 
 
 
 
 
 
 
 
 
 
 
 
 
 
 
 
 
 
 
 
 
 
 
 
 
 
 
 
 
 
 
 
 
 
 
 
 
 
 
 
 
 
 
 
 
 
 
 
 
 
 
 
 
 
 
 
 
 
 
 
 
 
 
 
 
 
 
 
 
 
 
 
 
 
 
 
 
 
 
 
 
 
 
 
 
 
 
 
 
 
 
 
 
 
 
 
 
 
 
 
 
 
 
 
 
 
 
 
 
 
 
 
 
 
 
 
 
 
 
 
 
 
 
 
 
 
 
 
 
 
 
 
 
 
 
 
 
 
 
 
 
 
 
 
 
 
 
 
 
 
 
 
 
 
 
 
 
 
 
 
 
 
 
 
 
 
 
 
 
 
 
 
 
 
 
 
 
 
 
 
 
 
 
 
 
 
 
 
 
 
 
 
 
 
 
 
 
 
 
 
 
 
 
 
 
 
 
 
 
 
 
 
 
 
 
 
 
 
 
 
 
 
 
 
 
 
 
 
 
 
 
 
 
 
 
 
 
 
 
 
 
 
 
 
 
 
 
 
 
 
 
 
 
 
 
 
 
 
 
 
 
 
 
 
 
 
 
 
 
 
 
 
 
 
 
 
 
 
 
 
 
 
 
 
 
 
 
 
 
 
 
 
 
 
 
 
 
 
 
 
 
 
 
 
 
 
 
 
 
 
 
 
 
 
 
 
 
 
 
 
 
 
 
 
 
 
 
 
 
 
 
 
 
 
 
 
 
 
 
 
 
 
 
 
 
 
 
 
 
 
 
 
 
 
 
 
 
 
 
 
 
 
 
 
 
 
 
 
 
 
 
 
 
 
 
 
 
 
 
 
 
 
 
 
 
 
 
 
 
 
 
 
 
 
 
 
 
 
 
 
 
 
 
 
 
 
 
 
 
 
 
 
 
 
 
 
 
 
 
 
 
 
 
 
 
 
 
 
 
 
 
 
 
 
 
 
 
 
 
 
 
 
 
 
 
 
 
 
 
 
 
 
 
 
 
 
 
 
 
 
 
 
 
 
 
 
 
 
 
 
 
 
 
 
 
 
 
 
 
 
 
 
 
 
 
 
 
 
 
 
 
 
 
 
 
 
 
 
 
 
 
 
 
 
 
 
 
 
 
 
 
 
 
 
 
 
 
 
 
 
 
 
 
 
 
 
 
 
 
 
 
 
 
 
 
 
 
 
 
 
 
 
 
 
 
 
 
 
 
 
 
 
 
 
 
 
 
 
 
 
 
 
 
 
 
 
 
 
 
 
 
 
 
 
 
 
 
 
 
 
 
 
 
 
 
 
 
 
 
 
 
 
 
 
 
 
 
 
 
 
 
 
 
 
 
 
 
 
 
 
 
 
 
 
 
 
 
 
 
 
 
 
 
 
 
 
 
 
 
 
 
 
 
 
 
 
 
 
 
 
 
 
 
 
 
 
 
 
 
 
 
 
 
 
 
 
 
 
 
 
 
 
 
 
 
 
 
 
 
 
 
 
 
 
 
 
 
 
 
 
 
 
 
 
 
 
 
 
 
 
 
 
 
 
 
 
 
 
 
 
 
 
 
 
 
 
 
 
 
 
 
 
 
 
 
 
 
 
 
 
 
 
 
 
 
 
 
 
 
 
 
 
 
 
 
 
 
 
 
 
 
 
 
 
 
 
 
 
 
 
 
 
 
 
 
 
 
 
 
 
 
 
 
 
 
 
 
 
 
 
 
 
 
 
 
 
 
 
 
 
 
 
 
 
 
 
 
 
 
 
 
 
 
 
 
 
 
 
 
 
 
 
 
 
 
 
 
 
 
 
 
 
 
 
 
 
 
 
 
 
 
 
 
 
 
 
 
 
 
 
 
 
 
 
 
 
 
 
 
 
 
 
 
 
 
 
 
 
 
 
 
 
 
 
 
 
 
 
 
 
 
 
 
 
 
 
 
 
 
 
 
 
 
 
 
 
 
 
 
 
 
 
 
 
 
 
 
 
 
 
 
 
 
 
 
 
 
 
 
 
 
 
 
 
 
 
 
 
 
 
 
 
 
 
 
 
 
 
 
 
 
 
 
 
 
 
 
 
 
 
 
 
 
 
 
 
 
 
 
 
 
 
 
 
 
 
 
 
 
 
 
 
 
 
 
 
 
 
 
 
 
 
 
 
 
 
 
 
 
 
 
 
 
 
 
 
 
 
 
 
 
 
 
 
 
 
 
 
 
 
 
 
 
 
 
 
 
 
 
 
 
 
 
 
 
 
 
 
 
 
 
 
 
 
 
 
 
 
 
 
 
 
 
 
 
 
 
 
 
 
 
 
 
 
 
 
 
 
 
 
 
 
 
 
 
 
 
 
 
 
 
 
 
 
 
 
 
 
 
 
 
 
 
 
 
 
 
 
 
 
 
 
 
 
 
 
 
 
 
 
 
 
 
 
 
 
 
 
 
 
 
 
 
 
 
 
 
 
 
 
 
 
 
 
 
 
 
 
 
 
 
 
 
 
 
 
 
 
 
 
 
 
 
 
 
 
 
 
 
 
 
 
 
 
 
 
 
 
 
 
 
 
 
 
 
 
 
 
 
 
 
 
 
 
 
 
 
 
 
 
 
 
 
 
 
 
 
 
 
 
 
 
 
 
 
 
 
 
 
 
 
 
 
 
 
 
 
 
 
 
 
 
 
 
 
 
 
 
 
 
 
 
 
 
 
 
 
 
 
 
 
 
 
 
 
 
 
 
 
 
 
 
 
 
 
 
 
 
 
 
 
 
 
 
 
 
 
 
 
 
 
 
 
 
 
 
 
 
 
 
 
 
 
 
 
 
 
 
 
 
 
 
 
 
 
 
 
 
 
 
 
 
 
 
 
 
 
 
 
 
 
 
 
 
 
 
 
 
 
 
 
 
 
 
 
 
 
 
 
 
 
 
 
 
 
 
 
 
 
 
 
 
 
 
 
 
 
 
 
 
 
 
 
 
 
 
 
 
 
 
 
 
 
 
 
 
 
 
 
 
 
 
 
 
 
 
 
 
 
 
 
 
 
 
 
 
 
 
 
 
 
 
 
 
 
 
 
 
 
 
 
 
 
 
 
 
 
 
 
 
 
 
 
 
 
 
 
 
 
 
 
 
 
 
 
 
 
 
 
 
 
 
 
 
 
 
 
 
 
 
 
 
 
 
 
 
 
 
 
 
 
 
 
 
 
 
 
 
 
 
 
 
 
 
 
 
 
 
 
 
 
 
 
 
 
 
 
 
 
 
 
 
 
 
 
 
 
 
 
 
 
 
 
 
 
 
 
 
 
 
 
 
 
 
 
 
 
 
 
 
 
 
 
 
 
 
 
 
 
 
 
 
 
 
 
 
 
 
 
 
 
 
 
 
 
 
 
 
 
 
 
 
 
 
 
 
 
 
 
 
 
 
 
 
 
 
 
 
 
 
 
 
 
 
 
 
 
 
 
 
 
 
 
 
 
 
 
 
 
 
 
 
 
 
 
 
 
 
 
 
 
 
 
 
 
 
 
 
 
 
 
 
 
 
 
 
 
 
 
 
 
 
 
 
 
 
 
 
 
 
 
 
 
 
 
 
 
 
 
 
 
 
 
 
 
 
 
 
 
 
 
 
 
 
 
 
 
 
 
 
 
 
 
 
 
 
 
 
 
 
 
 
 
 
 
 
 
 
 
 
 
 
 
 
 
 
 
 
 
 
 
 
 
 
 
 
 
 
 
 
 
 
 
 
 
 
 
 
 
 
 
 
 
 
 
 
 
 
 
 
 
 
 
 
 
 
 
 
 
 
 
 
 
 
 
 
 
 
 
 
 
 
 
 
 
 
 
 
 
 
 
 
 
 
 
 
 
 
 
 
 
 
 
 
 
 
 
 
 
 
 
 
 
 
 
 
 
 
 
 
 
 
 
 
 
 
 
 
 
 
 
 
 
 
 
 
 
 
 
 
 
 
 
 
 
 
 
 
 
 
 
 
 
 
 
 
 
 
 
 
 
 
 
 
 
 
 
 
 
 
 
 
 
 
 
 
 
 
 
 
 
 
 
 
 
 
 
 
 
 
 
 
 
 
 
 
 
 
 
 
 
 
 
 
 
 
 
 
 
 
 
 
 
 
 
 
 
 
 
 
 
 
 
 
 
 
 
 
 
 
 
 
 
 
 
 
 
 
 
 
 
 
 
 
 
 
 
 
 
 
 
 
 
 
 
 
 
 
 
 
 
 
 
 
 
 
 
 
 
 
 
 
 
 
 
 
 
 
 
 
 
 
 
 
 
 
 
 
 
 
 
 
 
 
 
 
 
 
 
 
 
 
 
 
 
 
 
 
 
 
 
 
 
 
 
 
 
 
 
 
 
 
 
 
 
 
 
 
 
 
 
 
 
 
 
 
 
 
 
 
 
 
 
 
 
 
 
 
 
 
 
 
 
 
 
 
 
 
 
 
 
 
 
 
 
 
 
 
 
 
 
 
 
 
 
 
 
 
 
 
 
 
 
 
 
 
 
 
 
 
 
 
 
 
 
 
 
 
 
 
 
 
 
 
 
 
 
 
 
 
 
 
 
 
 
 
 
 
 
 
 
 
 
 
 
 
 
 
 
 
 
 
 
 
 
 
 
 
 
 
 
 
 
 
 
 
 
 
 
 
 
 
 
 
 
 
 
 
 
 
 
 
 
 
 
 
 
 
 
 
 
 
 
 
 
 
 
 
 
 
 
 
 
 
 
 
 
 
 
 
 
 
 
 
 
 
 
 
 
 
 
 
 
 
 
 
 
 
 
 
 
 
 
 
 
 
 
 
 
 
 
 
 
 
 
 
 
 
 
 
 
 
 
 
 
 
 
 
 
 
 
 
 
 
 
 
 
 
 
 
 
 
 
 
 
 
 
 
 
 
 
 
 
 
 
 
 
 
 
 
 
 
 
 
 
 
 
 
 
 
 
 
 
 
 
 
 
 
 
 
 
 
 
 
 
 
 
 
 
 
 
 
 
 
 
 
 
 
 
 
 
 
 
 
 
 
 
 
 
 
 
 
 
 
 
 
 
 
 
 
 
 
 
 
 
 
 
 
 
 
 
 
 
 
 
 
 
 
 
 
 
 
 
 
 
 
 
 
 
 
 
 
 
 
 
 
 
 
 
 
 
 
 
 
 
 
 
 
 
 
 
 
 
 
 
 
 
 
 
 
 
 
 
 
 
 
 
 
 
 
 
 
 
 
 
 
 
 
 
 
 
 
 
 
 
 
 
 
 
 
 
 
 
 
 
 
 
 
 
 
 
 
 
 
 
 
 
 
 
 
 
 
 
 
 
 
 
 
 
 
 
 
 
 
 
 
 
 
 
 
 
 
 
 
 
 
 
 
 
 
 
 
 
 
 
 
 
 
 
 
 
 
 
 
 
 
 
 
 
 
 
 
 
 
 
 
 
 
 
 
 
 
 
 
 
 
 
 
 
 
 
 
 
 
 
 
 
 
 
 
 
 
 
 
 
 
 
 
 
 
 
 
 
 
 
 
 
 
 
 
 
 
 
 
 
 
 
 
 
 
 
 
 
 
 
 
 
 
 
 
 
 
 
 
 
 
 
 
 
 
 
 
 
 
 
 
 
 
 
 
 
 
 
 
 
 
 
 
 
 
 
 
 
 
 
 
 
 
 
 
 
 
 
 
 
 
 
 
 
 
 
 
 
 
 
 
 
 
 
 
 
 
 
 
 
 
 
 
 
 
 
 
 
 
 
 
 
 
 
 
 
 
 
 
 
 
 
 
 
 
 
 
 
 
 
 
 
 
 
 
 
 
 
 
 
 
 
 
 
 
 
 
 
 
 
 
 
 
 
 
 
 
 
 
 
 
 
 
 
 
 
 
 
 
 
 
 
 
 
 
 
 
 
 
 
 
 
 
 
 
 
 
 
 
 
 
 
 
 
 
 
 
 
 
 
 
 
 
 
 
 
 
 
 
 
 
 
 
 
 
 
 
 
 
 
 
 
 
 
 
 
 
 
 
 
 
 
 
 
 
 
 
 
 
