0.0 0.0
0.01 2.33460569e-07
0.02 2.34202e-07
0.03 2.36756461e-07
0.04 2.3978288e-07
0.05 2.40660626e-07
0.06 2.34787256e-07
0.07 2.27168633e-07
0.08 2.2989487e-07
0.09 2.44217934e-07
0.1 2.80599483e-07
0.11 3.62250479e-07
0.12 3.89373351e-07
0.13 1.32348975e-07
0.14 -5.82886283e-07
0.15 -1.557553861e-06
0.16 -2.444875041e-06
0.17 -3.545634294e-06
0.18 -5.605082247e-06
0.19 -7.998243383e-06
0.2 -8.60297266e-06
0.21 -7.285426324e-06
0.22 -6.598394963e-06
0.23 -7.595644652e-06
0.24 -8.018883865e-06
0.25 -4.526471755e-06
0.26 3.51215672e-06
0.27 1.1585764165e-05
0.28 1.5208596027e-05
0.29 1.1049907833e-05
0.3 -2.291702778e-06
0.31 -1.3938481271e-05
0.32 -1.4540128814e-05
0.33 -1.3887011307e-05
0.34 -1.5179200565e-05
0.35 -7.101940173e-06
0.36 6.184847861e-06
0.37 5.493732181e-06
0.38 -1.2100091926e-05
0.39 -2.8580355842e-05
0.4 -3.023165893e-05
0.41 -2.3323576297e-05
0.42 -2.4917295342e-05
0.43 -5.0814681649e-05
0.44 -9.6088364463e-05
0.45 -0.000129165873027
0.46 -0.000114425772459
0.47 -4.9294976801e-05
0.48 5.252582884e-06
0.49 1.1809396762e-05
0.5 3.0777105001e-05
0.51 9.2023134189e-05
0.52 0.000130698496839
0.53 0.000111525138979
0.54 3.305730605e-05
0.55 -9.3461131006e-05
0.56 -0.000168726960093
0.57 -0.000138445229302
0.58 -0.000111975076261
0.59 -0.000145604806641
0.6 -0.000164199883196
0.61 -0.000115930777663
0.62 -4.1445568098e-05
0.63 -2.5923130904e-05
0.64 -6.4027507888e-05
0.65 -5.6044882768e-05
0.66 1.8022672454e-05
0.67 9.1811765087e-05
0.68 9.920518276e-05
0.69 1.0800716237e-05
0.7 -0.00012129395456
0.71 -0.000175830152063
0.72 -8.5310420947e-05
0.73 -4.0402174318e-05
0.74 -0.000150529791978
0.75 -0.000131919506323
0.76 6.1664722824e-05
0.77 6.8531693207e-05
0.78 -8.2496385134e-05
0.79 -7.6196871741e-05
0.8 -3.238708618e-05
0.81 -0.000162849280541
0.82 -0.000320055232281
0.83 -0.000383446336996
0.84 -0.000453301884713
0.85 -0.000522807439268
0.86 -0.000436707609999
0.87 -0.000228305826785
0.88 -0.000101673926749
0.89 3.4491713007e-05
0.9 0.000303174292897
0.91 0.000390402717121
0.92 0.000163614179173
0.93 5.7832399613e-05
0.94 0.00011322480275
0.95 -3.2978933063e-05
0.96 -0.000102602011796
0.97 0.00012907337668
0.98 0.000100254774376
0.99 -0.000253882753793
1.0 -0.000388725083228
1.01 -0.000354220454322
1.02 -0.000392790274132
1.03 -0.000394321889656
1.04 -0.000304161341902
1.05 -0.000135132722079
1.06 5.2409970111e-05
1.07 0.000223268705238
1.08 0.00043342112201
1.09 0.000453940613448
1.1 0.000117205330745
1.11 -0.000210889295524
1.12 -0.000114455503686
1.13 0.000152211006477
1.14 7.113627855e-05
1.15 -0.000261532424491
1.16 -0.000258688318532
1.17 0.000102766200024
1.18 0.000225536027207
1.19 8.0108207812e-05
1.2 0.00022798829667
1.21 0.000509933612423
1.22 0.000368850020437
1.23 0.000165516682008
1.24 0.000231032047071
1.25 0.00012117600226
1.26 -0.000166144936089
1.27 -0.00017789699907
1.28 -5.3014698675e-05
1.29 -0.000113605250516
1.3 -0.000530886684623
1.31 -0.000914675957311
1.32 -0.000788800260456
1.33 -0.00083839600711
1.34 -0.001511766245051
1.35 -0.001762294069644
1.36 -0.001018941633235
1.37 -0.000201450552187
1.38 0.000119698481833
1.39 0.000230163390107
1.4 0.000372308558877
1.41 0.000395211914843
1.42 0.000296218982558
1.43 0.000277600409076
1.44 0.000229149546757
1.45 -0.000170334930723
1.46 -0.000569286050587
1.47 -0.000466801068426
1.48 -0.000501365439625
1.49 -0.000777393753384
1.5 -0.000715058880356
1.51 -0.000251049296208
1.52 0.00010459574209
1.53 0.00017490429179
1.54 0.000259496535838
1.55 0.000877836009772
1.56 0.001629991444249
1.57 0.002010960303615
1.58 0.00197824059485
1.59 0.0015667217056
1.6 0.000709551085831
1.61 8.5158364698e-05
1.62 0.000218166145792
1.63 7.7085628653e-05
1.64 -0.000993390967125
1.65 -0.001758070653716
1.66 -0.001397549720595
1.67 -0.000631750325056
1.68 -6.015963657e-06
1.69 0.000372842355891
1.7 0.000240693645227
1.71 1.1535592679e-05
1.72 -0.000187582784924
1.73 -0.000894770428212
1.74 -0.001769380089569
1.75 -0.001982682414613
1.76 -0.001902753726695
1.77 -0.001929472007406
1.78 -0.001553404036708
1.79 -0.000783095386865
1.8 -0.000299214378683
1.81 8.9100343924e-05
1.82 0.000553319336687
1.83 0.00049060377157
1.84 0.000119610944301
1.85 0.000192780249757
1.86 0.00044219182321
1.87 0.000551669101977
1.88 0.000786848391498
1.89 0.000983027640875
1.9 0.001040358292684
1.91 0.001080760468061
1.92 0.001280864316594
1.93 0.001299193560064
1.94 0.000936764162496
1.95 0.00034072536054
1.96 0.000145247021966
1.97 0.000592371149111
1.98 0.000555925875993
1.99 -9.8104698121e-05
2.0 -0.000175849541313
2.01 0.000332771474764
2.02 0.000521225139293
2.03 0.00063600112159
2.04 0.000450798810479
2.05 -0.000536060394429
2.06 -0.001033609861171
2.07 -0.000604656064488
2.08 -0.001050673277656
2.09 -0.002149176841444
2.1 -0.001848731575852
2.11 -0.000780959892555
2.12 -0.000566582989985
2.13 -0.000550282471473
2.14 -0.000140105348033
2.15 -0.000460347211417
2.16 -0.001087576727498
2.17 -0.000734648438374
2.18 -0.000402770199137
2.19 -0.000943268708363
2.2 -0.000845723338182
2.21 6.5145033153e-05
2.22 0.000698014406835
2.23 0.000932479788592
2.24 0.000938698289813
2.25 0.000834195273806
2.26 0.000669323635834
2.27 0.000442420035243
2.28 0.000170562496685
2.29 9.1585735421e-05
2.3 0.000632735544846
2.31 0.001258771709568
2.32 0.001598797017322
2.33 0.001919370973867
2.34 0.001982748570819
2.35 0.001673887192114
2.36 0.001479756689301
2.37 0.001301624341236
2.38 0.000578988204419
2.39 -0.000675854183644
2.4 -0.001974463298374
2.41 -0.002864549013088
2.42 -0.003109481637904
2.43 -0.003042746796615
2.44 -0.002597980242691
2.45 -0.001640444095503
2.46 -0.000914530955539
2.47 -0.000674735046603
2.48 -5.9544836395e-05
2.49 0.000860805341364
2.5 0.001122259658498
2.51 0.001027779714243
2.52 0.001353862143899
2.53 0.001201515978181
2.54 0.000317458220732
2.55 -0.000164588960324
2.56 -0.000303260839531
2.57 -0.000588579519804
2.58 -0.000531689612766
2.59 0.000414381886714
2.6 0.001638291020395
2.61 0.002431055944066
2.62 0.002873830705179
2.63 0.002623550214942
2.64 0.001736358666965
2.65 0.000708252996512
2.66 -0.000526040790796
2.67 -0.002475575222439
2.68 -0.004230542137564
2.69 -0.004858296924807
2.7 -0.004677278511023
2.71 -0.004692809234676
2.72 -0.004370088891667
2.73 -0.003054459041149
2.74 -0.001277991448153
2.75 0.000224205531637
2.76 0.002351787688202
2.77 0.004771131433052
2.78 0.005491920600214
2.79 0.005123647564117
2.8 0.005290372521549
2.81 0.005375863938646
2.82 0.004036056788775
2.83 0.002350558938675
2.84 3.5399152542e-05
2.85 -0.00322982348047
2.86 -0.005792907114685
2.87 -0.00622682456169
2.88 -0.006377409118358
2.89 -0.005996858426181
2.9 -0.003803489134694
2.91 -0.000732343604939
2.92 0.000905719089746
2.93 0.001671006255848
2.94 0.001674301155171
2.95 0.000177463786605
2.96 -0.001966510756479
2.97 -0.003609377405778
2.98 -0.00494397041316
2.99 -0.006403116836826
3.0 -0.008045192419104
3.01 -0.008928153499882
3.02 -0.00803298358356
3.03 -0.006682299181414
3.04 -0.005525361352237
3.05 -0.004100843451893
3.06 -0.002290793497113
3.07 0.00041170009112
3.08 0.002995879137537
3.09 0.005718418406345
3.1 0.007162080124218
3.11 0.008173292633989
3.12 0.008948610727189
3.13 0.00747739142699
3.14 0.003249544247977
3.15 -0.00149582199746
3.16 -0.004424784507332
3.17 -0.0053475360694
3.18 -0.005104598679425
3.19 -0.003064611503906
3.2 -0.001645925863956
3.21 -0.001665774000932
3.22 -0.001619607404911
3.23 -0.001360970722709
3.24 -0.00219389055427
3.25 -0.004676078747902
3.26 -0.005799491486705
3.27 -0.005256506843632
3.28 -0.004256596843759
3.29 -0.004625273030081
3.3 -0.004869958287162
3.31 -0.004755081406421
3.32 -0.003761006294313
3.33 -0.000692803796426
3.34 0.002740829304498
3.35 0.005561253141744
3.36 0.006191282709359
3.37 0.005786234176332
3.38 0.006674723173786
3.39 0.007528449516131
3.4 0.006456169226702
3.41 0.004343371697156
3.42 0.001893882681519
3.43 -0.000896718569507
3.44 -0.002870047955708
3.45 -0.003473715354727
3.46 -0.003677956361712
3.47 -0.003321903370095
3.48 -0.001094848092138
3.49 0.000978490528608
3.5 0.000390876953131
3.51 -0.002587028931638
3.52 -0.00573608548181
3.53 -0.008017774218531
3.54 -0.009546641594695
3.55 -0.010039523742036
3.56 -0.010128438284787
3.57 -0.009101028646437
3.58 -0.005367566526243
3.59 -0.000387748004602
3.6 0.006123696972617
3.61 0.011747123392054
3.62 0.014700449431896
3.63 0.015684186391454
3.64 0.016223859902894
3.65 0.016957833033562
3.66 0.015040293546551
3.67 0.012263321023645
3.68 0.009069786409609
3.69 0.006828966623275
3.7 0.002844428523014
3.71 -0.001666214867773
3.72 -0.005754530520121
3.73 -0.007531949281422
3.74 -0.008448429159478
3.75 -0.008736495847738
3.76 -0.006395697546026
3.77 -0.000698008325745
3.78 0.006652363448786
3.79 0.01032715737699
3.8 0.011602312481733
3.81 0.011978291578891
3.82 0.009095555748872
3.83 0.002370418922791
3.84 -0.006696529009812
3.85 -0.010733760389038
3.86 -0.01642662643133
3.87 -0.015600074628762
3.88 -0.015024625807689
3.89 -0.011426717117676
3.9 -0.005181963322476
3.91 0.004699837667462
3.92 0.018019414835673
3.93 0.029324087004526
3.94 0.036807557024708
3.95 0.039240228839394
3.96 0.038499641506217
3.97 0.028326497139214
3.98 0.011160266689151
3.99 -0.000568170497388
4.0 -0.013317701795968
4.01 -0.029473259217787
4.02 -0.03618203722514
4.03 -0.026025597084351
4.04 -0.019007225389982
4.05 -0.013457584732171
4.06 0.001278989770187
4.07 0.007575375597909
4.08 0.014756648079397
4.09 0.015321792986373
4.1 0.012281159939495
4.11 0.008373428660675
4.12 0.000210809534787
4.13 -0.007356980200698
4.14 -0.016546245011897
4.15 -0.021271789609945
4.16 -0.022575578509314
4.17 -0.022517776736047
4.18 -0.016320764811066
4.19 -0.002383287563097
4.2 0.015519866744154
4.21 0.031716381425505
4.22 0.044748324116195
4.23 0.05191331606812
4.24 0.0485394134178
4.25 0.041146643866012
4.26 0.019762467742729
4.27 -0.000539378934371
4.28 -0.014821856738076
4.29 -0.03211436595281
4.3 -0.046454599512164
4.31 -0.040393651176191
4.32 -0.032202444265892
4.33 -0.026845998072496
4.34 -0.013266351307531
4.35 -0.002555594647858
4.36 0.012064320338788
4.37 0.023903356760944
4.38 0.033019916326684
4.39 0.036330254693251
4.4 0.035108657133241
4.41 0.029782703997981
4.42 0.022524502290538
4.43 0.017053963208446
4.44 0.009624723413656
4.45 -0.000221145260213
4.46 -0.004995082677272
4.47 -0.009996059482949
4.48 -0.0160628778231
4.49 -0.020351088474693
4.5 -0.026004729120348
4.51 -0.029488419864049
4.52 -0.025649521765521
4.53 -0.015986254011875
4.54 -0.00156388979507
4.55 0.020745304358188
4.56 0.042011015294409
4.57 0.057806272850553
4.58 0.066649733202194
4.59 0.068041837178095
4.6 0.070496883184472
4.61 0.069785756421077
4.62 0.056349718979306
4.63 0.037131699938925
4.64 0.010477185208047
4.65 -0.011757868007992
4.66 -0.04149617987832
4.67 -0.07299414918396
4.68 -0.096856106702115
4.69 -0.1080563010725
4.7 -0.105306178845147
4.71 -0.103670531717889
4.72 -0.094068780476165
4.73 -0.074430635992179
4.74 -0.05282637670805
4.75 -0.035326779741935
4.76 -0.013679304514245
4.77 0.012062693782825
4.78 0.042924014180769
4.79 0.0672621066629
4.8 0.084066625099402
4.81 0.114376805903148
4.82 0.135244766202629
4.83 0.139290603845885
4.84 0.151389716314632
4.85 0.149026371197308
4.86 0.142621508086011
4.87 0.134193694958721
4.88 0.125728930620777
4.89 0.112669310373
4.9 0.103880506557762
4.91 0.104336940377258
4.92 0.099095426385366
4.93 0.097439677653867
4.94 0.101376352982484
4.95 0.101910657784491
4.96 0.093831315098578
4.97 0.060304549151342
4.98 0.024009267897747
4.99 0.011745352294724
5.0 -0.010009804588787
5.01 -0.056295492257483
5.02 -0.076378898315521
5.03 -0.079520977333397
5.04 -0.094703183900426
5.05 -0.109524761615718
5.06 -0.11929204183005
5.07 -0.126177461608171
5.08 -0.120313603007395
5.09 -0.095631092787304
5.1 -0.066868623536007
5.11 -0.053653843007136
5.12 -0.032619838618427
5.13 -0.0163109190142
5.14 -0.015578753496887
5.15 -0.027010050366247
5.16 -0.052295790059673
5.17 -0.07917638694929
5.18 -0.115916510200959
5.19 -0.137373586802014
5.2 -0.163614429221277
5.21 -0.183345054534886
5.22 -0.205347016297932
5.23 -0.201029700452742
5.24 -0.157403072420199
5.25 -0.13227556602768
5.26 -0.138367985820419
5.27 -0.090468036998245
5.28 -0.02979085442455
5.29 -0.02130024982559
5.3 -0.017430379514665
5.31 0.020946159138123
5.32 0.041466790336967
5.33 0.051705557178354
5.34 0.066769300746273
5.35 0.084238335079717
5.36 0.089945816498854
5.37 0.100957236554043
5.38 0.106570599590604
5.39 0.110860871040833
5.4 0.109055937634753
5.41 0.108436406545841
5.42 0.124561367798449
5.43 0.127850974968783
5.44 0.131327974756028
5.45 0.128841654386231
5.46 0.111667573270285
5.47 0.080803640907413
5.48 0.050040214191093
5.49 0.00565981414147
5.5 -0.037383106261083
5.51 -0.058250047053162
5.52 -0.073603570962099
5.53 -0.089833952128454
5.54 -0.077444344499804
5.55 -0.051893492587086
5.56 -0.038667766580345
5.57 -0.043320666091516
5.58 -0.041142337174059
5.59 -0.053862715659445
5.6 -0.075535742782205
5.61 -0.091892455772102
5.62 -0.118633274846448
5.63 -0.148396834829614
5.64 -0.155735447475215
5.65 -0.164925905638288
5.66 -0.173855980131589
5.67 -0.17146981987942
5.68 -0.163245380284332
5.69 -0.154154919282492
5.7 -0.142755855961256
5.71 -0.124803427540222
5.72 -0.092430442768895
5.73 -0.060317437075731
5.74 -0.054598725875389
5.75 -0.051250933273873
5.76 -0.042557422524747
5.77 -0.047120368109793
5.78 -0.061085511241755
5.79 -0.08027549152936
5.8 -0.088818326648469
5.81 -0.08178937605597
5.82 -0.06288208387544
5.83 -0.038951185098173
5.84 -0.039036171984785
5.85 -0.018333595341744
5.86 0.014044894460616
5.87 0.017875155029168
5.88 0.017585199485434
5.89 0.035869754761256
5.9 0.052325107912303
5.91 0.058625452114707
5.92 0.072034373461169
5.93 0.080827304779433
5.94 0.080230028620572
5.95 0.045965297693341
5.96 -0.038239769534698
5.97 -0.077617711897605
5.98 -0.092967882943434
5.99 -0.167522699937367
6.0 -0.207227029549256
6.01 -0.193083917307549
6.02 -0.172393120372795
6.03 -0.131098551132378
6.04 -0.039375606368176
6.05 0.006624729262572
6.06 0.060648831997471
6.07 0.138885177936871
6.08 0.195989890779617
6.09 0.217549066634477
6.1 0.247242083706819
6.11 0.281639712812783
6.12 0.283356435125406
6.13 0.297915307908271
6.14 0.301634424940438
6.15 0.299564977038491
6.16 0.291021056095458
6.17 0.284317257050223
6.18 0.25867157442292
6.19 0.241075382079555
6.2 0.223106374834195
6.21 0.208780252261957
6.22 0.194510333782867
6.23 0.160707838616329
6.24 0.103393014013904
6.25 0.055974710008825
6.26 0.024627507353951
6.27 -0.021451075466243
6.28 -0.066779363318793
6.29 -0.09498735314373
6.3 -0.108085551541354
6.31 -0.118864399330044
6.32 -0.131585731514279
6.33 -0.14891029858172
6.34 -0.158222787357702
6.35 -0.163754695349792
6.36 -0.161065618637527
6.37 -0.137996883261963
6.38 -0.129561290075106
6.39 -0.10002515360994
6.4 -0.075705053541649
6.41 -0.039043805905189
6.42 -0.002309374755532
6.43 0.032099603688939
6.44 0.05755721166102
6.45 0.070007305543943
6.46 0.073015849429819
6.47 0.068994295956956
6.48 0.055893621266258
6.49 0.061115797295323
6.5 0.081956312099803
6.51 0.077918161503656
6.52 0.082144456552056
6.53 0.085164712297971
6.54 0.087608710395849
6.55 0.050839588089407
6.56 0.017470765068957
6.57 -0.006715229228446
6.58 -0.016077748271725
6.59 -0.030278283631136
6.6 -0.017825236058251
6.61 -0.006199463097359
6.62 0.021416449377599
6.63 0.03746301516366
6.64 0.053795251134658
6.65 0.067151583094434
6.66 0.090106520507884
6.67 0.098005168639142
6.68 0.092453146502885
6.69 0.093536248267271
6.7 0.048224044039318
6.71 0.006086359161659
6.72 -0.01375012250086
6.73 -0.065640166588016
6.74 -0.1191821078938
6.75 -0.127625586984643
6.76 -0.131607334675684
6.77 -0.121959072474001
6.78 -0.076524194242495
6.79 -0.032469370266055
6.8 0.018014536830267
6.81 0.039973918642144
6.82 0.099794347950962
6.83 0.144935778757187
6.84 0.158272267357612
6.85 0.175100650717083
6.86 0.200538628795478
6.87 0.202409600087197
6.88 0.20712733503089
6.89 0.200893136931134
6.9 0.207276082617927
6.91 0.166125708043252
6.92 0.124401715632778
6.93 0.107664086904559
6.94 0.113275558791776
6.95 0.084581101603098
6.96 0.07340763925824
6.97 0.082578201186
6.98 0.106307768594448
6.99 0.129777791801174
7.0 0.148060505070714
7.01 0.161149887122242
7.02 0.17338130044866
7.03 0.186791453106505
7.04 0.170629442717974
7.05 0.15653393154302
7.06 0.145638684043996
7.07 0.115832761347359
7.08 0.068216826409364
7.09 0.050600393467366
7.1 0.023967367854582
7.11 -0.017996630964165
7.12 -0.069961297717495
7.13 -0.11827350594117
7.14 -0.174389651905727
7.15 -0.237986650656528
7.16 -0.302220282700274
7.17 -0.365946759684131
7.18 -0.419388247051026
7.19 -0.461562486873907
7.2 -0.503527535501119
7.21 -0.53861902045996
7.22 -0.571697361241468
7.23 -0.611145398539393
7.24 -0.612651509216122
7.25 -0.626603849258771
7.26 -0.630424625010947
7.27 -0.625712987552587
7.28 -0.597464050755116
7.29 -0.561991211302603
7.3 -0.483555756255728
7.31 -0.343556021978936
7.32 -0.201729242705924
7.33 -0.143406179341969
7.34 -0.092463583680904
7.35 0.071208642111624
7.36 0.134712782640555
7.37 0.09758927942442
7.38 0.133677829640817
7.39 0.164179252856814
7.4 0.157631288601743
7.41 0.180510893420235
7.42 0.212553446170388
7.43 0.226988523755145
7.44 0.25784708549185
7.45 0.301142330626988
7.46 0.333659781182662
7.47 0.370785365072919
7.48 0.404567501980421
7.49 0.425651528700036
7.5 0.433921923562212
7.51 0.468547115309592
7.52 0.470669528865135
7.53 0.47996151965032
7.54 0.480243456050462
7.55 0.489500520948038
7.56 0.490580034876534
7.57 0.493634440784759
7.58 0.499102103370416
7.59 0.500240761587382
7.6 0.489327324695341
7.61 0.438698530290113
7.62 0.251766254865069
7.63 0.147570778452202
7.64 0.13616985208678
7.65 0.011002909863198
7.66 -0.182708788736366
7.67 -0.193253793161981
7.68 -0.200635833753202
7.69 -0.263906263830196
7.7 -0.312066503146962
7.71 -0.329525378794263
7.72 -0.372629572064157
7.73 -0.411182994175112
7.74 -0.435062445060811
7.75 -0.463036151566151
7.76 -0.485319097205356
7.77 -0.494069782980163
7.78 -0.492667289279225
7.79 -0.511834236264618
7.8 -0.494339320460236
7.81 -0.475390216014978
7.82 -0.427935158583747
7.83 -0.369651501615132
7.84 -0.330052428244523
7.85 -0.286666437169609
7.86 -0.251852441684611
7.87 -0.232144202787552
7.88 -0.228144941237078
7.89 -0.227643976608118
7.9 -0.208630140599598
7.91 -0.167861182441429
7.92 -0.102210623345088
7.93 -0.044925779246803
7.94 -0.00816080166453
7.95 0.042263595300435
7.96 0.104842826499635
7.97 0.119492252954154
7.98 0.114448632472779
7.99 0.110440702866861
8.0 0.102625075546736
8.01 0.070732404271246
8.02 0.052235028995979
8.03 0.024818523919576
8.04 -0.010607800630459
8.05 -0.040197896935667
8.06 -0.069538008722429
8.07 -0.091162611193765
8.08 -0.111210720199777
8.09 -0.124670453232128
8.1 -0.142862092005944
8.11 -0.154763848341502
8.12 -0.140398706718165
8.13 -0.088141697943435
8.14 -0.025140939968081
8.15 0.015061633014096
8.16 0.061083345106999
8.17 0.147805994508503
8.18 0.185770753284867
8.19 0.192733452287807
8.2 0.205997442784712
8.21 0.203294284448734
8.22 0.19451806239014
8.23 0.245314967480256
8.24 0.281609690668932
8.25 0.312324411245264
8.26 0.320027374021155
8.27 0.377866971161021
8.28 0.412697963768811
8.29 0.433457830802571
8.3 0.413297534505799
8.31 0.439310453235367
8.32 0.415244926900521
8.33 0.415345929386253
8.34 0.424933005891937
8.35 0.407585038388413
8.36 0.423452153958036
8.37 0.43580085984411
8.38 0.452211002578488
8.39 0.449531149041075
8.4 0.461529153738865
8.41 0.457553562758708
8.42 0.452253380074693
8.43 0.324009137895227
8.44 0.131040096915802
8.45 0.148706778591812
8.46 0.077918977262746
8.47 -0.126080541886736
8.48 -0.212083642129156
8.49 -0.181570267568752
8.5 -0.249333669501415
8.51 -0.30249332291344
8.52 -0.337874462201605
8.53 -0.373562473351488
8.54 -0.420966347236229
8.55 -0.46298114715702
8.56 -0.494424080791648
8.57 -0.522129817915375
8.58 -0.54055285219817
8.59 -0.535854380249022
8.6 -0.55790791247491
8.61 -0.552931677770422
8.62 -0.556595873030815
8.63 -0.55186047768557
8.64 -0.556747539952087
8.65 -0.552550266425051
8.66 -0.565594424668966
8.67 -0.568063529100421
8.68 -0.569335533010394
8.69 -0.552560809581302
8.7 -0.512578489571458
8.71 -0.489109881329304
8.72 -0.42774323797407
8.73 -0.301283350058705
8.74 -0.188963593035346
8.75 -0.137483712553101
8.76 -0.050299249219963
8.77 0.037150606968871
8.78 0.116553373378705
8.79 0.161009940645402
8.8 0.197758903407618
8.81 0.25023727310249
8.82 0.31017185354248
8.83 0.35844265581898
8.84 0.409422945188038
8.85 0.455690923599688
8.86 0.500128550047746
8.87 0.53455484210409
8.88 0.561525633170555
8.89 0.57938867487598
8.9 0.586721907866137
8.91 0.56800684540781
8.92 0.569407126398191
8.93 0.548603097328323
8.94 0.514783190319134
8.95 0.469676997357452
8.96 0.431851292650203
8.97 0.380769060920741
8.98 0.357349450751606
8.99 0.328004292657947
9.0 0.314822121103182
9.01 0.321077681165905
9.02 0.313041332339349
9.03 0.300496160569536
9.04 0.271567387291291
9.05 0.219073462555506
9.06 0.153551818170745
9.07 0.099375466193333
9.08 0.061521955779231
9.09 -0.005922544966588
9.1 -0.057536475701377
9.11 -0.084396955754755
9.12 -0.10156157853886
9.13 -0.132994913356973
9.14 -0.159930939527453
9.15 -0.177765256301041
9.16 -0.191381769156988
9.17 -0.20732375361701
9.18 -0.223461596102906
9.19 -0.234585436100694
9.2 -0.248380152969924
9.21 -0.267308143772968
9.22 -0.290570331594795
9.23 -0.317762417975725
9.24 -0.346355256652346
9.25 -0.3725749238706
9.26 -0.385109045923794
9.27 -0.418173210850165
9.28 -0.446919632816876
9.29 -0.466545672747441
9.3 -0.479430072114801
9.31 -0.490353150547096
9.32 -0.490838710606098
9.33 -0.485214222598857
9.34 -0.445228805074271
9.35 -0.31002097759552
9.36 -0.174845455848968
9.37 -0.213198614327932
9.38 -0.123143030070657
9.39 0.024762040419515
9.4 -0.014652098726435
9.41 -0.059139838859975
9.42 -0.083008917631344
9.43 -0.141706045642772
9.44 -0.171121222452339
9.45 -0.185668765826653
9.46 -0.230866887934856
9.47 -0.209455426290989
9.48 -0.182569713257382
9.49 -0.146734008940245
9.5 -0.112039645248539
9.51 -0.042155989595574
9.52 0.001086655069222
9.53 0.025616818251324
9.54 0.039329398504874
9.55 0.114370124899077
9.56 0.206185361742426
9.57 0.192243627166839
9.58 0.247545931563257
9.59 0.327416543461872
9.6 0.388054032703845
9.61 0.411289611039695
9.62 0.467668567874311
9.63 0.50047597291118
9.64 0.526629439853283
9.65 0.543097859002
9.66 0.547677366680245
9.67 0.577240923714777
9.68 0.568563163949412
9.69 0.568050754838163
9.7 0.555265197736567
9.71 0.542700958226907
9.72 0.518254022061673
9.73 0.488025609239045
9.74 0.462498486957445
9.75 0.417309251406031
9.76 0.344512457379114
9.77 0.233471341283651
9.78 0.133919697974629
9.79 0.087859229373007
9.8 0.014606689114065
9.81 -0.06925925026359
9.82 -0.121041464637566
9.83 -0.130417910071242
9.84 -0.143689848603189
9.85 -0.176420337842316
9.86 -0.203704555306815
9.87 -0.22968267043792
9.88 -0.25818034759445
9.89 -0.293526484950634
9.9 -0.317908806395456
9.91 -0.340916863154504
9.92 -0.357649196988257
9.93 -0.366084586365833
9.94 -0.365208085820034
9.95 -0.358634640583868
9.96 -0.338978712466874
9.97 -0.340713604811434
9.98 -0.349685591426184
9.99 -0.348318523506128
10.0 -0.366356144593619
10.01 -0.376465154532237
10.02 -0.397401032070677
10.03 -0.412163790777174
10.04 -0.427695660179903
10.05 -0.424047493128156
10.06 -0.276585371943224
10.07 -0.079419248941622
10.08 -0.173053062755147
10.09 -0.053445704409578
10.1 0.154873518451916
10.11 0.172411091449149
10.12 0.131044952191776
10.13 0.198012699100415
10.14 0.191013786203792
10.15 0.193838184690925
10.16 0.20884147138547
10.17 0.21471475827149
10.18 0.217079969202455
10.19 0.22523034470641
10.2 0.236193973038044
10.21 0.247202873480583
10.22 0.256649682192287
10.23 0.268445739869587
10.24 0.282117083981876
10.25 0.320090465503456
10.26 0.344952688979346
10.27 0.377693839764825
10.28 0.411270157952821
10.29 0.444213689348996
10.3 0.469870515984454
10.31 0.49667431470385
10.32 0.519969570156129
10.33 0.524763727975068
10.34 0.500231621616806
10.35 0.239395103778938
10.36 0.070988528604789
10.37 0.174940055985099
10.38 -0.05285219350071
10.39 -0.307575139726064
10.4 -0.261995778307559
10.41 -0.266618416486959
10.42 -0.364626662686034
10.43 -0.341952515462529
10.44 -0.344902565305614
10.45 -0.367246417183797
10.46 -0.347235951799571
10.47 -0.322807885224568
10.48 -0.28817873638989
10.49 -0.231209542541625
10.5 -0.16573317915647
10.51 -0.11866616880834
10.52 -0.062914732904427
10.53 -0.033242692035592
10.54 -0.014977717986034
10.55 0.000926573545454
10.56 -0.022810944268406
10.57 -0.053997881754243
10.58 -0.095807136955756
10.59 -0.129720189554666
10.6 -0.17665467659055
10.61 -0.206077573713038
10.62 -0.261607129816877
10.63 -0.282152781469407
10.64 -0.287900967098079
10.65 -0.193104204243429
10.66 -0.177824781153701
10.67 -0.194661956157173
10.68 -0.075739570593515
10.69 -0.026732161730186
10.7 -0.027398629741348
10.71 -0.009708178044346
10.72 0.034729951045492
10.73 0.028846123831305
10.74 0.05025554495049
10.75 0.055855353444441
10.76 0.09040161622005
10.77 0.079144093493454
10.78 0.072995041100325
10.79 0.089330178512387
10.8 0.081949516605075
10.81 0.063498196930528
10.82 0.03417980526957
10.83 -0.004460902017142
10.84 -0.038860620541326
10.85 -0.058321568960042
10.86 -0.089004050628568
10.87 -0.116552601729161
10.88 -0.144510504919861
10.89 -0.166339092431999
10.9 -0.188273531492166
10.91 -0.209214005663886
10.92 -0.219572049613951
10.93 -0.215898097622273
10.94 -0.195135787423461
10.95 -0.16552002802215
10.96 -0.101583205137999
10.97 -0.030313373543426
10.98 0.006439397322535
10.99 0.054365139900831
11.0 0.106712703647899
11.01 0.121948084799448
11.02 0.121490176727086
11.03 0.126013164869441
11.04 0.123538269970736
11.05 0.117718261581703
11.06 0.123790585978866
11.07 0.122992817930609
11.08 0.125187767979836
11.09 0.126228859471803
11.1 0.140524487731283
11.11 0.159548954294556
11.12 0.181317238700973
11.13 0.212833373596133
11.14 0.229496220174746
11.15 0.255226221870931
11.16 0.30152303132794
11.17 0.336491172604113
11.18 0.345634936359408
11.19 0.36381293495509
11.2 0.39443295276733
11.21 0.412866360594809
11.22 0.412357499187494
11.23 0.418030024063655
11.24 0.416786095888121
11.25 0.391493117154753
11.26 0.346917786341666
11.27 0.265666269902411
11.28 0.190963852599619
11.29 0.172424305485569
11.3 0.100147583556248
11.31 0.024594733944902
11.32 0.003626864916043
11.33 -0.017377568284691
11.34 -0.04802018451396
11.35 -0.082378438220317
11.36 -0.109523462692207
11.37 -0.148820209048066
11.38 -0.176007528987368
11.39 -0.213434022946884
11.4 -0.242437968826412
11.41 -0.27860295695196
11.42 -0.308485232425602
11.43 -0.339337213450983
11.44 -0.372920817859977
11.45 -0.398289117520321
11.46 -0.422572621352028
11.47 -0.432140161845354
11.48 -0.43211142120984
11.49 -0.457748594638921
11.5 -0.450996576923393
11.51 -0.438106925936048
11.52 -0.397532972981675
11.53 -0.37865559157149
11.54 -0.357755343248805
11.55 -0.310257816671619
11.56 -0.235516188169276
11.57 -0.135120593484405
11.58 -0.089793745191374
11.59 -0.072071105219559
11.6 0.017107588526928
11.61 0.095639701109959
11.62 0.104470369906851
11.63 0.112074288302789
11.64 0.146360266016701
11.65 0.1679021639541
11.66 0.183975010845937
11.67 0.202651681377997
11.68 0.213861708604581
11.69 0.22476301879372
11.7 0.229280357018683
11.71 0.233871741248967
11.72 0.232611252087287
11.73 0.227800364616188
11.74 0.217008309077351
11.75 0.234766930229046
11.76 0.238684716500153
11.77 0.248904318129273
11.78 0.25704646969204
11.79 0.271635308524737
11.8 0.281686999158626
11.81 0.297380067790785
11.82 0.313902910226948
11.83 0.331011117792457
11.84 0.346859537825333
11.85 0.365512736429361
11.86 0.377408183060287
11.87 0.384691251254691
11.88 0.382190939283462
11.89 0.349738038601068
11.9 0.245858977463748
11.91 0.197367893559915
11.92 0.191654174758154
11.93 0.093284557043464
11.94 0.035821945279696
11.95 0.030316064175916
11.96 0.032302686772661
11.97 0.006160567785248
11.98 0.010350947790815
11.99 -0.012665760314178
12.0 -0.015561889885875
12.01 -0.037202602907217
12.02 -0.049060537664353
12.03 -0.072155650606126
12.04 -0.090643762817563
12.05 -0.113336818109876
12.06 -0.135097454979727
12.07 -0.158111828142429
12.08 -0.181381339146401
12.09 -0.203575940752459
12.1 -0.226971642737684
12.11 -0.252200843180611
12.12 -0.278112560583379
12.13 -0.305532801262195
12.14 -0.334411864583706
12.15 -0.35861383179278
12.16 -0.37273464866367
12.17 -0.383700185831578
12.18 -0.411797761438217
12.19 -0.410585080837155
12.2 -0.413819577561324
12.21 -0.388247118708522
12.22 -0.35522163965133
12.23 -0.313025095383338
12.24 -0.270817789193983
12.25 -0.224384546781188
12.26 -0.151732967550472
12.27 -0.083557244708511
12.28 -0.074774624520687
12.29 -0.045727369312754
12.3 0.000150061508293
12.31 0.018847038573545
12.32 0.01219778782025
12.33 0.023371397927206
12.34 0.034098323199719
12.35 0.038340150721671
12.36 0.046620436368496
12.37 0.052146627041862
12.38 0.054639363286215
12.39 0.057957243037337
12.4 0.060833260702534
12.41 0.065704991533971
12.42 0.072136733182413
12.43 0.082400123950923
12.44 0.095026478504465
12.45 0.108306718119354
12.46 0.1220395941927
12.47 0.132947439936394
12.48 0.13906729686403
12.49 0.131258516552521
12.5 0.133422975093052
12.51 0.127500029828681
12.52 0.106311706551134
12.53 0.061882062409565
12.54 0.018607206050778
12.55 0.006967780953964
12.56 -0.020484915089385
12.57 -0.048016484302903
12.58 -0.048240804603631
12.59 -0.020356989641999
12.6 0.010288933555215
12.61 0.045144187976431
12.62 0.061113429016106
12.63 0.08933699237123
12.64 0.096953728788064
12.65 0.099603032101895
12.66 0.127560806204679
12.67 0.145430715294483
12.68 0.129076127182345
12.69 0.115840441654344
12.7 0.079418855921597
12.71 0.053712644439322
12.72 0.024301849571612
12.73 -0.012760883639131
12.74 -0.051739257921938
12.75 -0.060540784890447
12.76 -0.06058302047204
12.77 -0.060627226070773
12.78 -0.063377769072067
12.79 -0.067420079553986
12.8 -0.077180262440758
12.81 -0.091944338442483
12.82 -0.111647743564899
12.83 -0.126302321445675
12.84 -0.139373643023102
12.85 -0.160061034510482
12.86 -0.169946595080904
12.87 -0.174800190359176
12.88 -0.172999660372674
12.89 -0.163451715297712
12.9 -0.150970990811391
12.91 -0.132821307204159
12.92 -0.105303604541356
12.93 -0.06985243844368
12.94 -0.047566446812207
12.95 -0.021330386555156
12.96 0.015794200762353
12.97 0.030390135058361
12.98 0.033314454971502
12.99 0.041935484279996
13.0 0.055238471964037
13.01 0.053421503237694
13.02 0.058101451920843
13.03 0.065171061089583
13.04 0.075874715526216
13.05 0.080327897691642
13.06 0.090775908443344
13.07 0.094269544999531
13.08 0.099318579829856
13.09 0.097885827239373
13.1 0.085094514170958
13.11 0.072482362739279
13.12 0.06183879188949
13.13 0.063930321397345
13.14 0.056555560206056
13.15 0.04103046075047
13.16 0.046061176159636
13.17 0.045705156678219
13.18 0.024885651389025
13.19 0.017728125024704
13.2 0.007774971370312
13.21 -0.019218919402967
13.22 -0.03696669951521
13.23 -0.048380608703361
13.24 -0.061951851892196
13.25 -0.072528252060652
13.26 -0.08803498634863
13.27 -0.103143982318084
13.28 -0.11839307079761
13.29 -0.130563402538457
13.3 -0.140265370243445
13.31 -0.14999960213065
13.32 -0.154396463975501
13.33 -0.152616317959935
13.34 -0.148854884497501
13.35 -0.138144247202833
13.36 -0.119764254426161
13.37 -0.096600013593396
13.38 -0.073047405698853
13.39 -0.051841749074345
13.4 -0.036515015848742
13.41 -0.021267597613346
13.42 -0.00572251642921
13.43 0.0113020644002
13.44 0.028790728237507
13.45 0.04271803002657
13.46 0.060782380701617
13.47 0.086030644328007
13.48 0.103096943378246
13.49 0.1120338258359
13.5 0.118708972349222
13.51 0.125175228100732
13.52 0.125811570271557
13.53 0.122803836243033
13.54 0.114554439460611
13.55 0.097967451785144
13.56 0.091731333891392
13.57 0.074494509693685
13.58 0.05904028070203
13.59 0.034998194612819
13.6 0.007206675847544
13.61 -0.025365731945604
13.62 -0.052413148659689
13.63 -0.068584886297868
13.64 -0.087300047927483
13.65 -0.0979518416185
13.66 -0.111512279585872
13.67 -0.117964652325933
13.68 -0.127639722323602
13.69 -0.132983499695221
13.7 -0.138702179880358
13.71 -0.141846927698845
13.72 -0.145168249862837
13.73 -0.147155582059208
13.74 -0.145336648309989
13.75 -0.139164247314195
13.76 -0.123422649004814
13.77 -0.103916456629749
13.78 -0.081661037583956
13.79 -0.056694049082738
13.8 -0.030772676003413
13.81 -0.001017692124392
13.82 0.025720925378933
13.83 0.043392841749698
13.84 0.058804759964029
13.85 0.075980700554509
13.86 0.08648861363796
13.87 0.093670865837301
13.88 0.096779323507949
13.89 0.101329429630439
13.9 0.104435873574963
13.91 0.107725424380457
13.92 0.110288808255741
13.93 0.114473542900777
13.94 0.120078248630547
13.95 0.12444622019842
13.96 0.121833609395796
13.97 0.129753498150578
13.98 0.1288091259699
13.99 0.127218778022741
14.0 0.130514767862983
14.01 0.131355438247247
14.02 0.117258647877775
14.03 0.097909702379789
14.04 0.067640410738971
14.05 0.067887032095773
14.06 0.035611429144395
14.07 -0.000277883218327
14.08 -0.018588914100576
14.09 -0.022376475762561
14.1 -0.041642045596755
14.11 -0.038260548753075
14.12 -0.046002503944602
14.13 -0.038821603210006
14.14 -0.034862560698839
14.15 -0.026419114236052
14.16 -0.031715188389987
14.17 -0.02617548848626
14.18 -0.024538625261551
14.19 -0.019865339845964
14.2 -0.016820757703275
14.21 -0.009043877416154
14.22 -0.000201099898468
14.23 0.006784837761493
14.24 0.014539131686034
14.25 0.023054584986148
14.26 0.031435942054042
14.27 0.042964688225019
14.28 0.056849117477482
14.29 0.066481115379618
14.3 0.067197366462128
14.31 0.061596765591002
14.32 0.057226455314942
14.33 0.035072835645016
14.34 0.004939380384088
14.35 -0.017401489553419
14.36 -0.037888930722141
14.37 -0.062864776089227
14.38 -0.075996133651969
14.39 -0.073519581303314
14.4 -0.067541373888966
14.41 -0.070073941725475
14.42 -0.059547532271589
14.43 -0.056249513828479
14.44 -0.047275742607856
14.45 -0.038919433656912
14.46 -0.037209950487054
14.47 -0.041554179725108
14.48 -0.053170596131369
14.49 -0.067722379392619
14.5 -0.079007160879724
14.51 -0.09366545253879
14.52 -0.121292999908806
14.53 -0.138304823806928
14.54 -0.139736826063602
14.55 -0.151910141206444
14.56 -0.160396995636603
14.57 -0.1613447239939
14.58 -0.157833678629709
14.59 -0.155971653305422
14.6 -0.140999134070994
14.61 -0.135100187860114
14.62 -0.123207755512497
14.63 -0.114276130597062
14.64 -0.108021823223113
14.65 -0.104487837714394
14.66 -0.097616103737456
14.67 -0.091013740411784
14.68 -0.086534073438332
14.69 -0.084785149587875
14.7 -0.071202006710317
14.71 -0.058449559040643
14.72 -0.045326640670674
14.73 -0.027694041602156
14.74 -0.006250589435129
14.75 0.014323611690992
14.76 0.036869269493348
14.77 0.052945385026596
14.78 0.068170398370176
14.79 0.081648906039529
14.8 0.093909283006282
14.81 0.100240873451793
14.82 0.10856275085376
14.83 0.119136028126105
14.84 0.129302428545545
14.85 0.13753727725812
14.86 0.145236501754354
14.87 0.15188856750964
14.88 0.155899229970744
14.89 0.15122935300305
14.9 0.142667633884816
14.91 0.147249989424379
14.92 0.144093621750464
14.93 0.134566957415802
14.94 0.124013289864274
14.95 0.102446058476733
14.96 0.079665839945349
14.97 0.066479303811431
14.98 0.057788794802465
14.99 0.035235078194213
15.0 0.024216653259396
15.01 0.01727562382283
15.02 0.012378298482847
15.03 0.01043800264045
15.04 0.004209864039924
15.05 -0.008804727381888
15.06 -0.009120262217172
15.07 -0.014821160024605
15.08 -0.021800260098342
15.09 -0.02629693899277
15.1 -0.027341136975645
15.11 -0.028117605644268
15.12 -0.022672832828191
15.13 -0.022494212384215
15.14 -0.023727004956197
15.15 -0.024565774406554
15.16 -0.025489483414134
15.17 -0.033982766494098
15.18 -0.043290488666045
15.19 -0.052271975707162
15.2 -0.05965568980347
15.21 -0.066414036798782
15.22 -0.069706974467648
15.23 -0.067571746521551
15.24 -0.060353654774946
15.25 -0.041131578672924
15.26 -0.003690709497451
15.27 0.00914904572879
15.28 0.018947190609207
15.29 0.049641509926106
15.3 0.062151664846436
15.31 0.057372867524546
15.32 0.056216083773748
15.33 0.052218638589973
15.34 0.043202693167941
15.35 0.031328845637153
15.36 0.020707559642051
15.37 0.018380526152859
15.38 0.01276852011411
15.39 0.008740607276529
15.4 0.005348705992759
15.41 0.010266592169596
15.42 0.022338693116491
15.43 0.028221913812247
15.44 0.033478021989086
15.45 0.041146289412667
15.46 0.043171765687995
15.47 0.032746015703882
15.48 0.018508778201965
15.49 0.000810658349699
15.5 -0.0182753972315
15.51 -0.033148003206412
15.52 -0.038986403988513
15.53 -0.040328023962027
15.54 -0.024494739704107
15.55 0.001196814361101
15.56 0.028997577621535
15.57 0.052506420424495
15.58 0.083286324761357
15.59 0.103914190356639
15.6 0.117104441189989
15.61 0.134996309670533
15.62 0.166915163717925
15.63 0.1742765374275
15.64 0.171768651577936
15.65 0.186557326293138
15.66 0.199709839563198
15.67 0.196646243962106
15.68 0.194271548094895
15.69 0.18302284346473
15.7 0.171667900676525
15.71 0.148766547150867
15.72 0.111868482714884
15.73 0.053727020923774
15.74 0.007424359700901
15.75 -0.005973715615755
15.76 -0.056377523596663
15.77 -0.103201853293367
15.78 -0.111597845878306
15.79 -0.117881980147957
15.8 -0.135163967943153
15.81 -0.143522429998873
15.82 -0.146310359816555
15.83 -0.149911488155249
15.84 -0.144069616209457
15.85 -0.138435140137232
15.86 -0.124211704350091
15.87 -0.106186915141463
15.88 -0.101487458865065
15.89 -0.096797453978007
15.9 -0.094986756101174
15.91 -0.096679873849853
15.92 -0.105201910062489
15.93 -0.116332790419393
15.94 -0.129764038574108
15.95 -0.136167769311718
15.96 -0.140578641117986
15.97 -0.147002160710548
15.98 -0.160087106697141
15.99 -0.130351035082779
16.0 -0.03890467876976
16.01 -0.038231235821675
16.02 -0.026325499740461
16.03 0.061710202226765
16.04 0.100636591628498
16.05 0.102678640696295
16.06 0.120659709647914
16.07 0.135296652386919
16.08 0.135300640907781
16.09 0.137922754614917
16.1 0.112077192269219
16.11 0.109687004037767
16.12 0.083023943861619
16.13 0.062766728449581
16.14 0.030849192466797
16.15 0.002058899909569
16.16 -0.01930669264679
16.17 -0.02858831431933
16.18 -0.030216986463507
16.19 -0.019756843863442
16.2 -0.003128079982012
16.21 0.014980540703626
16.22 0.032500405266757
16.23 0.049420795927219
16.24 0.051916469403864
16.25 0.041100813422711
16.26 0.025096924519199
16.27 0.021699432545521
16.28 0.022739838176667
16.29 0.007051932544846
16.3 0.01710490341365
16.31 0.035934634258753
16.32 0.048840343808899
16.33 0.065937757980597
16.34 0.086006314189958
16.35 0.099444984800364
16.36 0.103421437256154
16.37 0.10664553571307
16.38 0.118467377399568
16.39 0.11878064680427
16.4 0.099379472594279
16.41 0.103631705470887
16.42 0.100822974358628
16.43 0.100899575846379
16.44 0.092981854405455
16.45 0.085109200674833
16.46 0.068908520010834
16.47 0.030485954588126
16.48 0.007385750029492
16.49 0.006879588073536
16.5 -0.032496360059221
16.51 -0.053169402455649
16.52 -0.056453077607132
16.53 -0.0582444372022
16.54 -0.068472008600845
16.55 -0.06715294094781
16.56 -0.081434689323435
16.57 -0.07574145194745
16.58 -0.081074662017427
16.59 -0.073954776823401
16.6 -0.074500591769018
16.61 -0.06613930246959
16.62 -0.062415412446163
16.63 -0.061213541511041
16.64 -0.066744615070791
16.65 -0.067845359018236
16.66 -0.070194884540027
16.67 -0.077420514293355
16.68 -0.086709515173194
16.69 -0.100040379534134
16.7 -0.106078371749492
16.71 -0.113920739037775
16.72 -0.120383914716917
16.73 -0.127270882616682
16.74 -0.123251319024364
16.75 -0.112724344832919
16.76 -0.084109403983936
16.77 -0.050037034878491
16.78 -0.033176918832475
16.79 8.2673932386e-05
16.8 0.033253034038072
16.81 0.051784340373267
16.82 0.060935627568513
16.83 0.076746398390099
16.84 0.079284218197206
16.85 0.085299263933757
16.86 0.075027235230229
16.87 0.071865294508083
16.88 0.067026102868088
16.89 0.058718957390543
16.9 0.042967852623111
16.91 0.02686768361052
16.92 0.005649323154657
16.93 -0.011271484900726
16.94 -0.025119302654318
16.95 -0.03620259222555
16.96 -0.039382797538397
16.97 -0.033158495255382
16.98 -0.018212692807942
16.99 -0.003220316029107
17.0 0.015135836626184
17.01 0.021588542681498
17.02 0.020508845973023
17.03 0.029492376549653
17.04 0.023309245445408
17.05 0.006391618317054
17.06 -0.006993780541972
17.07 -0.009702262426942
17.08 -0.021663574735304
17.09 -0.020934019138806
17.1 -0.006611506217364
17.11 0.011766679785437
17.12 0.029219089065225
17.13 0.050128729434356
17.14 0.061363132514478
17.15 0.080468898873756
17.16 0.078317165529164
17.17 0.081372317835859
17.18 0.081097493852846
17.19 0.07248050948691
17.2 0.060864769196508
17.21 0.052292102156157
17.22 0.024173245563751
17.23 -0.005838994618465
17.24 -0.018398249039441
17.25 -0.041348255987248
17.26 -0.0649917469723
17.27 -0.069626438237953
17.28 -0.071909433006152
17.29 -0.072131354803042
17.3 -0.070741810919381
17.31 -0.075444072476253
17.32 -0.082807173090105
17.33 -0.095182639456798
17.34 -0.105264986156163
17.35 -0.118589346494129
17.36 -0.136384129290091
17.37 -0.147394955168275
17.38 -0.154467394295828
17.39 -0.157596792475659
17.4 -0.160523332615943
17.41 -0.160520444951403
17.42 -0.149796571840967
17.43 -0.148257292475329
17.44 -0.141576133094521
17.45 -0.1311727743124
17.46 -0.113822770685016
17.47 -0.078670880095055
17.48 -0.026240990146215
17.49 -0.009651639381457
17.5 0.021502068456793
17.51 0.070055272518829
17.52 0.091557220204993
17.53 0.102948186462632
17.54 0.117903922510594
17.55 0.133109295112445
17.56 0.14265480308161
17.57 0.159602265531854
17.58 0.167369710008645
17.59 0.181062930775239
17.6 0.176297301816353
17.61 0.181748815358401
17.62 0.187579193920112
17.63 0.185164093926604
17.64 0.17697783019036
17.65 0.167259378719405
17.66 0.149241982111809
17.67 0.122942592138019
17.68 0.087548829873858
17.69 0.062287466067421
17.7 0.040191253264685
17.71 0.007450871930229
17.72 -0.017286343304583
17.73 -0.035635015048309
17.74 -0.051648331960347
17.75 -0.061124638478041
17.76 -0.061731743784741
17.77 -0.065191586728059
17.78 -0.063560935218438
17.79 -0.056631197513098
17.8 -0.045324904126974
17.81 -0.046285604615847
17.82 -0.049074046155068
17.83 -0.053145274097552
17.84 -0.063725206730211
17.85 -0.066958623315814
17.86 -0.088837394902005
17.87 -0.105522088728339
17.88 -0.113704366218813
17.89 -0.121463115131767
17.9 -0.132753967704358
17.91 -0.12821521823621
17.92 -0.104325066021255
17.93 -0.030805932170635
17.94 0.008218744921423
17.95 0.022731956236512
17.96 0.092391888776702
17.97 0.145178223178882
17.98 0.15529859638759
17.99 0.16485942884309
18.0 0.182194321447803
18.01 0.168550306161632
18.02 0.169719571922085
18.03 0.1626371086434
18.04 0.146440733195959
18.05 0.121254655581261
18.06 0.09974571797283
18.07 0.065355349302064
18.08 0.039716146656597
18.09 0.014964347698372
18.1 0.002302176434988
18.11 -0.009790858585542
18.12 -0.017635824309078
18.13 -0.01329827994583
18.14 -0.002987056595476
18.15 0.004918704500761
18.16 0.024149685684441
18.17 0.029429495364047
18.18 0.024863210240531
18.19 0.021594083783495
18.2 0.035338699493309
18.21 0.03475103167077
18.22 0.021672566597144
18.23 0.027515400268878
18.24 0.029214680583435
18.25 0.023186237618744
18.26 0.013585984149092
18.27 0.003925314293025
18.28 -0.01710300346351
18.29 -0.019590921286547
18.3 -0.031726619957552
18.31 -0.03647948651954
18.32 -0.060620162301409
18.33 -0.058994485152588
18.34 -0.067592566142218
18.35 -0.085057075976972
18.36 -0.100550171034221
18.37 -0.098958544591594
18.38 -0.101480702438973
18.39 -0.098092917226265
18.4 -0.101669444278059
18.41 -0.094078955508301
18.42 -0.083769346238202
18.43 -0.06955458023885
18.44 -0.042242133760146
18.45 -0.0124651531205
18.46 0.000371349523068
18.47 0.022348081510334
18.48 0.048034865467593
18.49 0.055185680600537
18.5 0.054658221636815
18.51 0.053040994583035
18.52 0.035259692439934
18.53 0.028996088701838
18.54 0.013954105223371
18.55 0.001369536817471
18.56 -0.010762236735134
18.57 -0.0220615722785
18.58 -0.035861080760121
18.59 -0.041993731115496
18.6 -0.035435053687339
18.61 -0.02560468621718
18.62 -0.021031773824271
18.63 -0.011027182960062
18.64 0.000888055509579
18.65 0.0100113882745
18.66 0.01148692125606
18.67 0.001144998261576
18.68 -0.012167621494142
18.69 -0.023280188503559
18.7 -0.034312627223812
18.71 -0.046961081772174
18.72 -0.052863744135728
18.73 -0.058785883806321
18.74 -0.064543064927775
18.75 -0.062431786617187
18.76 -0.0595687824562
18.77 -0.05232175008881
18.78 -0.046579139121838
18.79 -0.038335471104
18.8 -0.033091480206721
18.81 -0.024436174690858
18.82 -0.018006656038388
18.83 -0.018297671672552
18.84 -0.019677748931218
18.85 -0.016096200063064
18.86 -0.012818011774401
18.87 -0.007226244119036
18.88 -0.000530443938658
18.89 0.008327070270586
18.9 0.01874950331758
18.91 0.036228803086051
18.92 0.04821475399127
18.93 0.05754258789836
18.94 0.065358665180936
18.95 0.073007731786106
18.96 0.075842939749562
18.97 0.079000558212383
18.98 0.08372457991812
18.99 0.084304492633969
19.0 0.08958098052015
19.01 0.086379215577532
19.02 0.079486575021186
19.03 0.067443650037714
19.04 0.040967171849282
19.05 0.002820815470484
19.06 -0.022957981367569
19.07 -0.041542760134435
19.08 -0.076812576667093
19.09 -0.100906038631504
19.1 -0.110025957016981
19.11 -0.116821378838439
19.12 -0.117309777361952
19.13 -0.128628120325846
19.14 -0.134335916465078
19.15 -0.138190684276848
19.16 -0.135563418240733
19.17 -0.132836550902696
19.18 -0.126245485678498
19.19 -0.11508979938461
19.2 -0.103120399374773
19.21 -0.090711945176099
19.22 -0.074224652259317
19.23 -0.054543860635197
19.24 -0.034868718144575
19.25 -0.010006973644228
19.26 0.013991453170578
19.27 0.032856108812869
19.28 0.046968296959454
19.29 0.065893520713445
19.3 0.081469808764747
19.31 0.088778887991361
19.32 0.089473174418641
19.33 0.092511542282909
19.34 0.096495961394401
19.35 0.097679653576765
19.36 0.092642573809481
19.37 0.087262792701294
19.38 0.080219464525323
19.39 0.087481693540896
19.4 0.091552682605921
19.41 0.097191765719619
19.42 0.105776565376478
19.43 0.113817327376873
19.44 0.121937243577883
19.45 0.127873807097717
19.46 0.132017339071262
19.47 0.127826105657243
19.48 0.115224338129253
19.49 0.076513335961847
19.5 0.049978601034122
19.51 0.035824691523898
19.52 0.000967813650216
19.53 -0.025654479537149
19.54 -0.033202397300031
19.55 -0.037752782764905
19.56 -0.042119831994549
19.57 -0.036801986399118
19.58 -0.032640751350213
19.59 -0.023686273204791
19.6 -0.015505961422861
19.61 -0.005431959965489
19.62 0.004902949966401
19.63 0.01715232391335
19.64 0.029141589484069
19.65 0.035358438441006
19.66 0.042695998437852
19.67 0.053998882104288
19.68 0.063959701521317
19.69 0.071829349220068
19.7 0.079843290894095
19.71 0.087997347450864
19.72 0.097194799546144
19.73 0.109736327966535
19.74 0.111968162345583
19.75 0.100887981376136
19.76 0.071501174113722
19.77 0.028882015147446
19.78 -0.007123289121995
19.79 -0.037163998477676
19.8 -0.086719662152422
19.81 -0.118232241686473
19.82 -0.122655697820519
19.83 -0.122584994165393
19.84 -0.126296098336526
19.85 -0.125015404754545
19.86 -0.125031412182892
19.87 -0.103997585864625
19.88 -0.091398454891242
19.89 -0.089220682717081
19.9 -0.068677403861709
19.91 -0.042855754114367
19.92 -0.023740958445038
19.93 -0.010399261008945
19.94 -0.002024473526166
19.95 -0.004513253314094
19.96 -0.00871626032239
19.97 -0.025689281436895
19.98 -0.046137072074543
19.99 -0.060349450686075
20.0 -0.076061967538147
20.01 -0.080292684055108
20.02 -0.068144754544138
20.03 -0.047460719686749
20.04 -0.053999417785689
20.05 -0.040208612308042
20.06 -0.01647788743208
20.07 -0.01177026704397
20.08 -0.010360321237727
20.09 -0.000587143188428
20.1 0.003300667739912
20.11 0.010327040825934
20.12 0.028305690569049
20.13 0.025023363336993
20.14 0.028915633399986
20.15 0.030027316675913
20.16 0.033893149130597
20.17 0.027763132577127
20.18 0.030859333262426
20.19 0.031638007106536
20.2 0.038635208412821
20.21 0.039463879448418
20.22 0.044076169370539
20.23 0.045931399918847
20.24 0.046611129523637
20.25 0.042538537954049
20.26 0.026055296193792
20.27 -0.002563494423754
20.28 -0.011543225923907
20.29 -0.016203068521328
20.3 -0.040722937581081
20.31 -0.05673236387754
20.32 -0.049871758280419
20.33 -0.045950640907688
20.34 -0.053938094411273
20.35 -0.051265633089591
20.36 -0.04874535554102
20.37 -0.042331711415553
20.38 -0.033021128485199
20.39 -0.024554565717478
20.4 -0.014435048851848
20.41 -0.006011584810141
20.42 -0.004009950853025
20.43 -0.006568951009182
20.44 -0.007780925375826
20.45 -0.009911760294296
20.46 -0.015795092706434
20.47 -0.019633813091274
20.48 -0.018015549374607
20.49 -0.013920266247538
20.5 -0.006261969478428
20.51 -0.003841572756601
20.52 -0.013232359316197
20.53 -0.019184706376283
20.54 -0.021015209442134
20.55 -0.037209060269785
20.56 -0.049554617195314
20.57 -0.051405704143466
20.58 -0.051137749413843
20.59 -0.049063925955569
20.6 -0.039083323167494
20.61 -0.027735704970467
20.62 -0.009977720958046
20.63 -0.000654026129112
20.64 0.011103933989305
20.65 0.024776389744004
20.66 0.035678139726573
20.67 0.039175219499631
20.68 0.042078662098043
20.69 0.039491587285064
20.7 0.037406398424507
20.71 0.030140229722176
20.72 0.022745277529988
20.73 0.015646256046235
20.74 0.01153047121186
20.75 0.009149309606088
20.76 0.011955791537851
20.77 0.015180226301337
20.78 0.01849115464763
20.79 0.020377243310874
20.8 0.018587869548937
20.81 0.018022472889188
20.82 0.013744348624923
20.83 0.005498224627881
20.84 -0.005189991388918
20.85 -0.013467449697471
20.86 -0.01789415771867
20.87 -0.024545137480057
20.88 -0.028692899704024
20.89 -0.025126500225084
20.9 -0.016965953189174
20.91 -0.001557543395683
20.92 0.013398151161039
20.93 0.025190421735462
20.94 0.037721677852892
20.95 0.046214787537287
20.96 0.048035526452492
20.97 0.044028864140081
20.98 0.030639191831524
20.99 0.014081054613661
21.0 0.001141242216796
21.01 -0.014836604092821
21.02 -0.028619414475228
21.03 -0.036193188812904
21.04 -0.041652504586146
21.05 -0.049118923732903
21.06 -0.047621544919987
21.07 -0.044510430220788
21.08 -0.035954553691739
21.09 -0.028472323723824
21.1 -0.021405621903361
21.11 -0.016079702685435
21.12 -0.013161406354309
21.13 -0.014390189139445
21.14 -0.018119331313118
21.15 -0.02035688422015
21.16 -0.023050690303766
21.17 -0.023872134578731
21.18 -0.026390772088452
21.19 -0.02183163905609
21.2 -0.015983395987452
21.21 -0.011051164731157
21.22 -0.000647451406687
21.23 0.011039160502633
21.24 0.018317684236106
21.25 0.025432455230649
21.26 0.030908374118823
21.27 0.031705822859196
21.28 0.032344449144092
21.29 0.030737701262237
21.3 0.028725566239354
21.31 0.02842537487149
21.32 0.030808144208085
21.33 0.034707243873244
21.34 0.041450180763315
21.35 0.049809428979822
21.36 0.055229428225908
21.37 0.062751264308791
21.38 0.063573450895913
21.39 0.068043828717557
21.4 0.079790766372115
21.41 0.079990778391345
21.42 0.07535342995572
21.43 0.074720400266364
21.44 0.074687677087212
21.45 0.051152732586844
21.46 0.014951569971496
21.47 -0.000496451347885
21.48 -0.018844826130214
21.49 -0.055176474608628
21.5 -0.071098936684087
21.51 -0.075946827828497
21.52 -0.080895892634846
21.53 -0.078458235054456
21.54 -0.065525904082405
21.55 -0.065551568705903
21.56 -0.047376931312268
21.57 -0.032352458753531
21.58 -0.011435108253939
21.59 0.011999672347145
21.6 0.036167487103671
21.61 0.053305349729665
21.62 0.064507618545426
21.63 0.069545811272834
21.64 0.063984442145729
21.65 0.063422171385418
21.66 0.058876971452032
21.67 0.058307090861448
21.68 0.056456914096111
21.69 0.058769119206334
21.7 0.062991698799356
21.71 0.063158997362387
21.72 0.06443469695418
21.73 0.060738441528588
21.74 0.055642400184632
21.75 0.048935101576738
21.76 0.043765943903275
21.77 0.041469598578773
21.78 0.037513606694841
21.79 0.031419379442259
21.8 0.023467901714897
21.81 0.009473859882244
21.82 -0.006092271531213
21.83 -0.022965837905243
21.84 -0.042630499525172
21.85 -0.056523031640025
21.86 -0.066200087987456
21.87 -0.075076359309567
21.88 -0.078072971876328
21.89 -0.076236721936563
21.9 -0.075691069747819
21.91 -0.067161635665944
21.92 -0.062690383700088
21.93 -0.063783052057208
21.94 -0.060418394538524
21.95 -0.054173260169221
21.96 -0.049634756014057
21.97 -0.043373901884142
21.98 -0.037124720926048
21.99 -0.031207105809581
22.0 -0.026487077584612
22.01 -0.021814134593119
22.02 -0.017100415669905
22.03 -0.011582521072765
22.04 -0.002894086547648
22.05 0.008826627824452
22.06 0.021436101889473
22.07 0.032950766725902
22.08 0.041302481067124
22.09 0.046321709300146
22.1 0.049016130287602
22.11 0.051159952203462
22.12 0.048030484263454
22.13 0.047916750371559
22.14 0.044296734611715
22.15 0.038120317621564
22.16 0.029580420285288
22.17 0.01810092558152
22.18 0.005195377872565
22.19 -0.009342326011398
22.2 -0.022429791002403
22.21 -0.034786410209811
22.22 -0.046879490540756
22.23 -0.053200292900739
22.24 -0.05601539337129
22.25 -0.058958239591151
22.26 -0.055589335413317
22.27 -0.05304038465061
22.28 -0.05727865674313
22.29 -0.055468113242458
22.3 -0.05496946274014
22.31 -0.055452579233496
22.32 -0.056108829262312
22.33 -0.058759868699485
22.34 -0.061821118596135
22.35 -0.065933171951059
22.36 -0.068947709950964
22.37 -0.069394392897717
22.38 -0.071039570476958
22.39 -0.070276408189068
22.4 -0.058291532888601
22.41 -0.035897535654163
22.42 -0.021028589975645
22.43 -0.008689110771759
22.44 0.013492426015482
22.45 0.028284702228351
22.46 0.033586548847679
22.47 0.035390395368333
22.48 0.033643513231526
22.49 0.026238232328278
22.5 0.016422421774581
22.51 0.002145498271588
22.52 -0.011605171618544
22.53 -0.02307867874598
22.54 -0.032871466089383
22.55 -0.039210676727328
22.56 -0.041063155661127
22.57 -0.034786641537732
22.58 -0.025742477673757
22.59 -0.014021225473109
22.6 -0.001430677267765
22.61 0.011847627488464
22.62 0.022591243779472
22.63 0.029959966131082
22.64 0.031315062408517
22.65 0.023881415825662
22.66 0.014167943548512
22.67 0.010902266235687
22.68 -0.000973533981636
22.69 -0.012664382225127
22.7 -0.014896111007248
22.71 -0.011712121225653
22.72 -0.008360932043727
22.73 0.001671645563039
22.74 0.01277714988742
22.75 0.023564457720555
22.76 0.033359303985717
22.77 0.04178625557262
22.78 0.046265835201119
22.79 0.050594911513958
22.8 0.051400632009862
22.81 0.043149092962302
22.82 0.03821769510975
22.83 0.027777587979988
22.84 0.00821939223371
22.85 -0.000808373805082
22.86 -0.012763219782069
22.87 -0.027109854562688
22.88 -0.02667945638963
22.89 -0.023077457205211
22.9 -0.020745893049504
22.91 -0.013164621022147
22.92 -0.005647054253948
22.93 0.004699414194326
22.94 0.011666240156069
22.95 0.018885316012201
22.96 0.021430581200832
22.97 0.022531991961411
22.98 0.019630727945528
22.99 0.017355088490258
23.0 0.012960287505692
23.01 0.01009531848235
23.02 0.005793425789795
23.03 0.005435283222356
23.04 0.008329030320164
23.05 0.017744398364269
23.06 0.02972190762973
23.07 0.038872092395606
23.08 0.04802821671361
23.09 0.052535099216264
23.1 0.061180732330136
23.11 0.066320415998793
23.12 0.063810137432539
23.13 0.066895624928906
23.14 0.065645852889145
23.15 0.058078007976726
23.16 0.052540804729464
23.17 0.04647223213225
23.18 0.03166034378313
23.19 0.028055323134016
23.2 0.023479463410408
23.21 0.019303831265448
23.22 0.020482598302921
23.23 0.022630592963401
23.24 0.0219155251398
23.25 0.019955688418781
23.26 0.015304327279389
23.27 0.007170649481958
23.28 -0.004377894120187
23.29 -0.017416848501515
23.3 -0.029022736159293
23.31 -0.037285460051027
23.32 -0.043102413240495
23.33 -0.047891627388122
23.34 -0.050038749070103
23.35 -0.043613028168904
23.36 -0.039784581761252
23.37 -0.04245642338336
23.38 -0.038823491637628
23.39 -0.032897687564621
23.4 -0.025555793153204
23.41 -0.01734494879579
23.42 -0.008646064725557
23.43 0.001552992959848
23.44 0.007751155760979
23.45 0.011237168978501
23.46 0.010451907114367
23.47 0.009991908479982
23.48 0.010234877129961
23.49 0.009634905653114
23.5 0.009187190882971
23.51 0.008557811716995
23.52 0.006851726779052
23.53 0.006199247195364
23.54 0.00362281535797
23.55 0.000461587787094
23.56 -0.000190656329196
23.57 -0.001030009479268
23.58 -0.001958009896082
23.59 -0.002600578608704
23.6 0.001245206247318
23.61 0.006216667224593
23.62 0.007159358223444
23.63 0.007689420508925
23.64 0.008006717020335
23.65 0.005408626548766
23.66 0.001581049950437
23.67 0.000294797354399
23.68 -0.004751785781268
23.69 -0.008705071938622
23.7 -0.011454269660179
23.71 -0.013717854116723
23.72 -0.014979357974694
23.73 -0.013328427460907
23.74 -0.013357228327004
23.75 -0.010563758226579
23.76 -0.004280462108003
23.77 0.002526484121314
23.78 0.004859589845123
23.79 0.004805867561636
23.8 0.004454453460778
23.81 5.3982185138e-05
23.82 -0.003544114368585
23.83 -0.012742560220076
23.84 -0.021015910985082
23.85 -0.027069691068345
23.86 -0.02683425587007
23.87 -0.021423649208122
23.88 -0.016397232913948
23.89 -0.00625179165723
23.9 0.001409666515489
23.91 0.010972762140811
23.92 0.019589827792271
23.93 0.022980893515562
23.94 0.026501442977562
23.95 0.025402844952435
23.96 0.022146163884692
23.97 0.013237505877749
23.98 -0.000813519648003
23.99 -0.013092665170677
24.0 -0.027551422615315
24.01 -0.038739976873945
24.02 -0.043401156842928
24.03 -0.042355790131439
24.04 -0.031528331572524
24.05 -0.023209828237422
24.06 -0.018042093706461
24.07 -0.008319564856512
24.08 -0.00042231881886
24.09 0.003092492735477
24.1 0.003752127170803
24.11 0.002741623916446
24.12 0.001505555844654
24.13 -0.003540186913464
24.14 -0.008748676038413
24.15 -0.012446897408477
24.16 -0.017781074902022
24.17 -0.020512536323312
24.18 -0.02303089890353
24.19 -0.023866852961957
24.2 -0.020134219287406
24.21 -0.012558351513378
24.22 -0.010524473125511
24.23 -0.008471260524793
24.24 -0.001612924513421
24.25 0.003848753441315
24.26 0.002764021122855
24.27 0.000623916783353
24.28 -0.003004788001099
24.29 -0.007106644303776
24.3 -0.014768201025108
24.31 -0.020710704581783
24.32 -0.025156015078101
24.33 -0.027120136800503
24.34 -0.02811482205802
24.35 -0.02423817296602
24.36 -0.018797587792203
24.37 -0.014827869965178
24.38 -0.012620841276918
24.39 -0.009431240909408
24.4 -0.006414625893672
24.41 -0.00503451606051
24.42 -0.00554024623402
24.43 -0.006554231290426
24.44 -0.006073115686453
24.45 -0.003261139689005
24.46 -0.000906913577726
24.47 0.000158642474308
24.48 0.004620773041891
24.49 0.011216030875462
24.5 0.015103641747023
24.51 0.018566510987937
24.52 0.022823353985944
24.53 0.023752232342193
24.54 0.02266488096857
24.55 0.020292664041078
24.56 0.015740928446979
24.57 0.015978638230251
24.58 0.014110031767099
24.59 0.010639720074083
24.6 0.008887758536861
24.61 0.010323359011909
24.62 0.009915115227754
24.63 0.01032835494729
24.64 0.014138071500897
24.65 0.015741808509271
24.66 0.017731939670957
24.67 0.020969163569081
24.68 0.023339443751876
24.69 0.024651878406468
24.7 0.024027068834853
24.71 0.018752765745354
24.72 0.008660792370824
24.73 -0.00052862536789
24.74 -0.010633862851637
24.75 -0.024930037677621
24.76 -0.034935570406043
24.77 -0.038606794118806
24.78 -0.04403006752671
24.79 -0.048828018979239
24.8 -0.048984888714495
24.81 -0.047673122194257
24.82 -0.044121724906285
24.83 -0.034085901249086
24.84 -0.023474016199085
24.85 -0.010347951126037
24.86 0.002797832967963
24.87 0.012735492126169
24.88 0.019961937833575
24.89 0.025838860629986
24.9 0.027549406204677
24.91 0.026050162535767
24.92 0.026382899128023
24.93 0.029069798230639
24.94 0.031928573520031
 
 
 
 
 
 
 
 
 
 
 
 
 
 
 
 
 
 
 
 
 
 
 
 
 
 
 
 
 
 
 
 
 
 
 
 
 
 
 
 
 
 
 
 
 
 
 
 
 
 
 
 
 
 
 
 
 
 
 
 
 
 
 
 
 
 
 
 
 
 
 
 
 
 
 
 
 
 
 
 
 
 
 
 
 
 
 
 
 
 
 
 
 
 
 
 
 
 
 
 
 
 
 
 
 
 
 
 
 
 
 
 
 
 
 
 
 
 
 
 
 
 
 
 
 
 
 
 
 
 
 
 
 
 
 
 
 
 
 
 
 
 
 
 
 
 
 
 
 
 
 
 
 
 
 
 
 
 
 
 
 
 
 
 
 
 
 
 
 
 
 
 
 
 
 
 
 
 
 
 
 
 
 
 
 
 
 
 
 
 
 
 
 
 
 
 
 
 
 
 
 
 
 
 
 
 
 
 
 
 
 
 
 
 
 
 
 
 
 
 
 
 
 
 
 
 
 
 
 
 
 
 
 
 
 
 
 
 
 
 
 
 
 
 
 
 
 
 
 
 
 
 
 
 
 
 
 
 
 
 
 
 
 
 
 
 
 
 
 
 
 
 
 
 
 
 
 
 
 
 
 
 
 
 
 
 
 
 
 
 
 
 
 
 
 
 
 
 
 
 
 
 
 
 
 
 
 
 
 
 
 
 
 
 
 
 
 
 
 
 
 
 
 
 
 
 
 
 
 
 
 
 
 
 
 
 
 
 
 
 
 
 
 
 
 
 
 
 
 
 
 
 
 
 
 
 
 
 
 
 
 
 
 
 
 
 
 
 
 
 
 
 
 
 
 
 
 
 
 
 
 
 
 
 
 
 
 
 
 
 
 
 
 
 
 
 
 
 
 
 
 
 
 
 
 
 
 
 
 
 
 
 
 
 
 
 
 
 
 
 
 
 
 
 
 
 
 
 
 
 
 
 
 
 
 
 
 
 
 
 
 
 
 
 
 
 
 
 
 
 
 
 
 
 
 
 
 
 
 
 
 
 
 
 
 
 
 
 
 
 
 
 
 
 
 
 
 
 
 
 
 
 
 
 
 
 
 
 
 
 
 
 
 
 
 
 
 
 
 
 
 
 
 
 
 
 
 
 
 
 
 
 
 
 
 
 
 
 
 
 
 
 
 
 
 
 
 
 
 
 
 
 
 
 
 
 
 
 
 
 
 
 
 
 
 
 
 
 
 
 
 
 
 
 
 
 
 
 
 
 
 
 
 
 
 
 
 
 
 
 
 
 
 
 
 
 
 
 
 
 
 
 
 
 
 
 
 
 
 
 
 
 
 
 
 
 
 
 
 
 
 
 
 
 
 
 
 
 
 
 
 
 
 
 
 
 
 
 
 
 
 
 
 
 
 
 
 
 
 
 
 
 
 
 
 
 
 
 
 
 
 
 
 
 
 
 
 
 
 
 
 
 
 
 
 
 
 
 
 
 
 
 
 
 
 
 
 
 
 
 
 
 
 
 
 
 
 
 
 
 
 
 
 
 
 
 
 
 
 
 
 
 
 
 
 
 
 
 
 
 
 
 
 
 
 
 
 
 
 
 
 
 
 
 
 
 
 
 
 
 
 
 
 
 
 
 
 
 
 
 
 
 
 
 
 
 
 
 
 
 
 
 
 
 
 
 
 
 
 
 
 
 
 
 
 
 
 
 
 
 
 
 
 
 
 
 
 
 
 
 
 
 
 
 
 
 
 
 
 
 
 
 
 
 
 
 
 
 
 
 
 
 
 
 
 
 
 
 
 
 
 
 
 
 
 
 
 
 
 
 
 
 
 
 
 
 
 
 
 
 
 
 
 
 
 
 
 
 
 
 
 
 
 
 
 
 
 
 
 
 
 
 
 
 
 
 
 
 
 
 
 
 
 
 
 
 
 
 
 
 
 
 
 
 
 
 
 
 
 
 
 
 
 
 
 
 
 
 
 
 
 
 
 
 
 
 
 
 
 
 
 
 
 
 
 
 
 
 
 
 
 
 
 
 
 
 
 
 
 
 
 
 
 
 
 
 
 
 
 
 
 
 
 
 
 
 
 
 
 
 
 
 
 
 
 
 
 
 
 
 
 
 
 
 
 
 
 
 
 
 
 
 
 
 
 
 
 
 
 
 
 
 
 
 
 
 
 
 
 
 
 
 
 
 
 
 
 
 
 
 
 
 
 
 
 
 
 
 
 
 
 
 
 
 
 
 
 
 
 
 
 
 
 
 
 
 
 
 
 
 
 
 
 
 
 
 
 
 
 
 
 
 
 
 
 
 
 
 
 
 
 
 
 
 
 
 
 
 
 
 
 
 
 
 
 
 
 
 
 
 
 
 
 
 
 
 
 
 
 
 
 
 
 
 
 
 
 
 
 
 
 
 
 
 
 
 
 
 
 
 
 
 
 
 
 
 
 
 
 
 
 
 
 
 
 
 
 
 
 
 
 
 
 
 
 
 
 
 
 
 
 
 
 
 
 
 
 
 
 
 
 
 
 
 
 
 
 
 
 
 
 
 
 
 
 
 
 
 
 
 
 
 
 
 
 
 
 
 
 
 
 
 
 
 
 
 
 
 
 
 
 
 
 
 
 
 
 
 
 
 
 
 
 
 
 
 
 
 
 
 
 
 
 
 
 
 
 
 
 
 
 
 
 
 
 
 
 
 
 
 
 
 
 
 
 
 
 
 
 
 
 
 
 
 
 
 
 
 
 
 
 
 
 
 
 
 
 
 
 
 
 
 
 
 
 
 
 
 
 
 
 
 
 
 
 
 
 
 
 
 
 
 
 
 
 
 
 
 
 
 
 
 
 
 
 
 
 
 
 
 
 
 
 
 
 
 
 
 
 
 
 
 
 
 
 
 
 
 
 
 
 
 
 
 
 
 
 
 
 
 
 
 
 
 
 
 
 
 
 
 
 
 
 
 
 
 
 
 
 
 
 
 
 
 
 
 
 
 
 
 
 
 
 
 
 
 
 
 
 
 
 
 
 
 
 
 
 
 
 
 
 
 
 
 
 
 
 
 
 
 
 
 
 
 
 
 
 
 
 
 
 
 
 
 
 
 
 
 
 
 
 
 
 
 
 
 
 
 
 
 
 
 
 
 
 
 
 
 
 
 
 
 
 
 
 
 
 
 
 
 
 
 
 
 
 
 
 
 
 
 
 
 
 
 
 
 
 
 
 
 
 
 
 
 
 
 
 
 
 
 
 
 
 
 
 
 
 
 
 
 
 
 
 
 
 
 
 
 
 
 
 
 
 
 
 
 
 
 
 
 
 
 
 
 
 
 
 
 
 
 
 
 
 
 
 
 
 
 
 
 
 
 
 
 
 
 
 
 
 
 
 
 
 
 
 
 
 
 
 
 
 
 
 
 
 
 
 
 
 
 
 
 
 
 
 
 
 
 
 
 
 
 
 
 
 
 
 
 
 
 
 
 
 
 
 
 
 
 
 
 
 
 
 
 
 
 
 
 
 
 
 
 
 
 
 
 
 
 
 
 
 
 
 
 
 
 
 
 
 
 
 
 
 
 
 
 
 
 
 
 
 
 
 
 
 
 
 
 
 
 
 
 
 
 
 
 
 
 
 
 
 
 
 
 
 
 
 
 
 
 
 
 
 
 
 
 
 
 
 
 
 
 
 
 
 
 
 
 
 
 
 
 
 
 
 
 
 
 
 
 
 
 
 
 
 
 
 
 
 
 
 
 
 
 
 
 
 
 
 
 
 
 
 
 
 
 
 
 
 
 
 
 
 
 
 
 
 
 
 
 
 
 
 
 
 
 
 
 
 
 
 
 
 
 
 
 
 
 
 
 
 
 
 
 
 
 
 
 
 
 
 
 
 
 
 
 
 
 
 
 
 
 
 
 
 
 
 
 
 
 
 
 
 
 
 
 
 
 
 
 
 
 
 
 
 
 
 
 
 
 
 
 
 
 
 
 
 
 
 
 
 
 
 
 
 
 
 
 
 
 
 
 
 
 
 
 
 
 
 
 
 
 
 
 
 
 
 
 
 
 
 
 
 
 
 
 
 
 
 
 
 
 
 
 
 
 
 
 
 
 
 
 
 
 
 
 
 
 
 
 
 
 
 
 
 
 
 
 
 
 
 
 
 
 
 
 
 
 
 
 
 
 
 
 
 
 
 
 
 
 
 
 
 
 
 
 
 
 
 
 
 
 
 
 
 
 
 
 
 
 
 
 
 
 
 
 
 
 
 
 
 
 
 
 
 
 
 
 
 
 
 
 
 
 
 
 
 
 
 
 
 
 
 
 
 
 
 
 
 
 
 
 
 
 
 
 
 
 
 
 
 
 
 
 
 
 
 
 
 
 
 
 
 
 
 
 
 
 
 
 
 
 
 
 
 
 
 
 
 
 
 
 
 
 
 
 
 
 
 
 
 
 
 
 
 
 
 
 
 
 
 
 
 
 
 
 
 
 
 
 
 
 
 
 
 
 
 
 
 
 
 
 
 
 
 
 
 
 
 
 
 
 
 
 
 
 
 
 
 
 
 
 
 
 
 
 
 
 
 
 
 
 
 
 
 
 
 
 
 
 
 
 
 
 
 
 
 
 
 
 
 
 
 
 
 
 
 
 
 
 
 
 
 
 
 
 
 
 
 
 
 
 
 
 
 
 
 
 
 
 
 
 
 
 
 
 
 
 
 
 
 
 
 
 
 
 
 
 
 
 
 
 
 
 
 
 
 
 
 
 
 
 
 
 
 
 
 
 
 
 
 
 
 
 
 
 
 
 
 
 
 
 
 
 
 
 
 
 
 
 
 
 
 
 
 
 
 
 
 
 
 
 
 
 
 
 
 
 
 
 
 
 
 
 
 
 
 
 
 
 
 
 
 
 
 
 
 
 
 
 
 
 
 
 
 
 
 
 
 
 
 
 
 
 
 
 
 
 
 
 
 
 
 
 
 
 
 
 
 
 
 
 
 
 
 
 
 
 
 
 
 
 
 
 
 
 
 
 
 
 
 
 
 
 
 
 
 
 
 
 
 
 
 
 
 
 
 
 
 
 
 
 
 
 
 
 
 
 
 
 
 
 
 
 
 
 
 
 
 
 
 
 
 
 
 
 
 
 
 
 
 
 
 
 
 
 
 
 
 
 
 
 
 
 
 
 
 
 
 
 
 
 
 
 
 
 
 
 
 
 
 
 
 
 
 
 
 
 
 
 
 
 
 
 
 
 
 
 
 
 
 
 
 
 
 
 
 
 
 
 
 
 
 
 
 
 
 
 
 
 
 
 
 
 
 
 
 
 
 
 
 
 
 
 
 
 
 
 
 
 
 
 
 
 
 
 
 
 
 
 
 
 
 
 
 
 
 
 
 
 
 
 
 
 
 
 
 
 
 
 
 
 
 
 
 
 
 
 
 
 
 
 
 
 
 
 
 
 
 
 
 
 
 
 
 
 
 
 
 
 
 
 
 
 
 
 
 
 
 
 
 
 
 
 
 
 
 
 
 
 
 
 
 
 
 
 
 
 
 
 
 
 
 
 
 
 
 
 
 
 
 
 
 
 
 
 
 
 
 
 
 
 
 
 
 
 
 
 
 
 
 
 
 
 
 
 
 
 
 
 
 
 
 
 
 
 
 
 
 
 
 
 
 
 
 
 
 
 
 
 
 
 
 
 
 
 
 
 
 
 
 
 
 
 
 
 
 
 
 
 
 
 
 
 
 
 
 
 
 
 
 
 
 
 
 
 
 
 
 
 
 
 
 
 
 
 
 
 
 
 
 
 
 
 
 
 
 
 
 
 
 
 
 
 
 
 
 
 
 
 
 
 
 
 
 
 
 
 
 
 
 
 
 
 
 
 
 
 
 
 
 
 
 
 
 
 
 
 
 
 
 
 
 
 
 
 
 
 
 
 
 
 
 
 
 
 
 
 
 
 
 
 
 
 
 
 
 
 
 
 
 
 
 
 
 
 
 
 
 
 
 
 
 
 
 
 
 
 
 
 
 
 
 
 
 
 
 
 
 
 
 
 
 
 
 
 
 
 
 
 
 
 
 
 
 
 
 
 
 
 
 
 
 
 
 
 
 
 
 
 
 
 
 
 
 
 
 
 
 
 
 
 
 
 
 
 
 
 
 
 
 
 
 
 
 
 
 
 
 
 
 
 
 
 
 
 
 
 
 
 
 
 
 
 
 
 
 
 
 
 
 
 
 
 
 
 
 
 
 
 
 
 
 
 
 
 
 
 
 
 
 
 
 
 
 
 
 
 
 
 
 
 
 
 
 
 
 
 
 
 
 
 
 
 
 
 
 
 
 
 
 
 
 
 
 
 
 
 
 
 
 
 
 
 
 
 
 
 
 
 
 
 
 
 
 
 
 
 
 
 
 
 
 
 
 
 
 
 
 
 
 
 
 
 
 
 
 
 
 
 
 
 
 
 
 
 
 
 
 
 
 
 
 
 
 
 
 
 
 
 
 
 
 
 
 
 
 
 
 
 
 
 
 
 
 
 
 
 
 
 
 
 
 
 
 
 
 
 
 
 
 
 
 
 
 
 
 
 
 
 
 
 
 
 
 
 
 
 
 
 
 
 
 
 
 
 
 
 
 
 
 
 
 
 
 
 
 
 
 
 
 
 
 
 
 
 
 
 
 
 
 
 
 
 
 
 
 
 
 
 
 
 
 
 
 
 
 
 
 
 
 
 
 
 
 
 
 
 
 
 
 
 
 
 
 
 
 
 
 
 
 
 
 
 
 
 
 
 
 
 
 
 
 
 
 
 
 
 
 
 
 
 
 
 
 
 
 
 
 
 
 
 
 
 
 
 
 
 
 
 
 
 
 
 
 
 
 
 
 
 
 
 
 
 
 
 
 
 
 
 
 
 
 
 
 
 
 
 
 
 
 
 
 
 
 
 
 
 
 
 
 
 
 
 
 
 
 
 
 
 
 
 
 
 
 
 
 
 
 
 
 
 
 
 
 
 
 
 
 
 
 
 
 
 
 
 
 
 
 
 
 
 
 
 
 
 
 
 
 
 
 
 
 
 
 
 
 
 
 
 
 
 
 
 
 
 
 
 
 
 
 
 
 
 
 
 
 
 
 
 
 
 
 
 
 
 
 
 
 
 
 
 
 
 
 
 
 
 
 
 
 
 
 
 
 
 
 
 
 
 
 
 
 
 
 
 
 
 
 
 
 
 
 
 
 
 
 
 
 
 
 
 
 
 
 
 
 
 
 
 
 
 
 
 
 
 
 
 
 
 
 
 
 
 
 
 
 
 
 
 
 
 
 
 
 
 
 
 
 
 
 
 
 
 
 
 
 
 
 
 
 
 
 
 
 
 
 
 
 
 
 
 
 
 
 
 
 
 
 
 
 
 
 
 
 
 
 
 
 
 
 
 
 
 
 
 
 
 
 
 
 
 
 
 
 
 
 
 
 
 
 
 
 
 
 
 
 
 
 
 
 
 
 
 
 
 
 
 
 
 
 
 
 
 
 
 
 
 
 
 
 
 
 
 
 
 
 
 
 
 
 
 
 
 
 
 
 
 
 
 
 
 
 
 
 
 
 
 
 
 
 
 
 
 
 
 
 
 
 
 
 
 
 
 
 
 
 
 
 
 
 
 
 
 
 
 
 
 
 
 
 
 
 
 
 
 
 
 
 
 
 
 
 
 
 
 
 
 
 
 
 
 
 
 
 
 
 
 
 
 
 
 
 
 
 
 
 
 
 
 
 
 
 
 
 
 
 
 
 
 
 
 
 
 
 
 
 
 
 
 
 
 
 
 
 
 
 
 
 
 
 
 
 
 
 
 
 
 
 
 
 
 
 
 
 
 
 
 
 
 
 
 
 
 
 
 
 
 
 
 
 
 
 
 
 
 
 
 
 
 
 
 
 
 
 
 
 
 
 
 
 
 
 
 
 
 
 
 
 
 
 
 
 
 
 
 
 
 
 
 
 
 
 
 
 
 
 
 
 
 
 
 
 
 
 
 
 
 
 
 
 
 
 
 
 
 
 
 
 
 
 
 
 
 
 
 
 
 
 
 
 
 
 
 
 
 
 
 
 
 
 
 
 
 
 
 
 
 
 
 
 
 
 
 
 
 
 
 
 
 
 
 
 
 
 
 
 
 
 
 
 
 
 
 
 
 
 
 
 
 
 
 
 
 
 
 
 
 
 
 
 
 
 
 
 
 
 
 
 
 
 
 
 
 
 
 
 
 
 
 
 
 
 
 
 
 
 
 
 
 
 
 
 
 
 
 
 
 
 
 
 
 
 
 
 
 
 
 
 
 
 
 
 
 
 
 
 
 
 
 
 
 
 
 
 
 
 
 
 
 
 
 
 
 
 
 
 
 
 
 
 
 
 
 
 
 
 
 
 
 
 
 
 
 
 
 
 
 
 
 
 
 
 
 
 
 
 
 
 
 
 
 
 
 
 
 
 
 
 
 
 
 
 
 
 
 
 
 
 
 
 
 
 
 
 
 
 
 
 
 
 
 
 
 
 
 
 
 
 
 
 
 
 
 
 
 
 
 
 
 
 
 
 
 
 
 
 
 
 
 
 
 
 
 
 
 
 
 
 
 
 
 
 
 
 
 
 
 
 
 
 
 
 
 
 
 
 
 
 
 
 
 
 
 
 
 
 
 
 
 
 
 
 
 
 
 
 
 
 
 
 
 
 
 
 
 
 
 
 
 
 
 
 
 
 
 
 
 
 
 
 
 
 
 
 
 
 
 
 
 
 
 
 
 
 
 
 
 
 
 
 
 
 
 
 
 
 
 
 
 
 
 
 
 
 
 
 
 
 
 
 
 
 
 
 
 
 
 
 
 
 
 
 
 
 
 
 
 
 
 
 
 
 
 
 
 
 
 
 
 
 
 
 
 
 
 
 
 
 
 
 
 
 
 
 
 
 
 
 
 
 
 
 
 
 
 
 
 
 
 
 
 
 
 
 
 
 
 
 
 
 
 
 
 
 
 
 
 
 
 
 
 
 
 
 
 
 
 
 
 
 
 
 
 
 
 
 
 
 
 
 
 
 
 
 
 
 
 
 
 
 
 
 
 
 
 
 
 
 
 
 
 
 
 
 
 
 
 
 
 
 
 
 
 
 
 
 
 
 
 
 
 
 
 
 
 
 
 
 
 
 
 
 
 
 
 
 
 
 
 
 
 
 
 
 
 
 
 
 
 
 
 
 
 
 
 
 
 
 
 
 
 
 
 
 
 
 
 
 
 
 
 
 
 
 
 
 
 
 
 
 
 
 
 
 
 
 
 
 
 
 
 
 
 
 
 
 
 
 
 
 
 
 
 
 
 
 
 
 
 
 
 
 
 
 
 
 
 
 
 
 
 
 
 
 
 
 
 
 
 
 
 
 
 
 
 
 
 
 
 
 
 
 
 
 
 
 
 
 
 
 
 
 
 
 
 
 
 
 
 
 
 
 
 
 
 
 
 
 
 
 
 
 
 
 
 
 
 
 
 
 
 
 
 
 
 
 
 
 
 
 
 
 
 
 
 
 
 
 
 
 
 
 
 
 
 
 
 
 
 
 
 
 
 
 
 
 
 
 
 
 
 
 
 
 
 
 
 
 
 
 
 
 
 
 
 
 
 
 
 
 
 
 
 
 
 
 
 
 
 
 
 
 
 
 
 
 
 
 
 
 
 
 
 
 
 
 
 
 
 
 
 
 
 
 
 
 
 
 
 
 
 
 
 
 
 
 
 
 
 
 
 
 
 
 
 
 
 
 
 
 
 
 
 
 
 
 
 
 
 
 
 
 
 
 
 
 
 
 
 
 
 
 
 
 
 
 
 
 
 
 
 
 
 
 
 
 
 
 
 
 
 
 
 
 
 
 
 
 
 
 
 
 
 
 
 
 
 
 
 
 
 
 
 
 
 
 
 
 
 
 
 
 
 
 
 
 
 
 
 
 
 
 
 
 
 
 
 
 
 
 
 
 
 
 
 
 
 
 
 
 
 
 
 
 
 
 
 
 
 
 
 
 
 
 
 
 
 
 
 
 
 
 
 
 
 
 
 
 
 
 
 
 
 
 
 
 
 
 
 
 
 
 
 
 
 
 
 
 
 
 
 
 
 
 
 
 
 
 
 
 
 
 
 
 
 
 
 
 
 
 
 
 
 
 
 
 
 
 
 
 
 
 
 
 
 
 
 
 
 
 
 
 
 
 
 
 
 
 
 
 
 
 
 
 
 
 
 
 
 
 
 
 
 
 
 
 
 
 
 
 
 
 
 
 
 
 
 
 
 
 
 
 
 
 
 
 
 
 
 
 
 
 
 
 
 
 
 
 
 
 
 
 
 
 
 
 
 
 
 
 
 
 
 
 
 
 
 
 
 
 
 
 
 
 
 
 
 
 
 
 
 
 
 
 
 
 
 
 
 
 
 
 
 
 
 
 
 
 
 
 
 
 
 
 
 
 
 
 
 
 
 
 
 
 
 
 
 
 
 
 
 
 
 
 
 
 
 
 
 
 
 
 
 
 
 
 
 
 
 
 
 
 
 
 
 
 
 
 
 
 
 
 
 
 
 
 
 
 
 
 
 
 
 
 
 
 
 
 
 
 
 
 
 
 
 
 
 
 
 
 
 
 
 
 
 
 
 
 
 
 
 
 
 
 
 
 
 
 
 
 
 
 
 
 
 
 
 
 
 
 
 
 
 
 
 
 
 
 
 
 
 
 
 
 
 
 
 
 
 
 
 
 
 
 
 
 
 
 
 
 
 
 
 
 
 
 
 
 
 
 
 
 
 
 
 
 
 
 
 
 
 
 
 
 
 
 
 
 
 
 
 
 
 
 
 
 
 
 
 
 
 
 
 
 
 
 
 
 
 
 
 
 
 
 
 
 
 
 
 
 
 
 
 
 
 
 
 
 
 
 
 
 
 
 
 
 
 
 
 
 
 
 
 
 
 
 
 
 
 
 
 
 
 
 
 
 
 
 
 
 
 
 
 
 
 
 
 
 
 
 
 
 
 
 
 
 
 
 
 
 
 
 
 
 
 
 
 
 
 
 
 
 
 
 
 
 
 
 
 
 
 
 
 
 
 
 
 
 
 
 
 
 
 
 
 
 
 
 
 
 
 
 
 
 
 
 
 
 
 
 
 
 
 
 
 
 
 
 
 
 
 
 
 
 
 
 
 
 
 
 
 
 
 
 
 
 
 
 
 
 
 
 
 
 
 
 
 
 
 
 
 
 
 
 
 
 
 
 
 
 
 
 
 
 
 
 
 
 
 
 
 
 
 
 
 
 
 
 
 
 
 
 
 
 
 
 
 
 
 
 
 
 
 
 
 
 
 
 
 
 
 
 
 
 
 
 
 
 
 
 
 
 
 
 
 
 
 
 
 
 
 
 
 
 
 
 
 
 
 
 
 
 
 
 
 
 
 
 
 
 
 
 
 
 
 
 
 
 
 
 
 
 
 
 
 
 
 
 
 
 
 
 
 
 
 
 
 
 
 
 
 
 
 
 
 
 
 
 
 
 
 
 
 
 
 
 
 
 
 
 
 
 
 
 
 
 
 
 
 
 
 
 
 
 
 
 
 
 
 
 
 
 
 
 
 
 
 
 
 
 
 
 
 
 
 
 
 
 
 
 
 
 
 
 
 
 
 
 
 
 
 
 
 
 
 
 
 
 
 
 
 
 
 
 
 
 
 
 
 
 
 
 
 
 
 
 
 
 
 
 
 
 
 
 
 
 
 
 
 
 
 
 
 
 
 
 
 
 
 
 
 
 
 
 
 
 
 
 
 
 
 
 
 
 
 
 
 
 
 
 
 
 
 
 
 
 
 
 
 
 
 
 
 
 
 
 
 
 
 
 
 
 
 
 
 
 
 
 
 
 
 
 
 
 
 
 
 
 
 
 
 
 
 
 
 
 
 
 
 
 
 
 
 
 
 
 
 
 
 
 
 
 
 
 
 
 
 
 
 
 
 
 
 
 
 
 
 
 
 
 
 
 
 
 
 
 
 
 
 
 
 
 
 
 
 
 
 
 
 
 
 
 
 
 
 
 
 
 
 
 
 
 
 
 
 
 
 
 
 
 
 
 
 
 
 
 
 
 
 
 
 
 
 
 
 
 
 
 
 
 
 
 
 
 
 
 
 
 
 
 
 
 
 
 
 
 
 
 
 
 
 
 
 
 
 
 
 
 
 
 
 
 
 
 
 
 
 
 
 
 
 
 
 
 
 
 
 
 
 
 
 
 
 
 
 
 
 
 
 
 
 
 
 
 
 
 
 
 
 
 
 
 
 
 
 
 
 
 
 
 
 
 
 
 
 
 
 
 
 
 
 
 
 
 
 
 
 
 
 
 
 
 
 
 
 
 
 
 
 
 
 
 
 
 
 
 
 
 
 
 
 
 
 
 
 
 
 
 
 
 
 
 
 
 
 
 
 
 
 
 
 
 
 
 
 
 
 
 
 
 
 
 
 
 
 
 
 
 
 
 
 
 
 
 
 
 
 
 
 
 
 
 
 
 
 
 
 
 
 
 
 
 
 
 
 
 
 
 
 
 
 
 
 
 
 
 
 
 
 
 
 
 
 
 
 
 
 
 
 
 
 
 
 
 
 
 
 
 
 
 
 
 
 
 
 
 
 
 
 
 
 
 
 
 
 
 
 
 
 
 
 
 
 
 
 
 
 
 
 
 
 
 
 
 
 
 
 
 
 
 
 
 
 
 
 
 
 
 
 
 
 
 
 
 
 
 
 
 
 
 
 
 
 
 
 
 
 
 
 
 
 
 
 
 
 
 
 
 
 
 
 
 
 
 
 
 
