0.0 0.0
0.01 2.33526589e-07
0.02 2.33927039e-07
0.03 2.34472716e-07
0.04 2.34346486e-07
0.05 2.32821057e-07
0.06 2.31434837e-07
0.07 2.33045732e-07
0.08 2.3647492e-07
0.09 2.28265105e-07
0.1 2.07929606e-07
0.11 1.94359843e-07
0.12 1.98936107e-07
0.13 2.12397511e-07
0.14 1.87060103e-07
0.15 1.04483109e-07
0.16 8.9339414e-08
0.17 1.40439161e-07
0.18 1.70873409e-07
0.19 1.5337823e-07
0.2 -3.7486523e-08
0.21 -1.48208025e-07
0.22 5.1067055e-08
0.23 2.41062327e-07
0.24 2.86890286e-07
0.25 5.1081593e-08
0.26 -4.46958287e-07
0.27 -3.50119614e-07
0.28 2.47395176e-07
0.29 3.79640762e-07
0.3 -1.10564445e-07
0.31 -1.314058891e-06
0.32 -2.923828188e-06
0.33 -4.314457011e-06
0.34 -5.852351008e-06
0.35 -7.958837665e-06
0.36 -1.0376180667e-05
0.37 -1.1472273126e-05
0.38 -1.1348635337e-05
0.39 -1.1718837902e-05
0.4 -1.3203401492e-05
0.41 -1.4663184873e-05
0.42 -1.1886497878e-05
0.43 -2.117501141e-06
0.44 8.329278589e-06
0.45 9.755601996e-06
0.46 1.150555608e-06
0.47 -1.1279355006e-05
0.48 -1.762681234e-05
0.49 -1.1668379214e-05
0.5 -3.266190889e-06
0.51 -3.033804754e-06
0.52 -7.946183486e-06
0.53 -1.4518049887e-05
0.54 -1.9870793071e-05
0.55 -2.5734886156e-05
0.56 -4.0836078529e-05
0.57 -5.3107118314e-05
0.58 -4.5867011297e-05
0.59 -3.9098090289e-05
0.6 -6.2057952386e-05
0.61 -0.000116240697102
0.62 -0.0001658720328
0.63 -0.000161010302295
0.64 -9.616905492e-05
0.65 -1.8094559292e-05
0.66 9.249415725e-06
0.67 -1.5674581817e-05
0.68 -2.8807766138e-05
0.69 2.5952056818e-05
0.7 0.000100619841542
0.71 9.608631808e-05
0.72 -1.8038343626e-05
0.73 -0.000138316328757
0.74 -0.00015009970756
0.75 -8.0532363041e-05
0.76 -5.7435451096e-05
0.77 -0.000146971011396
0.78 -0.000278145868793
0.79 -0.000294154637094
0.8 -0.000178553915264
0.81 -6.4985512148e-05
0.82 -5.3635518762e-05
0.83 -8.8268585602e-05
0.84 -5.440432488e-05
0.85 3.6352580458e-05
0.86 4.4316263076e-05
0.87 -8.8373143409e-05
0.88 -0.000214147405444
0.89 -0.000170019298513
0.9 -2.4683092812e-05
0.91 4.666008131e-05
0.92 -4.0656896772e-05
0.93 -0.0001835869968
0.94 -0.000176838740882
0.95 -4.0641629451e-05
0.96 -1.7221269901e-05
0.97 -0.000135577348441
0.98 -0.000189817887802
0.99 -0.000195495483345
1.0 -0.000306388736757
1.01 -0.00045006017318
1.02 -0.000544195732692
1.03 -0.000569003317908
1.04 -0.000474636663821
1.05 -0.000329598842432
1.06 -0.000225279556666
1.07 -0.000117001698542
1.08 -1.3785758414e-05
1.09 5.4388338037e-05
1.1 0.000112378486457
1.11 0.000148547925371
1.12 0.000228082109386
1.13 0.000380544110297
1.14 0.000406407012571
1.15 0.000232172371778
1.16 -1.3600314937e-05
1.17 -0.000317097804768
1.18 -0.000523032385845
1.19 -0.000372439923386
1.2 -0.000136555255377
1.21 -0.000149343737373
1.22 -0.000277256859149
1.23 -0.00029884260574
1.24 -0.000161778242322
1.25 0.000157595641245
1.26 0.000395715194584
1.27 0.000279416880314
1.28 6.1077443595e-05
1.29 2.8920625264e-05
1.3 0.000202858721496
1.31 0.000445865870513
1.32 0.000423474991836
1.33 -1.621976005e-05
1.34 -0.00031696755679
1.35 -2.4471852891e-05
1.36 0.0005199214133
1.37 0.000753891779202
1.38 0.000578647937931
1.39 0.000442390507248
1.4 0.0006257689539
1.41 0.000820174442144
1.42 0.000681685984005
1.43 0.000375186984624
1.44 0.000186277208054
1.45 3.9817335473e-05
1.46 -0.000161688277865
1.47 -0.000462430762426
1.48 -0.000925440854988
1.49 -0.001357926408663
1.5 -0.001508891904373
1.51 -0.001527751085943
1.52 -0.001535239257956
1.53 -0.001606264179565
1.54 -0.001602411269788
1.55 -0.001034466735099
1.56 -4.9593238908e-05
1.57 0.000165874530312
1.58 -0.000394342242389
1.59 -0.000519390120986
1.6 8.7137451058e-05
1.61 0.000635020924977
1.62 0.000624469393081
1.63 8.8161356414e-05
1.64 -0.000661534602568
1.65 -0.00079617065213
1.66 -0.000610750227818
1.67 -0.000713506357656
1.68 -0.000826198041891
1.69 -0.000675551087535
1.7 -0.000330443553024
1.71 0.000136870677518
1.72 0.000400557220387
1.73 0.000566992126909
1.74 0.001104497256876
1.75 0.001759765380129
1.76 0.002039587580962
1.77 0.001596157346207
1.78 0.000621577965595
1.79 8.2426144374e-05
1.8 0.00037734970016
1.81 0.000891722322473
1.82 0.00030070404183
1.83 -0.000980115389146
1.84 -0.001630778722937
1.85 -0.000798514379805
1.86 0.000760982136202
1.87 0.001060378458968
1.88 0.000113814719716
1.89 -0.00068822652987
1.9 -0.000586034114276
1.91 -0.000260422221088
1.92 -0.000112759740653
1.93 -0.000641977785719
1.94 -0.001466865970023
1.95 -0.001737622055483
1.96 -0.001931779781296
1.97 -0.002120424096869
1.98 -0.001565118938429
1.99 -0.000768353058278
2.0 -0.000460369968285
2.01 -0.000388149348849
2.02 -8.837468077e-06
2.03 0.000409136778469
2.04 0.001105123401828
2.05 0.001866917717242
2.06 0.001991530671792
2.07 0.001699521974703
2.08 0.001432124587926
2.09 0.001434047599111
2.1 0.001361003116466
2.11 0.001333417624917
2.12 0.001094539956939
2.13 0.000476457382496
2.14 -1.417419392e-06
2.15 3.0081614343e-05
2.16 0.000354241705762
2.17 0.00030441691949
2.18 -6.4111670041e-05
2.19 -0.000238982955181
2.2 0.000301472647487
2.21 0.000951714202105
2.22 0.000744881111713
2.23 -0.000206198113449
2.24 -0.001182896562032
2.25 -0.001323045644566
2.26 -0.00073645209415
2.27 -0.000708628680452
2.28 -0.001537224645725
2.29 -0.002272758261844
2.3 -0.001544687160479
2.31 -0.000196544577199
2.32 -0.000164129602152
2.33 -0.000956769217947
2.34 -0.001054156106711
2.35 -0.00049646770346
2.36 0.000520912633469
2.37 0.000942557789604
2.38 0.000248674537185
2.39 -0.000481421786082
2.4 -0.000146872121555
2.41 0.000515848489052
2.42 4.5647218001e-05
2.43 -0.000327200701149
2.44 -0.000478113975939
2.45 -0.000315596877587
2.46 1.681887812e-05
2.47 0.000302741870638
2.48 0.000492641313259
2.49 0.000727110892937
2.5 0.001283981621229
2.51 0.001425868533132
2.52 0.00151492914053
2.53 0.001680429593694
2.54 0.002105260238814
2.55 0.001979481312195
2.56 0.001065344374004
2.57 -0.000294750628317
2.58 -0.001384135712616
2.59 -0.002141469166254
2.6 -0.002395721623453
2.61 -0.002525029399356
2.62 -0.002801485675109
2.63 -0.002813559838172
2.64 -0.002085741952122
2.65 -0.001210418860481
2.66 -0.000852971592353
2.67 -0.000359859416016
2.68 0.000782511638947
2.69 0.001531766998489
2.7 0.001727264318713
2.71 0.001502615885239
2.72 0.00099051096891
2.73 0.000699814068935
2.74 0.000611318543705
2.75 0.000757514166926
2.76 0.000874918560312
2.77 0.001332897695903
2.78 0.001584056022528
2.79 0.001670247505679
2.8 0.001770033488867
2.81 0.001949197175189
2.82 0.002415456426667
2.83 0.001640310364481
2.84 -0.000298513753799
2.85 -0.001243814030334
2.86 -0.001943464342923
2.87 -0.002745547696916
2.88 -0.003554311946328
2.89 -0.004439694658526
2.9 -0.005334354768125
2.91 -0.005563382696526
2.92 -0.005207533804216
2.93 -0.004620353542152
2.94 -0.002625300612202
2.95 0.000683202568945
2.96 0.002804514708487
2.97 0.002143687043928
2.98 0.001757633057755
2.99 0.003806888935083
3.0 0.005576433249215
3.01 0.006331885170761
3.02 0.006727419504596
3.03 0.00359184991561
3.04 -0.001092435188137
3.05 -0.002783573503487
3.06 -0.001108987614308
3.07 -0.001197190517041
3.08 -0.00293436636736
3.09 -0.003957836372157
3.1 -0.005380004049096
3.11 -0.004391779684121
3.12 -0.001953368099739
3.13 -0.002771143413489
3.14 -0.004808205914627
3.15 -0.004889468837414
3.16 -0.002946068570284
3.17 -0.00210861962729
3.18 -0.003201018265108
3.19 -0.004259498157965
3.2 -0.005682129915413
3.21 -0.005680923530493
3.22 -0.005558798918756
3.23 -0.006470895535467
3.24 -0.00576532427777
3.25 -0.006297261023409
3.26 -0.005398029038576
3.27 -0.004805520019197
3.28 -0.003314150600033
3.29 0.000615254240506
3.3 0.002951026677281
3.31 0.002107254055911
3.32 0.000530400196549
3.33 0.002526025605556
3.34 0.004893500982408
3.35 0.005128873492361
3.36 0.001631234546205
3.37 -0.002490915325825
3.38 0.000929296523428
3.39 0.003626278868178
3.4 0.000503791243787
3.41 -0.003190779965485
3.42 -0.006715908171831
3.43 -0.007249567777085
3.44 -0.005504657795717
3.45 -0.003170627439027
3.46 -0.005236066434497
3.47 -0.007833924578795
3.48 -0.005941907678992
3.49 -0.0064971556857
3.5 -0.006495309214265
3.51 -0.004627305107022
3.52 -0.004747164151889
3.53 -0.002359664767465
3.54 0.000599796703522
3.55 0.002497854598926
3.56 0.002308007008821
3.57 0.00223348447187
3.58 0.003662558173759
3.59 0.004925896358415
3.6 0.007191037133013
3.61 0.007250426817271
3.62 0.006130506339455
3.63 0.006074441042786
3.64 0.005686188921516
3.65 0.004866635731234
3.66 0.002386481162422
3.67 0.001676141623386
3.68 0.002380588754001
3.69 0.003904715461204
3.7 0.003244577639116
3.71 0.000625673749707
3.72 -0.002922011088383
3.73 -0.00587118254078
3.74 -0.00614989614225
3.75 -0.004372913554171
3.76 -0.003688124936895
3.77 -0.005330643587007
3.78 -0.007447065919495
3.79 -0.008113369619818
3.8 -0.002773443620696
3.81 0.004803763714683
3.82 0.003770886699523
3.83 0.000742377402708
3.84 0.001783573519007
3.85 0.005572484772011
3.86 0.010134053446281
3.87 0.013191194043407
3.88 0.011074683150772
3.89 0.008884548260611
3.9 0.010539891462985
3.91 0.010306724868873
3.92 0.009699143940107
3.93 0.008817123175313
3.94 0.008440504467916
3.95 0.006970256199136
3.96 0.00484557400382
3.97 0.004351580940764
3.98 0.005794123125077
3.99 0.006144927631692
4.0 0.004606741431057
4.01 0.004975583358024
4.02 0.00250992647563
4.03 0.003688083874934
4.04 0.003747099201416
4.05 0.003131823263902
4.06 -0.000268402769333
4.07 -0.000534788609299
4.08 -0.003530158156784
4.09 -0.001961954123515
4.1 -0.000995096823778
4.11 -0.003224535957909
4.12 -0.00427407378512
4.13 0.003296373772282
4.14 0.007922593181063
4.15 0.001371302694441
4.16 0.002397660576611
4.17 0.004229160812912
4.18 0.004996119929642
4.19 0.011371495383969
4.2 0.012923007032648
4.21 0.008632504185245
4.22 0.005548754066338
4.23 0.002573372716757
4.24 -0.00350124323971
4.25 0.00100354027244
4.26 0.002793062077691
4.27 0.003347691400634
4.28 0.004728280485472
4.29 0.003700993500519
4.3 0.001983544296623
4.31 0.002007777071252
4.32 0.002991423855337
4.33 0.003023628382512
4.34 0.00104176958803
4.35 0.001056896279607
4.36 0.002201659654274
4.37 0.000616541415321
4.38 -7.2753982657e-05
4.39 -0.001788972321575
4.4 -0.006608261158229
4.41 -0.00629291869222
4.42 -0.00354306713218
4.43 0.002379244116062
4.44 0.009727016040324
4.45 0.005434519679951
4.46 0.002828007162973
4.47 0.005838123828249
4.48 0.008720060043676
4.49 0.01182357231459
4.5 0.015118586739314
4.51 0.003026208316295
4.52 -0.004693345148975
4.53 0.00315819383478
4.54 0.003464769727984
4.55 0.000667134784906
4.56 -0.000930945192219
4.57 -0.008164976911078
4.58 -0.010747294835646
4.59 -0.00113821114986
4.6 0.007623466794851
4.61 0.003867642960992
4.62 0.00100227528391
4.63 0.004329200550413
4.64 0.006155270741679
4.65 0.011499470333845
4.66 0.015042105596345
4.67 0.011818448231783
4.68 0.008023407096016
4.69 0.008686820973302
4.7 0.002679640285106
4.71 0.001113489685244
4.72 0.001654954295695
4.73 -0.001100668458145
4.74 -0.002520981593114
4.75 -0.0038258350316
4.76 -0.00612139115892
4.77 -0.007189501378865
4.78 0.005776540700837
4.79 0.008155958681417
4.8 0.002895616355908
4.81 0.005479790525499
4.82 0.006826811496934
4.83 0.010299344488439
4.84 0.017767353098715
4.85 0.016272604087752
4.86 0.013571683315961
4.87 0.011321273307255
4.88 0.014565022276151
4.89 0.012750169950527
4.9 0.011456895843316
4.91 0.009998605724617
4.92 0.003947114304919
4.93 -0.001596902249879
4.94 0.001033336468754
4.95 0.002314772198069
4.96 0.000724427097022
4.97 0.000529483952273
4.98 -0.003063987360823
4.99 -0.007027775754908
5.0 -0.008584975580153
5.01 -0.006800316412328
5.02 -0.005495731521986
5.03 -0.006781266652209
5.04 -0.00784222023183
5.05 -0.007172595727426
5.06 0.004556579305696
5.07 0.006234345861418
5.08 0.000758733680274
5.09 0.004065036122947
5.1 0.006336283056874
5.11 0.006984741872185
5.12 0.014061729465188
5.13 0.020226325497743
5.14 0.01526520230968
5.15 0.014536772192046
5.16 0.017374431555793
5.17 0.017487849055856
5.18 0.015768649707421
5.19 0.014666380930646
5.2 0.016367479516344
5.21 0.011022148005092
5.22 0.011299372859092
5.23 0.009815094024382
5.24 0.006684191325854
5.25 0.008919636442693
5.26 0.006803368490718
5.27 0.006758599443515
5.28 0.005350604034128
5.29 0.006821907769536
5.3 0.005747240807488
5.31 0.007188346364621
5.32 0.0077025728331
5.33 0.007792033077871
5.34 0.007952000016912
5.35 0.006897906247739
5.36 0.0090789433183
5.37 0.008092469632023
5.38 0.01025556542625
5.39 0.006262216126599
5.4 0.009765110711962
5.41 0.005383062841182
5.42 0.008832935872512
5.43 0.00612880472963
5.44 0.00474560741481
5.45 0.003497806513309
5.46 0.002782665292884
5.47 -0.000379069386598
5.48 -9.5036984151e-05
5.49 -4.3376183128e-05
5.5 -0.002806998512302
5.51 -0.002304119405974
5.52 -0.005044562645711
5.53 -0.006208958648643
5.54 -0.007201141781367
5.55 -0.006778854369498
5.56 -0.008528637932835
5.57 -0.007284686312002
5.58 -0.009016899617934
5.59 -0.00763881063015
5.6 -0.008827300036683
5.61 -0.009680032143509
5.62 -0.01061285301749
5.63 -0.010287773851035
5.64 -0.011328926728934
5.65 -0.011482747925514
5.66 -0.012435746013218
5.67 -0.013562972902855
5.68 -0.014353104993185
5.69 -0.013849922231839
5.7 -0.014319567508404
5.71 -0.014939039133946
5.72 -0.016051993954059
5.73 -0.016177371880479
5.74 -0.01612516929978
5.75 -0.015069675178858
5.76 -0.012819225323553
5.77 -0.007653520099227
5.78 -0.01130500333666
5.79 -0.013057240481559
5.8 -0.013587118010847
5.81 -0.011614487875688
5.82 -0.009228614396588
5.83 -0.006054787067046
5.84 -0.008255769521079
5.85 -0.012581698840429
5.86 -0.011481266428617
5.87 -0.009246634290097
5.88 -0.009873814553656
5.89 -0.009896385041336
5.9 -0.01311607717502
5.91 -0.012667799717004
5.92 -0.013692533739582
5.93 -0.014284311861672
5.94 -0.012936439939242
5.95 -0.015865365638829
5.96 -0.014800119799397
5.97 -0.016585261830507
5.98 -0.019294341019054
5.99 -0.019814756165013
6.0 -0.017906097542028
6.01 -0.017729008945699
6.02 -0.018192615392578
6.03 -0.01721474259768
6.04 -0.019784094259528
6.05 -0.019522787961177
6.06 -0.015724054320523
6.07 -0.012193842313802
6.08 -0.014371681358253
6.09 -0.011519786590686
6.1 -0.013005706692854
6.11 -0.011019520750102
6.12 -0.011461592482488
6.13 -0.008435189547229
6.14 -0.013397339587581
6.15 -0.010679301505194
6.16 -0.007209588063281
6.17 -0.011861701352513
6.18 -0.011117233233063
6.19 -0.010232799765467
6.2 -0.01408050467132
6.21 -0.013417180724915
6.22 -0.010199074742466
6.23 -0.007877799604985
6.24 -0.01029485140818
6.25 -0.010831255378219
6.26 -0.010276095780301
6.27 -0.012990958400689
6.28 -0.011527735977876
6.29 -0.00745975381424
6.3 -0.011158812019173
6.31 -0.01046328095863
6.32 -0.010560640311884
6.33 -0.010641553404561
6.34 -0.010133211047405
6.35 -0.010835209590184
6.36 -0.009040215306242
6.37 -0.009185998995522
6.38 -0.008909372957131
6.39 -0.009730001819853
6.4 -0.007989327831513
6.41 -0.00762467384051
6.42 -0.007216918721253
6.43 -0.006491334870113
6.44 -0.007412682979104
6.45 -0.007636529501426
6.46 -0.003823920993859
6.47 -0.003892074326971
6.48 -0.005633112993449
6.49 -0.00553017351194
6.5 -0.004734242261888
6.51 -0.002444732009364
6.52 0.001601129639812
6.53 0.002573787474428
6.54 0.001311912875648
6.55 0.001384062831042
6.56 0.001783688688844
6.57 0.003131603995277
6.58 0.005362819423645
6.59 0.007190834377989
6.6 0.006419962819787
6.61 0.005479404334992
6.62 0.005753264401226
6.63 0.00625864211899
6.64 0.006007911729098
6.65 0.0070607000473
6.66 0.006325422056076
6.67 0.006169482083439
6.68 0.006478071318479
6.69 0.007304238564257
6.7 0.007436108168375
6.71 0.007277679994689
6.72 0.005544047973726
6.73 0.00570561296535
6.74 0.005368677933232
6.75 0.006511703658781
6.76 0.007268612366802
6.77 0.005741863866864
6.78 0.005644395066597
6.79 0.004773720190769
6.8 0.007355727231884
6.81 0.008800597453701
6.82 0.010036924455089
6.83 0.008059801073706
6.84 0.008474702293099
6.85 0.010087010048796
6.86 0.011118334580035
6.87 0.012971360795349
6.88 0.011965345008698
6.89 0.010662814733587
6.9 0.011829201173118
6.91 0.014055743404116
6.92 0.013742926630414
6.93 0.012031666181367
6.94 0.010825227737708
6.95 0.012957807942615
6.96 0.014113182198288
6.97 0.014562972673719
6.98 0.014594487212602
6.99 0.014876141804095
7.0 0.015386501400872
7.01 0.017710003477308
7.02 0.017148626549161
7.03 0.017315728928864
7.04 0.017706673400374
7.05 0.019034095449958
7.06 0.018160062893921
7.07 0.017276317678789
7.08 0.017885595003947
7.09 0.015204264793144
7.1 0.01431509752198
7.11 0.01394813322744
7.12 0.014439832252385
7.13 0.011766051240065
7.14 0.011584382663551
7.15 0.010365134648055
7.16 0.007333766801824
7.17 0.005516689680986
7.18 0.007154041542246
7.19 0.004772444136582
7.2 0.003743888934963
7.21 0.003642243174454
7.22 0.000485161633062
7.23 -0.00080977236349
7.24 -0.001168075323585
7.25 0.001772590944051
7.26 -0.0035653513924
7.27 -0.000256776986637
7.28 0.000250286377348
7.29 0.001176104009725
7.3 -0.002429204927839
7.31 -0.005102940629679
7.32 -0.003512556985807
7.33 -0.00188607022699
7.34 0.003633330569234
7.35 0.002512851398864
7.36 0.002969480073544
7.37 0.001503796581916
7.38 0.002789323662675
7.39 0.003520247806289
7.4 0.007124577681184
7.41 0.005614119848065
7.42 0.00643767564948
7.43 0.00582657813994
7.44 0.008534501913835
7.45 0.007160467454085
7.46 0.009860906544634
7.47 0.00771333064309
7.48 0.008425064848641
7.49 0.010561873875617
7.5 0.015039092760621
7.51 0.014207668508173
7.52 0.014639738632279
7.53 0.01445018556405
7.54 0.014632893582385
7.55 0.018339470101179
7.56 0.01907255483723
7.57 0.022260995965047
7.58 0.01390436581623
7.59 0.012615236582044
7.6 0.016151480150579
7.61 0.019457817627336
7.62 0.017435421844136
7.63 0.014516672882913
7.64 0.006627063452416
7.65 -0.001239898255743
7.66 0.005140774495985
7.67 0.006326350094967
7.68 0.005419612164665
7.69 0.003629168461783
7.7 -0.002237490895767
7.71 -0.005044598072501
7.72 -0.007843782237181
7.73 -0.006242477054143
7.74 -0.009174130744979
7.75 -0.009018395020723
7.76 -0.00891713502691
7.77 -0.011039726923131
7.78 -0.012417622065107
7.79 -0.012713140764962
7.8 -0.013331426171515
7.81 -0.014216865119337
7.82 -0.014010921544458
7.83 -0.01306613937618
7.84 -0.016529804166788
7.85 -0.013734404266693
7.86 -0.014853914187795
7.87 -0.018299622868735
7.88 -0.015268563793374
7.89 -0.014397509461649
7.9 -0.018479056547463
7.91 -0.017218079539414
7.92 -0.01859774669607
7.93 -0.01851941373285
7.94 -0.014829138495796
7.95 -0.012130700522338
7.96 -0.016657258320538
7.97 -0.018129839399408
7.98 -0.013352791095176
7.99 -0.013678025889691
8.0 -0.01370025271918
8.01 -0.009163039931408
8.02 -0.010690041667838
8.03 -0.01004014964538
8.04 -0.008983440263569
8.05 -0.008833870992373
8.06 -0.007018800460152
8.07 -0.006952173238887
8.08 -0.008358243724575
8.09 -0.007240033831689
8.1 -0.005361176829411
8.11 -0.00543346747047
8.12 -0.005483066508278
8.13 -0.00769189121384
8.14 -0.007689904996261
8.15 -0.008406247016622
8.16 -0.011981138024236
8.17 -0.012409041035269
8.18 -0.008983994314
8.19 -0.008527327203489
8.2 -0.010464886568398
8.21 -0.009294135985817
8.22 -0.011399050093808
8.23 -0.014217488277484
8.24 -0.011371626111712
8.25 -0.007173387715402
8.26 -0.006457398682007
8.27 -0.007771332077479
8.28 -0.006584516103239
8.29 -0.003671896963222
8.3 -0.005306549090967
8.31 -0.00444336143526
8.32 -0.00210230380717
8.33 -0.002087078829764
8.34 -0.001236417530725
8.35 0.000525734230272
8.36 0.003188394815445
8.37 0.002684733771023
8.38 0.002113968312467
8.39 0.006636585422182
8.4 0.001665559520746
8.41 0.004035552105466
8.42 0.002332153936492
8.43 0.007384363041247
8.44 0.00565933244153
8.45 0.005733595429471
8.46 -0.001811835962389
8.47 0.000288242052372
8.48 -0.002381943112225
8.49 -0.000104208154054
8.5 -0.003117016599923
8.51 -0.002452678507129
8.52 -0.007107007549327
8.53 -0.012076737420862
8.54 -0.008888329885196
8.55 -0.00803843590873
8.56 -0.012297346243531
8.57 -0.011846557891394
8.58 -0.010759279074323
8.59 -0.017381908642009
8.6 -0.016042420023838
8.61 -0.014241001479175
8.62 -0.016409336605044
8.63 -0.01665939644538
8.64 -0.018953301471723
8.65 -0.017166005203866
8.66 -0.019775151161107
8.67 -0.022921854280786
8.68 -0.02146228865694
8.69 -0.025225444586726
8.7 -0.026437889638445
8.71 -0.019979964550689
8.72 -0.020147275955277
8.73 -0.025750263877119
8.74 -0.021608913514887
8.75 -0.0206196707206
8.76 -0.016609086110649
8.77 -0.015961821576287
8.78 -0.012300160582482
8.79 -0.012684322170331
8.8 -0.013495099111024
8.81 -0.007586548012604
8.82 -0.003869368752648
8.83 -0.001998073009053
8.84 -0.000106354136523
8.85 0.001705753269387
8.86 0.002547744218477
8.87 0.003779305250782
8.88 0.002156561054889
8.89 0.006252646714832
8.9 0.007913804837222
8.91 0.009642324011067
8.92 0.009525823940163
8.93 0.009313245962593
8.94 0.00746302694299
8.95 0.009448875567238
8.96 0.013848434976916
8.97 0.011544398615186
8.98 0.013668652786615
8.99 0.0113059142978
9.0 0.013443367122241
9.01 0.016231087391313
9.02 0.016768073706183
9.03 0.01677715551246
9.04 0.016695430656151
9.05 0.017609737437831
9.06 0.016050548829684
9.07 0.016260580766968
9.08 0.012471053201065
9.09 0.008292750766136
9.1 0.011277174255068
9.11 0.009696450625761
9.12 0.007730957494121
9.13 0.005646517426257
9.14 0.001609883684716
9.15 -0.000685205326174
9.16 -0.002215470523572
9.17 -0.001969470560422
9.18 -0.002637168274021
9.19 -0.004974238075874
9.2 -0.004639474931383
9.21 -0.008251892440257
9.22 -0.007091428587218
9.23 -0.008292125935378
9.24 -0.010085889938044
9.25 -0.009170795817543
9.26 -0.011942211179705
9.27 -0.012853307928239
9.28 -0.015084034254878
9.29 -0.014843350918494
9.3 -0.017755077304691
9.31 -0.013428309092769
9.32 -0.01088222962017
9.33 -0.018813297302301
9.34 -0.016369040889356
9.35 -0.012748208742656
9.36 -0.016910109110517
9.37 -0.010738012346831
9.38 -0.003570549075989
9.39 -0.010369665762933
9.4 -0.014769510915277
9.41 -0.008565565715822
9.42 -0.007973821687276
9.43 -0.007040587631482
9.44 -0.004308763149932
9.45 -0.00548560085073
9.46 -0.008171932236377
9.47 -0.007466125274471
9.48 -0.007249754296189
9.49 -0.007676330709555
9.5 -0.005578940267648
9.51 -0.0061753586288
9.52 -0.007789139137565
9.53 -0.004282336133265
9.54 -0.003099154871419
9.55 -0.00427364724681
9.56 -0.003462005653004
9.57 -5.3803306283e-05
9.58 0.002183474876817
9.59 0.002130774120448
9.6 0.003070272571295
9.61 0.005501093329793
9.62 0.00497243169511
9.63 0.005966052530618
9.64 0.009637778852921
9.65 0.012651318083273
9.66 0.011360563428747
9.67 0.011566193658842
9.68 0.007621449034145
9.69 0.004599609916096
9.7 0.007566736093303
9.71 0.009695230716193
9.72 0.009254914956099
9.73 0.011392695386083
9.74 0.00521485510238
9.75 0.00176889393579
9.76 0.001588854015758
9.77 0.003705368914788
9.78 0.00450687985032
9.79 0.003284303491015
9.8 0.00077748225375
9.81 -0.000651616414318
9.82 -0.000104235416192
9.83 0.000376126696156
9.84 -0.000553561205143
9.85 -0.002554185462141
9.86 -0.004244413987678
9.87 -0.0056989284805
9.88 -0.003349098093204
9.89 -0.007123406380626
9.9 -0.005371612530248
9.91 -0.008861057980402
9.92 -0.007177688573448
9.93 -0.009558154939297
9.94 -0.008735731123994
9.95 -0.009798695408012
9.96 -0.010926483524554
9.97 -0.009407557368187
9.98 -0.013783934571586
9.99 -0.014241329463371
10.0 -0.013939682986858
10.01 -0.017879101701287
10.02 -0.011277703199297
10.03 -0.011605972813757
10.04 -0.020239685957674
10.05 -0.019128686822465
10.06 -0.01767825391629
10.07 -0.020545900974743
10.08 -0.003600278195051
10.09 0.001070819222055
10.1 -0.01234395056118
10.11 -0.004194157501754
10.12 -0.005621027718672
10.13 -0.006488036980933
10.14 6.5282191119e-05
10.15 0.006502911829272
10.16 0.008581134131427
10.17 0.003106862338288
10.18 0.008794625078059
10.19 0.006251975948565
10.2 0.006776737391733
10.21 0.009581409056611
10.22 0.009708515402877
10.23 0.01024993010457
10.24 0.010368939251039
10.25 0.012736316800979
10.26 0.014027828403489
10.27 0.015067927646231
10.28 0.012358154567083
10.29 0.018289855219646
10.3 0.019548737547843
10.31 0.018585483069682
10.32 0.016499078518418
10.33 0.021854241011843
10.34 0.017744467851138
10.35 0.027133300537404
10.36 0.02335546603413
10.37 0.013152438733543
10.38 0.011018142853109
10.39 0.019939895826966
10.4 0.010519765395499
10.41 0.016495171841284
10.42 0.016443118919287
10.43 0.009619356035679
10.44 0.00597190583299
10.45 0.005383337057849
10.46 0.008136220015117
10.47 0.000724362149671
10.48 0.00512401041397
10.49 0.00628977057979
10.5 0.00242297970409
10.51 0.004916276147214
10.52 0.000482125933274
10.53 0.003680893411309
10.54 0.003769498186701
10.55 0.002409524471929
10.56 0.00279536832823
10.57 -0.002002339393678
10.58 0.00247241215904
10.59 -0.002539879264195
10.6 -0.000668991530472
10.61 0.001021511275789
10.62 0.004779541566073
10.63 -0.002695458319075
10.64 0.001521843625856
10.65 -0.001387433090009
10.66 -0.003043465872819
10.67 0.006581058388571
10.68 0.008680515369498
10.69 0.002169296842296
10.7 0.00594517461498
10.71 0.006672785898963
10.72 0.004061829933325
10.73 0.00808552215609
10.74 0.00998465744681
10.75 0.00562985446275
10.76 0.005558522647407
10.77 0.0076008713856
10.78 0.009099481345459
10.79 0.004332225705873
10.8 0.0046956835747
10.81 0.003702822758405
10.82 0.004939278053629
10.83 0.003067156169977
10.84 0.004104883949834
10.85 0.001368494201975
10.86 0.001221334960394
10.87 0.001729136153748
10.88 0.000883368661301
10.89 0.000314839684707
10.9 0.000376052292335
10.91 -0.001250952185069
10.92 0.000339183574745
10.93 -0.000426902895966
10.94 -0.001907890805056
10.95 -0.001105816059116
10.96 -0.004839692800554
10.97 -0.00586253009403
10.98 -0.004930637562057
10.99 -0.004683780565214
11.0 -0.006327248800444
11.01 -0.004633155716273
11.02 -0.007468522425157
11.03 -0.00806397993533
11.04 -0.006453253996972
11.05 -0.008598195434339
11.06 -0.007547194499088
11.07 -0.007168928803052
11.08 -0.004290036320215
11.09 -0.004049227785688
11.1 -0.006614828721138
11.11 -0.006642442210801
11.12 -0.005489209752289
11.13 -0.003166798398313
11.14 -0.001535113880432
11.15 0.000264979008487
11.16 0.000201989644303
11.17 -0.002317707994375
11.18 0.000151351453466
11.19 0.004160495906786
11.2 0.00445508131817
11.21 0.004454959610863
11.22 0.007346970558103
11.23 0.007237004177578
11.24 0.005524119997487
11.25 0.005994019401763
11.26 0.007435164559101
11.27 0.007798211499188
11.28 0.007142051641168
11.29 0.006839203798312
11.3 0.004901127851094
11.31 0.004269216336593
11.32 0.004498716361288
11.33 0.0039487947635
11.34 0.005545466427852
11.35 -0.000181995030497
11.36 0.003321177824987
11.37 0.000460472378832
11.38 0.004230484158619
11.39 3.072888359e-05
11.4 0.001549980955385
11.41 -0.000853989898662
11.42 -0.002586748807573
11.43 0.000740844660883
11.44 -0.001562955145395
11.45 -0.00046564968017
11.46 0.00059633497483
11.47 0.000796533224286
11.48 -0.000243751071649
11.49 -0.001561226339445
11.5 -0.001543417105102
11.51 -0.000922752464317
11.52 0.000509151441308
11.53 0.004412280637442
11.54 0.004779259525502
11.55 0.003658764248257
11.56 0.001993978300846
11.57 -0.000223627950482
11.58 0.001477229767395
11.59 0.005001629195035
11.6 0.007202792035356
11.61 0.006368705627709
11.62 0.005771678806711
11.63 0.005812015474213
11.64 0.005415740041391
11.65 0.007937946111367
11.66 0.009381782864006
11.67 0.01017095924234
11.68 0.008669063066281
11.69 0.010752632107938
11.7 0.00988192005909
11.71 0.011812248673684
11.72 0.012310623227195
11.73 0.012699595765995
11.74 0.012674378529803
11.75 0.01336831519202
11.76 0.013651823862191
11.77 0.017105962414653
11.78 0.015514604973023
11.79 0.019526865866634
11.8 0.017084296959219
11.81 0.02062311975869
11.82 0.019616300767102
11.83 0.022560923916336
11.84 0.021739030987397
11.85 0.024655939229131
11.86 0.0248999492255
11.87 0.024263521228138
11.88 0.026000541151185
11.89 0.025302257146731
11.9 0.02628001520632
11.91 0.024386702541197
11.92 0.02016255263943
11.93 0.021482147255332
11.94 0.022971151836081
11.95 0.020047239506802
11.96 0.019743568940348
11.97 0.017480555645548
11.98 0.014771027174619
11.99 0.013566908386748
12.0 0.016558358934453
12.01 0.013803191972885
12.02 0.010755496850873
12.03 0.012907007039291
12.04 0.011113668843132
12.05 0.01276149071607
12.06 0.012142649190232
12.07 0.012531422221953
12.08 0.011174942615488
12.09 0.012851917464115
12.1 0.012168725910329
12.11 0.010717242013357
12.12 0.009640071833044
12.13 0.010354628533622
12.14 0.009789931022513
12.15 0.010394167735251
12.16 0.010230103922479
12.17 0.009628081881339
12.18 0.010325231778689
12.19 0.007478799904977
12.2 0.007692566416033
12.21 0.007357446680998
12.22 0.007257629168167
12.23 0.008587070760451
12.24 0.010859427191092
12.25 0.011505272612064
12.26 0.008671350860726
12.27 0.007989332782174
12.28 0.007952561315954
12.29 0.00738306239164
12.3 0.009791908106942
12.31 0.012075058468597
12.32 0.011577600847265
12.33 0.009400001593449
12.34 0.008672471660464
12.35 0.010644579457361
12.36 0.011629715976178
12.37 0.005640934608333
12.38 0.010831816395731
12.39 0.007838880297133
12.4 0.009439709372015
12.41 0.008400734488376
12.42 0.007867469445035
12.43 0.006807728631477
12.44 0.007885164757875
12.45 0.008065695772732
12.46 0.007351029553904
12.47 0.008294348436833
12.48 0.007311950984592
12.49 0.008344196743975
12.5 0.009184702566587
12.51 0.008835015113974
12.52 0.00860008544627
12.53 0.009669650288328
12.54 0.008359931689866
12.55 0.00959927935286
12.56 0.007635716828329
12.57 0.006949677888744
12.58 0.004907887535418
12.59 0.003275388633663
12.6 0.003176256679442
12.61 0.003047869469758
12.62 0.003461767392888
12.63 0.00225026180413
12.64 0.001574833154918
12.65 -0.000267161537944
12.66 -0.001446513536406
12.67 -0.000692758085202
12.68 -0.000266456179954
12.69 0.001120398238612
12.7 -0.000294497519537
12.71 -0.000324658785798
12.72 -0.000923147000155
12.73 -0.002089500512632
12.74 -0.000687298118803
12.75 -0.002284842073832
12.76 -0.001379375909639
12.77 -0.002400104229134
12.78 -0.002752179139861
12.79 -0.003461936527623
12.8 -0.002931568717163
12.81 -0.004289075256068
12.82 -0.003836349213521
12.83 -0.004525777236512
12.84 -0.004564219458971
12.85 -0.004858263349405
12.86 -0.005789190392099
12.87 -0.006055705806275
12.88 -0.006701312159789
12.89 -0.006520917010524
12.9 -0.006361702365217
12.91 -0.007294628104549
12.92 -0.007124390807729
12.93 -0.006260549940411
12.94 -0.006254286441268
12.95 -0.005840200485783
12.96 -0.00537761970063
12.97 -0.005503214522956
12.98 -0.002472882123207
12.99 0.000375247100055
13.0 0.000848897165495
13.01 -0.000811849877827
13.02 -0.000374442907858
13.03 -0.0001659130586
13.04 0.002936014979257
13.05 0.00530339419606
13.06 0.004448484237443
13.07 0.002617836688221
13.08 0.000677764674709
13.09 -0.000450039150472
13.1 0.001120363222654
13.11 0.002553393294385
13.12 0.000590295866347
13.13 0.000148548948026
13.14 -0.001246171820876
13.15 -0.002266722106838
13.16 -0.001266138978934
13.17 -0.002014957385148
13.18 -0.001760245235368
13.19 -0.002437708764939
13.2 -0.003317202913034
13.21 -0.003790780073304
13.22 -0.003767852079318
13.23 -0.004529894836202
13.24 -0.004453675541624
13.25 -0.00487786652805
13.26 -0.006681068374277
13.27 -0.007651781149994
13.28 -0.00745098560162
13.29 -0.007673332202856
13.3 -0.007223239654497
13.31 -0.008167315460112
13.32 -0.00885863908577
13.33 -0.0091527804141
13.34 -0.00839035592293
13.35 -0.007805664797997
13.36 -0.0073939504679
13.37 -0.007536969173214
13.38 -0.006975758375914
13.39 -0.007587683390309
13.4 -0.005055531893448
13.41 -0.004706685731888
13.42 -0.00518568822981
13.43 -0.0050784127843
13.44 -0.004770802711073
13.45 -0.005110865939026
13.46 -0.005085681584161
13.47 -0.004865095548545
13.48 -0.005393280692084
13.49 -0.005768371235601
13.5 -0.005785678843587
13.51 -0.0067112466392
13.52 -0.006245858193594
13.53 -0.006385225001815
13.54 -0.006780501158562
13.55 -0.007674191019995
13.56 -0.006841695958485
13.57 -0.007210572861766
13.58 -0.008260692646555
13.59 -0.008062397093506
13.6 -0.008405621061587
13.61 -0.008043456807027
13.62 -0.007087606543248
13.63 -0.006750375732043
13.64 -0.008250410947426
13.65 -0.008754720594031
13.66 -0.008431528543043
13.67 -0.007969055648473
13.68 -0.008092904940711
13.69 -0.008379063247733
13.7 -0.009274915960326
13.71 -0.01003287837235
13.72 -0.010096522510845
13.73 -0.009668302960007
13.74 -0.010191414545026
13.75 -0.011298424615074
13.76 -0.01207913696398
13.77 -0.011685838089873
13.78 -0.010556519077719
13.79 -0.010508170186793
13.8 -0.010022797340096
13.81 -0.011122128543666
13.82 -0.011548245265881
13.83 -0.010661401616028
13.84 -0.009386977136962
13.85 -0.009300068323873
13.86 -0.009680881713876
13.87 -0.009035070563605
13.88 -0.008802761669758
13.89 -0.009119613133303
13.9 -0.009051440470603
13.91 -0.009054191493218
13.92 -0.009149966512975
13.93 -0.008906698953637
13.94 -0.008046942010305
13.95 -0.00731054485727
13.96 -0.007863889993691
13.97 -0.007520057086506
13.98 -0.006001718427894
13.99 -0.007315175197272
14.0 -0.007598141494104
14.01 -0.006508858560455
14.02 -0.005530333171698
14.03 -0.004766259259735
14.04 -0.004896993353636
14.05 -0.004863257215558
14.06 -0.006792985555898
14.07 -0.006105366795924
14.08 -0.005517375163387
14.09 -0.006399955533752
14.1 -0.005454755601394
14.11 -0.005812352360789
14.12 -0.006775735850958
14.13 -0.006860889536633
14.14 -0.007134081390444
14.15 -0.007115719918798
14.16 -0.007096134008323
14.17 -0.006956980882744
14.18 -0.006481120002372
14.19 -0.006811521791633
14.2 -0.007033550730389
14.21 -0.006548828380811
14.22 -0.006958148701019
14.23 -0.00702816498233
14.24 -0.006627762145359
14.25 -0.006308323916458
14.26 -0.006289524283601
14.27 -0.006681953907708
14.28 -0.00611661246108
14.29 -0.006405885614806
14.3 -0.005887344776878
14.31 -0.005407431093798
14.32 -0.004822914778233
14.33 -0.002842105467519
14.34 1.9099292703e-05
14.35 0.000189529322606
14.36 -0.001663774412052
14.37 -0.002336257467533
14.38 -0.000690813775313
14.39 0.001824201735149
14.4 0.003302185125763
14.41 0.00226630227374
14.42 0.000624118879122
14.43 0.000371229463228
14.44 0.000776257178213
14.45 -0.001327785983174
14.46 -0.003031368458905
14.47 -0.003319264747681
14.48 -0.003380509410383
14.49 -0.003163548464685
14.5 -0.004676883706735
14.51 -0.006259208568933
14.52 -0.007484205165963
14.53 -0.006339908526286
14.54 -0.00712865500521
14.55 -0.006143779855293
14.56 -0.006323661107843
14.57 -0.00674546897167
14.58 -0.00559311568738
14.59 -0.005930196642775
14.6 -0.006026562597853
14.61 -0.005902156012193
14.62 -0.005740756473676
14.63 -0.006727732278534
14.64 -0.005867282171747
14.65 -0.005576965648734
14.66 -0.007360649219068
14.67 -0.007970669442704
14.68 -0.014050061540398
14.69 -0.013762302185661
14.7 -0.012145608809105
14.71 -0.011402045547584
14.72 -0.012741152802255
14.73 -0.01465411365446
14.74 -0.017964326154954
14.75 -0.019067347244176
14.76 -0.015557163926925
14.77 -0.014978443171304
14.78 -0.014806541201961
14.79 -0.015207968423306
14.8 -0.016170369390891
14.81 -0.014672178958141
14.82 -0.013053797029929
14.83 -0.013354584661611
14.84 -0.011051395966864
14.85 -0.012426916084988
14.86 -0.012706181646512
14.87 -0.011394843331204
14.88 -0.010901973500858
14.89 -0.010959280603004
14.9 -0.010685031631407
14.91 -0.009213423914429
14.92 -0.010177652805627
14.93 -0.009844187648554
14.94 -0.009599090147034
14.95 -0.010153733969023
14.96 -0.008628089761799
14.97 -0.009891771730055
14.98 -0.009303635483451
14.99 -0.008924146157088
15.0 -0.008741787049732
15.01 -0.008101174423538
15.02 -0.008778558570658
15.03 -0.009334028854926
15.04 -0.008790972420521
15.05 -0.008315694968263
15.06 -0.008421760333154
15.07 -0.008524640832548
15.08 -0.00893042561648
15.09 -0.008612483008655
15.1 -0.008390518908836
15.11 -0.008600028623088
15.12 -0.009988607442166
15.13 -0.009498913940214
15.14 -0.009533622481225
15.15 -0.00904398104427
15.16 -0.008895433577464
15.17 -0.008711117443478
15.18 -0.00940702584031
15.19 -0.009157023700341
15.2 -0.009219709949967
15.21 -0.009425966755068
15.22 -0.008441517991208
15.23 -0.008663796925501
15.24 -0.009079508691371
15.25 -0.009339117961827
15.26 -0.008618656572925
15.27 -0.008628745697465
15.28 -0.006666544223505
15.29 -0.005955355768534
15.3 -0.004058112748041
15.31 -0.002013005113851
15.32 -0.002806220249783
15.33 -0.003560295981894
15.34 -0.002682893164946
15.35 -0.000139174286465
15.36 0.001634765955084
15.37 0.001928174282983
15.38 0.000332027058784
15.39 -0.000570668287295
15.4 0.000148547237536
15.41 0.000835651202297
15.42 0.000983797787642
15.43 -0.000525728736106
15.44 -0.001733635457827
15.45 -0.00305570714041
15.46 -0.004032991822472
15.47 -0.003984172445173
15.48 -0.003760688565338
15.49 -0.004734723812529
15.5 -0.005210970820674
15.51 -0.006895747797469
15.52 -0.007968039821421
15.53 -0.007208723243675
15.54 -0.006269511058626
15.55 -0.006450462752015
15.56 -0.006390329716113
15.57 -0.006260906639389
15.58 -0.006256188024882
15.59 -0.004436139657995
15.6 0.002097227386944
15.61 0.002303976703184
15.62 0.001972524392091
15.63 0.000129357669898
15.64 0.002455433756653
15.65 0.004252946844972
15.66 0.00623618220165
15.67 0.00853638497561
15.68 0.006795368175394
15.69 0.006835783793919
15.7 0.004338629125536
15.71 0.008359864410724
15.72 0.005726581411846
15.73 0.00715510666884
15.74 0.00576843676074
15.75 0.004791707125482
15.76 0.002794437179659
15.77 0.005970096338858
15.78 0.004619159194969
15.79 0.005960457275628
15.8 0.004756416313726
15.81 0.005458815025119
15.82 0.004297584129706
15.83 0.004195117055385
15.84 0.004924297791875
15.85 0.004278357800809
15.86 0.006260037553713
15.87 0.004857919753015
15.88 0.005825641415547
15.89 0.00489024805365
15.9 0.002693663701264
15.91 0.004116372863002
15.92 0.004460763690668
15.93 0.002671771222909
15.94 0.003487172175393
15.95 0.00156560047534
15.96 0.003136108835694
15.97 0.001879113552008
15.98 0.00284054240758
15.99 0.000846694513426
16.0 -1.5576464586e-05
16.01 0.002058746814042
16.02 0.004409590120595
16.03 0.0032448079051
16.04 0.00302334323148
16.05 0.004266519017645
16.06 0.002133863760838
16.07 0.003962197849798
16.08 0.005946791614067
16.09 0.00529959166997
16.1 0.004879115572939
16.11 0.006355127462026
16.12 0.004500051078793
16.13 0.005223043874563
16.14 0.004113756800033
16.15 0.004425694229267
16.16 0.004909924286296
16.17 0.004902225383566
16.18 0.004597352324494
16.19 0.004164866926177
16.2 0.005412610604008
16.21 0.006403477276481
16.22 0.005157996652516
16.23 0.006823994505996
16.24 0.007013176242612
16.25 0.006418925636016
16.26 0.007806427040912
16.27 0.006130929759751
16.28 0.003841155742744
16.29 0.002497287710391
16.3 0.002743579163026
16.31 0.001869713767006
16.32 0.003330101309608
16.33 0.001817574309938
16.34 0.000111297291923
16.35 0.000794769122095
16.36 0.004512411884524
16.37 0.009482746915101
16.38 0.005100395286639
16.39 0.005584203329361
16.4 0.006680069795309
16.41 0.009662402866075
16.42 0.012215019338843
16.43 0.012681993224317
16.44 0.008686680244215
16.45 0.009793500840497
16.46 0.011510187590316
16.47 0.012598092839252
16.48 0.01068933448151
16.49 0.007743052392601
16.5 0.006864550191427
16.51 0.010549844936177
16.52 0.008926621835953
16.53 0.009174092466494
16.54 0.008000902039147
16.55 0.007808450937
16.56 0.008441068582308
16.57 0.008512590102759
16.58 0.006031700705272
16.59 0.008129351558356
16.6 0.008264246709279
16.61 0.007421356518234
16.62 0.008077371585344
16.63 0.006215336633019
16.64 0.006252985274087
16.65 0.006569969481988
16.66 0.005174454435375
16.67 0.005643055816051
16.68 0.005390594178715
16.69 0.005910423050325
16.7 0.006020973212336
16.71 0.004873732548583
16.72 0.003818795914052
16.73 0.00449434865975
16.74 0.004874409952267
16.75 0.004218611357362
16.76 0.005509800002441
16.77 0.004911725615323
16.78 0.005682430922805
16.79 0.006084682748709
16.8 0.004314259744756
16.81 0.004283165887971
16.82 0.0050015359777
16.83 0.005876938270931
16.84 0.005229695026174
16.85 0.005925036898461
16.86 0.004449877462324
16.87 0.005336542533423
16.88 0.004938422258865
16.89 0.004746839984959
16.9 0.004454613459304
16.91 0.004612467070117
16.92 0.004359666834503
16.93 0.005508230126081
16.94 0.004891420350706
16.95 0.005154301988078
16.96 0.0050882672959
16.97 0.005068025854532
16.98 0.005391021829215
16.99 0.005154411880379
17.0 0.005935027753489
17.01 0.006180208884029
17.02 0.004918257422493
17.03 0.002878888812573
17.04 0.000670913669212
17.05 0.000656152732661
17.06 0.001243581301224
17.07 0.001997739084399
17.08 0.000988936972802
17.09 -0.002154206399682
17.1 -0.00410345042737
17.11 -0.002995466362859
17.12 -0.001555624438103
17.13 -0.000875633090147
17.14 0.00097250160924
17.15 0.002841928527282
17.16 0.004431008030817
17.17 0.003341753791404
17.18 0.003961613842387
17.19 0.006429820978569
17.2 0.007588962313711
17.21 0.007823767253152
17.22 0.009612530862153
17.23 0.007279343558536
17.24 0.006660663181942
17.25 0.008330144811302
17.26 0.007576296966047
17.27 0.005333885977135
17.28 0.006217690916247
17.29 0.00628717342697
17.3 0.004763924699867
17.31 0.003851955681934
17.32 0.004800106194048
17.33 0.004490007451789
17.34 0.004266662889859
17.35 0.003466019579256
17.36 0.002505722870511
17.37 0.001231234327648
17.38 0.001315108830011
17.39 0.00202554076124
17.4 0.001914743088351
17.41 0.001032916898789
17.42 -0.000238849057761
17.43 -0.001645166724338
17.44 -3.364939486e-06
17.45 0.000718214102425
17.46 0.000186234183114
17.47 0.000479416011888
17.48 -0.000844956226268
17.49 -0.000860742858849
17.5 0.000613127999537
17.51 0.000344427924431
17.52 0.001116013914836
17.53 0.000625250973618
17.54 -0.00032455423903
17.55 -9.4084082197e-05
17.56 0.000214046998435
17.57 6.5737348457e-05
17.58 -0.000759109614948
17.59 -0.000723524210615
17.6 -0.002221485841946
17.61 -0.002771391786773
17.62 -0.002045216228461
17.63 -0.002741156225481
17.64 -0.00243072214553
17.65 -0.003647328726736
17.66 -0.003499755682385
17.67 -0.003045782178979
17.68 -0.003765197090433
17.69 -0.002745600849894
17.7 -0.004236657325883
17.71 -0.00428810505109
17.72 -0.003393827725285
17.73 -0.00413366428025
17.74 -0.003506667655745
17.75 -0.004154198454442
17.76 -0.00438164592767
17.77 -0.00530903350627
17.78 -0.004398324533413
17.79 -0.004957607882544
17.8 -0.004831521819096
17.81 -0.004840776172999
17.82 -0.005207234239072
17.83 -0.005377648886035
17.84 -0.00538551003343
17.85 -0.005496902677048
17.86 -0.005899951239455
17.87 -0.00539102818982
17.88 -0.006705049125395
17.89 -0.006360391234614
17.9 -0.005522163775837
17.91 -0.005964653019633
17.92 -0.005954537966109
17.93 -0.005395822892962
17.94 -0.003742421551438
17.95 0.000254197754899
17.96 0.002742699156978
17.97 0.002495887340308
17.98 0.002859856388052
17.99 0.002297908374332
18.0 0.004029251763588
18.01 0.007854390977934
18.02 0.010363040392887
18.03 0.008779469591238
18.04 0.008835635197239
18.05 0.007214399364919
18.06 0.00731462663189
18.07 0.008342086517779
18.08 0.008680040990025
18.09 0.007180584188655
18.1 0.007724907327798
18.11 0.006855185740108
18.12 0.007265075893018
18.13 0.009772530132209
18.14 0.008358032622605
18.15 0.007923173304247
18.16 0.008740663013375
18.17 0.008487412065391
18.18 0.004673724003551
18.19 0.007298007021788
18.2 0.00394899412479
18.21 0.002921056007249
18.22 0.005293933966268
18.23 0.004278963021374
18.24 0.000540456854884
18.25 0.002169941857917
18.26 0.001397163298064
18.27 0.000959985251214
18.28 0.003551647480543
18.29 0.004261290507084
18.3 0.003291308959067
18.31 0.004722500519615
18.32 0.006161194141989
18.33 0.006217223371109
18.34 0.006663591090943
18.35 0.007682162357898
18.36 0.007205115253361
18.37 0.007253744104672
18.38 0.00761589003005
18.39 0.007584341259181
18.4 0.006851829162575
18.41 0.007875698520631
18.42 0.008152801462492
18.43 0.007892846474886
18.44 0.007247429330064
18.45 0.006617136610252
18.46 0.006592088355406
18.47 0.00741583360992
18.48 0.006084025890161
18.49 0.00657300987285
18.5 0.006744261419363
18.51 0.006140061872131
18.52 0.00627216530336
18.53 0.006299699277638
18.54 0.005644222981524
18.55 0.005392591248669
18.56 0.005563836804642
18.57 0.005874681521501
18.58 0.006258061064573
18.59 0.006659277224476
18.6 0.006442995399958
18.61 0.005452130927834
18.62 0.00554663158814
18.63 0.006419224087399
18.64 0.006870884297513
18.65 0.006054534435871
18.66 0.006521967571264
18.67 0.005752294587516
18.68 0.005810695441055
18.69 0.005760860379398
18.7 0.004785396819885
18.71 0.001269946264859
18.72 -0.001319208213307
18.73 -0.000580972982245
18.74 0.000357140132375
18.75 -1.4992264882e-05
18.76 -0.00154100363369
18.77 -0.003926856054653
18.78 -0.003319031516802
18.79 0.001456953966938
18.8 -0.000689573851006
18.81 -0.002199471038903
18.82 9.8047123235e-05
18.83 -0.001072394035892
18.84 0.000249949357663
18.85 0.002022516603218
18.86 -0.000902573168271
18.87 -0.002048873117941
18.88 -0.001067384581886
18.89 -0.002605845925858
18.9 -0.003639063954636
18.91 -0.002678485653355
18.92 -0.003145093589638
18.93 -0.002960530136712
18.94 -0.004701056296304
18.95 -0.004346344730849
18.96 -0.003395486226763
18.97 -0.003534429925796
18.98 -0.002211420728774
18.99 -0.002500284646484
19.0 -0.002749273960417
19.01 -0.00273985155286
19.02 -0.002631695773353
19.03 -0.002344363135088
19.04 -0.002759942915894
19.05 -0.002316165925458
19.06 -0.002954588243916
19.07 -0.003381433432503
19.08 -0.003824968961637
19.09 -0.003724902884419
19.1 -0.004695770041781
19.11 -0.004612066310458
19.12 -0.00531044336151
19.13 -0.005702474885836
19.14 -0.006435868866011
19.15 -0.006057433629059
19.16 -0.00640890087055
19.17 -0.006917373932753
19.18 -0.00648414416695
19.19 -0.007580723801998
19.2 -0.006444776405852
19.21 -0.007357622059097
19.22 -0.006693620212468
19.23 -0.007056879927864
19.24 -0.007105772775536
19.25 -0.007279347228193
19.26 -0.006581822130534
19.27 -0.005500655684429
19.28 -0.00434364658387
19.29 -0.002727778549443
19.3 -0.001276790898238
19.31 -0.00036100105502
19.32 -0.001170189520489
19.33 -0.000567640669681
19.34 0.000488094273684
19.35 0.002403738716547
19.36 0.002009969329984
19.37 -0.003029132127466
19.38 -0.004376094200736
19.39 -0.001472290242372
19.4 -0.000805811082062
19.41 -0.001955731494375
19.42 -0.002905035430111
19.43 -0.00607395323872
19.44 -0.004436039257708
19.45 -0.003281062422714
19.46 -0.003269238946964
19.47 -0.003453167241356
19.48 -0.002144529356085
19.49 -0.001676782293021
19.5 -0.001930654722311
19.51 -0.003104504038433
19.52 -0.002364111844578
19.53 -0.001342811630892
19.54 -0.002104764771419
19.55 -0.002802546118793
19.56 -0.00271729272661
19.57 -0.002899991211048
19.58 -0.002564002040408
19.59 -0.001224961708215
19.6 -0.001622062398846
19.61 -0.001795699570542
19.62 -0.000701009253142
19.63 -0.000959220408131
19.64 0.000316138708488
19.65 0.000147785506558
19.66 0.000962296879405
19.67 0.001562586305509
19.68 0.001695396164253
19.69 0.002469684118871
19.7 0.004638983727318
19.71 0.006015559117831
19.72 0.007097559780985
19.73 0.006940177443736
19.74 0.006111488632973
19.75 0.007317402395426
19.76 0.0088405805784
19.77 0.010017553627498
19.78 0.010075660539075
19.79 0.009679584959486
19.8 0.009330684783576
19.81 0.009100089924735
19.82 0.007337506579828
19.83 0.008185592346398
19.84 0.00841200815783
19.85 0.007712757065896
19.86 0.008638717936912
19.87 0.007321662928266
19.88 0.00595966432682
19.89 0.007849868961839
19.9 0.007935865414393
19.91 0.007070508760119
19.92 0.008365915589435
19.93 0.007706578123275
19.94 0.006915036079305
19.95 0.007788123491717
19.96 0.007838809368446
19.97 0.006314594236957
19.98 0.006514165557518
19.99 0.00746442476512
20.0 0.005781906255522
20.01 0.006357538868561
20.02 0.005290460528952
20.03 0.004614592038316
20.04 0.005638307043514
20.05 0.005694912493322
20.06 0.004962732058235
20.07 0.005271800027299
20.08 0.005391938833549
20.09 0.004635150664491
20.1 0.005859033815186
20.11 0.005609045946827
20.12 0.005250489086574
20.13 0.005533799043935
20.14 0.00517885991553
20.15 0.00477589244859
20.16 0.004671619611011
20.17 0.003792927585865
20.18 0.002722506548496
20.19 0.001099010160909
20.2 -0.000143155820621
20.21 -0.000869478809757
20.22 -0.000247918376157
20.23 -0.001400438470849
20.24 -0.002235169262507
20.25 -0.003359172044166
20.26 -0.003944479514266
20.27 -0.003863189591159
20.28 -0.004109041838861
20.29 -0.005214980822043
20.3 -0.005132259527532
20.31 -0.00430290097149
20.32 -0.004449452510704
20.33 -0.004490382067578
20.34 -0.005058520001469
20.35 -0.005624081868255
20.36 -0.005391239411824
20.37 -0.004968832411131
20.38 -0.005212923642319
20.39 -0.005352932062305
20.4 -0.005171585870629
20.41 -0.005524894193426
20.42 -0.005213118633056
20.43 -0.005699020518752
20.44 -0.005647598316078
20.45 -0.005969532569477
20.46 -0.006047679530153
20.47 -0.005898714791443
20.48 -0.005936965104354
20.49 -0.006270821499647
20.5 -0.006371116447753
20.51 -0.006369647247734
20.52 -0.005346940577346
20.53 -0.003302145034063
20.54 -0.002216266167428
20.55 -0.003338607255624
20.56 -0.005193107300874
20.57 -0.005594503226285
20.58 -0.003077348957517
20.59 -0.000511477393232
20.6 -0.000389668092322
20.61 -0.002856976380709
20.62 -0.00436903266778
20.63 -0.004292745050377
20.64 -0.002494282351348
20.65 -0.002373904025308
20.66 -0.00310623860831
20.67 -0.003862574444734
20.68 -0.004190417722989
20.69 -0.00417066330128
20.7 -0.003986724922844
20.71 -0.004452026612782
20.72 -0.004998287770873
20.73 -0.004952086511204
20.74 -0.005429329523707
20.75 -0.00551731688078
20.76 -0.005504247980895
20.77 -0.005824030792732
20.78 -0.00585849084371
20.79 -0.005710907996474
20.8 -0.005732547642908
20.81 -0.005729516637101
20.82 -0.005679306703863
20.83 -0.005645822874621
20.84 -0.005481515866323
20.85 -0.005023269349783
20.86 -0.004951546056237
20.87 -0.005574048353759
20.88 -0.005564030530318
20.89 -0.005263091880647
20.9 -0.004379282276912
20.91 -0.003946085099891
20.92 -0.004822506471529
20.93 -0.004803957399593
20.94 -0.004469751312536
20.95 -0.004303169938793
20.96 -0.004171441520333
20.97 -0.004573616130623
20.98 -0.00496156381336
20.99 -0.004534616274737
21.0 -0.004476687443556
21.01 -0.00482933807839
21.02 -0.005330140699836
21.03 -0.006166514904784
21.04 -0.005732743197296
21.05 -0.005403012904966
21.06 -0.006025462666197
21.07 -0.005775970717559
21.08 -0.005632017685382
21.09 -0.005992779691783
21.1 -0.005751975257734
21.11 -0.005617370604507
21.12 -0.005676499965351
21.13 -0.005398733878307
21.14 -0.006025642477295
21.15 -0.006308782259507
21.16 -0.006135489241468
21.17 -0.006087656368998
21.18 -0.005922136849555
21.19 -0.006305149341483
21.2 -0.00648202306352
21.21 -0.006750399579319
21.22 -0.006125617483912
21.23 -0.006632450192531
21.24 -0.005755873809869
21.25 -0.005293501794685
21.26 -0.004799052198109
21.27 -0.005669754093025
21.28 -0.005841418011272
21.29 -0.005068214412997
21.3 -0.004533403597925
21.31 -0.00470824644039
21.32 -0.004193102798432
21.33 -0.003840170480174
21.34 -0.004430947760447
21.35 -0.003685464843256
21.36 -0.003185311119358
21.37 -0.003252455883371
21.38 -0.00279837554118
21.39 -0.001948756986307
21.4 -0.002199017750097
21.41 -0.001824491301074
21.42 -0.001868530235134
21.43 -0.001562496009639
21.44 -0.001547600527281
21.45 -0.001356682648176
21.46 -0.001234851099811
21.47 -0.00215680869851
21.48 -0.002594606681813
21.49 -0.001842364686946
21.5 -0.00199911040933
21.51 -0.002804860412423
21.52 -0.002028711455705
21.53 -0.002613229059611
21.54 -0.003006885244584
21.55 -0.002663054613916
21.56 -0.002174191922437
21.57 -0.002528727876375
21.58 -0.001134536974347
21.59 -0.000846032362491
21.6 -3.5744834655e-05
21.61 0.001080674141558
21.62 0.001451680626274
21.63 0.002490427661271
21.64 0.003758369868883
21.65 0.004446921161176
21.66 0.005110384732555
21.67 0.005564817307509
21.68 0.005527378464548
21.69 0.006284042674655
21.7 0.007081169723832
21.71 0.007050115452029
21.72 0.007183128761254
21.73 0.007066051547096
21.74 0.007057667913928
21.75 0.007401993133866
21.76 0.007527684983395
21.77 0.007465820735078
21.78 0.007185155698042
21.79 0.007769847426243
21.8 0.007316624659318
21.81 0.007559569696811
21.82 0.00755364528116
21.83 0.007424976570385
21.84 0.007033594260591
21.85 0.007127194260143
21.86 0.006613456749917
21.87 0.005506658855695
21.88 0.004402589744478
21.89 0.003741540813739
21.9 0.003922395259704
21.91 0.004313013474585
21.92 0.003997549128361
21.93 0.0028039029691
21.94 0.002475619467567
21.95 0.002753844440973
21.96 0.003323053234594
21.97 0.003566790681135
21.98 0.003234322248114
21.99 0.003503325145334
22.0 0.004037350745257
22.01 0.004216639200481
22.02 0.004051975851543
22.03 0.004718742663171
22.04 0.004532611084812
22.05 0.004743118321333
22.06 0.004923671129894
22.07 0.004846805840046
22.08 0.005335959232044
22.09 0.005718784781202
22.1 0.005605151532216
22.11 0.005580703736065
22.12 0.005516750705729
22.13 0.005590012745125
22.14 0.005879992610757
22.15 0.004484965534589
22.16 0.004026891273025
22.17 0.004556860912654
22.18 0.004497476280053
22.19 0.00420930358818
22.2 0.004227593898301
22.21 0.00267088850054
22.22 0.002996595977345
22.23 0.002876389021191
22.24 0.001152875789312
22.25 -0.000496527637132
22.26 -0.002096969292743
22.27 -0.001782595494381
22.28 -0.000904098608621
22.29 -0.001158882078022
22.3 -0.003215755473404
22.31 -0.004912932781703
22.32 -0.006019072681919
22.33 -0.004834410571256
22.34 -0.003162940583021
22.35 -0.000937510052534
22.36 0.001465192270857
22.37 -0.000352446401594
22.38 -0.001841277699694
22.39 8.596502676e-05
22.4 0.002418952487679
22.41 0.002421272911967
22.42 0.004254111127351
22.43 0.004500069853813
22.44 0.002305977998991
22.45 0.002901677595598
22.46 0.004356036695405
22.47 0.00243589467626
22.48 0.000720549074617
22.49 0.000185731830216
22.5 0.000230601280762
22.51 -0.001666398020617
22.52 -0.002920037244884
22.53 -0.004527546756117
22.54 -0.005086591383244
22.55 -0.005649167569882
22.56 -0.006051477721405
22.57 -0.006698996182196
22.58 -0.007756400210318
22.59 -0.008410064936971
22.6 -0.007575512324037
22.61 -0.007054756022796
22.62 -0.007238349896641
22.63 -0.006698351748881
22.64 -0.006655891484238
22.65 -0.007131416325226
22.66 -0.007118251964304
22.67 -0.007200193768615
22.68 -0.007079978061899
22.69 -0.006955859646524
22.7 -0.006413462079374
22.71 -0.007485694101354
22.72 -0.00771452416303
22.73 -0.007957408600505
22.74 -0.008176091032846
22.75 -0.007761170326374
22.76 -0.007248892238551
22.77 -0.007621357479819
22.78 -0.007476002845806
22.79 -0.007318192001054
22.8 -0.007696431247686
22.81 -0.007629645180399
22.82 -0.00681404516293
22.83 -0.007049853868623
22.84 -0.006806756139612
22.85 -0.006959777682558
22.86 -0.007728516081133
22.87 -0.007267488124425
22.88 -0.007103666012644
22.89 -0.007358603987523
22.9 -0.006918687072413
22.91 -0.007142599051627
22.92 -0.007146569489411
22.93 -0.006962310965287
22.94 -0.007074704769297
22.95 -0.006676021850853
22.96 -0.006396872385661
22.97 -0.006233166145846
22.98 -0.006059242817909
22.99 -0.006234555314054
23.0 -0.006810370553161
23.01 -0.005740609279098
23.02 -0.005626583303369
23.03 -0.005883128743357
23.04 -0.005431615532358
23.05 -0.00575791604868
23.06 -0.005933665221612
23.07 -0.005223273263297
23.08 -0.005014248200507
23.09 -0.004709246458727
23.1 -0.004831128084377
23.11 -0.004774916687329
23.12 -0.004258728648038
23.13 -0.00369775521827
23.14 -0.003667194838387
23.15 -0.00317447905451
23.16 -0.00267143894771
23.17 -0.002039828384256
23.18 -0.001476132164451
23.19 -0.001103889761254
23.2 -0.000984492176547
23.21 -0.000923084797164
23.22 -0.000761531652724
23.23 0.000193591303481
23.24 0.000457208623074
23.25 0.000732805974217
23.26 0.000789938182805
23.27 0.000609710589262
23.28 0.000420301725396
23.29 0.000558627321667
23.3 0.000735266807971
23.31 0.000848300527429
23.32 0.001140780959862
23.33 0.001435201848764
23.34 0.001902820767121
23.35 0.002165766196995
23.36 0.002678382978949
23.37 0.003174839538611
23.38 0.003621552147767
23.39 0.004065346724994
23.4 0.004583314783201
23.41 0.005020823645049
23.42 0.005128271370129
23.43 0.005463130182878
23.44 0.005882002631585
23.45 0.00578477103093
23.46 0.005796743850416
23.47 0.005939290689251
23.48 0.006046038877133
23.49 0.005894602565613
23.5 0.005776419829155
23.51 0.005914130886944
23.52 0.005920170258536
23.53 0.005771036048135
23.54 0.00589895228051
23.55 0.005948043024371
23.56 0.005728868747276
23.57 0.005873362315187
23.58 0.006144930643363
23.59 0.006109685303913
23.6 0.006143756574788
23.61 0.006165128165123
23.62 0.006004601295588
23.63 0.006125469370025
23.64 0.00636586794796
23.65 0.006415619150821
23.66 0.006405700520238
23.67 0.006124882734302
23.68 0.006115786967572
23.69 0.006291729859533
23.7 0.006244985181602
23.71 0.006196975622211
23.72 0.006048961368786
23.73 0.005873098811744
23.74 0.005750435338661
23.75 0.005757692636244
23.76 0.005595581622525
23.77 0.005482652525339
23.78 0.005398321943901
23.79 0.004763873971
23.8 0.00404922850788
23.81 0.003799964834987
23.82 0.003546070333063
23.83 0.003168348797663
23.84 0.002754142280337
23.85 0.00251096734493
23.86 0.002205996966584
23.87 0.002199226899475
23.88 0.002229175413092
23.89 0.002040108198232
23.9 0.001873207995419
23.91 0.00246752539897
23.92 0.002889131759538
23.93 0.003044474456346
23.94 0.002847345603635
23.95 0.003036845329955
23.96 0.003361024560406
23.97 0.003599573073445
23.98 0.003156807856804
23.99 0.002762829479245
24.0 0.002524751006591
24.01 0.002832515119379
24.02 0.003179720426251
24.03 0.00322227315785
24.04 0.002934882725105
24.05 0.002485483990737
24.06 0.002435798385026
24.07 0.002312042131191
24.08 0.002362255268552
24.09 0.0018659039853
24.1 0.001199775725712
24.11 0.000589917726965
24.12 0.00070528137138
24.13 0.000618768940525
24.14 3.7782210654e-05
24.15 -0.001660106148597
24.16 -0.002578124924417
24.17 -0.001741841926934
24.18 0.002322136113528
24.19 0.00307559851227
24.2 -0.000966397744519
24.21 -0.000960764296305
24.22 0.000223888067387
24.23 -0.00029650983081
24.24 0.002023115079155
24.25 0.000981384341829
24.26 -0.001777726557912
24.27 -9.8442245596e-05
24.28 0.000194381797564
24.29 -0.002226399985123
24.3 -0.002823544179218
24.31 -0.003408739719671
24.32 -0.003341650245694
24.33 -0.002863311897968
24.34 -0.003741600448922
24.35 -0.004535996453176
24.36 -0.004359899136423
24.37 -0.004802632435125
24.38 -0.004621386759902
24.39 -0.004846157077806
24.4 -0.005498135558069
24.41 -0.005630689302611
24.42 -0.005322311689998
24.43 -0.005518934363458
24.44 -0.005693932267256
24.45 -0.005662366871127
24.46 -0.005801196246014
24.47 -0.005899446103588
24.48 -0.005606761735052
24.49 -0.005612326692447
24.5 -0.005606347101949
24.51 -0.005471170994453
24.52 -0.005458835507819
24.53 -0.005218373448409
24.54 -0.005131276771277
24.55 -0.00514510499881
24.56 -0.004805881499343
24.57 -0.004874674396051
24.58 -0.004802684993001
24.59 -0.004608185409949
24.6 -0.004415811727038
24.61 -0.004722468604892
24.62 -0.004125837848892
24.63 -0.004430606438454
24.64 -0.00432318647508
24.65 -0.004155281465922
24.66 -0.004178340292943
24.67 -0.004246811400352
24.68 -0.00435243743579
24.69 -0.004220060026983
24.7 -0.004217308100713
24.71 -0.004132474129202
24.72 -0.004409059371664
24.73 -0.004509144718383
24.74 -0.004590884559663
24.75 -0.00478424465895
24.76 -0.004533207444866
24.77 -0.004652959097687
24.78 -0.004874268539931
24.79 -0.005011240102628
24.8 -0.004903080375865
24.81 -0.005116678617832
24.82 -0.004931157033612
24.83 -0.004956940948604
24.84 -0.004976698880588
24.85 -0.004664186931231
24.86 -0.004750450669379
24.87 -0.004632014264761
24.88 -0.004342363510715
24.89 -0.00400275753384
24.9 -0.00289554057105
24.91 -0.001336483818397
24.92 0.000233179901164
24.93 0.000231505447197
24.94 6.5707355007e-05
 
 
 
 
 
 
 
 
 
 
 
 
 
 
 
 
 
 
 
 
 
 
 
 
 
 
 
 
 
 
 
 
 
 
 
 
 
 
 
 
 
 
 
 
 
 
 
 
 
 
 
 
 
 
 
 
 
 
 
 
 
 
 
 
 
 
 
 
 
 
 
 
 
 
 
 
 
 
 
 
 
 
 
 
 
 
 
 
 
 
 
 
 
 
 
 
 
 
 
 
 
 
 
 
 
 
 
 
 
 
 
 
 
 
 
 
 
 
 
 
 
 
 
 
 
 
 
 
 
 
 
 
 
 
 
 
 
 
 
 
 
 
 
 
 
 
 
 
 
 
 
 
 
 
 
 
 
 
 
 
 
 
 
 
 
 
 
 
 
 
 
 
 
 
 
 
 
 
 
 
 
 
 
 
 
 
 
 
 
 
 
 
 
 
 
 
 
 
 
 
 
 
 
 
 
 
 
 
 
 
 
 
 
 
 
 
 
 
 
 
 
 
 
 
 
 
 
 
 
 
 
 
 
 
 
 
 
 
 
 
 
 
 
 
 
 
 
 
 
 
 
 
 
 
 
 
 
 
 
 
 
 
 
 
 
 
 
 
 
 
 
 
 
 
 
 
 
 
 
 
 
 
 
 
 
 
 
 
 
 
 
 
 
 
 
 
 
 
 
 
 
 
 
 
 
 
 
 
 
 
 
 
 
 
 
 
 
 
 
 
 
 
 
 
 
 
 
 
 
 
 
 
 
 
 
 
 
 
 
 
 
 
 
 
 
 
 
 
 
 
 
 
 
 
 
 
 
 
 
 
 
 
 
 
 
 
 
 
 
 
 
 
 
 
 
 
 
 
 
 
 
 
 
 
 
 
 
 
 
 
 
 
 
 
 
 
 
 
 
 
 
 
 
 
 
 
 
 
 
 
 
 
 
 
 
 
 
 
 
 
 
 
 
 
 
 
 
 
 
 
 
 
 
 
 
 
 
 
 
 
 
 
 
 
 
 
 
 
 
 
 
 
 
 
 
 
 
 
 
 
 
 
 
 
 
 
 
 
 
 
 
 
 
 
 
 
 
 
 
 
 
 
 
 
 
 
 
 
 
 
 
 
 
 
 
 
 
 
 
 
 
 
 
 
 
 
 
 
 
 
 
 
 
 
 
 
 
 
 
 
 
 
 
 
 
 
 
 
 
 
 
 
 
 
 
 
 
 
 
 
 
 
 
 
 
 
 
 
 
 
 
 
 
 
 
 
 
 
 
 
 
 
 
 
 
 
 
 
 
 
 
 
 
 
 
 
 
 
 
 
 
 
 
 
 
 
 
 
 
 
 
 
 
 
 
 
 
 
 
 
 
 
 
 
 
 
 
 
 
 
 
 
 
 
 
 
 
 
 
 
 
 
 
 
 
 
 
 
 
 
 
 
 
 
 
 
 
 
 
 
 
 
 
 
 
 
 
 
 
 
 
 
 
 
 
 
 
 
 
 
 
 
 
 
 
 
 
 
 
 
 
 
 
 
 
 
 
 
 
 
 
 
 
 
 
 
 
 
 
 
 
 
 
 
 
 
 
 
 
 
 
 
 
 
 
 
 
 
 
 
 
 
 
 
 
 
 
 
 
 
 
 
 
 
 
 
 
 
 
 
 
 
 
 
 
 
 
 
 
 
 
 
 
 
 
 
 
 
 
 
 
 
 
 
 
 
 
 
 
 
 
 
 
 
 
 
 
 
 
 
 
 
 
 
 
 
 
 
 
 
 
 
 
 
 
 
 
 
 
 
 
 
 
 
 
 
 
 
 
 
 
 
 
 
 
 
 
 
 
 
 
 
 
 
 
 
 
 
 
 
 
 
 
 
 
 
 
 
 
 
 
 
 
 
 
 
 
 
 
 
 
 
 
 
 
 
 
 
 
 
 
 
 
 
 
 
 
 
 
 
 
 
 
 
 
 
 
 
 
 
 
 
 
 
 
 
 
 
 
 
 
 
 
 
 
 
 
 
 
 
 
 
 
 
 
 
 
 
 
 
 
 
 
 
 
 
 
 
 
 
 
 
 
 
 
 
 
 
 
 
 
 
 
 
 
 
 
 
 
 
 
 
 
 
 
 
 
 
 
 
 
 
 
 
 
 
 
 
 
 
 
 
 
 
 
 
 
 
 
 
 
 
 
 
 
 
 
 
 
 
 
 
 
 
 
 
 
 
 
 
 
 
 
 
 
 
 
 
 
 
 
 
 
 
 
 
 
 
 
 
 
 
 
 
 
 
 
 
 
 
 
 
 
 
 
 
 
 
 
 
 
 
 
 
 
 
 
 
 
 
 
 
 
 
 
 
 
 
 
 
 
 
 
 
 
 
 
 
 
 
 
 
 
 
 
 
 
 
 
 
 
 
 
 
 
 
 
 
 
 
 
 
 
 
 
 
 
 
 
 
 
 
 
 
 
 
 
 
 
 
 
 
 
 
 
 
 
 
 
 
 
 
 
 
 
 
 
 
 
 
 
 
 
 
 
 
 
 
 
 
 
 
 
 
 
 
 
 
 
 
 
 
 
 
 
 
 
 
 
 
 
 
 
 
 
 
 
 
 
 
 
 
 
 
 
 
 
 
 
 
 
 
 
 
 
 
 
 
 
 
 
 
 
 
 
 
 
 
 
 
 
 
 
 
 
 
 
 
 
 
 
 
 
 
 
 
 
 
 
 
 
 
 
 
 
 
 
 
 
 
 
 
 
 
 
 
 
 
 
 
 
 
 
 
 
 
 
 
 
 
 
 
 
 
 
 
 
 
 
 
 
 
 
 
 
 
 
 
 
 
 
 
 
 
 
 
 
 
 
 
 
 
 
 
 
 
 
 
 
 
 
 
 
 
 
 
 
 
 
 
 
 
 
 
 
 
 
 
 
 
 
 
 
 
 
 
 
 
 
 
 
 
 
 
 
 
 
 
 
 
 
 
 
 
 
 
 
 
 
 
 
 
 
 
 
 
 
 
 
 
 
 
 
 
 
 
 
 
 
 
 
 
 
 
 
 
 
 
 
 
 
 
 
 
 
 
 
 
 
 
 
 
 
 
 
 
 
 
 
 
 
 
 
 
 
 
 
 
 
 
 
 
 
 
 
 
 
 
 
 
 
 
 
 
 
 
 
 
 
 
 
 
 
 
 
 
 
 
 
 
 
 
 
 
 
 
 
 
 
 
 
 
 
 
 
 
 
 
 
 
 
 
 
 
 
 
 
 
 
 
 
 
 
 
 
 
 
 
 
 
 
 
 
 
 
 
 
 
 
 
 
 
 
 
 
 
 
 
 
 
 
 
 
 
 
 
 
 
 
 
 
 
 
 
 
 
 
 
 
 
 
 
 
 
 
 
 
 
 
 
 
 
 
 
 
 
 
 
 
 
 
 
 
 
 
 
 
 
 
 
 
 
 
 
 
 
 
 
 
 
 
 
 
 
 
 
 
 
 
 
 
 
 
 
 
 
 
 
 
 
 
 
 
 
 
 
 
 
 
 
 
 
 
 
 
 
 
 
 
 
 
 
 
 
 
 
 
 
 
 
 
 
 
 
 
 
 
 
 
 
 
 
 
 
 
 
 
 
 
 
 
 
 
 
 
 
 
 
 
 
 
 
 
 
 
 
 
 
 
 
 
 
 
 
 
 
 
 
 
 
 
 
 
 
 
 
 
 
 
 
 
 
 
 
 
 
 
 
 
 
 
 
 
 
 
 
 
 
 
 
 
 
 
 
 
 
 
 
 
 
 
 
 
 
 
 
 
 
 
 
 
 
 
 
 
 
 
 
 
 
 
 
 
 
 
 
 
 
 
 
 
 
 
 
 
 
 
 
 
 
 
 
 
 
 
 
 
 
 
 
 
 
 
 
 
 
 
 
 
 
 
 
 
 
 
 
 
 
 
 
 
 
 
 
 
 
 
 
 
 
 
 
 
 
 
 
 
 
 
 
 
 
 
 
 
 
 
 
 
 
 
 
 
 
 
 
 
 
 
 
 
 
 
 
 
 
 
 
 
 
 
 
 
 
 
 
 
 
 
 
 
 
 
 
 
 
 
 
 
 
 
 
 
 
 
 
 
 
 
 
 
 
 
 
 
 
 
 
 
 
 
 
 
 
 
 
 
 
 
 
 
 
 
 
 
 
 
 
 
 
 
 
 
 
 
 
 
 
 
 
 
 
 
 
 
 
 
 
 
 
 
 
 
 
 
 
 
 
 
 
 
 
 
 
 
 
 
 
 
 
 
 
 
 
 
 
 
 
 
 
 
 
 
 
 
 
 
 
 
 
 
 
 
 
 
 
 
 
 
 
 
 
 
 
 
 
 
 
 
 
 
 
 
 
 
 
 
 
 
 
 
 
 
 
 
 
 
 
 
 
 
 
 
 
 
 
 
 
 
 
 
 
 
 
 
 
 
 
 
 
 
 
 
 
 
 
 
 
 
 
 
 
 
 
 
 
 
 
 
 
 
 
 
 
 
 
 
 
 
 
 
 
 
 
 
 
 
 
 
 
 
 
 
 
 
 
 
 
 
 
 
 
 
 
 
 
 
 
 
 
 
 
 
 
 
 
 
 
 
 
 
 
 
 
 
 
 
 
 
 
 
 
 
 
 
 
 
 
 
 
 
 
 
 
 
 
 
 
 
 
 
 
 
 
 
 
 
 
 
 
 
 
 
 
 
 
 
 
 
 
 
 
 
 
 
 
 
 
 
 
 
 
 
 
 
 
 
 
 
 
 
 
 
 
 
 
 
 
 
 
 
 
 
 
 
 
 
 
 
 
 
 
 
 
 
 
 
 
 
 
 
 
 
 
 
 
 
 
 
 
 
 
 
 
 
 
 
 
 
 
 
 
 
 
 
 
 
 
 
 
 
 
 
 
 
 
 
 
 
 
 
 
 
 
 
 
 
 
 
 
 
 
 
 
 
 
 
 
 
 
 
 
 
 
 
 
 
 
 
 
 
 
 
 
 
 
 
 
 
 
 
 
 
 
 
 
 
 
 
 
 
 
 
 
 
 
 
 
 
 
 
 
 
 
 
 
 
 
 
 
 
 
 
 
 
 
 
 
 
 
 
 
 
 
 
 
 
 
 
 
 
 
 
 
 
 
 
 
 
 
 
 
 
 
 
 
 
 
 
 
 
 
 
 
 
 
 
 
 
 
 
 
 
 
 
 
 
 
 
 
 
 
 
 
 
 
 
 
 
 
 
 
 
 
 
 
 
 
 
 
 
 
 
 
 
 
 
 
 
 
 
 
 
 
 
 
 
 
 
 
 
 
 
 
 
 
 
 
 
 
 
 
 
 
 
 
 
 
 
 
 
 
 
 
 
 
 
 
 
 
 
 
 
 
 
 
 
 
 
 
 
 
 
 
 
 
 
 
 
 
 
 
 
 
 
 
 
 
 
 
 
 
 
 
 
 
 
 
 
 
 
 
 
 
 
 
 
 
 
 
 
 
 
 
 
 
 
 
 
 
 
 
 
 
 
 
 
 
 
 
 
 
 
 
 
 
 
 
 
 
 
 
 
 
 
 
 
 
 
 
 
 
 
 
 
 
 
 
 
 
 
 
 
 
 
 
 
 
 
 
 
 
 
 
 
 
 
 
 
 
 
 
 
 
 
 
 
 
 
 
 
 
 
 
 
 
 
 
 
 
 
 
 
 
 
 
 
 
 
 
 
 
 
 
 
 
 
 
 
 
 
 
 
 
 
 
 
 
 
 
 
 
 
 
 
 
 
 
 
 
 
 
 
 
 
 
 
 
 
 
 
 
 
 
 
 
 
 
 
 
 
 
 
 
 
 
 
 
 
 
 
 
 
 
 
 
 
 
 
 
 
 
 
 
 
 
 
 
 
 
 
 
 
 
 
 
 
 
 
 
 
 
 
 
 
 
 
 
 
 
 
 
 
 
 
 
 
 
 
 
 
 
 
 
 
 
 
 
 
 
 
 
 
 
 
 
 
 
 
 
 
 
 
 
 
 
 
 
 
 
 
 
 
 
 
 
 
 
 
 
 
 
 
 
 
 
 
 
 
 
 
 
 
 
 
 
 
 
 
 
 
 
 
 
 
 
 
 
 
 
 
 
 
 
 
 
 
 
 
 
 
 
 
 
 
 
 
 
 
 
 
 
 
 
 
 
 
 
 
 
 
 
 
 
 
 
 
 
 
 
 
 
 
 
 
 
 
 
 
 
 
 
 
 
 
 
 
 
 
 
 
 
 
 
 
 
 
 
 
 
 
 
 
 
 
 
 
 
 
 
 
 
 
 
 
 
 
 
 
 
 
 
 
 
 
 
 
 
 
 
 
 
 
 
 
 
 
 
 
 
 
 
 
 
 
 
 
 
 
 
 
 
 
 
 
 
 
 
 
 
 
 
 
 
 
 
 
 
 
 
 
 
 
 
 
 
 
 
 
 
 
 
 
 
 
 
 
 
 
 
 
 
 
 
 
 
 
 
 
 
 
 
 
 
 
 
 
 
 
 
 
 
 
 
 
 
 
 
 
 
 
 
 
 
 
 
 
 
 
 
 
 
 
 
 
 
 
 
 
 
 
 
 
 
 
 
 
 
 
 
 
 
 
 
 
 
 
 
 
 
 
 
 
 
 
 
 
 
 
 
 
 
 
 
 
 
 
 
 
 
 
 
 
 
 
 
 
 
 
 
 
 
 
 
 
 
 
 
 
 
 
 
 
 
 
 
 
 
 
 
 
 
 
 
 
 
 
 
 
 
 
 
 
 
 
 
 
 
 
 
 
 
 
 
 
 
 
 
 
 
 
 
 
 
 
 
 
 
 
 
 
 
 
 
 
 
 
 
 
 
 
 
 
 
 
 
 
 
 
 
 
 
 
 
 
 
 
 
 
 
 
 
 
 
 
 
 
 
 
 
 
 
 
 
 
 
 
 
 
 
 
 
 
 
 
 
 
 
 
 
 
 
 
 
 
 
 
 
 
 
 
 
 
 
 
 
 
 
 
 
 
 
 
 
 
 
 
 
 
 
 
 
 
 
 
 
 
 
 
 
 
 
 
 
 
 
 
 
 
 
 
 
 
 
 
 
 
 
 
 
 
 
 
 
 
 
 
 
 
 
 
 
 
 
 
 
 
 
 
 
 
 
 
 
 
 
 
 
 
 
 
 
 
 
 
 
 
 
 
 
 
 
 
 
 
 
 
 
 
 
 
 
 
 
 
 
 
 
 
 
 
 
 
 
 
 
 
 
 
 
 
 
 
 
 
 
 
 
 
 
 
 
 
 
 
 
 
 
 
 
 
 
 
 
 
 
 
 
 
 
 
 
 
 
 
 
 
 
 
 
 
 
 
 
 
 
 
 
 
 
 
 
 
 
 
 
 
 
 
 
 
 
 
 
 
 
 
 
 
 
 
 
 
 
 
 
 
 
 
 
 
 
 
 
 
 
 
 
 
 
 
 
 
 
 
 
 
 
 
 
 
 
 
 
 
 
 
 
 
 
 
 
 
 
 
 
 
 
 
 
 
 
 
 
 
 
 
 
 
 
 
 
 
 
 
 
 
 
 
 
 
 
 
 
 
 
 
 
 
 
 
 
 
 
 
 
 
 
 
 
 
 
 
 
 
 
 
 
 
 
 
 
 
 
 
 
 
 
 
 
 
 
 
 
 
 
 
 
 
 
 
 
 
 
 
 
 
 
 
 
 
 
 
 
 
 
 
 
 
 
 
 
 
 
 
 
 
 
 
 
 
 
 
 
 
 
 
 
 
 
 
 
 
 
 
 
 
 
 
 
 
 
 
 
 
 
 
 
 
 
 
 
 
 
 
 
 
 
 
 
 
 
 
 
 
 
 
 
 
 
 
 
 
 
 
 
 
 
 
 
 
 
 
 
 
 
 
 
 
 
 
 
 
 
 
 
 
 
 
 
 
 
 
 
 
 
 
 
 
 
 
 
 
 
 
 
 
 
 
 
 
 
 
 
 
 
 
 
 
 
 
 
 
 
 
 
 
 
 
 
 
 
 
 
 
 
 
 
 
 
 
 
 
 
 
 
 
 
 
 
 
 
 
 
 
 
 
 
 
 
 
 
 
 
 
 
 
 
 
 
 
 
 
 
 
 
 
 
 
 
 
 
 
 
 
 
 
 
 
 
 
 
 
 
 
 
 
 
 
 
 
 
 
 
 
 
 
 
 
 
 
 
 
 
 
 
 
 
 
 
 
 
 
 
 
 
 
 
 
 
 
 
 
 
 
 
 
 
 
 
 
 
 
 
 
 
 
 
 
 
 
 
 
 
 
 
 
 
 
 
 
 
 
 
 
 
 
 
 
 
 
 
 
 
 
 
 
 
 
 
 
 
 
 
 
 
 
 
 
 
 
 
 
 
 
 
 
 
 
 
 
 
 
 
 
 
 
 
 
 
 
 
 
 
 
 
 
 
 
 
 
 
 
 
 
 
 
 
 
 
 
 
 
 
 
 
 
 
 
 
 
 
 
 
 
 
 
 
 
 
 
 
 
 
 
 
 
 
 
 
 
 
 
 
 
 
 
 
 
 
 
 
 
 
 
 
 
 
 
 
 
 
 
 
 
 
 
 
 
 
 
 
 
 
 
 
 
 
 
 
 
 
 
 
 
 
 
 
 
 
 
 
 
 
 
 
 
 
 
 
 
 
 
 
 
 
 
 
 
 
 
 
 
 
 
 
 
 
 
 
 
 
 
 
 
 
 
 
 
 
 
 
 
 
 
 
 
 
 
 
 
 
 
 
 
 
 
 
 
 
 
 
 
 
 
 
 
 
 
 
 
 
 
 
 
 
 
 
 
 
 
 
 
 
 
 
 
 
 
 
 
 
 
 
 
 
 
 
 
 
 
 
 
 
 
 
 
 
 
 
 
 
 
 
 
 
 
 
 
 
 
 
 
 
 
 
 
 
 
 
 
 
 
 
 
 
 
 
 
 
 
 
 
 
 
 
 
 
 
 
 
 
 
 
 
 
 
 
 
 
 
 
 
 
 
 
 
 
 
 
 
 
 
 
 
 
 
 
 
 
 
 
 
 
 
 
 
 
 
 
 
 
 
 
 
 
 
 
 
 
 
 
 
 
 
 
 
 
 
 
 
 
 
 
 
 
 
 
 
 
 
 
 
 
 
 
 
 
 
 
 
 
 
 
 
 
 
 
 
 
 
 
 
 
 
 
 
 
 
 
 
 
 
 
 
 
 
 
 
 
 
 
 
 
 
 
 
 
 
 
 
 
 
 
 
 
 
 
 
 
 
 
 
 
 
 
 
 
 
 
 
 
 
 
 
 
 
 
 
 
 
 
 
 
 
 
 
 
 
 
 
 
 
 
 
 
 
 
 
 
 
 
 
 
 
 
 
 
 
 
 
 
 
 
 
 
 
 
 
 
 
 
 
 
 
 
 
 
 
 
 
 
 
 
 
 
 
 
 
 
 
 
 
 
 
 
 
 
 
 
 
 
 
 
 
 
 
 
 
 
 
 
 
 
 
 
 
 
 
 
 
 
 
 
 
 
 
 
 
 
 
 
 
 
 
 
 
 
 
 
 
 
 
 
 
 
 
 
 
 
 
 
 
 
 
 
 
 
 
 
 
 
 
 
 
 
 
 
 
 
 
 
 
 
 
 
 
 
 
 
 
 
 
 
 
 
 
 
 
 
 
 
 
 
 
 
 
 
 
 
 
 
 
 
 
 
 
 
 
 
 
 
 
 
 
 
 
 
 
 
 
 
 
 
 
 
 
 
 
 
 
 
 
 
 
 
 
 
 
 
 
 
 
 
 
 
 
 
 
 
 
 
 
 
 
 
 
 
 
 
 
 
 
 
 
 
 
 
 
 
 
 
 
 
 
 
 
 
 
 
 
 
 
 
 
 
 
 
 
 
 
 
 
 
 
 
 
 
 
 
 
 
 
 
 
 
 
 
 
 
 
 
 
 
 
 
 
 
 
 
 
 
 
 
 
 
 
 
 
 
 
 
 
 
 
 
 
 
 
 
 
 
 
 
 
 
 
 
 
 
 
 
 
 
 
 
 
 
 
 
 
 
 
 
 
 
 
 
 
 
 
 
 
 
 
 
 
 
 
 
 
 
 
 
 
 
 
 
 
 
 
 
 
 
 
 
 
 
 
 
 
 
 
 
 
 
 
 
 
 
 
 
 
 
 
 
 
 
 
 
 
 
 
 
 
 
 
 
 
 
 
 
 
 
 
 
 
 
 
 
 
 
 
 
 
 
 
 
 
 
 
 
 
 
 
 
 
 
 
 
 
 
 
 
 
 
 
 
 
 
 
 
 
 
 
 
 
 
 
 
 
 
 
 
 
 
 
 
 
 
 
 
 
 
 
 
 
 
 
 
 
 
 
 
 
 
 
 
 
 
 
 
 
 
 
 
 
 
 
 
 
 
 
 
 
 
 
 
 
 
 
 
 
 
 
 
 
 
 
 
 
 
 
 
 
 
 
 
 
 
 
 
 
 
 
 
 
 
 
 
 
 
 
 
 
 
 
 
 
 
 
 
 
 
 
 
 
 
 
 
 
 
 
 
 
 
 
 
 
 
 
 
 
 
 
 
 
 
 
 
 
 
 
 
 
 
 
 
 
 
 
 
 
 
 
 
 
 
 
 
 
 
 
 
 
 
 
 
 
 
 
 
 
 
 
 
 
 
 
 
 
 
 
 
 
 
 
 
 
 
 
 
 
 
 
 
 
 
 
 
 
 
 
 
 
 
 
 
 
 
 
 
 
 
 
 
 
 
 
 
 
 
 
 
 
 
 
 
 
 
 
 
 
 
 
 
 
 
 
 
 
 
 
 
 
 
 
 
 
 
 
 
 
 
 
 
 
 
 
 
 
 
 
 
 
 
 
 
 
 
 
 
 
 
 
 
 
 
 
 
 
 
 
 
 
 
 
 
 
 
 
 
 
 
 
 
 
 
 
 
 
 
 
 
 
 
 
 
 
 
 
 
 
 
 
 
 
 
 
 
 
 
 
 
 
 
 
 
 
 
 
 
 
 
 
 
 
 
 
 
 
 
 
 
 
 
 
 
 
 
 
 
 
 
 
 
 
 
 
 
 
 
 
 
 
 
 
 
 
 
 
 
 
 
 
 
 
 
 
 
 
 
 
 
 
 
 
 
 
 
 
 
 
 
 
 
 
 
 
 
 
 
 
 
 
 
 
 
 
 
 
 
 
 
 
 
 
 
 
 
 
 
 
 
 
 
 
 
 
 
 
 
 
 
 
 
 
 
 
 
 
 
 
 
 
 
 
 
 
 
 
 
 
 
 
 
 
 
 
 
 
 
 
 
 
 
 
 
 
 
 
 
 
 
 
 
 
 
 
 
 
 
 
 
 
 
 
 
 
 
 
 
 
 
 
 
 
 
 
 
 
 
 
 
 
 
 
 
 
 
 
 
 
 
 
 
 
 
 
 
 
 
 
 
 
 
 
 
 
 
 
 
 
 
 
 
 
 
 
 
 
 
 
 
 
 
 
 
 
 
 
 
 
 
 
 
 
 
 
 
 
 
 
 
 
 
 
 
 
 
 
 
 
 
 
 
 
 
 
 
 
 
 
 
 
 
 
 
 
 
 
 
 
 
 
 
 
 
 
 
 
 
 
 
 
 
 
 
 
 
 
 
 
 
 
 
 
 
 
 
 
 
 
 
 
 
 
 
 
 
 
 
 
 
 
 
 
 
 
 
 
 
 
 
 
 
 
 
 
 
 
 
 
 
 
 
 
 
 
 
 
 
 
 
 
 
 
 
 
 
 
 
 
 
 
 
 
 
 
 
 
 
 
 
 
 
 
 
 
 
 
 
 
 
 
 
 
 
 
 
 
 
 
 
 
 
 
 
 
 
 
 
 
 
 
 
 
 
 
 
 
 
 
 
 
 
 
 
 
 
 
 
 
 
 
 
 
 
 
 
 
 
 
 
 
 
 
 
 
 
 
 
 
 
 
 
 
 
 
 
 
 
 
 
 
 
 
 
 
 
 
 
 
 
 
 
 
 
 
 
 
 
 
 
 
 
 
 
 
 
 
 
 
 
 
 
 
 
 
 
 
 
 
 
 
 
 
 
 
 
 
 
 
 
 
 
 
 
 
 
 
 
 
 
 
 
 
 
 
 
 
 
 
 
 
 
 
 
 
 
 
 
 
 
 
 
 
 
 
 
 
 
 
 
 
 
 
 
 
 
 
 
 
 
 
 
 
 
 
 
 
 
 
 
 
 
 
 
 
 
 
 
 
 
 
 
 
 
 
 
 
 
 
 
 
 
 
 
 
 
 
 
 
 
 
 
 
 
 
 
 
 
 
 
 
 
 
 
 
 
 
 
 
 
 
 
 
 
 
 
 
 
 
 
 
 
 
 
 
 
 
 
 
 
 
 
 
 
 
 
 
 
 
 
 
 
 
 
 
 
 
 
 
 
 
 
 
 
 
 
 
 
 
 
 
 
 
 
 
 
 
 
 
 
 
 
 
 
 
 
 
 
 
 
 
 
 
 
 
 
 
 
 
 
 
 
 
 
 
 
 
 
 
 
 
 
 
 
 
 
 
 
 
 
 
 
 
 
 
 
 
 
 
 
 
 
 
 
 
 
 
 
 
 
 
 
 
 
 
 
 
 
 
 
 
 
 
 
 
 
 
 
 
 
 
 
 
 
 
 
 
 
 
 
 
 
 
 
 
 
 
 
 
 
 
 
 
 
 
 
 
 
 
 
 
 
 
 
 
 
 
 
 
 
 
 
 
 
 
 
 
 
 
 
 
 
 
 
 
 
 
 
 
 
 
 
 
