0.0 0.0
0.01 2.33533851e-07
0.02 2.34586738e-07
0.03 2.373258e-07
0.04 2.3979526e-07
0.05 2.39909234e-07
0.06 2.34660886e-07
0.07 2.34712484e-07
0.08 2.59269509e-07
0.09 3.16983353e-07
0.1 4.0371622e-07
0.11 4.24466522e-07
0.12 1.18051172e-07
0.13 -6.23721583e-07
0.14 -1.55149959e-06
0.15 -2.277126331e-06
0.16 -3.078394543e-06
0.17 -4.960676096e-06
0.18 -7.421903475e-06
0.19 -7.945961459e-06
0.2 -6.186187645e-06
0.21 -5.095342725e-06
0.22 -6.577596492e-06
0.23 -8.634512118e-06
0.24 -5.865744827e-06
0.25 3.156647037e-06
0.26 1.1981130397e-05
0.27 1.4539522068e-05
0.28 6.850977714e-06
0.29 -9.51034781e-06
0.3 -1.8341838581e-05
0.31 -1.1815215314e-05
0.32 -4.482575613e-06
0.33 -3.707763072e-06
0.34 -1.169585667e-06
0.35 3.873036495e-06
0.36 3.82191855e-07
0.37 -1.7605289844e-05
0.38 -3.5143969581e-05
0.39 -3.3187870312e-05
0.4 -1.4851496197e-05
0.41 -8.304011464e-06
0.42 -4.1385696548e-05
0.43 -0.000101492952901
0.44 -0.000139508044757
0.45 -0.000108182220476
0.46 -1.6028654169e-05
0.47 4.1858551564e-05
0.48 1.5160456217e-05
0.49 -1.0202310344e-05
0.5 3.0447985407e-05
0.51 9.4978594927e-05
0.52 0.000116179831789
0.53 3.3003127119e-05
0.54 -0.000121105327667
0.55 -0.000177041369718
0.56 -9.1276127677e-05
0.57 -1.9472408348e-05
0.58 -6.0524257299e-05
0.59 -0.000155920281391
0.6 -0.000174492083486
0.61 -8.03463916e-05
0.62 -1.4738027356e-05
0.63 -5.0826087956e-05
0.64 -8.4758933454e-05
0.65 -3.2169737986e-05
0.66 7.9731864166e-05
0.67 0.000122068517392
0.68 1.2866838794e-05
0.69 -0.000168275439416
0.7 -0.000217070793966
0.71 -4.3415635236e-05
0.72 6.2472265694e-05
0.73 -7.2722576539e-05
0.74 -0.000137110115713
0.75 -1.6461435425e-05
0.76 2.4582149954e-05
0.77 -4.5755479244e-05
0.78 -6.9992744505e-05
0.79 -8.7090464126e-05
0.8 -0.000154459372808
0.81 -0.000247312409472
0.82 -0.000346666965899
0.83 -0.000421820832978
0.84 -0.000445505651832
0.85 -0.000356861308646
0.86 -0.000215325249622
0.87 -0.000147382776661
0.88 -4.1326861149e-05
0.89 0.000195227053033
0.9 0.000259333571553
0.91 6.3306698269e-05
0.92 -2.749583604e-06
0.93 8.4004666928e-05
0.94 6.513540969e-05
0.95 0.000129123003856
0.96 0.000248339270608
0.97 2.5760130916e-05
0.98 -0.000344920207176
0.99 -0.000480488743308
1.0 -0.000411051046212
1.01 -0.000229491832467
1.02 -0.000140850325635
1.03 -0.000246424216362
1.04 -0.000227961949008
1.05 -5.4110972754e-05
1.06 0.000150130087585
1.07 0.000368908692399
1.08 0.000368935636997
1.09 2.0939943796e-05
1.1 -0.000284108387966
1.11 -0.000122670229184
1.12 0.000271395217946
1.13 0.000267581190013
1.14 -0.000197064259371
1.15 -0.000399420013401
1.16 -2.867408585e-05
1.17 0.000325798800898
1.18 0.000299836392904
1.19 0.000287568708387
1.2 0.000339910695879
1.21 0.000235432291187
1.22 0.000190540890485
1.23 0.00022922052292
1.24 7.4370578226e-05
1.25 -0.000107208207886
1.26 -0.000171073090743
1.27 -0.000146691421356
1.28 -0.000109234354049
1.29 -0.000508863569999
1.3 -0.000938839002501
1.31 -0.000723240083491
1.32 -0.000605459039526
1.33 -0.001180107707875
1.34 -0.001549415781891
1.35 -0.001062817801364
1.36 -0.000173608402015
1.37 0.000375837235096
1.38 0.000233292493568
1.39 -0.000135323846558
1.4 -0.000172670076372
1.41 6.761997092e-05
1.42 0.000330158808428
1.43 0.000301213131999
1.44 -0.000238988956707
1.45 -0.000636527742487
1.46 -0.000466209522775
1.47 -0.000384368306511
1.48 -0.00049256480862
1.49 -0.000423456174137
1.5 -0.000142087101716
1.51 0.000185656833624
1.52 0.00015048398088
1.53 -3.0249725964e-05
1.54 0.000419314099576
1.55 0.001337369478082
1.56 0.00197220856426
1.57 0.001873491381506
1.58 0.001062352329633
1.59 5.0347477156e-05
1.6 -0.00011369196591
1.61 0.000767501786268
1.62 0.000986406180331
1.63 -0.000256783009577
1.64 -0.001577340587511
1.65 -0.001526022034222
1.66 -0.000373148809707
1.67 0.000796607844762
1.68 0.000794665401794
1.69 -0.000235741259878
1.7 -0.000806790283461
1.71 -0.000677337624853
1.72 -0.000818048819108
1.73 -0.001241533213156
1.74 -0.00153664639799
1.75 -0.001756919408606
1.76 -0.00183747518683
1.77 -0.001496859086694
1.78 -0.001061933205748
1.79 -0.000710789320275
1.8 -7.7630120616e-05
1.81 0.000489816773089
1.82 0.000325701767526
1.83 -6.1023335276e-05
1.84 1.4907260944e-05
1.85 0.000408769958045
1.86 0.000868485559377
1.87 0.001068022744284
1.88 0.000811410057521
1.89 0.00058870271005
1.9 0.000663174292373
1.91 0.000991495030173
1.92 0.001169750560983
1.93 0.000881537902175
1.94 0.00014661793399
1.95 -2.6831934891e-05
1.96 0.000743814914643
1.97 0.00094442229109
1.98 0.000291282144844
1.99 -2.3516663789e-05
2.0 0.000399774294939
2.01 0.001005909378586
2.02 0.001332672888911
2.03 0.000404008677934
2.04 -0.001296286429482
2.05 -0.001570972654565
2.06 -0.000557148007995
2.07 -0.000555513025175
2.08 -0.001709625405247
2.09 -0.002044422295989
2.1 -0.001073012080054
2.11 0.000106392232001
2.12 0.000627585143166
2.13 5.5840099851e-05
2.14 -0.001188450082701
2.15 -0.001638681593517
2.16 -0.000847934648551
2.17 -0.000315267643652
2.18 -0.000600561007581
2.19 -0.000761676897042
2.2 -0.000560487537215
2.21 8.3508110728e-05
2.22 0.000698094704963
2.23 0.000684467172338
2.24 0.000477663638656
2.25 0.000446746509078
2.26 0.000423235382603
2.27 0.000153883840332
2.28 0.000154909328966
2.29 0.000849699162875
2.3 0.001498101058223
2.31 0.001792708058537
2.32 0.001890436703022
2.33 0.001637993279777
2.34 0.001361779071862
2.35 0.001456638401003
2.36 0.001466442051434
2.37 0.000761318604716
2.38 -0.000601840382302
2.39 -0.002095031364822
2.4 -0.002747933326502
2.41 -0.00240766126421
2.42 -0.001918092825238
2.43 -0.001598771071049
2.44 -0.001209455472708
2.45 -0.000987608779542
2.46 -0.00088753410602
2.47 -0.000316215360028
2.48 0.000363816246627
2.49 0.000445243637949
2.5 0.000443024783556
2.51 0.000738244389284
2.52 0.000542382278088
2.53 -1.0022453827e-05
2.54 -0.000215360546689
2.55 -9.7967532821e-05
2.56 0.000250952021842
2.57 0.000579731446397
2.58 0.000880219896918
2.59 0.001284387707925
2.6 0.001885646371915
2.61 0.002255304347417
2.62 0.001721286629016
2.63 0.000836379035483
2.64 0.000419787661813
2.65 -0.000126926191531
2.66 -0.00143554797777
2.67 -0.002993400712153
2.68 -0.003862010197927
2.69 -0.003998615395784
2.7 -0.00401175607799
2.71 -0.003972843788139
2.72 -0.003313141766362
2.73 -0.001951110623318
2.74 -0.000131556316863
2.75 0.002100640788321
2.76 0.003852440205903
2.77 0.003978608929736
2.78 0.003867612679476
2.79 0.004419745711506
2.8 0.00501084553535
2.81 0.004644896632236
2.82 0.003215739715784
2.83 0.000148060628879
2.84 -0.003405406691647
2.85 -0.004912172876179
2.86 -0.004376593237441
2.87 -0.00422939654838
2.88 -0.004328386443607
2.89 -0.003213675293196
2.9 -0.001522291635101
2.91 -0.000160855938863
2.92 0.000368101432265
2.93 -0.000279358406094
2.94 -0.001629450525431
2.95 -0.002317344272157
2.96 -0.002824891077713
2.97 -0.003406886079362
2.98 -0.004734422916938
2.99 -0.006754588529686
3.0 -0.008158748851534
3.01 -0.007461593291519
3.02 -0.005611555254957
3.03 -0.004105413812336
3.04 -0.003795453404572
3.05 -0.003767980224135
3.06 -0.002166717020049
3.07 0.001075692063201
3.08 0.004743335501394
3.09 0.006426389036668
3.1 0.007196306882737
3.11 0.007537010317783
3.12 0.005718757381661
3.13 0.002050277044059
3.14 -0.001941705024938
3.15 -0.003239003659569
3.16 -0.00190781774445
3.17 -0.00016380101151
3.18 6.9051489639e-05
3.19 -0.001897587425699
3.2 -0.004384895248971
3.21 -0.004828856957117
3.22 -0.00335268622771
3.23 -0.002009886501607
3.24 -0.003048350319148
3.25 -0.004570592329386
3.26 -0.004775108023238
3.27 -0.003621113511337
3.28 -0.003203186714909
3.29 -0.004107322020248
3.3 -0.005021466920516
3.31 -0.004280518015243
3.32 -0.00069968403275
3.33 0.003335060541178
3.34 0.005364784552443
3.35 0.003601490568834
3.36 0.002039074907674
3.37 0.003749929729148
3.38 0.006328158612596
3.39 0.007545773767752
3.4 0.005912476490441
3.41 0.002207522754694
3.42 -0.001090476793067
3.43 -0.001689159216606
3.44 -0.000832977568203
3.45 -0.000616571558124
3.46 -0.001205044856153
3.47 -0.000742125929012
3.48 -0.000342705964244
3.49 -0.001331465989423
3.5 -0.004169160287619
3.51 -0.007532971214727
3.52 -0.008581704004661
3.53 -0.007210280816207
3.54 -0.006656244473116
3.55 -0.008475931771401
3.56 -0.008843596118132
3.57 -0.005931878972678
3.58 -0.000551252768834
3.59 0.006162468543407
3.6 0.009935776603366
3.61 0.010162226838455
3.62 0.010204021350892
3.63 0.011559146611542
3.64 0.014191718663708
3.65 0.015104985378913
3.66 0.013726581624089
3.67 0.009947605914417
3.68 0.007274235032857
3.69 0.004754852042732
3.7 0.001702994581233
3.71 -0.002275391129518
3.72 -0.004651588657752
3.73 -0.00555115740892
3.74 -0.006167434311138
3.75 -0.004837251567751
3.76 -0.000172124939357
3.77 0.005729600506513
3.78 0.007947632283611
3.79 0.00738958574508
3.8 0.005550848338949
3.81 0.001552908285765
3.82 -0.002282143278297
3.83 -0.00350955914609
3.84 -0.002949377622039
3.85 -0.007337179447475
3.86 -0.00876109579351
3.87 -0.011757354032113
3.88 -0.010332854952586
3.89 -0.006263838329086
3.9 0.002289832975369
3.91 0.014758929950502
3.92 0.023639243705763
3.93 0.029422826541337
3.94 0.028976422387727
3.95 0.027449538501506
3.96 0.019315113660493
3.97 0.005895751655837
3.98 -0.000778845143498
3.99 -0.000118841879256
4.0 -0.003019217940735
4.01 -0.010432059298338
4.02 -0.018354096659665
4.03 -0.022829054026117
4.04 -0.011333936724066
4.05 -0.004143663588757
4.06 -0.003867492810121
4.07 0.006074567173896
4.08 0.005671858279572
4.09 0.007584589713034
4.1 0.004165416671908
4.11 0.000538132961947
4.12 -0.00356048532824
4.13 -0.009561675666395
4.14 -0.014892616776423
4.15 -0.016914711457906
4.16 -0.017425908485731
4.17 -0.010967797304024
4.18 0.000541132090482
4.19 0.013801970004881
4.2 0.024767825556268
4.21 0.028379831022788
4.22 0.031449121224147
4.23 0.034071522848032
4.24 0.030534362497733
4.25 0.017111372388395
4.26 0.00505621529698
4.27 -0.001316543038045
4.28 -0.01216472944429
4.29 -0.01831538816943
4.3 -0.023173602314679
4.31 -0.02881046123354
4.32 -0.022011305671488
4.33 -0.015539382968419
4.34 -0.015941256890871
4.35 -0.001387258193801
4.36 0.010904848937856
4.37 0.025216492684615
4.38 0.031183422321683
4.39 0.028412147753095
4.4 0.020868383496317
4.41 0.014910262999392
4.42 0.018465031941122
4.43 0.019160459117816
4.44 0.014771700686911
4.45 0.004993657306612
4.46 -0.008496066960242
4.47 -0.016762606396048
4.48 -0.019281736411716
4.49 -0.022009849571148
4.5 -0.02237869517856
4.51 -0.017548567612144
4.52 -0.010348584587753
4.53 0.001217544298672
4.54 0.017316096455815
4.55 0.028394364756367
4.56 0.038514890485332
4.57 0.046678208748568
4.58 0.050294832842337
4.59 0.055038438227355
4.6 0.062239416510146
4.61 0.059094184843308
4.62 0.039608751780829
4.63 0.01161432092095
4.64 -0.004772797259748
4.65 -0.0186100982622
4.66 -0.036827229213538
4.67 -0.058517950592212
4.68 -0.079898233199323
4.69 -0.09377400379726
4.7 -0.093915509216536
4.71 -0.082155740139134
4.72 -0.068744722188198
4.73 -0.063746736997386
4.74 -0.053176262301823
4.75 -0.042531009441579
4.76 -0.016666353597406
4.77 0.025963516705503
4.78 0.056817942050127
4.79 0.07280405812727
4.8 0.086996954044529
4.81 0.101942930095155
4.82 0.121286187209484
4.83 0.132101363040324
4.84 0.127820255791144
4.85 0.129943358381456
4.86 0.132212153840783
4.87 0.134835349413273
4.88 0.127361717241398
4.89 0.118349915956046
4.9 0.106171293530586
4.91 0.101084718043247
4.92 0.106522463685885
4.93 0.106249581863868
4.94 0.106764824102669
4.95 0.093281678009048
4.96 0.053943643671059
4.97 0.014167509084431
4.98 0.015410294409534
4.99 0.023054305629836
5.0 0.007383752857174
5.01 -0.021864755175405
5.02 -0.069657440203635
5.03 -0.097033954123323
5.04 -0.09930860437091
5.05 -0.104954449453642
5.06 -0.108695179492181
5.07 -0.10032103121928
5.08 -0.089712653857553
5.09 -0.072493345195428
5.1 -0.059500746980948
5.11 -0.051881535864818
5.12 -0.057671278601579
5.13 -0.049813126562509
5.14 -0.043666829789198
5.15 -0.045939137829061
5.16 -0.066733180036062
5.17 -0.102280661545312
5.18 -0.1192279325164
5.19 -0.13463670607358
5.2 -0.138317760706696
5.21 -0.172163488602198
5.22 -0.173753611010839
5.23 -0.15105643846381
5.24 -0.12680508449376
5.25 -0.140039556380825
5.26 -0.120564854528249
5.27 -0.09512132158151
5.28 -0.055839983507383
5.29 -0.02319343408401
5.3 -0.004691198810965
5.31 0.002025414757981
5.32 0.035733382069669
5.33 0.061495033293462
5.34 0.064755341396057
5.35 0.075285833835954
5.36 0.083226039793
5.37 0.093288312501542
5.38 0.100445908077902
5.39 0.110494019166614
5.4 0.118526264216189
5.41 0.123808517368407
5.42 0.119219226861276
5.43 0.123237614015572
5.44 0.117243838221066
5.45 0.099219244364094
5.46 0.07503773904285
5.47 0.056357002081106
5.48 0.026168704235874
5.49 0.004575405007768
5.5 -0.005848373147415
5.51 -0.026923367654078
5.52 -0.045509437884777
5.53 -0.054955466922546
5.54 -0.061734779023682
5.55 -0.05793080960901
5.56 -0.05476558281185
5.57 -0.056292482994102
5.58 -0.074033029117559
5.59 -0.076656071072607
5.6 -0.080902371614523
5.61 -0.099571794834432
5.62 -0.117237757901873
5.63 -0.131829713488562
5.64 -0.144490873224098
5.65 -0.15196478546044
5.66 -0.150000996180047
5.67 -0.1600330859181
5.68 -0.157864217269664
5.69 -0.149563525166968
5.7 -0.138561421339728
5.71 -0.103262505460893
5.72 -0.071274566663223
5.73 -0.070087455361846
5.74 -0.080200907000941
5.75 -0.089430585376793
5.76 -0.077369108669659
5.77 -0.051681277978745
5.78 -0.050647244962931
5.79 -0.062141881134827
5.8 -0.071890202611424
5.81 -0.059569158539213
5.82 -0.037114524539824
5.83 -0.043294036296935
5.84 -0.037289034111032
5.85 -0.020967434837777
5.86 -0.011685556820126
5.87 0.016289378710356
5.88 0.029096847580504
5.89 0.039294644028169
5.9 0.057783349544549
5.91 0.065803966383351
5.92 0.063963219600316
5.93 0.058047881514276
5.94 0.031469552578867
5.95 -0.05310570927644
5.96 -0.071069620239404
5.97 -0.059958443054659
5.98 -0.083888432799594
5.99 -0.095781919622841
6.0 -0.140173250144272
6.01 -0.167410301925237
6.02 -0.130586962469582
6.03 -0.041318019371934
6.04 -0.022042597942482
6.05 0.01440316074409
6.06 0.050012718875943
6.07 0.087002536049137
6.08 0.152633156907706
6.09 0.212514368213071
6.1 0.251697215233148
6.11 0.257809934960822
6.12 0.286700153003936
6.13 0.287765860254566
6.14 0.284341744285067
6.15 0.27493508792185
6.16 0.266796712611761
6.17 0.263673256211653
6.18 0.254656002336312
6.19 0.252881520207078
6.2 0.236802567512135
6.21 0.217053360060755
6.22 0.175055232444851
6.23 0.100364613313528
6.24 0.058370667755717
6.25 0.04495896643057
6.26 0.042103927279082
6.27 0.025902187287673
6.28 -0.02673088810295
6.29 -0.083337110627062
6.3 -0.117456471582471
6.31 -0.128506000994449
6.32 -0.135409169924326
6.33 -0.136872597296801
6.34 -0.144239568597223
6.35 -0.14664124036046
6.36 -0.142221979792958
6.37 -0.126132408090486
6.38 -0.095623503321218
6.39 -0.087017892383888
6.4 -0.064661085150127
6.41 -0.040136456445395
6.42 -0.002732898263426
6.43 0.024811253490271
6.44 0.038934221049708
6.45 0.040082751849549
6.46 0.039456660304524
6.47 0.04980708050858
6.48 0.078926005541397
6.49 0.103608020427878
6.5 0.09602439677645
6.51 0.078540672818518
6.52 0.051935849486536
6.53 0.047950392914346
6.54 0.041399392575788
6.55 0.036720162124565
6.56 0.019261166651418
6.57 0.019450073585035
6.58 0.014168969301602
6.59 0.016078577042349
6.6 0.000312852257329
6.61 0.006960874856235
6.62 0.010692643396923
6.63 0.027162165206887
6.64 0.043930830693276
6.65 0.075321422614621
6.66 0.090381540247801
6.67 0.087601120683851
6.68 0.079000335815244
6.69 0.023509388095245
6.7 -0.001512875962943
6.71 0.0012754061852
6.72 -0.023498635963118
6.73 -0.039124531532549
6.74 -0.068729387907847
6.75 -0.105674372463483
6.76 -0.10110017365955
6.77 -0.07980467067275
6.78 -0.032624838837182
6.79 0.007243419788283
6.8 0.004245248548444
6.81 0.036889721176876
6.82 0.066717960636235
6.83 0.127014366378119
6.84 0.166076234513604
6.85 0.176136068510709
6.86 0.16222494436379
6.87 0.178628043333717
6.88 0.177062747409912
6.89 0.210202454412455
6.9 0.179694786787227
6.91 0.143269815924895
6.92 0.11502511546163
6.93 0.121442775867632
6.94 0.132153426804385
6.95 0.127769036611327
6.96 0.098134152670914
6.97 0.086730446507267
6.98 0.113506915707731
6.99 0.138578566666594
7.0 0.14989203188802
7.01 0.151124265193088
7.02 0.1572560682343
7.03 0.149372195983194
7.04 0.151625609682252
7.05 0.14988098871213
7.06 0.132332424493411
7.07 0.100663843220484
7.08 0.076174000501832
7.09 0.044375497111774
7.1 0.014569253408293
7.11 -0.030569381840787
7.12 -0.096603777535348
7.13 -0.153232471669311
7.14 -0.201159762382834
7.15 -0.248384126173185
7.16 -0.303161720017684
7.17 -0.3513804279457
7.18 -0.405296886889942
7.19 -0.448130300658071
7.2 -0.509933684820455
7.21 -0.557287748439574
7.22 -0.575955501844763
7.23 -0.563609969313271
7.24 -0.571448712691284
7.25 -0.58004104267103
7.26 -0.583210423635282
7.27 -0.605191889458054
7.28 -0.58054944289282
7.29 -0.507618958221785
7.3 -0.355553042548579
7.31 -0.206527281050062
7.32 -0.215055082434104
7.33 -0.217904934944455
7.34 -0.12640929045426
7.35 -0.066634436446667
7.36 0.046611407617609
7.37 0.14849853719577
7.38 0.127598468038085
7.39 0.129679875348258
7.4 0.181834120231695
7.41 0.199768071999731
7.42 0.213368607474836
7.43 0.259676686337082
7.44 0.284768826062379
7.45 0.305950685087025
7.46 0.341461428098769
7.47 0.364172980912822
7.48 0.386401561393633
7.49 0.409057923332368
7.5 0.425818868461794
7.51 0.428554796553003
7.52 0.449883455857626
7.53 0.477019954986118
7.54 0.483348877506673
7.55 0.498757144227395
7.56 0.499803006274677
7.57 0.501205104470105
7.58 0.48748634001495
7.59 0.474646694913727
7.6 0.430910548083804
7.61 0.22623896002585
7.62 0.140598804380464
7.63 0.182495794330587
7.64 0.147414061639432
7.65 0.067301108234428
7.66 -0.022258017092767
7.67 -0.192677332273498
7.68 -0.257106179964766
7.69 -0.24570171577553
7.7 -0.291560847342961
7.71 -0.345402612632334
7.72 -0.370869572582384
7.73 -0.39533320233064
7.74 -0.436362275096307
7.75 -0.452648829692661
7.76 -0.471398281207475
7.77 -0.478537711914322
7.78 -0.474222767998513
7.79 -0.455583343585225
7.8 -0.459866743761858
7.81 -0.428213442625656
7.82 -0.393913975208251
7.83 -0.361032043707986
7.84 -0.344263085515604
7.85 -0.318338997468795
7.86 -0.299272008672475
7.87 -0.270295924670481
7.88 -0.236857603716407
7.89 -0.209679875324505
7.9 -0.146921369411299
7.91 -0.083936405346434
7.92 -0.046352398074973
7.93 -0.056716635629959
7.94 -0.040015141035948
7.95 -0.006968620161066
7.96 0.039612431963797
7.97 0.087322113339695
7.98 0.107623013454886
7.99 0.089625326097767
8.0 0.073363638062094
8.01 0.059002436020642
8.02 0.042283674640151
8.03 0.021363035415225
8.04 -0.007715340142774
8.05 -0.038441569370984
8.06 -0.069757313908059
8.07 -0.083834007142775
8.08 -0.095699807908858
8.09 -0.121774269750661
8.1 -0.134794964808809
8.11 -0.131315251534232
8.12 -0.08228886910277
8.13 -0.006577126449493
8.14 0.012574370969737
8.15 0.021400859469441
8.16 0.056456567486687
8.17 0.080599298831432
8.18 0.138420239563645
8.19 0.170187601185927
8.2 0.173543413229955
8.21 0.183619379973306
8.22 0.254326319469671
8.23 0.322372100784499
8.24 0.320130788095758
8.25 0.323129681665547
8.26 0.324120202709993
8.27 0.337975636901806
8.28 0.353897886721544
8.29 0.383575785395613
8.3 0.408225599546095
8.31 0.403501246922039
8.32 0.428885090069179
8.33 0.435637477329466
8.34 0.437096763040013
8.35 0.432735209588636
8.36 0.4365792384105
8.37 0.440877840940662
8.38 0.445609395804895
8.39 0.449994248217708
8.4 0.438855757614486
8.41 0.433522706603961
8.42 0.303890912767636
8.43 0.114229303882494
8.44 0.166906376996714
8.45 0.144044463935578
8.46 0.09107802140832
8.47 0.01876097580656
8.48 -0.129921666305426
8.49 -0.262133761529035
8.5 -0.243745361483089
8.51 -0.286602977070797
8.52 -0.347006217976883
8.53 -0.383542520716924
8.54 -0.42090629718437
8.55 -0.452373861798301
8.56 -0.485451276443787
8.57 -0.499517137696532
8.58 -0.512972975502107
8.59 -0.518161493103611
8.6 -0.516593466850322
8.61 -0.53315257624392
8.62 -0.563900584751963
8.63 -0.567472194819526
8.64 -0.578824973451338
8.65 -0.573792869805303
8.66 -0.568121812497418
8.67 -0.548859286586284
8.68 -0.533487375252074
8.69 -0.484640565227999
8.7 -0.497112235225533
8.71 -0.433390698051806
8.72 -0.347822315093347
8.73 -0.246509604051115
8.74 -0.186912514727031
8.75 -0.141018975158906
8.76 -0.103872133215884
8.77 -0.010467898647031
8.78 0.093627376078832
8.79 0.171400870413944
8.8 0.230102125008773
8.81 0.264172140310333
8.82 0.310400971562966
8.83 0.357317976431649
8.84 0.403810935096107
8.85 0.442166461769332
8.86 0.483104567664458
8.87 0.5117796258065
8.88 0.534695520043843
8.89 0.546148760975906
8.9 0.551897990037545
8.91 0.551607903937718
8.92 0.528766500021379
8.93 0.511609423442901
8.94 0.49293063545607
8.95 0.458865574693679
8.96 0.431929535368784
8.97 0.406092022349107
8.98 0.376650040953712
8.99 0.358914132725808
9.0 0.348706906537346
9.01 0.325164157255491
9.02 0.303278234738958
9.03 0.257713116480786
9.04 0.195456218792599
9.05 0.153794065301837
9.06 0.133571192563227
9.07 0.133125240505676
9.08 0.087779986535003
9.09 0.035362847283076
9.1 -0.038856820782676
9.11 -0.087712216546997
9.12 -0.117192793620559
9.13 -0.12455244784285
9.14 -0.141076056201221
9.15 -0.160079855324659
9.16 -0.179804080636744
9.17 -0.206414829383778
9.18 -0.226315372816956
9.19 -0.24951575664476
9.2 -0.261328876610645
9.21 -0.27975209119234
9.22 -0.301874564216763
9.23 -0.329875042745498
9.24 -0.354390003117527
9.25 -0.377139011283897
9.26 -0.395833902582394
9.27 -0.405326061137727
9.28 -0.420661012611991
9.29 -0.453692288593386
9.3 -0.462367267664375
9.31 -0.470759730885117
9.32 -0.464705823220077
9.33 -0.442354657179769
9.34 -0.290621901369254
9.35 -0.168098290382621
9.36 -0.259997294181189
9.37 -0.218600987335668
9.38 -0.20596126466549
9.39 -0.164005497756485
9.4 -0.037843037756012
9.41 -0.070141500785801
9.42 -0.151466911600308
9.43 -0.128584591201727
9.44 -0.137079153191065
9.45 -0.162729738287873
9.46 -0.146557123058687
9.47 -0.174076246724884
9.48 -0.155797664824443
9.49 -0.134201641492818
9.5 -0.083747634545566
9.51 -0.05083744957293
9.52 -0.014941167671832
9.53 -0.021264198801943
9.54 0.085937526361548
9.55 0.16526124731668
9.56 0.192911590866063
9.57 0.25893117341801
9.58 0.25139902224478
9.59 0.289886607551803
9.6 0.351549251763353
9.61 0.433265167910929
9.62 0.455123637584821
9.63 0.486369778727134
9.64 0.522554790536153
9.65 0.5138433827537
9.66 0.533329265078464
9.67 0.520669603496513
9.68 0.54634056778419
9.69 0.557011921922323
9.7 0.551597752245339
9.71 0.531012835101482
9.72 0.50896188014776
9.73 0.469162612056327
9.74 0.437142304498296
9.75 0.373717827005455
9.76 0.257592662622076
9.77 0.171920994045915
9.78 0.14512843215476
9.79 0.122327115705405
9.8 0.076022539056614
9.81 -0.002220449222419
9.82 -0.083137968135533
9.83 -0.136870552579756
9.84 -0.15841700259817
9.85 -0.178545476751652
9.86 -0.211622949663046
9.87 -0.245374606407534
9.88 -0.269426943658938
9.89 -0.286069826007415
9.9 -0.305310657887088
9.91 -0.318399224797817
9.92 -0.327804307105703
9.93 -0.336565189641064
9.94 -0.34415682968077
9.95 -0.352365202070854
9.96 -0.358879359600605
9.97 -0.356178781529702
9.98 -0.359950561411997
9.99 -0.376826531897546
10.0 -0.380471361525161
10.01 -0.388509393218976
10.02 -0.397472638510639
10.03 -0.403641846974268
10.04 -0.397466594508297
10.05 -0.229344229729875
10.06 -0.05115727490839
10.07 -0.175166081880677
10.08 -0.118136762666931
10.09 -0.113109614836141
10.1 -0.053178319125375
10.11 0.119480648166529
10.12 0.215027622479802
10.13 0.131747714769191
10.14 0.189564524127424
10.15 0.201270707247822
10.16 0.19409093027993
10.17 0.215829895434179
10.18 0.220782109972306
10.19 0.236739669793599
10.2 0.239716054604501
10.21 0.255438364922078
10.22 0.265351150119281
10.23 0.289209473351589
10.24 0.311865838630692
10.25 0.329297259803279
10.26 0.355855211304292
10.27 0.390207324714769
10.28 0.406783986757548
10.29 0.433782257302743
10.3 0.465715450175461
10.31 0.482331617002818
10.32 0.488791835763321
10.33 0.478313029543452
10.34 0.164901370014893
10.35 0.051036860344158
10.36 0.19421900071543
10.37 0.055101566732976
10.38 0.077900854631992
10.39 -0.029139520696055
10.4 -0.266536842769037
10.41 -0.345775057854
10.42 -0.258125511916832
10.43 -0.337385073490227
10.44 -0.348565661441238
10.45 -0.302536806718917
10.46 -0.326867717697261
10.47 -0.286156430411996
10.48 -0.259288257616536
10.49 -0.208135621940155
10.5 -0.154617317884312
10.51 -0.101915152370678
10.52 -0.099788732279867
10.53 -0.080731910523764
10.54 -0.067334876693199
10.55 -0.057498717951773
10.56 -0.04691762167923
10.57 -0.066258102901222
10.58 -0.100213103248586
10.59 -0.152262814635866
10.6 -0.181544241748198
10.61 -0.216628982527897
10.62 -0.234023328423545
10.63 -0.22753181364725
10.64 -0.153149943558643
10.65 -0.152078193559518
10.66 -0.194151793031884
10.67 -0.150000682855451
10.68 -0.15744832353515
10.69 -0.07552169127476
10.7 -0.005371020184354
10.71 0.002029600864491
10.72 0.009362062119064
10.73 0.037397863114304
10.74 0.034994767074615
10.75 0.070068942819099
10.76 0.063561943895429
10.77 0.071858685205643
10.78 0.077654616382021
10.79 0.06346380632964
10.8 0.070200526665628
10.81 0.045393632212857
10.82 0.004380742666783
10.83 -0.020883296848264
10.84 -0.035937778884283
10.85 -0.057503944653332
10.86 -0.075663514466621
10.87 -0.109270500839832
10.88 -0.136776179084037
10.89 -0.172488422808986
10.9 -0.192797309003984
10.91 -0.201192672092905
10.92 -0.189017809224559
10.93 -0.169487503921791
10.94 -0.146739696924384
10.95 -0.101728937289603
10.96 -0.062050377839465
10.97 -0.051320178746512
10.98 -0.016391316220905
10.99 0.018152598987322
11.0 0.053361928724518
11.01 0.096987018864719
11.02 0.112732512308261
11.03 0.113397102627501
11.04 0.119180933972932
11.05 0.127509066869506
11.06 0.131411235673055
11.07 0.130786442428758
11.08 0.125689947857107
11.09 0.13246345726923
11.1 0.155800800923678
11.11 0.193589844599836
11.12 0.219981146727987
11.13 0.211021062098818
11.14 0.218295923840359
11.15 0.254841259251955
11.16 0.293192063371966
11.17 0.328496918730554
11.18 0.354535895802431
11.19 0.368359481370729
11.2 0.372423407353021
11.21 0.388505197933168
11.22 0.397031701594071
11.23 0.3968045548075
11.24 0.384927370952018
11.25 0.351557775791304
11.26 0.269953085210292
11.27 0.209251671220256
11.28 0.224471673663833
11.29 0.184691058374034
11.3 0.14628884270238
11.31 0.077913076872935
11.32 -0.005795240344962
11.33 -0.037661107229769
11.34 -0.054718483689843
11.35 -0.082081553605575
11.36 -0.119515246854676
11.37 -0.14273709332524
11.38 -0.185450180009756
11.39 -0.211475926772088
11.4 -0.250427973706005
11.41 -0.277607505029326
11.42 -0.309611333311437
11.43 -0.34292337791306
11.44 -0.368259961426161
11.45 -0.395917231348565
11.46 -0.407648731284152
11.47 -0.420290110952617
11.48 -0.423748907228791
11.49 -0.415136337672448
11.5 -0.414048566890076
11.51 -0.396629678498825
11.52 -0.385031757500874
11.53 -0.376503629901839
11.54 -0.359361182503388
11.55 -0.281742703534687
11.56 -0.148534443606942
11.57 -0.102894961641408
11.58 -0.116695922707906
11.59 -0.08678884609383
11.6 -0.042008038964019
11.61 0.035964942984417
11.62 0.113717291229585
11.63 0.134731011903568
11.64 0.13310426747309
11.65 0.159394161831315
11.66 0.181305632817016
11.67 0.190061432255168
11.68 0.205117083177971
11.69 0.21243810255906
11.7 0.220925912772492
11.71 0.223313321683058
11.72 0.226918849466333
11.73 0.23321224685895
11.74 0.238959129639434
11.75 0.2372269240237
11.76 0.246183859594828
11.77 0.258331023950693
11.78 0.257592585599444
11.79 0.269600677978047
11.8 0.28314022904293
11.81 0.305499813328624
11.82 0.322281225825923
11.83 0.340765477448898
11.84 0.350968412003407
11.85 0.357713451920527
11.86 0.356467727678538
11.87 0.355963877664098
11.88 0.333515397361713
11.89 0.228074407578896
11.9 0.208231787078916
11.91 0.221313108227855
11.92 0.192238125949259
11.93 0.177988484109736
11.94 0.097346418080968
11.95 0.033125893461134
11.96 0.014798815752654
11.97 0.025013619012238
11.98 -0.010317676397318
11.99 -0.004208818777723
12.0 -0.029733179654258
12.01 -0.036264607204807
12.02 -0.060137635021263
12.03 -0.076778794409713
12.04 -0.098704104791822
12.05 -0.118018170655143
12.06 -0.136143537581794
12.07 -0.158312551469716
12.08 -0.179213216337207
12.09 -0.206368109555702
12.1 -0.232745778124029
12.11 -0.260282260849254
12.12 -0.287628537503288
12.13 -0.313120490958776
12.14 -0.331959693995111
12.15 -0.351978270152682
12.16 -0.367912179654967
12.17 -0.374640212692179
12.18 -0.373565452752064
12.19 -0.38684264506281
12.2 -0.379522028878723
12.21 -0.355874312705789
12.22 -0.313510661486336
12.23 -0.297515538614536
12.24 -0.266998431474692
12.25 -0.208321788588662
12.26 -0.139595519217938
12.27 -0.117222893315439
12.28 -0.092073132734984
12.29 -0.066805556933409
12.3 -0.042930912251301
12.31 0.00188529343703
12.32 0.026343181244708
12.33 0.024265122382459
12.34 0.030385783109403
12.35 0.041564517857883
12.36 0.042704750148805
12.37 0.04513435223086
12.38 0.049523953265599
12.39 0.055000306162817
12.4 0.063990308549868
12.41 0.074760011866676
12.42 0.085178698740305
12.43 0.093631171816738
12.44 0.101345943348974
12.45 0.107936084837982
12.46 0.114950224436605
12.47 0.120737848763642
12.48 0.12676437542302
12.49 0.127288968107684
12.5 0.11617931238644
12.51 0.099467241918289
12.52 0.065657964865221
12.53 0.027743651104615
12.54 0.03223174546037
12.55 0.024774774515753
12.56 0.018139152905073
12.57 -0.002139617110673
12.58 -0.01949910714972
12.59 -0.004002612319208
12.6 0.027068367078312
12.61 0.042586880863707
12.62 0.062235204835094
12.63 0.059266700706194
12.64 0.077522431313689
12.65 0.110393464998825
12.66 0.132700428813864
12.67 0.130565135463256
12.68 0.112507004902882
12.69 0.056737809298791
12.7 0.034184533912878
12.71 0.042067650358115
12.72 0.041358246288275
12.73 0.020790822303008
12.74 -0.010054130717818
12.75 -0.045363505162991
12.76 -0.054765269560054
12.77 -0.061283869601236
12.78 -0.070298463731902
12.79 -0.083528692227321
12.8 -0.095165746291282
12.81 -0.107354713428533
12.82 -0.117631208380992
12.83 -0.128034521194539
12.84 -0.136109463461419
12.85 -0.139780714427771
12.86 -0.152102570803405
12.87 -0.156379252615141
12.88 -0.157452635575121
12.89 -0.151925560366386
12.9 -0.140640805404122
12.91 -0.119628539563972
12.92 -0.08575166490951
12.93 -0.068305494018704
12.94 -0.044962079546192
12.95 -0.020573308701269
12.96 -0.008131516990055
12.97 0.006204803636276
12.98 0.019920424188341
12.99 0.036060448618767
13.0 0.05327176858507
13.01 0.069178140273871
13.02 0.067099571058484
13.03 0.066425271594703
13.04 0.068706464484477
13.05 0.078510778434979
13.06 0.084457506991699
13.07 0.094273218858742
13.08 0.095570415261962
13.09 0.089547011584341
13.1 0.071921254601341
13.11 0.053595327221847
13.12 0.064387556071889
13.13 0.075251968668826
13.14 0.069060225365074
13.15 0.061186306780181
13.16 0.03684135648206
13.17 0.014308778675929
13.18 0.016576353832136
13.19 0.009028501474246
13.2 0.000427156735862
13.21 -0.00667873279187
13.22 -0.032180768360772
13.23 -0.053481519478199
13.24 -0.065433364567478
13.25 -0.076040987865307
13.26 -0.086439725504109
13.27 -0.102122642590756
13.28 -0.114299772747469
13.29 -0.127144682886826
13.3 -0.134504013710486
13.31 -0.139860189568452
13.32 -0.141941485435717
13.33 -0.142644607521886
13.34 -0.135489632255114
13.35 -0.124182671487078
13.36 -0.104973542102372
13.37 -0.087071340811295
13.38 -0.072909715366342
13.39 -0.063816631395978
13.4 -0.052037539526793
13.41 -0.030463258218295
13.42 -8.8507383113e-05
13.43 0.027155394854881
13.44 0.040376739262213
13.45 0.046868492492739
13.46 0.060108710157525
13.47 0.074679510022601
13.48 0.091823985979136
13.49 0.103716004686436
13.5 0.109853458001554
13.51 0.115426321387069
13.52 0.118961180981326
13.53 0.117381381023613
13.54 0.111417635236246
13.55 0.095863400189488
13.56 0.074066361487972
13.57 0.064360064286084
13.58 0.048934666574533
13.59 0.028156567814758
13.6 -0.004858600210304
13.61 -0.029257206486957
13.62 -0.044135381681493
13.63 -0.059468320694533
13.64 -0.073476929864655
13.65 -0.089066189502958
13.66 -0.101844832320677
13.67 -0.118786309053593
13.68 -0.12548261269609
13.69 -0.133213162108513
13.7 -0.133896078812742
13.71 -0.138547329084732
13.72 -0.140368484798001
13.73 -0.142440276370424
13.74 -0.138072967307676
13.75 -0.123975615713244
13.76 -0.10524690630468
13.77 -0.086589518433633
13.78 -0.072244963187859
13.79 -0.059189084672479
13.8 -0.032866518781886
13.81 -0.004168332467201
13.82 0.021144989793205
13.83 0.038781128209174
13.84 0.051922953388154
13.85 0.063443786178931
13.86 0.077114955978167
13.87 0.087231348652738
13.88 0.094569319989405
13.89 0.101196100954067
13.9 0.106236784261241
13.91 0.109278066070354
13.92 0.11193084506399
13.93 0.115511414457268
13.94 0.121765507916217
13.95 0.127994982320778
13.96 0.129092327959467
13.97 0.116864804324763
13.98 0.113456526147995
13.99 0.125915519016895
14.0 0.131664391401961
14.01 0.126954047156887
14.02 0.104698612262319
14.03 0.061217424970898
14.04 0.070417591409869
14.05 0.050597525314379
14.06 0.043074521455535
14.07 0.018103354970896
14.08 -0.008443323527008
14.09 -0.022726356092485
14.1 -0.017129833575871
14.11 -0.035124416668902
14.12 -0.033083107627257
14.13 -0.039495795624349
14.14 -0.039719185811222
14.15 -0.0350971497444
14.16 -0.026752828987279
14.17 -0.025001249485431
14.18 -0.018979959962745
14.19 -0.017020148512865
14.2 -0.011490758898818
14.21 -0.006771894198776
14.22 0.00062588401375
14.23 0.00823160220268
14.24 0.014710322585535
14.25 0.023012354039092
14.26 0.03574166002648
14.27 0.050681266915313
14.28 0.059670528199378
14.29 0.060643838840589
14.3 0.052836609206757
14.31 0.041769167417376
14.32 0.023764935149674
14.33 0.009112426244133
14.34 0.000504187120079
14.35 -0.008423470535116
14.36 -0.025293886815216
14.37 -0.039909295097653
14.38 -0.059321644953955
14.39 -0.069532917188648
14.4 -0.06358297137165
14.41 -0.054082565253163
14.42 -0.058704489564214
14.43 -0.052540271135242
14.44 -0.05032406418949
14.45 -0.04627598494434
14.46 -0.048448767295585
14.47 -0.058388265560707
14.48 -0.069673107398401
14.49 -0.076373694839607
14.5 -0.077968378353838
14.51 -0.101564762163365
14.52 -0.114909006673853
14.53 -0.128380956979365
14.54 -0.137307505439338
14.55 -0.139055600163118
14.56 -0.144593683248433
14.57 -0.156029999972632
14.58 -0.15466418454963
14.59 -0.144385778768455
14.6 -0.139164923849963
14.61 -0.127201744354148
14.62 -0.125478278002287
14.63 -0.122378664371273
14.64 -0.119728141150028
14.65 -0.107167319638704
14.66 -0.094365510606755
14.67 -0.083715262219621
14.68 -0.08352422470017
14.69 -0.077191130632763
14.7 -0.071902902873395
14.71 -0.054708506692532
14.72 -0.034088378935605
14.73 -0.016117833104054
14.74 0.00076833195151
14.75 0.016987314129073
14.76 0.027931678574829
14.77 0.041214954212038
14.78 0.059139010747211
14.79 0.077423335219859
14.8 0.092920576584836
14.81 0.10384250350578
14.82 0.111353825854302
14.83 0.119300515370063
14.84 0.127636815735837
14.85 0.136140484221271
14.86 0.14166590437851
14.87 0.146645855499296
14.88 0.149487865600697
14.89 0.147236532456337
14.9 0.141370854291031
14.91 0.135342834461478
14.92 0.138798354590905
14.93 0.130509168509137
14.94 0.111200899314959
14.95 0.083315086856348
14.96 0.077686544444073
14.97 0.076876690888179
14.98 0.066144881115169
14.99 0.0541949805533
15.0 0.024561098975955
15.01 0.010858772520574
15.02 0.014759781258152
15.03 0.011487766599261
15.04 0.003695507691364
15.05 -0.002394151688679
15.06 -0.015283250836855
15.07 -0.017151508188351
15.08 -0.019171886275783
15.09 -0.020487797842796
15.1 -0.021412062169839
15.11 -0.021669973207865
15.12 -0.025620175513983
15.13 -0.023591834721593
15.14 -0.0255425343519
15.15 -0.029857810721762
15.16 -0.035561505071842
15.17 -0.042098430979411
15.18 -0.047915368972021
15.19 -0.051805640771422
15.2 -0.053657333032188
15.21 -0.054783554649531
15.22 -0.057109232721321
15.23 -0.056239076452461
15.24 -0.042591675321519
15.25 -0.007432826440394
15.26 -0.002730792053259
15.27 0.000584800779785
15.28 0.010889156993315
15.29 0.019786511294879
15.3 0.043329480597328
15.31 0.058066993994258
15.32 0.049097515809684
15.33 0.045857077252477
15.34 0.040114277109375
15.35 0.030670163399598
15.36 0.024414694270323
15.37 0.019092181581162
15.38 0.020558024895329
15.39 0.012150602943304
15.4 0.013243906278764
15.41 0.020772166611684
15.42 0.028090953767944
15.43 0.031891473285016
15.44 0.031210227561102
15.45 0.028187691145529
15.46 0.022059670453916
15.47 0.014054363112121
15.48 0.002196728188861
15.49 -0.006730589484523
15.5 -0.009965572109058
15.51 -0.011866669122451
15.52 -0.017430786513367
15.53 -0.018334264229802
15.54 -0.004477385676023
15.55 0.02161987183619
15.56 0.041030714809795
15.57 0.059107596355017
15.58 0.074998730314966
15.59 0.085064583720997
15.6 0.102149901976529
15.61 0.140046207331769
15.62 0.163300570922142
15.63 0.177213625408421
15.64 0.177948314860848
15.65 0.173444117032917
15.66 0.176019857171797
15.67 0.190246226207988
15.68 0.177171014445723
15.69 0.173572069054702
15.7 0.156835959437597
15.71 0.121368291384729
15.72 0.072802689258006
15.73 0.027142396195137
15.74 0.031670944697596
15.75 -0.001862005782315
15.76 -0.026150018584955
15.77 -0.068612791947226
15.78 -0.108604668755773
15.79 -0.123507898167976
15.8 -0.122244545812551
15.81 -0.135894869404564
15.82 -0.140638110937579
15.83 -0.134272899409327
15.84 -0.135070621194036
15.85 -0.125716542484453
15.86 -0.124041245442322
15.87 -0.116147975019303
15.88 -0.104778949289327
15.89 -0.104028396211433
15.9 -0.105619023625487
15.91 -0.108604104343214
15.92 -0.115270371578947
15.93 -0.122747632789563
15.94 -0.132781324113076
15.95 -0.123127013230588
15.96 -0.133006372816507
15.97 -0.149207853516782
15.98 -0.123718575648635
15.99 -0.037555830259119
16.0 -0.038723453484218
16.01 -0.028188124553904
16.02 -0.015279984188735
16.03 -0.000473395698769
16.04 0.067428116883859
16.05 0.118048770926758
16.06 0.107643073252094
16.07 0.119038879182627
16.08 0.126943278910712
16.09 0.115050202295489
16.1 0.105367487319668
16.11 0.077182710431731
16.12 0.0744805535111
16.13 0.052922051340327
16.14 0.034335507731106
16.15 0.008495765502801
16.16 0.001931165696301
16.17 -0.006064151542044
16.18 0.004382934018075
16.19 0.005448986225641
16.2 0.005345830384695
16.21 0.010133726096029
16.22 0.016283607722336
16.23 0.025181853997923
16.24 0.027248779976723
16.25 0.018372317891427
16.26 0.027863143838888
16.27 0.037892653021962
16.28 0.033920447305519
16.29 0.037581925993592
16.3 0.029499345357592
16.31 0.03485055716834
16.32 0.055976483072533
16.33 0.06913653748119
16.34 0.08116160557342
16.35 0.086940278248612
16.36 0.087166095615327
16.37 0.105502897894402
16.38 0.109696943587501
16.39 0.107665037177084
16.4 0.10810426465385
16.41 0.094089399879128
16.42 0.109208802851263
16.43 0.101905783449258
16.44 0.092848960431459
16.45 0.068049230192714
16.46 0.021731688823515
16.47 0.014347794418603
16.48 0.026763643903965
16.49 0.009567397151245
16.5 0.005847316635249
16.51 -0.038622037718572
16.52 -0.063415781180818
16.53 -0.067168029385661
16.54 -0.061799597593722
16.55 -0.071070935024919
16.56 -0.065836099220669
16.57 -0.074773823215482
16.58 -0.071056018770688
16.59 -0.073701377657594
16.6 -0.069599501286262
16.61 -0.067368640470062
16.62 -0.066665037046656
16.63 -0.072092217017855
16.64 -0.073281509510715
16.65 -0.076334780820248
16.66 -0.074219237164232
16.67 -0.075544705605915
16.68 -0.090602631908086
16.69 -0.101937656505147
16.7 -0.111352745397411
16.71 -0.111831864847242
16.72 -0.111149130878752
16.73 -0.109342683813261
16.74 -0.105284494816561
16.75 -0.0811020937685
16.76 -0.055511010853523
16.77 -0.049542118902574
16.78 -0.029865161673954
16.79 -0.014768412806605
16.8 0.013059227678451
16.81 0.040929285178421
16.82 0.061088986036825
16.83 0.064199538515604
16.84 0.075616185662738
16.85 0.073639726410817
16.86 0.073246650657429
16.87 0.062463597789819
16.88 0.054659888273773
16.89 0.05152759680692
16.9 0.036085807498028
16.91 0.018783723299741
16.92 0.002477584221547
16.93 -0.008649025292755
16.94 -0.014110810465326
16.95 -0.017394381929742
16.96 -0.016320911128077
16.97 -0.012312823817356
16.98 -0.007662852554131
16.99 -0.001869574510949
17.0 -0.000226352237241
17.01 0.002340014469477
17.02 0.010949055593465
17.03 0.014140626842306
17.04 0.013242509342674
17.05 0.004620863652442
17.06 -0.003392396882166
17.07 -0.011627399474
17.08 -0.002933620906649
17.09 0.005659312456501
17.1 0.016581898357585
17.11 0.024809228875708
17.12 0.029916975390249
17.13 0.036235415895359
17.14 0.051541843367146
17.15 0.054387451299979
17.16 0.071627931638907
17.17 0.079695355212719
17.18 0.073750153820197
17.19 0.068688397550256
17.2 0.054341776371429
17.21 0.024455233414151
17.22 0.00541480454804
17.23 -0.002828172254636
17.24 -0.015517669592614
17.25 -0.022962521226516
17.26 -0.037993800845959
17.27 -0.05784925880752
17.28 -0.067259656606131
17.29 -0.069462072081125
17.3 -0.080128108691277
17.31 -0.087403197385076
17.32 -0.097102903213705
17.33 -0.106800287747438
17.34 -0.114801128999486
17.35 -0.120619611805007
17.36 -0.123725132658622
17.37 -0.13332522515265
17.38 -0.137840000253668
17.39 -0.151962800759647
17.4 -0.156599073100002
17.41 -0.154794644277339
17.42 -0.152750570256216
17.43 -0.141552112053715
17.44 -0.13413115402527
17.45 -0.121926957732701
17.46 -0.08431818139284
17.47 -0.035302068998683
17.48 -0.02826658524945
17.49 -0.008899795165202
17.5 0.008973054298809
17.51 0.033323516931174
17.52 0.07856972467117
17.53 0.105867130803173
17.54 0.117155697761
17.55 0.133165326331566
17.56 0.14790073480428
17.57 0.155075219223203
17.58 0.16800674564168
17.59 0.171661706781685
17.6 0.178408523919952
17.61 0.171588759960042
17.62 0.16871525619203
17.63 0.175751533820924
17.64 0.168484171013042
17.65 0.1563104054313
17.66 0.132554727179885
17.67 0.098820677371978
17.68 0.080727241011997
17.69 0.065563418302622
17.7 0.047687763384747
17.71 0.024791108268081
17.72 -0.010960995418397
17.73 -0.03786526767831
17.74 -0.046695782948941
17.75 -0.043146188466873
17.76 -0.044563676389564
17.77 -0.048218038209211
17.78 -0.056843523386035
17.79 -0.05798031441015
17.8 -0.059610115661332
17.81 -0.056959803212667
17.82 -0.058844580759219
17.83 -0.065368760351086
17.84 -0.065251826267885
17.85 -0.083607571935431
17.86 -0.09120541098045
17.87 -0.102338430703908
17.88 -0.108832751287046
17.89 -0.111439480572679
17.9 -0.106215559992847
17.91 -0.097600780426505
17.92 -0.022788958071916
17.93 0.000861910739161
17.94 -0.001279775837521
17.95 0.026953300938353
17.96 0.045195356154156
17.97 0.10238280093216
17.98 0.153920718488118
17.99 0.163508892073787
18.0 0.156830100478201
18.01 0.168811399328488
18.02 0.147440431531383
18.03 0.137348659896665
18.04 0.129872450586366
18.05 0.112155538900325
18.06 0.092028497851886
18.07 0.066602405403819
18.08 0.043508416655516
18.09 0.032054620502707
18.1 0.014897375364
18.11 0.009315017711674
18.12 -0.001392120968873
18.13 -0.001740443234436
18.14 0.003756189453903
18.15 0.0163706403582
18.16 0.018533504028685
18.17 0.009132329157685
18.18 0.002731384422213
18.19 0.024472390082816
18.2 0.03937809822614
18.21 0.044045142425637
18.22 0.03940675893011
18.23 0.012808540874454
18.24 0.012404989465601
18.25 0.010184006452653
18.26 0.007526004918212
18.27 -0.002952923164973
18.28 -0.0045298686502
18.29 -0.015904323712372
18.3 -0.022510548430973
18.31 -0.052878206417051
18.32 -0.055668499036804
18.33 -0.068904160795245
18.34 -0.074192596359548
18.35 -0.079216171283911
18.36 -0.087950914312869
18.37 -0.09760291312081
18.38 -0.093641872143837
18.39 -0.091976495374505
18.4 -0.087417446464148
18.41 -0.08746268873346
18.42 -0.073859900257795
18.43 -0.049909353209445
18.44 -0.022181353387211
18.45 -0.015965024518418
18.46 -0.002785361229353
18.47 0.009451703390573
18.48 0.022906222205691
18.49 0.042585480625255
18.5 0.047923565302958
18.51 0.03918140790158
18.52 0.032418406945208
18.53 0.01427898126097
18.54 0.009448190540904
18.55 0.006150244328887
18.56 -0.004035316171692
18.57 -0.02011048160099
18.58 -0.031575172809688
18.59 -0.031459345606766
18.6 -0.02296795944792
18.61 -0.015355436069241
18.62 -0.009113081026168
18.63 -0.009789569436917
18.64 -0.007210151603623
18.65 -0.001621644352847
18.66 -0.005501275893026
18.67 -0.01571701651863
18.68 -0.022997685391125
18.69 -0.025960677445825
18.7 -0.028889772550796
18.71 -0.036621165484165
18.72 -0.046820955625248
18.73 -0.054148587560471
18.74 -0.057504396380739
18.75 -0.057481363240937
18.76 -0.050921638169383
18.77 -0.043917695117095
18.78 -0.042228854636194
18.79 -0.043508124192682
18.8 -0.037271953748342
18.81 -0.029577759044774
18.82 -0.022674311760055
18.83 -0.021090875558418
18.84 -0.018625956133904
18.85 -0.015842033116358
18.86 -0.005711300482507
18.87 0.001092438436495
18.88 0.005579159360251
18.89 0.011059007086925
18.9 0.024596010816889
18.91 0.036355166422361
18.92 0.046746378699359
18.93 0.052916186212582
18.94 0.056458570314136
18.95 0.066098307572133
18.96 0.083046873110926
18.97 0.083110893363944
18.98 0.081273614810975
18.99 0.081282824137431
19.0 0.077085060260042
19.01 0.075352099181918
19.02 0.067359740435707
19.03 0.04469930397169
19.04 0.011207996791961
19.05 -0.007111640913252
19.06 -0.015457752318783
19.07 -0.034258324968733
19.08 -0.052888503077473
19.09 -0.084484284148822
19.1 -0.110773375118172
19.11 -0.118168935056898
19.12 -0.121564846840021
19.13 -0.120915121613311
19.14 -0.12392597071018
19.15 -0.128722406724977
19.16 -0.126554084340548
19.17 -0.124857778382056
19.18 -0.119598843003002
19.19 -0.108975061526077
19.2 -0.100741335433129
19.21 -0.086016616927526
19.22 -0.068051482730309
19.23 -0.049274294856294
19.24 -0.023109674687803
19.25 -0.003869888134765
19.26 0.010548912226132
19.27 0.020625513909949
19.28 0.037498819489934
19.29 0.058987878375931
19.3 0.077878960440029
19.31 0.08427300118378
19.32 0.082933477868755
19.33 0.083124422018708
19.34 0.090115743167382
19.35 0.095563627311156
19.36 0.094312373087183
19.37 0.091302450294702
19.38 0.089846683480668
19.39 0.089958517336694
19.4 0.095997668655967
19.41 0.106747608550781
19.42 0.109243120683984
19.43 0.113811318487427
19.44 0.116641905516139
19.45 0.118183836926676
19.46 0.117833446979024
19.47 0.109794808069746
19.48 0.074405234241053
19.49 0.056188269702324
19.5 0.051326647182383
19.51 0.039018853297858
19.52 0.027869228693249
19.53 0.001635107163639
19.54 -0.027622964804153
19.55 -0.033540233115636
19.56 -0.032682297091892
19.57 -0.030786333557178
19.58 -0.021839219982838
19.59 -0.018642438190926
19.6 -0.013729950091693
19.61 -0.008630874570318
19.62 0.004318807048598
19.63 0.018637564506816
19.64 0.029352796793675
19.65 0.035186127453453
19.66 0.042902048288458
19.67 0.051575635926169
19.68 0.065442122570202
19.69 0.074855738210204
19.7 0.080397950565811
19.71 0.088443843248439
19.72 0.100222720778707
19.73 0.103609725851801
19.74 0.092336393892779
19.75 0.061190801021872
19.76 0.017372364925269
19.77 -0.000443746310284
19.78 -0.001508595868245
19.79 -0.023492496225077
19.8 -0.047322535738696
19.81 -0.081784011620049
19.82 -0.105952833207175
19.83 -0.113693975146332
19.84 -0.120068017626755
19.85 -0.134945862125816
19.86 -0.121597009696307
19.87 -0.09756877701205
19.88 -0.078971351755787
19.89 -0.060887310019016
19.9 -0.061131240029311
19.91 -0.047843159774937
19.92 -0.033488121327868
19.93 -0.029807643577526
19.94 -0.023125342700322
19.95 -0.021257962749301
19.96 -0.025746494935497
19.97 -0.034148421014388
19.98 -0.047578796635101
19.99 -0.056371068863713
20.0 -0.059066848658658
20.01 -0.046996971799766
20.02 -0.032995225948971
20.03 -0.055238620338584
20.04 -0.057934891638788
20.05 -0.054692911171629
20.06 -0.037898780767245
20.07 -0.001892410534873
20.08 0.004667614086755
20.09 -0.000895466597947
20.1 0.001300610023681
20.11 0.013412460548668
20.12 0.01342615174496
20.13 0.025624929678697
20.14 0.024405475500808
20.15 0.026703032789126
20.16 0.029157078770655
20.17 0.037217755420818
20.18 0.03579406176103
20.19 0.036818608526624
20.2 0.036427192590803
20.21 0.040577213156602
20.22 0.039811895509365
20.23 0.041501790917324
20.24 0.038903040334557
20.25 0.024507015884196
20.26 -0.003506884034667
20.27 -0.00651506803962
20.28 -0.000363257806858
20.29 -0.006988398050624
20.3 -0.02098305697552
20.31 -0.04508050881987
20.32 -0.060428117251445
20.33 -0.052062062665338
20.34 -0.042167537337171
20.35 -0.044080327795349
20.36 -0.03870028221233
20.37 -0.034233849587181
20.38 -0.029717788944752
20.39 -0.025200579982777
20.4 -0.017637955138934
20.41 -0.015143804657054
20.42 -0.01495141356415
20.43 -0.012932631697869
20.44 -0.01220000152425
20.45 -0.009725948562003
20.46 -0.01005680124194
20.47 -0.012690577268173
20.48 -0.011052134868568
20.49 -0.005545274216446
20.5 -0.006029261634078
20.51 -0.020155957340664
20.52 -0.030080428179218
20.53 -0.029563463414142
20.54 -0.031395559356865
20.55 -0.027538672745264
20.56 -0.033080868471142
20.57 -0.040435254120439
20.58 -0.041633110171237
20.59 -0.040072434242087
20.6 -0.035059823503858
20.61 -0.017867396149042
20.62 -0.010897279084065
20.63 -7.83827464e-05
20.64 0.007597339166939
20.65 0.018304420713692
20.66 0.02849552327369
20.67 0.034422113585698
20.68 0.032093334573113
20.69 0.032544262602521
20.7 0.029395189440516
20.71 0.0275997531062
20.72 0.023958584958903
20.73 0.020638669869872
20.74 0.019118357553392
20.75 0.018235340247147
20.76 0.016589166702923
20.77 0.01738954791906
20.78 0.016000455862878
20.79 0.014079879033518
20.8 0.013787341621186
20.81 0.010030190231271
20.82 0.006791569057408
20.83 0.000151105491774
20.84 -0.00755473458609
20.85 -0.01354183398041
20.86 -0.014691741939885
20.87 -0.011757875772988
20.88 -0.013386065912955
20.89 -0.014163358585035
20.9 -0.004971452258763
20.91 0.00472602781817
20.92 0.013364259560891
20.93 0.021228632566061
20.94 0.026994289712345
20.95 0.031935314367219
20.96 0.035498491486705
20.97 0.032258737264084
20.98 0.021744962996232
20.99 0.006942043010718
21.0 -0.006463136669115
21.01 -0.011188914740198
21.02 -0.019735190858299
21.03 -0.028248879361887
21.04 -0.037279787279956
21.05 -0.037711375592211
21.06 -0.037991984525828
21.07 -0.032915999343832
21.08 -0.030185587726014
21.09 -0.029327803504892
21.1 -0.029427842578326
21.11 -0.026093548490857
21.12 -0.023035369385113
21.13 -0.018693208779645
21.14 -0.016636235597335
21.15 -0.017550317208763
21.16 -0.018203506290824
21.17 -0.024002909414973
21.18 -0.021652518282135
21.19 -0.017509318448535
21.2 -0.01172297407565
21.21 -0.00050443307221
21.22 0.00460227093992
21.23 0.008425440555845
21.24 0.01336444219297
21.25 0.015990026230357
21.26 0.020993474508505
21.27 0.028432213476591
21.28 0.031506345059189
21.29 0.031982303337622
21.3 0.03098523582474
21.31 0.031161376521783
21.32 0.034993819539242
21.33 0.041831688788016
21.34 0.049203888766428
21.35 0.054647638378211
21.36 0.056564199248992
21.37 0.050941813096302
21.38 0.05731482885503
21.39 0.073050519972451
21.4 0.078449321292794
21.41 0.078749524789373
21.42 0.070286527572961
21.43 0.063099189020302
21.44 0.046979629427251
21.45 0.019180954184154
21.46 0.011783083032782
21.47 -0.000839935572873
21.48 -0.014099066229084
21.49 -0.02781989202586
21.5 -0.056046974814276
21.51 -0.071073085445309
21.52 -0.069768275873981
21.53 -0.071392486031991
21.54 -0.063943120320124
21.55 -0.044319981198415
21.56 -0.037825067544674
21.57 -0.020744626174949
21.58 -0.005870809287252
21.59 0.015886731491651
21.6 0.02875494509449
21.61 0.041690098196871
21.62 0.048446404231194
21.63 0.053932939645457
21.64 0.055218255951812
21.65 0.055283579494342
21.66 0.062879865792492
21.67 0.066093758863996
21.68 0.068295501418082
21.69 0.063096550021633
21.7 0.057821779412019
21.71 0.054740989787709
21.72 0.053900084214442
21.73 0.055037264330153
21.74 0.054350945864451
21.75 0.052761282622004
21.76 0.050079861830505
21.77 0.044328639071429
21.78 0.035110087259805
21.79 0.023260776746656
21.8 0.008283967825311
21.81 -0.002446853932795
21.82 -0.012209056539927
21.83 -0.024292821811305
21.84 -0.033343390945146
21.85 -0.045076381907516
21.86 -0.058061338931753
21.87 -0.065391986080395
21.88 -0.071059344935471
21.89 -0.074387774428735
21.9 -0.072329436138293
21.91 -0.07070400206337
21.92 -0.063676525292321
21.93 -0.058163331358223
21.94 -0.058813688431151
21.95 -0.053134187424366
21.96 -0.046866327354093
21.97 -0.040910330147205
21.98 -0.036403149732819
21.99 -0.03363400940242
22.0 -0.028866556014254
22.01 -0.024019742035973
22.02 -0.015772258667604
22.03 -0.004506451301584
22.04 0.00668361582422
22.05 0.017486671316574
22.06 0.023520689678593
22.07 0.026092213404964
22.08 0.032486301050048
22.09 0.040637324725409
22.1 0.043818366620669
22.11 0.04363447285885
22.12 0.046837541416566
22.13 0.043138696201139
22.14 0.041740593528438
22.15 0.032647212454761
22.16 0.021597483772436
22.17 0.010157825236099
22.18 -0.001877170999329
22.19 -0.008773265142715
22.2 -0.018167443599209
22.21 -0.028821236289888
22.22 -0.038285711054629
22.23 -0.046702337420803
22.24 -0.052417567517088
22.25 -0.054971424588438
22.26 -0.058207895443716
22.27 -0.056353435824846
22.28 -0.052048996322767
22.29 -0.055606082598603
22.3 -0.053860179426356
22.31 -0.056186456110171
22.32 -0.059010944343632
22.33 -0.063318448866605
22.34 -0.065955592027901
22.35 -0.065850194664018
22.36 -0.064088993591344
22.37 -0.064131543190539
22.38 -0.065358693263462
22.39 -0.057950604488506
22.4 -0.038191041857763
22.41 -0.025266134691314
22.42 -0.016886360955358
22.43 -0.009966920633374
22.44 -0.002929943424134
22.45 0.012087474387878
22.46 0.024548979832786
22.47 0.026527474065247
22.48 0.024941843805184
22.49 0.018580945132517
22.5 0.007082329644764
22.51 -0.003216166327878
22.52 -0.011095224320015
22.53 -0.016282342981309
22.54 -0.021681537629907
22.55 -0.026669665782086
22.56 -0.028372108450738
22.57 -0.02556299791236
22.58 -0.018183354955532
22.59 -0.009576317495398
22.6 -0.000975606709363
22.61 0.007776043666515
22.62 0.015215699641673
22.63 0.018492799900685
22.64 0.013860267695534
22.65 0.009140084622926
22.66 0.012993822305515
22.67 0.009435812959604
22.68 0.006745155704646
22.69 -0.001174288874688
22.7 -0.007031526745906
22.71 -0.004831172340878
22.72 0.00352754009423
22.73 0.009654497155209
22.74 0.015221780964064
22.75 0.020986361516271
22.76 0.026115168237118
22.77 0.032698214655467
22.78 0.042061705782424
22.79 0.048135781843833
22.8 0.047255176234078
22.81 0.042420249073839
22.82 0.023758832290129
22.83 0.006300961783791
22.84 0.006580933952353
22.85 -3.4007420272e-05
22.86 -0.003521367694402
22.87 -0.010014123720026
22.88 -0.016936162267026
22.89 -0.016953544205654
22.9 -0.010244964089427
22.91 -0.010051166723002
22.92 -0.000734980656986
22.93 0.001685093796058
22.94 0.007528281341078
22.95 0.011915169151768
22.96 0.012929973359199
22.97 0.016636458737095
22.98 0.016197784952322
22.99 0.016247663965668
23.0 0.015818930798306
23.01 0.011010632270763
23.02 0.008146381191248
23.03 0.008980881770113
23.04 0.020329575892818
23.05 0.032541817680985
23.06 0.037139467251261
23.07 0.03906350103223
23.08 0.036552767315344
23.09 0.047301759379284
23.1 0.05487205434611
23.11 0.059848351193494
23.12 0.067808622769281
23.13 0.061175706816691
23.14 0.055951680409466
23.15 0.052273015628216
23.16 0.045964423749146
23.17 0.03896429788218
23.18 0.040441802620494
23.19 0.034554148441713
23.2 0.031098204749603
23.21 0.028538761514398
23.22 0.022012415836381
23.23 0.018476700471955
23.24 0.016677806269129
23.25 0.011669281349292
23.26 0.008235132531168
23.27 -0.000246409869181
23.28 -0.009272335779254
23.29 -0.018905214374472
23.3 -0.024474267966052
23.31 -0.027889169024429
23.32 -0.034159898343507
23.33 -0.040827843878871
23.34 -0.045650759667155
23.35 -0.048329082106719
23.36 -0.042821020006543
23.37 -0.036135789079326
23.38 -0.034319538159324
23.39 -0.026837218888103
23.4 -0.019977756290749
23.41 -0.013156129267534
23.42 -0.00791626590598
23.43 -0.003511905907148
23.44 0.001144112193013
23.45 0.004731110471176
23.46 0.007673279521678
23.47 0.008345806059974
23.48 0.010097102082433
23.49 0.012303697537378
23.5 0.009445233628642
23.51 0.006938313471846
23.52 0.004271542603608
23.53 0.002264896672295
23.54 0.001760505391749
23.55 0.001571515809649
23.56 0.002622557205744
23.57 0.00195126344522
23.58 -0.000128372353331
23.59 0.000595573792543
23.6 0.003916584558889
23.61 0.005973584179579
23.62 0.006051065136245
23.63 0.003515582917126
23.64 -0.00012643447082
23.65 0.000606192829429
23.66 0.003125954630628
23.67 0.001251761162474
23.68 -0.001606823227552
23.69 -0.007970354832446
23.7 -0.013565812959422
23.71 -0.013899860122613
23.72 -0.012208260077239
23.73 -0.01083513397244
23.74 -0.006581343197896
23.75 -0.00344998874614
23.76 -0.00108952561443
23.77 0.000616920300845
23.78 0.000750530356795
23.79 -0.00276443578418
23.8 -0.006013882076279
23.81 -0.006740479934982
23.82 -0.008932861260368
23.83 -0.01217306867909
23.84 -0.016680689296649
23.85 -0.019128892090734
23.86 -0.018432741953843
23.87 -0.012558648305936
23.88 -0.004641310144363
23.89 -0.003201441233393
23.9 0.000502773359823
23.91 0.008512748656963
23.92 0.015395398060355
23.93 0.020481634227626
23.94 0.019386247282081
23.95 0.014848770073954
23.96 0.006609752275949
23.97 -0.00010383303211
23.98 -0.004812953283165
23.99 -0.012332634719984
24.0 -0.019007414753587
24.01 -0.025989179445794
24.02 -0.030041515009262
24.03 -0.030077800497074
24.04 -0.027188968554226
24.05 -0.021673385708241
24.06 -0.015791773949449
24.07 -0.013255134953925
24.08 -0.005855417578012
24.09 -0.002671813197985
24.1 -0.001134685885169
24.11 -0.000697695231866
24.12 -0.002052290022414
24.13 -0.00502388103585
24.14 -0.010528682233599
24.15 -0.01350559878678
24.16 -0.014491516989649
24.17 -0.017163539629642
24.18 -0.019395649128771
24.19 -0.017939054708126
24.2 -0.01215125888438
24.21 -0.011655592550827
24.22 -0.011703568475559
24.23 -0.010207758097212
24.24 -0.005042029565647
24.25 0.000237253795196
24.26 0.001262946446412
24.27 -0.005418740169448
24.28 -0.009595886268969
24.29 -0.013691403387988
24.3 -0.01441685111325
24.31 -0.015770672920257
24.32 -0.017925806797128
24.33 -0.020696092196058
24.34 -0.021693015668234
24.35 -0.020731692649946
24.36 -0.018537150172524
24.37 -0.017399285340447
24.38 -0.01553980410896
24.39 -0.012237000089841
24.4 -0.007349563318005
24.41 -0.005175133683161
24.42 -0.006508676352133
24.43 -0.007829537780826
24.44 -0.004653645044181
24.45 -0.000177575436214
24.46 0.00207369712145
24.47 0.004402827327318
24.48 0.006589585124739
24.49 0.009608005754394
24.5 0.014069795527507
24.51 0.017360082367089
24.52 0.018484001928078
24.53 0.019393571974299
24.54 0.019275843647872
24.55 0.018653427919638
24.56 0.017913277803914
24.57 0.014552547211737
24.58 0.013548062825368
24.59 0.012257855440567
24.6 0.010648595614891
24.61 0.010940839690978
24.62 0.012860877885627
24.63 0.012435911303634
24.64 0.014036038596155
24.65 0.018972246923812
24.66 0.02077004495015
24.67 0.020382776618476
24.68 0.020728187911655
24.69 0.020946729403017
24.7 0.016258802306262
24.71 0.007538779653941
24.72 0.000726942348927
24.73 -0.005631130877206
24.74 -0.012861043860745
24.75 -0.019963365201925
24.76 -0.02966450573633
24.77 -0.037761594887512
24.78 -0.039652045975833
24.79 -0.041666567341354
24.8 -0.043399802956597
24.81 -0.03843343721459
24.82 -0.032609876228986
24.83 -0.026926237641431
24.84 -0.018766458706591
24.85 -0.009656859351963
24.86 -0.002512932473361
24.87 0.005255368415797
24.88 0.01311732961781
24.89 0.018194301726338
24.9 0.022057059528557
24.91 0.025619937717029
24.92 0.029582830742391
24.93 0.034926762361009
24.94 0.03806877285701
 
 
 
 
 
 
 
 
 
 
 
 
 
 
 
 
 
 
 
 
 
 
 
 
 
 
 
 
 
 
 
 
 
 
 
 
 
 
 
 
 
 
 
 
 
 
 
 
 
 
 
 
 
 
 
 
 
 
 
 
 
 
 
 
 
 
 
 
 
 
 
 
 
 
 
 
 
 
 
 
 
 
 
 
 
 
 
 
 
 
 
 
 
 
 
 
 
 
 
 
 
 
 
 
 
 
 
 
 
 
 
 
 
 
 
 
 
 
 
 
 
 
 
 
 
 
 
 
 
 
 
 
 
 
 
 
 
 
 
 
 
 
 
 
 
 
 
 
 
 
 
 
 
 
 
 
 
 
 
 
 
 
 
 
 
 
 
 
 
 
 
 
 
 
 
 
 
 
 
 
 
 
 
 
 
 
 
 
 
 
 
 
 
 
 
 
 
 
 
 
 
 
 
 
 
 
 
 
 
 
 
 
 
 
 
 
 
 
 
 
 
 
 
 
 
 
 
 
 
 
 
 
 
 
 
 
 
 
 
 
 
 
 
 
 
 
 
 
 
 
 
 
 
 
 
 
 
 
 
 
 
 
 
 
 
 
 
 
 
 
 
 
 
 
 
 
 
 
 
 
 
 
 
 
 
 
 
 
 
 
 
 
 
 
 
 
 
 
 
 
 
 
 
 
 
 
 
 
 
 
 
 
 
 
 
 
 
 
 
 
 
 
 
 
 
 
 
 
 
 
 
 
 
 
 
 
 
 
 
 
 
 
 
 
 
 
 
 
 
 
 
 
 
 
 
 
 
 
 
 
 
 
 
 
 
 
 
 
 
 
 
 
 
 
 
 
 
 
 
 
 
 
 
 
 
 
 
 
 
 
 
 
 
 
 
 
 
 
 
 
 
 
 
 
 
 
 
 
 
 
 
 
 
 
 
 
 
 
 
 
 
 
 
 
 
 
 
 
 
 
 
 
 
 
 
 
 
 
 
 
 
 
 
 
 
 
 
 
 
 
 
 
 
 
 
 
 
 
 
 
 
 
 
 
 
 
 
 
 
 
 
 
 
 
 
 
 
 
 
 
 
 
 
 
 
 
 
 
 
 
 
 
 
 
 
 
 
 
 
 
 
 
 
 
 
 
 
 
 
 
 
 
 
 
 
 
 
 
 
 
 
 
 
 
 
 
 
 
 
 
 
 
 
 
 
 
 
 
 
 
 
 
 
 
 
 
 
 
 
 
 
 
 
 
 
 
 
 
 
 
 
 
 
 
 
 
 
 
 
 
 
 
 
 
 
 
 
 
 
 
 
 
 
 
 
 
 
 
 
 
 
 
 
 
 
 
 
 
 
 
 
 
 
 
 
 
 
 
 
 
 
 
 
 
 
 
 
 
 
 
 
 
 
 
 
 
 
 
 
 
 
 
 
 
 
 
 
 
 
 
 
 
 
 
 
 
 
 
 
 
 
 
 
 
 
 
 
 
 
 
 
 
 
 
 
 
 
 
 
 
 
 
 
 
 
 
 
 
 
 
 
 
 
 
 
 
 
 
 
 
 
 
 
 
 
 
 
 
 
 
 
 
 
 
 
 
 
 
 
 
 
 
 
 
 
 
 
 
 
 
 
 
 
 
 
 
 
 
 
 
 
 
 
 
 
 
 
 
 
 
 
 
 
 
 
 
 
 
 
 
 
 
 
 
 
 
 
 
 
 
 
 
 
 
 
 
 
 
 
 
 
 
 
 
 
 
 
 
 
 
 
 
 
 
 
 
 
 
 
 
 
 
 
 
 
 
 
 
 
 
 
 
 
 
 
 
 
 
 
 
 
 
 
 
 
 
 
 
 
 
 
 
 
 
 
 
 
 
 
 
 
 
 
 
 
 
 
 
 
 
 
 
 
 
 
 
 
 
 
 
 
 
 
 
 
 
 
 
 
 
 
 
 
 
 
 
 
 
 
 
 
 
 
 
 
 
 
 
 
 
 
 
 
 
 
 
 
 
 
 
 
 
 
 
 
 
 
 
 
 
 
 
 
 
 
 
 
 
 
 
 
 
 
 
 
 
 
 
 
 
 
 
 
 
 
 
 
 
 
 
 
 
 
 
 
 
 
 
 
 
 
 
 
 
 
 
 
 
 
 
 
 
 
 
 
 
 
 
 
 
 
 
 
 
 
 
 
 
 
 
 
 
 
 
 
 
 
 
 
 
 
 
 
 
 
 
 
 
 
 
 
 
 
 
 
 
 
 
 
 
 
 
 
 
 
 
 
 
 
 
 
 
 
 
 
 
 
 
 
 
 
 
 
 
 
 
 
 
 
 
 
 
 
 
 
 
 
 
 
 
 
 
 
 
 
 
 
 
 
 
 
 
 
 
 
 
 
 
 
 
 
 
 
 
 
 
 
 
 
 
 
 
 
 
 
 
 
 
 
 
 
 
 
 
 
 
 
 
 
 
 
 
 
 
 
 
 
 
 
 
 
 
 
 
 
 
 
 
 
 
 
 
 
 
 
 
 
 
 
 
 
 
 
 
 
 
 
 
 
 
 
 
 
 
 
 
 
 
 
 
 
 
 
 
 
 
 
 
 
 
 
 
 
 
 
 
 
 
 
 
 
 
 
 
 
 
 
 
 
 
 
 
 
 
 
 
 
 
 
 
 
 
 
 
 
 
 
 
 
 
 
 
 
 
 
 
 
 
 
 
 
 
 
 
 
 
 
 
 
 
 
 
 
 
 
 
 
 
 
 
 
 
 
 
 
 
 
 
 
 
 
 
 
 
 
 
 
 
 
 
 
 
 
 
 
 
 
 
 
 
 
 
 
 
 
 
 
 
 
 
 
 
 
 
 
 
 
 
 
 
 
 
 
 
 
 
 
 
 
 
 
 
 
 
 
 
 
 
 
 
 
 
 
 
 
 
 
 
 
 
 
 
 
 
 
 
 
 
 
 
 
 
 
 
 
 
 
 
 
 
 
 
 
 
 
 
 
 
 
 
 
 
 
 
 
 
 
 
 
 
 
 
 
 
 
 
 
 
 
 
 
 
 
 
 
 
 
 
 
 
 
 
 
 
 
 
 
 
 
 
 
 
 
 
 
 
 
 
 
 
 
 
 
 
 
 
 
 
 
 
 
 
 
 
 
 
 
 
 
 
 
 
 
 
 
 
 
 
 
 
 
 
 
 
 
 
 
 
 
 
 
 
 
 
 
 
 
 
 
 
 
 
 
 
 
 
 
 
 
 
 
 
 
 
 
 
 
 
 
 
 
 
 
 
 
 
 
 
 
 
 
 
 
 
 
 
 
 
 
 
 
 
 
 
 
 
 
 
 
 
 
 
 
 
 
 
 
 
 
 
 
 
 
 
 
 
 
 
 
 
 
 
 
 
 
 
 
 
 
 
 
 
 
 
 
 
 
 
 
 
 
 
 
 
 
 
 
 
 
 
 
 
 
 
 
 
 
 
 
 
 
 
 
 
 
 
 
 
 
 
 
 
 
 
 
 
 
 
 
 
 
 
 
 
 
 
 
 
 
 
 
 
 
 
 
 
 
 
 
 
 
 
 
 
 
 
 
 
 
 
 
 
 
 
 
 
 
 
 
 
 
 
 
 
 
 
 
 
 
 
 
 
 
 
 
 
 
 
 
 
 
 
 
 
 
 
 
 
 
 
 
 
 
 
 
 
 
 
 
 
 
 
 
 
 
 
 
 
 
 
 
 
 
 
 
 
 
 
 
 
 
 
 
 
 
 
 
 
 
 
 
 
 
 
 
 
 
 
 
 
 
 
 
 
 
 
 
 
 
 
 
 
 
 
 
 
 
 
 
 
 
 
 
 
 
 
 
 
 
 
 
 
 
 
 
 
 
 
 
 
 
 
 
 
 
 
 
 
 
 
 
 
 
 
 
 
 
 
 
 
 
 
 
 
 
 
 
 
 
 
 
 
 
 
 
 
 
 
 
 
 
 
 
 
 
 
 
 
 
 
 
 
 
 
 
 
 
 
 
 
 
 
 
 
 
 
 
 
 
 
 
 
 
 
 
 
 
 
 
 
 
 
 
 
 
 
 
 
 
 
 
 
 
 
 
 
 
 
 
 
 
 
 
 
 
 
 
 
 
 
 
 
 
 
 
 
 
 
 
 
 
 
 
 
 
 
 
 
 
 
 
 
 
 
 
 
 
 
 
 
 
 
 
 
 
 
 
 
 
 
 
 
 
 
 
 
 
 
 
 
 
 
 
 
 
 
 
 
 
 
 
 
 
 
 
 
 
 
 
 
 
 
 
 
 
 
 
 
 
 
 
 
 
 
 
 
 
 
 
 
 
 
 
 
 
 
 
 
 
 
 
 
 
 
 
 
 
 
 
 
 
 
 
 
 
 
 
 
 
 
 
 
 
 
 
 
 
 
 
 
 
 
 
 
 
 
 
 
 
 
 
 
 
 
 
 
 
 
 
 
 
 
 
 
 
 
 
 
 
 
 
 
 
 
 
 
 
 
 
 
 
 
 
 
 
 
 
 
 
 
 
 
 
 
 
 
 
 
 
 
 
 
 
 
 
 
 
 
 
 
 
 
 
 
 
 
 
 
 
 
 
 
 
 
 
 
 
 
 
 
 
 
 
 
 
 
 
 
 
 
 
 
 
 
 
 
 
 
 
 
 
 
 
 
 
 
 
 
 
 
 
 
 
 
 
 
 
 
 
 
 
 
 
 
 
 
 
 
 
 
 
 
 
 
 
 
 
 
 
 
 
 
 
 
 
 
 
 
 
 
 
 
 
 
 
 
 
 
 
 
 
 
 
 
 
 
 
 
 
 
 
 
 
 
 
 
 
 
 
 
 
 
 
 
 
 
 
 
 
 
 
 
 
 
 
 
 
 
 
 
 
 
 
 
 
 
 
 
 
 
 
 
 
 
 
 
 
 
 
 
 
 
 
 
 
 
 
 
 
 
 
 
 
 
 
 
 
 
 
 
 
 
 
 
 
 
 
 
 
 
 
 
 
 
 
 
 
 
 
 
 
 
 
 
 
 
 
 
 
 
 
 
 
 
 
 
 
 
 
 
 
 
 
 
 
 
 
 
 
 
 
 
 
 
 
 
 
 
 
 
 
 
 
 
 
 
 
 
 
 
 
 
 
 
 
 
 
 
 
 
 
 
 
 
 
 
 
 
 
 
 
 
 
 
 
 
 
 
 
 
 
 
 
 
 
 
 
 
 
 
 
 
 
 
 
 
 
 
 
 
 
 
 
 
 
 
 
 
 
 
 
 
 
 
 
 
 
 
 
 
 
 
 
 
 
 
 
 
 
 
 
 
 
 
 
 
 
 
 
 
 
 
 
 
 
 
 
 
 
 
 
 
 
 
 
 
 
 
 
 
 
 
 
 
 
 
 
 
 
 
 
 
 
 
 
 
 
 
 
 
 
 
 
 
 
 
 
 
 
 
 
 
 
 
 
 
 
 
 
 
 
 
 
 
 
 
 
 
 
 
 
 
 
 
 
 
 
 
 
 
 
 
 
 
 
 
 
 
 
 
 
 
 
 
 
 
 
 
 
 
 
 
 
 
 
 
 
 
 
 
 
 
 
 
 
 
 
 
 
 
 
 
 
 
 
 
 
 
 
 
 
 
 
 
 
 
 
 
 
 
 
 
 
 
 
 
 
 
 
 
 
 
 
 
 
 
 
 
 
 
 
 
 
 
 
 
 
 
 
 
 
 
 
 
 
 
 
 
 
 
 
 
 
 
 
 
 
 
 
 
 
 
 
 
 
 
 
 
 
 
 
 
 
 
 
 
 
 
 
 
 
 
 
 
 
 
 
 
 
 
 
 
 
 
 
 
 
 
 
 
 
 
 
 
 
 
 
 
 
 
 
 
 
 
 
 
 
 
 
 
 
 
 
 
 
 
 
 
 
 
 
 
 
 
 
 
 
 
 
 
 
 
 
 
 
 
 
 
 
 
 
 
 
 
 
 
 
 
 
 
 
 
 
 
 
 
 
 
 
 
 
 
 
 
 
 
 
 
 
 
 
 
 
 
 
 
 
 
 
 
 
 
 
 
 
 
 
 
 
 
 
 
 
 
 
 
 
 
 
 
 
 
 
 
 
 
 
 
 
 
 
 
 
 
 
 
 
 
 
 
 
 
 
 
 
 
 
 
 
 
 
 
 
 
 
 
 
 
 
 
 
 
 
 
 
 
 
 
 
 
 
 
 
 
 
 
 
 
 
 
 
 
 
 
 
 
 
 
 
 
 
 
 
 
 
 
 
 
 
 
 
 
 
 
 
 
 
 
 
 
 
 
 
 
 
 
 
 
 
 
 
 
 
 
 
 
 
 
 
 
 
 
 
 
 
 
 
 
 
 
 
 
 
 
 
 
 
 
 
 
 
 
 
 
 
 
 
 
 
 
 
 
 
 
 
 
 
 
 
 
 
 
 
 
 
 
 
 
 
 
 
 
 
 
 
 
 
 
 
 
 
 
 
 
 
 
 
 
 
 
 
 
 
 
 
 
 
 
 
 
 
 
 
 
 
 
 
 
 
 
 
 
 
 
 
 
 
 
 
 
 
 
 
 
 
 
 
 
 
 
 
 
 
 
 
 
 
 
 
 
 
 
 
 
 
 
 
 
 
 
 
 
 
 
 
 
 
 
 
 
 
 
 
 
 
 
 
 
 
 
 
 
 
 
 
 
 
 
 
 
 
 
 
 
 
 
 
 
 
 
 
 
 
 
 
 
 
 
 
 
 
 
 
 
 
 
 
 
 
 
 
 
 
 
 
 
 
 
 
 
 
 
 
 
 
 
 
 
 
 
 
 
 
 
 
 
 
 
 
 
 
 
 
 
 
 
 
 
 
 
 
 
 
 
 
 
 
 
 
 
 
 
 
 
 
 
 
 
 
 
 
 
 
 
 
 
 
 
 
 
 
 
 
 
 
 
 
 
 
 
 
 
 
 
 
 
 
 
 
 
 
 
 
 
 
 
 
 
 
 
 
 
 
 
 
 
 
 
 
 
 
 
 
 
 
 
 
 
 
 
 
 
 
 
 
 
 
 
 
 
 
 
 
 
 
 
 
 
 
 
 
 
 
 
 
 
 
 
 
 
 
 
 
 
 
 
 
 
 
 
 
 
 
 
 
 
 
 
 
 
 
 
 
 
 
 
 
 
 
 
 
 
 
 
 
 
 
 
 
 
 
 
 
 
 
 
 
 
 
 
 
 
 
 
 
 
 
 
 
 
 
 
 
 
 
 
 
 
 
 
 
 
 
 
 
 
 
 
 
 
 
 
 
 
 
 
 
 
 
 
 
 
 
 
 
 
 
 
 
 
 
 
 
 
 
 
 
 
 
 
 
 
 
 
 
 
 
 
 
 
 
 
 
 
 
 
 
 
 
 
 
 
 
 
 
 
 
 
 
 
 
 
 
 
 
 
 
 
 
 
 
 
 
 
 
 
 
 
 
 
 
 
 
 
 
 
 
 
 
 
 
 
 
 
 
 
 
 
 
 
 
 
 
 
 
 
 
 
 
 
 
 
 
 
 
 
 
 
 
 
 
 
 
 
 
 
 
 
 
 
 
 
 
 
 
 
 
 
 
 
 
 
 
 
 
 
 
 
 
 
 
 
 
 
 
 
 
 
 
 
 
 
 
 
 
 
 
 
 
 
 
 
 
 
 
 
 
 
 
 
 
 
 
 
 
 
 
 
 
 
 
 
 
 
 
 
 
 
 
 
 
 
 
 
 
 
 
 
 
 
 
 
 
 
 
 
 
 
 
 
 
 
 
 
 
 
 
 
 
 
 
 
 
 
 
 
 
 
 
 
 
 
 
 
 
 
 
 
 
 
 
 
 
 
 
 
 
 
 
 
 
 
 
 
 
 
 
 
 
 
 
 
 
 
 
 
 
 
 
 
 
 
 
 
 
 
 
 
 
 
 
 
 
 
 
 
 
 
 
 
 
 
 
 
 
 
 
 
 
 
 
 
 
 
 
 
 
 
 
 
 
 
 
 
 
 
 
 
 
 
 
 
 
 
 
 
 
 
 
 
 
 
 
 
 
 
 
 
 
 
 
 
 
 
 
 
 
 
 
 
 
 
 
 
 
 
 
 
 
 
 
 
 
 
 
 
 
 
 
 
 
 
 
 
 
 
 
 
 
 
 
 
 
 
 
 
 
 
 
 
 
 
 
 
 
 
 
 
 
 
 
 
 
 
 
 
 
 
 
 
 
 
 
 
 
 
 
 
 
 
 
 
 
 
 
 
 
 
 
 
 
 
 
 
 
 
 
 
 
 
 
 
 
 
 
 
 
 
 
 
 
 
 
 
 
 
 
 
 
 
 
 
 
 
 
 
 
 
 
 
 
 
 
 
 
 
 
 
 
 
 
 
 
 
 
 
 
 
 
 
 
 
 
 
 
 
 
 
 
 
 
 
 
 
 
 
 
 
 
 
 
 
 
 
 
 
 
 
 
 
 
 
 
 
 
 
 
 
 
 
 
 
 
 
 
 
 
 
 
 
 
 
 
 
 
 
 
 
 
 
 
 
 
 
 
 
 
 
 
 
 
 
 
 
 
 
 
 
 
 
 
 
 
 
 
 
 
 
 
 
 
 
 
 
 
 
 
 
 
 
 
 
 
 
 
 
 
 
 
 
 
 
 
 
 
 
 
 
 
 
 
 
 
 
 
 
 
 
 
 
 
 
 
 
 
 
 
 
 
 
 
 
 
 
 
 
 
 
 
 
 
 
 
 
 
 
 
 
 
 
 
 
 
 
 
 
 
 
 
 
 
 
 
 
 
 
 
 
 
 
 
 
 
 
 
 
 
 
 
 
 
 
 
 
 
 
 
 
 
 
 
 
 
 
 
 
 
 
 
 
 
 
 
 
 
 
 
 
 
 
 
 
 
 
 
 
 
 
 
 
 
 
 
 
 
 
 
 
 
 
 
 
 
 
 
 
 
 
 
 
 
 
 
 
 
 
 
 
 
 
 
 
 
 
 
 
 
 
 
 
 
 
 
 
 
 
 
 
 
 
 
 
 
 
 
 
 
 
 
 
 
 
 
 
 
 
 
 
 
 
 
 
 
 
 
 
 
 
 
 
 
 
 
 
 
 
 
 
 
 
 
 
 
 
 
 
 
 
 
 
 
 
 
 
 
 
 
 
 
 
 
 
 
 
 
 
 
 
 
 
 
 
 
 
 
 
 
 
 
 
 
 
 
 
 
 
 
 
 
 
 
 
 
 
 
 
 
 
 
 
 
 
 
 
 
 
 
 
 
 
 
 
 
 
 
 
 
 
 
 
 
 
 
 
 
 
 
 
 
 
 
 
 
 
 
 
 
 
 
 
 
 
 
 
 
 
 
 
 
 
 
 
 
 
 
 
 
 
 
 
 
 
 
 
 
 
 
 
 
 
 
 
 
 
 
 
 
 
 
 
 
 
 
 
 
 
 
 
 
 
 
 
 
 
 
 
 
 
 
 
 
 
 
 
 
 
 
 
 
 
 
 
 
 
 
 
 
 
 
 
 
 
 
 
 
 
 
 
 
 
 
 
 
 
 
 
 
 
 
 
 
 
 
 
 
 
 
 
 
 
 
 
 
 
 
 
 
 
 
 
 
 
 
 
 
 
 
 
 
 
 
 
 
 
 
 
 
 
 
 
 
 
 
 
 
 
 
 
 
 
 
 
 
 
 
 
 
 
 
 
 
 
 
 
 
 
 
 
 
 
 
 
 
 
 
 
 
 
 
 
 
 
 
 
 
 
 
 
 
 
 
 
 
 
 
 
 
 
 
 
 
 
 
 
 
 
 
 
 
 
 
 
 
 
 
 
 
 
 
 
 
 
 
 
 
 
 
 
 
 
 
 
 
 
 
 
 
 
 
 
 
 
 
 
 
 
 
 
 
 
 
 
 
 
 
 
 
 
 
 
 
 
 
 
 
 
 
 
 
 
 
 
 
 
 
 
 
 
 
 
 
 
 
 
 
 
 
 
 
 
 
 
 
 
 
 
 
 
 
 
 
 
 
 
 
 
 
 
 
 
 
 
 
 
 
 
 
 
 
 
 
 
 
 
 
 
 
 
 
 
 
 
 
 
 
 
 
 
 
 
 
 
 
 
 
 
 
 
 
 
 
 
 
 
 
 
 
 
 
 
 
 
 
 
 
 
 
 
 
 
 
 
 
 
 
 
 
 
 
 
 
 
 
 
 
 
 
 
 
 
 
 
 
 
 
 
 
 
 
 
 
 
 
 
 
 
 
 
 
 
 
 
 
 
 
 
 
 
 
 
 
 
 
 
 
 
 
 
 
 
 
 
 
 
 
 
 
 
 
 
 
 
 
 
 
 
 
 
 
 
 
 
 
 
 
 
 
 
 
 
 
 
 
 
 
 
 
 
 
 
 
 
 
 
 
 
 
 
 
 
 
 
 
 
 
 
 
 
 
 
 
 
 
 
 
 
 
 
 
 
 
 
 
 
 
 
 
 
 
 
 
 
 
 
 
 
 
 
 
 
 
 
 
 
 
 
 
 
 
 
 
 
 
 
 
 
 
 
 
 
 
 
 
 
 
 
 
 
 
 
 
 
 
 
 
 
 
 
 
 
 
 
 
 
 
 
 
 
 
 
 
 
 
 
 
 
 
 
 
 
 
 
 
 
 
 
 
 
 
 
 
 
 
 
 
 
 
 
 
 
 
 
 
 
 
 
 
 
 
 
 
 
 
 
 
 
 
 
 
 
 
 
 
 
 
 
 
 
 
 
 
 
 
 
 
 
 
 
 
 
 
 
 
 
 
 
 
 
 
 
 
 
 
 
 
 
 
 
 
 
 
 
 
 
 
 
 
 
 
 
 
 
 
 
 
 
 
 
 
 
 
 
 
 
 
 
 
 
 
 
 
 
 
 
 
 
 
 
 
 
 
 
 
 
 
 
 
 
 
 
 
 
 
 
 
 
 
 
 
 
 
 
 
 
 
 
 
 
 
 
 
 
 
 
 
 
 
 
 
 
 
 
 
 
 
 
 
 
 
 
 
 
 
 
 
 
 
 
 
 
 
 
 
 
 
 
 
 
 
 
 
 
 
 
 
 
 
 
 
 
 
 
 
 
 
 
 
 
 
 
 
 
 
 
 
 
 
 
 
 
 
 
 
 
 
 
 
 
 
 
 
 
 
 
 
 
 
 
 
 
 
 
 
 
 
 
 
 
 
 
 
 
 
 
 
 
 
 
 
 
 
 
 
 
 
 
 
 
 
 
 
 
 
 
 
 
 
 
 
 
 
 
 
 
 
 
 
 
 
 
 
 
 
 
 
 
 
 
 
 
 
 
 
 
 
 
 
 
 
 
 
 
 
 
 
 
 
 
 
 
 
 
 
 
 
 
 
 
 
 
 
 
 
 
 
 
 
 
 
 
 
 
 
 
 
 
 
 
 
 
 
 
 
 
 
 
 
 
 
 
 
 
 
 
 
 
 
 
 
 
 
 
 
 
 
 
 
 
 
 
 
 
 
 
 
 
 
 
 
 
 
 
 
 
 
 
 
 
 
 
 
 
 
 
 
 
 
 
 
 
 
 
 
 
 
 
 
 
 
 
 
 
 
 
 
 
 
 
 
 
 
 
 
 
 
 
 
 
 
 
 
 
 
 
 
 
 
 
 
 
 
 
 
 
 
 
 
 
 
 
 
 
 
 
 
 
 
 
 
 
 
 
 
 
 
 
 
 
 
 
 
 
 
 
 
 
 
 
 
 
 
 
 
 
 
 
 
 
 
 
 
 
 
 
 
 
 
 
 
 
 
 
 
 
 
 
 
 
 
 
 
 
 
 
 
 
 
 
 
 
 
 
 
 
 
 
 
 
 
 
 
 
 
 
 
 
 
 
 
 
 
 
 
 
 
 
 
 
 
 
 
 
 
 
 
 
 
 
 
 
 
 
 
 
 
 
 
 
 
 
 
 
 
 
 
 
 
 
 
 
 
 
 
 
 
 
 
 
 
 
 
 
 
 
 
 
 
 
 
 
 
 
 
 
 
 
 
 
 
 
 
 
 
 
 
 
 
 
 
 
 
 
 
 
 
 
 
 
 
 
 
 
 
 
 
 
 
 
 
 
 
 
 
 
 
 
 
 
 
 
 
 
 
 
 
 
 
 
 
 
 
 
 
 
 
 
 
 
 
 
 
 
 
 
 
 
 
 
 
 
 
 
 
 
 
 
 
 
 
 
 
 
 
 
 
 
 
 
 
 
 
 
 
 
 
 
 
 
 
 
 
 
 
 
 
 
 
 
 
 
 
 
 
 
 
 
 
 
 
 
 
 
 
 
 
 
 
 
 
 
 
 
 
 
 
 
 
 
 
 
 
 
 
 
 
 
 
 
 
 
 
 
 
 
 
 
 
 
 
 
 
 
 
 
 
 
 
 
 
 
 
 
 
 
 
 
 
 
 
 
 
 
 
 
 
 
 
 
 
 
 
 
 
 
 
 
 
 
 
 
 
 
 
 
 
 
 
 
 
 
 
 
 
 
 
 
 
 
 
 
 
 
 
 
 
 
 
 
 
 
 
 
 
 
 
 
 
 
 
 
 
 
 
 
 
 
 
 
 
 
 
 
 
 
 
 
 
 
 
 
 
 
 
 
 
 
 
 
 
 
 
 
 
 
 
 
 
 
 
 
 
 
 
 
 
 
 
 
 
 
 
 
 
 
 
 
 
 
 
 
 
 
 
 
 
 
 
 
 
 
 
 
 
 
 
 
 
 
 
 
 
 
 
 
 
 
 
 
 
 
 
 
 
 
 
 
 
