0.0 0.0
0.01 2.33754573e-07
0.02 2.34376054e-07
0.03 2.34346431e-07
0.04 2.34437049e-07
0.05 2.32261022e-07
0.06 2.32375448e-07
0.07 2.32675675e-07
0.08 2.25704573e-07
0.09 2.19304302e-07
0.1 2.15602832e-07
0.11 1.90811487e-07
0.12 1.86730206e-07
0.13 1.70708978e-07
0.14 1.48714516e-07
0.15 1.21846456e-07
0.16 7.8464234e-08
0.17 1.01442742e-07
0.18 1.73258656e-07
0.19 1.47925161e-07
0.2 9.412091e-08
0.21 1.51585409e-07
0.22 2.35026156e-07
0.23 2.64074702e-07
0.24 2.6414481e-08
0.25 -5.71137257e-07
0.26 -1.825647241e-06
0.27 -3.410479246e-06
0.28 -4.599442771e-06
0.29 -5.84080422e-06
0.3 -7.961369749e-06
0.31 -9.793277606e-06
0.32 -9.60759104e-06
0.33 -6.993891512e-06
0.34 -4.909011514e-06
0.35 -4.788364819e-06
0.36 -4.35546396e-06
0.37 3.80224052e-07
0.38 8.642017602e-06
0.39 1.579692283e-05
0.4 1.384415846e-05
0.41 -3.10666667e-07
0.42 -1.9083922327e-05
0.43 -2.984193384e-05
0.44 -2.7817045495e-05
0.45 -1.8072315259e-05
0.46 -1.0106816051e-05
0.47 -4.860435399e-06
0.48 -3.8139061e-08
0.49 -5.27505377e-06
0.5 -2.7283064365e-05
0.51 -5.0536851842e-05
0.52 -5.4016309932e-05
0.53 -3.8677203931e-05
0.54 -3.2456519513e-05
0.55 -5.940855554e-05
0.56 -0.000109643918535
0.57 -0.000140093489728
0.58 -0.00010566691542
0.59 -1.8429944412e-05
0.6 6.5436134067e-05
0.61 8.5834736375e-05
0.62 6.7254174506e-05
0.63 7.6432014812e-05
0.64 0.000104508525321
0.65 6.435630412e-05
0.66 -7.4579451537e-05
0.67 -0.000229799195489
0.68 -0.000289336196559
0.69 -0.000224658085349
0.7 -0.00012556893407
0.71 -0.000120195387855
0.72 -0.000185048907409
0.73 -0.000198594291912
0.74 -0.000118535161089
0.75 -1.0319117011e-05
0.76 4.2938405854e-05
0.77 5.4092834693e-05
0.78 9.1126946868e-05
0.79 0.000159141905907
0.8 0.000147297138274
0.81 -1.5755437478e-05
0.82 -0.000225278002582
0.83 -0.000351634431232
0.84 -0.0003149883298
0.85 -0.000189047969915
0.86 -0.000100711325292
0.87 -8.1468430123e-05
0.88 -3.7898638761e-05
0.89 1.5575898823e-05
0.9 -3.859243115e-05
0.91 -0.000159241389678
0.92 -0.000155156569999
0.93 -0.000162635258373
0.94 -0.000315494301062
0.95 -0.000412649849673
0.96 -0.000412699730797
0.97 -0.00042891337144
0.98 -0.000418132080523
0.99 -0.0003260810436
1.0 -6.923070851e-05
1.01 0.00022080006672
1.02 0.000350432489827
1.03 0.000373009733869
1.04 0.000247608342045
1.05 2.540497381e-05
1.06 -5.6946959202e-05
1.07 1.9626428307e-05
1.08 -2.2373537095e-05
1.09 -0.000111459254722
1.1 -0.000183449109319
1.11 -0.000500057851519
1.12 -0.000969171246466
1.13 -0.000955185833877
1.14 -0.000562146663733
1.15 -0.000288430009252
1.16 -7.6298123379e-05
1.17 0.0002585602209
1.18 0.000544453261042
1.19 0.000703713774195
1.2 0.000735960366904
1.21 0.000531257746592
1.22 0.000109849017331
1.23 -0.000311488674849
1.24 -0.000264929721794
1.25 0.000150863123921
1.26 0.000260646257973
1.27 -0.000202766274667
1.28 -0.000536172704998
1.29 -0.000339495484079
1.3 9.9902464733e-05
1.31 0.000409969423729
1.32 0.000545301589825
1.33 0.000657792877719
1.34 0.000758614839181
1.35 0.000731422930084
1.36 0.000537149248538
1.37 0.000288191031237
1.38 -2.6930048218e-05
1.39 -0.000458878093978
1.4 -0.000651177106846
1.41 -0.000616078536942
1.42 -0.000777317164406
1.43 -0.001045882654618
1.44 -0.001138593250068
1.45 -0.001099576182016
1.46 -0.000926981336775
1.47 -0.000710508463913
1.48 -0.000322058333334
1.49 0.000440568350129
1.5 0.001520076233731
1.51 0.00156501607076
1.52 0.000748568072758
1.53 0.000351650578844
1.54 -2.5176320034e-05
1.55 -0.000315661994647
1.56 -0.000579516460208
1.57 -0.00097469397678
1.58 -0.001440458575509
1.59 -0.001568898546903
1.6 -0.001649837802214
1.61 -0.001528321668408
1.62 -0.001423252505041
1.63 -0.001044052095068
1.64 -0.000300192549177
1.65 0.000368286016614
1.66 0.000841344529994
1.67 0.001480386524435
1.68 0.00214647047394
1.69 0.002286549098045
1.7 0.001692451202563
1.71 0.000841331478224
1.72 -0.000197817310333
1.73 -0.001310780607825
1.74 -0.001473270368933
1.75 -0.001062411389639
1.76 -0.001056096588457
1.77 -0.001827799023229
1.78 -0.001712270097992
1.79 -0.000244148672403
1.8 0.001406125839301
1.81 0.001944852138104
1.82 0.001763217260137
1.83 0.001372644714616
1.84 0.000492871912682
1.85 -0.000128689590324
1.86 -0.00035514913799
1.87 -0.000697158868264
1.88 -0.001292899125187
1.89 -0.001627096330585
1.9 -0.001884717279561
1.91 -0.001636925109606
1.92 -0.000671916690624
1.93 0.000162276549143
1.94 0.000286915328051
1.95 0.000264673224905
1.96 0.000691480414485
1.97 0.001390896972202
1.98 0.00182461205185
1.99 0.001886114339422
2.0 0.001427280900699
2.01 0.000698061924395
2.02 5.5932445306e-05
2.03 -0.000559298581579
2.04 -0.000893986741743
2.05 -0.000916362190564
2.06 -0.001055457135373
2.07 -0.001421910959954
2.08 -0.001423798362178
2.09 -0.000694076737183
2.1 0.000474751407148
2.11 0.001149318245615
2.12 0.000912460114488
2.13 0.000692703854842
2.14 0.001439814078643
2.15 0.001924356555694
2.16 0.001660078372742
2.17 0.000770255098695
2.18 -0.000614702019611
2.19 -0.001212810044643
2.2 -0.001073694647527
2.21 -0.000896589207085
2.22 -0.001495741514713
2.23 -0.001382059619396
2.24 -0.000107536799293
2.25 0.001036975463374
2.26 0.000840661152503
2.27 0.000240411820682
2.28 0.000229863048122
2.29 -6.340374077e-06
2.3 -6.6263472088e-05
2.31 0.000465694641591
2.32 0.000345819499633
2.33 -6.1675041928e-05
2.34 -0.000192303264409
2.35 -0.000538196061254
2.36 -0.001129074354946
2.37 -0.001537641674266
2.38 -0.001433560793198
2.39 -0.001368869676059
2.4 -0.001203453313257
2.41 -0.000389810419259
2.42 0.000973308433335
2.43 0.002106339453586
2.44 0.002211244867376
2.45 0.001720907571241
2.46 0.001436823966706
2.47 0.001376604095913
2.48 0.001016387359829
2.49 0.000405552924269
2.5 -9.6223459212e-05
2.51 -0.001459172791214
2.52 -0.002690846956711
2.53 -0.00316486752758
2.54 -0.003381701969904
2.55 -0.003131886549617
2.56 -0.002152879473417
2.57 -0.000570519052652
2.58 0.001012631745818
2.59 0.001818660206278
2.6 0.002361724224953
2.61 0.002893703855713
2.62 0.003246198140065
2.63 0.002721201960226
2.64 0.001884133174456
2.65 0.001006077241287
2.66 3.7603815426e-05
2.67 -0.001168656928377
2.68 -0.002222342643241
2.69 -0.002448234204336
2.7 -0.001832187602678
2.71 -0.000985216016074
2.72 0.000113102194698
2.73 0.001073441164008
2.74 0.00168240220524
2.75 0.002225676901969
2.76 0.002273103840134
2.77 0.001368172791138
2.78 -0.000621936296664
2.79 -0.002380115612902
2.8 -0.002951511637788
2.81 -0.003645503776371
2.82 -0.004427090139386
2.83 -0.004216362827574
2.84 -0.003581057840853
2.85 -0.002941906859996
2.86 -0.002084957551084
2.87 -0.000943386225928
2.88 0.002316002083047
2.89 0.007198205341232
2.9 0.006520418370299
2.91 0.006264502975168
2.92 0.006559974850463
2.93 0.005634617781876
2.94 0.00416912883388
2.95 0.003217363283785
2.96 0.000480320746683
2.97 -0.004783477671722
2.98 -0.009690774435963
2.99 -0.00869007409418
3.0 -0.00820191305511
3.01 -0.007608226903795
3.02 -0.006516363621365
3.03 -0.003895500878318
3.04 -0.000895992773292
3.05 0.001582531667578
3.06 0.002739852441885
3.07 0.001456540706843
3.08 0.000509377297465
3.09 0.000595352125677
3.1 -0.001210273378244
3.11 -0.00177845140679
3.12 -0.000962154797342
3.13 -0.001337753090443
3.14 -0.001556103297163
3.15 -0.002449803016266
3.16 -0.004503868246954
3.17 -0.00817954175378
3.18 -0.008347540431641
3.19 -0.005316893063676
3.2 -0.006192183578818
3.21 -0.004968438286915
3.22 0.000349332024491
3.23 0.006496713321026
3.24 0.007773503803873
3.25 0.0043040083056
3.26 0.005429846311229
3.27 0.003993786284062
3.28 -0.001694412388237
3.29 -0.00460656116941
3.3 -0.011148928628958
3.31 -0.007601926111626
3.32 -0.002455695456526
3.33 -0.005100444219621
3.34 -0.002850097392346
3.35 -0.005203628005471
3.36 -0.007225161431399
3.37 -0.006785209930333
3.38 -0.006472190122593
3.39 -0.005600600290164
3.4 -0.004542062381385
3.41 -0.001564012425859
3.42 1.7603866118e-05
3.43 0.000994631996299
3.44 0.000329622278255
3.45 -0.000256690360569
3.46 0.000717756570588
3.47 0.004676487872949
3.48 0.006131257372176
3.49 0.003567137060331
3.5 0.001669572176117
3.51 0.003483693019705
3.52 0.004008193520419
3.53 0.002354911498495
3.54 0.000734250302915
3.55 -0.000491213079093
3.56 0.000413579840103
3.57 0.000415028894555
3.58 -0.001905674689334
3.59 -0.004401986943256
3.6 -0.005290542518978
3.61 -0.003743773897864
3.62 -0.001619745298573
3.63 -0.000556111736746
3.64 0.000116866343325
3.65 0.000428467878906
3.66 -0.004438640255058
3.67 -0.00638027507748
3.68 -0.002075299419787
3.69 -0.004338420665443
3.7 -0.004747315939856
3.71 -0.002190557951332
3.72 -0.001363775836806
3.73 0.003328973664484
3.74 0.014874608117783
3.75 0.011300234442567
3.76 0.0094623878901
3.77 0.009849203065901
3.78 0.008353756104405
3.79 0.008344754898757
3.8 0.0078379223012
3.81 0.007544055902272
3.82 0.007578514278615
3.83 0.006609472905901
3.84 0.004358530324515
3.85 0.003115102767429
3.86 0.001803995820327
3.87 -0.000817815360784
3.88 -0.005775885994609
3.89 -0.006971780788108
3.9 -0.000825740631579
3.91 -0.000248259201741
3.92 0.00085186266361
3.93 0.001427667894793
3.94 0.003407311726774
3.95 0.010401702952967
3.96 0.004704852666436
3.97 0.009298775570189
3.98 0.006022502569997
3.99 0.00230292526671
4.0 -0.00718544707556
4.01 -0.000599151685008
4.02 0.001129592379964
4.03 -0.003188321454114
4.04 -0.000904117922457
4.05 0.002658667078575
4.06 0.015647646600181
4.07 0.016084560020698
4.08 0.008890538530326
4.09 0.009949491626122
4.1 0.005165185338914
4.11 0.005964433907261
4.12 0.009655929563085
4.13 0.007584671227833
4.14 0.007110748160463
4.15 0.006754610518373
4.16 -0.00184176656769
4.17 -0.007673603416326
4.18 -0.007812689567528
4.19 -0.005824670670505
4.2 -0.003846498269952
4.21 -0.000445398413328
4.22 0.006553523244314
4.23 0.008035270243256
4.24 0.004794692124239
4.25 0.006475592138638
4.26 0.011274353798672
4.27 0.001499310889477
4.28 -0.005646547466353
4.29 0.000556011611095
4.3 -0.000938972500231
4.31 -0.000470269932171
4.32 -0.000255387337927
4.33 0.000144420782788
4.34 -0.001060450160666
4.35 -0.003822451245056
4.36 0.001652460965263
4.37 0.016624130153601
4.38 0.006431159492343
4.39 0.008723873344119
4.4 0.014005947397363
4.41 0.012741575750426
4.42 0.014433822853245
4.43 0.010671992853643
4.44 -0.004975138463338
4.45 -0.009130369044814
4.46 -0.007599590890945
4.47 -0.006677815915841
4.48 -0.010335745286276
4.49 -0.010337600134781
4.5 -0.009660243542003
4.51 -0.008386370123861
4.52 -0.000141435894764
4.53 0.013956740058309
4.54 0.010579279372422
4.55 0.008102771348271
4.56 0.013908115669165
4.57 0.019112951557933
4.58 0.016956638686848
4.59 0.014392519704385
4.6 0.013001356178466
4.61 0.007901184131617
4.62 0.005113811913847
4.63 -0.002995083532629
4.64 -0.008916623624908
4.65 -0.00922495878628
4.66 -0.01188215778653
4.67 -0.009024534426549
4.68 -0.008905483775995
4.69 -0.011814285812983
4.7 -0.006517068372824
4.71 0.011814840838499
4.72 0.015391193561681
4.73 0.01467834226442
4.74 0.015752674029359
4.75 0.016243932056258
4.76 0.017285608281283
4.77 0.015322708548067
4.78 0.011015087346793
4.79 0.010818099882072
4.8 0.008320588145132
4.81 0.007451897047295
4.82 0.007309721075869
4.83 0.003390952168901
4.84 -0.004155542757011
4.85 -0.010857015995338
4.86 -0.014222194020765
4.87 -0.007392372239829
4.88 -0.005656641463761
4.89 -0.010260837305473
4.9 -0.00722655807565
4.91 -0.003622902110326
4.92 0.002289613618287
4.93 -2.4616551389e-05
4.94 -0.001786997671947
4.95 -5.8540609676e-05
4.96 0.001356901457468
4.97 0.002639534743774
4.98 0.013327890882126
4.99 0.032685574368133
5.0 0.009371340055179
5.01 0.024360778057518
5.02 0.021054399995876
5.03 0.022799107165867
5.04 0.021735105005905
5.05 0.019926389011731
5.06 0.020656782265163
5.07 0.018754298494648
5.08 0.01428603094118
5.09 0.013123016854511
5.1 0.011496332649885
5.11 0.007276951590355
5.12 0.004752288287243
5.13 0.003480701520239
5.14 0.002612998744428
5.15 0.001095715945627
5.16 -9.3713250874e-05
5.17 -0.000177250012944
5.18 -0.000134540394977
5.19 -0.000161206249604
5.2 -0.00036718657459
5.21 8.7118794381e-05
5.22 0.000443216069171
5.23 0.001061693632555
5.24 0.002078481550291
5.25 0.002886407355278
5.26 0.00481935909909
5.27 0.015043647979515
5.28 0.008625937599746
5.29 0.010410234995346
5.3 0.012726464186325
5.31 0.005660206121678
5.32 0.008790001888013
5.33 0.006964366139256
5.34 0.004686765104533
5.35 0.007615832099296
5.36 0.001922847239878
5.37 0.000812621521757
5.38 -0.004689300226319
5.39 -0.00634516795224
5.4 -0.002663555853156
5.41 -0.002168981204365
5.42 -0.002795321708241
5.43 -0.001658398123782
5.44 -0.000762838845242
5.45 -0.002136038189398
5.46 -0.00292890488947
5.47 -0.00203096212432
5.48 -0.001554821797295
5.49 -0.002062114260182
5.5 -0.002417137926447
5.51 -0.001970741065181
5.52 -0.000988068561343
5.53 -0.000408147654694
5.54 -0.000613376442847
5.55 -0.001158034279839
5.56 -0.001525786894455
5.57 -0.001511445447033
5.58 -0.001797200499069
5.59 -0.00269137440878
5.6 -0.003874765496107
5.61 -0.005129633208053
5.62 -0.006649123360997
5.63 -0.008215204366794
5.64 -0.00960204944026
5.65 -0.011193296534095
5.66 -0.012466010548557
5.67 -0.01286269220089
5.68 -0.011884450584128
5.69 0.002314978367362
5.7 0.000623084384135
5.71 -0.004013924554076
5.72 -0.006445769549063
5.73 -0.011093148121054
5.74 -0.005677915835974
5.75 -0.010191820640778
5.76 -0.012803648186781
5.77 -0.015238615839253
5.78 -0.014710509175819
5.79 -0.013019068874405
5.8 -0.014306817515524
5.81 -0.014360951959821
5.82 -0.014356072606794
5.83 -0.015324297860371
5.84 -0.014836666246327
5.85 -0.015761050579788
5.86 -0.018022440910134
5.87 -0.018721963157196
5.88 -0.018088368777638
5.89 -0.016680849015747
5.9 -0.014337795024604
5.91 -0.013649925257159
5.92 -0.016324387100587
5.93 -0.01643695058258
5.94 -0.015901657421325
5.95 -0.016002206021748
5.96 -0.015166384790244
5.97 -0.015172197810133
5.98 -0.014623911198787
5.99 -0.014674301714099
6.0 -0.015648900791485
6.01 -0.013527678164225
6.02 -0.012800172198478
6.03 -0.011522062135195
6.04 -0.012461239060229
6.05 -0.016052053599853
6.06 -0.019698381462642
6.07 -0.019675523541774
6.08 -0.017583548344821
6.09 -0.016624403096091
6.1 -0.017904593200356
6.11 -0.018891274633556
6.12 -0.01782579479745
6.13 -0.013932079025449
6.14 -0.014995730586014
6.15 -0.012107663705796
6.16 -0.010194160491242
6.17 -0.011590047319463
6.18 -0.011116225477138
6.19 -0.013415234389652
6.2 -0.010188072798854
6.21 -0.010241654329288
6.22 -0.009414553072204
6.23 -0.009619511784654
6.24 -0.007369189522869
6.25 -0.006972068409388
6.26 -0.0058267780442
6.27 -0.004999979432542
6.28 -0.005346281400466
6.29 -0.00318218355615
6.3 -0.005370384587329
6.31 -0.006311353027245
6.32 -0.006577153865901
6.33 -0.006399329244735
6.34 -0.006161792919229
6.35 -0.006079912308914
6.36 -0.007763390402377
6.37 -0.005961750670619
6.38 -0.006971704242961
6.39 -0.005861879915918
6.4 -0.009740436304007
6.41 -0.00670430097697
6.42 -0.007128881624185
6.43 -0.005923959672858
6.44 0.001628080179264
6.45 0.001301883870029
6.46 -0.000949806834506
6.47 -0.001103029298974
6.48 4.805363068e-06
6.49 5.8830430542e-05
6.5 0.000119080920174
6.51 0.000141360471862
6.52 0.000346208145475
6.53 -2.9577609144e-05
6.54 -0.000473531959947
6.55 -0.000176312793049
6.56 0.000483823336832
6.57 0.000326329025241
6.58 -0.000539229824923
6.59 -0.000672217443065
6.6 0.000263172943037
6.61 0.001490565912755
6.62 0.00227241477111
6.63 0.002436185118731
6.64 0.002331332013386
6.65 0.002601717124074
6.66 0.002639448953752
6.67 0.003198344854854
6.68 0.004612388961971
6.69 0.005900762422361
6.7 0.005934710740697
6.71 0.005127925996471
6.72 0.005761603566531
6.73 0.005792510951563
6.74 0.005525326492424
6.75 0.006003259676659
6.76 0.00784612292508
6.77 0.011124400852755
6.78 0.008685683186211
6.79 0.010971079823209
6.8 0.010524226154392
6.81 0.007987826629007
6.82 0.010891724273963
6.83 0.009673136083979
6.84 0.008167537106246
6.85 0.009634770256312
6.86 0.008222806087032
6.87 0.00763495070216
6.88 0.007700718267344
6.89 0.008374428410989
6.9 0.008453631011446
6.91 0.009753158472469
6.92 0.012055551621012
6.93 0.011770866755965
6.94 0.012350281462185
6.95 0.014073914672103
6.96 0.015885946143477
6.97 0.015017281663082
6.98 0.019284224179364
6.99 0.01730227607691
7.0 0.018353161080969
7.01 0.017067378094641
7.02 0.016273221065422
7.03 0.015937336709601
7.04 0.018274981780033
7.05 0.01717631075482
7.06 0.013187341192411
7.07 0.014898424146319
7.08 0.015496416900081
7.09 0.01708603847338
7.1 0.015803138246356
7.11 0.014508106261097
7.12 0.014354475106377
7.13 0.014606405094201
7.14 0.012277785954133
7.15 0.010841979097138
7.16 0.01021744161998
7.17 0.011368287304022
7.18 0.009934007345655
7.19 0.00818688372706
7.2 0.00974773620577
7.21 0.009425888616573
7.22 0.00872661024066
7.23 0.007369064879827
7.24 0.006872598003042
7.25 0.004163906968567
7.26 0.004594535870962
7.27 0.004170663178474
7.28 0.005714925714774
7.29 0.005976358711856
7.3 0.004280745210708
7.31 0.002784591773876
7.32 0.001200516189995
7.33 0.003541116658152
7.34 0.003311814935985
7.35 0.002820474096541
7.36 -0.001264721719452
7.37 -0.004508506347165
7.38 -0.003471571355961
7.39 -0.00074229684354
7.4 -0.000826167671612
7.41 -0.00405570120322
7.42 -0.006159417269492
7.43 -0.004188021793717
7.44 0.000686675142533
7.45 0.004662769578905
7.46 0.005796037836416
7.47 0.005705032011299
7.48 0.004807410936469
7.49 0.003080802986929
7.5 0.001734411805915
7.51 0.002588760520002
7.52 0.008953994405306
7.53 0.010484654006648
7.54 0.011668880950045
7.55 0.002372858704448
7.56 -0.000146934184262
7.57 0.00385005084985
7.58 0.003243470702293
7.59 0.002921121177805
7.6 0.002765648225892
7.61 0.001361927210663
7.62 0.000788189951164
7.63 0.001688897257137
7.64 0.002543963866715
7.65 0.002827100525808
7.66 0.002950204229077
7.67 0.004079289159064
7.68 0.005594133149468
7.69 0.00586930833474
7.7 0.005445693822409
7.71 0.005545329285337
7.72 0.006248780459041
7.73 0.006670870065448
7.74 0.006112253306103
7.75 0.004909950477814
7.76 0.003905123775165
7.77 0.002946034565329
7.78 0.001430752473798
7.79 0.000213823001014
7.8 0.000274188354163
7.81 0.001312835056723
7.82 0.001442289007527
7.83 -0.002021204608835
7.84 -0.011024839994237
7.85 -0.019611445723807
7.86 -0.011128555804413
7.87 -0.021369507191686
7.88 -0.018887040910511
7.89 -0.01180272886116
7.9 -0.014341782234032
7.91 -0.009749821054517
7.92 -0.00669545286349
7.93 -0.005159021903463
7.94 -0.004105248297128
7.95 -0.004732292948007
7.96 -0.007477701613716
7.97 -0.010367806643449
7.98 -0.01125008552191
7.99 -0.011731656727143
8.0 -0.013070802227698
8.01 -0.01391956778764
8.02 -0.013988742808787
8.03 -0.014524605930921
8.04 -0.016009667454624
8.05 -0.017746407823161
8.06 -0.01895408556424
8.07 -0.022280529015943
8.08 -0.026542950078225
8.09 -0.021552840285153
8.1 -0.022866924018849
8.11 -0.018967863137946
8.12 -0.019003620940251
8.13 -0.020238445543646
8.14 -0.01987739844151
8.15 -0.015642352153426
8.16 -0.012029972843015
8.17 -0.014707337612451
8.18 -0.013600485808008
8.19 -0.008134164784847
8.2 -0.008453458463976
8.21 -0.010859417742617
8.22 -0.008268451401959
8.23 -0.004979308527437
8.24 -0.005315564332014
8.25 -0.005696620861135
8.26 -0.004187175078149
8.27 -0.003083959725494
8.28 -0.0030818079838
8.29 -0.00302890951891
8.3 -0.002950672710244
8.31 -0.003055909695974
8.32 -0.003263389126955
8.33 -0.003234003545406
8.34 -0.001355261503443
8.35 -0.002216750385513
8.36 -2.2533287222e-05
8.37 0.000160590823862
8.38 0.000608217365066
8.39 -6.5555977094e-05
8.4 -0.001426286779222
8.41 -0.002111572889582
8.42 -0.002596871869862
8.43 -0.002627022204477
8.44 -0.002355743123139
8.45 -0.002195329264205
8.46 -0.00297997139435
8.47 -0.005468031594245
8.48 -0.006223929006279
8.49 -0.005009175332491
8.5 -0.003590419045902
8.51 -0.003277962009741
8.52 -0.004045319108884
8.53 -0.00754528982997
8.54 -0.008898547616933
8.55 -0.006455259184691
8.56 -0.010632206271639
8.57 -0.011402032157578
8.58 -0.00886286901218
8.59 -0.011088041254602
8.6 -0.010760319901654
8.61 -0.007634947406046
8.62 -0.008069276732948
8.63 -0.006330253201777
8.64 0.000959661916938
8.65 0.006332031108073
8.66 0.005342726870758
8.67 0.007164799135972
8.68 -0.005699580854192
8.69 -0.006894927595937
8.7 -0.004268869293095
8.71 -0.006042632280626
8.72 -0.005605457115548
8.73 -0.004949399143577
8.74 -0.007195992273341
8.75 -0.009047311542158
8.76 -0.008383738695898
8.77 -0.007491129994427
8.78 -0.007843918705114
8.79 -0.008502612632031
8.8 -0.008353551287116
8.81 -0.00752009291683
8.82 -0.006953346817468
8.83 -0.007238787849369
8.84 -0.007285155924973
8.85 -0.006485742703585
8.86 -0.005936354103025
8.87 -0.006354201965977
8.88 -0.007544362297489
8.89 -0.00876108442265
8.9 -0.009283526098028
8.91 -0.009061866993533
8.92 -0.008804970058406
8.93 -0.009018953157357
8.94 -0.009395893634735
8.95 -0.008632539059592
8.96 -0.005865194574061
8.97 -0.003006828795292
8.98 0.000358975662552
8.99 0.011580008651295
9.0 0.005302744209492
9.01 0.004010210907877
9.02 0.001235848499022
9.03 -0.002094429325323
9.04 0.001212004982879
9.05 0.00172429541279
9.06 -0.000494626191452
9.07 0.000172081401054
9.08 0.001765194121269
9.09 0.000641149426644
9.1 -0.001031040726361
9.11 -0.000175159990587
9.12 0.002236621787671
9.13 0.003725718474931
9.14 0.003718771191485
9.15 0.003061298407468
9.16 0.002902961770837
9.17 0.00367506308819
9.18 0.004398396710244
9.19 0.004414326722511
9.2 0.004588097223121
9.21 0.005982813279184
9.22 0.009116335227942
9.23 0.013126292481745
9.24 0.016436918327113
9.25 0.017909898332328
9.26 0.016805336578371
9.27 0.014477610757377
9.28 0.003254834982971
9.29 0.004065893822171
9.3 0.000715534416685
9.31 -0.003112692352869
9.32 0.005436480400832
9.33 0.001592254004947
9.34 -0.000127076255227
9.35 0.000289508544711
9.36 -0.002907512742293
9.37 -0.005210070296656
9.38 -0.005002490383668
9.39 -0.005783560342093
9.4 -0.009060354621073
9.41 -0.012162952108681
9.42 -0.013742039219394
9.43 -0.012975009153646
9.44 -0.012856988929298
9.45 -0.014224572215127
9.46 -0.014561311425979
9.47 -0.014265227713299
9.48 -0.013801989554506
9.49 -0.012520589348798
9.5 -0.011674857243601
9.51 -0.011778365624539
9.52 -0.012943525557695
9.53 -0.01340009977583
9.54 -0.01199599541869
9.55 -0.010127245722614
9.56 -0.009402183180404
9.57 -0.009207234597762
9.58 -0.0074334731376
9.59 -0.0072977866339
9.6 -0.009616744610555
9.61 -0.013345633134023
9.62 -0.016190039836915
9.63 -0.009668366353284
9.64 -0.00914753208699
9.65 -0.010926655271323
9.66 -0.008166889607165
9.67 -0.006987872541132
9.68 -0.005575260823942
9.69 -0.003684366204092
9.7 -0.003088210520279
9.71 -0.003136600917818
9.72 -0.00090746824144
9.73 0.000741085038509
9.74 -0.000306704319278
9.75 -0.00156135358431
9.76 -0.000828259891883
9.77 0.000721656560677
9.78 0.001792094898213
9.79 0.002544671106132
9.8 0.002642988974056
9.81 0.00244238478084
9.82 0.002956679695773
9.83 0.003793268921617
9.84 0.004413416304812
9.85 0.005195823346951
9.86 0.006072159602487
9.87 0.006315015181871
9.88 0.00542898327027
9.89 0.00428506345777
9.9 0.003579803895988
9.91 0.00332116098443
9.92 0.002470474280501
9.93 0.000581233624972
9.94 -0.000267076872332
9.95 3.84856626e-07
9.96 3.874514388e-06
9.97 0.000176389525447
9.98 0.001309183458643
9.99 0.002431599670664
10.0 0.000996981082257
10.01 0.011249261869464
10.02 0.005123579561638
10.03 0.002588810614439
10.04 0.007590412482993
10.05 0.006011983614769
10.06 0.003356593242113
10.07 0.003935881050421
10.08 0.003868767303139
10.09 0.003161097826453
10.1 0.002862492853807
10.11 0.00242617390987
10.12 0.001144639595337
10.13 -0.000180935767422
10.14 -0.001027978871881
10.15 -0.001112958440245
10.16 -0.000518570429233
10.17 -0.000504246123319
10.18 -0.000689525600498
10.19 -0.000930241097402
10.2 -0.001205133495422
10.21 -0.000849873621897
10.22 -0.000159254810649
10.23 0.000267664786681
10.24 0.000424600563582
10.25 0.001171808771786
10.26 0.001040070116816
10.27 0.001821663207921
10.28 0.001890906142286
10.29 0.002852292004537
10.3 0.004963505405115
10.31 0.008637877208647
10.32 0.008879605861126
10.33 0.01009921465146
10.34 0.008882927454913
10.35 0.002797239494908
10.36 0.004833639760786
10.37 0.002319036338204
10.38 -0.002975515164206
10.39 0.002567305788598
10.4 0.008045690781827
10.41 0.010151920753972
10.42 0.009970254148799
10.43 0.011092457538232
10.44 0.013332599505835
10.45 0.013077580208374
10.46 0.012189701622832
10.47 0.011325049680427
10.48 0.012430253160184
10.49 0.013232950299831
10.5 0.01326982998113
10.51 0.012416991441686
10.52 0.012850536687115
10.53 0.016414131955341
10.54 0.020582874129158
10.55 0.012189005995106
10.56 0.003440679555416
10.57 0.008649874502494
10.58 0.005395958398068
10.59 0.006181850925838
10.6 0.008101216387035
10.61 0.009342799943471
10.62 0.008984914291583
10.63 0.007761643733136
10.64 0.00908287640078
10.65 0.008170936850566
10.66 0.00552643462345
10.67 0.003396070437401
10.68 0.002527018708398
10.69 0.002675311831139
10.7 0.002286107461283
10.71 0.000574490652219
10.72 2.5410348596e-05
10.73 1.0008714198e-05
10.74 -0.000237560348465
10.75 -0.000478571578452
10.76 -0.000836607660127
10.77 -0.002205875803921
10.78 -0.004014371216871
10.79 -0.002464465077406
10.8 -0.000704569749903
10.81 0.000626591572407
10.82 -0.000271853546707
10.83 -0.001798984403627
10.84 -0.002087924121175
10.85 -0.001266686673257
10.86 0.002818044030382
10.87 0.005717761085783
10.88 -0.000218515982936
10.89 -0.005803528586134
10.9 -0.011478273002734
10.91 -0.006400845586513
10.92 -0.005415636325338
10.93 -0.010005852067428
10.94 -0.009287305187751
10.95 -0.005770797499651
10.96 -0.006058663421624
10.97 -0.00753775200699
10.98 -0.007148381470866
10.99 -0.006916080998564
11.0 -0.00642636875019
11.01 -0.004764043544605
11.02 -0.00591217249037
11.03 -0.006820448649076
11.04 -0.006097081896355
11.05 -0.006037052674942
11.06 -0.005867502338682
11.07 -0.004766839305149
11.08 -0.003150290352862
11.09 -0.001607837831888
11.1 -0.000745319623513
11.11 -0.000687549643854
11.12 -0.0009546879887
11.13 -0.001030180326413
11.14 -0.000878848581994
11.15 -0.000437379569843
11.16 0.000321954938634
11.17 0.001141493591453
11.18 0.001428316395577
11.19 0.001899594912919
11.2 0.002101804852804
11.21 0.002702319608501
11.22 0.002589231761849
11.23 0.002590559855241
11.24 0.001994009003236
11.25 0.002050860724188
11.26 0.001964009805463
11.27 0.002257955242339
11.28 0.002421889374263
11.29 0.003061047537936
11.3 0.00371841558659
11.31 0.004136029272927
11.32 0.004565490933892
11.33 0.006682589412792
11.34 0.009069037789817
11.35 0.00716541513528
11.36 0.011043874753251
11.37 0.018950499776835
11.38 0.024250473174414
11.39 0.01543454446517
11.4 0.019989074350181
11.41 0.018312740058098
11.42 0.011823475343114
11.43 0.012049021691528
11.44 0.00788094630923
11.45 0.008017119952214
11.46 0.009937564496911
11.47 0.008706219850756
11.48 0.00701825553981
11.49 0.007966602881262
11.5 0.007987650310726
11.51 0.007043048177483
11.52 0.00613604387705
11.53 0.006136884840506
11.54 0.006205413993955
11.55 0.005732609705687
11.56 0.005177211826222
11.57 0.004429017423626
11.58 0.003448223690501
11.59 0.002355068110319
11.6 0.001755205418578
11.61 0.001567149292597
11.62 0.001621262411395
11.63 0.001701781082656
11.64 0.001598366004093
11.65 0.001908267297766
11.66 0.004060735605314
11.67 0.005365751787494
11.68 0.005151890858617
11.69 0.003928024167335
11.7 0.002894822857351
11.71 0.003186099775001
11.72 0.004549177312829
11.73 0.005667161269758
11.74 0.005681829545443
11.75 0.005118612611487
11.76 0.005178812542646
11.77 0.006597713146142
11.78 0.009390452738463
11.79 0.012210578754653
11.8 0.013927216946579
11.81 0.014592322004215
11.82 0.012982341433732
11.83 0.00973059063036
11.84 0.020034904005596
11.85 0.012777371831727
11.86 0.017861482358404
11.87 0.012194064186716
11.88 0.004591741932819
11.89 0.0135891800794
11.9 0.011404044807601
11.91 0.009482127679668
11.92 0.014893627518317
11.93 0.016019314045394
11.94 0.015021708685081
11.95 0.017961166495442
11.96 0.023592737227734
11.97 0.029032824318181
11.98 0.02968395374613
11.99 0.0249251670972
12.0 0.023591250710496
12.01 0.024790722569444
12.02 0.025076000424359
12.03 0.023847613030997
12.04 0.022696557133268
12.05 0.02328040435837
12.06 0.025080902763218
12.07 0.026578254910929
12.08 0.026925088894347
12.09 0.022982495748828
12.1 0.017114980083649
12.11 0.013601390900172
12.12 0.012658847201618
12.13 0.016502096069471
12.14 0.015984200713234
12.15 0.014856952163258
12.16 0.01586380664556
12.17 0.015665855073769
12.18 0.014964759243688
12.19 0.015243913111916
12.2 0.014464661860144
12.21 0.012908650724768
12.22 0.011453048992482
12.23 0.009922111013173
12.24 0.007940431878007
12.25 0.006353573887153
12.26 0.00576812541472
12.27 0.005438141409774
12.28 0.004489005547364
12.29 0.002237238735515
12.3 0.00213818802538
12.31 0.004027891371335
12.32 0.006055975257549
12.33 0.005843535885714
12.34 0.003074888947624
12.35 0.001492920938201
12.36 0.000993076618868
12.37 0.001212815630236
12.38 0.001945006158153
12.39 0.002542228782582
12.4 0.002810392304508
12.41 0.003011643555408
12.42 0.003198377460781
12.43 0.003359266636317
12.44 0.003531264196076
12.45 0.00568884190782
12.46 0.012697496187201
12.47 0.011021352720676
12.48 0.010548187455577
12.49 0.009272940072928
12.5 -0.004926159466859
12.51 -0.008688871719352
12.52 -0.001302059066885
12.53 -0.002087861119757
12.54 -0.003461768428375
12.55 -0.001439924850046
12.56 -0.000445689807575
12.57 -0.000723062206458
12.58 0.000446443062259
12.59 0.0024706087453
12.6 0.0031042367255
12.61 0.002380817314296
12.62 0.002501566650807
12.63 0.003097668662034
12.64 0.003705666473256
12.65 0.003820483125989
12.66 0.003306943252611
12.67 0.002849318736531
12.68 0.002656513271482
12.69 0.002636519253925
12.7 0.002728416307919
12.71 0.002734819593797
12.72 0.002572570384098
12.73 0.00231805413233
12.74 0.002306665643757
12.75 0.002460099156791
12.76 0.002664528176843
12.77 0.002377004860287
12.78 0.001377967018694
12.79 6.5578401192e-05
12.8 -0.001017640442776
12.81 -0.001750844025674
12.82 -0.002064808507757
12.83 -0.001724490568454
12.84 -0.001095998521217
12.85 -0.000675589706815
12.86 -0.000577303412522
12.87 -0.001641908396011
12.88 -0.00263736928688
12.89 -0.002873380582215
12.9 -0.001447059539209
12.91 0.009970432944101
12.92 0.004603393654674
12.93 0.002414442544828
12.94 0.004847976979694
12.95 0.002085676974045
12.96 -0.001221667312924
12.97 -0.001252538096497
12.98 -0.002442875032242
12.99 -0.007488043363139
13.0 -0.012905435492227
13.01 -0.006804611703783
13.02 -0.008437488345368
13.03 -0.00697375363348
13.04 -0.003814607281972
13.05 -0.002949788588687
13.06 -0.004255272284391
13.07 -0.005236825877437
13.08 -0.005119936813267
13.09 -0.005003321261756
13.1 -0.005393584239855
13.11 -0.005934565457221
13.12 -0.003283526376293
13.13 -0.000676724976827
13.14 -0.00093304862569
13.15 -0.001612146901646
13.16 -0.001496160118212
13.17 -0.001558652206318
13.18 -0.001362129331768
13.19 -0.00109628166977
13.2 -0.001680864770704
13.21 -0.002573655942675
13.22 -0.00329119863783
13.23 -0.003936147405622
13.24 -0.004201302412628
13.25 -0.003687628488059
13.26 -0.002356962445905
13.27 -0.000944300109302
13.28 -0.000670042418443
13.29 -0.00159190592059
13.3 -0.002275995603253
13.31 -0.002353416675035
13.32 -0.002806679960193
13.33 -0.003356308924073
13.34 -0.004081693875094
13.35 -0.0068225359753
13.36 -0.005412486327945
13.37 -0.007859742918665
13.38 -0.007843428597153
13.39 -0.00706679207913
13.4 -0.010130288473245
13.41 -0.008261973316984
13.42 -0.010478865756663
13.43 -0.010465460895735
13.44 -0.009823203296104
13.45 -0.010499387015342
13.46 -0.009934461879756
13.47 -0.010542282266669
13.48 -0.008875670067478
13.49 -0.007851325789673
13.5 -0.007759882011789
13.51 -0.007947558813909
13.52 -0.006108104749244
13.53 -0.004376326518164
13.54 -0.004344629020317
13.55 -0.005211468301807
13.56 -0.005990500942916
13.57 -0.006345709759917
13.58 -0.006999059436342
13.59 -0.008046459344855
13.6 -0.008856635067099
13.61 -0.008466013835742
13.62 -0.007567331931857
13.63 -0.00703833649898
13.64 -0.006924889066561
13.65 -0.006104321017732
13.66 -0.006038740253884
13.67 -0.006776402309782
13.68 -0.007915149688459
13.69 -0.008910865018509
13.7 -0.009323904284344
13.71 -0.009254423891841
13.72 -0.008987658364642
13.73 -0.008849500607193
13.74 -0.009080801753889
13.75 -0.009523541768131
13.76 -0.010121665191494
13.77 -0.010435581845684
13.78 -0.010216269113129
13.79 -0.009626103984294
13.8 -0.00906918353612
13.81 -0.008948798789012
13.82 -0.009278203854218
13.83 -0.010041472638937
13.84 -0.014302677492715
13.85 -0.013663208988241
13.86 -0.010684712599397
13.87 -0.011398043103601
13.88 -0.010618335803352
13.89 -0.011344532830614
13.9 -0.011335096237872
13.91 -0.009913433363097
13.92 -0.00885196028085
13.93 -0.008966189676372
13.94 -0.009932163393334
13.95 -0.011138190418139
13.96 -0.010921003890835
13.97 -0.009780616376063
13.98 -0.00881925486646
13.99 -0.007780838832718
14.0 -0.007713066782197
14.01 -0.007959431546055
14.02 -0.008271467866976
14.03 -0.008349113454352
14.04 -0.008191758818916
14.05 -0.007803170487845
14.06 -0.007368802207737
14.07 -0.00706994744968
14.08 -0.007040926569409
14.09 -0.006959690102279
14.1 -0.006783477566139
14.11 -0.006620633409143
14.12 -0.006463867693304
14.13 -0.006220750765377
14.14 -0.005844605297405
14.15 -0.005487782132867
14.16 -0.004963172130477
14.17 -0.004160645175078
14.18 -0.003196887014492
14.19 -0.002585316859532
14.2 -0.002651760288606
14.21 -0.002812470265852
14.22 -0.003216752248881
14.23 -0.003497806004148
14.24 -0.003530057914716
14.25 -0.002975001235068
14.26 0.009163686139572
14.27 0.006080497996805
14.28 -0.001177807456444
14.29 0.002906696197515
14.3 0.002245224385472
14.31 0.000270675165011
14.32 0.000705367466484
14.33 -2.5441475989e-05
14.34 -0.001453270117723
14.35 -0.003248431346365
14.36 -0.006309587861856
14.37 -0.008639437829185
14.38 -0.008026855927935
14.39 -0.006298709885081
14.4 -0.006872531727593
14.41 -0.006408455325506
14.42 -0.007110066656347
14.43 -0.006241894324146
14.44 -0.004910546472661
14.45 -0.00531861792193
14.46 -0.003255685944662
14.47 -0.000357555042918
14.48 0.001080372118347
14.49 0.001386668823143
14.5 0.000135194551724
14.51 -0.002463413240745
14.52 -0.003399057515654
14.53 -0.00181880836622
14.54 0.000326095871995
14.55 -0.001186731972668
14.56 -0.002631503030636
14.57 -0.003173226408289
14.58 -0.003279409349618
14.59 -0.006514462465121
14.6 -0.015033023431482
14.61 -0.016209348947217
14.62 -0.016827849916938
14.63 -0.014710519875074
14.64 -0.015717235306965
14.65 -0.017084860694613
14.66 -0.015280994512318
14.67 -0.015766531097041
14.68 -0.015635088976156
14.69 -0.014128406739155
14.7 -0.013971497939043
14.71 -0.014028031514869
14.72 -0.012963404724025
14.73 -0.011025204171167
14.74 -0.009671610916217
14.75 -0.009640502383457
14.76 -0.010426958679261
14.77 -0.011089999401281
14.78 -0.01106295781183
14.79 -0.010788300419048
14.8 -0.012401407981314
14.81 -0.014017959486921
14.82 -0.013815173693051
14.83 -0.012639630936408
14.84 -0.011642757567276
14.85 -0.011506442468626
14.86 -0.011886273405288
14.87 -0.012278577487521
14.88 -0.012478425494612
14.89 -0.013334006262749
14.9 -0.012074652809885
14.91 -0.012652303561535
14.92 -0.01208771903396
14.93 -0.011856283397436
14.94 -0.011329049081439
14.95 -0.011379586334775
14.96 -0.011345264490116
14.97 -0.011003783139093
14.98 -0.010509746302235
14.99 -0.010041796524028
15.0 -0.009209796775062
15.01 -0.008604088351693
15.02 -0.00820507849609
15.03 -0.007793303665425
15.04 -0.007704848721624
15.05 -0.007853563461639
15.06 -0.008404034876128
15.07 -0.008536902787306
15.08 -0.008146024488823
15.09 -0.007353224884376
15.1 -0.006469823663273
15.11 -0.005852361180906
15.12 -0.005658699461699
15.13 -0.005756278984967
15.14 -0.006142262498888
15.15 -0.006596107783098
15.16 -0.006935589886875
15.17 -0.00743174651086
15.18 -0.007935115020421
15.19 -0.00824674097346
15.2 -0.008248956014933
15.21 -0.007894685518221
15.22 -0.000639635559034
15.23 0.003078411091181
15.24 -0.002741898808979
15.25 -0.002741059464833
15.26 -0.000428597986625
15.27 -0.001083356403397
15.28 -0.002667351008942
15.29 -0.003284481918807
15.3 -0.003234609806874
15.31 -0.003236495486321
15.32 -0.003397005760831
15.33 -0.003976244282286
15.34 -0.005103324991822
15.35 -0.007130075524894
15.36 -0.011047160524165
15.37 -0.012682649224149
15.38 -0.009001034684863
15.39 -0.013466807531431
15.4 -0.01116053483128
15.41 -0.01098098389188
15.42 -0.008768711455367
15.43 -0.006963363402246
15.44 -0.007321548072013
15.45 -0.004302916703652
15.46 -0.004587406683261
15.47 -0.006630163460454
15.48 -0.005370356058554
15.49 -0.003994186824902
15.5 -0.003307807918963
15.51 -0.000120820685934
15.52 0.006476693742211
15.53 0.005693756729549
15.54 0.005548338743923
15.55 0.006309616981908
15.56 0.00506418054544
15.57 0.003415713085711
15.58 0.00108681323614
15.59 0.000841842228768
15.6 0.00240394400061
15.61 0.002917952895064
15.62 0.00211249681746
15.63 0.000676854733243
15.64 0.000498285089933
15.65 0.001667556995015
15.66 0.000864020167363
15.67 0.001004389423869
15.68 0.001299175284041
15.69 0.001900855866861
15.7 0.001062689295412
15.71 0.00047772663209
15.72 0.00163680429773
15.73 0.003123488065051
15.74 0.003803507309642
15.75 0.006289538474856
15.76 0.010709070234463
15.77 0.00643607046408
15.78 0.0089526387284
15.79 0.009697196937221
15.8 0.00772733093783
15.81 0.00779593564297
15.82 0.00711008562355
15.83 0.007054607441168
15.84 0.006742701416874
15.85 0.005935778864741
15.86 0.005320937976048
15.87 0.00531960406455
15.88 0.00543545789958
15.89 0.004935367834492
15.9 0.004053725137143
15.91 0.002728567221748
15.92 0.002054637197831
15.93 0.002101817133106
15.94 0.001918956807277
15.95 0.001691319393348
15.96 0.002007897172427
15.97 0.002534068657193
15.98 0.003056058946077
15.99 0.003568491931198
16.0 0.003983359277631
16.01 0.004309913145607
16.02 0.004548241895048
16.03 0.004816022126808
16.04 0.004969756639051
16.05 0.005009186144192
16.06 0.004647653834245
16.07 0.004104211762458
16.08 0.003549886888349
16.09 0.002907012326277
16.1 0.00180116292489
16.11 0.000678904659419
16.12 0.000289939191846
16.13 0.000816270220028
16.14 0.00175560669242
16.15 0.002035064428868
16.16 0.002213481347099
16.17 0.003581953739459
16.18 0.004032849361151
16.19 0.00587682211907
16.2 0.008021634893136
16.21 -0.001899162476399
16.22 -0.003203308560515
16.23 -0.000565673975689
16.24 -0.003637621295383
16.25 -0.003012743202068
16.26 0.0004448914783
16.27 0.002639632371342
16.28 0.00959692374329
16.29 0.014217450988598
16.3 0.008215690437923
16.31 0.008904390240799
16.32 0.012161868376768
16.33 0.010969299119617
16.34 0.009316341879159
16.35 0.009268212783936
16.36 0.008659278046018
16.37 0.008843400772389
16.38 0.009944812661988
16.39 0.009646247510211
16.4 0.008188031159414
16.41 0.007240954433076
16.42 0.00661774587311
16.43 0.005835459255423
16.44 0.005631280971844
16.45 0.004742675438903
16.46 0.005146671150312
16.47 0.006589197380287
16.48 0.006395100485447
16.49 0.006055498074594
16.5 0.005685041501668
16.51 0.010787847494992
16.52 0.013556267268741
16.53 0.008594377533038
16.54 0.01343099150179
16.55 0.010785497577366
16.56 0.01076951508397
16.57 0.00694743505928
16.58 0.004812588210349
16.59 0.01050850823997
16.6 0.007324629167654
16.61 0.008186277870002
16.62 0.009277640674523
16.63 0.005937473273393
16.64 0.007090495868759
16.65 0.007034543068843
16.66 0.006431679123708
16.67 0.005725522087562
16.68 0.006203418540002
16.69 0.007111019554304
16.7 0.006023894748109
16.71 0.004887309626621
16.72 0.004655878497508
16.73 0.004709007177329
16.74 0.005279715390288
16.75 0.005598649868515
16.76 0.005388597571601
16.77 0.005573191340238
16.78 0.005339058416834
16.79 0.005092927530414
16.8 0.004943507531631
16.81 0.004985167231733
16.82 0.005020928153053
16.83 0.00501642605388
16.84 0.004868809691203
16.85 0.004569366161117
16.86 0.004175433197082
16.87 0.003723565908569
16.88 0.003553096114799
16.89 0.003749292862142
16.9 0.004111708766111
16.91 0.004001191904093
16.92 0.003994049416233
16.93 0.004435478265271
16.94 0.004434584830683
16.95 0.004924513546203
16.96 -0.000569148396377
16.97 -0.006011934152159
16.98 0.000584172295118
16.99 0.000945562788924
17.0 -0.003730687916538
17.01 -0.001960762267559
17.02 0.000356992246495
17.03 -0.000516837571823
17.04 -0.000796985845268
17.05 0.000958301605687
17.06 0.004679445727024
17.07 0.013827684966495
17.08 0.008011949306454
17.09 0.006554558382035
17.1 0.011991680857123
17.11 0.01085414496392
17.12 0.008700713031988
17.13 0.009046730804935
17.14 0.009633951106418
17.15 0.008433457238675
17.16 0.007714491727262
17.17 0.00539183248833
17.18 0.003105947970014
17.19 0.002855187824495
17.2 0.003243967409759
17.21 0.002843733750327
17.22 0.002737126550971
17.23 0.002317133068419
17.24 0.001900259812041
17.25 0.002022534502678
17.26 0.002529700492749
17.27 0.002648918957206
17.28 0.003088415184196
17.29 0.002934508374838
17.3 0.002345844354635
17.31 0.00264809087001
17.32 0.006073470369888
17.33 0.005702067587664
17.34 0.003484918485686
17.35 0.002791385414844
17.36 0.002627082333736
17.37 0.003150158254664
17.38 0.002262486125291
17.39 0.003122391497263
17.4 0.000648673660166
17.41 0.000782055186685
17.42 0.001450850176374
17.43 -0.000641084705625
17.44 0.000590060938168
17.45 -0.000738449378009
17.46 -0.001096463269282
17.47 -0.000946136212405
17.48 -0.001898105958278
17.49 -0.000744184750537
17.5 -0.00243039624654
17.51 -0.005183260899541
17.52 -0.006142359004269
17.53 -0.007275998763822
17.54 -0.007274129954124
17.55 -0.006477557108124
17.56 -0.006397429890086
17.57 -0.00574239530478
17.58 -0.004141002899633
17.59 -0.002776494078518
17.6 -0.002408822743121
17.61 -0.002621272879782
17.62 -0.002750119964588
17.63 -0.002673311153681
17.64 -0.002740307079199
17.65 -0.001864831429843
17.66 -0.001654749143675
17.67 -0.00127853868001
17.68 -0.001333038890788
17.69 -0.001675897449882
17.7 -0.001778892513425
17.71 -0.001550253306212
17.72 -0.001242793262187
17.73 -0.00108760170783
17.74 -0.001169118897405
17.75 -0.001316031183974
17.76 -0.001414388937767
17.77 -0.001331098925077
17.78 -0.001119895410678
17.79 -0.001333099635854
17.8 -0.001923165623255
17.81 -0.002386834116243
17.82 -0.002657472740001
17.83 -0.002838396782866
17.84 -0.003000352006279
17.85 -0.003165870511749
17.86 -0.003468728197161
17.87 -0.004203508057289
17.88 0.008262163538423
17.89 0.00723988254784
17.9 0.003034370524369
17.91 0.006375122567219
17.92 0.007204962195304
17.93 0.004474520292635
17.94 0.003147335683149
17.95 0.003542600142293
17.96 0.00405697256341
17.97 0.003600291001267
17.98 0.002802482539304
17.99 0.002073943850185
18.0 0.001480926057095
18.01 0.000913453886305
18.02 0.000631376088966
18.03 0.000485453502144
18.04 0.000409291367716
18.05 0.000641166486544
18.06 0.00095670795037
18.07 0.000946320286204
18.08 -0.001440565306017
18.09 -0.00093522146412
18.1 -0.002171035578223
18.11 -0.00709132004146
18.12 0.003731683337537
18.13 0.001887286493268
18.14 -8.252773857e-05
18.15 0.004500446889281
18.16 0.003098479582761
18.17 0.004932277199181
18.18 0.008686142885792
18.19 0.009387867963919
18.2 0.008765438187791
18.21 0.009829885829364
18.22 0.00900566701092
18.23 0.01003524875175
18.24 0.009921783489286
18.25 0.009508208353536
18.26 0.011122074460405
18.27 0.010247532455211
18.28 0.010850395000215
18.29 0.01041968924315
18.3 0.008814628546765
18.31 0.008699022496473
18.32 0.00738317447221
18.33 0.006442190215685
18.34 0.006020740831627
18.35 0.004865744037267
18.36 0.004055808196146
18.37 0.003048083458471
18.38 0.002487415378499
18.39 0.001897084588042
18.4 0.002094626425953
18.41 0.004117431725873
18.42 0.004227691689073
18.43 0.004878218678774
18.44 0.006332611139705
18.45 0.007579917725879
18.46 0.008904968312299
18.47 0.009331517441373
18.48 0.008428825866963
18.49 0.007048014694151
18.5 0.00623562869225
18.51 0.006208634806021
18.52 0.006676393970399
18.53 0.007071082212713
18.54 0.006822509352443
18.55 0.00610672687116
18.56 0.005463610953485
18.57 0.005144236511099
18.58 0.005022288590745
18.59 0.005276677538906
18.6 0.005813364270324
18.61 0.006143211542404
18.62 0.006404037607673
18.63 0.003287520960515
18.64 -0.004870314232455
18.65 -0.00405258474173
18.66 -0.000778905449049
18.67 -0.002668898001797
18.68 -0.003162928950319
18.69 0.000182860087151
18.7 0.007436227634538
18.71 0.009268881753932
18.72 0.003102857788055
18.73 0.005715520326644
18.74 0.005089815526594
18.75 0.001746568802577
18.76 0.000906031995123
18.77 0.001224758801592
18.78 0.000554448063097
18.79 -0.000342812452303
18.8 -0.001202033507167
18.81 -0.001668737001221
18.82 -0.001769092722294
18.83 -0.001785704549426
18.84 -0.002391380225851
18.85 -0.003812898465533
18.86 -0.005432918248085
18.87 -0.006397360891365
18.88 -0.006091400943478
18.89 -0.004802826133121
18.9 -0.003335370539995
18.91 -0.002283613759724
18.92 -0.001785742463094
18.93 -0.000793638683111
18.94 0.000354071864106
18.95 0.000721018429051
18.96 0.000352645241403
18.97 -4.3783464767e-05
18.98 -0.000245202882977
18.99 -0.000517341203826
19.0 -0.001256921116498
19.01 -0.002179861441964
19.02 -0.003218081956799
19.03 -0.004042741077272
19.04 -0.00480447099084
19.05 -0.005242097886633
19.06 -0.005309421479408
19.07 -0.004958148794541
19.08 -0.004560419532402
19.09 -0.004690549457642
19.1 -0.004984306124048
19.11 -0.005085103602637
19.12 -0.004610649874274
19.13 -0.004023984289475
19.14 -0.003737003794715
19.15 -0.003651649256503
19.16 -0.003720727582438
19.17 -0.003994766683245
19.18 -0.00430708308016
19.19 -0.004299254207346
19.2 -0.00406810574299
19.21 -0.002712446291547
19.22 0.005472877772562
19.23 -0.0010592504229
19.24 -0.000983205503883
19.25 0.002089688032459
19.26 -0.000622619228216
19.27 -0.003340320860985
19.28 -0.005918489174152
19.29 -0.015013226487883
19.3 -0.013485515124381
19.31 -0.009994522508011
19.32 -0.01102271485386
19.33 -0.009090101278396
19.34 -0.008056157319497
19.35 -0.005296900313699
19.36 -0.004863805170738
19.37 -0.006762472254195
19.38 -0.005080034796438
19.39 -0.004757863531418
19.4 -0.004207686572927
19.41 -0.003236445078375
19.42 -0.00195115197077
19.43 -0.0003040666648
19.44 0.000538607489278
19.45 0.000376233859987
19.46 -0.000205338118703
19.47 -0.000666148352118
19.48 0.000722702556608
19.49 0.000435893497616
19.5 -0.001405335964413
19.51 -0.002534267248432
19.52 -0.001797443765351
19.53 -0.000668738828754
19.54 -7.3774276877e-05
19.55 0.000329839370452
19.56 -0.000968776694976
19.57 -0.00084716707312
19.58 0.001170376316094
19.59 0.001341602886995
19.6 0.001494367961969
19.61 0.000650740646408
19.62 0.002790146280125
19.63 0.00871697524381
19.64 0.008780378654218
19.65 0.007153900257885
19.66 0.005750422545398
19.67 0.005329852950152
19.68 0.006733151026149
19.69 0.007244876457534
19.7 0.006696781026082
19.71 0.006342658099232
19.72 0.006328523887876
19.73 0.005980373917246
19.74 0.00618386505683
19.75 0.005212138084728
19.76 0.005003297429939
19.77 0.005169180170109
19.78 0.004938475885509
19.79 0.005041869210674
19.8 0.004754524242671
19.81 0.00476105023579
19.82 0.00485055910605
19.83 0.004945078433531
19.84 0.005459407220865
19.85 0.005937038967889
19.86 0.006742721064911
19.87 0.007960424144581
19.88 0.009013625210653
19.89 0.009418003927416
19.9 0.009015689585323
19.91 0.008246134338176
19.92 0.00822552441714
19.93 0.007749916391789
19.94 0.006704441508274
19.95 0.006579973208363
19.96 0.005970017777133
19.97 0.005218644654321
19.98 0.004511129315314
19.99 0.004607677916014
20.0 0.004909626815513
20.01 0.004959549217298
20.02 0.004405641600598
20.03 0.003946916128542
20.04 0.003668080143775
20.05 0.003618608089737
20.06 0.004145166710611
20.07 0.005041022849679
20.08 0.005341699667916
20.09 0.003177579209123
20.1 0.005156555139509
20.11 7.4345116611e-05
20.12 -0.003627827508306
20.13 -0.003914279103959
20.14 -0.004477944509444
20.15 -0.003187617859657
20.16 -0.002331037295682
20.17 -0.002564313070522
20.18 -0.002230027637299
20.19 -0.00140816359677
20.2 -0.00104885558658
20.21 -0.001033682204864
20.22 -0.000711180894474
20.23 -0.000385291184326
20.24 -0.000371036321844
20.25 -0.000710744012102
20.26 -0.000962579361384
20.27 -0.000812133902789
20.28 -0.000608365760048
20.29 -0.000420244142055
20.3 -0.000356172915438
20.31 -0.000407886388754
20.32 -0.000454145998613
20.33 -0.000437800439029
20.34 -0.000430390817378
20.35 -0.000823476266667
20.36 -0.001641120126796
20.37 -0.002556237571509
20.38 -0.003461688026401
20.39 -0.004080040162187
20.4 -0.004305658063763
20.41 -0.004326689418139
20.42 -0.004908501601472
20.43 -0.004989859574406
20.44 -0.005148720200927
20.45 -0.00404632412381
20.46 0.001037471281746
20.47 0.000509066933837
20.48 -0.005079581153127
20.49 -0.005242483603681
20.5 -0.002663822163659
20.51 -0.002073718017357
20.52 -0.00289818626906
20.53 -0.004917387977065
20.54 -0.004896668470234
20.55 -0.004909558843553
20.56 -0.006100868175022
20.57 -0.005619845984539
20.58 -0.00528893058431
20.59 -0.006359262059979
20.6 -0.006159410172635
20.61 -0.005655564220392
20.62 -0.006275310984392
20.63 -0.006785289591955
20.64 -0.006703802843201
20.65 -0.006186374289206
20.66 -0.004476958321974
20.67 -0.003533925725498
20.68 -0.00448159000098
20.69 -0.005830120648649
20.7 -0.005927782634309
20.71 -0.005367709561094
20.72 -0.004435607204359
20.73 -0.003733505344968
20.74 -0.004240193515058
20.75 -0.004651433189402
20.76 -0.004009073909945
20.77 -0.003121186079573
20.78 -0.003040153832043
20.79 -0.003992528675956
20.8 -0.004810448435658
20.81 -0.004441189961303
20.82 -0.003631356871975
20.83 -0.003886587473001
20.84 -0.004667361772173
20.85 -0.004932160173846
20.86 -0.004824542671173
20.87 -0.00487940600437
20.88 -0.005081144082253
20.89 -0.005268648347771
20.9 -0.00537307647235
20.91 -0.005282064519131
20.92 -0.005118355814942
20.93 -0.004982321810966
20.94 -0.005224831545371
20.95 -0.005656320772738
20.96 -0.005827717795055
20.97 -0.005877560149386
20.98 -0.005794404473984
20.99 -0.005680707949061
21.0 -0.005689562557394
21.01 -0.005818939463321
21.02 -0.005783609275223
21.03 -0.00546150516034
21.04 -0.005906799518518
21.05 -0.006105502052893
21.06 -0.005707027210621
21.07 -0.005444395645842
21.08 -0.00490331234237
21.09 -0.004432373189146
21.1 -0.004288574492583
21.11 -0.004438884763684
21.12 -0.004611826328711
21.13 -0.004816406314777
21.14 -0.005374810988868
21.15 -0.006011503240777
21.16 -0.006588829366813
21.17 -0.006609663728213
21.18 -0.003856076641173
21.19 -0.006328025020498
21.2 -0.006454425432083
21.21 -0.005432525572921
21.22 -0.006442046315278
21.23 -0.005419213877292
21.24 -0.005702039981471
21.25 -0.005402166897505
21.26 -0.004085789704097
21.27 -0.005150317089727
21.28 -0.005336131486103
21.29 -0.005156709271761
21.3 -0.005200520156482
21.31 -0.004248441908815
21.32 -0.004022332787412
21.33 -0.003669216864652
21.34 -0.003666014613325
21.35 -0.003462296793598
21.36 -0.002930089591793
21.37 -0.002914163508383
21.38 -0.002617950116287
21.39 -0.002237039325709
21.4 -0.002762917440044
21.41 -0.003391257450999
21.42 -0.003431709770192
21.43 -0.003348158535505
21.44 -0.003341335433665
21.45 -0.003292879382553
21.46 -0.002948259188149
21.47 -0.002620398026062
21.48 -0.002621879674327
21.49 -0.002138109893561
21.5 -0.001044993909211
21.51 -0.000938909398677
21.52 0.000368262363112
21.53 0.001968265027954
21.54 0.002967650943523
21.55 0.00445274677251
21.56 0.005013429632429
21.57 0.004919052543129
21.58 0.004876069908898
21.59 0.004586282245053
21.6 0.004141084435302
21.61 0.003389280856158
21.62 0.002598701205378
21.63 0.002227737730938
21.64 0.002081144792959
21.65 0.002198024786049
21.66 0.002437308763146
21.67 0.002356225536481
21.68 0.002367907407761
21.69 0.002765641612637
21.7 0.00287500433839
21.71 0.002795925012925
21.72 0.003158993188017
21.73 0.003654963108126
21.74 0.004099777205907
21.75 0.004486477001644
21.76 0.004491909703116
21.77 0.004840233451804
21.78 0.005176652190925
21.79 0.005462376687909
21.8 0.005365182710201
21.81 0.003980662121716
21.82 0.003609263852313
21.83 0.004655648668081
21.84 0.005538540198884
21.85 0.005561578636987
21.86 0.005605189061244
21.87 0.006316106219821
21.88 0.006722731862645
21.89 0.006079144605574
21.9 0.006160954233903
21.91 0.006444081425865
21.92 0.006119436229281
21.93 0.006146881451711
21.94 0.005743829004231
21.95 0.006214398623266
21.96 0.006944905840793
21.97 0.005423980263803
21.98 0.005700029370262
21.99 0.004608082643178
22.0 0.004318969448452
22.01 0.00356903013195
22.02 0.003141824819027
22.03 0.004092842388727
22.04 0.003925527022412
22.05 0.003799607538007
22.06 0.003456426547942
22.07 0.003081167097433
22.08 0.003103173915218
22.09 0.002720535310475
22.1 0.003685484846268
22.11 0.003090320126632
22.12 0.003101786771933
22.13 0.003589205119208
22.14 0.003663960003434
22.15 0.00394922683456
22.16 0.004014123032284
22.17 -0.000597413019266
22.18 -0.005100268905856
22.19 -0.001346738309678
22.2 0.000635115498671
22.21 -0.000684236023181
22.22 -0.001356655596955
22.23 -0.000700405310603
22.24 0.000106640621448
22.25 0.000531541591105
22.26 0.001414148232017
22.27 0.006856022859733
22.28 0.013096833367151
22.29 0.00380027468452
22.3 0.006007326812549
22.31 0.007482401983454
22.32 0.005971920113286
22.33 0.006391770323693
22.34 0.004742453910903
22.35 0.004317955315993
22.36 0.004061604776205
22.37 0.001802544777668
22.38 -0.000762623273869
22.39 -0.003587556469041
22.4 -0.004325387638234
22.41 -0.003915425159794
22.42 -0.005413018723458
22.43 -0.006985496863462
22.44 -0.008143711777195
22.45 -0.008918713748787
22.46 -0.008584947862429
22.47 -0.009158171959216
22.48 -0.008430390851607
22.49 -0.007081455124422
22.5 -0.005957971189891
22.51 -0.004097561367872
22.52 -0.003805801250967
22.53 -0.003628997683088
22.54 -0.003319746636075
22.55 -0.003196004759337
22.56 -0.00341208542943
22.57 -0.003342884923246
22.58 -0.003023943905661
22.59 -0.00263681716719
22.6 -0.002624491078341
22.61 -0.002976082299178
22.62 -0.003463015766529
22.63 -0.003882880869681
22.64 -0.004336038646525
22.65 -0.004993707056683
22.66 -0.005869492738488
22.67 -0.006743203625832
22.68 -0.007545691183618
22.69 -0.00843428684542
22.7 -0.008538329851905
22.71 -0.007914740730289
22.72 -0.007745121423461
22.73 -0.007688505281287
22.74 -0.007506922728743
22.75 -0.007254107465599
22.76 -0.006868641023356
22.77 -0.00650174830245
22.78 -0.006294491597089
22.79 -0.006172194296387
22.8 -0.006164026843302
22.81 -0.006121871404055
22.82 -0.005999758219774
22.83 -0.005951989931276
22.84 -0.006196043471114
22.85 -0.006511196313909
22.86 -0.006870873216678
22.87 -0.007105699886825
22.88 -0.00715058165594
22.89 -0.00685476534041
22.9 -0.006510218787872
22.91 -0.00634285230876
22.92 -0.006316137261638
22.93 -0.006344113685807
22.94 -0.006342434819054
22.95 -0.005996291818636
22.96 -0.005652576294016
22.97 -0.005377590599141
22.98 -0.005635128012165
22.99 -0.006869532847459
23.0 -0.007141292754359
23.01 -0.006564310717245
23.02 -0.006435344607866
23.03 -0.005444275513679
23.04 -0.005990940911438
23.05 -0.005451025845707
23.06 -0.004669339012303
23.07 -0.005090655632041
23.08 -0.003957636920263
23.09 -0.003336297977445
23.1 -0.002766978535854
23.11 -0.001128515762143
23.12 -0.001025156884135
23.13 -0.001993928070391
23.14 -0.002889571636071
23.15 -0.002628983592104
23.16 -0.002115627120761
23.17 -0.001851617437564
23.18 -0.001552019441293
23.19 -0.001505220683532
23.2 -0.00166177347843
23.21 -0.000992311786055
23.22 -0.000445486825126
23.23 0.000103810195161
23.24 0.000624503413316
23.25 0.001143221292858
23.26 0.001599149705812
23.27 0.00245519986397
23.28 0.003368173599806
23.29 0.003833559104562
23.3 0.004071190853191
23.31 0.004479373329315
23.32 0.004882856835159
23.33 0.004962788558332
23.34 0.004802298387754
23.35 0.004620290228759
23.36 0.004446112374844
23.37 0.004221194622143
23.38 0.003994786736453
23.39 0.003856348956764
23.4 0.003798871984016
23.41 0.003530082447348
23.42 0.003284802345552
23.43 0.003126576110527
23.44 0.003040368208245
23.45 0.002929909062225
23.46 0.002813796020991
23.47 0.00281605218116
23.48 0.00282668782605
23.49 0.00288692188967
23.5 0.003189808665121
23.51 0.003640762986929
23.52 0.004055214514133
23.53 0.004363564392839
23.54 0.00460742027405
23.55 0.004899824707682
23.56 0.005318775303235
23.57 0.005799940125107
23.58 0.006130724870921
23.59 0.006215183193529
23.6 0.006063158074271
23.61 0.005841596633097
23.62 0.005741182020768
23.63 0.0057423777143
23.64 0.005803772561568
23.65 0.005748230660096
23.66 0.005586108216397
23.67 0.005361196839264
23.68 0.005161061845404
23.69 0.004985691586174
23.7 0.004846576851655
23.71 0.004705257085889
23.72 0.003971897029875
23.73 0.00337065369977
23.74 0.003716102104236
23.75 0.003252212590436
23.76 0.003174011445373
23.77 0.003378460507391
23.78 0.003872875892673
23.79 0.004484233353629
23.8 0.004481896148934
23.81 0.003999803660315
23.82 0.003652331187797
23.83 0.004117121417551
23.84 0.004689582082522
23.85 0.004339552929757
23.86 0.004033428278399
23.87 0.004715873574419
23.88 0.00530088728547
23.89 0.005174089740978
23.9 0.004803725291059
23.91 0.00448034723676
23.92 0.004132074824334
23.93 0.003185824983401
23.94 0.001802788461511
23.95 0.00242360298856
23.96 0.002598588767779
23.97 0.001907432741995
23.98 0.001910446364206
23.99 0.002227748046057
24.0 0.002320285142146
24.01 0.002184494159228
24.02 0.001197160989851
24.03 0.000291151972685
24.04 0.000186915762858
24.05 0.000622824466418
24.06 -0.000830419663513
24.07 -0.002792507523201
24.08 -0.002291696030322
24.09 0.000683571234263
24.1 0.008638033468626
24.11 0.006644924357207
24.12 0.00095537892508
24.13 0.004194959139107
24.14 0.002620536871057
24.15 0.000928183139758
24.16 0.001324515687066
24.17 -0.000118329006021
24.18 -0.001004574690035
24.19 -0.000287026094875
24.2 9.5454756046e-05
24.21 -0.001005439637531
24.22 -0.00223004119898
24.23 -0.002671373720532
24.24 -0.00315838803276
24.25 -0.00390602156033
24.26 -0.004300593226536
24.27 -0.004515240696606
24.28 -0.005076578748367
24.29 -0.005719877284812
24.3 -0.005816383799181
24.31 -0.005068992009259
24.32 -0.003725432814169
24.33 -0.002357117323753
24.34 -0.001602066528102
24.35 -0.001652294074635
24.36 -0.002166001689212
24.37 -0.002565882120203
24.38 -0.002474327958181
24.39 -0.002304297756382
24.4 -0.002632124176501
24.41 -0.003434370600255
24.42 -0.00409562333808
24.43 -0.00420478501011
24.44 -0.0038781694616
24.45 -0.003638702513785
24.46 -0.003760871509304
24.47 -0.004105580168811
24.48 -0.004312835288381
24.49 -0.004209438887778
24.5 -0.003986390066041
24.51 -0.003940976241049
24.52 -0.004140078649611
24.53 -0.004414361400205
24.54 -0.004652643092821
24.55 -0.005438387414997
24.56 -0.005178932675231
24.57 -0.005151038902278
24.58 -0.005224246069829
24.59 -0.005160623823454
24.6 -0.005448731455659
24.61 -0.004600789404959
24.62 -0.004494339927358
24.63 -0.004455312054254
24.64 -0.004485709744125
24.65 -0.004725328611754
24.66 -0.004786029897189
24.67 -0.005168247450171
24.68 -0.005002182265263
24.69 -0.004250990377175
24.7 -0.004498785973514
24.71 -0.004690827579375
24.72 -0.004844027395299
24.73 -0.004828463612584
24.74 -0.004704878074219
24.75 -0.004616245839162
24.76 -0.004566208869231
24.77 -0.004457779120886
24.78 -0.004283086760313
24.79 -0.004119469535416
24.8 -0.003975397742595
24.81 -0.003843498085795
24.82 -0.00364341285155
24.83 -0.002106942189945
24.84 0.002838015860201
24.85 0.002268788697855
24.86 0.001313934253497
24.87 0.000747163938627
24.88 0.000413080350637
24.89 0.000394937385377
24.9 0.000223068948001
24.91 4.7011812523e-05
24.92 -0.000258159016964
24.93 -0.001068449542492
24.94 -0.003789623081733
 
 
 
 
 
 
 
 
 
 
 
 
 
 
 
 
 
 
 
 
 
 
 
 
 
 
 
 
 
 
 
 
 
 
 
 
 
 
 
 
 
 
 
 
 
 
 
 
 
 
 
 
 
 
 
 
 
 
 
 
 
 
 
 
 
 
 
 
 
 
 
 
 
 
 
 
 
 
 
 
 
 
 
 
 
 
 
 
 
 
 
 
 
 
 
 
 
 
 
 
 
 
 
 
 
 
 
 
 
 
 
 
 
 
 
 
 
 
 
 
 
 
 
 
 
 
 
 
 
 
 
 
 
 
 
 
 
 
 
 
 
 
 
 
 
 
 
 
 
 
 
 
 
 
 
 
 
 
 
 
 
 
 
 
 
 
 
 
 
 
 
 
 
 
 
 
 
 
 
 
 
 
 
 
 
 
 
 
 
 
 
 
 
 
 
 
 
 
 
 
 
 
 
 
 
 
 
 
 
 
 
 
 
 
 
 
 
 
 
 
 
 
 
 
 
 
 
 
 
 
 
 
 
 
 
 
 
 
 
 
 
 
 
 
 
 
 
 
 
 
 
 
 
 
 
 
 
 
 
 
 
 
 
 
 
 
 
 
 
 
 
 
 
 
 
 
 
 
 
 
 
 
 
 
 
 
 
 
 
 
 
 
 
 
 
 
 
 
 
 
 
 
 
 
 
 
 
 
 
 
 
 
 
 
 
 
 
 
 
 
 
 
 
 
 
 
 
 
 
 
 
 
 
 
 
 
 
 
 
 
 
 
 
 
 
 
 
 
 
 
 
 
 
 
 
 
 
 
 
 
 
 
 
 
 
 
 
 
 
 
 
 
 
 
 
 
 
 
 
 
 
 
 
 
 
 
 
 
 
 
 
 
 
 
 
 
 
 
 
 
 
 
 
 
 
 
 
 
 
 
 
 
 
 
 
 
 
 
 
 
 
 
 
 
 
 
 
 
 
 
 
 
 
 
 
 
 
 
 
 
 
 
 
 
 
 
 
 
 
 
 
 
 
 
 
 
 
 
 
 
 
 
 
 
 
 
 
 
 
 
 
 
 
 
 
 
 
 
 
 
 
 
 
 
 
 
 
 
 
 
 
 
 
 
 
 
 
 
 
 
 
 
 
 
 
 
 
 
 
 
 
 
 
 
 
 
 
 
 
 
 
 
 
 
 
 
 
 
 
 
 
 
 
 
 
 
 
 
 
 
 
 
 
 
 
 
 
 
 
 
 
 
 
 
 
 
 
 
 
 
 
 
 
 
 
 
 
 
 
 
 
 
 
 
 
 
 
 
 
 
 
 
 
 
 
 
 
 
 
 
 
 
 
 
 
 
 
 
 
 
 
 
 
 
 
 
 
 
 
 
 
 
 
 
 
 
 
 
 
 
 
 
 
 
 
 
 
 
 
 
 
 
 
 
 
 
 
 
 
 
 
 
 
 
 
 
 
 
 
 
 
 
 
 
 
 
 
 
 
 
 
 
 
 
 
 
 
 
 
 
 
 
 
 
 
 
 
 
 
 
 
 
 
 
 
 
 
 
 
 
 
 
 
 
 
 
 
 
 
 
 
 
 
 
 
 
 
 
 
 
 
 
 
 
 
 
 
 
 
 
 
 
 
 
 
 
 
 
 
 
 
 
 
 
 
 
 
 
 
 
 
 
 
 
 
 
 
 
 
 
 
 
 
 
 
 
 
 
 
 
 
 
 
 
 
 
 
 
 
 
 
 
 
 
 
 
 
 
 
 
 
 
 
 
 
 
 
 
 
 
 
 
 
 
 
 
 
 
 
 
 
 
 
 
 
 
 
 
 
 
 
 
 
 
 
 
 
 
 
 
 
 
 
 
 
 
 
 
 
 
 
 
 
 
 
 
 
 
 
 
 
 
 
 
 
 
 
 
 
 
 
 
 
 
 
 
 
 
 
 
 
 
 
 
 
 
 
 
 
 
 
 
 
 
 
 
 
 
 
 
 
 
 
 
 
 
 
 
 
 
 
 
 
 
 
 
 
 
 
 
 
 
 
 
 
 
 
 
 
 
 
 
 
 
 
 
 
 
 
 
 
 
 
 
 
 
 
 
 
 
 
 
 
 
 
 
 
 
 
 
 
 
 
 
 
 
 
 
 
 
 
 
 
 
 
 
 
 
 
 
 
 
 
 
 
 
 
 
 
 
 
 
 
 
 
 
 
 
 
 
 
 
 
 
 
 
 
 
 
 
 
 
 
 
 
 
 
 
 
 
 
 
 
 
 
 
 
 
 
 
 
 
 
 
 
 
 
 
 
 
 
 
 
 
 
 
 
 
 
 
 
 
 
 
 
 
 
 
 
 
 
 
 
 
 
 
 
 
 
 
 
 
 
 
 
 
 
 
 
 
 
 
 
 
 
 
 
 
 
 
 
 
 
 
 
 
 
 
 
 
 
 
 
 
 
 
 
 
 
 
 
 
 
 
 
 
 
 
 
 
 
 
 
 
 
 
 
 
 
 
 
 
 
 
 
 
 
 
 
 
 
 
 
 
 
 
 
 
 
 
 
 
 
 
 
 
 
 
 
 
 
 
 
 
 
 
 
 
 
 
 
 
 
 
 
 
 
 
 
 
 
 
 
 
 
 
 
 
 
 
 
 
 
 
 
 
 
 
 
 
 
 
 
 
 
 
 
 
 
 
 
 
 
 
 
 
 
 
 
 
 
 
 
 
 
 
 
 
 
 
 
 
 
 
 
 
 
 
 
 
 
 
 
 
 
 
 
 
 
 
 
 
 
 
 
 
 
 
 
 
 
 
 
 
 
 
 
 
 
 
 
 
 
 
 
 
 
 
 
 
 
 
 
 
 
 
 
 
 
 
 
 
 
 
 
 
 
 
 
 
 
 
 
 
 
 
 
 
 
 
 
 
 
 
 
 
 
 
 
 
 
 
 
 
 
 
 
 
 
 
 
 
 
 
 
 
 
 
 
 
 
 
 
 
 
 
 
 
 
 
 
 
 
 
 
 
 
 
 
 
 
 
 
 
 
 
 
 
 
 
 
 
 
 
 
 
 
 
 
 
 
 
 
 
 
 
 
 
 
 
 
 
 
 
 
 
 
 
 
 
 
 
 
 
 
 
 
 
 
 
 
 
 
 
 
 
 
 
 
 
 
 
 
 
 
 
 
 
 
 
 
 
 
 
 
 
 
 
 
 
 
 
 
 
 
 
 
 
 
 
 
 
 
 
 
 
 
 
 
 
 
 
 
 
 
 
 
 
 
 
 
 
 
 
 
 
 
 
 
 
 
 
 
 
 
 
 
 
 
 
 
 
 
 
 
 
 
 
 
 
 
 
 
 
 
 
 
 
 
 
 
 
 
 
 
 
 
 
 
 
 
 
 
 
 
 
 
 
 
 
 
 
 
 
 
 
 
 
 
 
 
 
 
 
 
 
 
 
 
 
 
 
 
 
 
 
 
 
 
 
 
 
 
 
 
 
 
 
 
 
 
 
 
 
 
 
 
 
 
 
 
 
 
 
 
 
 
 
 
 
 
 
 
 
 
 
 
 
 
 
 
 
 
 
 
 
 
 
 
 
 
 
 
 
 
 
 
 
 
 
 
 
 
 
 
 
 
 
 
 
 
 
 
 
 
 
 
 
 
 
 
 
 
 
 
 
 
 
 
 
 
 
 
 
 
 
 
 
 
 
 
 
 
 
 
 
 
 
 
 
 
 
 
 
 
 
 
 
 
 
 
 
 
 
 
 
 
 
 
 
 
 
 
 
 
 
 
 
 
 
 
 
 
 
 
 
 
 
 
 
 
 
 
 
 
 
 
 
 
 
 
 
 
 
 
 
 
 
 
 
 
 
 
 
 
 
 
 
 
 
 
 
 
 
 
 
 
 
 
 
 
 
 
 
 
 
 
 
 
 
 
 
 
 
 
 
 
 
 
 
 
 
 
 
 
 
 
 
 
 
 
 
 
 
 
 
 
 
 
 
 
 
 
 
 
 
 
 
 
 
 
 
 
 
 
 
 
 
 
 
 
 
 
 
 
 
 
 
 
 
 
 
 
 
 
 
 
 
 
 
 
 
 
 
 
 
 
 
 
 
 
 
 
 
 
 
 
 
 
 
 
 
 
 
 
 
 
 
 
 
 
 
 
 
 
 
 
 
 
 
 
 
 
 
 
 
 
 
 
 
 
 
 
 
 
 
 
 
 
 
 
 
 
 
 
 
 
 
 
 
 
 
 
 
 
 
 
 
 
 
 
 
 
 
 
 
 
 
 
 
 
 
 
 
 
 
 
 
 
 
 
 
 
 
 
 
 
 
 
 
 
 
 
 
 
 
 
 
 
 
 
 
 
 
 
 
 
 
 
 
 
 
 
 
 
 
 
 
 
 
 
 
 
 
 
 
 
 
 
 
 
 
 
 
 
 
 
 
 
 
 
 
 
 
 
 
 
 
 
 
 
 
 
 
 
 
 
 
 
 
 
 
 
 
 
 
 
 
 
 
 
 
 
 
 
 
 
 
 
 
 
 
 
 
 
 
 
 
 
 
 
 
 
 
 
 
 
 
 
 
 
 
 
 
 
 
 
 
 
 
 
 
 
 
 
 
 
 
 
 
 
 
 
 
 
 
 
 
 
 
 
 
 
 
 
 
 
 
 
 
 
 
 
 
 
 
 
 
 
 
 
 
 
 
 
 
 
 
 
 
 
 
 
 
 
 
 
 
 
 
 
 
 
 
 
 
 
 
 
 
 
 
 
 
 
 
 
 
 
 
 
 
 
 
 
 
 
 
 
 
 
 
 
 
 
 
 
 
 
 
 
 
 
 
 
 
 
 
 
 
 
 
 
 
 
 
 
 
 
 
 
 
 
 
 
 
 
 
 
 
 
 
 
 
 
 
 
 
 
 
 
 
 
 
 
 
 
 
 
 
 
 
 
 
 
 
 
 
 
 
 
 
 
 
 
 
 
 
 
 
 
 
 
 
 
 
 
 
 
 
 
 
 
 
 
 
 
 
 
 
 
 
 
 
 
 
 
 
 
 
 
 
 
 
 
 
 
 
 
 
 
 
 
 
 
 
 
 
 
 
 
 
 
 
 
 
 
 
 
 
 
 
 
 
 
 
 
 
 
 
 
 
 
 
 
 
 
 
 
 
 
 
 
 
 
 
 
 
 
 
 
 
 
 
 
 
 
 
 
 
 
 
 
 
 
 
 
 
 
 
 
 
 
 
 
 
 
 
 
 
 
 
 
 
 
 
 
 
 
 
 
 
 
 
 
 
 
 
 
 
 
 
 
 
 
 
 
 
 
 
 
 
 
 
 
 
 
 
 
 
 
 
 
 
 
 
 
 
 
 
 
 
 
 
 
 
 
 
 
 
 
 
 
 
 
 
 
 
 
 
 
 
 
 
 
 
 
 
 
 
 
 
 
 
 
 
 
 
 
 
 
 
 
 
 
 
 
 
 
 
 
 
 
 
 
 
 
 
 
 
 
 
 
 
 
 
 
 
 
 
 
 
 
 
 
 
 
 
 
 
 
 
 
 
 
 
 
 
 
 
 
 
 
 
 
 
 
 
 
 
 
 
 
 
 
 
 
 
 
 
 
 
 
 
 
 
 
 
 
 
 
 
 
 
 
 
 
 
 
 
 
 
 
 
 
 
 
 
 
 
 
 
 
 
 
 
 
 
 
 
 
 
 
 
 
 
 
 
 
 
 
 
 
 
 
 
 
 
 
 
 
 
 
 
 
 
 
 
 
 
 
 
 
 
 
 
 
 
 
 
 
 
 
 
 
 
 
 
 
 
 
 
 
 
 
 
 
 
 
 
 
 
 
 
 
 
 
 
 
 
 
 
 
 
 
 
 
 
 
 
 
 
 
 
 
 
 
 
 
 
 
 
 
 
 
 
 
 
 
 
 
 
 
 
 
 
 
 
 
 
 
 
 
 
 
 
 
 
 
 
 
 
 
 
 
 
 
 
 
 
 
 
 
 
 
 
 
 
 
 
 
 
 
 
 
 
 
 
 
 
 
 
 
 
 
 
 
 
 
 
 
 
 
 
 
 
 
 
 
 
 
 
 
 
 
 
 
 
 
 
 
 
 
 
 
 
 
 
 
 
 
 
 
 
 
 
 
 
 
 
 
 
 
 
 
 
 
 
 
 
 
 
 
 
 
 
 
 
 
 
 
 
 
 
 
 
 
 
 
 
 
 
 
 
 
 
 
 
 
 
 
 
 
 
 
 
 
 
 
 
 
 
 
 
 
 
 
 
 
 
 
 
 
 
 
 
 
 
 
 
 
 
 
 
 
 
 
 
 
 
 
 
 
 
 
 
 
 
 
 
 
 
 
 
 
 
 
 
 
 
 
 
 
 
 
 
 
 
 
 
 
 
 
 
 
 
 
 
 
 
 
 
 
 
 
 
 
 
 
 
 
 
 
 
 
 
 
 
 
 
 
 
 
 
 
 
 
 
 
 
 
 
 
 
 
 
 
 
 
 
 
 
 
 
 
 
 
 
 
 
 
 
 
 
 
 
 
 
 
 
 
 
 
 
 
 
 
 
 
 
 
 
 
 
 
 
 
 
 
 
 
 
 
 
 
 
 
 
 
 
 
 
 
 
 
 
 
 
 
 
 
 
 
 
 
 
 
 
 
 
 
 
 
 
 
 
 
 
 
 
 
 
 
 
 
 
 
 
 
 
 
 
 
 
 
 
 
 
 
 
 
 
 
 
 
 
 
 
 
 
 
 
 
 
 
 
 
 
 
 
 
 
 
 
 
 
 
 
 
 
 
 
 
 
 
 
 
 
 
 
 
 
 
 
 
 
 
 
 
 
 
 
 
 
 
 
 
 
 
 
 
 
 
 
 
 
 
 
 
 
 
 
 
 
 
 
 
 
 
 
 
 
 
 
 
 
 
 
 
 
 
 
 
 
 
 
 
 
 
 
 
 
 
 
 
 
 
 
 
 
 
 
 
 
 
 
 
 
 
 
 
 
 
 
 
 
 
 
 
 
 
 
 
 
 
 
 
 
 
 
 
 
 
 
 
 
 
 
 
 
 
 
 
 
 
 
 
 
 
 
 
 
 
 
 
 
 
 
 
 
 
 
 
 
 
 
 
 
 
 
 
 
 
 
 
 
 
 
 
 
 
 
 
 
 
 
 
 
 
 
 
 
 
 
 
 
 
 
 
 
 
 
 
 
 
 
 
 
 
 
 
 
 
 
 
 
 
 
 
 
 
 
 
 
 
 
 
 
 
 
 
 
 
 
 
 
 
 
 
 
 
 
 
 
 
 
 
 
 
 
 
 
 
 
 
 
 
 
 
 
 
 
 
 
 
 
 
 
 
 
 
 
 
 
 
 
 
 
 
 
 
 
 
 
 
 
 
 
 
 
 
 
 
 
 
 
 
 
 
 
 
 
 
 
 
 
 
 
 
 
 
 
 
 
 
 
 
 
 
 
 
 
 
 
 
 
 
 
 
 
 
 
 
 
 
 
 
 
 
 
 
 
 
 
 
 
 
 
 
 
 
 
 
 
 
 
 
 
 
 
 
 
 
 
 
 
 
 
 
 
 
 
 
 
 
 
 
 
 
 
 
 
 
 
 
 
 
 
 
 
 
 
 
 
 
 
 
 
 
 
 
 
 
 
 
 
 
 
 
 
 
 
 
 
 
 
 
 
 
 
 
 
 
 
 
 
 
 
 
 
 
 
 
 
 
 
 
 
 
 
 
 
 
 
 
 
 
 
 
 
 
 
 
 
 
 
 
 
 
 
 
 
 
 
 
 
 
 
 
 
 
 
 
 
 
 
 
 
 
 
 
 
 
 
 
 
 
 
 
 
 
 
 
 
 
 
 
 
 
 
 
 
 
 
 
 
 
 
 
 
 
 
 
 
 
 
 
 
 
 
 
 
 
 
 
 
 
 
 
 
 
 
 
 
 
 
 
 
 
 
 
 
 
 
 
 
 
 
 
 
 
 
 
 
 
 
 
 
 
 
 
 
 
 
 
 
 
 
 
 
 
 
 
 
 
 
 
 
 
 
 
 
 
 
 
 
 
 
 
 
 
 
 
 
 
 
 
 
 
 
 
 
 
 
 
 
 
 
 
 
 
 
 
 
 
 
 
 
 
 
 
 
 
 
 
 
 
 
 
 
 
 
 
 
 
 
 
 
 
 
 
 
 
 
 
 
 
 
 
 
 
 
 
 
 
 
 
 
 
 
 
 
 
 
 
 
 
 
 
 
 
 
 
 
 
 
 
 
 
 
 
 
 
 
 
 
 
 
 
 
 
 
 
 
 
 
 
 
 
 
 
 
 
 
 
 
 
 
 
 
 
 
 
 
 
 
 
 
 
 
 
 
 
 
 
 
 
 
 
 
 
 
 
 
 
 
 
 
 
 
 
 
 
 
 
 
 
 
 
 
 
 
 
 
 
 
 
 
 
 
 
 
 
 
 
 
 
 
 
 
 
 
 
 
 
 
 
 
 
 
 
 
 
 
 
 
 
 
 
 
 
 
 
 
 
 
 
 
 
 
 
 
 
 
 
 
 
 
 
 
 
 
 
 
 
 
 
 
 
 
 
 
 
 
 
 
 
 
 
 
 
 
 
 
 
 
 
 
 
 
 
 
 
 
 
 
 
 
 
 
 
 
 
 
 
 
 
 
 
 
 
 
 
 
 
 
 
 
 
 
 
 
 
 
 
 
 
 
 
 
 
 
 
 
 
 
 
 
 
 
 
 
 
 
 
 
 
 
 
 
 
 
 
 
 
 
 
 
 
 
 
 
 
 
 
 
 
 
 
 
 
 
 
 
 
 
 
 
 
 
 
 
 
 
 
 
 
 
 
 
 
 
 
 
 
 
 
 
 
 
 
 
 
 
 
 
 
 
 
 
 
 
 
 
 
 
 
 
 
 
 
 
 
 
 
 
 
 
 
 
 
 
 
 
 
 
 
 
 
 
 
 
 
 
 
 
 
 
 
 
 
 
 
 
 
 
 
 
 
 
 
 
 
 
 
 
 
 
 
 
 
 
 
 
 
 
 
 
 
 
 
 
 
 
 
 
 
 
 
 
 
 
 
 
 
 
 
 
 
 
 
 
 
 
 
 
 
 
 
 
 
 
 
 
 
 
 
 
 
 
 
 
 
 
 
 
 
 
 
 
 
 
 
 
 
 
 
 
 
 
 
 
 
 
 
 
 
 
 
 
 
 
 
 
 
 
 
 
 
 
 
 
 
 
 
 
 
 
 
 
 
 
 
 
 
 
 
 
 
 
 
 
 
 
 
 
 
 
 
 
 
 
 
 
 
 
 
 
 
 
 
 
 
 
 
 
 
 
 
 
 
 
 
 
 
 
 
 
 
 
 
 
 
 
 
 
 
 
 
 
 
 
 
 
 
 
 
 
 
 
 
 
 
 
 
 
 
 
 
 
 
 
 
 
 
 
 
 
 
 
 
 
 
 
 
 
 
 
 
 
 
 
 
 
 
 
 
 
 
 
 
 
 
 
 
 
 
 
 
 
 
 
 
 
 
 
 
 
 
 
 
 
 
 
 
 
 
 
 
 
 
 
 
 
 
 
 
 
 
 
 
 
 
 
 
 
 
 
 
 
 
 
 
 
 
 
 
 
 
 
 
 
 
 
 
 
 
 
 
 
 
 
 
 
 
 
 
 
 
 
 
 
 
 
 
 
 
 
 
 
 
 
 
 
 
 
 
 
 
 
 
 
 
 
 
 
 
 
 
 
 
 
 
 
 
 
 
 
 
 
 
 
 
 
 
 
 
 
 
 
 
 
 
 
 
 
 
 
 
 
 
 
 
 
 
 
 
 
 
 
 
 
 
 
 
 
 
 
 
 
 
 
 
 
 
 
 
 
 
 
 
 
 
 
 
 
 
 
 
 
 
 
 
 
 
 
 
 
 
 
 
 
 
 
 
 
 
 
 
 
 
 
 
 
 
 
 
 
 
 
 
 
 
 
 
 
 
 
 
 
 
 
 
 
 
 
 
 
 
 
 
 
 
 
 
 
 
 
 
 
 
 
 
 
 
 
 
 
 
 
 
 
 
 
 
 
 
 
 
 
 
 
 
 
 
 
 
 
 
 
 
 
 
 
 
 
 
 
 
 
 
 
 
 
 
 
 
 
 
 
 
 
 
 
 
 
 
 
 
 
 
 
 
 
 
 
 
 
 
 
 
 
 
 
 
 
 
 
 
 
 
 
 
 
 
 
 
 
 
 
 
 
 
 
 
 
 
 
 
 
 
 
 
 
 
 
 
 
 
 
 
 
 
 
 
 
 
 
 
 
 
 
 
 
 
 
 
 
 
 
 
 
 
 
 
 
 
 
 
 
 
 
 
 
 
 
 
 
 
 
 
 
 
 
 
 
 
 
 
 
 
 
 
 
 
 
 
 
 
 
 
 
 
 
 
 
 
 
 
 
 
 
 
 
 
 
 
 
 
 
 
 
 
 
 
 
 
 
 
 
 
 
 
 
 
 
 
 
 
 
 
 
 
 
 
 
 
 
 
 
 
 
 
 
 
 
 
 
 
 
 
 
 
 
 
 
 
 
 
 
 
 
 
 
 
 
 
 
 
 
 
 
 
 
 
 
 
 
 
 
 
 
 
 
 
 
 
 
 
 
 
 
 
 
 
 
 
 
 
 
 
 
 
 
 
 
 
 
 
 
 
 
 
 
 
 
 
 
 
 
 
 
 
 
 
 
 
 
 
 
 
 
 
 
 
 
 
 
 
 
 
 
 
 
 
 
 
 
 
 
 
 
 
 
 
 
 
 
 
 
 
 
 
 
 
 
 
 
 
 
 
 
 
 
 
 
 
 
 
 
 
 
 
 
 
 
 
 
 
 
 
 
 
 
 
 
 
 
 
 
 
 
 
 
 
 
 
 
 
 
 
 
 
 
 
 
 
 
 
 
 
 
 
 
 
 
 
 
 
 
 
 
 
 
 
 
 
 
 
 
 
 
 
 
 
 
 
 
 
 
 
 
 
 
 
 
 
 
 
 
 
 
 
 
 
 
 
 
 
 
 
 
 
 
 
 
 
 
 
 
 
 
 
 
 
 
 
 
 
 
 
 
 
 
 
 
 
 
 
 
 
 
 
 
 
 
 
 
 
 
 
 
 
 
 
 
 
 
 
 
 
 
 
 
 
 
 
 
 
 
 
 
 
 
 
 
 
 
 
 
 
 
 
 
 
 
 
 
 
 
 
 
 
 
 
 
 
 
 
 
 
 
 
 
 
 
 
 
 
 
 
 
 
 
 
 
 
 
 
 
 
 
 
 
 
 
 
 
 
 
 
 
 
 
 
 
 
 
 
 
 
 
 
 
 
 
 
 
 
 
 
 
 
 
 
 
 
 
 
 
 
 
 
 
 
 
 
 
 
 
 
 
 
 
 
 
 
 
 
 
 
 
 
 
 
 
 
 
 
 
 
 
 
 
 
 
 
 
 
 
 
 
 
 
 
 
 
 
 
 
 
 
 
 
 
 
 
 
 
 
 
 
 
 
 
 
 
 
 
 
 
 
 
 
 
 
 
 
 
 
 
 
 
 
 
 
 
 
 
 
 
 
 
 
 
 
 
 
 
 
 
 
 
 
 
 
 
 
 
 
 
 
 
 
 
 
 
 
 
 
 
 
 
 
 
 
 
 
 
 
 
 
 
 
 
 
 
 
 
 
 
 
 
 
 
 
 
 
 
 
 
 
 
 
 
 
 
 
 
 
 
 
 
 
 
 
 
 
 
 
 
 
 
 
 
 
 
 
 
 
 
 
 
 
 
 
 
 
 
 
 
 
 
 
 
 
 
 
 
 
 
 
 
 
 
 
 
 
 
 
 
 
 
 
 
 
 
 
 
 
 
 
 
 
 
 
 
 
 
 
 
 
 
 
 
 
 
 
 
 
 
 
 
 
 
 
 
 
 
 
 
 
 
 
 
 
 
 
 
 
 
 
 
 
 
 
 
 
 
 
 
 
 
 
 
 
 
 
 
 
 
 
 
 
 
 
 
 
 
 
 
 
 
 
 
 
 
 
 
 
 
 
 
 
 
 
 
 
 
 
 
 
 
 
 
 
 
 
 
 
 
 
 
 
 
 
 
 
 
 
 
 
 
 
 
 
 
 
 
 
 
 
 
 
 
 
 
 
 
 
 
 
 
 
 
 
 
 
 
 
 
 
 
 
 
 
 
 
 
 
 
 
 
 
 
 
 
 
 
 
 
 
 
 
 
 
 
 
 
 
 
 
 
 
 
 
 
 
 
 
 
 
 
 
 
 
 
 
 
 
 
 
 
 
 
 
 
 
 
 
 
 
 
 
 
 
 
 
 
 
 
 
 
 
 
 
 
 
 
 
 
 
 
 
 
 
 
 
 
 
 
 
 
 
 
 
 
 
 
 
 
 
 
 
 
 
 
 
 
 
 
 
 
 
 
 
 
 
 
 
 
 
 
 
 
 
 
 
 
 
 
 
 
 
 
 
 
 
 
 
 
 
 
 
 
 
 
 
 
 
 
 
 
 
 
 
 
 
 
 
 
 
 
 
 
 
 
 
 
 
 
 
 
 
 
 
 
 
 
 
 
 
 
 
 
 
 
 
 
 
 
 
 
 
 
 
 
 
 
 
 
 
 
 
 
 
 
 
 
 
 
 
 
 
 
 
 
 
 
 
 
 
 
 
 
 
 
 
 
 
 
 
 
 
 
 
 
 
 
 
 
 
 
 
 
 
 
 
 
 
 
 
 
 
 
 
 
 
 
 
 
 
 
 
 
 
 
