0.0 0.0
0.01 2.33460415e-07
0.02 2.34191295e-07
0.03 2.36483268e-07
0.04 2.39172688e-07
0.05 2.4076486e-07
0.06 2.35020949e-07
0.07 2.25316964e-07
0.08 2.1807738e-07
0.09 2.08364297e-07
0.1 2.05629294e-07
0.11 2.42011266e-07
0.12 3.24565075e-07
0.13 4.34928757e-07
0.14 2.87978551e-07
0.15 -4.63667558e-07
0.16 -1.74692947e-06
0.17 -3.061222862e-06
0.18 -4.110257655e-06
0.19 -5.603083963e-06
0.2 -8.266326464e-06
0.21 -1.0391522477e-05
0.22 -9.324033628e-06
0.23 -6.443154463e-06
0.24 -5.624518453e-06
0.25 -7.17175282e-06
0.26 -6.377170137e-06
0.27 1.548248753e-06
0.28 1.4272548648e-05
0.29 2.2434790309e-05
0.3 1.8763744566e-05
0.31 1.102676497e-06
0.32 -2.2055540369e-05
0.33 -3.0428954566e-05
0.34 -2.0592637624e-05
0.35 -1.1456946531e-05
0.36 -5.214808778e-06
0.37 7.123376153e-06
0.38 1.4839532047e-05
0.39 -5.23229862e-07
0.4 -3.1843197582e-05
0.41 -4.9509066107e-05
0.42 -3.923976258e-05
0.43 -2.0985790547e-05
0.44 -3.0080863884e-05
0.45 -8.5097955173e-05
0.46 -0.000154029522948
0.47 -0.000168549923071
0.48 -8.9286291389e-05
0.49 3.6431343918e-05
0.5 9.3422561429e-05
0.51 6.8693787241e-05
0.52 7.0526092655e-05
0.53 0.000124263356085
0.54 0.000144386889989
0.55 7.4809085538e-05
0.56 -9.264131636e-05
0.57 -0.000263019377459
0.58 -0.00027021198041
0.59 -0.000135606422128
0.6 -6.4375482619e-05
0.61 -0.000107916775003
0.62 -0.000146459841506
0.63 -8.6535318267e-05
0.64 1.1281472877e-05
0.65 1.4480890897e-05
0.66 -4.6097580123e-05
0.67 -3.3381805409e-05
0.68 6.4442643332e-05
0.69 0.000146393853272
0.7 9.5787170219e-05
0.71 -0.00010362465161
0.72 -0.000285114830261
0.73 -0.000249570400474
0.74 -3.7674733597e-05
0.75 9.871144442e-06
0.76 -0.000126426605227
0.77 -6.1629288962e-05
0.78 0.000109503261231
0.79 3.1417232545e-05
0.8 -0.000124461802525
0.81 -0.000116969570319
0.82 -0.000146584408154
0.83 -0.000325796305702
0.84 -0.000467240360092
0.85 -0.000507337295486
0.86 -0.000512943099171
0.87 -0.000448226126153
0.88 -0.000215522597238
0.89 3.1746043276e-05
0.9 0.000140202824954
0.91 0.000296304121295
0.92 0.000484357964699
0.93 0.000306593489828
0.94 -9.245874319e-05
0.95 -0.000171347909611
0.96 -5.6330868504e-05
0.97 -6.3073251664e-05
0.98 0.000108635414432
0.99 0.000298545073695
1.0 -5.4394013266e-05
1.01 -0.000562474195725
1.02 -0.000643116815326
1.03 -0.000483226053538
1.04 -0.000316273585155
1.05 -0.000198889866379
1.06 -9.9388205402e-05
1.07 8.4829736573e-05
1.08 0.000271445165257
1.09 0.000433434294392
1.1 0.000555209115534
1.11 0.000319004702653
1.12 -0.000219013927456
1.13 -0.000437765097998
1.14 -7.1573126322e-05
1.15 0.000299042526156
1.16 4.6303843477e-05
1.17 -0.000428292691632
1.18 -0.000339775860641
1.19 0.000166042304472
1.2 0.000337383789484
1.21 0.000252699859308
1.22 0.000414048166103
1.23 0.000518012994254
1.24 0.000240617874204
1.25 0.000142682465138
1.26 0.000234073427252
1.27 3.742782424e-05
1.28 -0.000180718170966
1.29 -0.00013662080557
1.3 -8.971038262e-05
1.31 -0.000381943373429
1.32 -0.001079423406772
1.33 -0.001398022704721
1.34 -0.001029550994756
1.35 -0.001152691771298
1.36 -0.001823814417041
1.37 -0.001677146755358
1.38 -0.000455056710447
1.39 0.000604841968142
1.4 0.000898782678144
1.41 0.000662609902369
1.42 0.000426561505896
1.43 0.000311676147989
1.44 0.000299201668531
1.45 0.000322789976397
1.46 7.5243892007e-05
1.47 -0.000617935986525
1.48 -0.000978519972994
1.49 -0.000801272046826
1.5 -0.000828542921757
1.51 -0.000888824034843
1.52 -0.00041937225277
1.53 0.000346424325036
1.54 0.000748631068139
1.55 0.000650638582009
1.56 0.000700731898023
1.57 0.001583294617122
1.58 0.002537689819971
1.59 0.00274016388693
1.6 0.002001045481196
1.61 0.000518436428201
1.62 -0.000828330075494
1.63 -0.000954065328536
1.64 -0.000165832924979
1.65 -0.000436701184183
1.66 -0.001914227895341
1.67 -0.00250981811514
1.68 -0.001430403815895
1.69 0.000200995041253
1.7 0.001232961202833
1.71 0.00103475350089
1.72 -1.0477102257e-05
1.73 -0.000717192129904
1.74 -0.001050830858237
1.75 -0.001711996077708
1.76 -0.002133465644907
1.77 -0.001886296014022
1.78 -0.00154052677394
1.79 -0.00134399482658
1.8 -0.000850081045772
1.81 -0.00027929613508
1.82 7.9122090241e-05
1.83 0.000583083012595
1.84 0.000828059023787
1.85 0.000249595427363
1.86 -0.000227171693797
1.87 6.0688229916e-05
1.88 0.000704031051839
1.89 0.001197567428562
1.9 0.001529888097663
1.91 0.00145588520213
1.92 0.001284094502575
1.93 0.001322489926548
1.94 0.001517243826425
1.95 0.001316765054728
1.96 0.000490865287579
1.97 -0.000334540239708
1.98 -0.000228472961741
1.99 0.000409354467985
2.0 -3.2264844871e-05
2.01 -0.00091063517203
2.02 -0.000561347876169
2.03 0.000526484722347
2.04 0.001287664430282
2.05 0.00132441842771
2.06 4.8013128445e-05
2.07 -0.001531042455409
2.08 -0.001350243955861
2.09 -0.000555751378638
2.1 -0.001577177481632
2.11 -0.0030467998694
2.12 -0.002484241238505
2.13 -0.000819217500917
2.14 -1.654826097e-06
2.15 0.000402173041343
2.16 0.000119725435188
2.17 -0.001008566103755
2.18 -0.001395861099033
2.19 -0.000424853634456
2.2 6.310850882e-05
2.21 -0.000203901692835
2.22 8.3558045684e-05
2.23 0.000866819740255
2.24 0.001269147501385
2.25 0.001285869303043
2.26 0.000994405472124
2.27 0.000715815137663
2.28 0.000406079625535
2.29 6.6331538509e-05
2.3 -0.000227542118242
2.31 7.7182746157e-05
2.32 0.001100313395046
2.33 0.001852815698827
2.34 0.002109498079149
2.35 0.002090336265463
2.36 0.001692076193217
2.37 0.00131595954578
2.38 0.00131613296732
2.39 0.000971559278016
2.4 -0.000363392406445
2.41 -0.002375202380464
2.42 -0.004013894233548
2.43 -0.004376127552035
2.44 -0.003722755856812
2.45 -0.002901098748281
2.46 -0.001859120882974
2.47 -0.000737183796399
2.48 4.8236896112e-05
2.49 0.000434180482016
2.5 0.001332203112165
2.51 0.002091589086773
2.52 0.00186661668079
2.53 0.001661916069122
2.54 0.00146859676233
2.55 0.000295010905601
2.56 -0.001198484815909
2.57 -0.001559815645776
2.58 -0.001017345907352
2.59 -0.00031254911157
2.6 0.000688066799714
2.61 0.002125696988394
2.62 0.003396628852762
2.63 0.003766770700371
2.64 0.003296949497441
2.65 0.001590671599939
2.66 -0.000302179980294
2.67 -0.001675745927247
2.68 -0.002907631536884
2.69 -0.004633791784138
2.7 -0.005631968320469
2.71 -0.005299513340145
2.72 -0.004286271998676
2.73 -0.003932174646635
2.74 -0.003165490216881
2.75 -0.001335170406417
2.76 0.000985443876815
2.77 0.003161136286794
2.78 0.005447450917134
2.79 0.006744892377433
2.8 0.005678440679462
2.81 0.004426836849511
2.82 0.004568977335391
2.83 0.004424318593953
2.84 0.002790110730884
2.85 -6.1527411259e-05
2.86 -0.00419568028687
2.87 -0.007616386887273
2.88 -0.008706049871059
2.89 -0.00682046656182
2.9 -0.00545076190736
2.91 -0.003456927302096
2.92 8.7614681966e-05
2.93 0.002969366467343
2.94 0.003461685288
2.95 0.002476402099998
2.96 -8.750081261e-05
2.97 -0.002973649148918
2.98 -0.005304651828161
2.99 -0.006527353762048
3.0 -0.006794504658655
3.01 -0.008564535237163
3.02 -0.010084424714728
3.03 -0.010227882686915
3.04 -0.007594653675139
3.05 -0.003912005007382
3.06 -0.001612795663023
3.07 -0.000403136925614
3.08 0.001011220668683
3.09 0.002806463881249
3.1 0.006211149084853
3.11 0.008750782112089
3.12 0.010106704423312
3.13 0.010180191528563
3.14 0.008738051806627
3.15 0.003400132627143
3.16 -0.004360542109125
3.17 -0.009191811371682
3.18 -0.009266251191176
3.19 -0.005256711422265
3.2 -0.000722748575759
3.21 0.002007431960545
3.22 0.001304545940685
3.23 -0.00185877764257
3.24 -0.003426936881825
3.25 -0.003338431736312
3.26 -0.004411055937427
3.27 -0.006617302903093
3.28 -0.007291270194612
3.29 -0.005610701357073
3.3 -0.004540007293485
3.31 -0.004027330751241
3.32 -0.005130807406683
3.33 -0.004453756236145
3.34 -0.001331456144082
3.35 0.004376733201262
3.36 0.009196471415768
3.37 0.010447406015021
3.38 0.007476735263466
3.39 0.00509230023763
3.4 0.005522317413924
3.41 0.006405454316297
3.42 0.004927093896798
3.43 0.001338158131918
3.44 -0.003187342753861
3.45 -0.006221943181391
3.46 -0.006183390173835
3.47 -0.004033749477102
3.48 -0.001796303766427
3.49 -0.000133735889857
3.5 0.002671276323849
3.51 0.003109958931596
3.52 -0.001036030407245
3.53 -0.007191134338473
3.54 -0.010833218355828
3.55 -0.012048815191091
3.56 -0.01021622409812
3.57 -0.009975884918817
3.58 -0.00931941191281
3.59 -0.006553947012021
3.6 0.000433321686496
3.61 0.009121297813522
3.62 0.016723008155324
3.63 0.020599648407989
3.64 0.018891069220348
3.65 0.016438647330318
3.66 0.015006786085867
3.67 0.014890022389712
3.68 0.012219612017599
3.69 0.00758164423232
3.7 0.003214573206754
3.71 -6.5929191646e-05
3.72 -0.004003970256222
3.73 -0.008520454460549
3.74 -0.010034707614796
3.75 -0.0111476161913
3.76 -0.008385914459235
3.77 -0.006698577997525
3.78 0.000265586745052
3.79 0.009816884532627
3.8 0.017769741975673
3.81 0.022392631734307
3.82 0.015421571184374
3.83 0.007872833189066
3.84 -0.005280333226581
3.85 -0.014777288677109
3.86 -0.018625582549229
3.87 -0.01958024240436
3.88 -0.017495808083782
3.89 -0.014452074175367
3.9 -0.009631585723491
3.91 -0.002604657773249
3.92 0.008436587590071
3.93 0.023233164185015
3.94 0.039461331290438
3.95 0.048957253857905
3.96 0.049723826770371
3.97 0.048690223716563
3.98 0.02937241132696
3.99 -0.0004878131565
4.0 -0.031711194026024
4.01 -0.038518855814924
4.02 -0.033554135057389
4.03 -0.038722345669537
4.04 -0.026222803594575
4.05 -0.015220186594555
4.06 -0.002790018806477
4.07 0.01021198711391
4.08 0.015790777419963
4.09 0.021370403174439
4.1 0.019576730146645
4.11 0.013840965419491
4.12 0.00454452814437
4.13 -0.005449542223043
4.14 -0.012694499161761
4.15 -0.021121541593283
4.16 -0.02726928748856
4.17 -0.029400843076139
4.18 -0.026138719115024
4.19 -0.016996706181947
4.2 0.003427737127284
4.21 0.031046758407329
4.22 0.049140980397934
4.23 0.063679339918904
4.24 0.061972267465605
4.25 0.054196672265291
4.26 0.03681465780137
4.27 0.011113011692858
4.28 -0.024347753940316
4.29 -0.045058952682415
4.3 -0.043858253594057
4.31 -0.055449674245127
4.32 -0.045681346026868
4.33 -0.03129448453407
4.34 -0.013787704711256
4.35 0.001247925042619
4.36 0.00991230605023
4.37 0.018338289415435
4.38 0.027951522359267
4.39 0.039389097567562
4.4 0.047305052327487
4.41 0.044060330446925
4.42 0.031301978080751
4.43 0.011497337789999
4.44 0.000695282624423
4.45 0.00018240813498
4.46 -0.001044374048933
4.47 -0.00338867909479
4.48 -0.009803238505628
4.49 -0.01959992732643
4.5 -0.02870187790714
4.51 -0.033563505046095
4.52 -0.036907708072269
4.53 -0.030855035649382
4.54 -0.013033301113994
4.55 0.010758029315154
4.56 0.039391762700901
4.57 0.060399732559623
4.58 0.079137989287478
4.59 0.082414600760538
4.6 0.078069842613661
4.61 0.068985769643904
4.62 0.065740660565163
4.63 0.060569805562391
4.64 0.029314698441994
4.65 -0.010489676907428
4.66 -0.054917582638613
4.67 -0.078950822571446
4.68 -0.098893370837379
4.69 -0.10749586214968
4.7 -0.120129234345604
4.71 -0.121206057032701
4.72 -0.107615258056769
4.73 -0.088193079589907
4.74 -0.053826765478687
4.75 -0.023350144606559
4.76 -0.004345216162196
4.77 0.004884199449454
4.78 0.017889589500936
4.79 0.052481505816275
4.8 0.098273603605586
4.81 0.11261784450978
4.82 0.1357889248624
4.83 0.153817698301122
4.84 0.161828931245098
4.85 0.162910695043117
4.86 0.152444392699463
4.87 0.135450650397124
4.88 0.115378372429471
4.89 0.116588799034818
4.9 0.109899151622022
4.91 0.101237344564948
4.92 0.096175195537733
4.93 0.091988086421748
4.94 0.094018976669123
4.95 0.100304764353361
4.96 0.109779237265845
4.97 0.105938566260873
4.98 0.065353378339581
4.99 -0.013170540638064
5.0 -0.067458282428263
5.01 -0.060534814883946
5.02 -0.060553870462471
5.03 -0.077861344241135
5.04 -0.087850546239344
5.05 -0.109455883502324
5.06 -0.126959084560648
5.07 -0.138840884515498
5.08 -0.127575138280309
5.09 -0.123158501576548
5.1 -0.092197458286327
5.11 -0.045779721760074
5.12 -0.008894927956058
5.13 0.003842024140164
5.14 -0.002053988449787
5.15 -0.017798635495868
5.16 -0.038693167095279
5.17 -0.065470059592109
5.18 -0.099840509436187
5.19 -0.149958504686446
5.2 -0.185642190749628
5.21 -0.198690995991308
5.22 -0.208075980206861
5.23 -0.201746007009718
5.24 -0.217309761874279
5.25 -0.167359569970094
5.26 -0.086857900334986
5.27 -0.061794230348392
5.28 -0.070568039232841
5.29 -0.025569671439403
5.3 0.01625706764303
5.31 0.020123709375851
5.32 0.030822914369587
5.33 0.05303939177805
5.34 0.06703364707739
5.35 0.084726334734523
5.36 0.099075011783054
5.37 0.107236021945945
5.38 0.107611055359622
5.39 0.098393482036627
5.4 0.10665096662446
5.41 0.110601364243837
5.42 0.117312293264366
5.43 0.129959392668118
5.44 0.141642226955011
5.45 0.14379456885771
5.46 0.136346986298582
5.47 0.110031523640604
5.48 0.057620807967674
5.49 0.003316101668305
5.5 -0.042415475289689
5.51 -0.089647518042314
5.52 -0.105944895613818
5.53 -0.093373596688897
5.54 -0.072006944105872
5.55 -0.066767904252642
5.56 -0.039643095656675
5.57 -0.019783548534302
5.58 -0.020794159358247
5.59 -0.03941655871362
5.6 -0.066072494160924
5.61 -0.10088588108295
5.62 -0.125276448097461
5.63 -0.138200240112794
5.64 -0.168131976005282
5.65 -0.183454572943002
5.66 -0.180317940916561
5.67 -0.180049980217097
5.68 -0.168030333357032
5.69 -0.155508107504017
5.7 -0.141679373649705
5.71 -0.12903216617171
5.72 -0.114902286559417
5.73 -0.082894163442572
5.74 -0.028848081022425
5.75 0.002638436764003
5.76 -0.020625552241667
5.77 -0.052396706258302
5.78 -0.082515073071665
5.79 -0.088870947095826
5.8 -0.088563493812927
5.81 -0.094697527894271
5.82 -0.084624623259515
5.83 -0.065707110821536
5.84 -0.015163857719792
5.85 0.009322282268794
5.86 -0.000103658848247
5.87 0.017263015880075
5.88 0.029696003519252
5.89 0.027684316580071
5.9 0.037036460368945
5.91 0.056222748760251
5.92 0.079687140327152
5.93 0.09119172344032
5.94 0.099500342768778
5.95 0.089224039952184
5.96 0.051041370748723
5.97 -0.060179681115937
5.98 -0.199951011062964
5.99 -0.209983953512478
6.0 -0.20276899010907
6.01 -0.22030847926137
6.02 -0.190504830287472
6.03 -0.170902309717506
6.04 -0.102894616581373
6.05 -0.002288608879061
6.06 0.127762164524808
6.07 0.161663655114719
6.08 0.198893160480015
6.09 0.237335882749969
6.1 0.245233486334791
6.11 0.270542007984851
6.12 0.28707338418014
6.13 0.305739754230313
6.14 0.308139681846497
6.15 0.319278486783494
6.16 0.318028344601218
6.17 0.290967704318925
6.18 0.263984689457633
6.19 0.233373590674806
6.2 0.20824596393246
6.21 0.19937572316231
6.22 0.195206767515674
6.23 0.193084558840294
6.24 0.165785906414152
6.25 0.086912948615876
6.26 -0.01861211070467
6.27 -0.076101266397017
6.28 -0.087411169232071
6.29 -0.089286881808994
6.3 -0.092126376819504
6.31 -0.11374564319742
6.32 -0.133174788634138
6.33 -0.151899412643166
6.34 -0.167989076524455
6.35 -0.158228714125906
6.36 -0.169946730051316
6.37 -0.161931010373338
6.38 -0.150033436831037
6.39 -0.115936931784795
6.4 -0.074156615940152
6.41 -0.034715522595441
6.42 -0.002303971729175
6.43 0.030100582722698
6.44 0.062383392490611
6.45 0.091480045945073
6.46 0.101522503296573
6.47 0.075685359245083
6.48 0.056398766852232
6.49 0.031312138563426
6.5 0.036424724599018
6.51 0.083819471374873
6.52 0.122756769440105
6.53 0.120011413918883
6.54 0.098688441263502
6.55 0.061387326926048
6.56 0.033562751602541
6.57 -0.026812936944399
6.58 -0.049970571983221
6.59 -0.057195614448153
6.6 -0.032855546170297
6.61 -0.006004294021827
6.62 0.025810312909132
6.63 0.044434778175498
6.64 0.066238122005163
6.65 0.067931416639577
6.66 0.075047067200299
6.67 0.089948338555483
6.68 0.117866572659081
6.69 0.118830565104312
6.7 0.09697414378075
6.71 0.053554779908261
6.72 -0.059982467529858
6.73 -0.097498964784185
6.74 -0.117797054324593
6.75 -0.148850426432463
6.76 -0.135931524886927
6.77 -0.141533882553749
6.78 -0.116155748209721
6.79 -0.074419876128425
6.8 0.002069466590124
6.81 0.094580777783677
6.82 0.121747180835076
6.83 0.120841042374968
6.84 0.161148095497708
6.85 0.182430003202307
6.86 0.2168177781156
6.87 0.226712632050084
6.88 0.229668946029101
6.89 0.20644323866806
6.9 0.182737001707915
6.91 0.179020497929027
6.92 0.179419972388997
6.93 0.108571162075368
6.94 0.056220297306582
6.95 0.046337435268105
6.96 0.078660209971214
6.97 0.090986330585232
6.98 0.101298702055324
6.99 0.114158995089916
7.0 0.137532450974329
7.01 0.1759158536053
7.02 0.191651740809904
7.03 0.197154455615915
7.04 0.190785144018462
7.05 0.176898690975877
7.06 0.130077397638108
7.07 0.112980421067422
7.08 0.093723595350399
7.09 0.051106252055919
7.1 0.007112350843944
7.11 -0.013484447852088
7.12 -0.042410883039277
7.13 -0.090957140842042
7.14 -0.160022809389974
7.15 -0.236063811717969
7.16 -0.307510824492036
7.17 -0.372126465272733
7.18 -0.427044659331472
7.19 -0.475676851206791
7.2 -0.486777413454439
7.21 -0.534200038072603
7.22 -0.567752207345731
7.23 -0.611511832785113
7.24 -0.658470100615047
7.25 -0.665178733073376
7.26 -0.655360918820069
7.27 -0.624538111582614
7.28 -0.604541642273658
7.29 -0.570143247941666
7.3 -0.542984783266701
7.31 -0.459753826067546
7.32 -0.300626711714123
7.33 -0.060132829506377
7.34 0.109856765168812
7.35 0.083397855234203
7.36 0.069164993267055
7.37 0.14907484989348
7.38 0.13747560277218
7.39 0.139793957245316
7.4 0.178807686629339
7.41 0.172974210769743
7.42 0.187751154846907
7.43 0.21944901583991
7.44 0.250363771549559
7.45 0.285747286144707
7.46 0.331582496126721
7.47 0.37664855126604
7.48 0.38955742695308
7.49 0.443196208803836
7.5 0.463139204989928
7.51 0.477807844087533
7.52 0.484660537463902
7.53 0.482661984596138
7.54 0.481237051802374
7.55 0.47443745129883
7.56 0.483067576544788
7.57 0.492318977406057
7.58 0.502332513193722
7.59 0.509880967153962
7.6 0.509748726822992
7.61 0.498875088102435
7.62 0.451246325117634
7.63 0.251252633686515
7.64 -0.067430067918472
7.65 -0.150525572319043
7.66 -0.107365570916843
7.67 -0.166414554889636
7.68 -0.24291251506526
7.69 -0.25219578436927
7.7 -0.296865470096072
7.71 -0.346679447374823
7.72 -0.371863040283094
7.73 -0.406890307570159
7.74 -0.437690803711543
7.75 -0.469067050734995
7.76 -0.472649261124445
7.77 -0.50758621268714
7.78 -0.526588485157254
7.79 -0.527435453898822
7.8 -0.523249298000953
7.81 -0.4949683201743
7.82 -0.450749823857068
7.83 -0.395747400005269
7.84 -0.312371893419549
7.85 -0.253495569405151
7.86 -0.221648531806663
7.87 -0.213473122838813
7.88 -0.218237177968023
7.89 -0.23126016712941
7.9 -0.242539486624015
7.91 -0.223071658011886
7.92 -0.163139361103714
7.93 -0.065407040605845
7.94 0.054816226550064
7.95 0.110416829627071
7.96 0.111049583199892
7.97 0.115311935907016
7.98 0.130745721943562
7.99 0.120923201001859
8.0 0.114723760006481
8.01 0.092535008464579
8.02 0.055565123761328
8.03 0.015211470398946
8.04 -0.01142748151488
8.05 -0.038146245194334
8.06 -0.066264669755793
8.07 -0.095032699851278
8.08 -0.121052437588608
8.09 -0.136614352752753
8.1 -0.144551258321404
8.11 -0.145002552146912
8.12 -0.162624492695426
8.13 -0.158216481822345
8.14 -0.101718652449156
8.15 0.023327859866182
8.16 0.136109867443821
8.17 0.165409740475357
8.18 0.189155091451635
8.19 0.226285863781964
8.2 0.213033136661588
8.21 0.216516376235568
8.22 0.204343415321382
8.23 0.17633972857069
8.24 0.210260900645469
8.25 0.290924560470316
8.26 0.362989963168991
8.27 0.426029567421074
8.28 0.410841012362555
8.29 0.458445118117785
8.3 0.451151025216038
8.31 0.434404577668827
8.32 0.418181850083942
8.33 0.403882093998252
8.34 0.391588783787537
8.35 0.415582654577344
8.36 0.425445558019594
8.37 0.424197055903243
8.38 0.445961908555962
8.39 0.457083741828886
8.4 0.474240512256044
8.41 0.470356993699004
8.42 0.46938077386413
8.43 0.444854980899664
8.44 0.365987253859293
8.45 0.042122440195693
8.46 -0.17133616954704
8.47 -0.094519224784054
8.48 -0.149415498242997
8.49 -0.216465536121764
8.5 -0.25710946030096
8.51 -0.281790141398208
8.52 -0.337599926682358
8.53 -0.378553247628596
8.54 -0.418904098752976
8.55 -0.457872496935596
8.56 -0.498890983418165
8.57 -0.510997030656087
8.58 -0.558345851745986
8.59 -0.571064790736192
8.6 -0.577577463015159
8.61 -0.567960775048236
8.62 -0.549595804112959
8.63 -0.539539732777647
8.64 -0.533038597339197
8.65 -0.548777089370147
8.66 -0.559050556262672
8.67 -0.573333164313168
8.68 -0.588350720132583
8.69 -0.583383524156411
8.7 -0.566934302534702
8.71 -0.501226586389633
8.72 -0.414782643862188
8.73 -0.381030871288351
8.74 -0.251828599373805
8.75 -0.08951325620027
8.76 0.026248393467242
8.77 0.07279000881505
8.78 0.099204486656145
8.79 0.132557219806623
8.8 0.197992689898662
8.81 0.24490807261857
8.82 0.302319998900754
8.83 0.361062730034302
8.84 0.414914072985032
8.85 0.465273785762502
8.86 0.505295597180499
8.87 0.543890186087608
8.88 0.574690706844322
8.89 0.575558669622741
8.9 0.601700459311047
8.91 0.599649515006142
8.92 0.59523340201748
8.93 0.568825486541945
8.94 0.533442824910137
8.95 0.476871602478952
8.96 0.423205460620199
8.97 0.377442598074105
8.98 0.332592975472551
8.99 0.311240269703189
9.0 0.303849355690615
9.01 0.298921649041485
9.02 0.316739073716125
9.03 0.333014591821716
9.04 0.313832678273491
9.05 0.27204070970871
9.06 0.184424701100359
9.07 0.081456413703738
9.08 -0.006891738655877
9.09 -0.036581522446086
9.1 -0.035150788984895
9.11 -0.072185157388219
9.12 -0.102340590427701
9.13 -0.139495849513212
9.14 -0.164470798036262
9.15 -0.189771860110587
9.16 -0.206623491505397
9.17 -0.208871651322838
9.18 -0.213620914989537
9.19 -0.223689302408399
9.2 -0.243714500917851
9.21 -0.262896231808049
9.22 -0.286266297787103
9.23 -0.309999700796797
9.24 -0.323706854533992
9.25 -0.363310010560782
9.26 -0.39787686334605
9.27 -0.433461194875508
9.28 -0.453215258391959
9.29 -0.474970971903963
9.3 -0.487265569939122
9.31 -0.497739685995313
9.32 -0.502240783499944
9.33 -0.500720635014417
9.34 -0.4894030423304
9.35 -0.451861481297341
9.36 -0.30930626802081
9.37 -0.036066987064755
9.38 0.078850575743122
9.39 -0.043988701406619
9.4 0.007145588887866
9.41 -0.010872602035821
9.42 -0.074523969500998
9.43 -0.100533577175628
9.44 -0.209505329027724
9.45 -0.243075320121952
9.46 -0.249644591033548
9.47 -0.231841125040611
9.48 -0.214596868486605
9.49 -0.150901325580241
9.5 -0.102327738811914
9.51 -0.05641858975419
9.52 -0.008676972108737
9.53 0.060779452654641
9.54 0.087703015493199
9.55 0.082067326792818
9.56 0.084043716683255
9.57 0.199300716528645
9.58 0.318026985815162
9.59 0.310806433103938
9.6 0.396954728105803
9.61 0.421202311934797
9.62 0.457645945181848
9.63 0.502101821655833
9.64 0.513661922934531
9.65 0.568464652273218
9.66 0.584261874752696
9.67 0.591645544358848
9.68 0.587196257028647
9.69 0.570577406625017
9.7 0.558101186026479
9.71 0.537739365256995
9.72 0.52939762177541
9.73 0.51077379377048
9.74 0.467963972729653
9.75 0.431952955315968
9.76 0.375071631712896
9.77 0.311293491971082
9.78 0.180624695453807
9.79 0.014533279184064
9.8 -0.079504215712081
9.81 -0.091524816220593
9.82 -0.100161677836822
9.83 -0.127136953298767
9.84 -0.156209387502248
9.85 -0.17093730627649
9.86 -0.189790995368229
9.87 -0.222880521386967
9.88 -0.254382760744786
9.89 -0.289751474327081
9.9 -0.326303013152534
9.91 -0.356970489078284
9.92 -0.3735201069601
9.93 -0.381859778945135
9.94 -0.365859865541476
9.95 -0.357786893047224
9.96 -0.345089402884963
9.97 -0.337355918507818
9.98 -0.331368421349392
9.99 -0.339372572697651
10.0 -0.35536378729726
10.01 -0.37023246397561
10.02 -0.399639074485379
10.03 -0.41471196525434
10.04 -0.436931213740003
10.05 -0.445348676559242
10.06 -0.445588238358685
10.07 -0.356007143553162
10.08 0.036130913039624
10.09 0.213403812684748
10.1 0.058404975358572
10.11 0.174049429791979
10.12 0.172728311727205
10.13 0.179366319567836
10.14 0.193772908101358
10.15 0.208913351652867
10.16 0.207905035697211
10.17 0.209995446492129
10.18 0.219454666915248
10.19 0.220355930387377
10.2 0.231753706919084
10.21 0.238692672821616
10.22 0.241024105319783
10.23 0.265137433314633
10.24 0.279570315002889
10.25 0.304858433020581
10.26 0.337161705770479
10.27 0.377027818786109
10.28 0.411383215451044
10.29 0.448101398861844
10.3 0.476863582568523
10.31 0.50803890297287
10.32 0.518165073965892
10.33 0.542439621847888
10.34 0.546708903044002
10.35 0.522875043783443
10.36 0.333136417214275
10.37 -0.190763417109388
10.38 -0.282089540563025
10.39 -0.134505528962822
10.4 -0.340420405918256
10.41 -0.308868466303686
10.42 -0.313717861312127
10.43 -0.368359986467122
10.44 -0.372960549262618
10.45 -0.37523411812429
10.46 -0.367110396560632
10.47 -0.350311158169555
10.48 -0.284343552292175
10.49 -0.252853353088486
10.5 -0.189621826787248
10.51 -0.126457544024833
10.52 -0.051592941951337
10.53 0.00385262771989
10.54 0.037027415539668
10.55 0.019554551323891
10.56 -0.017418753230611
10.57 -0.040940919000769
10.58 -0.092006566102955
10.59 -0.112427982076745
10.6 -0.16586842963225
10.61 -0.217212451157011
10.62 -0.264902438397792
10.63 -0.301350074569283
10.64 -0.328443052547711
10.65 -0.3191213688765
10.66 -0.227769266721408
10.67 -0.046395821209963
10.68 -0.062101930211785
10.69 -0.068247325104128
10.7 0.009065614438526
10.71 -0.020631630700081
10.72 0.0277738290552
10.73 0.02939264662889
10.74 0.066040567729341
10.75 0.068487960618048
10.76 0.065447476712845
10.77 0.085504821650529
10.78 0.104694837114484
10.79 0.085260843131916
10.8 0.078477524528061
10.81 0.074948409973106
10.82 0.047835016940926
10.83 0.026637888791311
10.84 -0.029153533591457
10.85 -0.066665578189543
10.86 -0.110770117074992
10.87 -0.125419458179149
10.88 -0.144893851030115
10.89 -0.163310685926859
10.9 -0.180382764223971
10.91 -0.20804274866566
10.92 -0.230383886581092
10.93 -0.249607384985932
10.94 -0.239876889399542
10.95 -0.192973160376188
10.96 -0.128090213524574
10.97 -0.049862650006452
10.98 0.049150938949234
10.99 0.108207782803412
11.0 0.111182987637682
11.01 0.129125842362155
11.02 0.135941753259688
11.03 0.129326929877869
11.04 0.127484869077633
11.05 0.115399823557057
11.06 0.112519693452352
11.07 0.112055080375985
11.08 0.128655629441392
11.09 0.134821307879645
11.1 0.12793520866725
11.11 0.132812871003761
11.12 0.153617584041389
11.13 0.19733839953831
11.14 0.252844093152608
11.15 0.2905609011686
11.16 0.294971403355458
11.17 0.307693670913502
11.18 0.348754125796834
11.19 0.381121139328127
11.2 0.397229633779428
11.21 0.41391145012809
11.22 0.432019042504002
11.23 0.434300991200921
11.24 0.422237009301084
11.25 0.414330763671167
11.26 0.387111123869214
11.27 0.32555379637658
11.28 0.227905714656088
11.29 0.08551911384995
11.3 0.03029983310567
11.31 0.051106179421384
11.32 0.009112170642338
11.33 -0.010613334142597
11.34 -0.041578094113786
11.35 -0.08433666074942
11.36 -0.105912511263085
11.37 -0.151603834545331
11.38 -0.172098397551726
11.39 -0.212101837456152
11.4 -0.241348899447115
11.41 -0.274107762405485
11.42 -0.309797856864469
11.43 -0.3408853423706
11.44 -0.371571372034868
11.45 -0.400417388907126
11.46 -0.407031512420391
11.47 -0.444344783130538
11.48 -0.464143549215582
11.49 -0.467840673549399
11.5 -0.466979395193854
11.51 -0.456192052810604
11.52 -0.439914019295072
11.53 -0.374077018808254
11.54 -0.324164825453058
11.55 -0.302850249749906
11.56 -0.289602377154629
11.57 -0.237785130817391
11.58 -0.098774245516765
11.59 0.048882816204133
11.6 0.07647218012937
11.61 0.053767425780693
11.62 0.095943105440106
11.63 0.124837184011367
11.64 0.144400401095046
11.65 0.16969759662005
11.66 0.188484453969847
11.67 0.207761613702288
11.68 0.219079213907271
11.69 0.230680886116133
11.7 0.234989703266705
11.71 0.237728778534934
11.72 0.218766747975833
11.73 0.229519280332524
11.74 0.224236240516874
11.75 0.224422682743635
11.76 0.231160939942598
11.77 0.244085693937918
11.78 0.260740527387815
11.79 0.272166049982453
11.8 0.285321538166428
11.81 0.294050468654602
11.82 0.304485285690003
11.83 0.32262299342121
11.84 0.344710449967007
11.85 0.36824324240808
11.86 0.387716363381649
11.87 0.40206854213592
11.88 0.401462161453514
11.89 0.391267482466835
11.9 0.353842265850592
11.91 0.231481555987277
11.92 0.056974401366958
11.93 0.042315836526149
11.94 0.057392099096952
11.95 0.017822128684578
11.96 0.034522930257346
11.97 0.006333624068685
11.98 0.014346471926948
11.99 -0.00950554369658
12.0 -0.014225687426219
12.01 -0.034005508457275
12.02 -0.047222555801063
12.03 -0.065596748714338
12.04 -0.085712317862361
12.05 -0.109870288055635
12.06 -0.135256386148419
12.07 -0.160132588440225
12.08 -0.182482356516331
12.09 -0.203416844095977
12.1 -0.224875409464478
12.11 -0.245639337307702
12.12 -0.272191871844477
12.13 -0.301262145538572
12.14 -0.331928902406236
12.15 -0.343496259128473
12.16 -0.387410532879948
12.17 -0.406562019459475
12.18 -0.42005567260007
12.19 -0.428835993602277
12.2 -0.42263491941577
12.21 -0.415615262935265
12.22 -0.390183992519527
12.23 -0.328874077977174
12.24 -0.268279298696919
12.25 -0.199287570420799
12.26 -0.169003920222594
12.27 -0.120293282096042
12.28 -0.036234048798439
12.29 0.0128144584746
12.3 0.001841468363669
12.31 0.004534782825059
12.32 0.019811017951568
12.33 0.022982349751535
12.34 0.02877960048592
12.35 0.040668348208997
12.36 0.04675951326457
12.37 0.055695339869071
12.38 0.06047545425521
12.39 0.060956629916166
12.4 0.059865303883919
12.41 0.05842782030272
12.42 0.064172857374709
12.43 0.073952597020413
12.44 0.09047456094057
12.45 0.109392297785243
12.46 0.126334447020935
12.47 0.131665705529466
12.48 0.139206478854506
12.49 0.14574045044474
12.5 0.146219648784169
12.51 0.138161887214452
12.52 0.124740699738261
12.53 0.096376212108376
12.54 0.044612868001681
12.55 -0.033094167010537
12.56 -0.073335803891678
12.57 -0.055989481175534
12.58 -0.053239508175635
12.59 -0.024453105260237
12.6 -0.011367821601819
12.61 0.030177425359098
12.62 0.073390023730108
12.63 0.094761337076357
12.64 0.114656690936836
12.65 0.124611105919604
12.66 0.109673860424251
12.67 0.116497316693355
12.68 0.148209329252461
12.69 0.160463005088369
12.7 0.134764617710841
12.71 0.072147364044732
12.72 -0.018049871560384
12.73 -0.049117468352917
12.74 -0.063251530193811
12.75 -0.063143010279651
12.76 -0.06790328955348
12.77 -0.063289621291384
12.78 -0.056347266822957
12.79 -0.058173747157363
12.8 -0.063815657140153
12.81 -0.081958098965202
12.82 -0.094652426646729
12.83 -0.127081201322123
12.84 -0.152909776241797
12.85 -0.169365574695158
12.86 -0.183105585777224
12.87 -0.184382070392762
12.88 -0.182641803813146
12.89 -0.172492747894634
12.9 -0.156034996156247
12.91 -0.136187186047198
12.92 -0.114938675640329
12.93 -0.087951105712053
12.94 -0.045415569781067
12.95 -0.003670893870598
12.96 0.01331131623832
12.97 0.039648909839448
12.98 0.0593931142697
12.99 0.051605785354274
13.0 0.041270030038409
13.01 0.039930120015067
13.02 0.056336222197345
13.03 0.063487203210543
13.04 0.080091711058407
13.05 0.086862493936914
13.06 0.091866998221434
13.07 0.093807351318777
13.08 0.092023937500277
13.09 0.094457717778951
13.1 0.100717994127471
13.11 0.097309665978603
13.12 0.07540064844767
13.13 0.040380087756766
13.14 0.028409877069745
13.15 0.045837313740562
13.16 0.052377421038366
13.17 0.05168487509145
13.18 0.054774531751144
13.19 0.024521145784997
13.2 -0.009195684519305
13.21 -0.019772327932596
13.22 -0.035311728431756
13.23 -0.043554449991915
13.24 -0.057066040939443
13.25 -0.074312000875303
13.26 -0.090992189271802
13.27 -0.105474002695636
13.28 -0.118891126986829
13.29 -0.132167274695293
13.3 -0.14689026408246
13.31 -0.154153576703014
13.32 -0.16001301034036
13.33 -0.161072727203463
13.34 -0.155651736056564
13.35 -0.145295258079822
13.36 -0.129131255264908
13.37 -0.106136058290625
13.38 -0.076178087232209
13.39 -0.043619612272691
13.4 -0.019946765763605
13.41 -0.009134910278241
13.42 -0.01009375843284
13.43 -0.005575749354703
13.44 0.012006421763338
13.45 0.043423705452489
13.46 0.073258188751078
13.47 0.088660358265915
13.48 0.103871151693153
13.49 0.119786582620406
13.5 0.12702121905427
13.51 0.12941080624037
13.52 0.127163129461376
13.53 0.114652160005185
13.54 0.115756971755695
13.55 0.109554537475291
13.56 0.102232968864574
13.57 0.085552462329313
13.58 0.060931282613132
13.59 0.036913050339566
13.6 0.012456340537843
13.61 -0.014270109672902
13.62 -0.048806421640987
13.63 -0.076299936820148
13.64 -0.100476666109963
13.65 -0.107292086835955
13.66 -0.117240311504231
13.67 -0.119609020245313
13.68 -0.126181728156157
13.69 -0.132645462683661
13.7 -0.14055687294659
13.71 -0.146367504366479
13.72 -0.148314105475295
13.73 -0.147831021215063
13.74 -0.147159128628773
13.75 -0.145417861367343
13.76 -0.138906622153312
13.77 -0.121336147946865
13.78 -0.086631524332528
13.79 -0.052908368367168
13.8 -0.020946943022089
13.81 -0.000153153865788
13.82 0.019005928448407
13.83 0.047030840879615
13.84 0.068231328068619
13.85 0.08299756430107
13.86 0.090567491180301
13.87 0.097163512362521
13.88 0.099560415653847
13.89 0.100904404463869
13.9 0.101825832694041
13.91 0.105456338486061
13.92 0.110684887345067
13.93 0.115281953423696
13.94 0.110744988704805
13.95 0.117028101962853
13.96 0.125350069815991
13.97 0.135741302964361
13.98 0.14083272898482
13.99 0.138431124356692
14.0 0.125596218570789
14.01 0.116633503360777
14.02 0.126552546593205
14.03 0.124281158452999
14.04 0.102751970538265
14.05 0.051731290576504
14.06 0.007287147147117
14.07 0.015723076016259
14.08 -0.024633865411798
14.09 -0.032576330109184
14.1 -0.047125693369943
14.11 -0.050350585698292
14.12 -0.046464622491647
14.13 -0.031951893083123
14.14 -0.033776502900877
14.15 -0.026750201278476
14.16 -0.029124369751681
14.17 -0.028566599102138
14.18 -0.029765237528859
14.19 -0.024546989045263
14.2 -0.017007184571379
14.21 -0.010108394627559
14.22 -0.003321716304056
14.23 0.006151777693695
14.24 0.01571529988179
14.25 0.022772952455404
14.26 0.030945576088642
14.27 0.037840289859999
14.28 0.048732728318794
14.29 0.058340131984102
14.3 0.078759983824243
14.31 0.085098608667326
14.32 0.075487012548278
14.33 0.052445742459894
14.34 0.019452321392668
14.35 -0.025233810764066
14.36 -0.062292026468168
14.37 -0.072579452258113
14.38 -0.068051252170313
14.39 -0.080238803028249
14.4 -0.078070620688952
14.41 -0.075900186203873
14.42 -0.067374199171989
14.43 -0.05468823591982
14.44 -0.043363287329316
14.45 -0.038849415364996
14.46 -0.031658568144761
14.47 -0.031107397402903
14.48 -0.037980829496631
14.49 -0.057022678434155
14.5 -0.085274633595063
14.51 -0.104471869310812
14.52 -0.114919317544715
14.53 -0.127329540231613
14.54 -0.156374001943792
14.55 -0.164934073916776
14.56 -0.16232071657
14.57 -0.16673142664382
14.58 -0.158178709292491
14.59 -0.1573100551752
14.6 -0.15073979834557
14.61 -0.140756778923857
14.62 -0.120744687397049
14.63 -0.109748950119261
14.64 -0.096948855495829
14.65 -0.097198891977408
14.66 -0.101199318929343
14.67 -0.103173693482336
14.68 -0.094113128225635
14.69 -0.077886037635986
14.7 -0.070262774972614
14.71 -0.064432188048431
14.72 -0.049795867529272
14.73 -0.037028263537935
14.74 -0.012721437635641
14.75 0.013164141347439
14.76 0.040916663707132
14.77 0.063253839809153
14.78 0.07859559114847
14.79 0.083221434848185
14.8 0.088412958913168
14.81 0.09798541488123
14.82 0.109511130597745
14.83 0.118691101995047
14.84 0.128559898975917
14.85 0.138918483247588
14.86 0.147697399258386
14.87 0.154368755645729
14.88 0.145408124768444
14.89 0.157195592696315
14.9 0.157886559163379
14.91 0.153193308007189
14.92 0.14319542139247
14.93 0.134546224884262
14.94 0.13025107555908
14.95 0.116072809394699
14.96 0.098001554920872
14.97 0.058856422112699
14.98 0.028878975668537
14.99 0.028364401874145
15.0 0.030238161354043
15.01 0.024204844704997
15.02 0.017526534892737
15.03 0.000344545873436
15.04 -0.002387335040283
15.05 -0.000621328476923
15.06 -0.007626089265793
15.07 -0.015932930152972
15.08 -0.019670897743624
15.09 -0.029785086077982
15.1 -0.030611244071756
15.11 -0.028542421201529
15.12 -0.026856134440498
15.13 -0.023441202073794
15.14 -0.019946478273695
15.15 -0.019778377976076
15.16 -0.02325493995979
15.17 -0.028042440437584
15.18 -0.036614236701053
15.19 -0.051794915522363
15.2 -0.065627859075622
15.21 -0.074941851293871
15.22 -0.077033525900628
15.23 -0.074399648981472
15.24 -0.066752487740117
15.25 -0.054150749096623
15.26 -0.034466383361736
15.27 0.011185055816855
15.28 0.061923964079469
15.29 0.058289652501766
15.3 0.059764809493324
15.31 0.064441297677591
15.32 0.057154605397662
15.33 0.055094869114373
15.34 0.040110860172088
15.35 0.037121946872609
15.36 0.025203115612875
15.37 0.013979486859424
15.38 0.005949751160088
15.39 0.004357059274563
15.4 0.00764155898916
15.41 0.006903987655918
15.42 0.008247255231991
15.43 0.021788342453756
15.44 0.040358877758768
15.45 0.049115606686916
15.46 0.052082895478439
15.47 0.048830038107047
15.48 0.033828929465264
15.49 0.005156446263572
15.5 -0.02238977904054
15.51 -0.046997116383558
15.52 -0.056120861033455
15.53 -0.045845322316198
15.54 -0.035418786229323
15.55 -0.019288181535396
15.56 0.011001202536812
15.57 0.052770807809519
15.58 0.084601102096617
15.59 0.11327986217579
15.6 0.143256777093874
15.61 0.148669915306413
15.62 0.143426184023907
15.63 0.155300555351737
15.64 0.193021279635825
15.65 0.197339915662112
15.66 0.199407899313415
15.67 0.207502987792448
15.68 0.198727405729998
15.69 0.194823464328162
15.7 0.181356427309298
15.71 0.150828556813811
15.72 0.135212054482365
15.73 0.087618364537134
15.74 0.026828852178087
15.75 -0.06127997837142
15.76 -0.095867639615952
15.77 -0.080051844103836
15.78 -0.118422184134681
15.79 -0.124178244643916
15.8 -0.137056789726389
15.81 -0.146731737381925
15.82 -0.148939472187903
15.83 -0.159079265517163
15.84 -0.150074537835238
15.85 -0.139561313057647
15.86 -0.122055533218758
15.87 -0.111634245225877
15.88 -0.098464333808672
15.89 -0.090732892192559
15.9 -0.088362387522976
15.91 -0.090281709502436
15.92 -0.097864964404626
15.93 -0.109640072707535
15.94 -0.127244495959452
15.95 -0.142763108379025
15.96 -0.153760322819743
15.97 -0.156530588110612
15.98 -0.145780500491487
15.99 -0.151796238826058
16.0 -0.153391519155323
16.01 -0.045347932615979
16.02 0.081354951274128
16.03 0.062188652946651
16.04 0.086053515900081
16.05 0.115609312440826
16.06 0.11980242754662
16.07 0.145819753629141
16.08 0.12617308079221
16.09 0.147058024590021
16.1 0.136025050151359
16.11 0.127380894967423
16.12 0.094088106461327
16.13 0.060475523934791
16.14 0.029014584242935
16.15 0.00058073969516
16.16 -0.024625364477053
16.17 -0.047550227357211
16.18 -0.053281937957853
16.19 -0.039443349574213
16.2 -0.013997786366865
16.21 0.025234636003308
16.22 0.048045472212262
16.23 0.060968212162801
16.24 0.063252235034085
16.25 0.058314058743002
16.26 0.039843269876579
16.27 0.008131111329999
16.28 -0.01312891041543
16.29 0.002872762298132
16.3 0.018770810830836
16.31 0.023899934208971
16.32 0.052779612848462
16.33 0.064459817337031
16.34 0.084634009207951
16.35 0.102491154013369
16.36 0.117281595390272
16.37 0.125050629031773
16.38 0.109617351546254
16.39 0.107634239379392
16.4 0.118084376404106
16.41 0.107484547187053
16.42 0.092997507509934
16.43 0.092648890951736
16.44 0.08738855727167
16.45 0.103730506432484
16.46 0.084766985391995
16.47 0.071032610232667
16.48 0.016449911891395
16.49 -0.05274009533744
16.5 -0.051567508471581
16.51 -0.043413312188609
16.52 -0.052944164655782
16.53 -0.050586012181688
16.54 -0.070942887888024
16.55 -0.072673409624485
16.56 -0.083554521883652
16.57 -0.080461316210559
16.58 -0.086057440127554
16.59 -0.075890751476259
16.6 -0.075187769406958
16.61 -0.065178536320313
16.62 -0.063596408075946
16.63 -0.055935996608891
16.64 -0.051199721848185
16.65 -0.060945706398631
16.66 -0.073035975658125
16.67 -0.083526591027144
16.68 -0.087154811437619
16.69 -0.090261618054335
16.7 -0.100706916464174
16.71 -0.118326645451069
16.72 -0.128526942323253
16.73 -0.135559379995268
16.74 -0.134394439512257
16.75 -0.127462903934306
16.76 -0.106710561730462
16.77 -0.073290051717083
16.78 -0.014923139229301
16.79 0.022820385106587
16.8 0.032446406312278
16.81 0.057316056585317
16.82 0.06509694420413
16.83 0.078279546535078
16.84 0.081832061616379
16.85 0.080285709614528
16.86 0.084852258310698
16.87 0.084298848810168
16.88 0.07313961259644
16.89 0.062049741844377
16.9 0.045914592992573
16.91 0.0318726546619
16.92 0.012345182113973
16.93 -0.010599014237011
16.94 -0.034243152199488
16.95 -0.048882556835172
16.96 -0.052466593917107
16.97 -0.047147109429682
16.98 -0.027308326863898
16.99 -0.00253970156615
17.0 0.016979304756706
17.01 0.038096795415459
17.02 0.041631932663334
17.03 0.031913207342227
17.04 0.017068319298517
17.05 0.01479941199031
17.06 0.001673341475919
17.07 -0.020015093083189
17.08 -0.028556925583913
17.09 -0.032198425810693
17.1 -0.030593443607478
17.11 -2.702038368e-05
17.12 0.026866571659518
17.13 0.063555896542727
17.14 0.077746704030274
17.15 0.086974091802247
17.16 0.086718013757994
17.17 0.085026798847855
17.18 0.07394337223038
17.19 0.075485339243134
17.2 0.074130503571778
17.21 0.056279518764366
17.22 0.043752912395965
17.23 0.012228688423357
17.24 -0.03604122159579
17.25 -0.065030279612542
17.26 -0.070977639227237
17.27 -0.078258997535237
17.28 -0.076646240838235
17.29 -0.070326319160578
17.3 -0.069174203941226
17.31 -0.065807816758962
17.32 -0.072137671327642
17.33 -0.078506735147461
17.34 -0.100368389296711
17.35 -0.123725363833261
17.36 -0.142055753928476
17.37 -0.159730414937648
17.38 -0.165462282427096
17.39 -0.165896992969478
17.4 -0.159470460052197
17.41 -0.153341014710055
17.42 -0.157473578713307
17.43 -0.152417116418284
17.44 -0.142611037220829
17.45 -0.138840531369851
17.46 -0.120128056920508
17.47 -0.105179190254341
17.48 -0.06705372001303
17.49 0.005666872014885
17.5 0.06791588343506
17.51 0.071992120226338
17.52 0.092718776705099
17.53 0.108255539449085
17.54 0.11360380412886
17.55 0.133142607080433
17.56 0.139735081942915
17.57 0.159920077755599
17.58 0.166634400977456
17.59 0.171832122001531
17.6 0.186660017688984
17.61 0.196015899528159
17.62 0.194511409083802
17.63 0.191987010423986
17.64 0.182758551760522
17.65 0.171991729538886
17.66 0.156020488787337
17.67 0.137250769902414
17.68 0.107210562937356
17.69 0.062173653438103
17.7 0.015506482095262
17.71 -0.00266859150667
17.72 -0.015532893160405
17.73 -0.032352237326184
17.74 -0.046740061886727
17.75 -0.070784750281861
17.76 -0.082222672836243
17.77 -0.080226090371019
17.78 -0.062523498095389
17.79 -0.050141473288901
17.8 -0.043290920519431
17.81 -0.03720512168281
17.82 -0.037831887205131
17.83 -0.044909600537827
17.84 -0.056801381887374
17.85 -0.072237618233475
17.86 -0.08505229971997
17.87 -0.092995558624975
17.88 -0.123412770938421
17.89 -0.135850384175533
17.9 -0.141470936493314
17.91 -0.14098471030538
17.92 -0.13133909230226
17.93 -0.102569147493455
17.94 -0.022120408566502
17.95 0.104612920972916
17.96 0.125869436172928
17.97 0.129606602911559
17.98 0.164955716312382
17.99 0.167019107676459
18.0 0.174512186094129
18.01 0.18491968668917
18.02 0.189352800216669
18.03 0.174929231139325
18.04 0.16094960557773
18.05 0.127838206764259
18.06 0.098001446719826
18.07 0.067091104353981
18.08 0.038908018845909
18.09 0.010159670824139
18.1 -0.012809171160076
18.11 -0.024901644209355
18.12 -0.020097490643263
18.13 -0.02060022456339
18.14 -0.010408719453734
18.15 0.002694501271883
18.16 0.018155709769354
18.17 0.036724022117839
18.18 0.052729165914165
18.19 0.041727926055842
18.2 0.013396451094105
18.21 0.003511703310539
18.22 0.030051093142248
18.23 0.03733548380713
18.24 0.038234468159172
18.25 0.037986235459327
18.26 0.013958834151079
18.27 0.004378362305644
18.28 -0.017377896334898
18.29 -0.027725270145383
18.3 -0.041342565559467
18.31 -0.036742692003664
18.32 -0.040331718769883
18.33 -0.051565850447442
18.34 -0.083324894913352
18.35 -0.081381801105423
18.36 -0.096613760756044
18.37 -0.09944128720709
18.38 -0.109070214625527
18.39 -0.110719377789724
18.4 -0.105047080744156
18.41 -0.099165818886837
18.42 -0.089249019003041
18.43 -0.076341415409184
18.44 -0.059029129294821
18.45 -0.030345900590482
18.46 0.015273395574316
18.47 0.047124140144874
18.48 0.04885279060498
18.49 0.061280027944708
18.5 0.054354264516343
18.51 0.053760201884253
18.52 0.050545689196251
18.53 0.037632615306821
18.54 0.019204340591939
18.55 -0.001523324215009
18.56 -0.018912629032024
18.57 -0.028201738320962
18.58 -0.03099366980889
18.59 -0.035444723360789
18.6 -0.045745129837165
18.61 -0.045216808841075
18.62 -0.028474319634388
18.63 -0.008643099040183
18.64 0.005554022044027
18.65 0.013870972141485
18.66 0.016532026585146
18.67 0.016238288306989
18.68 0.00432287665485
18.69 -0.020601801547089
18.7 -0.040434495149464
18.71 -0.053002826765676
18.72 -0.060568587141903
18.73 -0.063234648195514
18.74 -0.064055744421431
18.75 -0.065014348930436
18.76 -0.067668281962713
18.77 -0.060797825606176
18.78 -0.050543588010802
18.79 -0.034830185242803
18.8 -0.024126615400656
18.81 -0.020688118572131
18.82 -0.021443877241603
18.83 -0.017019256962325
18.84 -0.014131622828187
18.85 -0.016959736279465
18.86 -0.018554974025003
18.87 -0.01452536963674
18.88 -0.005949458327628
18.89 0.008600297068694
18.9 0.020393174752136
18.91 0.031391975241076
18.92 0.044376988565127
18.93 0.063756430173363
18.94 0.073728043360279
18.95 0.070185094449155
18.96 0.073800778790476
18.97 0.073944556037823
18.98 0.082420337365332
18.99 0.094521765445707
19.0 0.092374076391836
19.01 0.094880226841898
19.02 0.088248414260841
19.03 0.074605410788272
19.04 0.05891366419926
19.05 0.027586132810566
19.06 -0.020794445226528
19.07 -0.07552712530285
19.08 -0.090893841222883
19.09 -0.096864103523992
19.1 -0.102969769688162
19.11 -0.111763622389354
19.12 -0.125513139279341
19.13 -0.133379100418726
19.14 -0.139889610747368
19.15 -0.143284138461909
19.16 -0.142692376942554
19.17 -0.138456086955964
19.18 -0.129178743357953
19.19 -0.11908623119425
19.2 -0.106331142926721
19.21 -0.090466130765834
19.22 -0.075869206798955
19.23 -0.061230562828819
19.24 -0.040270313694252
19.25 -0.016147126628516
19.26 0.010767533924501
19.27 0.042353807776764
19.28 0.06288003615777
19.29 0.07153023598505
19.3 0.073230758080543
19.31 0.085417452869316
19.32 0.099276301401158
19.33 0.10454405404637
19.34 0.099724084156078
19.35 0.092521439032106
19.36 0.083843715949448
19.37 0.085876908234741
19.38 0.084451318131163
19.39 0.08534779508037
19.4 0.085547558585166
19.41 0.092670250076448
19.42 0.101644284979345
19.43 0.112940802136368
19.44 0.127697105838621
19.45 0.133679354610064
19.46 0.139240463095932
19.47 0.136635835047893
19.48 0.129930301893266
19.49 0.110703904585287
19.5 0.068219423952485
19.51 0.000311723461191
19.52 -0.02125867747369
19.53 -0.027977104541761
19.54 -0.040429777410521
19.55 -0.03776211464924
19.56 -0.043917858667772
19.57 -0.042355410036134
19.58 -0.041131088903334
19.59 -0.029428692658522
19.6 -0.015315371806424
19.61 -0.001143559551242
19.62 0.008955883476061
19.63 0.014688939687538
19.64 0.022551008570246
19.65 0.036021790582395
19.66 0.049414341162629
19.67 0.054748621504044
19.68 0.059922645091214
19.69 0.06953826591834
19.7 0.078551479187699
19.71 0.090486106491916
19.72 0.097810370685321
19.73 0.105130798452073
19.74 0.115552150305555
19.75 0.125349772683477
19.76 0.114119140293766
19.77 0.068549889101799
19.78 -0.007144228803452
19.79 -0.083247036698064
19.8 -0.110832697024322
19.81 -0.118932744857936
19.82 -0.13804047329105
19.83 -0.134672263921909
19.84 -0.128459294500796
19.85 -0.10754670353555
19.86 -0.10835772958208
19.87 -0.118012579069057
19.88 -0.123779283142027
19.89 -0.09765124821646
19.9 -0.067366474134794
19.91 -0.049503736243543
19.92 -0.012673479286052
19.93 -0.001182212020098
19.94 0.014247483305673
19.95 0.009796645806455
19.96 -0.005456678287217
19.97 -0.01856007831794
19.98 -0.041684861368967
19.99 -0.063181152181187
20.0 -0.085693689997975
20.01 -0.095585161207583
20.02 -0.096819771070164
20.03 -0.074555832223499
20.04 -0.026071782861206
20.05 -0.002223121386221
20.06 -0.024566066252569
20.07 -0.02152907973148
20.08 -0.019368415914883
20.09 -0.008100830111735
20.1 0.011599146052684
20.11 0.019170641109206
20.12 0.022122911383623
20.13 0.026598442680037
20.14 0.039097353251706
20.15 0.028897952230015
20.16 0.031503477703659
20.17 0.023727544739476
20.18 0.028682890213213
20.19 0.028968763229792
20.2 0.036080371779387
20.21 0.041523736382349
20.22 0.046799477089254
20.23 0.049071603998856
20.24 0.050094835922309
20.25 0.04808628018067
20.26 0.04313364447109
20.27 0.025991548285626
20.28 -0.01580744377618
20.29 -0.056904386029896
20.3 -0.051829278099174
20.31 -0.035194491625442
20.32 -0.046887010591803
20.33 -0.051099926665196
20.34 -0.056288160597265
20.35 -0.058294723850702
20.36 -0.056304328861376
20.37 -0.048566202839286
20.38 -0.03655957004294
20.39 -0.023081518075132
20.4 -0.011086602658972
20.41 -0.004087766294224
20.42 0.002335366448611
20.43 0.003816963519881
20.44 -0.004398368889448
20.45 -0.015213601469149
20.46 -0.019545750155868
20.47 -0.021809873617923
20.48 -0.022169586110085
20.49 -0.019406099216393
20.5 -0.012299905268086
20.51 -0.000398081309354
20.52 0.01001336136931
20.53 0.000133158457855
20.54 -0.029085138102501
20.55 -0.045335678144909
20.56 -0.053692230174439
20.57 -0.063683764342296
20.58 -0.058096301973663
20.59 -0.05093546757668
20.6 -0.040863136458854
20.61 -0.030985180275048
20.62 -0.018449826154315
20.63 0.000212354677804
20.64 0.020829370098075
20.65 0.026573354709585
20.66 0.036613928019688
20.67 0.042293708878251
20.68 0.047703613798097
20.69 0.047414142379825
20.7 0.040977321338497
20.71 0.03161871266339
20.72 0.022506900486711
20.73 0.011994439359402
20.74 0.006210648418998
20.75 0.004900159307707
20.76 0.006421079243717
20.77 0.013333937036028
20.78 0.018344800394538
20.79 0.023619971910807
20.8 0.026317091165918
20.81 0.022931716350586
20.82 0.016191487224578
20.83 0.008619100291884
20.84 0.002080982502626
20.85 -0.009967656046458
20.86 -0.026668692507054
20.87 -0.035135018998555
20.88 -0.037383675532778
20.89 -0.031836655377524
20.9 -0.021323110550348
20.91 -0.008644534541038
20.92 0.009723620395249
20.93 0.031340107463281
20.94 0.046124643236552
20.95 0.053337116798124
20.96 0.05513922641241
20.97 0.044204332069506
20.98 0.039212684871028
20.99 0.025694312051933
21.0 0.005986686828896
21.01 -0.016056846127617
21.02 -0.029551540695773
21.03 -0.044316434811029
21.04 -0.049319898288698
21.05 -0.054278599470424
21.06 -0.053628921591911
21.07 -0.053298905992347
21.08 -0.042397073837921
21.09 -0.028065301950413
21.1 -0.014617238362135
21.11 -0.006054687341374
21.12 -0.00833425767247
21.13 -0.0116026636
21.14 -0.018574152867185
21.15 -0.024156024575227
21.16 -0.026332879392911
21.17 -0.026131430829072
21.18 -0.02361017622508
21.19 -0.023614892675051
21.2 -0.02446366310454
21.21 -0.014162758409665
21.22 -0.005136479275157
21.23 0.008227181241849
21.24 0.024769284474007
21.25 0.03367310943591
21.26 0.036770250613961
21.27 0.034745921058914
21.28 0.031016014915989
21.29 0.027897452063145
21.3 0.028770073028174
21.31 0.027981486439937
21.32 0.028380906319316
21.33 0.030306255108687
21.34 0.032859588038129
21.35 0.042456686223204
21.36 0.055886536070533
21.37 0.067878916119629
21.38 0.074880578417441
21.39 0.074140955118457
21.4 0.066284865961385
21.41 0.073486545919274
21.42 0.08875487472501
21.43 0.08751416516757
21.44 0.080137230770762
21.45 0.066015889692711
21.46 0.047673578244382
21.47 -0.004510146003074
21.48 -0.052560225186602
21.49 -0.058449120162775
21.5 -0.073664417519016
21.51 -0.083781724412329
21.52 -0.07379705835958
21.53 -0.083578011678801
21.54 -0.077102542471745
21.55 -0.072950037047227
21.56 -0.058498769962242
21.57 -0.039848063387903
21.58 -0.01348498054755
21.59 0.01060543168075
21.6 0.03551886322405
21.61 0.05971592458849
21.62 0.068827356322518
21.63 0.079536786626618
21.64 0.076834456778877
21.65 0.070764369422876
21.66 0.058062630288473
21.67 0.047404526702621
21.68 0.048827811271079
21.69 0.055552809673431
21.7 0.065569872659174
21.71 0.072899245931662
21.72 0.07125198718041
21.73 0.065147323361441
21.74 0.05510024253099
21.75 0.046224914844058
21.76 0.040230485093815
21.77 0.036036907403547
21.78 0.037713304051834
21.79 0.038594052262304
21.8 0.033370473304634
21.81 0.020359597035494
21.82 -0.000717717923262
21.83 -0.026477777581903
21.84 -0.046522157657767
21.85 -0.063604112108005
21.86 -0.075847258093598
21.87 -0.077650987744735
21.88 -0.079721822304173
21.89 -0.078669402735018
21.9 -0.06870004239206
21.91 -0.070029539419682
21.92 -0.069245093634766
21.93 -0.063577497957682
21.94 -0.060013068439717
21.95 -0.056280137399125
21.96 -0.051800017473875
21.97 -0.045649153703206
21.98 -0.038221433827392
21.99 -0.030347772477178
22.0 -0.023282698342338
22.01 -0.019450408878148
22.02 -0.017935709955687
22.03 -0.015160990264913
22.04 -0.010304942116479
22.05 0.000810066756271
22.06 0.01800831810484
22.07 0.036656780191934
22.08 0.044536424846121
22.09 0.053426841226262
22.1 0.052542428409414
22.11 0.054017427396469
22.12 0.053659204716617
22.13 0.048504020544738
22.14 0.044971614578965
22.15 0.041029131594461
22.16 0.035022594207841
22.17 0.025937411322882
22.18 0.009907917232668
22.19 -0.007964457577362
22.2 -0.027038455400376
22.21 -0.042168368143447
22.22 -0.04895183771572
22.23 -0.056327067272077
22.24 -0.060002285095509
22.25 -0.052589180073953
22.26 -0.056932630916979
22.27 -0.056695969128602
22.28 -0.056047337655974
22.29 -0.057220286406895
22.3 -0.057034180526634
22.31 -0.055779764242619
22.32 -0.054675901181176
22.33 -0.054963098865649
22.34 -0.058607200970845
22.35 -0.064642544169145
22.36 -0.071570916893557
22.37 -0.076532272108602
22.38 -0.075331895678936
22.39 -0.070329991832467
22.4 -0.067114707820925
22.41 -0.057564018031045
22.42 -0.02930376620047
22.43 0.007489960150065
22.44 0.023618645703278
22.45 0.033678434809514
22.46 0.041012532742663
22.47 0.039463182153773
22.48 0.038030381698631
22.49 0.030738116664813
22.5 0.02201891233663
22.51 0.007927023296732
22.52 -0.00965242201809
22.53 -0.029003507795241
22.54 -0.042418672922066
22.55 -0.047277341153858
22.56 -0.046309496172301
22.57 -0.040963486620794
22.58 -0.031988618027975
22.59 -0.016566543117892
22.6 -0.001384913934184
22.61 0.014471136808346
22.62 0.026820390915324
22.63 0.035913046595582
22.64 0.040196850363794
22.65 0.037290387173749
22.66 0.024747356851871
22.67 0.000930012626054
22.68 -0.011695941900896
22.69 -0.011940415329097
22.7 -0.019195805183717
22.71 -0.01794420253206
22.72 -0.015171599434616
22.73 -0.004494612471432
22.74 0.008889936820718
22.75 0.026229343067419
22.76 0.040644903710449
22.77 0.047142290176958
22.78 0.051146995475165
22.79 0.047487103931175
22.8 0.044185627331164
22.81 0.049905054788481
22.82 0.047903889805902
22.83 0.03980261130012
22.84 0.024397389043669
22.85 -0.005191595999641
22.86 -0.026858376553487
22.87 -0.02726782583686
22.88 -0.034543662417926
22.89 -0.032652279480637
22.9 -0.025603816130851
22.91 -0.018246249670169
22.92 -0.006428968134664
22.93 0.004594100744759
22.94 0.015089653413576
22.95 0.024401843799402
22.96 0.025698477538308
22.97 0.027579498847288
22.98 0.022001012958119
22.99 0.017030056419325
23.0 0.010537412569461
23.01 0.007903034797371
23.02 0.007808603029806
23.03 0.005116396525743
23.04 0.00269117200639
23.05 0.00452889231719
23.06 0.017152731510227
23.07 0.037887156373343
23.08 0.05551194988385
23.09 0.064404015129248
23.1 0.065498147240129
23.11 0.061864569440604
23.12 0.068215764681154
23.13 0.068121005817811
23.14 0.06671092408383
23.15 0.070469050872586
23.16 0.057010224799691
23.17 0.045639074533657
23.18 0.033551326604926
23.19 0.021651212656241
23.2 0.012422131809131
23.21 0.01744948710925
23.22 0.019227004330572
23.23 0.023681515410777
23.24 0.027725801862548
23.25 0.02485113888523
23.26 0.020395994301257
23.27 0.010036501208217
23.28 -0.000751927950382
23.29 -0.014195548144591
23.3 -0.030840085333467
23.31 -0.044092494725563
23.32 -0.053173065093339
23.33 -0.051902114450709
23.34 -0.041264332754598
23.35 -0.044506029265064
23.36 -0.044025426474095
23.37 -0.041864077025621
23.38 -0.041256172522885
23.39 -0.03769796265767
23.4 -0.031977761041748
23.41 -0.020431353990374
23.42 -0.007894289834242
23.43 0.002809706701196
23.44 0.010719541062387
23.45 0.013303854013555
23.46 0.014836208337682
23.47 0.012514045072689
23.48 0.009301977110069
23.49 0.007460398392243
23.5 0.007824342771938
23.51 0.009773521859541
23.52 0.010825070975368
23.53 0.008603733461624
23.54 0.005587545666566
23.55 0.001710724319777
23.56 -0.003089895831031
23.57 -0.005200839292331
23.58 -0.003736217045271
23.59 -0.000584052501386
23.6 4.8705689918e-05
23.61 0.001263650206324
23.62 0.007641422681485
23.63 0.013339026158476
23.64 0.012909919947653
23.65 0.009792152754246
23.66 0.002922541548079
23.67 -0.00555716109961
23.68 -0.007822129868453
23.69 -0.007101482168591
23.7 -0.009459748228969
23.71 -0.010672185154396
23.72 -0.015074846771951
23.73 -0.018521793235171
23.74 -0.018166298826613
23.75 -0.013424156630971
23.76 -0.008164131215858
23.77 -0.001866490618867
23.78 0.007421539884044
23.79 0.012794077561154
23.8 0.014082531777857
23.81 0.007100515449134
23.82 -0.003063455917696
23.83 -0.01403116873197
23.84 -0.022625320761534
23.85 -0.026189621219703
23.86 -0.032007450207381
23.87 -0.031354574096574
23.88 -0.024389718386367
23.89 -0.012072741293008
23.9 0.003387974787082
23.91 0.012328599313235
23.92 0.019088708193435
23.93 0.024941244077586
23.94 0.030421699778483
23.95 0.036224588521917
23.96 0.031932689818666
23.97 0.022823320704053
23.98 0.004975962514945
23.99 -0.017024803517016
24.0 -0.034129478892294
24.01 -0.045459442678648
24.02 -0.049868559858712
24.03 -0.044103145816498
24.04 -0.040863610505836
24.05 -0.028943312729241
24.06 -0.01445901579351
24.07 -0.005011958554629
24.08 0.000762004078696
24.09 0.005579841092484
24.1 0.007636296792985
24.11 0.006186321352945
24.12 0.001002294419811
24.13 -0.001386816956004
24.14 -0.006181452931109
24.15 -0.012540880189555
24.16 -0.018916237490974
24.17 -0.023885273946134
24.18 -0.025482083691929
24.19 -0.02506174321269
24.2 -0.023968955233878
24.21 -0.020712579865908
24.22 -0.009929629431756
24.23 0.000927431922391
24.24 0.000164176297848
24.25 8.0901037464e-05
24.26 0.002821311255252
24.27 0.006176833146957
24.28 0.003732302585778
24.29 -0.003620507871976
24.3 -0.014076414400992
24.31 -0.023516874067065
24.32 -0.031718191657264
24.33 -0.032609270947349
24.34 -0.030079931811593
24.35 -0.025680322316679
24.36 -0.021125212184149
24.37 -0.014057915375612
24.38 -0.007840990768579
24.39 -0.00629580442537
24.4 -0.007363649670389
24.41 -0.007314442324265
24.42 -0.005154976318189
24.43 -0.003291307948024
24.44 -0.004614210625837
24.45 -0.007261611897591
24.46 -0.006518285876124
24.47 -0.000179361200947
24.48 0.005365508991037
24.49 0.009443286284583
24.5 0.015996498055614
24.51 0.02115909406519
24.52 0.023699876844554
24.53 0.025920250620903
24.54 0.023006894579064
24.55 0.02143866355466
24.56 0.018955562389403
24.57 0.015135488444918
24.58 0.011903129217976
24.59 0.011862945526338
24.6 0.010465652677684
24.61 0.006874137262533
24.62 0.009083102472665
24.63 0.010889183760899
24.64 0.011168627187296
24.65 0.012603058532768
24.66 0.016035918360023
24.67 0.020874445516584
24.68 0.024464295062075
24.69 0.027209498184145
24.7 0.027132941010474
24.71 0.025455770164083
24.72 0.01932467004033
24.73 0.004059705683651
24.74 -0.01375203106224
24.75 -0.02442273387013
24.76 -0.032668895337449
24.77 -0.043469366456677
24.78 -0.047997809279448
24.79 -0.051644292560793
24.8 -0.054631171236135
24.81 -0.054717367168029
24.82 -0.049986418893764
24.83 -0.040675103035947
24.84 -0.026195833551979
24.85 -0.009861830988976
24.86 0.004864650229186
24.87 0.017999285676908
24.88 0.026711210774919
24.89 0.02896090874359
24.9 0.029546193071614
24.91 0.028909990509351
24.92 0.025444441993321
24.93 0.022827456972663
24.94 0.02508678659044
 
 
 
 
 
 
 
 
 
 
 
 
 
 
 
 
 
 
 
 
 
 
 
 
 
 
 
 
 
 
 
 
 
 
 
 
 
 
 
 
 
 
 
 
 
 
 
 
 
 
 
 
 
 
 
 
 
 
 
 
 
 
 
 
 
 
 
 
 
 
 
 
 
 
 
 
 
 
 
 
 
 
 
 
 
 
 
 
 
 
 
 
 
 
 
 
 
 
 
 
 
 
 
 
 
 
 
 
 
 
 
 
 
 
 
 
 
 
 
 
 
 
 
 
 
 
 
 
 
 
 
 
 
 
 
 
 
 
 
 
 
 
 
 
 
 
 
 
 
 
 
 
 
 
 
 
 
 
 
 
 
 
 
 
 
 
 
 
 
 
 
 
 
 
 
 
 
 
 
 
 
 
 
 
 
 
 
 
 
 
 
 
 
 
 
 
 
 
 
 
 
 
 
 
 
 
 
 
 
 
 
 
 
 
 
 
 
 
 
 
 
 
 
 
 
 
 
 
 
 
 
 
 
 
 
 
 
 
 
 
 
 
 
 
 
 
 
 
 
 
 
 
 
 
 
 
 
 
 
 
 
 
 
 
 
 
 
 
 
 
 
 
 
 
 
 
 
 
 
 
 
 
 
 
 
 
 
 
 
 
 
 
 
 
 
 
 
 
 
 
 
 
 
 
 
 
 
 
 
 
 
 
 
 
 
 
 
 
 
 
 
 
 
 
 
 
 
 
 
 
 
 
 
 
 
 
 
 
 
 
 
 
 
 
 
 
 
 
 
 
 
 
 
 
 
 
 
 
 
 
 
 
 
 
 
 
 
 
 
 
 
 
 
 
 
 
 
 
 
 
 
 
 
 
 
 
 
 
 
 
 
 
 
 
 
 
 
 
 
 
 
 
 
 
 
 
 
 
 
 
 
 
 
 
 
 
 
 
 
 
 
 
 
 
 
 
 
 
 
 
 
 
 
 
 
 
 
 
 
 
 
 
 
 
 
 
 
 
 
 
 
 
 
 
 
 
 
 
 
 
 
 
 
 
 
 
 
 
 
 
 
 
 
 
 
 
 
 
 
 
 
 
 
 
 
 
 
 
 
 
 
 
 
 
 
 
 
 
 
 
 
 
 
 
 
 
 
 
 
 
 
 
 
 
 
 
 
 
 
 
 
 
 
 
 
 
 
 
 
 
 
 
 
 
 
 
 
 
 
 
 
 
 
 
 
 
 
 
 
 
 
 
 
 
 
 
 
 
 
 
 
 
 
 
 
 
 
 
 
 
 
 
 
 
 
 
 
 
 
 
 
 
 
 
 
 
 
 
 
 
 
 
 
 
 
 
 
 
 
 
 
 
 
 
 
 
 
 
 
 
 
 
 
 
 
 
 
 
 
 
 
 
 
 
 
 
 
 
 
 
 
 
 
 
 
 
 
 
 
 
 
 
 
 
 
 
 
 
 
 
 
 
 
 
 
 
 
 
 
 
 
 
 
 
 
 
 
 
 
 
 
 
 
 
 
 
 
 
 
 
 
 
 
 
 
 
 
 
 
 
 
 
 
 
 
 
 
 
 
 
 
 
 
 
 
 
 
 
 
 
 
 
 
 
 
 
 
 
 
 
 
 
 
 
 
 
 
 
 
 
 
 
 
 
 
 
 
 
 
 
 
 
 
 
 
 
 
 
 
 
 
 
 
 
 
 
 
 
 
 
 
 
 
 
 
 
 
 
 
 
 
 
 
 
 
 
 
 
 
 
 
 
 
 
 
 
 
 
 
 
 
 
 
 
 
 
 
 
 
 
 
 
 
 
 
 
 
 
 
 
 
 
 
 
 
 
 
 
 
 
 
 
 
 
 
 
 
 
 
 
 
 
 
 
 
 
 
 
 
 
 
 
 
 
 
 
 
 
 
 
 
 
 
 
 
 
 
 
 
 
 
 
 
 
 
 
 
 
 
 
 
 
 
 
 
 
 
 
 
 
 
 
 
 
 
 
 
 
 
 
 
 
 
 
 
 
 
 
 
 
 
 
 
 
 
 
 
 
 
 
 
 
 
 
 
 
 
 
 
 
 
 
 
 
 
 
 
 
 
 
 
 
 
 
 
 
 
 
 
 
 
 
 
 
 
 
 
 
 
 
 
 
 
 
 
 
 
 
 
 
 
 
 
 
 
 
 
 
 
 
 
 
 
 
 
 
 
 
 
 
 
 
 
 
 
 
 
 
 
 
 
 
 
 
 
 
 
 
 
 
 
 
 
 
 
 
 
 
 
 
 
 
 
 
 
 
 
 
 
 
 
 
 
 
 
 
 
 
 
 
 
 
 
 
 
 
 
 
 
 
 
 
 
 
 
 
 
 
 
 
 
 
 
 
 
 
 
 
 
 
 
 
 
 
 
 
 
 
 
 
 
 
 
 
 
 
 
 
 
 
 
 
 
 
 
 
 
 
 
 
 
 
 
 
 
 
 
 
 
 
 
 
 
 
 
 
 
 
 
 
 
 
 
 
 
 
 
 
 
 
 
 
 
 
 
 
 
 
 
 
 
 
 
 
 
 
 
 
 
 
 
 
 
 
 
 
 
 
 
 
 
 
 
 
 
 
 
 
 
 
 
 
 
 
 
 
 
 
 
 
 
 
 
 
 
 
 
 
 
 
 
 
 
 
 
 
 
 
 
 
 
 
 
 
 
 
 
 
 
 
 
 
 
 
 
 
 
 
 
 
 
 
 
 
 
 
 
 
 
 
 
 
 
 
 
 
 
 
 
 
 
 
 
 
 
 
 
 
 
 
 
 
 
 
 
 
 
 
 
 
 
 
 
 
 
 
 
 
 
 
 
 
 
 
 
 
 
 
 
 
 
 
 
 
 
 
 
 
 
 
 
 
 
 
 
 
 
 
 
 
 
 
 
 
 
 
 
 
 
 
 
 
 
 
 
 
 
 
 
 
 
 
 
 
 
 
 
 
 
 
 
 
 
 
 
 
 
 
 
 
 
 
 
 
 
 
 
 
 
 
 
 
 
 
 
 
 
 
 
 
 
 
 
 
 
 
 
 
 
 
 
 
 
 
 
 
 
 
 
 
 
 
 
 
 
 
 
 
 
 
 
 
 
 
 
 
 
 
 
 
 
 
 
 
 
 
 
 
 
 
 
 
 
 
 
 
 
 
 
 
 
 
 
 
 
 
 
 
 
 
 
 
 
 
 
 
 
 
 
 
 
 
 
 
 
 
 
 
 
 
 
 
 
 
 
 
 
 
 
 
 
 
 
 
 
 
 
 
 
 
 
 
 
 
 
 
 
 
 
 
 
 
 
 
 
 
 
 
 
 
 
 
 
 
 
 
 
 
 
 
 
 
 
 
 
 
 
 
 
 
 
 
 
 
 
 
 
 
 
 
 
 
 
 
 
 
 
 
 
 
 
 
 
 
 
 
 
 
 
 
 
 
 
 
 
 
 
 
 
 
 
 
 
 
 
 
 
 
 
 
 
 
 
 
 
 
 
 
 
 
 
 
 
 
 
 
 
 
 
 
 
 
 
 
 
 
 
 
 
 
 
 
 
 
 
 
 
 
 
 
 
 
 
 
 
 
 
 
 
 
 
 
 
 
 
 
 
 
 
 
 
 
 
 
 
 
 
 
 
 
 
 
 
 
 
 
 
 
 
 
 
 
 
 
 
 
 
 
 
 
 
 
 
 
 
 
 
 
 
 
 
 
 
 
 
 
 
 
 
 
 
 
 
 
 
 
 
 
 
 
 
 
 
 
 
 
 
 
 
 
 
 
 
 
 
 
 
 
 
 
 
 
 
 
 
 
 
 
 
 
 
 
 
 
 
 
 
 
 
 
 
 
 
 
 
 
 
 
 
 
 
 
 
 
 
 
 
 
 
 
 
 
 
 
 
 
 
 
 
 
 
 
 
 
 
 
 
 
 
 
 
 
 
 
 
 
 
 
 
 
 
 
 
 
 
 
 
 
 
 
 
 
 
 
 
 
 
 
 
 
 
 
 
 
 
 
 
 
 
 
 
 
 
 
 
 
 
 
 
 
 
 
 
 
 
 
 
 
 
 
 
 
 
 
 
 
 
 
 
 
 
 
 
 
 
 
 
 
 
 
 
 
 
 
 
 
 
 
 
 
 
 
 
 
 
 
 
 
 
 
 
 
 
 
 
 
 
 
 
 
 
 
 
 
 
 
 
 
 
 
 
 
 
 
 
 
 
 
 
 
 
 
 
 
 
 
 
 
 
 
 
 
 
 
 
 
 
 
 
 
 
 
 
 
 
 
 
 
 
 
 
 
 
 
 
 
 
 
 
 
 
 
 
 
 
 
 
 
 
 
 
 
 
 
 
 
 
 
 
 
 
 
 
 
 
 
 
 
 
 
 
 
 
 
 
 
 
 
 
 
 
 
 
 
 
 
 
 
 
 
 
 
 
 
 
 
 
 
 
 
 
 
 
 
 
 
 
 
 
 
 
 
 
 
 
 
 
 
 
 
 
 
 
 
 
 
 
 
 
 
 
 
 
 
 
 
 
 
 
 
 
 
 
 
 
 
 
 
 
 
 
 
 
 
 
 
 
 
 
 
 
 
 
 
 
 
 
 
 
 
 
 
 
 
 
 
 
 
 
 
 
 
 
 
 
 
 
 
 
 
 
 
 
 
 
 
 
 
 
 
 
 
 
 
 
 
 
 
 
 
 
 
 
 
 
 
 
 
 
 
 
 
 
 
 
 
 
 
 
 
 
 
 
 
 
 
 
 
 
 
 
 
 
 
 
 
 
 
 
 
 
 
 
 
 
 
 
 
 
 
 
 
 
 
 
 
 
 
 
 
 
 
 
 
 
 
 
 
 
 
 
 
 
 
 
 
 
 
 
 
 
 
 
 
 
 
 
 
 
 
 
 
 
 
 
 
 
 
 
 
 
 
 
 
 
 
 
 
 
 
 
 
 
 
 
 
 
 
 
 
 
 
 
 
 
 
 
 
 
 
 
 
 
 
 
 
 
 
 
 
 
 
 
 
 
 
 
 
 
 
 
 
 
 
 
 
 
 
 
 
 
 
 
 
 
 
 
 
 
 
 
 
 
 
 
 
 
 
 
 
 
 
 
 
 
 
 
 
 
 
 
 
 
 
 
 
 
 
 
 
 
 
 
 
 
 
 
 
 
 
 
 
 
 
 
 
 
 
 
 
 
 
 
 
 
 
 
 
 
 
 
 
 
 
 
 
 
 
 
 
 
 
 
 
 
 
 
 
 
 
 
 
 
 
 
 
 
 
 
 
 
 
 
 
 
 
 
 
 
 
 
 
 
 
 
 
 
 
 
 
 
 
 
 
 
 
 
 
 
 
 
 
 
 
 
 
 
 
 
 
 
 
 
 
 
 
 
 
 
 
 
 
 
 
 
 
 
 
 
 
 
 
 
 
 
 
 
 
 
 
 
 
 
 
 
 
 
 
 
 
 
 
 
 
 
 
 
 
 
 
 
 
 
 
 
 
 
 
 
 
 
 
 
 
 
 
 
 
 
 
 
 
 
 
 
 
 
 
 
 
 
 
 
 
 
 
 
 
 
 
 
 
 
 
 
 
 
 
 
 
 
 
 
 
 
 
 
 
 
 
 
 
 
 
 
 
 
 
 
 
 
 
 
 
 
 
 
 
 
 
 
 
 
 
 
 
 
 
 
 
 
 
 
 
 
 
 
 
 
 
 
 
 
 
 
 
 
 
 
 
 
 
 
 
 
 
 
 
 
 
 
 
 
 
 
 
 
 
 
 
 
 
 
 
 
 
 
 
 
 
 
 
 
 
 
 
 
 
 
 
 
 
 
 
 
 
 
 
 
 
 
 
 
 
 
 
 
 
 
 
 
 
 
 
 
 
 
 
 
 
 
 
 
 
 
 
 
 
 
 
 
 
 
 
 
 
 
 
 
 
 
 
 
 
 
 
 
 
 
 
 
 
 
 
 
 
 
 
 
 
 
 
 
 
 
 
 
 
 
 
 
 
 
 
 
 
 
 
 
 
 
 
 
 
 
 
 
 
 
 
 
 
 
 
 
 
 
 
 
 
 
 
 
 
 
 
 
 
 
 
 
 
 
 
 
 
 
 
 
 
 
 
 
 
 
 
 
 
 
 
 
 
 
 
 
 
 
 
 
 
 
 
 
 
 
 
 
 
 
 
 
 
 
 
 
 
 
 
 
 
 
 
 
 
 
 
 
 
 
 
 
 
 
 
 
 
 
 
 
 
 
 
 
 
 
 
 
 
 
 
 
 
 
 
 
 
 
 
 
 
 
 
 
 
 
 
 
 
 
 
 
 
 
 
 
 
 
 
 
 
 
 
 
 
 
 
 
 
 
 
 
 
 
 
 
 
 
 
 
 
 
 
 
 
 
 
 
 
 
 
 
 
 
 
 
 
 
 
 
 
 
 
 
 
 
 
 
 
 
 
 
 
 
 
 
 
 
 
 
 
 
 
 
 
 
 
 
 
 
 
 
 
 
 
 
 
 
 
 
 
 
 
 
 
 
 
 
 
 
 
 
 
 
 
 
 
 
 
 
 
 
 
 
 
 
 
 
 
 
 
 
 
 
 
 
 
 
 
 
 
 
 
 
 
 
 
 
 
 
 
 
 
 
 
 
 
 
 
 
 
 
 
 
 
 
 
 
 
 
 
 
 
 
 
 
 
 
 
 
 
 
 
 
 
 
 
 
 
 
 
 
 
 
 
 
 
 
 
 
 
 
 
 
 
 
 
 
 
 
 
 
 
 
 
 
 
 
 
 
 
 
 
 
 
 
 
 
 
 
 
 
 
 
 
 
 
 
 
 
 
 
 
 
 
 
 
 
 
 
 
 
 
 
 
 
 
 
 
 
 
 
 
 
 
 
 
 
 
 
 
 
 
 
 
 
 
 
 
 
 
 
 
 
 
 
 
 
 
 
 
 
 
 
 
 
 
 
 
 
 
 
 
 
 
 
 
 
 
 
 
 
 
 
 
 
 
 
 
 
 
 
 
 
 
 
 
 
 
 
 
 
 
 
 
 
 
 
 
 
 
 
 
 
 
 
 
 
 
 
 
 
 
 
 
 
 
 
 
 
 
 
 
 
 
 
 
 
 
 
 
 
 
 
 
 
 
 
 
 
 
 
 
 
 
 
 
 
 
 
 
 
 
 
 
 
 
 
 
 
 
 
 
 
 
 
 
 
 
 
 
 
 
 
 
 
 
 
 
 
 
 
 
 
 
 
 
 
 
 
 
 
 
 
 
 
 
 
 
 
 
 
 
 
 
 
 
 
 
 
 
 
 
 
 
 
 
 
 
 
 
 
 
 
 
 
 
 
 
 
 
 
 
 
 
 
 
 
 
 
 
 
 
 
 
 
 
 
 
 
 
 
 
 
 
 
 
 
 
 
 
 
 
 
 
 
 
 
 
 
 
 
 
 
 
 
 
 
 
 
 
 
 
 
 
 
 
 
 
 
 
 
 
 
 
 
 
 
 
 
 
 
 
 
 
 
 
 
 
 
 
 
 
 
 
 
 
 
 
 
 
 
 
 
 
 
 
 
 
 
 
 
 
 
 
 
 
 
 
 
 
 
 
 
 
 
 
 
 
 
 
 
 
 
 
 
 
 
 
 
 
 
 
 
 
 
 
 
 
 
 
 
 
 
 
 
 
 
 
 
 
 
 
 
 
 
 
 
 
 
 
 
 
 
 
 
 
 
 
 
 
 
 
 
 
 
 
 
 
 
 
 
 
 
 
 
 
 
 
 
 
 
 
 
 
 
 
 
 
 
 
 
 
 
 
 
 
 
 
 
 
 
 
 
 
 
 
 
 
 
 
 
 
 
 
 
 
 
 
 
 
 
 
 
 
 
 
 
 
 
 
 
 
 
 
 
 
 
 
 
 
 
 
 
 
 
 
 
 
 
 
 
 
 
 
 
 
 
 
 
 
 
 
 
 
 
 
 
 
 
 
 
 
 
 
 
 
 
 
 
 
 
 
 
 
 
 
 
 
 
 
 
 
 
 
 
 
 
 
 
 
 
 
 
 
 
 
 
 
 
 
 
 
 
 
 
 
 
 
 
 
 
 
 
 
 
 
 
 
 
 
 
 
 
 
 
 
 
 
 
 
 
 
 
 
 
 
 
 
 
 
 
 
 
 
 
 
 
 
 
 
 
 
 
 
 
 
 
 
 
 
 
 
 
 
 
 
 
 
 
 
 
 
 
 
 
 
 
 
 
 
 
 
 
 
 
 
 
 
 
 
 
 
 
 
 
 
 
 
 
 
 
 
 
 
 
 
 
 
 
 
 
 
 
 
 
 
 
 
 
 
 
 
 
 
 
 
 
 
 
 
 
 
 
 
 
 
 
 
 
 
 
 
 
 
 
 
 
 
 
 
 
 
 
 
 
 
 
 
 
 
 
 
 
 
 
 
 
 
 
 
 
 
 
 
 
 
 
 
 
 
 
 
 
 
 
 
 
 
 
 
 
 
 
 
 
 
 
 
 
 
 
 
 
 
 
 
 
 
 
 
 
 
 
 
 
 
 
 
 
 
 
 
 
 
 
 
 
 
 
 
 
 
 
 
 
 
 
 
 
 
 
 
 
 
 
 
 
 
 
 
 
 
 
 
 
 
 
 
 
 
 
 
 
 
 
 
 
 
 
 
 
 
 
 
 
 
 
 
 
 
 
 
 
 
 
 
 
 
 
 
 
 
 
 
 
 
 
 
 
 
 
 
 
 
 
 
 
 
 
 
 
 
 
 
 
 
 
 
 
 
 
 
 
 
 
 
 
 
 
 
 
 
 
 
 
 
 
 
 
 
 
 
 
 
 
 
 
 
 
 
 
 
 
 
 
 
 
 
 
 
 
 
 
 
 
 
 
 
 
 
 
 
 
 
 
 
 
 
 
 
 
 
 
 
 
 
 
 
 
 
 
 
 
 
 
 
 
 
 
 
 
 
 
 
 
 
 
 
 
 
 
 
 
 
 
 
 
 
 
 
 
 
 
 
 
 
 
 
 
 
 
 
 
 
 
 
 
 
 
 
 
 
 
 
 
 
 
 
 
 
 
 
 
 
 
 
 
 
 
 
 
 
 
 
 
 
 
 
 
 
 
 
 
 
 
 
 
 
 
 
 
 
 
 
 
 
 
 
 
 
 
 
 
 
 
 
 
 
 
 
 
 
 
 
 
 
 
 
 
 
 
 
 
 
 
 
 
 
 
 
 
 
 
 
 
 
 
 
 
 
 
 
 
 
 
 
 
 
 
 
 
 
 
 
 
 
 
 
 
 
 
 
 
 
 
 
 
 
 
 
 
 
 
 
 
 
 
 
 
 
 
 
 
 
 
 
 
 
 
 
 
 
 
 
 
 
 
 
 
 
 
 
 
 
 
 
 
 
 
 
 
 
 
 
 
 
 
 
 
 
 
 
 
 
 
 
 
 
 
 
 
 
 
 
 
 
 
 
 
 
 
 
 
 
 
 
 
 
 
 
 
 
 
 
 
 
 
 
 
 
 
 
 
 
 
 
 
 
 
 
 
 
 
 
 
 
 
 
 
 
 
 
 
 
 
 
 
 
 
 
 
 
 
 
 
 
 
 
 
 
 
 
 
 
 
 
 
 
 
 
 
 
 
 
 
 
 
 
 
 
 
 
 
 
 
 
 
 
 
 
 
 
 
 
 
 
 
 
 
 
 
 
 
 
 
 
 
 
 
 
 
 
 
 
 
 
 
 
 
 
 
 
 
 
 
 
 
 
 
 
 
 
 
 
 
 
 
 
 
 
 
 
 
 
 
 
 
 
 
 
 
 
 
 
 
 
 
 
 
 
 
 
 
 
 
 
 
 
 
 
 
 
 
 
 
 
 
 
 
 
 
 
 
 
 
 
 
 
 
 
 
 
 
 
 
 
 
 
 
 
 
 
 
 
 
 
 
 
 
 
 
 
 
 
 
 
 
 
 
 
 
 
 
 
 
 
 
 
 
 
 
 
 
 
 
 
 
 
 
 
 
 
 
 
 
 
 
 
 
 
 
 
 
 
 
 
 
 
 
 
 
 
 
 
 
 
 
 
 
 
 
 
 
 
 
 
 
 
 
 
 
 
 
 
 
 
 
 
 
 
 
 
 
 
 
 
 
 
 
 
 
 
 
 
 
 
 
 
 
 
 
 
 
 
 
 
 
 
 
 
 
 
 
 
 
 
 
 
 
 
 
 
 
 
 
 
 
 
 
 
 
 
 
 
 
 
 
 
 
 
 
 
 
 
 
 
 
 
 
 
 
 
 
 
 
 
 
 
 
 
 
 
 
 
 
 
 
 
 
 
 
 
 
 
 
 
 
 
 
 
 
 
 
 
 
 
 
 
 
 
 
 
 
 
 
 
 
 
 
 
 
 
 
 
 
 
 
 
 
 
 
 
 
 
 
 
 
 
 
 
 
 
 
 
 
 
 
 
 
 
 
 
 
 
 
 
 
 
 
 
 
 
 
 
 
 
 
 
 
 
 
 
 
 
 
 
 
 
 
 
 
 
 
 
 
 
 
 
 
 
 
 
 
 
 
 
 
 
 
 
 
 
 
 
 
 
 
 
 
 
 
 
 
 
 
 
 
 
 
 
 
 
 
 
 
 
 
 
 
 
 
 
 
 
 
 
 
 
 
 
 
 
 
 
 
 
 
 
 
 
 
 
 
 
 
 
 
 
 
 
 
 
 
 
 
 
 
 
 
 
 
 
 
 
 
 
 
 
 
 
 
 
 
 
 
 
 
 
 
 
 
 
 
 
 
 
 
 
 
 
 
 
 
 
 
 
 
 
 
 
 
 
 
 
 
 
 
 
 
 
 
 
 
 
 
 
 
 
 
 
 
 
 
 
 
 
 
 
 
 
 
 
 
 
 
 
 
 
 
 
 
 
 
 
 
 
 
 
 
 
 
 
 
 
 
 
 
 
 
 
 
 
 
 
 
 
 
 
 
 
 
 
 
 
 
 
 
 
 
 
 
 
 
 
 
 
 
 
 
 
 
 
 
 
 
 
 
 
 
 
 
 
 
 
 
 
 
 
 
 
 
 
 
 
 
 
 
 
 
 
 
 
 
 
 
 
 
 
 
 
 
 
 
 
 
 
 
 
 
 
 
 
 
 
 
 
 
 
 
 
 
 
 
 
 
 
 
 
 
 
 
 
 
 
 
 
 
 
 
 
 
 
 
 
 
 
 
 
 
 
 
 
 
 
 
 
 
 
 
 
 
 
 
 
 
 
 
 
 
 
 
 
 
 
 
 
 
 
 
 
 
 
 
 
 
 
 
 
 
 
 
 
 
 
 
 
 
 
 
 
 
 
 
 
 
 
 
 
 
 
 
 
 
 
 
 
 
 
 
 
 
 
 
 
 
 
 
 
 
 
 
 
 
 
 
 
 
 
 
 
 
 
 
 
 
 
 
 
 
 
 
 
 
 
 
 
 
 
 
 
 
 
 
 
 
 
 
 
 
 
 
 
 
 
 
 
 
 
 
 
 
 
 
 
 
 
 
 
 
 
 
 
 
 
 
 
 
 
 
 
 
 
 
 
 
 
 
 
 
 
 
 
 
 
 
 
 
 
 
 
 
 
 
 
 
 
 
 
 
 
 
 
 
 
 
 
 
 
 
 
 
 
 
 
 
 
 
 
 
 
 
 
 
 
 
 
 
 
 
 
 
 
 
 
 
 
 
 
 
 
 
 
 
 
 
 
 
 
 
 
 
 
 
 
 
 
 
 
 
 
 
 
 
 
 
 
 
 
 
 
 
 
 
 
 
 
 
 
 
 
 
 
 
 
 
 
 
 
 
 
 
 
 
 
 
 
 
 
 
 
 
 
 
 
 
 
 
 
 
 
 
 
 
 
 
 
 
 
 
 
 
 
 
 
 
 
 
 
 
 
 
 
 
 
 
 
 
 
 
 
 
 
 
 
 
 
 
 
 
 
 
 
 
 
 
 
 
 
 
 
 
 
 
 
 
 
 
 
 
 
 
 
 
 
 
 
 
 
 
 
 
 
 
 
 
 
 
 
 
 
 
 
 
 
 
 
 
 
 
 
 
 
 
 
 
 
 
 
 
 
 
 
 
 
 
 
 
 
 
 
 
 
 
 
 
 
 
 
 
 
 
 
 
 
 
 
 
 
 
 
 
 
 
 
 
 
 
 
 
 
 
 
 
 
 
 
 
 
 
 
 
 
 
 
 
 
 
 
 
 
 
 
 
 
 
 
 
 
 
 
 
 
 
 
 
 
 
 
 
 
 
 
 
 
 
 
 
 
 
 
 
 
 
 
 
 
 
 
 
 
 
 
 
 
 
 
 
 
 
 
 
 
 
 
 
 
 
 
 
 
 
 
 
 
 
 
 
 
 
 
 
 
 
 
 
 
 
 
 
 
 
 
 
 
 
 
 
 
 
 
 
 
 
 
 
 
 
 
 
 
 
 
 
 
 
 
 
 
 
 
 
 
 
 
 
 
 
 
 
 
 
 
 
 
 
 
 
 
 
 
 
 
 
 
 
 
 
 
 
 
 
 
 
 
 
 
 
 
 
 
 
 
 
 
 
 
 
 
 
 
 
 
 
 
 
 
 
 
 
 
 
 
 
 
 
 
 
 
 
 
 
 
 
 
 
 
 
 
 
 
 
 
 
 
 
 
 
 
 
 
 
 
 
 
 
 
 
 
 
 
 
 
 
 
 
 
 
 
 
 
 
 
 
 
 
 
 
 
 
 
 
 
 
 
 
 
 
 
 
 
 
 
 
 
 
 
 
