0.0 0.0
0.01 2.34318205e-07
0.02 2.41436591e-07
0.03 2.80875215e-07
0.04 4.06495641e-07
0.05 5.75789512e-07
0.06 5.45376479e-07
0.07 7.5155036e-08
0.08 -7.50473154e-07
0.09 -1.322527849e-06
0.1 -1.64852737e-06
0.11 -3.254865028e-06
0.12 -5.872455101e-06
0.13 -6.850643905e-06
0.14 -5.79950383e-06
0.15 -4.242898536e-06
0.16 -4.726953511e-06
0.17 -7.232199003e-06
0.18 -5.479595951e-06
0.19 6.42451627e-07
0.2 7.593266164e-06
0.21 1.5235560034e-05
0.22 1.4187748544e-05
0.23 -6.02462493e-07
0.24 -1.2561004325e-05
0.25 -1.355023693e-05
0.26 -1.365583151e-05
0.27 -1.5315089865e-05
0.28 -9.06501776e-06
0.29 5.805867474e-06
0.3 9.9182836e-06
0.31 -3.210894436e-06
0.32 -2.1119539029e-05
0.33 -2.8079390648e-05
0.34 -1.6374744718e-05
0.35 -5.389582898e-06
0.36 -1.5929087515e-05
0.37 -5.4140298527e-05
0.38 -0.00010988857935
0.39 -0.000119023732124
0.4 -5.2677191235e-05
0.41 5.545812909e-06
0.42 6.47481911e-06
0.43 2.0223498278e-05
0.44 5.6325059043e-05
0.45 9.2687640446e-05
0.46 0.000122872281391
0.47 7.123707521e-05
0.48 -7.206146761e-05
0.49 -0.000159352271209
0.5 -0.000138146247807
0.51 -8.9794107713e-05
0.52 -9.6527545194e-05
0.53 -0.000148451387293
0.54 -0.000134006602814
0.55 -6.0551386956e-05
0.56 -2.0123384552e-05
0.57 -2.6656462555e-05
0.58 -3.1746731731e-05
0.59 1.6367969769e-05
0.6 8.0149107156e-05
0.61 0.000124358904516
0.62 9.3751013213e-05
0.63 -9.7055465491e-05
0.64 -0.00022313793869
0.65 -0.000115100596963
0.66 -6.3177895944e-05
0.67 -0.000181933161563
0.68 -0.000132229609083
0.69 5.083140799e-05
0.7 3.5532824937e-05
0.71 -5.8923497916e-05
0.72 -2.2072572249e-05
0.73 3.1711266496e-05
0.74 -6.3495302231e-05
0.75 -0.000190739388813
0.76 -0.000228686474476
0.77 -0.000300091186041
0.78 -0.000417089871778
0.79 -0.000362728718228
0.8 -0.000220353341278
0.81 -0.000207743346158
0.82 -9.9764536342e-05
0.83 0.00025658981005
0.84 0.000319032894186
0.85 5.7151964332e-05
0.86 4.8560596294e-05
0.87 9.7038164149e-05
0.88 -0.000136323030612
0.89 -0.000117760658907
0.9 0.000146411257181
0.91 6.6232784884e-05
0.92 -0.000234964927225
0.93 -0.000429673544413
0.94 -0.000423539938007
0.95 -0.000347618298291
0.96 -0.000300579127644
0.97 -0.000209561247532
0.98 -4.8404870621e-05
0.99 3.2288658531e-05
1.0 0.00015759779613
1.01 0.000393376874609
1.02 0.000445724753031
1.03 0.000111200995912
1.04 -0.000249208409479
1.05 -0.000184503502334
1.06 0.000123234518995
1.07 0.000140531438875
1.08 -0.000260811590894
1.09 -0.000434003481544
1.1 -0.00015061934129
1.11 2.5256367784e-05
1.12 -2.9789519766e-05
1.13 0.000249290783292
1.14 0.000494211852246
1.15 0.000371456357067
1.16 0.000346649018139
1.17 0.00037932139497
1.18 0.000271110891245
1.19 4.9088746266e-05
1.2 -0.000164791877675
1.21 -8.44499494e-05
1.22 2.7208142473e-05
1.23 -0.00043271224865
1.24 -0.00083277113286
1.25 -0.000631567408595
1.26 -0.000612941658893
1.27 -0.001164730816867
1.28 -0.001428233652872
1.29 -0.000986980777673
1.3 -0.000287748833251
1.31 0.000227652023783
1.32 0.000391799797963
1.33 0.000478356854732
1.34 0.00042848686213
1.35 0.00028314023377
1.36 0.00036200185008
1.37 0.000316493831962
1.38 -0.000247458320799
1.39 -0.000626125973279
1.4 -0.000712671993959
1.41 -0.000928181493191
1.42 -0.001129316279595
1.43 -0.00107527230657
1.44 -0.000604765808349
1.45 -0.000164688449793
1.46 -1.805146811e-05
1.47 9.5474464277e-05
1.48 0.000547586318021
1.49 0.001153868952768
1.5 0.001557815765742
1.51 0.001815849705444
1.52 0.001496506149331
1.53 0.000343677650674
1.54 -0.000433288459937
1.55 -7.9114894701e-05
1.56 1.7528435531e-05
1.57 -0.000858615339832
1.58 -0.001551066386786
1.59 -0.00151406558572
1.6 -0.000822242214901
1.61 0.000382013642052
1.62 0.001090009128076
1.63 0.001003692478212
1.64 0.000896305876504
1.65 0.000914487141751
1.66 0.00042806009064
1.67 -0.000236283262792
1.68 -0.000583655277141
1.69 -0.001064338596404
1.7 -0.001575440891476
1.71 -0.001489563131668
1.72 -0.001114020557481
1.73 -0.000945250820221
1.74 -0.000558198378356
1.75 -0.000129548764762
1.76 -6.5481621692e-05
1.77 -5.5199992747e-05
1.78 4.2085001288e-05
1.79 0.000170384407534
1.8 0.000193924121181
1.81 0.000293239192848
1.82 0.000331941113869
1.83 0.000309987741523
1.84 0.000249657402918
1.85 0.000341196751083
1.86 0.00071034279058
1.87 0.000582075248241
1.88 -0.000280483270167
1.89 -0.000517681551994
1.9 0.000124741710252
1.91 0.000139422151208
1.92 -0.000401183737485
1.93 -0.000362092552341
1.94 -0.000117271596644
1.95 0.000362501299524
1.96 0.001372208058561
1.97 0.001417302725739
1.98 0.000173750125396
1.99 -0.000277939322592
2.0 0.000419949906393
2.01 -4.1661372649e-05
2.02 -0.00123897017825
2.03 -0.001319559560416
2.04 -0.000689377045107
2.05 -0.00044785726426
2.06 8.9024676959e-05
2.07 0.000700873098375
2.08 4.4586922786e-05
2.09 -0.000711138272021
2.1 -0.000395111123217
2.11 -6.1265537622e-05
2.12 -0.000218044133001
2.13 -0.000340682354871
2.14 -8.5482989201e-05
2.15 0.000104487746816
2.16 0.000137718987254
2.17 0.000269803293175
2.18 4.6785089464e-05
2.19 -0.000356844941472
2.2 -0.000751226767262
2.21 -0.000995232896591
2.22 -0.000880329269654
2.23 -0.000431688630707
2.24 5.8030226297e-05
2.25 0.000555271443663
2.26 0.001020312173867
2.27 0.001208838627731
2.28 0.001356084850292
2.29 0.001522061340569
2.3 0.001578973661787
2.31 0.001359262724509
2.32 0.000490451218005
2.33 -0.000930924492384
2.34 -0.001935693919431
2.35 -0.002196497563722
2.36 -0.002245196882673
2.37 -0.001870932155547
2.38 -0.000842827987468
2.39 -0.00016818263162
2.4 0.000103367290017
2.41 0.000969479650607
2.42 0.001751885745625
2.43 0.00162878016115
2.44 0.001502316342369
2.45 0.001636347693016
2.46 0.001188626304139
2.47 0.000131671365937
2.48 -0.000707151818722
2.49 -0.001257003493296
2.5 -0.001742327029299
2.51 -0.001675663179138
2.52 -0.000833492146228
2.53 0.000138360485925
2.54 0.001187073925189
2.55 0.001974749843959
2.56 0.001992678132085
2.57 0.001428392584064
2.58 0.000959965387023
2.59 0.000441711074993
2.6 -0.000895339427413
2.61 -0.002502652393112
2.62 -0.003321604823698
2.63 -0.003399389406292
2.64 -0.003892312657306
2.65 -0.004149185321606
2.66 -0.002984390215987
2.67 -0.001554325782894
2.68 -0.000317168724172
2.69 0.002019400724439
2.7 0.004422429580004
2.71 0.004913950793888
2.72 0.004361132052506
2.73 0.004295477026163
2.74 0.003921685779191
2.75 0.002885185109393
2.76 0.002079277911619
2.77 9.4395025981e-05
2.78 -0.003481298365501
2.79 -0.00551637627559
2.8 -0.005510325663781
2.81 -0.005536708499286
2.82 -0.005142837598912
2.83 -0.002982019855094
2.84 -6.5792123427e-05
2.85 0.00209968216124
2.86 0.003232616462133
2.87 0.003271312066394
2.88 0.001915184838414
2.89 -0.000314581131348
2.9 -0.002000045192771
2.91 -0.002867309394972
2.92 -0.004214270360392
2.93 -0.006651637946642
2.94 -0.00847024986252
2.95 -0.008286258382322
2.96 -0.006927487124871
2.97 -0.00514866676147
2.98 -0.003225751965406
2.99 -0.001812599560163
3.0 -0.000328681765096
3.01 0.002415189397016
3.02 0.004772568237959
3.03 0.005518751262196
3.04 0.006152069508156
3.05 0.006788087834237
3.06 0.005145547485577
3.07 0.001041980477426
3.08 -0.003806131294263
3.09 -0.006752942662113
3.1 -0.00761600769993
3.11 -0.006573085634825
3.12 -0.003481045921365
3.13 -0.001364750984134
3.14 -0.001178351736267
3.15 -0.001350671473787
3.16 -0.000764266149444
3.17 -0.000555754877659
3.18 -0.001700775691449
3.19 -0.002556754462479
3.2 -0.001850591401353
3.21 -0.001416991006468
3.22 -0.001843273231429
3.23 -0.002960610138715
3.24 -0.004713770551253
3.25 -0.005586543949625
3.26 -0.003381409255911
3.27 0.001739220219229
3.28 0.005484511109543
3.29 0.005920539325557
3.3 0.004800754431633
3.31 0.004166736347719
3.32 0.004008687698936
3.33 0.003714556871112
3.34 0.002650359452261
3.35 0.000284780648493
3.36 -0.003055666274276
3.37 -0.004422208916263
3.38 -0.004040919620342
3.39 -0.00386763936694
3.4 -0.002915230044585
3.41 -0.00050873519602
3.42 0.002294018533971
3.43 0.003565836577074
3.44 0.002357675343713
3.45 -0.001238061282632
3.46 -0.003858122135637
3.47 -0.005095060622099
3.48 -0.006246892964143
3.49 -0.007150907655283
3.5 -0.00743112919308
3.51 -0.006389559071076
3.52 -0.003615738756034
3.53 0.001805341670097
3.54 0.00686928637128
3.55 0.009686423936161
3.56 0.01033595713485
3.57 0.010591558666388
3.58 0.011005800609418
3.59 0.01027520649829
3.6 0.007453932935609
3.61 0.003860776532704
3.62 0.000869301507424
3.63 -0.001185389506449
3.64 -0.003748316815821
3.65 -0.006441003090667
3.66 -0.006868439803618
3.67 -0.006131520984634
3.68 -0.005108082046118
3.69 -0.001678957925267
3.7 0.004949241183828
3.71 0.011942851853104
3.72 0.015718304392702
3.73 0.01617998546028
3.74 0.015311116848288
3.75 0.010172411620639
3.76 0.002277685202151
3.77 -0.004699584796226
3.78 -0.009975730964992
3.79 -0.013197603243455
3.8 -0.014303235339869
3.81 -0.013880989925889
3.82 -0.012449712795138
3.83 -0.008693552817847
3.84 -0.001058042455131
3.85 0.011002522394351
3.86 0.023731268694439
3.87 0.033026203154632
3.88 0.036849677795485
3.89 0.034511081510624
3.9 0.022864233673679
3.91 0.002130674390701
3.92 -0.012008867059894
3.93 -0.021052241154305
3.94 -0.028069685293905
3.95 -0.027240937160051
3.96 -0.022978437332615
3.97 -0.015140307821702
3.98 -0.005860609301982
3.99 0.00507554799077
4.0 0.01482572974212
4.01 0.022311973633838
4.02 0.027318328951842
4.03 0.026729339028736
4.04 0.021110740473163
4.05 0.012313078461786
4.06 0.002137949934698
4.07 -0.012331673806126
4.08 -0.027507692178923
4.09 -0.033020706976504
4.1 -0.030370972311108
4.11 -0.023066543133058
4.12 -0.013088217659461
4.13 0.008257288066471
4.14 0.028135911283798
4.15 0.036942832309802
4.16 0.042547338178629
4.17 0.039819774733393
4.18 0.030647294109062
4.19 0.010844160104295
4.2 -0.007568581685828
4.21 -0.019700914175845
4.22 -0.033820355139712
4.23 -0.038205124535113
4.24 -0.036336314067021
4.25 -0.029237401200991
4.26 -0.017133245648798
4.27 -0.006883855275052
4.28 0.006448342943112
4.29 0.021149652613173
4.3 0.034825600562693
4.31 0.04397737137847
4.32 0.048479309575111
4.33 0.042911510072267
4.34 0.027408403198441
4.35 0.011888114214059
4.36 -0.002624694034763
4.37 -0.013076534844266
4.38 -0.015566464888601
4.39 -0.016427067593818
4.4 -0.021742566917432
4.41 -0.021960636870049
4.42 -0.019668222971199
4.43 -0.019662126099269
4.44 -0.018048874062958
4.45 -0.010691351310366
4.46 -0.000562781098199
4.47 0.012474633213311
4.48 0.03115958459517
4.49 0.046067940050949
4.5 0.053845916587593
4.51 0.05441605431134
4.52 0.049863256892495
4.53 0.046391445604598
4.54 0.044606362409648
4.55 0.030242441977689
4.56 0.014184595579839
4.57 -0.013805976461518
4.58 -0.028103460364176
4.59 -0.048855737711612
4.6 -0.064740406364265
4.61 -0.073826188151276
4.62 -0.074413603203254
4.63 -0.066161798749709
4.64 -0.049488102770301
4.65 -0.027521825667461
4.66 -0.005055362540892
4.67 0.013654643207596
4.68 0.018714930137258
4.69 0.021621899437295
4.7 0.031393950777259
4.71 0.049845190169304
4.72 0.062070622183909
4.73 0.065262475517549
4.74 0.063470284700717
4.75 0.06597349489795
4.76 0.062678854227501
4.77 0.059506196796717
4.78 0.047420415540681
4.79 0.035019966850682
4.8 0.03243189135954
4.81 0.03215910654441
4.82 0.030634413239056
4.83 0.035033896888554
4.84 0.04409515916156
4.85 0.053063513061894
4.86 0.06451131154842
4.87 0.07657418691493
4.88 0.08562638850847
4.89 0.08865444448811
4.9 0.082026663179575
4.91 0.032448800031854
4.92 0.047949954516503
4.93 0.03483253042274
4.94 0.025903781402715
4.95 0.00519113274893
4.96 -0.009827640163342
4.97 -0.027538025124514
4.98 -0.036174557568316
4.99 -0.036021004872511
5.0 -0.027657644439574
5.01 -0.005979756873505
5.02 0.016442343961827
5.03 0.033053721633902
5.04 0.041108485658926
5.05 0.040863390151814
5.06 0.0359565810566
5.07 0.019745809927155
5.08 -0.016634043669655
5.09 -0.071167731606415
5.1 -0.100982693217008
5.11 -0.130546953606841
5.12 -0.165829143661265
5.13 -0.175594970060307
5.14 -0.177703494153456
5.15 -0.169993714528171
5.16 -0.132266077350941
5.17 -0.08521980862293
5.18 -0.093259899188596
5.19 -0.082574137393654
5.2 -0.032286341744317
5.21 -0.026776904049354
5.22 0.004217900949488
5.23 -0.009969086822383
5.24 0.000684429825146
5.25 -0.002273332474139
5.26 0.00153355646799
5.27 -0.001093609178241
5.28 -0.009657570355534
5.29 -0.01967143070719
5.3 -0.016441150001948
5.31 -0.013100928332012
5.32 -0.012987127394957
5.33 -0.003120427295681
5.34 0.016350165220534
5.35 0.041665560589567
5.36 0.060608166519136
5.37 0.052978790007348
5.38 0.037889131442536
5.39 0.034667832584466
5.4 0.034496567390276
5.41 0.023804376656651
5.42 -0.004945289283678
5.43 -0.024085360848044
5.44 -0.015245961804726
5.45 -0.012051899765017
5.46 -0.002757944058916
5.47 0.013484904213554
5.48 0.030711253917471
5.49 0.032879090041226
5.5 0.035415146673139
5.51 0.024749101198104
5.52 0.006894819841682
5.53 -0.011787826348523
5.54 -0.032758622792209
5.55 -0.05118453102872
5.56 -0.067477540146665
5.57 -0.081753110926034
5.58 -0.095115834374717
5.59 -0.105934786751001
5.6 -0.116148404423807
5.61 -0.121852157102233
5.62 -0.113849876710512
5.63 -0.094759381863697
5.64 -0.068880451221234
5.65 -0.035542377929132
5.66 -0.028775568187078
5.67 -0.015196452550402
5.68 -0.040045888191261
5.69 -0.072120330778206
5.7 -0.089979651359664
5.71 -0.107147161571431
5.72 -0.120735300624913
5.73 -0.125448776800315
5.74 -0.139879253072003
5.75 -0.097391903111606
5.76 -0.083767448468895
5.77 -0.077087904420025
5.78 -0.055228606215329
5.79 -0.039510808293586
5.8 -0.033373912953992
5.81 -0.024793103906911
5.82 0.003803749361029
5.83 0.029856537186928
5.84 0.049010553980851
5.85 0.044938185612142
5.86 0.028477040989527
5.87 0.007101291278583
5.88 -0.028786135131693
5.89 -0.125597551618948
5.9 -0.124144808469075
5.91 -0.154212164967146
5.92 -0.145374122873882
5.93 -0.144953002309412
5.94 -0.112904681278373
5.95 -0.090445195966802
5.96 -0.028885251782938
5.97 0.039190500460141
5.98 0.07092449174643
5.99 0.112180295383683
6.0 0.153816880321423
6.01 0.171682474449465
6.02 0.176973877103117
6.03 0.225910496087593
6.04 0.242586896831795
6.05 0.195237422559484
6.06 0.17986505091722
6.07 0.136994075713421
6.08 0.085942778067505
6.09 0.074292578070612
6.1 0.06478637872249
6.11 0.058777994707709
6.12 0.062614028587913
6.13 0.073683908280207
6.14 0.085485914144884
6.15 0.09147671613124
6.16 0.092724475817793
6.17 0.08859799562934
6.18 0.050195495199248
6.19 0.05051891981921
6.2 0.067925846440345
6.21 0.047980242973708
6.22 0.03919482729361
6.23 0.027165708414508
6.24 0.017944035829266
6.25 0.013208692047187
6.26 0.010808932676089
6.27 0.007439101495167
6.28 0.011212020828897
6.29 0.023603368881577
6.3 0.035002537833912
6.31 0.045927655580673
6.32 0.057187555347574
6.33 0.065986785595496
6.34 0.069274326396651
6.35 0.063450226257373
6.36 0.02971691156206
6.37 0.019454724195279
6.38 0.019330821095251
6.39 -0.000800640014461
6.4 -0.027907540352555
6.41 -0.036013665083556
6.42 -0.012958773383673
6.43 0.022811241963066
6.44 -0.003299147755847
6.45 -0.009732794711735
6.46 -0.01829769952511
6.47 -0.039539075835943
6.48 -0.041038404670955
6.49 -0.052214297030169
6.5 -0.039580841389225
6.51 -0.024639382707009
6.52 0.004307550257108
6.53 0.021935619370312
6.54 0.045264528415349
6.55 0.052576472561148
6.56 0.056356594924615
6.57 0.060162962374509
6.58 0.059646865532888
6.59 0.090514687269967
6.6 0.112913817489637
6.61 0.121118417993041
6.62 0.094840606037639
6.63 0.029638713433239
6.64 -0.01247224899445
6.65 -0.04470527213838
6.66 -0.087615332901584
6.67 -0.108850851179386
6.68 -0.10440217199631
6.69 -0.083296590512864
6.7 -0.057735762451277
6.71 -0.016013046315793
6.72 0.053870396170629
6.73 0.072462027466349
6.74 0.094514455450639
6.75 0.114752948712282
6.76 0.140222573456514
6.77 0.159838570522572
6.78 0.171592898594431
6.79 0.164778477960832
6.8 0.14145434707183
6.81 0.102240501048136
6.82 0.078843290693898
6.83 0.052894232087172
6.84 -0.000529398954739
6.85 -0.024291577522561
6.86 -0.009676751558131
6.87 0.004307313914681
6.88 0.015481205404332
6.89 0.038588974229937
6.9 0.066766638481225
6.91 0.113164432918476
6.92 0.153323336826004
6.93 0.159803102395842
6.94 0.181432112289855
6.95 0.200436144762434
6.96 0.196904158589154
6.97 0.187981844231514
6.98 0.159497817776225
6.99 0.148229247880576
7.0 0.129481776584686
7.01 0.094897186732972
7.02 0.060023594500692
7.03 0.040706278399211
7.04 0.02011816005142
7.05 -0.013386466430698
7.06 -0.068608283140008
7.07 -0.132111373237393
7.08 -0.191621338262684
7.09 -0.249681780541502
7.1 -0.302576273931121
7.11 -0.326830285103289
7.12 -0.380993109709185
7.13 -0.439506303760714
7.14 -0.421753980839533
7.15 -0.358023882498018
7.16 -0.34660170823883
7.17 -0.349887672528538
7.18 -0.329597512188087
7.19 -0.289693817029732
7.2 -0.253726284191559
7.21 -0.226930773316865
7.22 -0.196648246873322
7.23 -0.156880899845744
7.24 0.010717446089866
7.25 0.005782474530279
7.26 0.00835076322901
7.27 -0.019168942166905
7.28 -0.028580197802692
7.29 -0.023641796290191
7.3 -0.07387201551026
7.31 -0.071387274542307
7.32 -0.084216792174678
7.33 -0.09406143605893
7.34 -0.078671965806483
7.35 -0.058790543527891
7.36 -0.026689055216946
7.37 0.012249444298951
7.38 0.040282832432784
7.39 0.059333348886576
7.4 0.072248204961279
7.41 0.080609883188707
7.42 0.096503461569891
7.43 0.13448289209961
7.44 0.197854444160854
7.45 0.272636773513694
7.46 0.330983962121986
7.47 0.351377254659725
7.48 0.344218289460093
7.49 0.339304596394496
7.5 0.339057534951385
7.51 0.322068991551
7.52 0.289180085437756
7.53 0.257321018578313
7.54 0.221721607665985
7.55 -0.035086672380336
7.56 0.045827787807239
7.57 -0.005650381969086
7.58 -0.021278238632106
7.59 -0.056368085612162
7.6 -0.088332443153087
7.61 -0.07423437555476
7.62 -0.089831267027603
7.63 -0.109280816476386
7.64 -0.11581423279585
7.65 -0.128437575519749
7.66 -0.137797745186951
7.67 -0.135093033490714
7.68 -0.125022217055448
7.69 -0.107369173302502
7.7 -0.082657309550355
7.71 -0.055259351322613
7.72 -0.030651088251369
7.73 -0.015578012030192
7.74 -0.022949206401352
7.75 -0.06259197953931
7.76 -0.123557842787175
7.77 -0.171922820540444
7.78 -0.1861723562068
7.79 -0.190798843494112
7.8 -0.21865918274305
7.81 -0.253450295978854
7.82 -0.279843105047953
7.83 -0.320493667341982
7.84 -0.203863808282428
7.85 -0.110958129923003
7.86 -0.113367397542095
7.87 -0.110940174250297
7.88 -0.104654829580024
7.89 -0.107294657615803
7.9 -0.107579661499441
7.91 -0.123819219805558
7.92 -0.141482791841025
7.93 -0.146010540670786
7.94 -0.142495117435716
7.95 -0.137645607114955
7.96 -0.140461330744085
7.97 -0.154400869104856
7.98 -0.166588580842465
7.99 -0.170081260170777
8.0 -0.170990074381236
8.01 -0.171693075064369
8.02 -0.168473442859292
8.03 -0.106702207477494
8.04 -0.065927522539116
8.05 -0.03787340935402
8.06 0.025093939423228
8.07 0.081079397619966
8.08 0.100252369303548
8.09 0.128666840268604
8.1 0.162788718515135
8.11 0.140475801257662
8.12 0.167755578113808
8.13 0.199572539036869
8.14 0.164518990586934
8.15 0.19804141868391
8.16 0.248562599974161
8.17 0.223029499650963
8.18 0.210510202350552
8.19 0.214738639335279
8.2 0.191377424302875
8.21 0.166584962281825
8.22 0.168010813926922
8.23 0.181734191983259
8.24 0.195290147802893
8.25 0.215810059971993
8.26 0.253126095110748
8.27 0.300335392039269
8.28 0.338021407784199
8.29 0.356217932633777
8.3 0.363772901112125
8.31 0.370566752714727
8.32 0.367832225585398
8.33 0.348997213766264
8.34 0.317129398292131
8.35 0.276059144494609
8.36 0.147463021215886
8.37 0.012128687940143
8.38 0.085510468722217
8.39 0.007524929454875
8.4 -0.001299976774559
8.41 -0.062419842515987
8.42 -0.08625603131938
8.43 -0.10731390842128
8.44 -0.14098481293912
8.45 -0.163872060847589
8.46 -0.178307168447067
8.47 -0.184134294678387
8.48 -0.174292847143721
8.49 -0.155229382670016
8.5 -0.136176133215731
8.51 -0.124994940699416
8.52 -0.12695518368764
8.53 -0.142155328776117
8.54 -0.169112148339715
8.55 -0.208548531988817
8.56 -0.263661121819073
8.57 -0.32926003563738
8.58 -0.378467770888445
8.59 -0.371469439718964
8.6 -0.337203812653966
8.61 -0.333093908295661
8.62 -0.344947578338713
8.63 -0.346639120252561
8.64 -0.33341337087242
8.65 -0.319257035996289
8.66 -0.283071759904124
8.67 -0.120210148341337
8.68 -0.144776891918773
8.69 -0.109290121188677
8.7 -0.070294689378265
8.71 -0.01949120542448
8.72 0.035896382860346
8.73 0.073759004630139
8.74 0.102298550999881
8.75 0.126800729082852
8.76 0.145604521724233
8.77 0.154154066940112
8.78 0.15292623436581
8.79 0.146773988036253
8.8 0.138331553262494
8.81 0.126740926583072
8.82 0.114800880716549
8.83 0.106917702185778
8.84 0.102442217725074
8.85 0.10144110626415
8.86 0.111230750405697
8.87 0.136395252950773
8.88 0.165585033798805
8.89 0.184334020908515
8.9 0.195895293581787
8.91 0.214153472530857
8.92 0.244131330580641
8.93 0.27883222411451
8.94 0.307387275669734
8.95 0.327316810818719
8.96 0.372930759875688
8.97 0.37379494326254
8.98 0.247346056712095
8.99 0.203590256477762
9.0 0.215477376131716
9.01 0.181418773884351
9.02 0.142399866610004
9.03 0.117098499352513
9.04 0.082386255179162
9.05 0.062989489704828
9.06 0.058512934184655
9.07 0.048501395940619
9.08 0.029861987641865
9.09 0.008586399454123
9.1 -0.008156013638807
9.11 -0.022006723700107
9.12 -0.040273795626035
9.13 -0.063561916897194
9.14 -0.089632863199944
9.15 -0.120260307471628
9.16 -0.15714362424745
9.17 -0.197043210289658
9.18 -0.238594615236672
9.19 -0.279425399019726
9.2 -0.309547888109854
9.21 -0.319398187646687
9.22 -0.313542817385675
9.23 -0.303316972818669
9.24 -0.291355108783903
9.25 -0.271612642918136
9.26 -0.24029385452348
9.27 -0.198680362494382
9.28 0.004192253333989
9.29 -0.070678423374116
9.3 -0.046900087819402
9.31 -0.077869840749897
9.32 -0.083879872408316
9.33 -0.130877769201808
9.34 -0.207343653293837
9.35 -0.276246404140632
9.36 -0.288043648212073
9.37 -0.333619536996858
9.38 -0.329305227837177
9.39 -0.332425281133866
9.4 -0.299795856945827
9.41 -0.276948563529854
9.42 -0.251320898416744
9.43 -0.204488907268666
9.44 -0.160046234849893
9.45 -0.104137341504159
9.46 -0.023595006176194
9.47 0.11426092819133
9.48 0.205048394963522
9.49 0.203201101983027
9.5 0.222564345165602
9.51 0.262342020985784
9.52 0.272614423323969
9.53 0.278166423052147
9.54 0.286855164647274
9.55 0.274000174353606
9.56 0.255951237666518
9.57 0.247812350837019
9.58 0.240401655263939
9.59 0.239883784193879
9.6 0.253624788798943
9.61 0.267068429309086
9.62 0.266262595149373
9.63 0.256393582399982
9.64 0.251539270501076
9.65 0.253286007725609
9.66 0.248507910180107
9.67 0.229747371012847
9.68 0.213692949631327
9.69 0.189849135678545
9.7 0.115837260210259
9.71 0.058088953465818
9.72 0.094033110545639
9.73 0.074052763210602
9.74 0.072680832674336
9.75 0.078056708592878
9.76 0.087296222889166
9.77 0.075602036624451
9.78 0.046047462647423
9.79 0.019468685479446
9.8 0.000449465080202
9.81 -0.008175903661853
9.82 -0.00884375321388
9.83 -0.005031715719266
9.84 -0.000465199058315
9.85 -0.000209624429939
9.86 -0.01001556983699
9.87 -0.032247733851348
9.88 -0.067004702561297
9.89 -0.115483108944437
9.9 -0.176414364900389
9.91 -0.24068474732912
9.92 -0.290475883345029
9.93 -0.314711783704399
9.94 -0.321263263515362
9.95 -0.320276759225352
9.96 -0.306631231429353
9.97 -0.270870698144987
9.98 -0.218136319281227
9.99 0.031640909222581
10.0 -0.03351637364669
10.01 -0.009060760358525
10.02 -0.013297405447201
10.03 0.000507179474926
10.04 0.019060906592256
10.05 0.000197431178224
10.06 0.002313931043527
10.07 -0.004106183347392
10.08 -0.016848455319939
10.09 -0.014626227004293
10.1 -0.015948228543478
10.11 -0.021690986719521
10.12 -0.019341560910853
10.13 -0.009783911895076
10.14 0.006352170803761
10.15 0.031131163035039
10.16 0.063239504317517
10.17 0.104176931525746
10.18 0.16658390647699
10.19 0.259303332875191
10.2 0.361687380962001
10.21 0.418745610162706
10.22 0.41369162948288
10.23 0.404616575932286
10.24 0.414179858436991
10.25 0.389332244330274
10.26 0.319238198278794
10.27 0.065159489430648
10.28 -0.099021609914702
10.29 -0.084537132043437
10.3 -0.157465548227863
10.31 -0.152773005776815
10.32 -0.201609392383262
10.33 -0.20213839842113
10.34 -0.171379722701378
10.35 -0.15354334187458
10.36 -0.110452573617336
10.37 -0.054507352402985
10.38 -0.010068479819237
10.39 0.035901749618474
10.4 0.086760111915048
10.41 0.131914361888855
10.42 0.172414490553619
10.43 0.208024976867946
10.44 0.226535247128272
10.45 0.221983151568729
10.46 0.195926355530332
10.47 0.138211861374153
10.48 -0.034260939366225
10.49 -0.176942045030775
10.5 -0.158702050628925
10.51 -0.241937479284463
10.52 -0.241140263867887
10.53 -0.29548934813741
10.54 -0.305498780132619
10.55 -0.325463314276823
10.56 -0.339806645153046
10.57 -0.281672635487934
10.58 -0.102421000603603
10.59 -0.161632300991915
10.6 -0.081620985309968
10.61 -0.045359139834694
10.62 -0.003344025625586
10.63 -0.013738531669082
10.64 0.012109223312301
10.65 0.015061840290478
10.66 0.021155616010104
10.67 0.018588037689024
10.68 -0.005764068471542
10.69 -0.017655411635801
10.7 -0.035405211726054
10.71 -0.051943870828063
10.72 -0.060236314675204
10.73 -0.0820470605014
10.74 -0.1072349024724
10.75 -0.118345166774486
10.76 -0.114063144611538
10.77 -0.089139854796816
10.78 -0.072632051443909
10.79 -0.095188653525994
10.8 -0.08101674058539
10.81 -0.104123386216008
10.82 -0.108296952309498
10.83 -0.128168929354099
10.84 -0.140404360482242
10.85 -0.108414605997787
10.86 -0.075498303658411
10.87 -0.043779472143067
10.88 -0.003103255938012
10.89 0.042217998925164
10.9 0.053896000634675
10.91 0.074583934441245
10.92 0.06764227481356
10.93 0.071392825812175
10.94 0.049619952262921
10.95 0.033549842750064
10.96 0.011252662745413
10.97 -0.002001050563374
10.98 -0.002721025369916
10.99 -0.000296783549411
11.0 -0.002479157273557
11.01 -0.010059061551786
11.02 -0.01486086942525
11.03 0.057290373487686
11.04 0.090020723222271
11.05 0.08300599086113
11.06 0.122847458950139
11.07 0.179870105544317
11.08 0.217467629991248
11.09 0.259531133064921
11.1 0.299621984694764
11.11 0.310230692288555
11.12 0.306098734246901
11.13 0.306671673778484
11.14 0.299205716427408
11.15 0.277218140066183
11.16 0.251219928982447
11.17 0.221533136717058
11.18 0.187086261206443
11.19 0.152259203367749
11.2 0.064875735334517
11.21 0.118817347717614
11.22 0.074192892345834
11.23 0.102446529643653
11.24 0.090052605709039
11.25 0.08803164364391
11.26 0.065528588646443
11.27 0.049262414371012
11.28 0.0371353230903
11.29 0.027694588925169
11.3 0.00737516667386
11.31 -0.011834904897405
11.32 -0.030627993086775
11.33 -0.054859971738139
11.34 -0.082780716194262
11.35 -0.109743358215651
11.36 -0.1363396167432
11.37 -0.165530299965023
11.38 -0.195058262715692
11.39 -0.217655244769208
11.4 -0.219559285304909
11.41 -0.208568227096605
11.42 -0.186880553672913
11.43 -0.168328791216023
11.44 -0.173278065031171
11.45 -0.192140986235417
11.46 -0.197679409766951
11.47 -0.184225544161366
11.48 -0.161476138915212
11.49 -0.134470758316319
11.5 -0.029263387485607
11.51 -0.064249372654162
11.52 -0.067225677630372
11.53 -0.048453373739572
11.54 -0.034366815402109
11.55 -0.03445536378513
11.56 -0.034906718224067
11.57 -0.034724210658221
11.58 -0.041028944992353
11.59 -0.041463580342121
11.6 -0.041953710086039
11.61 -0.045010917420186
11.62 -0.044810913197652
11.63 -0.036911310644687
11.64 -0.02073120414937
11.65 -0.002015164603199
11.66 0.014248850376748
11.67 0.032835008043908
11.68 0.062453871885921
11.69 0.105481713327377
11.7 0.155082408904297
11.71 0.195146506723504
11.72 0.216140938251663
11.73 0.233080536657538
11.74 0.262521526518268
11.75 0.293051131890252
11.76 0.307648296364818
11.77 0.310275397906735
11.78 0.30556186381087
11.79 0.28830019954392
11.8 0.260490286009914
11.81 0.232522755915681
11.82 0.200495988408644
11.83 0.15603390049878
11.84 0.115248869961443
11.85 0.126618239854269
11.86 0.107364448518291
11.87 0.105755903023392
11.88 0.11120862827333
11.89 0.113260210747138
11.9 0.112424699886828
11.91 0.113636236410622
11.92 0.110566897215366
11.93 0.107631909621811
11.94 0.104951784757724
11.95 0.095699348492871
11.96 0.078665543401525
11.97 0.062722325707469
11.98 0.047998061569297
11.99 0.030217859163027
12.0 0.003295635341697
12.01 -0.040927581445366
12.02 -0.102969640200685
12.03 -0.164544555351811
12.04 -0.198660217963284
12.05 -0.210159009365665
12.06 -0.226741735815644
12.07 -0.244278846431132
12.08 -0.247230873907426
12.09 -0.245993386646431
12.1 -0.242791110133953
12.11 -0.227620849843703
12.12 -0.202703890703042
12.13 -0.17559437542572
12.14 -0.154049677952441
12.15 -0.143282826807517
12.16 -0.143869106967351
12.17 -0.147743895649946
12.18 -0.143671502865748
12.19 -0.103074535286708
12.2 -0.07862674198555
12.21 -0.103305357840892
12.22 -0.106258787237092
12.23 -0.105043912819871
12.24 -0.113617812589362
12.25 -0.119373863124426
12.26 -0.129189367300955
12.27 -0.134636955434593
12.28 -0.133248867129659
12.29 -0.135818009052536
12.3 -0.137071869696507
12.31 -0.132517329070815
12.32 -0.118848168271214
12.33 -0.091478859386103
12.34 -0.058159989220036
12.35 -0.025886681586993
12.36 0.00191756391765
12.37 0.024630261668766
12.38 0.046897712145087
12.39 0.071339732752094
12.4 0.08515248439841
12.41 0.078032793465269
12.42 0.063901096901414
12.43 0.056338985344325
12.44 0.048115834895294
12.45 0.035487616628277
12.46 0.016943322990739
12.47 -0.0112196142273
12.48 -0.012815336370715
12.49 -0.007643452937404
12.5 -0.008085630835829
12.51 0.002961713734282
12.52 0.030638723227265
12.53 0.064484866509951
12.54 0.088230909099943
12.55 0.112777854263265
12.56 0.125226755808904
12.57 0.119737202581385
12.58 0.120556110789476
12.59 0.137442148162024
12.6 0.141855874225004
12.61 0.126351623291112
12.62 0.078572180143131
12.63 0.027080730343701
12.64 -0.020972846743197
12.65 -0.04145128468566
12.66 -0.041717515763732
12.67 -0.042287873088902
12.68 -0.031971099615703
12.69 -0.023158726692537
12.7 -0.009243643057051
12.71 0.000825906711515
12.72 -0.00191423886146
12.73 -0.012894807312378
12.74 -0.02743365517706
12.75 -0.043500538063432
12.76 -0.059256010492647
12.77 -0.06197040758467
12.78 -0.056619811207088
12.79 -0.054188711681759
12.8 -0.058991657923473
12.81 -0.070382938669211
12.82 -0.083810486356757
12.83 -0.086363836888667
12.84 -0.073151848496145
12.85 -0.056900954636857
12.86 -0.045284007437459
12.87 -0.02951957880839
12.88 -0.015314183547082
12.89 0.000315639505045
12.9 -0.008202493658235
12.91 -0.025336731546398
12.92 -0.027563057482924
12.93 -0.03512945229812
12.94 -0.031871115709159
12.95 -0.02797525949546
12.96 -0.025158041376215
12.97 -0.020636839641426
12.98 -0.015061549230367
12.99 -0.004463070669574
13.0 0.006658898163157
13.01 0.012884645880574
13.02 0.011647005051271
13.03 0.006373293070546
13.04 0.00630958909024
13.05 0.016681881291587
13.06 0.032737316425126
13.07 0.051375978367828
13.08 0.059629302579552
13.09 0.048245147718065
13.1 0.043243378474297
13.11 0.029942463001773
13.12 0.034338754474823
13.13 0.026415418112481
13.14 0.021277233735738
13.15 0.012188310768314
13.16 0.003321860362361
13.17 -0.013073862008265
13.18 -0.022690332888387
13.19 -0.029401858608292
13.2 -0.040685320638752
13.21 -0.055661038068099
13.22 -0.070147474867373
13.23 -0.079481636185189
13.24 -0.075724294156409
13.25 -0.067058031534672
13.26 -0.061009583568027
13.27 -0.053417124555197
13.28 -0.04366458829967
13.29 -0.037499104336521
13.3 -0.034687531282258
13.31 -0.030295706813071
13.32 -0.028506967610066
13.33 -0.035054000784317
13.34 -0.043698059920474
13.35 -0.048905350409122
13.36 -0.031221561642955
13.37 -0.020977065933464
13.38 -0.013860331298345
13.39 -0.004723144230764
13.4 0.006967032127798
13.41 0.011086700544144
13.42 0.011291207119597
13.43 0.015663246478468
13.44 0.017196608188337
13.45 0.018399791206398
13.46 0.021266848443868
13.47 0.021203596958795
13.48 0.02081685596456
13.49 0.019489467803035
13.5 0.01575273075549
13.51 0.010511792552585
13.52 0.004635080194455
13.53 -0.001624045919593
13.54 -0.020767446722979
13.55 -0.016726533847468
13.56 -0.022519675248173
13.57 -0.022887914369365
13.58 -0.022806191604372
13.59 -0.022203428524927
13.6 -0.027420093289852
13.61 -0.033988551714513
13.62 -0.040094437489649
13.63 -0.0429144197941
13.64 -0.043274125287556
13.65 -0.045587699550006
13.66 -0.049274744151945
13.67 -0.048862633888964
13.68 -0.045040499307655
13.69 -0.039907229408669
13.7 -0.035453130829503
13.71 -0.03540489334481
13.72 -0.037957660444528
13.73 -0.042052911588945
13.74 -0.032542170001667
13.75 -0.014582645800225
13.76 -0.008575029367567
13.77 -0.002810780552682
13.78 -0.001215386958818
13.79 -0.001799691091958
13.8 -0.004862516570101
13.81 -0.004620490233522
13.82 -0.000895384595892
13.83 0.002604259611746
13.84 0.00663401029635
13.85 0.011322212381896
13.86 0.020210081258946
13.87 0.034913186802675
13.88 0.052647537409561
13.89 0.068826434886461
13.9 0.080125757722941
13.91 0.076686159457944
13.92 0.085614532899233
13.93 0.094798443042634
13.94 0.093812633512938
13.95 0.084117426445814
13.96 0.071980488574897
13.97 0.062719071046165
13.98 0.063215365683423
13.99 0.04174643081005
14.0 0.032316746492405
14.01 0.020557370197965
14.02 0.022195253315797
14.03 0.02026841783497
14.04 0.022047167639686
14.05 0.031568816128654
14.06 0.038559119419089
14.07 0.041196870197446
14.08 0.039609392280245
14.09 0.035808248880464
14.1 0.034907095165153
14.11 0.037844260701133
14.12 0.04084196002116
14.13 0.037334105763418
14.14 0.02736188486829
14.15 0.014254926291962
14.16 0.006227959686639
14.17 0.004445209116562
14.18 -0.003632051881839
14.19 0.003574608843917
14.2 0.010066381069847
14.21 0.029590837419762
14.22 0.040589245894556
14.23 0.036748316393324
14.24 0.026476718234131
14.25 0.014756609820276
14.26 -0.004448574539341
14.27 -0.025247354140851
14.28 -0.035974049762734
14.29 -0.040695151989729
14.3 -0.045966158141994
14.31 -0.046114457890747
14.32 -0.041236501863513
14.33 -0.033163381370473
14.34 -0.021204357262672
14.35 -0.010704412358189
14.36 -0.005609402267864
14.37 0.002741801776908
14.38 0.006705446062127
14.39 0.006214626994477
14.4 -0.0048787497642
14.41 -0.022594679032078
14.42 -0.038488837400764
14.43 -0.061756613606793
14.44 -0.085378142399402
14.45 -0.107285422773694
14.46 -0.12374861722841
14.47 -0.120900504377732
14.48 -0.115958829372399
14.49 -0.119856623451372
14.5 -0.116682931797101
14.51 -0.107311016991902
14.52 -0.095791413985325
14.53 -0.083035097611059
14.54 -0.073371918826608
14.55 -0.070503039449472
14.56 -0.072313683099602
14.57 -0.076306954612267
14.58 -0.079204542071821
14.59 -0.080990980114959
14.6 -0.086128465718542
14.61 -0.094461891872229
14.62 -0.10364556707093
14.63 -0.111496643856944
14.64 -0.102451560824234
14.65 -0.091302822036646
14.66 -0.07402231579884
14.67 -0.05354282787226
14.68 -0.03228946712463
14.69 -0.020949309018266
14.7 -0.01400546509294
14.71 -0.003944131937769
14.72 0.009532788883473
14.73 0.018626125941961
14.74 0.026201077787237
14.75 0.032840832116643
14.76 0.038057010921517
14.77 0.045372089762929
14.78 0.05372912167752
14.79 0.06090139005728
14.8 0.064996688665318
14.81 0.066440419765112
14.82 0.067734701622111
14.83 0.070068541475795
14.84 0.07358649362191
14.85 0.077702039223365
14.86 0.079523108539173
14.87 0.075709649964584
14.88 0.071207417791864
14.89 0.062003110614368
14.9 0.061635118754243
14.91 0.066677893494268
14.92 0.069332717091572
14.93 0.069027073271073
14.94 0.060592251180284
14.95 0.067349049396143
14.96 0.065877246931659
14.97 0.058999415024519
14.98 0.057536316468899
14.99 0.055978608308123
15.0 0.048787105983175
15.01 0.040370024823065
15.02 0.038576470511455
15.03 0.037152590635898
15.04 0.036937150788881
15.05 0.031052027376154
15.06 0.020232433884763
15.07 0.007019344815842
15.08 -0.002930290875446
15.09 -0.009176747504787
15.1 -0.019528534260051
15.11 -0.031126681978108
15.12 -0.039131141681055
15.13 -0.044085753468605
15.14 -0.043390719676287
15.15 -0.038149844314828
15.16 -0.035088541556901
15.17 -0.032335303951773
15.18 -0.0235916899458
15.19 0.010158514355703
15.2 0.013570340493057
15.21 0.021699927222682
15.22 0.02332746269944
15.23 0.029403022383699
15.24 0.022922005587581
15.25 0.019462011446569
15.26 0.009397891609412
15.27 -0.000109168815844
15.28 -0.013136226451654
15.29 -0.023835092446511
15.3 -0.028348813897572
15.31 -0.025793885906144
15.32 -0.024238443891414
15.33 -0.01867891124952
15.34 -0.006959479457857
15.35 0.00955670892166
15.36 0.032581639155454
15.37 0.056076595156719
15.38 0.055344497696145
15.39 0.050890067846468
15.4 0.043215789937864
15.41 0.026173860958248
15.42 0.005304779237534
15.43 -0.014940314503822
15.44 -0.021294701590374
15.45 -0.018206737707354
15.46 -0.019915861529915
15.47 -0.011336340789774
15.48 0.009550635613482
15.49 0.032481752896048
15.5 0.052892129508836
15.51 0.075513827253949
15.52 0.099304149300951
15.53 0.099645346896763
15.54 0.115668327996678
15.55 0.13713246739278
15.56 0.142936358474067
15.57 0.136818842048282
15.58 0.130413144166673
15.59 0.122808694661424
15.6 0.10816098841827
15.61 0.088256697461214
15.62 0.071982113871823
15.63 0.06199110080554
15.64 0.058230761453588
15.65 0.044441878936902
15.66 -0.032019533748065
15.67 0.005773021173247
15.68 -0.018237790509265
15.69 -0.005856326331792
15.7 -0.025820317846094
15.71 -0.021162922143129
15.72 -0.032406087965865
15.73 -0.022588122581701
15.74 -0.016058286561169
15.75 -0.005589287607995
15.76 0.001819015010456
15.77 0.01458487910968
15.78 0.022464761794058
15.79 0.021061688365236
15.8 0.018833564050976
15.81 0.010306493803022
15.82 -0.001956969001466
15.83 -0.019160262377744
15.84 -0.04936250964896
15.85 -0.087466402762653
15.86 -0.120267398172745
15.87 -0.137929299837932
15.88 -0.144795137877824
15.89 -0.15588103368274
15.9 -0.158994675716191
15.91 -0.149805321096584
15.92 -0.113965637744703
15.93 -0.046446093271207
15.94 -0.032869992344812
15.95 -0.006491335112354
15.96 0.015771742814946
15.97 0.040494970736932
15.98 0.046826264996659
15.99 0.053762436191358
16.0 0.05304471637821
16.01 0.041440537782332
16.02 0.022911630540604
16.03 0.00020948824884
16.04 -0.025988406067427
16.05 -0.047218617302222
16.06 -0.06006405407599
16.07 -0.070248806303533
16.08 -0.078595951081658
16.09 -0.080951752446302
16.1 -0.067159638058234
16.11 0.004034783356659
16.12 0.038421392052224
16.13 0.058240043669978
16.14 0.074399544335356
16.15 0.08932930834312
16.16 0.089026734084995
16.17 0.088354183479849
16.18 0.065528258992559
16.19 0.046514468511998
16.2 0.047840512020631
16.21 0.03626998933769
16.22 0.021978930968552
16.23 0.020681924394118
16.24 0.014231478631979
16.25 0.020212149921549
16.26 0.030870969085389
16.27 0.050112750572498
16.28 0.06372525441333
16.29 0.061830937956607
16.3 0.091447351201311
16.31 0.086034127399803
16.32 0.080910983009754
16.33 0.087456121544616
16.34 0.082743776629366
16.35 0.074759171334705
16.36 0.060833538700476
16.37 0.053468981170127
16.38 0.052596506826162
16.39 0.033128697768542
16.4 -0.006995271849252
16.41 0.006733946731876
16.42 0.013716218992539
16.43 0.013239612261054
16.44 0.015554748346621
16.45 0.010615351787755
16.46 0.009472288737222
16.47 -0.000638556011234
16.48 -0.001312272008781
16.49 0.001571014871712
16.5 0.003043470920464
16.51 0.003958846929814
16.52 0.001382898985817
16.53 0.004900787117341
16.54 0.007954116360077
16.55 0.006133533738609
16.56 -0.00606678881336
16.57 -0.025789735111139
16.58 -0.048088154951285
16.59 -0.070487455312888
16.6 -0.078017645558762
16.61 -0.080749149298887
16.62 -0.094376926401653
16.63 -0.104591981164045
16.64 -0.109955221372608
16.65 -0.112007115589416
16.66 -0.103687339517766
16.67 -0.093197812907166
16.68 -0.082175913770168
16.69 -0.055711903301698
16.7 -0.0365820012757
16.71 -0.021890304895585
16.72 -0.00507803457847
16.73 0.007348127670896
16.74 0.015527006099282
16.75 0.017016247280985
16.76 0.017574005441209
16.77 0.016087011740802
16.78 0.011559055460425
16.79 0.001214912680678
16.8 -0.011953020329316
16.81 -0.023799676220155
16.82 -0.031997055493228
16.83 -0.040479490852507
16.84 -0.048998791018819
16.85 -0.054006279117576
16.86 -0.051703300087604
16.87 -0.038198662967318
16.88 -0.014695385473306
16.89 -0.005915733973651
16.9 0.011275019586946
16.91 0.033070463951198
16.92 0.043271400773511
16.93 0.054970780105687
16.94 0.050742932916252
16.95 0.045110028451532
16.96 0.047346836567549
16.97 0.034562590373161
16.98 0.01596885503976
16.99 0.002962095532022
17.0 -0.01033249635046
17.01 -0.020990047102468
17.02 -0.026234084368731
17.03 -0.018718879700576
17.04 -0.002138151496558
17.05 0.015822381401159
17.06 0.03030882860625
17.07 0.047195111060389
17.08 0.053455296781392
17.09 0.049241298348523
17.1 0.065411090322641
17.11 0.05910456844397
17.12 0.050322162477269
17.13 0.040341705356683
17.14 0.018991607440227
17.15 -0.0098007084844
17.16 -0.029853503744648
17.17 -0.036727829263159
17.18 -0.047053989024833
17.19 -0.037388219577742
17.2 -0.032289480381824
17.21 -0.016849807436352
17.22 -0.008616928131568
17.23 0.00039845946129
17.24 -0.009028493660951
17.25 -0.020182997535872
17.26 -0.03492341902959
17.27 -0.052697104089691
17.28 -0.063591710171341
17.29 -0.070711862691046
17.3 -0.07743501035406
17.31 -0.084098228706753
17.32 -0.09082709956087
17.33 -0.09762424814526
17.34 -0.108473555127617
17.35 -0.111862448034547
17.36 -0.106345828280126
17.37 -0.100791745618269
17.38 -0.093775585815364
17.39 -0.082533226185416
17.4 -0.05128248349385
17.41 -0.022061399226111
17.42 -0.002153256144099
17.43 -0.000325129717782
17.44 0.009865452874721
17.45 0.010280952590822
17.46 0.012911642155678
17.47 0.020398911789832
17.48 0.030103614853303
17.49 0.040651200241992
17.5 0.049584575092196
17.51 0.054636487731211
17.52 0.054459519307152
17.53 0.054007978968194
17.54 0.054637441973663
17.55 0.05270923270738
17.56 0.048654237270321
17.57 0.048456834958089
17.58 0.051072863376802
17.59 0.056669710933641
17.6 0.061897325165557
17.61 0.060677797260155
17.62 0.0495732380595
17.63 0.050352668113342
17.64 0.041927446939619
17.65 0.036295512933546
17.66 0.023403796279398
17.67 0.014904040266914
17.68 0.02571344473684
17.69 0.04251188649881
17.7 0.051095940267542
17.71 0.058593293157988
17.72 0.060601362324894
17.73 0.054551156131562
17.74 0.045509127817707
17.75 0.032439569925366
17.76 0.015493450952519
17.77 -0.005908388696272
17.78 -0.032146266850567
17.79 -0.059025763423359
17.8 -0.080484665422961
17.81 -0.090967739359449
17.82 -0.091261941604897
17.83 -0.086837896287417
17.84 -0.080085179023708
17.85 -0.066274050247474
17.86 -0.002570360279811
17.87 0.024939553413365
17.88 0.049394125984595
17.89 0.069863652818536
17.9 0.091468995485799
17.91 0.099674981682338
17.92 0.102482359382172
17.93 0.094946924489428
17.94 0.077037405795509
17.95 0.055824094354688
17.96 0.033935209739031
17.97 0.011108611728749
17.98 -0.013396502954814
17.99 -0.031137116640734
18.0 -0.041706794270519
18.01 -0.048742697651595
18.02 -0.047557713789688
18.03 -0.033145551956529
18.04 0.017098921429481
18.05 0.046016792062964
18.06 0.058259711834542
18.07 0.068130147752338
18.08 0.087649469726186
18.09 0.097820087510582
18.1 0.10251098512603
18.11 0.079199411607579
18.12 0.071660738531532
18.13 0.085709886418223
18.14 0.063478062044707
18.15 0.068139441388337
18.16 0.043789812254389
18.17 0.035409470550005
18.18 0.006049235202913
18.19 0.000660084528591
18.2 -0.014788291346121
18.21 -0.015900060454625
18.22 -0.024917989777708
18.23 -0.025989671130168
18.24 -0.027540363286373
18.25 -0.032933776300188
18.26 -0.03139341877617
18.27 -0.041022948364206
18.28 -0.046132938610961
18.29 -0.055979260274399
18.3 -0.05906175748571
18.31 -0.05093166372396
18.32 -0.0419398304957
18.33 -0.034400570885812
18.34 -0.031218760084946
18.35 -0.026023874789802
18.36 -0.019515258082502
18.37 -0.01158609552535
18.38 0.006419271915809
18.39 0.000731840219334
18.4 0.012480134407637
18.41 0.014918720682733
18.42 0.013849256188693
18.43 -0.000362658058801
18.44 -0.009006689716022
18.45 -0.021147411166983
18.46 -0.034634487602327
18.47 -0.050343959759414
18.48 -0.056472699414428
18.49 -0.05663291224932
18.5 -0.057566383541399
18.51 -0.060958303602731
18.52 -0.054778760010772
18.53 -0.040776979956309
18.54 -0.016563842718731
18.55 0.009001236258653
18.56 0.023066903649373
18.57 0.029677462830331
18.58 0.03400227295911
18.59 0.030464984881547
18.6 0.018188080172611
18.61 0.002199701082615
18.62 -0.014948463003716
18.63 -0.027009420607931
18.64 -0.039196917347722
18.65 -0.048212577831727
18.66 -0.051085086748604
18.67 -0.051560190222759
18.68 -0.04970031094654
18.69 -0.045263889470464
18.7 -0.036753815268092
18.71 -0.022485643484972
18.72 -0.014774401463323
18.73 -0.010926833812651
18.74 -0.008340409212002
18.75 -0.005721750297612
18.76 -0.010527501433931
18.77 -0.0153880615792
18.78 -0.025583023324736
18.79 -0.03001646664781
18.8 -0.02864134893007
18.81 -0.023734964366314
18.82 -0.020039996319382
18.83 -0.011977850485387
18.84 0.001825998235232
18.85 0.010007971085184
18.86 0.019159181728555
18.87 0.026282349692268
18.88 0.035400802420613
18.89 0.040959073373886
18.9 0.045224667959622
18.91 0.047124562059618
18.92 0.04757593582084
18.93 0.043540201967332
18.94 0.039041020416178
18.95 0.030126783679331
18.96 0.021809205287949
18.97 0.011601775016819
18.98 -0.020473937688597
18.99 -0.021296555745665
19.0 -0.032036529011637
19.01 -0.035207476606266
19.02 -0.042536828421078
19.03 -0.043757291013099
19.04 -0.053177953617398
19.05 -0.056351158042755
19.06 -0.055657312549234
19.07 -0.052580220392881
19.08 -0.04684789625915
19.09 -0.041006157408455
19.1 -0.034339678258095
19.11 -0.027813247819932
19.12 -0.024616598681127
19.13 -0.030602420428905
19.14 -0.023504459815952
19.15 -0.025123178009552
19.16 -0.034500312082309
19.17 -0.047114031080262
19.18 -0.035462755311881
19.19 -0.013083658256
19.2 -0.011887125247165
19.21 -0.014138966647746
19.22 -0.007329845811833
19.23 0.003674278251854
19.24 0.002003559391309
19.25 -0.004536760011542
19.26 -0.00382136754795
19.27 -0.001545214847518
19.28 0.000542471443009
19.29 0.00175064467895
19.3 0.005538801488977
19.31 0.014271712964623
19.32 0.027046869126042
19.33 0.042417010297587
19.34 0.057761758963132
19.35 0.073287543478058
19.36 0.088271973190799
19.37 0.09996899279269
19.38 0.105061547962826
19.39 0.10163850221032
19.4 0.093731796208815
19.41 0.0864244792045
19.42 0.065103518928647
19.43 0.04693589580541
19.44 0.02939621140176
19.45 0.019765717896331
19.46 0.010742445166953
19.47 0.011949262490691
19.48 0.009444416410234
19.49 0.012932044452333
19.5 0.021970379877752
19.51 0.034339463043129
19.52 0.046228849713903
19.53 0.056221272074566
19.54 0.061533792418116
19.55 0.065103253230218
19.56 0.069220955728927
19.57 0.070272780703334
19.58 0.065735231943428
19.59 0.055967123442201
19.6 0.027507657580063
19.61 0.027606760655163
19.62 0.03259412946814
19.63 0.036964226719351
19.64 0.040382878296282
19.65 0.051832724702418
19.66 0.063731684462018
19.67 0.059486465599173
19.68 0.040363453140438
19.69 0.024164487323023
19.7 -0.01513090236462
19.71 -0.033129059057914
19.72 -0.050049425969408
19.73 -0.061518125107093
19.74 -0.068049033983975
19.75 -0.053957982608682
19.76 -0.04680719834558
19.77 -0.0524193171834
19.78 -0.060495141523505
19.79 -0.026938433031684
19.8 -0.019865291528679
19.81 0.000400676869771
19.82 0.022697143360311
19.83 0.028265972870596
19.84 0.042818894304254
19.85 0.044550843611439
19.86 0.03343765111729
19.87 0.012927619842192
19.88 -0.046011758704003
19.89 -0.054391546595189
19.9 -0.08514959003313
19.91 -0.085542317243041
19.92 -0.108145438223331
19.93 -0.100152279806984
19.94 -0.104967169723291
19.95 -0.071423160953933
19.96 -0.055301089571564
19.97 -0.064343468678418
19.98 -0.046117310992547
19.99 -0.03793873317558
20.0 -0.021664196074153
20.01 -0.006522230285623
20.02 0.006718356018
20.03 0.01137720316641
20.04 0.010648427751467
20.05 0.005999015754921
20.06 -0.000240843587475
20.07 -0.007363041604761
20.08 -0.015844310202616
20.09 -0.019420690367776
20.1 -0.019004362510505
20.11 -0.013099835615296
20.12 -0.004093037812665
20.13 0.011573767442144
20.14 0.023824793105284
20.15 0.023785114078533
20.16 0.018938260284601
20.17 0.019368284431922
20.18 0.018428773677348
20.19 0.012177773786489
20.2 -0.009296783867993
20.21 -0.013580614021321
20.22 -0.008171458603903
20.23 -0.010145174051199
20.24 -0.019079421610838
20.25 -0.021314635714914
20.26 -0.023900278005001
20.27 -0.021506824887388
20.28 -0.015572850107549
20.29 -0.009114924050321
20.3 0.000988159980228
20.31 0.009602354141104
20.32 0.013841729475931
20.33 0.016718057448345
20.34 0.01528046982325
20.35 0.010310085636139
20.36 8.9619847685e-05
20.37 -0.019395516801463
20.38 -0.034060654424291
20.39 -0.030880739722197
20.4 -0.026686936669559
20.41 -0.032535483947784
20.42 -0.028992932490547
20.43 -0.019592432007237
20.44 -0.015972429090754
20.45 -0.027781275330313
20.46 -0.030482172702922
20.47 -0.03094542376056
20.48 -0.034881396412559
20.49 -0.036355708796784
20.5 -0.031925931010469
20.51 -0.030105427781235
20.52 -0.025267188390901
20.53 -0.025937771118106
20.54 -0.018684883023104
20.55 -0.008689771831015
20.56 -0.000965880654343
20.57 0.006226363765448
20.58 0.013577309280317
20.59 0.020004464250458
20.6 0.024511093298561
20.61 0.021393534718753
20.62 0.011046455762518
20.63 -0.001916753516744
20.64 -0.011389868097798
20.65 -0.017712102086677
20.66 -0.021901591252976
20.67 -0.019924570446823
20.68 -0.012651738067776
20.69 -0.005334065426924
20.7 0.003296266553113
20.71 0.01090361093677
20.72 0.017288452786387
20.73 0.023737774336239
20.74 0.02562017689024
20.75 0.024333521090136
20.76 0.020091810794333
20.77 0.010887925017633
20.78 0.002337488200428
20.79 -0.006037119996192
20.8 -0.009106376836569
20.81 -0.009164201235357
20.82 -0.007357870182054
20.83 -0.001217976621452
20.84 0.010092592861955
20.85 0.021605324187371
20.86 0.031047817331204
20.87 0.037547551579928
20.88 0.039816453848101
20.89 0.037905892380413
20.9 0.030670594692205
20.91 0.018443190290856
20.92 0.003933520347207
20.93 -0.010730616359797
20.94 -0.025634056060861
20.95 -0.038529767501928
20.96 -0.040771909953769
20.97 -0.040748078018999
20.98 -0.038926595082667
20.99 -0.029623430999512
21.0 -0.018759440107678
21.01 -0.001071326143921
21.02 0.008438025959904
21.03 0.015477545447408
21.04 0.015381099927569
21.05 0.010376377355513
21.06 0.002365244648453
21.07 -0.002344509866015
21.08 -0.008922771747136
21.09 -0.014820403358047
21.1 -0.022778347944558
21.11 -0.031021070150686
21.12 -0.033084450871623
21.13 -0.031345161519058
21.14 -0.026799897751746
21.15 -0.015277312060448
21.16 -0.004274872294379
21.17 0.002488314881733
21.18 0.009811454474111
21.19 0.010903257452913
21.2 0.010959075450152
21.21 0.009149024116971
21.22 0.006628295304739
21.23 0.003969224351591
21.24 0.002113966556854
21.25 0.003298638187546
21.26 0.009559985365252
21.27 0.01850267432475
21.28 0.027276678634449
21.29 0.035323874402861
21.3 0.043454999558085
21.31 0.040349862525478
21.32 0.05340589212376
21.33 0.065685213001347
21.34 0.063540520571887
21.35 0.05987536364748
21.36 0.055568598492515
21.37 0.047660735887369
21.38 0.029460588264236
21.39 0.001425873091923
21.4 -0.007788180548198
21.41 -0.018715301668952
21.42 -0.027739201886108
21.43 -0.033608286577765
21.44 -0.032109333866173
21.45 -0.027097796196087
21.46 -0.018433554980532
21.47 -0.009498051619034
21.48 0.002389870011505
21.49 0.01462888520905
21.5 0.029940962863202
21.51 0.045554785265833
21.52 0.058925514853219
21.53 0.060874786299488
21.54 0.063166640010842
21.55 0.051433996900521
21.56 0.034184604664342
21.57 0.011784745773908
21.58 0.003304706504855
21.59 -0.002321703261018
21.6 -0.003313952772573
21.61 0.005375132648556
21.62 0.010775207275675
21.63 0.009718382556566
21.64 0.010869669438119
21.65 0.011889863269505
21.66 0.016592511106203
21.67 0.023047085658394
21.68 0.029457689209666
21.69 0.037618822585907
21.7 0.046752952152156
21.71 0.053532062582105
21.72 0.049342814064578
21.73 0.042058880588105
21.74 0.025865912719671
21.75 0.011310754160777
21.76 -0.002953513569486
21.77 -0.012807088552681
21.78 -0.013420886723207
21.79 -0.015620092728764
21.8 -0.016347211523372
21.81 -0.015350480802988
21.82 -0.017072339425812
21.83 -0.016897975453976
21.84 -0.017232995579513
21.85 -0.017066265177662
21.86 -0.016419978468868
21.87 -0.015217848560414
21.88 -0.012464726967964
21.89 -0.012031952200502
21.9 -0.014028232859611
21.91 -0.018374088981938
21.92 -0.025652387360062
21.93 -0.03700733966034
21.94 -0.041969832279664
21.95 -0.044041615149326
21.96 -0.039859451410367
21.97 -0.032374104933049
21.98 -0.018352289328666
21.99 -0.003346623692668
22.0 -0.000511819217157
22.01 0.001156972199858
22.02 0.007231992503589
22.03 0.007477014618107
22.04 0.007328822006581
22.05 0.00662905154843
22.06 0.006873396996218
22.07 0.007497041477975
22.08 0.004602696858846
22.09 -0.000629487744912
22.1 -0.006417025564627
22.11 -0.011789962371508
22.12 -0.018565872404845
22.13 -0.020542580509406
22.14 -0.020531690959544
22.15 -0.01930971581878
22.16 -0.016297041034123
22.17 -0.014593846416035
22.18 -0.012137622188638
22.19 -0.011026533352263
22.2 -0.011405501661096
22.21 -0.010986197144842
22.22 -0.011696920800852
22.23 -0.012434283703838
22.24 -0.01506769648058
22.25 -0.020306505801521
22.26 -0.028128693496169
22.27 -0.038143599335722
22.28 -0.049685856916135
22.29 -0.054232238381222
22.3 -0.058667423871503
22.31 -0.059999833666881
22.32 -0.059461813665211
22.33 -0.053687853539604
22.34 -0.034260298085665
22.35 -0.021130902237476
22.36 -0.014814831346078
22.37 -0.005029426305487
22.38 -0.001994037086011
22.39 -0.001454267297931
22.4 -0.003526815128799
22.41 -0.008114723984297
22.42 -0.015372818535312
22.43 -0.026409073093484
22.44 -0.040087785009736
22.45 -0.050658830577511
22.46 -0.057371891698927
22.47 -0.055183900352753
22.48 -0.051617243517353
22.49 -0.044321205914433
22.5 -0.033207887193384
22.51 -0.01336004995494
22.52 0.008307847033246
22.53 0.020149662890597
22.54 0.029158398359339
22.55 0.035901348778638
22.56 0.035411753092482
22.57 0.032886200078449
22.58 0.014212645118259
22.59 0.003825031952897
22.6 -0.006940935146813
22.61 -0.017961086413196
22.62 -0.027484996899355
22.63 -0.029237117942552
22.64 -0.026750312252919
22.65 -0.017960558516097
22.66 -0.001213247592139
22.67 0.003766576727512
22.68 0.021124425602342
22.69 0.028048053613627
22.7 0.036600354532511
22.71 0.042431472459071
22.72 0.044942737402226
22.73 0.0427867056163
22.74 0.03902727746233
22.75 0.028603109259287
22.76 -0.001768582657727
22.77 -0.008145608747781
22.78 -0.020574429946506
22.79 -0.022589318310074
22.8 -0.025717694701384
22.81 -0.019769256009559
22.82 -0.010948806196891
22.83 0.000314504482376
22.84 0.010443317676325
22.85 0.022089514880195
22.86 0.029524852585149
22.87 0.033276128216384
22.88 0.033570437557791
22.89 0.031125818436062
22.9 0.029057362934948
22.91 0.023693002141646
22.92 0.015244664202402
22.93 0.007077395855872
22.94 -0.005102809464262
22.95 -0.008753819063796
22.96 -0.011153174107048
22.97 -0.010968054635704
22.98 0.001017491583679
22.99 0.016537451555646
23.0 0.030990562020269
23.01 0.04131910106395
23.02 0.044428244954456
23.03 0.048694546541371
23.04 0.052908893619743
23.05 0.051071316374452
23.06 0.049245156741555
23.07 0.041591347000451
23.08 0.03225007124825
23.09 0.026981860519268
23.1 0.015217522765708
23.11 0.013414576964198
23.12 0.014880995684524
23.13 0.01541160284621
23.14 0.019427052909823
23.15 0.024902818940423
23.16 0.032393141484442
23.17 0.041894229990385
23.18 0.038991050323084
23.19 0.035293789586887
23.2 0.029392680537975
23.21 0.021302700845682
23.22 0.010916728181674
23.23 0.000277171986032
23.24 -0.001109638462778
23.25 -0.005979204572401
23.26 -0.010868672033093
23.27 -0.012521244969493
23.28 -0.016271920269775
23.29 -0.016690037737025
23.3 -0.01507135798691
23.31 -0.010150706616517
23.32 -0.004330732396801
23.33 0.002186807147353
23.34 0.00616278326303
23.35 0.007227007727208
23.36 0.007384836841028
23.37 0.002477575247921
23.38 -0.002885070491828
23.39 -0.008660930058058
23.4 -0.014320598312989
23.41 -0.016397017940769
23.42 -0.013240110640208
23.43 -0.009563684613179
23.44 -0.013015315335393
23.45 -0.014167314998199
23.46 -0.014176451908072
23.47 -0.015089280692951
23.48 -0.015212820444472
23.49 -0.012383986856409
23.5 -0.006577043789022
23.51 -0.001628533675125
23.52 0.000993679831882
23.53 0.004428654388294
23.54 0.008593913185399
23.55 0.010953063415452
23.56 0.010431983647789
23.57 0.007541979572171
23.58 0.003658436167316
23.59 0.001456959967943
23.6 0.00162035158717
23.61 -0.000374379715063
23.62 -0.002812339221609
23.63 -0.006111246512299
23.64 -0.010129383248037
23.65 -0.011656248244051
23.66 -0.011056898475838
23.67 -0.00804457381168
23.68 -0.003629520229095
23.69 0.002361204297082
23.7 0.007723203143388
23.71 0.011984983142093
23.72 0.011694007968086
23.73 0.007134998755511
23.74 0.000266603708428
23.75 -0.007219208132571
23.76 -0.014830358027374
23.77 -0.020358358727168
23.78 -0.023257870895381
23.79 -0.023027818613433
23.8 -0.019616706329717
23.81 -0.013333297921851
23.82 -0.00611756889787
23.83 0.000577766023331
23.84 0.008085517466803
23.85 0.015036948441583
23.86 0.019753915239381
23.87 0.022764044058222
23.88 0.021301591251727
23.89 0.013601388954634
23.9 0.000363681142168
23.91 -0.013452592406796
23.92 -0.025229613307502
23.93 -0.034086350819771
23.94 -0.037313791823124
23.95 -0.037217566129114
23.96 -0.032253454828061
23.97 -0.020818822617769
23.98 -0.009994691579665
23.99 -0.000833492449396
24.0 0.00616474490795
24.01 0.012080191468012
24.02 0.015650979958419
24.03 0.014550534240356
24.04 0.012757678121244
24.05 0.007592065407214
24.06 -0.00180948367424
24.07 -0.011817923819236
24.08 -0.023936459855009
24.09 -0.030353292894085
24.1 -0.032979434266984
24.11 -0.029778863742063
24.12 -0.028532908527944
24.13 -0.022611850096451
24.14 -0.010548460488422
24.15 -0.003664374649771
24.16 -0.002555712879627
24.17 0.001674253190624
24.18 0.004639448958668
24.19 0.005804517444855
24.2 0.001245282041726
24.21 -0.003834052263721
24.22 -0.00976902576187
24.23 -0.018078862376391
24.24 -0.023881295871045
24.25 -0.02631600034859
24.26 -0.026375044936707
24.27 -0.024800976501393
24.28 -0.02057568117902
24.29 -0.01526712277617
24.3 -0.010522190318942
24.31 -0.00632125442326
24.32 -0.003738706526889
24.33 -0.003533478162518
24.34 -0.001956310510289
24.35 -0.001717449600755
24.36 -0.004168310805767
24.37 -0.007788274951463
24.38 -0.008907201162369
24.39 -0.01059085382823
24.4 -0.01148187806534
24.41 -0.009197903249652
24.42 -0.004145112742452
24.43 -0.000183138865001
24.44 0.003529702179724
24.45 0.007279404459096
24.46 0.008862152431848
24.47 0.008710346477107
24.48 0.006859714685666
24.49 0.005218748134664
24.5 0.004468686637013
24.51 0.003928463358937
24.52 0.002765543830904
24.53 0.00161652538871
24.54 0.002147057809472
24.55 0.004597712346754
24.56 0.007964600191002
24.57 0.011559268895048
24.58 0.015658572971585
24.59 0.020837354118316
24.6 0.025221996910183
24.61 0.027333594687841
24.62 0.026708084830384
24.63 0.023514108694323
24.64 0.018348540353858
24.65 0.01040163564132
24.66 0.001309256589561
24.67 -0.007125843019232
24.68 -0.01412221121618
24.69 -0.020333070558087
24.7 -0.02425913682638
24.71 -0.025355067318674
24.72 -0.025556117672495
24.73 -0.024991900223257
24.74 -0.020316212622776
24.75 -0.011950810814425
24.76 -0.002492531108763
24.77 0.005156953798531
24.78 0.012815025960119
24.79 0.017312577207529
24.8 0.018703342563277
24.81 0.015993677709675
24.82 0.010996518460556
24.83 0.004749594158268
24.84 -0.000396329136113
24.85 -0.003892345086774
24.86 -0.00484463270791
24.87 -0.001363985907187
24.88 0.001620677536862
24.89 0.003670215903266
24.9 0.007994698907885
24.91 0.015435069353951
24.92 0.024343315178947
24.93 0.033030538403765
24.94 0.041177196972908
 
 
 
 
 
 
 
 
 
 
 
 
 
 
 
 
 
 
 
 
 
 
 
 
 
 
 
 
 
 
 
 
 
 
 
 
 
 
 
 
 
 
 
 
 
 
 
 
 
 
 
 
 
 
 
 
 
 
 
 
 
 
 
 
 
 
 
 
 
 
 
 
 
 
 
 
 
 
 
 
 
 
 
 
 
 
 
 
 
 
 
 
 
 
 
 
 
 
 
 
 
 
 
 
 
 
 
 
 
 
 
 
 
 
 
 
 
 
 
 
 
 
 
 
 
 
 
 
 
 
 
 
 
 
 
 
 
 
 
 
 
 
 
 
 
 
 
 
 
 
 
 
 
 
 
 
 
 
 
 
 
 
 
 
 
 
 
 
 
 
 
 
 
 
 
 
 
 
 
 
 
 
 
 
 
 
 
 
 
 
 
 
 
 
 
 
 
 
 
 
 
 
 
 
 
 
 
 
 
 
 
 
 
 
 
 
 
 
 
 
 
 
 
 
 
 
 
 
 
 
 
 
 
 
 
 
 
 
 
 
 
 
 
 
 
 
 
 
 
 
 
 
 
 
 
 
 
 
 
 
 
 
 
 
 
 
 
 
 
 
 
 
 
 
 
 
 
 
 
 
 
 
 
 
 
 
 
 
 
 
 
 
 
 
 
 
 
 
 
 
 
 
 
 
 
 
 
 
 
 
 
 
 
 
 
 
 
 
 
 
 
 
 
 
 
 
 
 
 
 
 
 
 
 
 
 
 
 
 
 
 
 
 
 
 
 
 
 
 
 
 
 
 
 
 
 
 
 
 
 
 
 
 
 
 
 
 
 
 
 
 
 
 
 
 
 
 
 
 
 
 
 
 
 
 
 
 
 
 
 
 
 
 
 
 
 
 
 
 
 
 
 
 
 
 
 
 
 
 
 
 
 
 
 
 
 
 
 
 
 
 
 
 
 
 
 
 
 
 
 
 
 
 
 
 
 
 
 
 
 
 
 
 
 
 
 
 
 
 
 
 
 
 
 
 
 
 
 
 
 
 
 
 
 
 
 
 
 
 
 
 
 
 
 
 
 
 
 
 
 
 
 
 
 
 
 
 
 
 
 
 
 
 
 
 
 
 
 
 
 
 
 
 
 
 
 
 
 
 
 
 
 
 
 
 
 
 
 
 
 
 
 
 
 
 
 
 
 
 
 
 
 
 
 
 
 
 
 
 
 
 
 
 
 
 
 
 
 
 
 
 
 
 
 
 
 
 
 
 
 
 
 
 
 
 
 
 
 
 
 
 
 
 
 
 
 
 
 
 
 
 
 
 
 
 
 
 
 
 
 
 
 
 
 
 
 
 
 
 
 
 
 
 
 
 
 
 
 
 
 
 
 
 
 
 
 
 
 
 
 
 
 
 
 
 
 
 
 
 
 
 
 
 
 
 
 
 
 
 
 
 
 
 
 
 
 
 
 
 
 
 
 
 
 
 
 
 
 
 
 
 
 
 
 
 
 
 
 
 
 
 
 
 
 
 
 
 
 
 
 
 
 
 
 
 
 
 
 
 
 
 
 
 
 
 
 
 
 
 
 
 
 
 
 
 
 
 
 
 
 
 
 
 
 
 
 
 
 
 
 
 
 
 
 
 
 
 
 
 
 
 
 
 
 
 
 
 
 
 
 
 
 
 
 
 
 
 
 
 
 
 
 
 
 
 
 
 
 
 
 
 
 
 
 
 
 
 
 
 
 
 
 
 
 
 
 
 
 
 
 
 
 
 
 
 
 
 
 
 
 
 
 
 
 
 
 
 
 
 
 
 
 
 
 
 
 
 
 
 
 
 
 
 
 
 
 
 
 
 
 
 
 
 
 
 
 
 
 
 
 
 
 
 
 
 
 
 
 
 
 
 
 
 
 
 
 
 
 
 
 
 
 
 
 
 
 
 
 
 
 
 
 
 
 
 
 
 
 
 
 
 
 
 
 
 
 
 
 
 
 
 
 
 
 
 
 
 
 
 
 
 
 
 
 
 
 
 
 
 
 
 
 
 
 
 
 
 
 
 
 
 
 
 
 
 
 
 
 
 
 
 
 
 
 
 
 
 
 
 
 
 
 
 
 
 
 
 
 
 
 
 
 
 
 
 
 
 
 
 
 
 
 
 
 
 
 
 
 
 
 
 
 
 
 
 
 
 
 
 
 
 
 
 
 
 
 
 
 
 
 
 
 
 
 
 
 
 
 
 
 
 
 
 
 
 
 
 
 
 
 
 
 
 
 
 
 
 
 
 
 
 
 
 
 
 
 
 
 
 
 
 
 
 
 
 
 
 
 
 
 
 
 
 
 
 
 
 
 
 
 
 
 
 
 
 
 
 
 
 
 
 
 
 
 
 
 
 
 
 
 
 
 
 
 
 
 
 
 
 
 
 
 
 
 
 
 
 
 
 
 
 
 
 
 
 
 
 
 
 
 
 
 
 
 
 
 
 
 
 
 
 
 
 
 
 
 
 
 
 
 
 
 
 
 
 
 
 
 
 
 
 
 
 
 
 
 
 
 
 
 
 
 
 
 
 
 
 
 
 
 
 
 
 
 
 
 
 
 
 
 
 
 
 
 
 
 
 
 
 
 
 
 
 
 
 
 
 
 
 
 
 
 
 
 
 
 
 
 
 
 
 
 
 
 
 
 
 
 
 
 
 
 
 
 
 
 
 
 
 
 
 
 
 
 
 
 
 
 
 
 
 
 
 
 
 
 
 
 
 
 
 
 
 
 
 
 
 
 
 
 
 
 
 
 
 
 
 
 
 
 
 
 
 
 
 
 
 
 
 
 
 
 
 
 
 
 
 
 
 
 
 
 
 
 
 
 
 
 
 
 
 
 
 
 
 
 
 
 
 
 
 
 
 
 
 
 
 
 
 
 
 
 
 
 
 
 
 
 
 
 
 
 
 
 
 
 
 
 
 
 
 
 
 
 
 
 
 
 
 
 
 
 
 
 
 
 
 
 
 
 
 
 
 
 
 
 
 
 
 
 
 
 
 
 
 
 
 
 
 
 
 
 
 
 
 
 
 
 
 
 
 
 
 
 
 
 
 
 
 
 
 
 
 
 
 
 
 
 
 
 
 
 
 
 
 
 
 
 
 
 
 
 
 
 
 
 
 
 
 
 
 
 
 
 
 
 
 
 
 
 
 
 
 
 
 
 
 
 
 
 
 
 
 
 
 
 
 
 
 
 
 
 
 
 
 
 
 
 
 
 
 
 
 
 
 
 
 
 
 
 
 
 
 
 
 
 
 
 
 
 
 
 
 
 
 
 
 
 
 
 
 
 
 
 
 
 
 
 
 
 
 
 
 
 
 
 
 
 
 
 
 
 
 
 
 
 
 
 
 
 
 
 
 
 
 
 
 
 
 
 
 
 
 
 
 
 
 
 
 
 
 
 
 
 
 
 
 
 
 
 
 
 
 
 
 
 
 
 
 
 
 
 
 
 
 
 
 
 
 
 
 
 
 
 
 
 
 
 
 
 
 
 
 
 
 
 
 
 
 
 
 
 
 
 
 
 
 
 
 
 
 
 
 
 
 
 
 
 
 
 
 
 
 
 
 
 
 
 
 
 
 
 
 
 
 
 
 
 
 
 
 
 
 
 
 
 
 
 
 
 
 
 
 
 
 
 
 
 
 
 
 
 
 
 
 
 
 
 
 
 
 
 
 
 
 
 
 
 
 
 
 
 
 
 
 
 
 
 
 
 
 
 
 
 
 
 
 
 
 
 
 
 
 
 
 
 
 
 
 
 
 
 
 
 
 
 
 
 
 
 
 
 
 
 
 
 
 
 
 
 
 
 
 
 
 
 
 
 
 
 
 
 
 
 
 
 
 
 
 
 
 
 
 
 
 
 
 
 
 
 
 
 
 
 
 
 
 
 
 
 
 
 
 
 
 
 
 
 
 
 
 
 
 
 
 
 
 
 
 
 
 
 
 
 
 
 
 
 
 
 
 
 
 
 
 
 
 
 
 
 
 
 
 
 
 
 
 
 
 
 
 
 
 
 
 
 
 
 
 
 
 
 
 
 
 
 
 
 
 
 
 
 
 
 
 
 
 
 
 
 
 
 
 
 
 
 
 
 
 
 
 
 
 
 
 
 
 
 
 
 
 
 
 
 
 
 
 
 
 
 
 
 
 
 
 
 
 
 
 
 
 
 
 
 
 
 
 
 
 
 
 
 
 
 
 
 
 
 
 
 
 
 
 
 
 
 
 
 
 
 
 
 
 
 
 
 
 
 
 
 
 
 
 
 
 
 
 
 
 
 
 
 
 
 
 
 
 
 
 
 
 
 
 
 
 
 
 
 
 
 
 
 
 
 
 
 
 
 
 
 
 
 
 
 
 
 
 
 
 
 
 
 
 
 
 
 
 
 
 
 
 
 
 
 
 
 
 
 
 
 
 
 
 
 
 
 
 
 
 
 
 
 
 
 
 
 
 
 
 
 
 
 
 
 
 
 
 
 
 
 
 
 
 
 
 
 
 
 
 
 
 
 
 
 
 
 
 
 
 
 
 
 
 
 
 
 
 
 
 
 
 
 
 
 
 
 
 
 
 
 
 
 
 
 
 
 
 
 
 
 
 
 
 
 
 
 
 
 
 
 
 
 
 
 
 
 
 
 
 
 
 
 
 
 
 
 
 
 
 
 
 
 
 
 
 
 
 
 
 
 
 
 
 
 
 
 
 
 
 
 
 
 
 
 
 
 
 
 
 
 
 
 
 
 
 
 
 
 
 
 
 
 
 
 
 
 
 
 
 
 
 
 
 
 
 
 
 
 
 
 
 
 
 
 
 
 
 
 
 
 
 
 
 
 
 
 
 
 
 
 
 
 
 
 
 
 
 
 
 
 
 
 
 
 
 
 
 
 
 
 
 
 
 
 
 
 
 
 
 
 
 
 
 
 
 
 
 
 
 
 
 
 
 
 
 
 
 
 
 
 
 
 
 
 
 
 
 
 
 
 
 
 
 
 
 
 
 
 
 
 
 
 
 
 
 
 
 
 
 
 
 
 
 
 
 
 
 
 
 
 
 
 
 
 
 
 
 
 
 
 
 
 
 
 
 
 
 
 
 
 
 
 
 
 
 
 
 
 
 
 
 
 
 
 
 
 
 
 
 
 
 
 
 
 
 
 
 
 
 
 
 
 
 
 
 
 
 
 
 
 
 
 
 
 
 
 
 
 
 
 
 
 
 
 
 
 
 
 
 
 
 
 
 
 
 
 
 
 
 
 
 
 
 
 
 
 
 
 
 
 
 
 
 
 
 
 
 
 
 
 
 
 
 
 
 
 
 
 
 
 
 
 
 
 
 
 
 
 
 
 
 
 
 
 
 
 
 
 
 
 
 
 
 
 
 
 
 
 
 
 
 
 
 
 
 
 
 
 
 
 
 
 
 
 
 
 
 
 
 
 
 
 
 
 
 
 
 
 
 
 
 
 
 
 
 
 
 
 
 
 
 
 
 
 
 
 
 
 
 
 
 
 
 
 
 
 
 
 
 
 
 
 
 
 
 
 
 
 
 
 
 
 
 
 
 
 
 
 
 
 
 
 
 
 
 
 
 
 
 
 
 
 
 
 
 
 
 
 
 
 
 
 
 
 
 
 
 
 
 
 
 
 
 
 
 
 
 
 
 
 
 
 
 
 
 
 
 
 
 
 
 
 
 
 
 
 
 
 
 
 
 
 
 
 
 
 
 
 
 
 
 
 
 
 
 
 
 
 
 
 
 
 
 
 
 
 
 
 
 
 
 
 
 
 
 
 
 
 
 
 
 
 
 
 
 
 
 
 
 
 
 
 
 
 
 
 
 
 
 
 
 
 
 
 
 
 
 
 
 
 
 
 
 
 
 
 
 
 
 
 
 
 
 
 
 
 
 
 
 
 
 
 
 
 
 
 
 
 
 
 
 
 
 
 
 
 
 
 
 
 
 
 
 
 
 
 
 
 
 
 
 
 
 
 
 
 
 
 
 
 
 
 
 
 
 
 
 
 
 
 
 
 
 
 
 
 
 
 
 
 
 
 
 
 
 
 
 
 
 
 
 
 
 
 
 
 
 
 
 
 
 
 
 
 
 
 
 
 
 
 
 
 
 
 
 
 
 
 
 
 
 
 
 
 
 
 
 
 
 
 
 
 
 
 
 
 
 
 
 
 
 
 
 
 
 
 
 
 
 
 
 
 
 
 
 
 
 
 
 
 
 
 
 
 
 
 
 
 
 
 
 
 
 
 
 
 
 
 
 
 
 
 
 
 
 
 
 
 
 
 
 
 
 
 
 
 
 
 
 
 
 
 
 
 
 
 
 
 
 
 
 
 
 
 
 
 
 
 
 
 
 
 
 
 
 
 
 
 
 
 
 
 
 
 
 
 
 
 
 
 
 
 
 
 
 
 
 
 
 
 
 
 
 
 
 
 
 
 
 
 
 
 
 
 
 
 
 
 
 
 
 
 
 
 
 
 
 
 
 
 
 
 
 
 
 
 
 
 
 
 
 
 
 
 
 
 
 
 
 
 
 
 
 
 
 
 
 
 
 
 
 
 
 
 
 
 
 
 
 
 
 
 
 
 
 
 
 
 
 
 
 
 
 
 
 
 
 
 
 
 
 
 
 
 
 
 
 
 
 
 
 
 
 
 
 
 
 
 
 
 
 
 
 
 
 
 
 
 
 
 
 
 
 
 
 
 
 
 
 
 
 
 
 
 
 
 
 
 
 
 
 
 
 
 
 
 
 
 
 
 
 
 
 
 
 
 
 
 
 
 
 
 
 
 
 
 
 
 
 
 
 
 
 
 
 
 
 
 
 
 
 
 
 
 
 
 
 
 
 
 
 
 
 
 
 
 
 
 
 
 
 
 
 
 
 
 
 
 
 
 
 
 
 
 
 
 
 
 
 
 
 
 
 
 
 
 
 
 
 
 
 
 
 
 
 
 
 
 
 
 
 
 
 
 
 
 
 
 
 
 
 
 
 
 
 
 
 
 
 
 
 
 
 
 
 
 
 
 
 
 
 
 
 
 
 
 
 
 
 
 
 
 
 
 
 
 
 
 
 
 
 
 
 
 
 
 
 
 
 
 
 
 
 
 
 
 
 
 
 
 
 
 
 
 
 
 
 
 
 
 
 
 
 
 
 
 
 
 
 
 
 
 
 
 
 
 
 
 
 
 
 
 
 
 
 
 
 
 
 
 
 
 
 
 
 
 
 
 
 
 
 
 
 
 
 
 
 
 
 
 
 
 
 
 
 
 
 
 
 
 
 
 
 
 
 
 
 
 
 
 
 
 
 
 
 
 
 
 
 
 
 
 
 
 
 
 
 
 
 
 
 
 
 
 
 
 
 
 
 
 
 
 
 
 
 
 
 
 
 
 
 
 
 
 
 
 
 
 
 
 
 
 
 
 
 
 
 
 
 
 
 
 
 
 
 
 
 
 
 
 
 
 
 
 
 
 
 
 
 
 
 
 
 
 
 
 
 
 
 
 
 
 
 
 
 
 
 
 
 
 
 
 
 
 
 
 
 
 
 
 
 
 
 
 
 
 
 
 
 
 
 
 
 
 
 
 
 
 
 
 
 
 
 
 
 
 
 
 
 
 
 
 
 
 
 
 
 
 
 
 
 
 
 
 
 
 
 
 
 
 
 
 
 
 
 
 
 
 
 
 
 
 
 
 
 
 
 
 
 
 
 
 
 
 
 
 
 
 
 
 
 
 
 
 
 
 
 
 
 
 
 
 
 
 
 
 
 
 
 
 
 
 
 
 
 
 
 
 
 
 
 
 
 
 
 
 
 
 
 
 
 
 
 
 
 
 
 
 
 
 
 
 
 
 
 
 
 
 
 
 
 
 
 
 
 
 
 
 
 
 
 
 
 
 
 
 
 
 
 
 
 
 
 
 
 
 
 
 
 
 
 
 
 
 
 
 
 
 
 
 
 
 
 
 
 
 
 
 
 
 
 
 
 
 
 
 
 
 
 
 
 
 
 
 
 
 
 
 
 
 
 
 
 
 
 
 
 
 
 
 
 
 
 
 
 
 
 
 
 
 
 
 
 
 
 
 
 
 
 
 
 
 
 
 
 
 
 
 
 
 
 
 
 
 
 
 
 
 
 
 
 
 
 
 
 
 
 
 
 
 
 
 
 
 
 
 
 
 
 
 
 
 
 
 
 
 
 
 
 
 
 
 
 
 
 
 
 
 
 
 
 
 
 
 
 
 
 
 
 
 
 
 
 
 
 
 
 
 
 
 
 
 
 
 
 
 
 
 
 
 
 
 
 
 
 
 
 
 
 
 
 
 
 
 
 
 
 
 
 
 
 
 
 
 
 
 
 
 
 
 
 
 
 
 
 
 
 
 
 
 
 
 
 
 
 
 
 
 
 
 
 
 
 
 
 
 
 
 
 
 
 
 
 
 
 
 
 
 
 
 
 
 
 
 
 
 
 
 
 
 
 
 
 
 
 
 
 
 
 
 
 
 
 
 
 
 
 
 
 
 
 
 
 
 
 
 
 
 
 
 
 
 
 
 
 
 
 
 
 
 
 
 
 
 
 
 
 
 
 
 
 
 
 
 
 
 
 
 
 
 
 
 
 
 
 
 
 
 
 
 
 
 
 
 
 
 
 
 
 
 
 
 
 
 
 
 
 
 
 
 
 
 
 
 
 
 
 
 
 
 
 
 
 
 
 
 
 
 
 
 
 
 
 
 
 
 
 
 
 
 
 
 
 
 
 
 
 
 
 
 
 
 
 
 
 
 
 
 
 
 
 
 
 
 
 
 
 
 
 
 
 
 
 
 
 
 
 
 
 
 
 
 
 
 
 
 
 
 
 
 
 
 
 
 
 
 
 
 
 
 
 
 
 
 
 
 
 
 
 
 
 
 
 
 
 
 
 
 
 
 
 
 
 
 
 
 
 
 
 
 
 
 
 
 
 
 
 
 
 
 
 
 
 
 
 
 
 
 
 
 
 
 
 
 
 
 
 
 
 
 
 
 
 
 
 
 
 
 
 
 
 
 
 
 
 
 
 
 
 
 
 
 
 
 
 
 
 
 
 
 
 
 
 
 
 
 
 
 
 
 
 
 
 
 
 
 
 
 
 
 
 
 
 
 
 
 
 
 
 
 
 
 
 
 
 
 
 
 
 
 
 
 
 
 
 
 
 
 
 
 
 
 
 
 
 
 
 
 
 
 
 
 
 
 
 
 
 
 
 
 
 
 
 
 
 
 
 
 
 
 
 
 
 
 
 
 
 
 
 
 
 
 
 
 
 
 
 
 
 
 
 
 
 
 
 
 
 
 
 
 
 
 
 
 
 
 
 
 
 
 
 
 
 
 
 
 
 
 
 
 
 
 
 
 
 
 
 
 
 
 
 
 
 
 
 
 
 
 
 
 
 
 
 
 
 
 
 
 
 
 
 
 
 
 
 
 
 
 
 
 
 
 
 
 
 
 
 
 
 
 
 
 
 
 
 
 
 
 
 
 
 
 
 
 
 
 
 
 
 
 
 
 
 
 
 
 
 
 
 
 
 
 
 
 
 
 
 
 
 
 
 
 
 
 
 
 
 
 
 
 
 
 
 
 
 
 
 
 
 
 
 
 
 
 
 
 
 
 
 
 
 
 
 
 
 
 
 
 
 
 
 
 
 
 
 
 
 
 
 
 
 
 
 
 
 
 
 
 
 
 
 
 
 
 
 
 
 
 
 
 
 
 
 
 
 
 
 
 
 
 
 
 
 
 
 
 
 
 
 
 
 
 
 
 
 
 
 
 
 
 
 
 
 
 
 
 
 
 
 
 
 
 
 
 
 
 
 
 
 
 
 
 
 
 
 
 
 
 
 
 
 
 
 
 
 
 
 
 
 
 
 
 
 
 
 
 
 
 
 
 
 
 
 
 
 
 
 
 
 
 
 
 
 
 
 
 
 
 
 
 
 
 
 
 
 
 
 
 
 
 
 
 
 
 
 
 
 
 
 
 
 
 
 
 
 
 
 
 
 
 
 
 
 
 
 
 
 
 
 
 
 
 
 
 
 
 
 
 
 
 
 
 
 
 
 
 
 
 
 
 
 
 
 
 
 
 
 
 
 
 
 
 
 
 
 
 
 
 
 
 
 
 
 
 
 
 
 
 
 
 
 
 
 
 
 
 
 
 
 
 
 
 
 
 
 
 
 
 
 
 
 
 
 
 
 
 
 
 
 
 
 
 
 
 
 
 
 
 
 
 
 
 
 
 
 
 
 
 
 
 
 
 
 
 
 
 
 
 
 
 
 
 
 
 
 
 
 
 
 
 
 
 
 
 
 
 
 
 
 
 
 
 
 
 
 
 
 
 
 
 
 
 
 
 
 
 
 
 
 
 
 
 
 
 
 
 
 
 
 
 
 
 
 
 
 
 
 
 
 
 
 
 
 
 
 
 
 
 
 
 
 
 
 
 
 
 
 
 
 
 
 
 
 
 
 
 
 
 
 
 
 
 
 
 
 
 
 
 
 
 
 
 
 
 
 
 
 
 
 
 
 
 
 
 
 
 
 
 
 
 
 
 
 
 
 
 
 
 
 
 
 
 
 
 
 
 
 
 
 
 
 
 
 
 
 
 
 
 
 
 
 
 
 
 
 
 
 
 
 
 
 
 
 
 
 
 
 
 
 
 
 
 
 
 
 
 
 
 
 
 
 
 
 
 
 
 
 
 
 
 
 
 
 
 
 
 
 
 
 
 
 
 
 
 
 
 
 
 
 
 
 
 
 
 
 
 
 
 
 
 
 
 
 
 
 
 
 
 
 
 
 
 
 
 
 
 
 
 
 
 
 
 
 
 
 
 
 
 
 
 
 
 
 
 
 
 
 
 
 
 
 
 
 
 
 
 
 
 
 
 
 
 
 
 
 
 
 
 
 
 
 
 
 
 
 
 
 
 
 
 
 
 
 
 
 
 
 
 
 
 
 
 
 
 
 
 
 
 
 
 
 
 
 
 
 
 
 
 
 
 
 
 
 
 
 
 
 
 
 
 
 
 
 
 
 
 
 
 
 
 
 
 
 
 
 
 
 
 
 
 
 
 
 
 
 
 
 
 
 
 
 
 
 
 
 
 
 
 
 
 
 
 
 
 
 
 
 
 
 
 
 
 
 
 
 
 
 
 
 
 
 
 
 
 
 
 
 
 
 
 
 
 
 
 
 
 
 
 
 
 
 
 
 
 
 
 
 
 
 
 
 
 
 
 
 
 
 
 
 
 
 
 
 
 
 
 
 
 
 
 
 
 
 
 
 
 
 
 
 
 
 
 
 
 
 
 
 
 
 
 
 
 
 
 
 
 
 
 
 
 
 
 
 
 
 
 
 
 
 
 
 
 
 
 
 
 
 
 
 
 
 
 
 
 
 
 
 
 
 
 
 
 
 
 
 
 
 
 
 
 
 
 
 
 
 
 
 
 
 
 
 
 
 
 
 
 
 
 
 
 
 
 
 
 
 
 
 
 
 
 
 
 
 
 
 
 
 
 
 
 
 
 
 
 
 
 
 
 
 
 
 
 
 
 
 
 
 
 
 
 
 
 
 
 
 
 
 
 
 
 
 
 
 
 
 
 
 
 
 
 
 
 
 
 
 
 
 
 
 
 
 
 
 
 
 
 
 
 
 
 
 
 
 
 
 
 
 
 
 
 
 
 
 
 
 
 
 
 
 
 
 
 
 
 
 
 
 
 
 
 
 
 
 
 
 
 
 
 
 
 
 
 
 
 
 
 
 
 
 
 
 
 
 
 
 
 
 
 
 
 
 
 
 
 
 
 
 
 
 
 
 
 
 
 
 
 
 
 
 
 
 
 
 
 
 
 
 
 
 
 
 
 
 
 
 
 
 
 
 
 
 
 
 
 
 
 
 
 
 
 
 
 
 
 
 
 
 
 
 
 
 
 
 
 
 
 
 
 
 
 
 
 
 
 
 
 
 
 
 
 
 
 
 
 
 
 
 
 
 
 
 
 
 
 
 
 
 
 
 
 
 
 
 
 
 
 
 
 
 
 
 
 
 
 
 
 
 
 
 
 
 
 
 
 
 
 
 
 
 
 
 
 
 
 
 
 
 
 
 
 
 
 
 
 
 
 
 
 
 
 
 
 
 
 
 
 
 
 
 
 
 
 
 
 
 
 
 
 
 
 
 
 
 
 
 
 
 
 
 
 
 
 
 
 
 
 
 
 
 
 
 
 
 
 
 
 
 
 
 
 
 
 
 
 
 
 
 
 
 
 
 
 
 
 
 
 
 
 
 
 
 
 
 
 
 
 
 
 
 
 
 
 
 
 
 
 
 
 
 
 
 
 
 
 
 
 
 
 
 
 
 
 
 
 
 
 
 
 
 
 
 
 
 
 
 
 
 
 
 
 
 
 
 
 
 
 
 
 
 
 
 
 
 
 
 
 
 
 
 
 
 
 
 
 
 
 
 
 
 
 
 
 
 
 
 
 
 
 
 
 
 
 
 
 
 
 
 
 
 
 
 
 
 
 
 
 
 
 
 
 
 
 
 
 
 
 
 
 
 
 
 
 
 
 
 
 
 
 
 
 
 
 
 
 
 
 
 
 
 
 
 
 
 
 
 
 
 
 
 
 
 
 
 
 
 
 
 
 
 
 
 
 
 
 
 
 
 
 
 
 
 
 
 
 
 
 
 
 
 
 
 
 
 
 
 
 
 
 
 
 
 
 
 
 
 
 
 
 
 
 
 
 
 
 
 
 
 
 
 
 
 
 
 
 
 
 
 
 
 
 
 
 
 
 
 
 
 
