0.0 0.0
0.01 2.33692099e-07
0.02 2.34686812e-07
0.03 2.3644861e-07
0.04 2.38767851e-07
0.05 2.38455706e-07
0.06 2.3459745e-07
0.07 2.2696891e-07
0.08 2.15787632e-07
0.09 2.07639263e-07
0.1 2.17934385e-07
0.11 2.65179834e-07
0.12 3.71110609e-07
0.13 4.16336258e-07
0.14 1.31843057e-07
0.15 -7.20286432e-07
0.16 -1.994815621e-06
0.17 -3.201732266e-06
0.18 -4.344163934e-06
0.19 -6.229545168e-06
0.2 -8.82727922e-06
0.21 -1.007146556e-05
0.22 -8.53701462e-06
0.23 -6.255647801e-06
0.24 -6.153936067e-06
0.25 -7.251744953e-06
0.26 -4.749454837e-06
0.27 4.415350597e-06
0.28 1.5947406027e-05
0.29 2.1579468026e-05
0.3 1.5096108193e-05
0.31 -4.122167483e-06
0.32 -2.3606552948e-05
0.33 -2.7194236774e-05
0.34 -1.8907610201e-05
0.35 -1.1009908168e-05
0.36 -2.091057897e-06
0.37 9.760526247e-06
0.38 1.1329864988e-05
0.39 -8.152675191e-06
0.4 -3.5822815765e-05
0.41 -4.6181591194e-05
0.42 -3.3940823065e-05
0.43 -2.2281380246e-05
0.44 -4.284772737e-05
0.45 -0.000101149325951
0.46 -0.000157139635069
0.47 -0.000150186977448
0.48 -5.9310710941e-05
0.49 4.6751032395e-05
0.5 8.0884541768e-05
0.51 6.7805627417e-05
0.52 8.6869924633e-05
0.53 0.000129812823088
0.54 0.000130889825666
0.55 3.9958381836e-05
0.56 -0.000131280695092
0.57 -0.000261163206097
0.58 -0.000232434817975
0.59 -0.000122401951915
0.6 -8.0609758027e-05
0.61 -0.000118562997901
0.62 -0.00013119014126
0.63 -6.2886913645e-05
0.64 5.784953172e-06
0.65 -7.717082734e-06
0.66 -4.1080610699e-05
0.67 -4.877582922e-06
0.68 8.7227486767e-05
0.69 0.000136605363634
0.7 4.9179005555e-05
0.71 -0.000145212256154
0.72 -0.000276352135348
0.73 -0.000191223600139
0.74 -2.8220140333e-05
0.75 -3.9192917021e-05
0.76 -0.000103243979809
0.77 3.5940395e-07
0.78 8.4228996055e-05
0.79 -1.3814562758e-05
0.8 -0.00010753751279
0.81 -0.000110533919583
0.82 -0.000186328805232
0.83 -0.000356439733782
0.84 -0.000478296979084
0.85 -0.000523163389961
0.86 -0.000521897821389
0.87 -0.000405757870446
0.88 -0.000159457419127
0.89 4.3236381447e-05
0.9 0.000168125870966
0.91 0.000364326917623
0.92 0.00046332296504
0.93 0.000223998784178
0.94 -7.9655557673e-05
0.95 -0.000127007727553
0.96 -9.8502457331e-05
0.97 -4.3008412053e-05
0.98 0.000173099883353
0.99 0.000213322809787
1.0 -0.000179093267243
1.01 -0.000568524278973
1.02 -0.000610904140922
1.03 -0.000451624587867
1.04 -0.000295540270834
1.05 -0.000195384620371
1.06 -6.1309524359e-05
1.07 0.000135218751659
1.08 0.00031891717636
1.09 0.00049347169784
1.1 0.000504289846763
1.11 0.000156676203501
1.12 -0.000295378929805
1.13 -0.000338669932074
1.14 4.1447092238e-05
1.15 0.000230367869844
1.16 -7.8924998484e-05
1.17 -0.000376542499217
1.18 -0.000166394488554
1.19 0.000203601432866
1.2 0.000291466882786
1.21 0.000316278468594
1.22 0.000468747493487
1.23 0.000421033549383
1.24 0.000194489286551
1.25 0.000140479341968
1.26 0.000133890067905
1.27 -5.1257330131e-05
1.28 -0.000180139055849
1.29 -0.000115309777653
1.3 -0.000113287753683
1.31 -0.000525374021954
1.32 -0.001133536035639
1.33 -0.001234064195889
1.34 -0.001062970789892
1.35 -0.00137567373459
1.36 -0.001771450960493
1.37 -0.001317565196433
1.38 -0.000207117084489
1.39 0.000658925247771
1.4 0.000792132399999
1.41 0.00058911451842
1.42 0.00034873637025
1.43 0.00026179898981
1.44 0.000286296033999
1.45 0.000284792869409
1.46 -0.000127459072737
1.47 -0.000683692223947
1.48 -0.00082752052963
1.49 -0.000760716294357
1.5 -0.000856723730956
1.51 -0.000774792222021
1.52 -0.00028185231309
1.53 0.000380433084063
1.54 0.000672627236261
1.55 0.000607237593243
1.56 0.000894765892473
1.57 0.001746764783337
1.58 0.002513193889842
1.59 0.002581998863445
1.6 0.001738304443657
1.61 0.000267839668389
1.62 -0.000818250924332
1.63 -0.000644604044844
1.64 -0.000140011203804
1.65 -0.000772076781446
1.66 -0.002010921798982
1.67 -0.002192039842452
1.68 -0.001041847036752
1.69 0.000446007369346
1.7 0.001190760779509
1.71 0.000791984521794
1.72 -0.000127084546172
1.73 -0.000767712293898
1.74 -0.001297530559834
1.75 -0.001899471102094
1.76 -0.002147690088571
1.77 -0.001931783045677
1.78 -0.001599781084283
1.79 -0.001174145791124
1.8 -0.000616464682569
1.81 -0.000167212497344
1.82 0.000217137660616
1.83 0.000676886700346
1.84 0.00072015425134
1.85 0.000164244090554
1.86 -0.000146360029051
1.87 0.000163500136912
1.88 0.00074171194086
1.89 0.001212520207905
1.9 0.001407782002295
1.91 0.00135688159296
1.92 0.001224254210919
1.93 0.001312920562218
1.94 0.001435636747992
1.95 0.00112727650495
1.96 0.000282197880835
1.97 -0.000270844260066
1.98 8.4019690576e-05
1.99 0.000466206099648
2.0 -0.00010205409729
2.01 -0.000711476760974
2.02 -0.000333950156545
2.03 0.00060367835386
2.04 0.0012652542123
2.05 0.001002402035913
2.06 -0.000413159429002
2.07 -0.001628111621553
2.08 -0.00121082491439
2.09 -0.000743362080417
2.1 -0.001727972085735
2.11 -0.002650387621537
2.12 -0.001958318208009
2.13 -0.000660273209508
2.14 0.000118247002782
2.15 0.000304740128061
2.16 -0.000199539363575
2.17 -0.001165162068333
2.18 -0.001215720087091
2.19 -0.000465531442495
2.2 -0.000215642591994
2.21 -0.00026336318198
2.22 0.000290992606653
2.23 0.000953720313904
2.24 0.001296253309133
2.25 0.001156708724385
2.26 0.000863699112286
2.27 0.000643711518033
2.28 0.00036160266862
2.29 2.110933115e-06
2.3 -0.000123185782888
2.31 0.000402486487244
2.32 0.001328690038632
2.33 0.001950418885528
2.34 0.002194525170686
2.35 0.002024362791256
2.36 0.001559392719171
2.37 0.001273788867081
2.38 0.001188306239217
2.39 0.000654498193259
2.4 -0.000798395318432
2.41 -0.002663449263972
2.42 -0.004017493102886
2.43 -0.004122912807112
2.44 -0.003399232714423
2.45 -0.002524483091334
2.46 -0.001498418900749
2.47 -0.000609146074873
2.48 -8.7286202157e-05
2.49 0.000550434636187
2.5 0.001401878376844
2.51 0.001841291335247
2.52 0.001671594166007
2.53 0.001578879899483
2.54 0.001292305914357
2.55 0.000147645814099
2.56 -0.001070700000331
2.57 -0.001452055665652
2.58 -0.000967482627282
2.59 -0.000151340115481
2.6 0.000966500690549
2.61 0.002286188888909
2.62 0.003354927960166
2.63 0.003709563870156
2.64 0.002963713010117
2.65 0.001338846548883
2.66 -0.000418130329454
2.67 -0.001874002012607
2.68 -0.003404706032869
2.69 -0.004882746357724
2.7 -0.005605959647656
2.71 -0.005141484395082
2.72 -0.004338170206034
2.73 -0.00366375596925
2.74 -0.002788455468614
2.75 -0.000912883424714
2.76 0.001304466066634
2.77 0.003803235513784
2.78 0.00588020825898
2.79 0.006558785260397
2.8 0.005498807730957
2.81 0.004615886532199
2.82 0.004478702410635
2.83 0.00401701044187
2.84 0.00225990429301
2.85 -0.000849325056609
2.86 -0.00497960997895
2.87 -0.00797836847455
2.88 -0.008082981729484
2.89 -0.006764455631779
2.9 -0.00508584710004
2.91 -0.002774580884676
2.92 0.000586478670325
2.93 0.002963883802089
2.94 0.003380857609717
2.95 0.00196610801126
2.96 -0.00059027223678
2.97 -0.003486938093567
2.98 -0.005351841916581
2.99 -0.006338804095858
3.0 -0.007290488850947
3.01 -0.008410028094302
3.02 -0.010052915875564
3.03 -0.009414516451495
3.04 -0.007113303421989
3.05 -0.003867936315507
3.06 -0.001595897516047
3.07 -0.000195690257538
3.08 0.001358935366609
3.09 0.003814265162223
3.1 0.006600856331967
3.11 0.008888409525798
3.12 0.00980349468103
3.13 0.010026310335255
3.14 0.007669454017061
3.15 0.002190779414864
3.16 -0.00500416222179
3.17 -0.009392491028606
3.18 -0.008332223716933
3.19 -0.004857095513656
3.2 -0.000426349178561
3.21 0.001551242666706
3.22 0.000593104692894
3.23 -0.001952607097209
3.24 -0.00313005653424
3.25 -0.003565192435134
3.26 -0.004851581198911
3.27 -0.006507281854778
3.28 -0.006717781332854
3.29 -0.005117660034329
3.3 -0.004341677982771
3.31 -0.004441796824654
3.32 -0.004593233308926
3.33 -0.004248571402924
3.34 -0.000390822463607
3.35 0.005222614102877
3.36 0.009162969983746
3.37 0.00934964873223
3.38 0.007105001562879
3.39 0.005407074509953
3.4 0.005950862864345
3.41 0.006149828995168
3.42 0.004442898282112
3.43 0.000661931452127
3.44 -0.003429017071558
3.45 -0.006026146512916
3.46 -0.005692166165163
3.47 -0.003821618107073
3.48 -0.001824273134508
3.49 0.000522438229893
3.5 0.0023897269287
3.51 0.002177307030606
3.52 -0.002050338551929
3.53 -0.008086669011044
3.54 -0.011391457835579
3.55 -0.011362187828298
3.56 -0.010356103748554
3.57 -0.009463866256832
3.58 -0.008922807847898
3.59 -0.005171751028784
3.6 0.001588785139363
3.61 0.010707622338803
3.62 0.01702935390859
3.63 0.019641600828966
3.64 0.018433886442966
3.65 0.01625351728972
3.66 0.015164748466836
3.67 0.014384945604739
3.68 0.011638499764773
3.69 0.007285194499743
3.7 0.003098641722847
3.71 -0.000556422054328
3.72 -0.004646354062125
3.73 -0.008502492976917
3.74 -0.010424834204877
3.75 -0.009908198414389
3.76 -0.009134825261032
3.77 -0.004925409658654
3.78 0.001356621292189
3.79 0.011101169617215
3.8 0.01668771501688
3.81 0.019457128427578
3.82 0.015991928528736
3.83 0.006018597371932
3.84 -0.005684936801357
3.85 -0.016101347549687
3.86 -0.017300354436497
3.87 -0.019938510984164
3.88 -0.016292679978893
3.89 -0.014352293088947
3.9 -0.008665464375596
3.91 -0.001453543584663
3.92 0.010706095587695
3.93 0.026005931627595
3.94 0.039366718507891
3.95 0.048078137064156
3.96 0.047534095560479
3.97 0.043818520108357
3.98 0.02727903156529
3.99 -0.00149929783154
4.0 -0.028209368306656
4.01 -0.039513508243251
4.02 -0.034448617869725
4.03 -0.03456500725258
4.04 -0.02645662691197
4.05 -0.014264352760866
4.06 -0.001118857190671
4.07 0.009748241501821
4.08 0.017176150984908
4.09 0.019633893100154
4.1 0.018918736727761
4.11 0.01259859377117
4.12 0.003360773064437
4.13 -0.006171282479029
4.14 -0.014928785407094
4.15 -0.020971917273632
4.16 -0.02740305123504
4.17 -0.027501036058217
4.18 -0.025053859907927
4.19 -0.01443460938267
4.2 0.005728938873875
4.21 0.032029472425248
4.22 0.052802774381312
4.23 0.058842047945789
4.24 0.061778981947281
4.25 0.051675825974223
4.26 0.03349681948831
4.27 0.006711210145986
4.28 -0.021769710250297
4.29 -0.043776107259007
4.3 -0.047305066526596
4.31 -0.050447130503493
4.32 -0.044598690461208
4.33 -0.030116872271403
4.34 -0.013147894388707
4.35 0.000885147579998
4.36 0.010325824082048
4.37 0.020712122431299
4.38 0.028596136135327
4.39 0.040039059215318
4.4 0.044620666531945
4.41 0.042510676786251
4.42 0.028621965564591
4.43 0.01247016528977
4.44 0.002031410780547
4.45 -0.000554189043686
4.46 -0.001592821271995
4.47 -0.004926314196713
4.48 -0.010994864234564
4.49 -0.020288877904328
4.5 -0.027957938023068
4.51 -0.033485192755291
4.52 -0.035203487446728
4.53 -0.028280180665338
4.54 -0.011470434093799
4.55 0.012747287916458
4.56 0.041137283528827
4.57 0.062038011925539
4.58 0.07582785589272
4.59 0.081154880824702
4.6 0.076086320590528
4.61 0.066881846092412
4.62 0.067745317859926
4.63 0.053629357326538
4.64 0.029178195675731
4.65 -0.012991908572391
4.66 -0.050535288753962
4.67 -0.079391560202427
4.68 -0.101510380250851
4.69 -0.105933310859553
4.7 -0.118377528694391
4.71 -0.116672905548711
4.72 -0.108306551784258
4.73 -0.083750343898899
4.74 -0.054584337885792
4.75 -0.025055770906711
4.76 -0.005385152116201
4.77 0.005185619690278
4.78 0.022639282854829
4.79 0.05549337720652
4.8 0.095608117418422
4.81 0.118302739919678
4.82 0.132320933743089
4.83 0.151966172313192
4.84 0.1615083909314
4.85 0.159951210453233
4.86 0.151999895085073
4.87 0.133918618126648
4.88 0.118022739401001
4.89 0.112442600735557
4.9 0.109663283608454
4.91 0.102512721607046
4.92 0.095434924012529
4.93 0.093590194302904
4.94 0.094506556978165
4.95 0.101397885042778
4.96 0.107251386161537
4.97 0.10030341112964
4.98 0.057233636748519
4.99 -0.009799936160662
5.0 -0.05441818055036
5.01 -0.063113211355841
5.02 -0.064235881920536
5.03 -0.075493434739152
5.04 -0.091022674473836
5.05 -0.108352887898608
5.06 -0.126489760958301
5.07 -0.137586314150895
5.08 -0.129342959854933
5.09 -0.115668052849863
5.1 -0.087282770678488
5.11 -0.047653327331483
5.12 -0.012670852378332
5.13 0.002244091177486
5.14 -0.001589452176167
5.15 -0.021668293326094
5.16 -0.040986937975543
5.17 -0.067078907331855
5.18 -0.103207915211679
5.19 -0.1463740488287
5.2 -0.181202192472739
5.21 -0.200468634093749
5.22 -0.201853420345467
5.23 -0.210244645742154
5.24 -0.20357136701608
5.25 -0.159436459731102
5.26 -0.0990125404178
5.27 -0.068207695850953
5.28 -0.058840294369917
5.29 -0.026334580434959
5.3 0.008934461404425
5.31 0.02127336109774
5.32 0.034525567581651
5.33 0.049941936031531
5.34 0.069145978316094
5.35 0.083445414209068
5.36 0.098826775967614
5.37 0.105143770570636
5.38 0.10892171569929
5.39 0.1055085874607
5.4 0.101611156886754
5.41 0.110885207064395
5.42 0.119014627412316
5.43 0.129446213095116
5.44 0.140198085639582
5.45 0.14205135040173
5.46 0.133085547190469
5.47 0.105243858263901
5.48 0.056323276344982
5.49 0.005461010254619
5.5 -0.044679229951298
5.51 -0.084038565890126
5.52 -0.100446776998997
5.53 -0.094678140008332
5.54 -0.077784494284733
5.55 -0.058232030211917
5.56 -0.040759861540498
5.57 -0.023444352578633
5.58 -0.023399885451344
5.59 -0.040953377855018
5.6 -0.06855290359666
5.61 -0.099220583316794
5.62 -0.122674223135222
5.63 -0.142360475863135
5.64 -0.16590086154959
5.65 -0.178749580971865
5.66 -0.18283025515382
5.67 -0.176240759902109
5.68 -0.168595664692322
5.69 -0.154971063410485
5.7 -0.141700221742969
5.71 -0.129610017425092
5.72 -0.110676929633061
5.73 -0.079019537044331
5.74 -0.031222983781506
5.75 -0.008688683844982
5.76 -0.021296271580364
5.77 -0.052541183255003
5.78 -0.078337563587684
5.79 -0.087240479772644
5.8 -0.090844828050004
5.81 -0.090729766789913
5.82 -0.082646925327793
5.83 -0.059419358874356
5.84 -0.018990779058057
5.85 0.00072473544065
5.86 0.007241184665599
5.87 0.015553744435129
5.88 0.026494076633249
5.89 0.030264239909692
5.9 0.038504885362881
5.91 0.058262739758841
5.92 0.076029980849671
5.93 0.092749633181951
5.94 0.095170810289168
5.95 0.085968877725034
5.96 0.037857735393194
5.97 -0.071400905197476
5.98 -0.170144281186249
5.99 -0.209265386778409
6.0 -0.209356421999792
6.01 -0.208552335512811
6.02 -0.196469944277947
6.03 -0.158737729602099
6.04 -0.10072838882496
6.05 0.010353004325258
6.06 0.103952545349328
6.07 0.166168795257646
6.08 0.199507404696932
6.09 0.229525324001083
6.1 0.250878617384599
6.11 0.267032106928667
6.12 0.295536282456045
6.13 0.293864571200051
6.14 0.312059677446703
6.15 0.313893522559567
6.16 0.31446595528399
6.17 0.290015345187507
6.18 0.263423104874855
6.19 0.233672044467211
6.2 0.211931213838144
6.21 0.199413024404288
6.22 0.196704790794658
6.23 0.188719909897949
6.24 0.155773506514037
6.25 0.081232022806592
6.26 -0.010299247952213
6.27 -0.067051043782491
6.28 -0.086742610848491
6.29 -0.08880872879623
6.3 -0.096293867965362
6.31 -0.11317435127867
6.32 -0.133097625507417
6.33 -0.151865676787112
6.34 -0.166608949872102
6.35 -0.169996277319382
6.36 -0.157949144228545
6.37 -0.162906352750639
6.38 -0.144850107397485
6.39 -0.113825381966812
6.4 -0.074882846218869
6.41 -0.035666108768995
6.42 -0.001755611069465
6.43 0.029761569710243
6.44 0.062946191142689
6.45 0.087907080104999
6.46 0.097471970217671
6.47 0.077857543015834
6.48 0.052053521724769
6.49 0.03546905977935
6.5 0.045609591229066
6.51 0.082018334501516
6.52 0.114484884849379
6.53 0.118531123940724
6.54 0.092604959196896
6.55 0.06748461728049
6.56 0.022035097409382
6.57 -0.016598331539091
6.58 -0.050200643406582
6.59 -0.050049207403974
6.6 -0.033589883744257
6.61 -0.004040419777882
6.62 0.02204181944138
6.63 0.048452798317832
6.64 0.059858111826168
6.65 0.070887853595429
6.66 0.075313919009066
6.67 0.093818682206807
6.68 0.112982092641748
6.69 0.113711713490727
6.7 0.097269216000942
6.71 0.033769382456887
6.72 -0.041033000130032
6.73 -0.09645545378664
6.74 -0.121378859799265
6.75 -0.141457018848118
6.76 -0.149160969856604
6.77 -0.12672640847723
6.78 -0.115449327243439
6.79 -0.067006383530915
6.8 0.007998665072191
6.81 0.082185559527638
6.82 0.121346496399381
6.83 0.126414880838661
6.84 0.154765406631765
6.85 0.185321153737764
6.86 0.209109993949307
6.87 0.228177746856285
6.88 0.222583169043545
6.89 0.207221602557301
6.9 0.185654487848112
6.91 0.18316841612349
6.92 0.161268766944125
6.93 0.115186431729742
6.94 0.06098601377477
6.95 0.056987679057277
6.96 0.072143862701769
6.97 0.092296293884225
6.98 0.101077797814544
6.99 0.115856277273222
7.0 0.141740049456098
7.01 0.170867816384364
7.02 0.190030220244749
7.03 0.194525499554317
7.04 0.190573353534007
7.05 0.167762651847516
7.06 0.13973820621393
7.07 0.109469516115282
7.08 0.091292783976266
7.09 0.048900716172284
7.1 0.013080792898017
7.11 -0.015346275182326
7.12 -0.046220499496013
7.13 -0.094330797187194
7.14 -0.161994739700675
7.15 -0.235462720574766
7.16 -0.306758477354944
7.17 -0.370554143780257
7.18 -0.426683202302234
7.19 -0.472989063462414
7.2 -0.49354790091039
7.21 -0.527732988586027
7.22 -0.568488370461096
7.23 -0.615671854256072
7.24 -0.647314420911624
7.25 -0.665983298658832
7.26 -0.646149432285422
7.27 -0.632189208584514
7.28 -0.596576270561882
7.29 -0.576944772394843
7.3 -0.529112264313953
7.31 -0.44652068804735
7.32 -0.28411946303593
7.33 -0.065882283555035
7.34 0.065710091365936
7.35 0.087066292735099
7.36 0.095749078185433
7.37 0.122320161146334
7.38 0.144334622661818
7.39 0.148716940042738
7.4 0.166583390320112
7.41 0.179787676151036
7.42 0.189592066093938
7.43 0.2204962464262
7.44 0.250053637674663
7.45 0.289145315252555
7.46 0.331078982710898
7.47 0.375502931632449
7.48 0.401955207254704
7.49 0.428885325712009
7.5 0.463132344387295
7.51 0.476653514538709
7.52 0.481285493406873
7.53 0.484905602931688
7.54 0.477172720433688
7.55 0.479862082297951
7.56 0.482347873848231
7.57 0.492942559149243
7.58 0.501967354710522
7.59 0.508554795538391
7.6 0.508780454772269
7.61 0.493128472428357
7.62 0.425580164598967
7.63 0.216275839369672
7.64 -0.015750035708597
7.65 -0.127673545961311
7.66 -0.128225675103644
7.67 -0.169829363050327
7.68 -0.227191176228758
7.69 -0.261144869496866
7.7 -0.29893459179618
7.71 -0.340257346001824
7.72 -0.375595769535543
7.73 -0.406038607198834
7.74 -0.437826181356677
7.75 -0.468875096689601
7.76 -0.473083850611799
7.77 -0.504101378565794
7.78 -0.519053720126541
7.79 -0.530836084433856
7.8 -0.514328164340846
7.81 -0.495712961232317
7.82 -0.448922069297592
7.83 -0.386432397648772
7.84 -0.321154145475496
7.85 -0.25428769322983
7.86 -0.228270120160993
7.87 -0.215084021950105
7.88 -0.21880002035439
7.89 -0.233892745356449
7.9 -0.235154404967185
7.91 -0.217255502279305
7.92 -0.156673765632027
7.93 -0.056700374549102
7.94 0.040091111496143
7.95 0.10226037436972
7.96 0.110410744089002
7.97 0.12025658650382
7.98 0.123474941118618
7.99 0.123509147007826
8.0 0.111455032577151
8.01 0.089757233819748
8.02 0.054576830253331
8.03 0.01884088256143
8.04 -0.012956904038703
8.05 -0.037216367215006
8.06 -0.067326027805742
8.07 -0.094917942003505
8.08 -0.117771680527656
8.09 -0.137719661768616
8.1 -0.140433880677063
8.11 -0.150539517970746
8.12 -0.158796593627973
8.13 -0.149117443943798
8.14 -0.088838086006755
8.15 0.023516007000545
8.16 0.118899405560281
8.17 0.165111229131043
8.18 0.195980226041787
8.19 0.21235706310569
8.2 0.219104447071059
8.21 0.213444199009434
8.22 0.19801649514558
8.23 0.188758417289764
8.24 0.221753566208785
8.25 0.290523817440184
8.26 0.36772610347748
8.27 0.397924471252335
8.28 0.43265696577204
8.29 0.441026861939614
8.3 0.45162543557422
8.31 0.433518475181863
8.32 0.418938092669709
8.33 0.401701321329437
8.34 0.400984897539704
8.35 0.409957616795691
8.36 0.424515314888717
8.37 0.429851023907794
8.38 0.441490386237761
8.39 0.46167362498548
8.4 0.466570580707777
8.41 0.475442532963888
8.42 0.461083724536412
8.43 0.446166288539204
8.44 0.309153424614754
8.45 0.057765917059863
8.46 -0.102219336464123
8.47 -0.132422352561447
8.48 -0.146209885986391
8.49 -0.215954593458959
8.5 -0.249588056299558
8.51 -0.293053406254258
8.52 -0.331236874920663
8.53 -0.380737028579846
8.54 -0.417969416864208
8.55 -0.458482232987716
8.56 -0.500201701391761
8.57 -0.526765715273416
8.58 -0.540481836920946
8.59 -0.572447199205827
8.6 -0.573725355664612
8.61 -0.564590049549252
8.62 -0.553614948108219
8.63 -0.536837527846483
8.64 -0.54090565547387
8.65 -0.545006521905299
8.66 -0.56138121791075
8.67 -0.573763748230637
8.68 -0.583477552168358
8.69 -0.582907950742057
8.7 -0.558392685048198
8.71 -0.496916235319243
8.72 -0.427236987627429
8.73 -0.361596644295819
8.74 -0.244272569166086
8.75 -0.09642475513661
8.76 0.010923780663911
8.77 0.072599142549512
8.78 0.097699069600359
8.79 0.143107525891375
8.8 0.190504475147619
8.81 0.249239511012214
8.82 0.302153613414454
8.83 0.359938064357787
8.84 0.415413023153124
8.85 0.462305778639267
8.86 0.506392829958589
8.87 0.541701604242466
8.88 0.573918770972132
8.89 0.59296904155244
8.9 0.579872138748392
8.91 0.605469885636757
8.92 0.585349962558714
8.93 0.571119964552658
8.94 0.528221868121489
8.95 0.475302498738202
8.96 0.428272631954605
8.97 0.373075446702025
8.98 0.339281461478933
8.99 0.313765178926938
9.0 0.301415058706357
9.01 0.306825104441564
9.02 0.314856038256413
9.03 0.326824149058599
9.04 0.312067867481313
9.05 0.259628625231205
9.06 0.184347273901992
9.07 0.079962229236497
9.08 0.005573122054796
9.09 -0.029651451544279
9.1 -0.045987399867719
9.11 -0.067539215092261
9.12 -0.106906788477825
9.13 -0.134795117232355
9.14 -0.166555070816081
9.15 -0.187642385034393
9.16 -0.203583915179366
9.17 -0.209886719740904
9.18 -0.213640689416208
9.19 -0.226586090641552
9.2 -0.242391115447332
9.21 -0.264478812706903
9.22 -0.285843630357178
9.23 -0.310995194215904
9.24 -0.338397915898394
9.25 -0.351197642395584
9.26 -0.402136846399982
9.27 -0.426272521551625
9.28 -0.456079577517179
9.29 -0.472373931216036
9.3 -0.487508832844904
9.31 -0.496307421703794
9.32 -0.501543193404936
9.33 -0.499091702471232
9.34 -0.485724091900093
9.35 -0.432962469670066
9.36 -0.278974314943369
9.37 -0.061364455871916
9.38 0.021989524379765
9.39 0.002793812910814
9.4 -0.012366915612296
9.41 -0.02061159018382
9.42 -0.060498778244781
9.43 -0.125625994719883
9.44 -0.188592492286677
9.45 -0.243151634759699
9.46 -0.241806609414758
9.47 -0.235656534071024
9.48 -0.202051052830646
9.49 -0.156288128215269
9.5 -0.100906122373204
9.51 -0.057900395037381
9.52 -0.001079899331111
9.53 0.050875107896143
9.54 0.082454117906667
9.55 0.080930612832766
9.56 0.107613254146533
9.57 0.206585122491003
9.58 0.281493113605076
9.59 0.343112936957608
9.6 0.37548682238755
9.61 0.427796099119396
9.62 0.45987909639464
9.63 0.498761257116569
9.64 0.517393782640858
9.65 0.5585890701715
9.66 0.581084344892436
9.67 0.591054750299183
9.68 0.582257176374783
9.69 0.573601359294527
9.7 0.554857581817316
9.71 0.540748458151192
9.72 0.528360688235578
9.73 0.503388560355443
9.74 0.474414329776222
9.75 0.422749841359204
9.76 0.378361597353604
9.77 0.297403753329608
9.78 0.170283763167816
9.79 0.029353443189566
9.8 -0.064542290387434
9.81 -0.091023390525722
9.82 -0.10425501916639
9.83 -0.128055429055533
9.84 -0.152405423634333
9.85 -0.172557273542183
9.86 -0.192461777275083
9.87 -0.222679634595275
9.88 -0.255307125898147
9.89 -0.290108218832527
9.9 -0.325755208109412
9.91 -0.353609985392175
9.92 -0.372788121722886
9.93 -0.37880240560643
9.94 -0.37673564955334
9.95 -0.344578784512728
9.96 -0.349430672333668
9.97 -0.333608881003662
9.98 -0.335844027757791
9.99 -0.340216778903022
10.0 -0.354797037396408
10.01 -0.375408775528216
10.02 -0.393890216045526
10.03 -0.419783474668878
10.04 -0.431462383965035
10.05 -0.447192654431125
10.06 -0.434930211522938
10.07 -0.28709213365281
10.08 0.0002033855551
10.09 0.131145365304392
10.1 0.132894060202714
10.11 0.135894072291425
10.12 0.185399197286544
10.13 0.173185848971303
10.14 0.199940974100897
10.15 0.202010004894791
10.16 0.20990482665577
10.17 0.212558664884643
10.18 0.214837743622436
10.19 0.225824246381384
10.2 0.227018477252085
10.21 0.243792018209742
10.22 0.248623675009353
10.23 0.256866625665469
10.24 0.283148337365193
10.25 0.304259527928442
10.26 0.339132620146318
10.27 0.376226474186922
10.28 0.412579881462074
10.29 0.444025532786639
10.3 0.481907012926805
10.31 0.499738993224964
10.32 0.525131527846746
10.33 0.537368723054188
10.34 0.542441515784772
10.35 0.504445388990753
10.36 0.241339729895038
10.37 -0.095876807582581
10.38 -0.227660502805511
10.39 -0.228544234076737
10.4 -0.265446498684473
10.41 -0.334597794154472
10.42 -0.319159006818353
10.43 -0.360062763674063
10.44 -0.372912559437675
10.45 -0.372497527751141
10.46 -0.367836150817538
10.47 -0.340999979648945
10.48 -0.295747956363555
10.49 -0.239406256055479
10.5 -0.191065228111514
10.51 -0.121908672949061
10.52 -0.056123856645373
10.53 0.002661873177667
10.54 0.025454133096049
10.55 0.01933115373863
10.56 -0.009866653062465
10.57 -0.055013611304385
10.58 -0.084264560936746
10.59 -0.122360718506025
10.6 -0.161289355820497
10.61 -0.219338414651014
10.62 -0.261359721734777
10.63 -0.301839176174223
10.64 -0.320687602257538
10.65 -0.310006531631606
10.66 -0.197365388906409
10.67 -0.09531610842276
10.68 -0.056566032091545
10.69 -0.044062379771305
10.7 -0.024308369537284
10.71 0.007926862216067
10.72 0.007456368246462
10.73 0.044977714404224
10.74 0.05429823808898
10.75 0.069412906444773
10.76 0.069609593086966
10.77 0.08630487352375
10.78 0.096323010632319
10.79 0.087764433689857
10.8 0.081553822293183
10.81 0.072234328733706
10.82 0.048134756431613
10.83 0.017000021421767
10.84 -0.028130105247264
10.85 -0.072499544463602
10.86 -0.098924282554189
10.87 -0.12556732085167
10.88 -0.145331913026066
10.89 -0.162074737810924
10.9 -0.183837013929329
10.91 -0.206049758348002
10.92 -0.231183459642023
10.93 -0.244445748836823
10.94 -0.232866198766647
10.95 -0.190318526821121
10.96 -0.12580655372475
10.97 -0.043908239720522
10.98 0.042278214356828
10.99 0.096349366579413
11.0 0.115989750922776
11.01 0.126948113447763
11.02 0.132690255146316
11.03 0.131242908711672
11.04 0.124563899246378
11.05 0.118204140299359
11.06 0.111284213512353
11.07 0.117280828115102
11.08 0.124776524349288
11.09 0.135732564915576
11.1 0.133440561305054
11.11 0.132514400722484
11.12 0.158641857537764
11.13 0.198991715013913
11.14 0.249951349417183
11.15 0.282960441745856
11.16 0.296146332684338
11.17 0.31436989372744
11.18 0.346499470544448
11.19 0.378037253810074
11.2 0.3971568761247
11.21 0.415364559089845
11.22 0.428376177901437
11.23 0.430525415444832
11.24 0.425451534355133
11.25 0.408476292570786
11.26 0.381819728119244
11.27 0.32160149227407
11.28 0.213517070790144
11.29 0.103689621577942
11.3 0.046745185312376
11.31 0.034070574405766
11.32 0.017347619217634
11.33 -0.014473897375938
11.34 -0.044286122342704
11.35 -0.078092454017243
11.36 -0.113759689638713
11.37 -0.143364476458277
11.38 -0.179122896925331
11.39 -0.207906506759548
11.4 -0.243502230857164
11.41 -0.274314852297883
11.42 -0.309167343808462
11.43 -0.341012902305419
11.44 -0.370988999199748
11.45 -0.401370421045885
11.46 -0.4124467838587
11.47 -0.438051126003609
11.48 -0.458700265818551
11.49 -0.469660992861262
11.5 -0.461749966544614
11.51 -0.458441790829973
11.52 -0.427226577769448
11.53 -0.379461860508492
11.54 -0.32873149370482
11.55 -0.304377517766699
11.56 -0.284595147984643
11.57 -0.219303901527854
11.58 -0.094500072580082
11.59 0.024921086511075
11.6 0.065498255302002
11.61 0.069842367220795
11.62 0.091049671620904
11.63 0.123396928586078
11.64 0.146262803806566
11.65 0.16783722816589
11.66 0.189537716715929
11.67 0.205677915799091
11.68 0.219962985414936
11.69 0.228919036960899
11.7 0.235088372927207
11.71 0.236862978136899
11.72 0.231905169464367
11.73 0.217861596368417
11.74 0.226662446977001
11.75 0.22485049624087
11.76 0.231642738922913
11.77 0.245930995692447
11.78 0.25818878630677
11.79 0.273795883207681
11.8 0.283540343855735
11.81 0.294501499482968
11.82 0.306432068615718
11.83 0.322854905982362
11.84 0.345504010158845
11.85 0.367403296448083
11.86 0.387518056710267
11.87 0.398464060551165
11.88 0.401061422059214
11.89 0.386486055515692
11.9 0.338305643233269
11.91 0.215446031946256
11.92 0.091102542453679
11.93 0.048189804397412
11.94 0.041396318464943
11.95 0.035888492599891
11.96 0.018802066739619
11.97 0.019409914298629
11.98 0.003237357513983
11.99 -0.002097836211867
12.0 -0.019813948194006
12.01 -0.030984145543942
12.02 -0.049222324887885
12.03 -0.065528939214994
12.04 -0.086994156417467
12.05 -0.109903655761856
12.06 -0.135253784346469
12.07 -0.159735442909434
12.08 -0.182094012021403
12.09 -0.203725573428427
12.1 -0.224460008323374
12.11 -0.246904445553907
12.12 -0.272638496468675
12.13 -0.301491614483377
12.14 -0.332497949880066
12.15 -0.350352083413457
12.16 -0.378356824434056
12.17 -0.404290203853481
12.18 -0.421296052816945
12.19 -0.423278111092946
12.2 -0.425064272975033
12.21 -0.410868075854612
12.22 -0.38174743061838
12.23 -0.333585207112856
12.24 -0.261106738463108
12.25 -0.210507513727338
12.26 -0.164260124879777
12.27 -0.111577098759117
12.28 -0.043137871180981
12.29 0.000803458483078
12.3 0.005387031305036
12.31 0.007122265504965
12.32 0.017427040353103
12.33 0.022685347681177
12.34 0.031377361545315
12.35 0.038170454501011
12.36 0.048329852373217
12.37 0.054650051919714
12.38 0.059418745669075
12.39 0.061251799233736
12.4 0.058922865983736
12.41 0.06054473506173
12.42 0.064322293364421
12.43 0.075510999753194
12.44 0.091100862590702
12.45 0.108861508296667
12.46 0.126299559953288
12.47 0.138108040340992
12.48 0.133287067968913
12.49 0.14535751347326
12.5 0.142479122094955
12.51 0.13857437296535
12.52 0.121788838173106
12.53 0.091778855190249
12.54 0.039050218909963
12.55 -0.028047622849697
12.56 -0.060070639951174
12.57 -0.062034265167518
12.58 -0.048343049022451
12.59 -0.030247111931332
12.6 -0.002592173873281
12.61 0.031131444201247
12.62 0.072597328579228
12.63 0.097301575846206
12.64 0.110539545993731
12.65 0.115278344325859
12.66 0.116157699676871
12.67 0.120531015091833
12.68 0.145419531725096
12.69 0.152744923823615
12.7 0.129542791745409
12.71 0.063374489226368
12.72 -0.004104448552919
12.73 -0.048912705911047
12.74 -0.058878592995328
12.75 -0.065595916505518
12.76 -0.065318220323355
12.77 -0.062585870002941
12.78 -0.058630578554524
12.79 -0.057734473211053
12.8 -0.066917530567148
12.81 -0.082450142804105
12.82 -0.101932101601046
12.83 -0.123800694020771
12.84 -0.149937451919644
12.85 -0.169779925485717
12.86 -0.179027666166911
12.87 -0.184774513958725
12.88 -0.180426294766665
12.89 -0.171505883485159
12.9 -0.154888570110671
12.91 -0.135989232180342
12.92 -0.114074835658237
12.93 -0.084541554631856
12.94 -0.044962135932151
12.95 -0.008915156213143
12.96 0.016016673149595
12.97 0.038988553994418
12.98 0.053371063789324
12.99 0.05184873456614
13.0 0.041846087656262
13.01 0.044852105518236
13.02 0.052723810817567
13.03 0.067140032146086
13.04 0.077046614749084
13.05 0.087423717027535
13.06 0.090681396383868
13.07 0.094837074299768
13.08 0.097223760427096
13.09 0.091493211778117
13.1 0.099046490948334
13.11 0.092908640914587
13.12 0.072244022878415
13.13 0.044567139772718
13.14 0.033658677142561
13.15 0.043780396055126
13.16 0.050355380370737
13.17 0.054004088690211
13.18 0.047613044771224
13.19 0.023130124499872
13.2 -0.003613600409642
13.21 -0.022273889370197
13.22 -0.035813594996383
13.23 -0.044517290822016
13.24 -0.057623687626203
13.25 -0.073176188401454
13.26 -0.090480854504577
13.27 -0.104866856279746
13.28 -0.118433713668703
13.29 -0.132485699223005
13.3 -0.145063578360932
13.31 -0.154283883665598
13.32 -0.159264920755464
13.33 -0.159670669724226
13.34 -0.154914358409013
13.35 -0.144364539725779
13.36 -0.127509045267242
13.37 -0.104942284743928
13.38 -0.07541102021193
13.39 -0.045009221003641
13.4 -0.022309083072642
13.41 -0.011529238237754
13.42 -0.009004686087087
13.43 -0.00341822259324
13.44 0.014895825748751
13.45 0.043280679897836
13.46 0.070257438324272
13.47 0.089004028153634
13.48 0.10427363568347
13.49 0.118000667316429
13.5 0.126429293880492
13.51 0.128236086229258
13.52 0.127826023176036
13.53 0.122911216889256
13.54 0.108532215199517
13.55 0.110018468625464
13.56 0.099534113098387
13.57 0.083701302215726
13.58 0.061609595525256
13.59 0.035980156028677
13.6 0.012113899438669
13.61 -0.01580714581763
13.62 -0.050794734938355
13.63 -0.079117497166681
13.64 -0.093717579562837
13.65 -0.107923602441482
13.66 -0.11467591931551
13.67 -0.119627273486389
13.68 -0.125689506172452
13.69 -0.133060066679254
13.7 -0.140266432733497
13.71 -0.145614717881649
13.72 -0.147896457907274
13.73 -0.14788455886375
13.74 -0.147066686058864
13.75 -0.144641422372822
13.76 -0.137381863430705
13.77 -0.116882503392201
13.78 -0.087900500996366
13.79 -0.052130069124912
13.8 -0.02339002189794
13.81 -0.000670850031074
13.82 0.021661734371877
13.83 0.045094124287893
13.84 0.067750145419457
13.85 0.081270271811135
13.86 0.090852245484806
13.87 0.096127007120193
13.88 0.099507800821677
13.89 0.100612185484256
13.9 0.102471687495035
13.91 0.105689087867028
13.92 0.110656197310704
13.93 0.114921622003529
13.94 0.118095531408519
13.95 0.112665940536316
13.96 0.126326970192419
13.97 0.133811394034514
13.98 0.139773949472906
13.99 0.136443411909008
14.0 0.125094121922055
14.01 0.121319830791996
14.02 0.123874607663497
14.03 0.121108419302423
14.04 0.097599102995824
14.05 0.049890037273009
14.06 0.02222084448626
14.07 0.000469627196831
14.08 -0.014139395330054
14.09 -0.036943547923724
14.1 -0.043436784058344
14.11 -0.050207229038214
14.12 -0.04508771170373
14.13 -0.039512239920354
14.14 -0.027061628494575
14.15 -0.030158396107046
14.16 -0.027412990013733
14.17 -0.029780049191582
14.18 -0.027824611846301
14.19 -0.024211178989428
14.2 -0.016893085478238
14.21 -0.010081556616169
14.22 -0.00276536796509
14.23 0.006450443238454
14.24 0.015093849648974
14.25 0.023282861857989
14.26 0.030623617031141
14.27 0.038586748124156
14.28 0.050293615708775
14.29 0.062612393698635
14.3 0.074822948167828
14.31 0.081817624978749
14.32 0.072719258809494
14.33 0.050119369769977
14.34 0.016645733887126
14.35 -0.024697362920183
14.36 -0.057333077008297
14.37 -0.07209891569985
14.38 -0.07433713115194
14.39 -0.074007691957593
14.4 -0.078625474204202
14.41 -0.074263850396595
14.42 -0.065893722907418
14.43 -0.054605491099299
14.44 -0.044870688564109
14.45 -0.037101802997046
14.46 -0.033519035252685
14.47 -0.031887372529358
14.48 -0.04017596844933
14.49 -0.059702686741015
14.5 -0.083058302594639
14.51 -0.103254469550422
14.52 -0.11477437103593
14.53 -0.131675962511324
14.54 -0.152361667264595
14.55 -0.161823726588931
14.56 -0.165353986785469
14.57 -0.162456277831306
14.58 -0.161156512523821
14.59 -0.155190813045208
14.6 -0.151077617280816
14.61 -0.137343926447157
14.62 -0.124048314247008
14.63 -0.107668617278461
14.64 -0.100503885936927
14.65 -0.097434151699794
14.66 -0.101013788904875
14.67 -0.101339844391346
14.68 -0.092043045702087
14.69 -0.080058145721633
14.7 -0.070720447441943
14.71 -0.061980898184999
14.72 -0.051218961192791
14.73 -0.033820308740084
14.74 -0.013408860539685
14.75 0.01463548442717
14.76 0.039308258535563
14.77 0.062644197485861
14.78 0.076122797754851
14.79 0.08349853940745
14.8 0.089294839644656
14.81 0.098403213434371
14.82 0.108932008295729
14.83 0.1189524693558
14.84 0.128650348890105
14.85 0.138713945098953
14.86 0.147327453037496
14.87 0.154108400751676
14.88 0.151225682218825
14.89 0.151634398842017
14.9 0.156117599885028
14.91 0.152843621148314
14.92 0.142120035584817
14.93 0.136413750555624
14.94 0.127305070094218
14.95 0.116387733426645
14.96 0.092906150176438
14.97 0.060396800353994
14.98 0.034402782406101
14.99 0.028922245596771
15.0 0.028017194853798
15.01 0.025162030022314
15.02 0.014306919292157
15.03 0.003762993818216
15.04 -0.001753200822486
15.05 -0.00232271162951
15.06 -0.008245166744912
15.07 -0.014318246689236
15.08 -0.021920453506572
15.09 -0.027751205195153
15.1 -0.033099372042941
15.11 -0.02695429018332
15.12 -0.025656324334642
15.13 -0.022920183460177
15.14 -0.021120083725893
15.15 -0.020361581683815
15.16 -0.023220926473064
15.17 -0.028654903772655
15.18 -0.03807982826303
15.19 -0.051443306051156
15.2 -0.065111326871539
15.21 -0.073329819888957
15.22 -0.076423443097764
15.23 -0.073281823220365
15.24 -0.065694504330549
15.25 -0.053451151327219
15.26 -0.02938624349905
15.27 0.014188877125347
15.28 0.049682549642893
15.29 0.060897235558843
15.3 0.060533673595291
15.31 0.061333878529983
15.32 0.05973073202116
15.33 0.053564394134285
15.34 0.042248757369649
15.35 0.033281197422073
15.36 0.025569783132652
15.37 0.014440776464638
15.38 0.006533250557579
15.39 0.005566482778142
15.4 0.006509731909259
15.41 0.007322129715264
15.42 0.010751221137199
15.43 0.0235190992374
15.44 0.038676421522034
15.45 0.048514090317289
15.46 0.050907847474684
15.47 0.046689579760628
15.48 0.030829479572714
15.49 0.005345320521148
15.5 -0.022591364179726
15.51 -0.044802776326176
15.52 -0.055843457527683
15.53 -0.04365374293017
15.54 -0.033982703004428
15.55 -0.015490199546093
15.56 0.013974615190072
15.57 0.055181390429445
15.58 0.082891451376129
15.59 0.11250868979173
15.6 0.138233640745677
15.61 0.146363678917585
15.62 0.146303424337501
15.63 0.161856006841669
15.64 0.185164497117733
15.65 0.196972034939598
15.66 0.201485585848528
15.67 0.203286433379248
15.68 0.200661871364078
15.69 0.192571781878534
15.7 0.177716245469536
15.71 0.156149220646947
15.72 0.126290630829505
15.73 0.089321081586672
15.74 0.016727469234373
15.75 -0.049967015532533
15.76 -0.083897045140837
15.77 -0.095683241371738
15.78 -0.107641911467495
15.79 -0.128591483892392
15.8 -0.135340733787265
15.81 -0.145134289026485
15.82 -0.152145068406002
15.83 -0.153156442360776
15.84 -0.154413148627452
15.85 -0.141648562111918
15.86 -0.119045594093949
15.87 -0.110266569687059
15.88 -0.09858652749547
15.89 -0.091684576152474
15.9 -0.089402226448826
15.91 -0.091099403897509
15.92 -0.098665754713015
15.93 -0.110784708943691
15.94 -0.126999565489617
15.95 -0.141959441989276
15.96 -0.152464747415808
15.97 -0.153640464128664
15.98 -0.148799709748668
15.99 -0.153721899985464
16.0 -0.131950743525367
16.01 -0.036083395364754
16.02 0.046158620967182
16.03 0.076442187581562
16.04 0.086254817777467
16.05 0.10814092746452
16.06 0.128614175897157
16.07 0.135496561724425
16.08 0.143589391709954
16.09 0.131707638283536
16.1 0.140028052321229
16.11 0.120447293878965
16.12 0.093654369268884
16.13 0.061592475320869
16.14 0.028122442192855
16.15 0.001695687262416
16.16 -0.024938816018027
16.17 -0.044811051188957
16.18 -0.049286347674766
16.19 -0.038173142564489
16.2 -0.010302017064089
16.21 0.021679654592772
16.22 0.046955743225881
16.23 0.058818746106809
16.24 0.062564268363578
16.25 0.055611357739918
16.26 0.037115803684153
16.27 0.009430849205984
16.28 -0.006045240169567
16.29 0.00346833719456
16.3 0.014627026064326
16.31 0.031043102254641
16.32 0.047475544356684
16.33 0.067323820011371
16.34 0.084042661643137
16.35 0.101635390259427
16.36 0.117170431195465
16.37 0.119090085378933
16.38 0.112761307814264
16.39 0.110603022949499
16.4 0.113578984810858
16.41 0.105721085931913
16.42 0.098122773394043
16.43 0.088289955335754
16.44 0.095427779119961
16.45 0.093901852927673
16.46 0.088266768672341
16.47 0.063032371479077
16.48 0.011385353931624
16.49 -0.037568077147115
16.5 -0.050656716834207
16.51 -0.048677308885624
16.52 -0.047702174655621
16.53 -0.05811716389749
16.54 -0.06452401344041
16.55 -0.077192635221121
16.56 -0.078393215821203
16.57 -0.084876909778094
16.58 -0.080342128102459
16.59 -0.080436893633839
16.6 -0.070983119959364
16.61 -0.068745474059936
16.62 -0.061044802917315
16.63 -0.057316134993564
16.64 -0.056144316735796
16.65 -0.059818257453073
16.66 -0.072989165613231
16.67 -0.081843119384453
16.68 -0.087896897775716
16.69 -0.091250864823067
16.7 -0.10206330097722
16.71 -0.116534164376152
16.72 -0.127984300586308
16.73 -0.133765268473008
16.74 -0.133785375252746
16.75 -0.124138872862384
16.76 -0.105867619563565
16.77 -0.066729430800297
16.78 -0.018699073849419
16.79 0.016255715146718
16.8 0.038078486813099
16.81 0.051726201952753
16.82 0.068248804687159
16.83 0.075312873168222
16.84 0.085319812970717
16.85 0.079130011840036
16.86 0.083598607405726
16.87 0.080402198958459
16.88 0.074516682646131
16.89 0.059674155488324
16.9 0.046901586354884
16.91 0.030291005076378
16.92 0.011739146554156
16.93 -0.011225355584453
16.94 -0.032730271201153
16.95 -0.047037722707964
16.96 -0.051319713312003
16.97 -0.044655603494
16.98 -0.028223830030986
16.99 0.000343746618635
17.0 0.017868310600006
17.01 0.032013882443682
17.02 0.040484340564168
17.03 0.030109997668683
17.04 0.020200084142721
17.05 0.012467173990754
17.06 -0.000418132916814
17.07 -0.017431723238371
17.08 -0.027568434448802
17.09 -0.032568483706893
17.1 -0.024864138443408
17.11 -0.000870091094148
17.12 0.032788821177453
17.13 0.053988691450824
17.14 0.079773782909171
17.15 0.08351703019168
17.16 0.087844889307467
17.17 0.082293246210149
17.18 0.076731203534652
17.19 0.075385197251635
17.2 0.069881488583164
17.21 0.058348431834599
17.22 0.040272242757451
17.23 0.007900930014627
17.24 -0.032201588835428
17.25 -0.060521917361105
17.26 -0.072155287832988
17.27 -0.076236698072085
17.28 -0.075557769230804
17.29 -0.071933675032947
17.3 -0.067731508630554
17.31 -0.068235406595774
17.32 -0.073638641747926
17.33 -0.082715835650884
17.34 -0.100510657891388
17.35 -0.121137150862545
17.36 -0.142919447270091
17.37 -0.155886822489938
17.38 -0.165013730354979
17.39 -0.16409061356196
17.4 -0.159000850317335
17.41 -0.156157140280303
17.42 -0.154893977739584
17.43 -0.151295552952226
17.44 -0.144887580273506
17.45 -0.134355924680737
17.46 -0.12286522167195
17.47 -0.099827123326869
17.48 -0.061199137066846
17.49 0.006132016571393
17.5 0.054349140665342
17.51 0.077392696947558
17.52 0.091778362385746
17.53 0.104823640790198
17.54 0.118593524670437
17.55 0.128256830182491
17.56 0.144603617717224
17.57 0.156129298958342
17.58 0.172009615993892
17.59 0.169333800269849
17.6 0.185866214168325
17.61 0.191393364566984
17.62 0.195993093846466
17.63 0.18939129317676
17.64 0.182827187431979
17.65 0.170992155033598
17.66 0.1552801339829
17.67 0.135420621986773
17.68 0.104564265381076
17.69 0.060452070285501
17.7 0.021735396051958
17.71 -0.002294970153959
17.72 -0.016805691903939
17.73 -0.031005289376665
17.74 -0.049982298072454
17.75 -0.067713414160921
17.76 -0.080583679081488
17.77 -0.076596811777668
17.78 -0.063917618400766
17.79 -0.050896661285002
17.8 -0.043334666588376
17.81 -0.037937891042068
17.82 -0.040632276446264
17.83 -0.048051731529559
17.84 -0.055886973985972
17.85 -0.072249437799543
17.86 -0.08292706918413
17.87 -0.098703374164572
17.88 -0.118557488249239
17.89 -0.135174376685017
17.9 -0.139925826715832
17.91 -0.139781995614228
17.92 -0.127967907552598
17.93 -0.094742092085251
17.94 -0.007797540807551
17.95 0.080888005087213
17.96 0.123711877552753
17.97 0.138173587117221
17.98 0.15536393520067
17.99 0.175209930730325
18.0 0.170835883997583
18.01 0.184492786159356
18.02 0.181998134223501
18.03 0.178304051461066
18.04 0.154076158900837
18.05 0.129912947899533
18.06 0.097267275824287
18.07 0.067158775106799
18.08 0.038666720905162
18.09 0.011387077835705
18.1 -0.012338598351536
18.11 -0.01990072559361
18.12 -0.022998393767183
18.13 -0.017740462972285
18.14 -0.009925391702337
18.15 0.002803474101017
18.16 0.018832226033749
18.17 0.037404355717125
18.18 0.046692057907602
18.19 0.039145304317246
18.2 0.015329936119549
18.21 0.012070175249574
18.22 0.025290255745627
18.23 0.036116667786134
18.24 0.039572137916197
18.25 0.031466868394398
18.26 0.018880464918968
18.27 -5.4831191641e-05
18.28 -0.01325662501527
18.29 -0.030894951404418
18.3 -0.035296275582551
18.31 -0.040711939769149
18.32 -0.038943293377559
18.33 -0.059057373571657
18.34 -0.073365852435946
18.35 -0.087372884609914
18.36 -0.095974924990818
18.37 -0.101102415573482
18.38 -0.105947927932281
18.39 -0.108475893333999
18.4 -0.105328281215135
18.41 -0.09786152501815
18.42 -0.088493087128037
18.43 -0.075703554987878
18.44 -0.056927116480858
18.45 -0.026511191378586
18.46 0.01340761508942
18.47 0.040466161086813
18.48 0.052507777600193
18.49 0.058796525580366
18.5 0.060542760281867
18.51 0.048998015252829
18.52 0.049427809401904
18.53 0.035797463781663
18.54 0.018214427073062
18.55 -0.00106180212331
18.56 -0.017998943361743
18.57 -0.026973238837706
18.58 -0.031878632571764
18.59 -0.039592038174028
18.6 -0.042629912558941
18.61 -0.042363306663966
18.62 -0.026736386275087
18.63 -0.009239362284274
18.64 0.005450229594865
18.65 0.014870789411848
18.66 0.015099960414367
18.67 0.01450905657022
18.68 0.001002174232071
18.69 -0.021605441803545
18.7 -0.041586966580232
18.71 -0.050673387478987
18.72 -0.05824453473635
18.73 -0.063556381490313
18.74 -0.063342346348816
18.75 -0.065485100443989
18.76 -0.064589674022999
18.77 -0.060951535716198
18.78 -0.048933056710651
18.79 -0.035969575269937
18.8 -0.025163172512357
18.81 -0.021745211728176
18.82 -0.020158015233785
18.83 -0.01724851089363
18.84 -0.015437335416253
18.85 -0.016654077772324
18.86 -0.017511061829865
18.87 -0.013948533695613
18.88 -0.004433133358506
18.89 0.007705445717096
18.9 0.020651181342696
18.91 0.031241027046089
18.92 0.046467109924236
18.93 0.061397798117364
18.94 0.073378948568797
18.95 0.075180222249411
18.96 0.069439387351305
18.97 0.075811261043986
18.98 0.083629157766095
18.99 0.090486282305262
19.0 0.094205468513533
19.01 0.092434324339772
19.02 0.086747359563777
19.03 0.074936067399879
19.04 0.055329567114959
19.05 0.024945593407799
19.06 -0.023779203114833
19.07 -0.067376312344707
19.08 -0.089154382317949
19.09 -0.100506495347219
19.1 -0.107672642214845
19.11 -0.108752546605016
19.12 -0.124282173902822
19.13 -0.132547198718422
19.14 -0.138675205659785
19.15 -0.142822223951515
19.16 -0.141494156275754
19.17 -0.137493037881209
19.18 -0.12906872125839
19.19 -0.118325063098895
19.2 -0.105738582452918
19.21 -0.090824061177927
19.22 -0.0757679531743
19.23 -0.060083411660754
19.24 -0.039511218594909
19.25 -0.015831289029095
19.26 0.012049200530731
19.27 0.040383999733512
19.28 0.060945183362451
19.29 0.069812373550063
19.3 0.075868049804742
19.31 0.085527386439206
19.32 0.098031050187823
19.33 0.102426287496465
19.34 0.099320757273587
19.35 0.093685907742061
19.36 0.090199035511913
19.37 0.081256810990951
19.38 0.085125858966941
19.39 0.083983364469237
19.4 0.087895081728525
19.41 0.092717989558414
19.42 0.101763483405264
19.43 0.11421221037797
19.44 0.125119854627944
19.45 0.134557918191686
19.46 0.136855817431286
19.47 0.136704634138251
19.48 0.127276518411808
19.49 0.107541047306801
19.5 0.060712663713942
19.51 0.010593494153311
19.52 -0.019030125915549
19.53 -0.030507855122668
19.54 -0.03576435649802
19.55 -0.041337584860359
19.56 -0.04098534118275
19.57 -0.043713865707816
19.58 -0.038353967124396
19.59 -0.029391722650403
19.6 -0.01508209427885
19.61 -0.001751601042696
19.62 0.007596402422243
19.63 0.015961521937735
19.64 0.022991309332315
19.65 0.036565095549761
19.66 0.047454105865346
19.67 0.054770260519648
19.68 0.06101771143336
19.69 0.068982934147039
19.7 0.079661480131204
19.71 0.089291863787436
19.72 0.098107396121363
19.73 0.105626209735723
19.74 0.116229018709215
19.75 0.121445885764301
19.76 0.108076331995997
19.77 0.063017938829111
19.78 -0.00888668242016
19.79 -0.073585989545616
19.8 -0.107044123242734
19.81 -0.123014796316394
19.82 -0.132151525525942
19.83 -0.135456275379704
19.84 -0.126559335166697
19.85 -0.117647231923288
19.86 -0.104711133866208
19.87 -0.118785733237276
19.88 -0.11621999785872
19.89 -0.096151287798325
19.9 -0.071796720788887
19.91 -0.042088283950101
19.92 -0.020208233478876
19.93 0.002080835705889
19.94 0.009926053093915
19.95 0.007554134791861
19.96 -0.004090176965748
19.97 -0.021206556762559
19.98 -0.041009329691034
19.99 -0.064149561210857
20.0 -0.082961125090759
20.01 -0.095183484026426
20.02 -0.092158052402548
20.03 -0.069453731895888
20.04 -0.029223972122775
20.05 -0.013176330505858
20.06 -0.017298070626878
20.07 -0.023391670365696
20.08 -0.017100712412174
20.09 -0.006269585408764
20.1 0.009113443555609
20.11 0.018711888184555
20.12 0.021497788556194
20.13 0.030274817068559
20.14 0.03190200992367
20.15 0.034918052639032
20.16 0.029049787429808
20.17 0.026594467612494
20.18 0.025640904526775
20.19 0.031865099624176
20.2 0.035467863259483
20.21 0.041772434071774
20.22 0.045722046797043
20.23 0.049122429264882
20.24 0.049171996248194
20.25 0.04774763504218
20.26 0.041056749222645
20.27 0.021046517894832
20.28 -0.017186382488397
20.29 -0.04724975557349
20.3 -0.051621274763006
20.31 -0.043620734324802
20.32 -0.042635612217564
20.33 -0.052096767782146
20.34 -0.055445703169618
20.35 -0.057122508931776
20.36 -0.05522585509307
20.37 -0.047322789805457
20.38 -0.036150948911647
20.39 -0.023058555362341
20.4 -0.011527128574682
20.41 -0.004203112206727
20.42 0.001591565240998
20.43 0.002061476156388
20.44 -0.005249899033174
20.45 -0.013678785664746
20.46 -0.019432866478746
20.47 -0.021514194791215
20.48 -0.021581740283517
20.49 -0.018634714705117
20.5 -0.011410161759357
20.51 -9.1024865087e-05
20.52 0.006358142825695
20.53 -0.004078758910642
20.54 -0.026236665661946
20.55 -0.043895225965663
20.56 -0.054978077042079
20.57 -0.059921609933632
20.58 -0.058576631998907
20.59 -0.049926895282771
20.6 -0.041290691158163
20.61 -0.030247123978794
20.62 -0.01760883757512
20.63 0.001476132462612
20.64 0.017108861422059
20.65 0.028375744442665
20.66 0.035276495794169
20.67 0.042750120357401
20.68 0.04644733611134
20.69 0.046526138337676
20.7 0.040156381595629
20.71 0.032017725863035
20.72 0.021840910721826
20.73 0.013518969869698
20.74 0.005861042320746
20.75 0.005474827595811
20.76 0.008077298350697
20.77 0.013159251649648
20.78 0.019537093437285
20.79 0.022878341372673
20.8 0.024491111923725
20.81 0.022342359546811
20.82 0.016332436565031
20.83 0.007680158362565
20.84 -0.000795234922503
20.85 -0.009395482455025
20.86 -0.023390394998142
20.87 -0.034944120054518
20.88 -0.035588270815546
20.89 -0.031112818933166
20.9 -0.021115243134323
20.91 -0.007383787803765
20.92 0.010414376647699
20.93 0.030250753356119
20.94 0.044752294663453
20.95 0.052830130119759
20.96 0.054638976232214
20.97 0.045144567812386
20.98 0.03638523859802
20.99 0.02397879506958
21.0 0.005134947731887
21.01 -0.016418572800107
21.02 -0.031420224958819
21.03 -0.0415200514137
21.04 -0.048391147818537
21.05 -0.050817360194149
21.06 -0.054847960767668
21.07 -0.050947102228863
21.08 -0.041665549532804
21.09 -0.028422357567981
21.1 -0.014982745520431
21.11 -0.008416703705132
21.12 -0.008128082732006
21.13 -0.012462158759306
21.14 -0.018369822911296
21.15 -0.023558340952218
21.16 -0.025930812396679
21.17 -0.025767819414256
21.18 -0.023854662315186
21.19 -0.024411086868284
21.2 -0.021649250413141
21.21 -0.015029718326886
21.22 -0.004057909493381
21.23 0.00908501268628
21.24 0.02323520888605
21.25 0.032918569536503
21.26 0.03567047442956
21.27 0.034645923228706
21.28 0.030837687419262
21.29 0.028949985266156
21.3 0.028144801350073
21.31 0.028307246617734
21.32 0.028536364664366
21.33 0.030888866068018
21.34 0.035874444683916
21.35 0.042380828954823
21.36 0.056479154859059
21.37 0.067254641072043
21.38 0.073267173732384
21.39 0.071776430688339
21.4 0.068762245524176
21.41 0.07559345184691
21.42 0.084736619110431
21.43 0.087073244438757
21.44 0.078244584882332
21.45 0.066616334904496
21.46 0.040063036637878
21.47 -0.004505853283553
21.48 -0.043399243446524
21.49 -0.061697865862248
21.5 -0.072720533867246
21.51 -0.08150256145705
21.52 -0.082924688994643
21.53 -0.075096351757459
21.54 -0.078802506818162
21.55 -0.070069566314461
21.56 -0.057887962655613
21.57 -0.03774283612118
21.58 -0.014029817982816
21.59 0.011358416843137
21.6 0.035476752956692
21.61 0.059458340239534
21.62 0.07325524106395
21.63 0.073302505043652
21.64 0.076770583918376
21.65 0.068582142152317
21.66 0.057545168136428
21.67 0.050080244861534
21.68 0.048782100507275
21.69 0.056420095405882
21.7 0.065126040392439
21.71 0.071182765472445
21.72 0.070567983610453
21.73 0.064274471686821
21.74 0.055277141375461
21.75 0.046824506433926
21.76 0.040237313436602
21.77 0.037387753307909
21.78 0.037538507151775
21.79 0.037517088444475
21.8 0.03201469113027
21.81 0.018937450677972
21.82 -0.001951252902454
21.83 -0.025241537679351
21.84 -0.046274381874017
21.85 -0.063051438896476
21.86 -0.073586675167558
21.87 -0.078107841178778
21.88 -0.079438121676356
21.89 -0.079707679042791
21.9 -0.069375806927734
21.91 -0.06872918143661
21.92 -0.067083319869321
21.93 -0.064912311458377
21.94 -0.05952283894849
21.95 -0.055918502821754
21.96 -0.051530917811688
21.97 -0.045066859957006
21.98 -0.03812242824044
21.99 -0.030375508176835
22.0 -0.023671802777604
22.01 -0.020012847809482
22.02 -0.01752274901877
22.03 -0.014952215073685
22.04 -0.009157110812498
22.05 0.002038143378473
22.06 0.01845832771682
22.07 0.036686218747458
22.08 0.046176991583048
22.09 0.049980972692422
22.1 0.052700332699757
22.11 0.053567297719903
22.12 0.051914344460831
22.13 0.048962160132733
22.14 0.044668090709017
22.15 0.040441522099332
22.16 0.034633557572586
22.17 0.024016765240241
22.18 0.00991180655524
22.19 -0.008498404798248
22.2 -0.026499594765961
22.21 -0.040410081412945
22.22 -0.049477989364543
22.23 -0.055626515192769
22.24 -0.059696486149453
22.25 -0.055573291816736
22.26 -0.054423110385922
22.27 -0.056356665582446
22.28 -0.056703981266195
22.29 -0.056309007233879
22.3 -0.056767063149067
22.31 -0.055655556308641
22.32 -0.054563372133531
22.33 -0.055691342145922
22.34 -0.058888933012608
22.35 -0.064814526396937
22.36 -0.071442122163917
22.37 -0.075241382623333
22.38 -0.074604561387826
22.39 -0.07090835531718
22.4 -0.06614427106824
22.41 -0.054004819923729
22.42 -0.02692846986003
22.43 0.003121723179277
22.44 0.02295233163044
22.45 0.033697822985952
22.46 0.038812408813913
22.47 0.040261334446174
22.48 0.036399866402537
22.49 0.031038717228504
22.5 0.020699418863014
22.51 0.007437431010463
22.52 -0.010253744819719
22.53 -0.028060481694122
22.54 -0.040819650071218
22.55 -0.046508821599614
22.56 -0.045346364329506
22.57 -0.040666077927163
22.58 -0.030408839430726
22.59 -0.016880696698424
22.6 -0.000915017734608
22.61 0.013741066032824
22.62 0.026501772332066
22.63 0.035082762703374
22.64 0.039037872898665
22.65 0.035763891580172
22.66 0.022143959483104
22.67 0.00294255624011
22.68 -0.008874776804842
22.69 -0.014282060501183
22.7 -0.016906041545858
22.71 -0.018332920429075
22.72 -0.01330544503097
22.73 -0.004384131264132
22.74 0.010011375623731
22.75 0.025684567630982
22.76 0.039230557957236
22.77 0.046927420385468
22.78 0.049990521873358
22.79 0.04975652252482
22.8 0.045063333877992
22.81 0.047948730113173
22.82 0.046791449854169
22.83 0.038604374777039
22.84 0.020831996619987
22.85 -0.005302272495336
22.86 -0.024848001434422
22.87 -0.028413390390414
22.88 -0.032465177399431
22.89 -0.030899491180455
22.9 -0.025078220759425
22.91 -0.016955903889577
22.92 -0.006404744529851
22.93 0.004031634202169
22.94 0.015817636633957
22.95 0.022013844571659
22.96 0.026870347076398
22.97 0.025399545271315
22.98 0.022719428999056
22.99 0.016521850972589
23.0 0.011657976948704
23.01 0.00724871345246
23.02 0.007615297814948
23.03 0.004973512483524
23.04 0.003378740528125
23.05 0.006417736176587
23.06 0.019343255693219
23.07 0.039979012826001
23.08 0.053535742443382
23.09 0.063013056245248
23.1 0.063387603353452
23.11 0.06400325492204
23.12 0.066462455393289
23.13 0.067295761671303
23.14 0.068666161344878
23.15 0.066068427513421
23.16 0.058038577160665
23.17 0.044952675072358
23.18 0.033871450754155
23.19 0.021104511589926
23.2 0.016125648878997
23.21 0.01579817853676
23.22 0.020258781329038
23.23 0.023716332560383
23.24 0.026067333150496
23.25 0.025239734860764
23.26 0.018662751297312
23.27 0.010437785501333
23.28 -0.00146663485549
23.29 -0.0149987989094
23.3 -0.030057929237357
23.31 -0.04390737535243
23.32 -0.050876939122794
23.33 -0.051846357606452
23.34 -0.045091944063329
23.35 -0.041622983959286
23.36 -0.043192822625995
23.37 -0.04322640041923
23.38 -0.040042422060947
23.39 -0.037542670124859
23.4 -0.030453291339361
23.41 -0.019980821369543
23.42 -0.008229816895824
23.43 0.003102373306829
23.44 0.011521497835697
23.45 0.012486958339481
23.46 0.014205142860758
23.47 0.01184890729122
23.48 0.009531902932648
23.49 0.007575767959563
23.5 0.008027325889179
23.51 0.009704982754572
23.52 0.009985344333628
23.53 0.008231374097753
23.54 0.004853865723685
23.55 0.001597474753559
23.56 -0.002665406318972
23.57 -0.004553561622571
23.58 -0.003358997743656
23.59 -0.001112203720239
23.6 -3.7639167456e-05
23.61 0.002438535692589
23.62 0.007824633574922
23.63 0.011741859713788
23.64 0.012810206165361
23.65 0.008960920812625
23.66 0.002501851374403
23.67 -0.004358937636531
23.68 -0.00715889008566
23.69 -0.007964576391074
23.7 -0.009112037274131
23.71 -0.01254222952718
23.72 -0.014512610693941
23.73 -0.017633609507704
23.74 -0.017270922007417
23.75 -0.013649115167993
23.76 -0.006851526067869
23.77 0.000160922959395
23.78 0.006201866011274
23.79 0.012115222610676
23.8 0.010492767322007
23.81 0.007469790477136
23.82 -0.003757026885384
23.83 -0.013455384133517
23.84 -0.022464721631367
23.85 -0.02915905348814
23.86 -0.029124248160199
23.87 -0.030603933682978
23.88 -0.022965782698749
23.89 -0.010819053038625
23.9 0.003537692605003
23.91 0.013659870685196
23.92 0.018130022946954
23.93 0.025343068166975
23.94 0.029493893025247
23.95 0.032718234179031
23.96 0.03192349161705
23.97 0.021033027255811
23.98 0.00381834945728
23.99 -0.015837109755413
24.0 -0.033483071839015
24.01 -0.044545171962725
24.02 -0.050329193503414
24.03 -0.044009834534091
24.04 -0.038382748295582
24.05 -0.02772841916393
24.06 -0.015459858684924
24.07 -0.005062085104176
24.08 0.000865560065481
24.09 0.005144235560648
24.1 0.007472963549865
24.11 0.005608034344012
24.12 0.000966445242559
24.13 -0.002046328700622
24.14 -0.00587634813418
24.15 -0.012878087544934
24.16 -0.018768047687959
24.17 -0.023415912233375
24.18 -0.025141988780311
24.19 -0.024998395064478
24.2 -0.02365580424386
24.21 -0.019173318669869
24.22 -0.009491740658248
24.23 -0.001557517836097
24.24 0.000645487213727
24.25 0.000554319560241
24.26 0.003167601834828
24.27 0.005018529916714
24.28 0.002995836747096
24.29 -0.004391156353429
24.3 -0.013738549974436
24.31 -0.02371972862262
24.32 -0.03018816603008
24.33 -0.032254095276478
24.34 -0.029555787605075
24.35 -0.025887904069883
24.36 -0.020393944489055
24.37 -0.014190143845336
24.38 -0.008676981229134
24.39 -0.006708607596429
24.4 -0.007205561352361
24.41 -0.006831157976802
24.42 -0.005195683226487
24.43 -0.003901661929586
24.44 -0.004899024741329
24.45 -0.006736773440836
24.46 -0.00533131151089
24.47 -0.000390246953018
24.48 0.00503300722393
24.49 0.010083419200779
24.5 0.015750845027004
24.51 0.020670950742354
24.52 0.023729549470691
24.53 0.0257681216984
24.54 0.024766448605167
24.55 0.019492680385334
24.56 0.018304212641655
24.57 0.015798241165059
24.58 0.012263125494103
24.59 0.011148238691772
24.6 0.010435486232628
24.61 0.007603938180699
24.62 0.008042321807027
24.63 0.011597368264078
24.64 0.012304674430662
24.65 0.012671753033079
24.66 0.016384522158002
24.67 0.020864315125221
24.68 0.024757837496328
24.69 0.026577013548584
24.7 0.026751407839473
24.71 0.024739471431838
24.72 0.017280314332629
24.73 0.003259961206784
24.74 -0.013077798046429
24.75 -0.02618494201634
24.76 -0.032945364064504
24.77 -0.042328992856385
24.78 -0.047497928342512
24.79 -0.050932358498262
24.8 -0.052745680084004
24.81 -0.054382820126733
24.82 -0.049021743465563
24.83 -0.039764283324993
24.84 -0.025783996531548
24.85 -0.010091517272463
24.86 0.004737239310615
24.87 0.017316784858967
24.88 0.025540112941419
24.89 0.028727890408824
24.9 0.029433519490267
24.91 0.028307569919925
24.92 0.025508624447507
24.93 0.023842531360992
24.94 0.026709996223884
 
 
 
 
 
 
 
 
 
 
 
 
 
 
 
 
 
 
 
 
 
 
 
 
 
 
 
 
 
 
 
 
 
 
 
 
 
 
 
 
 
 
 
 
 
 
 
 
 
 
 
 
 
 
 
 
 
 
 
 
 
 
 
 
 
 
 
 
 
 
 
 
 
 
 
 
 
 
 
 
 
 
 
 
 
 
 
 
 
 
 
 
 
 
 
 
 
 
 
 
 
 
 
 
 
 
 
 
 
 
 
 
 
 
 
 
 
 
 
 
 
 
 
 
 
 
 
 
 
 
 
 
 
 
 
 
 
 
 
 
 
 
 
 
 
 
 
 
 
 
 
 
 
 
 
 
 
 
 
 
 
 
 
 
 
 
 
 
 
 
 
 
 
 
 
 
 
 
 
 
 
 
 
 
 
 
 
 
 
 
 
 
 
 
 
 
 
 
 
 
 
 
 
 
 
 
 
 
 
 
 
 
 
 
 
 
 
 
 
 
 
 
 
 
 
 
 
 
 
 
 
 
 
 
 
 
 
 
 
 
 
 
 
 
 
 
 
 
 
 
 
 
 
 
 
 
 
 
 
 
 
 
 
 
 
 
 
 
 
 
 
 
 
 
 
 
 
 
 
 
 
 
 
 
 
 
 
 
 
 
 
 
 
 
 
 
 
 
 
 
 
 
 
 
 
 
 
 
 
 
 
 
 
 
 
 
 
 
 
 
 
 
 
 
 
 
 
 
 
 
 
 
 
 
 
 
 
 
 
 
 
 
 
 
 
 
 
 
 
 
 
 
 
 
 
 
 
 
 
 
 
 
 
 
 
 
 
 
 
 
 
 
 
 
 
 
 
 
 
 
 
 
 
 
 
 
 
 
 
 
 
 
 
 
 
 
 
 
 
 
 
 
 
 
 
 
 
 
 
 
 
 
 
 
 
 
 
 
 
 
 
 
 
 
 
 
 
 
 
 
 
 
 
 
 
 
 
 
 
 
 
 
 
 
 
 
 
 
 
 
 
 
 
 
 
 
 
 
 
 
 
 
 
 
 
 
 
 
 
 
 
 
 
 
 
 
 
 
 
 
 
 
 
 
 
 
 
 
 
 
 
 
 
 
 
 
 
 
 
 
 
 
 
 
 
 
 
 
 
 
 
 
 
 
 
 
 
 
 
 
 
 
 
 
 
 
 
 
 
 
 
 
 
 
 
 
 
 
 
 
 
 
 
 
 
 
 
 
 
 
 
 
 
 
 
 
 
 
 
 
 
 
 
 
 
 
 
 
 
 
 
 
 
 
 
 
 
 
 
 
 
 
 
 
 
 
 
 
 
 
 
 
 
 
 
 
 
 
 
 
 
 
 
 
 
 
 
 
 
 
 
 
 
 
 
 
 
 
 
 
 
 
 
 
 
 
 
 
 
 
 
 
 
 
 
 
 
 
 
 
 
 
 
 
 
 
 
 
 
 
 
 
 
 
 
 
 
 
 
 
 
 
 
 
 
 
 
 
 
 
 
 
 
 
 
 
 
 
 
 
 
 
 
 
 
 
 
 
 
 
 
 
 
 
 
 
 
 
 
 
 
 
 
 
 
 
 
 
 
 
 
 
 
 
 
 
 
 
 
 
 
 
 
 
 
 
 
 
 
 
 
 
 
 
 
 
 
 
 
 
 
 
 
 
 
 
 
 
 
 
 
 
 
 
 
 
 
 
 
 
 
 
 
 
 
 
 
 
 
 
 
 
 
 
 
 
 
 
 
 
 
 
 
 
 
 
 
 
 
 
 
 
 
 
 
 
 
 
 
 
 
 
 
 
 
 
 
 
 
 
 
 
 
 
 
 
 
 
 
 
 
 
 
 
 
 
 
 
 
 
 
 
 
 
 
 
 
 
 
 
 
 
 
 
 
 
 
 
 
 
 
 
 
 
 
 
 
 
 
 
 
 
 
 
 
 
 
 
 
 
 
 
 
 
 
 
 
 
 
 
 
 
 
 
 
 
 
 
 
 
 
 
 
 
 
 
 
 
 
 
 
 
 
 
 
 
 
 
 
 
 
 
 
 
 
 
 
 
 
 
 
 
 
 
 
 
 
 
 
 
 
 
 
 
 
 
 
 
 
 
 
 
 
 
 
 
 
 
 
 
 
 
 
 
 
 
 
 
 
 
 
 
 
 
 
 
 
 
 
 
 
 
 
 
 
 
 
 
 
 
 
 
 
 
 
 
 
 
 
 
 
 
 
 
 
 
 
 
 
 
 
 
 
 
 
 
 
 
 
 
 
 
 
 
 
 
 
 
 
 
 
 
 
 
 
 
 
 
 
 
 
 
 
 
 
 
 
 
 
 
 
 
 
 
 
 
 
 
 
 
 
 
 
 
 
 
 
 
 
 
 
 
 
 
 
 
 
 
 
 
 
 
 
 
 
 
 
 
 
 
 
 
 
 
 
 
 
 
 
 
 
 
 
 
 
 
 
 
 
 
 
 
 
 
 
 
 
 
 
 
 
 
 
 
 
 
 
 
 
 
 
 
 
 
 
 
 
 
 
 
 
 
 
 
 
 
 
 
 
 
 
 
 
 
 
 
 
 
 
 
 
 
 
 
 
 
 
 
 
 
 
 
 
 
 
 
 
 
 
 
 
 
 
 
 
 
 
 
 
 
 
 
 
 
 
 
 
 
 
 
 
 
 
 
 
 
 
 
 
 
 
 
 
 
 
 
 
 
 
 
 
 
 
 
 
 
 
 
 
 
 
 
 
 
 
 
 
 
 
 
 
 
 
 
 
 
 
 
 
 
 
 
 
 
 
 
 
 
 
 
 
 
 
 
 
 
 
 
 
 
 
 
 
 
 
 
 
 
 
 
 
 
 
 
 
 
 
 
 
 
 
 
 
 
 
 
 
 
 
 
 
 
 
 
 
 
 
 
 
 
 
 
 
 
 
 
 
 
 
 
 
 
 
 
 
 
 
 
 
 
 
 
 
 
 
 
 
 
 
 
 
 
 
 
 
 
 
 
 
 
 
 
 
 
 
 
 
 
 
 
 
 
 
 
 
 
 
 
 
 
 
 
 
 
 
 
 
 
 
 
 
 
 
 
 
 
 
 
 
 
 
 
 
 
 
 
 
 
 
 
 
 
 
 
 
 
 
 
 
 
 
 
 
 
 
 
 
 
 
 
 
 
 
 
 
 
 
 
 
 
 
 
 
 
 
 
 
 
 
 
 
 
 
 
 
 
 
 
 
 
 
 
 
 
 
 
 
 
 
 
 
 
 
 
 
 
 
 
 
 
 
 
 
 
 
 
 
 
 
 
 
 
 
 
 
 
 
 
 
 
 
 
 
 
 
 
 
 
 
 
 
 
 
 
 
 
 
 
 
 
 
 
 
 
 
 
 
 
 
 
 
 
 
 
 
 
 
 
 
 
 
 
 
 
 
 
 
 
 
 
 
 
 
 
 
 
 
 
 
 
 
 
 
 
 
 
 
 
 
 
 
 
 
 
 
 
 
 
 
 
 
 
 
 
 
 
 
 
 
 
 
 
 
 
 
 
 
 
 
 
 
 
 
 
 
 
 
 
 
 
 
 
 
 
 
 
 
 
 
 
 
 
 
 
 
 
 
 
 
 
 
 
 
 
 
 
 
 
 
 
 
 
 
 
 
 
 
 
 
 
 
 
 
 
 
 
 
 
 
 
 
 
 
 
 
 
 
 
 
 
 
 
 
 
 
 
 
 
 
 
 
 
 
 
 
 
 
 
 
 
 
 
 
 
 
 
 
 
 
 
 
 
 
 
 
 
 
 
 
 
 
 
 
 
 
 
 
 
 
 
 
 
 
 
 
 
 
 
 
 
 
 
 
 
 
 
 
 
 
 
 
 
 
 
 
 
 
 
 
 
 
 
 
 
 
 
 
 
 
 
 
 
 
 
 
 
 
 
 
 
 
 
 
 
 
 
 
 
 
 
 
 
 
 
 
 
 
 
 
 
 
 
 
 
 
 
 
 
 
 
 
 
 
 
 
 
 
 
 
 
 
 
 
 
 
 
 
 
 
 
 
 
 
 
 
 
 
 
 
 
 
 
 
 
 
 
 
 
 
 
 
 
 
 
 
 
 
 
 
 
 
 
 
 
 
 
 
 
 
 
 
 
 
 
 
 
 
 
 
 
 
 
 
 
 
 
 
 
 
 
 
 
 
 
 
 
 
 
 
 
 
 
 
 
 
 
 
 
 
 
 
 
 
 
 
 
 
 
 
 
 
 
 
 
 
 
 
 
 
 
 
 
 
 
 
 
 
 
 
 
 
 
 
 
 
 
 
 
 
 
 
 
 
 
 
 
 
 
 
 
 
 
 
 
 
 
 
 
 
 
 
 
 
 
 
 
 
 
 
 
 
 
 
 
 
 
 
 
 
 
 
 
 
 
 
 
 
 
 
 
 
 
 
 
 
 
 
 
 
 
 
 
 
 
 
 
 
 
 
 
 
 
 
 
 
 
 
 
 
 
 
 
 
 
 
 
 
 
 
 
 
 
 
 
 
 
 
 
 
 
 
 
 
 
 
 
 
 
 
 
 
 
 
 
 
 
 
 
 
 
 
 
 
 
 
 
 
 
 
 
 
 
 
 
 
 
 
 
 
 
 
 
 
 
 
 
 
 
 
 
 
 
 
 
 
 
 
 
 
 
 
 
 
 
 
 
 
 
 
 
 
 
 
 
 
 
 
 
 
 
 
 
 
 
 
 
 
 
 
 
 
 
 
 
 
 
 
 
 
 
 
 
 
 
 
 
 
 
 
 
 
 
 
 
 
 
 
 
 
 
 
 
 
 
 
 
 
 
 
 
 
 
 
 
 
 
 
 
 
 
 
 
 
 
 
 
 
 
 
 
 
 
 
 
 
 
 
 
 
 
 
 
 
 
 
 
 
 
 
 
 
 
 
 
 
 
 
 
 
 
 
 
 
 
 
 
 
 
 
 
 
 
 
 
 
 
 
 
 
 
 
 
 
 
 
 
 
 
 
 
 
 
 
 
 
 
 
 
 
 
 
 
 
 
 
 
 
 
 
 
 
 
 
 
 
 
 
 
 
 
 
 
 
 
 
 
 
 
 
 
 
 
 
 
 
 
 
 
 
 
 
 
 
 
 
 
 
 
 
 
 
 
 
 
 
 
 
 
 
 
 
 
 
 
 
 
 
 
 
 
 
 
 
 
 
 
 
 
 
 
 
 
 
 
 
 
 
 
 
 
 
 
 
 
 
 
 
 
 
 
 
 
 
 
 
 
 
 
 
 
 
 
 
 
 
 
 
 
 
 
 
 
 
 
 
 
 
 
 
 
 
 
 
 
 
 
 
 
 
 
 
 
 
 
 
 
 
 
 
 
 
 
 
 
 
 
 
 
 
 
 
 
 
 
 
 
 
 
 
 
 
 
 
 
 
 
 
 
 
 
 
 
 
 
 
 
 
 
 
 
 
 
 
 
 
 
 
 
 
 
 
 
 
 
 
 
 
 
 
 
 
 
 
 
 
 
 
 
 
 
 
 
 
 
 
 
 
 
 
 
 
 
 
 
 
 
 
 
 
 
 
 
 
 
 
 
 
 
 
 
 
 
 
 
 
 
 
 
 
 
 
 
 
 
 
 
 
 
 
 
 
 
 
 
 
 
 
 
 
 
 
 
 
 
 
 
 
 
 
 
 
 
 
 
 
 
 
 
 
 
 
 
 
 
 
 
 
 
 
 
 
 
 
 
 
 
 
 
 
 
 
 
 
 
 
 
 
 
 
 
 
 
 
 
 
 
 
 
 
 
 
 
 
 
 
 
 
 
 
 
 
 
 
 
 
 
 
 
 
 
 
 
 
 
 
 
 
 
 
 
 
 
 
 
 
 
 
 
 
 
 
 
 
 
 
 
 
 
 
 
 
 
 
 
 
 
 
 
 
 
 
 
 
 
 
 
 
 
 
 
 
 
 
 
 
 
 
 
 
 
 
 
 
 
 
 
 
 
 
 
 
 
 
 
 
 
 
 
 
 
 
 
 
 
 
 
 
 
 
 
 
 
 
 
 
 
 
 
 
 
 
 
 
 
 
 
 
 
 
 
 
 
 
 
 
 
 
 
 
 
 
 
 
 
 
 
 
 
 
 
 
 
 
 
 
 
 
 
 
 
 
 
 
 
 
 
 
 
 
 
 
 
 
 
 
 
 
 
 
 
 
 
 
 
 
 
 
 
 
 
 
 
 
 
 
 
 
 
 
 
 
 
 
 
 
 
 
 
 
 
 
 
 
 
 
 
 
 
 
 
 
 
 
 
 
 
 
 
 
 
 
 
 
 
 
 
 
 
 
 
 
 
 
 
 
 
 
 
 
 
 
 
 
 
 
 
 
 
 
 
 
 
 
 
 
 
 
 
 
 
 
 
 
 
 
 
 
 
 
 
 
 
 
 
 
 
 
 
 
 
 
 
 
 
 
 
 
 
 
 
 
 
 
 
 
 
 
 
 
 
 
 
 
 
 
 
 
 
 
 
 
 
 
 
 
 
 
 
 
 
 
 
 
 
 
 
 
 
 
 
 
 
 
 
 
 
 
 
 
 
 
 
 
 
 
 
 
 
 
 
 
 
 
 
 
 
 
 
 
 
 
 
 
 
 
 
 
 
 
 
 
 
 
 
 
 
 
 
 
 
 
 
 
 
 
 
 
 
 
 
 
 
 
 
 
 
 
 
 
 
 
 
 
 
 
 
 
 
 
 
 
 
 
 
 
 
 
 
 
 
 
 
 
 
 
 
 
 
 
 
 
 
 
 
 
 
 
 
 
 
 
 
 
 
 
 
 
 
 
 
 
 
 
 
 
 
 
 
 
 
 
 
 
 
 
 
 
 
 
 
 
 
 
 
 
 
 
 
 
 
 
 
 
 
 
 
 
 
 
 
 
 
 
 
 
 
 
 
 
 
 
 
 
 
 
 
 
 
 
 
 
 
 
 
 
 
 
 
 
 
 
 
 
 
 
 
 
 
 
 
 
 
 
 
 
 
 
 
 
 
 
 
 
 
 
 
 
 
 
 
 
 
 
 
 
 
 
 
 
 
 
 
 
 
 
 
 
 
 
 
 
 
 
 
 
 
 
 
 
 
 
 
 
 
 
 
 
 
 
 
 
 
 
 
 
 
 
 
 
 
 
 
 
 
 
 
 
 
 
 
 
 
 
 
 
 
 
 
 
 
 
 
 
 
 
 
 
 
 
 
 
 
 
 
 
 
 
 
 
 
 
 
 
 
 
 
 
 
 
 
 
 
 
 
 
 
 
 
 
 
 
 
 
 
 
 
 
 
 
 
 
 
 
 
 
 
 
 
 
 
 
 
 
 
 
 
 
 
 
 
 
 
 
 
 
 
 
 
 
 
 
 
 
 
 
 
 
 
 
 
 
 
 
 
 
 
 
 
 
 
 
 
 
 
 
 
 
 
 
 
 
 
 
 
 
 
 
 
 
 
 
 
 
 
 
 
 
 
 
 
 
 
 
 
 
 
 
 
 
 
 
 
 
 
 
 
 
 
 
 
 
 
 
 
 
 
 
 
 
 
 
 
 
 
 
 
 
 
 
 
 
 
 
 
 
 
 
 
 
 
 
 
 
 
 
 
 
 
 
 
 
 
 
 
 
 
 
 
 
 
 
 
 
 
 
 
 
 
 
 
 
 
 
 
 
 
 
 
 
 
 
 
 
 
 
 
 
 
 
 
 
 
 
 
 
 
 
 
 
 
 
 
 
 
 
 
 
 
 
 
 
 
 
 
 
 
 
 
 
 
 
 
 
 
 
 
 
 
 
 
 
 
 
 
 
 
 
 
 
 
 
 
 
 
 
 
 
 
 
 
 
 
 
 
 
 
 
 
 
 
 
 
 
 
 
 
 
 
 
 
 
 
 
 
 
 
 
 
 
 
 
 
 
 
 
 
 
 
 
 
 
 
 
 
 
 
 
 
 
 
 
 
 
 
 
 
 
 
 
 
 
 
 
 
 
 
 
 
 
 
 
 
 
 
 
 
 
 
 
 
 
 
 
 
 
 
 
 
 
 
 
 
 
 
 
 
 
 
 
 
 
 
 
 
 
 
 
 
 
 
 
 
 
 
 
 
 
 
 
 
 
 
 
 
 
 
 
 
 
 
 
 
 
 
 
 
 
 
 
 
 
 
 
 
 
 
 
 
 
 
 
 
 
 
 
 
 
 
 
 
 
 
 
 
 
 
 
 
 
 
 
 
 
 
 
 
 
 
 
 
 
 
 
 
 
 
 
 
 
 
 
 
 
 
 
 
 
 
 
 
 
 
 
 
 
 
 
 
 
 
 
 
 
 
 
 
 
 
 
 
 
 
 
 
 
 
 
 
 
 
 
 
 
 
 
 
 
 
 
 
 
 
 
 
 
 
 
 
 
 
 
 
 
 
 
 
 
 
 
 
 
 
 
 
 
 
 
 
 
 
 
 
 
 
 
 
 
 
 
 
 
 
 
 
 
 
 
 
 
 
 
 
 
 
 
 
 
 
 
 
 
 
 
 
 
 
 
 
 
 
 
 
 
 
 
 
 
 
 
 
 
 
 
 
 
 
 
 
 
 
 
 
 
 
 
 
 
 
 
 
 
 
 
 
 
 
 
 
 
 
 
 
 
 
 
 
 
 
 
 
 
 
 
 
 
 
 
 
 
 
 
 
 
 
 
 
 
 
 
 
 
 
 
 
 
 
 
 
 
 
 
 
 
 
 
 
 
 
 
 
 
 
 
 
 
 
 
 
 
 
 
 
 
 
 
 
 
 
 
 
 
 
 
 
 
 
 
 
 
 
 
 
 
 
 
 
 
 
 
 
 
 
 
 
 
 
 
 
 
 
 
 
 
 
 
 
 
 
 
 
 
 
 
 
 
 
 
 
 
 
 
 
 
 
 
 
 
 
 
 
 
 
 
 
 
 
 
 
 
 
 
 
 
 
 
 
 
 
 
 
 
 
 
 
 
 
 
 
 
 
 
 
 
 
 
 
 
 
 
 
 
 
 
 
 
 
 
 
 
 
 
 
 
 
 
 
 
 
 
 
 
 
 
 
 
 
 
 
 
 
 
 
 
 
 
 
 
 
 
 
 
 
 
 
 
 
 
 
 
 
 
 
 
 
 
 
 
 
 
 
 
 
 
 
 
 
 
 
 
 
 
 
 
 
 
 
 
 
 
 
 
 
 
 
 
 
 
 
 
 
 
 
 
 
 
 
 
 
 
 
 
 
 
 
 
 
 
 
 
 
 
 
 
 
 
 
 
 
 
 
 
 
 
 
 
 
 
 
 
 
 
 
 
 
 
 
 
 
 
 
 
 
 
 
 
 
 
 
 
 
 
 
 
 
 
 
 
 
 
 
 
 
 
 
 
 
 
 
 
 
 
 
 
 
 
 
 
 
 
 
 
 
 
 
 
 
 
 
 
 
 
 
 
 
 
 
 
 
 
 
 
 
 
 
 
 
 
 
 
 
 
 
 
 
 
 
 
 
 
 
 
 
 
 
 
 
 
 
 
 
 
 
 
 
 
 
 
 
 
 
 
 
 
 
 
 
 
 
 
 
 
 
 
 
 
 
 
 
 
 
 
 
 
 
 
 
 
 
 
 
 
 
 
 
 
 
 
 
 
 
 
 
 
 
 
 
 
 
 
 
 
 
 
 
 
 
 
 
 
 
 
 
 
 
 
 
 
 
 
 
 
 
 
 
 
 
 
 
 
 
 
 
 
 
 
 
 
 
 
 
 
 
 
 
 
 
 
 
 
 
 
 
 
 
 
 
 
 
 
 
 
 
 
 
 
 
 
 
 
 
 
 
 
 
 
 
 
 
 
 
 
 
 
 
 
 
 
 
 
 
 
 
 
 
 
 
 
 
 
 
 
 
 
 
 
 
 
 
 
 
 
 
 
 
 
 
 
 
 
 
 
 
 
 
 
 
 
 
 
 
 
 
 
 
 
 
 
 
 
 
 
 
 
 
 
 
 
 
 
 
 
 
 
 
 
 
 
 
 
 
 
 
 
 
 
 
 
 
 
 
 
 
 
 
 
 
 
 
 
 
 
 
 
 
 
 
 
 
 
 
 
 
 
 
 
 
 
 
 
 
 
 
 
 
 
 
 
 
 
 
 
 
 
 
 
 
 
 
 
 
 
 
 
 
 
 
 
 
 
 
 
 
 
 
 
 
 
 
 
 
 
 
 
 
 
 
 
 
 
 
 
 
 
 
 
 
 
 
 
 
 
 
 
 
 
 
 
 
 
 
 
 
 
 
 
 
 
 
 
 
 
 
 
 
 
 
 
 
 
 
 
 
 
 
 
 
 
 
 
 
 
 
 
 
 
 
 
 
 
 
 
 
 
 
 
 
 
 
 
 
 
 
 
 
 
 
 
 
 
 
 
 
 
 
 
 
 
 
 
 
 
 
 
 
 
 
 
 
 
 
 
 
 
 
 
 
 
 
 
 
 
 
 
 
 
 
 
 
 
 
 
 
 
 
 
 
 
 
 
 
 
 
 
 
 
 
 
 
 
 
 
 
 
 
 
 
 
 
 
 
 
 
 
 
 
 
 
 
 
 
 
 
 
 
 
 
 
 
 
 
 
 
 
 
 
 
 
 
 
 
 
 
 
 
 
 
 
 
 
 
 
 
 
 
 
 
 
 
 
 
 
 
 
 
 
 
 
 
 
 
 
 
 
 
 
 
 
 
 
 
 
 
 
 
 
 
 
 
 
 
 
 
 
 
 
 
 
 
 
 
 
 
 
 
 
 
 
 
 
 
 
 
 
 
 
 
 
 
 
 
 
 
 
 
 
 
 
 
 
 
 
 
 
 
 
 
 
 
 
 
 
 
 
 
 
 
 
 
 
 
 
 
 
 
 
 
 
 
 
 
 
 
 
 
 
 
 
 
 
 
 
 
 
 
 
 
 
 
 
 
 
 
 
 
 
 
 
 
 
 
 
 
 
 
 
 
 
 
 
 
 
 
 
 
 
 
 
 
 
 
 
 
 
 
 
 
 
 
 
 
 
 
 
 
 
 
 
 
 
 
 
 
 
 
 
 
 
 
 
 
 
 
 
 
 
 
 
 
 
 
 
 
 
 
 
 
 
 
 
 
 
 
 
 
 
 
 
 
 
 
 
 
 
 
 
 
 
 
 
 
 
 
 
 
 
 
 
 
 
 
 
 
 
 
 
 
 
 
 
 
 
 
 
 
 
 
 
 
 
 
 
 
 
 
 
 
 
 
 
 
 
 
 
 
 
 
 
 
 
 
 
 
 
 
 
 
 
 
 
 
 
 
 
 
 
 
 
 
 
 
 
 
 
 
 
 
 
 
 
 
 
 
 
 
 
 
 
 
 
 
 
 
 
 
 
 
 
 
 
 
 
 
 
 
 
 
 
 
 
 
 
 
 
 
 
 
 
 
 
 
 
 
 
 
 
 
 
 
 
 
 
 
 
 
 
 
 
 
 
 
 
 
 
 
 
 
 
 
 
 
 
 
 
 
 
 
 
 
 
 
 
 
 
 
 
 
 
 
 
 
 
 
 
 
 
 
 
 
 
 
 
 
 
 
 
 
 
 
 
 
 
 
 
 
 
 
 
 
 
 
 
 
 
 
 
 
 
 
 
 
 
 
 
 
 
 
 
 
 
 
 
 
 
 
 
 
 
 
 
 
 
 
 
 
 
 
 
 
 
 
 
 
 
 
 
 
 
 
 
 
 
 
 
 
 
 
 
 
 
 
 
 
 
 
 
 
 
 
 
 
 
 
 
 
 
 
 
 
 
 
 
 
 
 
 
 
 
 
 
 
 
 
 
 
 
 
 
 
 
 
 
 
 
 
 
 
 
 
 
 
 
 
 
 
 
 
 
 
 
 
 
 
 
 
 
 
 
 
 
 
 
 
 
 
 
 
 
 
 
 
 
 
 
 
 
 
 
 
 
 
 
 
 
 
 
 
 
 
 
 
 
 
 
 
 
 
 
 
 
 
 
 
 
 
 
 
 
 
 
 
 
 
 
 
 
 
 
 
 
 
 
 
 
 
 
 
 
 
 
 
 
 
 
 
 
 
 
 
 
 
 
 
 
 
 
 
 
 
 
 
 
 
 
 
 
 
 
 
 
 
 
 
 
 
 
 
 
 
 
 
 
 
 
 
 
 
 
 
 
 
 
 
 
 
 
 
 
 
 
 
 
 
 
 
 
 
 
 
 
 
 
 
 
 
 
 
 
 
 
 
 
 
 
 
 
 
 
 
 
 
 
 
 
 
 
 
 
 
 
 
 
 
 
 
 
 
 
 
 
 
 
 
 
 
 
 
 
 
 
 
 
 
 
 
 
 
 
 
 
 
 
 
 
 
 
 
 
 
 
 
 
 
 
 
 
 
 
 
 
 
 
 
 
 
 
 
 
 
 
 
 
 
 
 
 
 
 
 
 
 
 
 
 
 
 
 
 
 
 
 
 
 
 
 
 
 
 
 
 
 
 
 
 
 
 
 
 
 
 
 
 
 
 
 
 
 
 
 
 
 
 
 
 
 
 
 
 
 
 
 
 
 
 
 
 
 
 
 
 
 
 
 
 
 
 
 
 
 
 
 
 
 
 
 
 
 
 
 
 
 
 
 
 
 
 
 
 
 
 
 
 
 
 
 
 
 
 
 
 
 
 
 
 
 
 
 
 
 
 
 
 
 
 
 
 
 
 
 
 
 
 
 
 
 
 
 
 
 
 
 
 
 
 
 
 
 
 
 
 
 
 
 
 
 
 
 
 
