0.0 0.0
0.01 2.62118227e-07
0.02 4.01295298e-07
0.03 6.03418464e-07
0.04 5.98846206e-07
0.05 8.8172842e-08
0.06 -8.572652e-07
0.07 -1.259169395e-06
0.08 -1.290631815e-06
0.09 -2.94443897e-06
0.1 -5.516310369e-06
0.11 -6.397574486e-06
0.12 -5.187050391e-06
0.13 -2.717321113e-06
0.14 -3.800988744e-06
0.15 -7.083393793e-06
0.16 -5.57884103e-06
0.17 -7.09811081e-07
0.18 7.016199788e-06
0.19 1.6764104384e-05
0.2 1.3822083608e-05
0.21 -3.740820849e-06
0.22 -1.6226752655e-05
0.23 -1.646910346e-05
0.24 -1.2234235799e-05
0.25 -1.0346602937e-05
0.26 -8.78548422e-07
0.27 1.404002531e-05
0.28 1.4119025613e-05
0.29 -4.637081137e-06
0.3 -2.854377866e-05
0.31 -3.577800403e-05
0.32 -1.7876532443e-05
0.33 -2.150617476e-06
0.34 -5.417851249e-06
0.35 -5.1497555904e-05
0.36 -0.000120222719011
0.37 -0.000125178165035
0.38 -3.5113157824e-05
0.39 3.200071442e-05
0.4 3.605388384e-05
0.41 2.8200114501e-05
0.42 2.7112440338e-05
0.43 5.4260312066e-05
0.44 0.000100120914988
0.45 5.1490697785e-05
0.46 -8.1612454856e-05
0.47 -0.000163522453889
0.48 -0.000134178528716
0.49 -4.6919546402e-05
0.5 -3.8284403635e-05
0.51 -9.2669659186e-05
0.52 -8.4056236985e-05
0.53 -3.8905099541e-05
0.54 -2.514164843e-05
0.55 -6.4562153561e-05
0.56 -9.596548503e-05
0.57 -5.1460828583e-05
0.58 1.872947256e-05
0.59 0.000113794752973
0.6 9.4213760992e-05
0.61 -0.000119689693551
0.62 -0.000213561640518
0.63 -3.9848714915e-05
0.64 2.9540883114e-05
0.65 -9.5507616035e-05
0.66 -6.9454421763e-05
0.67 3.7965606949e-05
0.68 -7.061555653e-06
0.69 -0.000107098322164
0.7 -6.291385152e-05
0.71 -7.53753954e-07
0.72 -0.000104567562473
0.73 -0.000219435275878
0.74 -0.00021336309762
0.75 -0.000292880010905
0.76 -0.000403698076283
0.77 -0.000288485567179
0.78 -9.0069564302e-05
0.79 -0.00011422762485
0.8 -3.0963024734e-05
0.81 0.000250734435552
0.82 0.000199663998267
0.83 -7.4147408572e-05
0.84 -4.1704896147e-05
0.85 -2.8518611907e-05
0.86 -0.000197309693405
0.87 -4.2051468578e-05
0.88 0.000249327086633
0.89 0.00025493481554
0.9 -9.2584700444e-05
0.91 -0.000412188124024
0.92 -0.000425206035946
0.93 -0.00033659576263
0.94 -0.000341303989947
0.95 -0.000222408725782
0.96 -0.000106269187865
0.97 -0.000118356317344
0.98 -7.824207031e-06
0.99 0.000316961244858
1.0 0.000494836346781
1.01 0.000172272603187
1.02 -0.000254264397014
1.03 -0.00025288739855
1.04 0.000117582906391
1.05 0.000131478151193
1.06 -0.000208166163095
1.07 -0.000259922883473
1.08 6.4752089538e-05
1.09 7.3610834397e-05
1.1 -9.04936699e-07
1.11 0.000264723693108
1.12 0.000320761993113
1.13 0.000170182975712
1.14 0.000122818883466
1.15 0.00015110619855
1.16 0.000176818559918
1.17 2.0311387325e-05
1.18 -0.000131258784023
1.19 0.000191307405128
1.2 0.000252487909299
1.21 -0.000406396374148
1.22 -0.000799293856841
1.23 -0.000506368154571
1.24 -0.000446260642568
1.25 -0.000993739749062
1.26 -0.001346484202538
1.27 -0.001008462379299
1.28 -0.000258173069175
1.29 0.000233004981856
1.3 0.000432613305967
1.31 0.000448026477776
1.32 8.7062773019e-05
1.33 -0.00020894978005
1.34 0.000125467652129
1.35 0.00022359897326
1.36 -0.000184094726084
1.37 -0.000365302383356
1.38 -0.000426203066243
1.39 -0.000491546129235
1.4 -0.000711383519799
1.41 -0.000725474704012
1.42 -0.000295151246246
1.43 3.2709902386e-05
1.44 -0.000150081992764
1.45 -0.000370455242219
1.46 -8.1222783102e-05
1.47 0.000451815324591
1.48 0.001095262505024
1.49 0.001742506663177
1.5 0.001414992568674
1.51 -6.379648475e-06
1.52 -0.000749692730677
1.53 -2.4392538049e-05
1.54 0.000510276281999
1.55 -5.0891215712e-05
1.56 -0.000854663438098
1.57 -0.001260489762114
1.58 -0.000758144056311
1.59 0.000276267182798
1.6 0.00088844992419
1.61 0.000725943086529
1.62 0.000381481786351
1.63 4.6722510208e-05
1.64 -0.00055080375377
1.65 -0.000907835623922
1.66 -0.000724242468251
1.67 -0.000569503236102
1.68 -0.000503929687925
1.69 -0.00022406086851
1.7 -0.000195947704219
1.71 -0.000379924062319
1.72 -0.000124888297821
1.73 0.000179136941518
1.74 0.000103974409877
1.75 -0.000395495759112
1.76 -0.000746449215354
1.77 -0.000729645848014
1.78 -0.000215638639403
1.79 0.000516134081417
1.8 0.000909697352583
1.81 0.000787600707443
1.82 0.000348581815674
1.83 0.000171761111538
1.84 0.000495548879883
1.85 0.000244777363085
1.86 -0.000656001277531
1.87 -0.000769258113395
1.88 -4.92677864e-07
1.89 6.9458014437e-05
1.9 -0.000295516600928
1.91 -0.00023566288724
1.92 -8.039922014e-05
1.93 0.000535650765426
1.94 0.001441133889576
1.95 0.001116415987722
1.96 -0.000518264839769
1.97 -0.000958461548095
1.98 -0.000150352628735
1.99 -0.00026185176036
2.0 -0.001149203010933
2.01 -0.001023436281835
2.02 -0.000330208620276
2.03 2.323946882e-06
2.04 0.000763726822639
2.05 0.001244715103771
2.06 0.000286058386961
2.07 -0.000604641237041
2.08 -0.000513990996809
2.09 -0.00020289806991
2.1 -0.000389007800409
2.11 -0.000605665874664
2.12 -0.000197462037404
2.13 0.000251908390068
2.14 0.000534123612603
2.15 0.000433589796993
2.16 0.000180389621584
2.17 7.781924462e-06
2.18 -0.000314434102404
2.19 -0.000687592523906
2.2 -0.000771894627057
2.21 -0.000645686920435
2.22 -0.000313808915078
2.23 0.000552346142488
2.24 0.001237436253549
2.25 0.001101282150188
2.26 0.000680253754826
2.27 0.000562285123636
2.28 0.000693263744358
2.29 0.000748579374037
2.3 0.000149139208561
2.31 -0.0010872176812
2.32 -0.0019648371455
2.33 -0.001992603744714
2.34 -0.001714040938958
2.35 -0.00089458447589
2.36 0.000154229418658
2.37 0.000336614049988
2.38 4.7855180331e-05
2.39 0.000423452520794
2.4 0.000851969476239
2.41 0.000868046583189
2.42 0.00104446927939
2.43 0.001422454886048
2.44 0.001102559051683
2.45 0.000125556129423
2.46 -0.000460210053867
2.47 -0.000424970180415
2.48 -0.000436731040233
2.49 -7.713008274e-05
2.5 0.000425884275552
2.51 0.000833705835448
2.52 0.00124028419548
2.53 0.001390848949973
2.54 0.000923542401548
2.55 6.1596061693e-05
2.56 -0.000393655613461
2.57 -0.000744932327233
2.58 -0.001639011354373
2.59 -0.002750218724527
2.6 -0.002873998165139
2.61 -0.002339476912223
2.62 -0.002410143534571
2.63 -0.002414564308406
2.64 -0.001587573996208
2.65 -0.001253068827677
2.66 -0.000892777327614
2.67 0.000804091656798
2.68 0.002818726416951
2.69 0.003135221639892
2.7 0.002728000868956
2.71 0.003182036411149
2.72 0.003550556771383
2.73 0.00371736010891
2.74 0.003615521216722
2.75 0.001579368975422
2.76 -0.002187531180073
2.77 -0.004510202161016
2.78 -0.004785804414502
2.79 -0.004708335637445
2.8 -0.004056961906551
2.81 -0.002369590261659
2.82 -0.000308212136297
2.83 0.000803363273579
2.84 0.001043474867386
2.85 0.000721290253164
2.86 -0.000233208515146
2.87 -0.001579120824719
2.88 -0.002306288734069
2.89 -0.002177264878252
2.9 -0.00276753409238
2.91 -0.004670420033242
2.92 -0.005834645810229
2.93 -0.004981455152466
2.94 -0.003716943053072
2.95 -0.002896835877808
2.96 -0.002581874984205
2.97 -0.003118342711099
2.98 -0.002923214772271
2.99 -0.000945851742074
3.0 0.001502858307831
3.01 0.00336696716229
3.02 0.005384527341865
3.03 0.00714844135009
3.04 0.006152881912321
3.05 0.001846647086494
3.06 -0.003133184843052
3.07 -0.005591652841082
3.08 -0.005791958035677
3.09 -0.003344227649703
3.1 -0.000152835288668
3.11 0.000286029626184
3.12 -0.002110598747376
3.13 -0.004553841986191
3.14 -0.004516969897899
3.15 -0.003507559539516
3.16 -0.003921792540438
3.17 -0.004058447297941
3.18 -0.003316130124256
3.19 -0.002575808545258
3.2 -0.001871522107273
3.21 -0.001388888008964
3.22 -0.001390254292114
3.23 -0.001372182185853
3.24 0.000241274047573
3.25 0.003459114403005
3.26 0.00479347783139
3.27 0.002532961495886
3.28 0.000461647781529
3.29 0.000877969002667
3.3 0.002820630645584
3.31 0.004230200711823
3.32 0.004543303096856
3.33 0.002207334101921
3.34 -0.001537240947071
3.35 -0.003202776487024
3.36 -0.003188477304685
3.37 -0.002679158190577
3.38 -0.001664183069468
3.39 0.000475642651759
3.4 0.002349995334937
3.41 0.001597454009905
3.42 -0.002068016626111
3.43 -0.006159405359599
3.44 -0.007543102044586
3.45 -0.006100479872535
3.46 -0.004493585412392
3.47 -0.004274053455254
3.48 -0.004557430136986
3.49 -0.003712213789056
3.5 -0.00084368333332
3.51 0.004787620439353
3.52 0.009766074733087
3.53 0.010261793739876
3.54 0.007605608839116
3.55 0.005595531006075
3.56 0.005582760639156
3.57 0.005926598490785
3.58 0.005739847561024
3.59 0.005222587140862
3.6 0.004294182902569
3.61 0.002645633597099
3.62 -0.000635690071148
3.63 -0.004247383359255
3.64 -0.005511434863091
3.65 -0.005468178584634
3.66 -0.005933349532319
3.67 -0.004979195484263
3.68 -0.000148063085521
3.69 0.006060326643114
3.7 0.011099143379734
3.71 0.013439234693589
3.72 0.012196899317594
3.73 0.007590569523874
3.74 0.000987158767422
3.75 -0.004275731411557
3.76 -0.006461608977974
3.77 -0.006347382480061
3.78 -0.005196336571614
3.79 -0.005149911229705
3.8 -0.004894098751881
3.81 -0.004557704016548
3.82 -0.000156045482496
3.83 0.009383500922515
3.84 0.020298569669838
3.85 0.028194507189761
3.86 0.027365365952684
3.87 0.019864251369037
3.88 0.007513594066102
3.89 -0.004681315196195
3.9 -0.00988738036519
3.91 -0.011924483299956
3.92 -0.011803078245189
3.93 -0.010761400107273
3.94 -0.008557599232285
3.95 -0.006971344384271
3.96 -0.003583335630272
3.97 0.000273728390445
3.98 0.00618623975061
3.99 0.008225364229597
4.0 0.009449002653738
4.01 0.00642238952545
4.02 0.003385259170172
4.03 3.8214840239e-05
4.04 -0.000110340753952
4.05 -0.001663554478223
4.06 -0.00240792959801
4.07 -0.003003759163215
4.08 -0.003713097158661
4.09 -0.004210149793701
4.1 -0.005897015968018
4.11 0.005013691716218
4.12 0.019818048088539
4.13 0.026084454736949
4.14 0.024663732289046
4.15 0.01926164078479
4.16 0.012261325829609
4.17 -0.000851547592422
4.18 -0.008714306427818
4.19 -0.014594979623487
4.2 -0.021583499094469
4.21 -0.020947957058524
4.22 -0.016944751916503
4.23 -0.009886486230942
4.24 -0.004832526708917
4.25 -0.003633361464071
4.26 -0.001750287064497
4.27 0.00097908741265
4.28 0.007214213588023
4.29 0.016719658104824
4.3 0.023783157641023
4.31 0.026993994478489
4.32 0.02386950396448
4.33 0.018827288828145
4.34 0.017970232166294
4.35 0.017392123508006
4.36 0.014695274540362
4.37 0.009015900731771
4.38 -0.005003917590304
4.39 -0.020291929707754
4.4 -0.026749204438504
4.41 -0.031621468565654
4.42 -0.034539792450082
4.43 -0.023784703118127
4.44 -0.009712306872886
4.45 0.002829144342791
4.46 0.021321746685827
4.47 0.036416515438084
4.48 0.048298284599767
4.49 0.054838033507949
4.5 0.053752920970611
4.51 0.054138604473702
4.52 0.041956861443207
4.53 0.029726190028128
4.54 0.010871296981223
4.55 -0.003581639968548
4.56 -0.020213388759337
4.57 -0.035937406453354
4.58 -0.05154643287061
4.59 -0.061092283423383
4.6 -0.065537537139853
4.61 -0.064193071427347
4.62 -0.05400507704712
4.63 -0.039567023876891
4.64 -0.022745741336701
4.65 -0.012437097321242
4.66 -0.003644657675569
4.67 0.00343353498724
4.68 0.020089096054732
4.69 0.041373513084863
4.7 0.062272478820725
4.71 0.078319741438028
4.72 0.095757045660602
4.73 0.106079204733578
4.74 0.10337970735207
4.75 0.091342099465304
4.76 0.073489284154248
4.77 0.060273822205587
4.78 0.049358139892558
4.79 0.03994029835912
4.8 0.034704045052098
4.81 0.030908569025979
4.82 0.031162286063844
4.83 0.041193574229031
4.84 0.055154279034926
4.85 0.058851309321702
4.86 0.047809759013752
4.87 0.027756984874171
4.88 0.006466312933474
4.89 -0.018204083680097
4.9 -0.019386310333949
4.91 -0.008691263488907
4.92 -0.002210336428258
4.93 5.0196729907e-05
4.94 -0.009339031041967
4.95 -0.021085578309337
4.96 -0.032789921493194
4.97 -0.024154588809824
4.98 -0.001622518453954
4.99 0.023360569109635
5.0 0.041710048557611
5.01 0.044931755976584
5.02 0.040887726775004
5.03 0.03158940195766
5.04 0.020877693659
5.05 0.007890492300934
5.06 -0.017478817967297
5.07 -0.050347833139618
5.08 -0.082671057317428
5.09 -0.109103933781741
5.1 -0.123149052783301
5.11 -0.124695969895508
5.12 -0.113471899381019
5.13 -0.085769805165878
5.14 -0.0589204237492
5.15 -0.053381319623559
5.16 -0.079360389878824
5.17 -0.086062611808767
5.18 -0.074692116282908
5.19 -0.049997572455351
5.2 -0.055823871875279
5.21 -0.036487208158342
5.22 -0.017281648069793
5.23 0.000267725561609
5.24 0.019274930921068
5.25 0.046876318227159
5.26 0.031173761656636
5.27 0.039534403780142
5.28 0.037854112817025
5.29 0.026505610549214
5.3 0.025753465044538
5.31 0.025719067632835
5.32 0.030912635885797
5.33 0.028589211450088
5.34 0.012907968300262
5.35 -0.011873926437788
5.36 -0.030686224333023
5.37 -0.036013701876091
5.38 -0.031766687912951
5.39 -0.031162512980743
5.4 -0.055136327678721
5.41 -0.066807285244995
5.42 -0.044266207805541
5.43 -0.028188726031687
5.44 -0.012475345343911
5.45 0.021224035051378
5.46 0.032090824620836
5.47 0.032008719209689
5.48 0.021450768878063
5.49 -0.00291711409205
5.5 -0.031249481080172
5.51 -0.05789119084782
5.52 -0.074508004826739
5.53 -0.077676432969538
5.54 -0.07130295441222
5.55 -0.057152632459404
5.56 -0.040910512663876
5.57 -0.032862295758499
5.58 -0.032871979943303
5.59 -0.034146337598294
5.6 -0.036018114631442
5.61 -0.03854303518789
5.62 -0.04325608927596
5.63 -0.054805353087697
5.64 -0.048399299914674
5.65 -0.044452939489574
5.66 -0.050931962994726
5.67 -0.07341960476942
5.68 -0.080508511982942
5.69 -0.090287715203703
5.7 -0.081467525228251
5.71 -0.095045819195259
5.72 -0.076971448751284
5.73 -0.04973516303348
5.74 -0.060379138618468
5.75 -0.075722260220862
5.76 -0.053421347796508
5.77 -0.055382835028703
5.78 -0.054277071469205
5.79 -0.042620823558033
5.8 -0.025485667780633
5.81 -0.003205387834761
5.82 0.010276437724062
5.83 0.014572788693644
5.84 0.005715160702872
5.85 -0.007194666386533
5.86 -0.041370842753935
5.87 -0.09074506145637
5.88 -0.134957426945626
5.89 -0.15414311893725
5.9 -0.156681235224248
5.91 -0.144192907819009
5.92 -0.116790162919061
5.93 -0.08245950479079
5.94 -0.022977260793492
5.95 0.017760258883696
5.96 0.068599792525758
5.97 0.109348077007022
5.98 0.136482965871461
5.99 0.148229309674151
6.0 0.199236944656471
6.01 0.196224291481006
6.02 0.207517960174948
6.03 0.212162487394989
6.04 0.198737853184532
6.05 0.183229869396243
6.06 0.16940812524623
6.07 0.155289678950058
6.08 0.149669376940877
6.09 0.135785182108305
6.1 0.118943445695195
6.11 0.088256935404536
6.12 0.043389007401999
6.13 -0.000923719265165
6.14 -0.038095128118959
6.15 -0.073385593334892
6.16 -0.096094087716057
6.17 -0.078614149113202
6.18 -0.048083749396528
6.19 -0.018930557472007
6.2 -0.014522404017746
6.21 -0.028458967522538
6.22 -0.026326330407478
6.23 -0.021985581061003
6.24 -0.017681251403808
6.25 0.005252595511861
6.26 0.036611648198191
6.27 0.05802484869355
6.28 0.074673627906586
6.29 0.084706232290474
6.3 0.090778317274414
6.31 0.100017112462741
6.32 0.110804540496232
6.33 0.122456653632643
6.34 0.128598553691598
6.35 0.122241072503242
6.36 0.104585941556807
6.37 0.078555581806552
6.38 0.037849327640894
6.39 -0.047937958751629
6.4 0.065311767030685
6.41 0.033960412165803
6.42 0.038347793590076
6.43 0.007069062975001
6.44 -0.014106705826784
6.45 -0.045546495736267
6.46 -0.06479102704711
6.47 -0.077577672950798
6.48 -0.07443256494027
6.49 -0.065986891579655
6.5 -0.045040822325409
6.51 -0.023090045214229
6.52 -0.003887686923369
6.53 0.022887047931983
6.54 0.044396410340117
6.55 0.063275039387735
6.56 0.084911008576325
6.57 0.100557000695504
6.58 0.094888696028297
6.59 0.072885605971222
6.6 0.048177700130596
6.61 0.000963675740943
6.62 -0.024490937079038
6.63 -0.0269690378414
6.64 -0.050982616302171
6.65 -0.057836035539613
6.66 -0.047515643336659
6.67 -0.03928715683501
6.68 -0.0287066288129
6.69 -0.007926990379705
6.7 0.024371527912665
6.71 0.052380777190512
6.72 0.066712111810147
6.73 0.086773089006363
6.74 0.107365174405905
6.75 0.131860200886724
6.76 0.149138403926394
6.77 0.153649773150421
6.78 0.155457267357452
6.79 0.149182078364671
6.8 0.118800777376294
6.81 0.078708945883728
6.82 0.055106773906906
6.83 0.036161438414687
6.84 0.042141745718554
6.85 0.061255679867086
6.86 0.02588989211723
6.87 0.036293357917827
6.88 0.065889111601852
6.89 0.061519963073518
6.9 0.079599818542771
6.91 0.088545449116279
6.92 0.083877484697993
6.93 0.098734596386435
6.94 0.115616929948278
6.95 0.118275110098628
6.96 0.121859245863457
6.97 0.12878021517833
6.98 0.137603260219469
6.99 0.116267950615851
7.0 0.108525129005313
7.01 0.084709807648672
7.02 0.058253479988041
7.03 -0.018480026534737
7.04 -0.123992931873229
7.05 -0.229726086808133
7.06 -0.324216173497804
7.07 -0.393002128462234
7.08 -0.445090315856706
7.09 -0.482283570902623
7.1 -0.483522403720602
7.11 -0.44591799058166
7.12 -0.411735684096639
7.13 -0.370426108051668
7.14 -0.307689354866392
7.15 -0.25710013002752
7.16 -0.216412548131119
7.17 -0.172643460913725
7.18 -0.121311606227606
7.19 -0.063524320985067
7.2 -0.004388420247259
7.21 0.075004922455362
7.22 0.076697716069157
7.23 0.111749468610345
7.24 0.084288274852701
7.25 0.095324066896349
7.26 0.070524727171312
7.27 0.056275185342369
7.28 0.032412502123791
7.29 0.028526769039738
7.3 0.037302716319118
7.31 0.071769008035993
7.32 0.109870353624073
7.33 0.135264686304319
7.34 0.151615874077748
7.35 0.155988216535378
7.36 0.139549973661475
7.37 0.104866079460248
7.38 0.073022266656107
7.39 0.06268792000748
7.4 0.071382941527899
7.41 0.087806580476011
7.42 0.105989826266954
7.43 0.120704471094718
7.44 0.127348375284471
7.45 0.127032436450419
7.46 0.123097003705182
7.47 0.120335211750872
7.48 0.124420282274187
7.49 0.13451289604877
7.5 0.129947506218808
7.51 0.107828763701454
7.52 0.007141705988383
7.53 -0.048178352796028
7.54 -0.095730840056839
7.55 -0.109943627017257
7.56 -0.171150495726703
7.57 -0.191828752775727
7.58 -0.194797170349311
7.59 -0.204458350826542
7.6 -0.20624165134808
7.61 -0.208074995758745
7.62 -0.221713783217841
7.63 -0.228725705604322
7.64 -0.210185319779956
7.65 -0.17502158431866
7.66 -0.139965944859244
7.67 -0.104102475147591
7.68 -0.059055479438477
7.69 -0.011697473244533
7.7 0.022337437149791
7.71 0.041169619042787
7.72 0.05152667654783
7.73 0.053166116054138
7.74 0.041886066950727
7.75 0.022356356366781
7.76 0.003880950480315
7.77 -0.012165200513398
7.78 -0.031846773397315
7.79 -0.056696170478235
7.8 -0.077931762768514
7.81 -0.078046818417588
7.82 -0.001763234135747
7.83 0.06768904054501
7.84 0.05916074204237
7.85 -0.013105061114296
7.86 -0.04168037561892
7.87 -0.07029478130926
7.88 -0.109196248987947
7.89 -0.15397687968296
7.9 -0.179552321169548
7.91 -0.195065896351244
7.92 -0.214138950487575
7.93 -0.229071323926395
7.94 -0.238069436145513
7.95 -0.235298752346409
7.96 -0.217333138189889
7.97 -0.20013641712254
7.98 -0.194216533637948
7.99 -0.193882489204029
8.0 -0.195333746256721
8.01 -0.191709424321423
8.02 -0.166348422683726
8.03 -0.112106762015283
8.04 -0.045047754261964
8.05 0.021738647306473
8.06 0.108045119849422
8.07 0.18666710884208
8.08 0.173300914049888
8.09 0.139560609579904
8.1 0.193491215439382
8.11 0.258098926916477
8.12 0.258676471711963
8.13 0.274957392639583
8.14 0.317295374010385
8.15 0.291342428155399
8.16 0.221846862939852
8.17 0.214253483061044
8.18 0.235924721582022
8.19 0.217095884831157
8.2 0.202337720585997
8.21 0.225127341193843
8.22 0.240496412489068
8.23 0.233850704417124
8.24 0.237814015567246
8.25 0.253782067009653
8.26 0.25897839588347
8.27 0.254907591736559
8.28 0.253789333916216
8.29 0.251933901007162
8.3 0.238467583669234
8.31 0.211302213602225
8.32 0.183402045455753
8.33 0.116738566058349
8.34 -0.006449443331366
8.35 -0.069156635798357
8.36 -0.101110767566839
8.37 -0.140699614556157
8.38 -0.184823844893961
8.39 -0.184334471105413
8.4 -0.184806417421825
8.41 -0.196546916043955
8.42 -0.211609965617931
8.43 -0.225056710500553
8.44 -0.227048607327828
8.45 -0.209695734466957
8.46 -0.183334024438556
8.47 -0.170916279029806
8.48 -0.177761400637083
8.49 -0.192213726490982
8.5 -0.207696063260479
8.51 -0.223384261293804
8.52 -0.230414529915086
8.53 -0.21894104453443
8.54 -0.192089062180384
8.55 -0.162105632244832
8.56 -0.138404577214536
8.57 -0.122309656668746
8.58 -0.112738016595027
8.59 -0.106811669611788
8.6 -0.103082076097862
8.61 -0.101646669405244
8.62 -0.101731031910689
8.63 -0.096089607636567
8.64 -0.055777162439651
8.65 0.029269973510919
8.66 0.073215514277135
8.67 0.055502304961223
8.68 0.131211470055784
8.69 0.162100945273468
8.7 0.165466508704909
8.71 0.195249651207142
8.72 0.214323054559109
8.73 0.219397985686428
8.74 0.22700252713022
8.75 0.225303892453793
8.76 0.203284861880168
8.77 0.169208703363091
8.78 0.132735054300707
8.79 0.09474099980325
8.8 0.0553495596963
8.81 0.018553172545599
8.82 -0.010288557422345
8.83 -0.029288169511919
8.84 -0.03784462362263
8.85 -0.033179317555459
8.86 -0.012269528268108
8.87 0.022344492258106
8.88 0.060850979333864
8.89 0.092818388793371
8.9 0.114067795662004
8.91 0.126382470973737
8.92 0.131724736834293
8.93 0.126923845514297
8.94 0.105121704014871
8.95 0.067684847082195
8.96 -0.017005166518598
8.97 0.021510417381162
8.98 0.042725087083907
8.99 0.090088046172579
9.0 0.070888845033887
9.01 0.045890605651637
9.02 0.072969620986307
9.03 0.097193504048037
9.04 0.091240512324829
9.05 0.080266872325475
9.06 0.063955067946298
9.07 0.037496955123823
9.08 0.007729472950117
9.09 -0.031161426842296
9.1 -0.079007099398026
9.11 -0.120306292154931
9.12 -0.148751429707185
9.13 -0.17034256421572
9.14 -0.187411914738807
9.15 -0.197893085430447
9.16 -0.201503419992914
9.17 -0.196109019454546
9.18 -0.179849084356749
9.19 -0.157535501946927
9.2 -0.134676899052253
9.21 -0.111079584328171
9.22 -0.083376597882166
9.23 -0.052073647061886
9.24 -0.021278674258222
9.25 0.007786032065885
9.26 0.036119626563793
9.27 0.031977882154601
9.28 -0.023610875634092
9.29 -0.047567937793083
9.3 -0.103212484369053
9.31 -0.158259725411554
9.32 -0.207415946355078
9.33 -0.232733107457766
9.34 -0.245556409223618
9.35 -0.249434902984182
9.36 -0.258596597652618
9.37 -0.238928531028654
9.38 -0.214772087788986
9.39 -0.201671827467473
9.4 -0.164165658200739
9.41 -0.097510528760915
9.42 -0.079347856000464
9.43 -0.064564556564531
9.44 -0.001462793894852
9.45 0.04510166599625
9.46 0.06010233229871
9.47 0.09419950181365
9.48 0.147455337621103
9.49 0.207654121531462
9.5 0.278320674141756
9.51 0.343597845039175
9.52 0.367109710997364
9.53 0.335899618247525
9.54 0.29581755789612
9.55 0.294608718965783
9.56 0.305260516890494
9.57 0.275427209637959
9.58 0.221143942434764
9.59 0.189109341321576
9.6 0.179224261343292
9.61 0.164051395301213
9.62 0.141144333029762
9.63 0.120755987733884
9.64 0.098743324476651
9.65 0.067879984842143
9.66 0.032287386889065
9.67 -0.00144294205848
9.68 -0.072223705208311
9.69 -0.074164950217129
9.7 -0.082843456487299
9.71 -0.072544530816053
9.72 -0.059837495294545
9.73 -0.0353890468009
9.74 -0.036689995029888
9.75 -0.068352176163325
9.76 -0.08848505441287
9.77 -0.088169258733339
9.78 -0.082461656240012
9.79 -0.056388745969149
9.8 -0.015981952343395
9.81 0.007920292198969
9.82 0.01134434441128
9.83 0.008178704186864
9.84 -0.002962072474174
9.85 -0.024947593385585
9.86 -0.050171933698868
9.87 -0.075766434190674
9.88 -0.105444300609361
9.89 -0.1357128241545
9.9 -0.153905118344031
9.91 -0.14939948411498
9.92 -0.121491432113637
9.93 -0.081068463904376
9.94 -0.042483404285416
9.95 -0.011786335631142
9.96 0.017414055601653
9.97 0.087009074064553
9.98 0.127342603528985
9.99 0.107116551790713
10.0 0.101590672471863
10.01 0.084141167183206
10.02 0.057892308872753
10.03 0.026563379811093
10.04 0.00310448126557
10.05 -0.008194328114198
10.06 -0.003742438694299
10.07 0.010916733134579
10.08 0.019598736098081
10.09 0.03050237544755
10.1 0.059339432619304
10.11 0.096256897782603
10.12 0.124768373410409
10.13 0.150428448329389
10.14 0.178021096836437
10.15 0.198081580337414
10.16 0.211394851022627
10.17 0.225025170121732
10.18 0.236433835794981
10.19 0.235191510180486
10.2 0.214169266868786
10.21 0.172427645230889
10.22 0.11292291039039
10.23 0.046884726478615
10.24 -0.015914813469573
10.25 -0.138461283003219
10.26 -0.22634269636809
10.27 -0.240756791322249
10.28 -0.231959011662135
10.29 -0.228743142355682
10.3 -0.226035511507277
10.31 -0.190971499135025
10.32 -0.149436061420025
10.33 -0.114461615460691
10.34 -0.077708726029947
10.35 -0.053243536979896
10.36 -0.035928997395469
10.37 0.005399807652425
10.38 0.060949252649446
10.39 0.099543575864037
10.4 0.118357070424098
10.41 0.131633945373206
10.42 0.136299940021699
10.43 0.126616341786154
10.44 0.115858582856557
10.45 0.109941413164426
10.46 0.102189299476032
10.47 0.088132618511948
10.48 0.066228687372126
10.49 0.040160076569062
10.5 -0.008507492312202
10.51 -0.076332066744555
10.52 -0.169883983973764
10.53 -0.246748073461211
10.54 -0.248670237852265
10.55 -0.107961565104705
10.56 -0.145273056340976
10.57 -0.152099150363177
10.58 -0.130951244834255
10.59 -0.116676890251643
10.6 -0.122698627521888
10.61 -0.113353397902298
10.62 -0.057212771900084
10.63 -0.017112188725112
10.64 0.023771293734132
10.65 0.047499956276743
10.66 0.027768535766919
10.67 0.027900044013401
10.68 0.034473713888508
10.69 0.014838731074045
10.7 -0.004275272874492
10.71 -0.038201253777708
10.72 -0.081085474601838
10.73 -0.105066304746124
10.74 -0.127932593188519
10.75 -0.155148713697402
10.76 -0.164663782471322
10.77 -0.171826117298498
10.78 -0.185612582273452
10.79 -0.177057594028979
10.8 -0.128364358799137
10.81 -0.201615669027827
10.82 -0.160697077247192
10.83 -0.113859017107483
10.84 -0.08907881740989
10.85 -0.031748075479981
10.86 0.008881851770602
10.87 0.028168967789528
10.88 0.056526438322768
10.89 0.07055008267798
10.9 0.085081231116423
10.91 0.082192681519808
10.92 0.073862830507925
10.93 0.065201569600589
10.94 0.045648345717721
10.95 0.044679605967795
10.96 0.055023899441605
10.97 0.042625827152298
10.98 0.069401085637769
10.99 0.129292612466136
11.0 0.111428792421477
11.01 0.109612953810869
11.02 0.13987795018172
11.03 0.137746468669572
11.04 0.148758068179643
11.05 0.175150309317995
11.06 0.184097689802018
11.07 0.18653429667995
11.08 0.193689290901145
11.09 0.199690797775003
11.1 0.204084278967903
11.11 0.206774892786537
11.12 0.203241556934569
11.13 0.191641797256779
11.14 0.171253738524645
11.15 0.144454074073827
11.16 0.11999933313401
11.17 0.090466940004195
11.18 0.103381554685295
11.19 0.090683943743864
11.2 0.082957518590596
11.21 0.07833166887843
11.22 0.055744093677434
11.23 0.027349010110767
11.24 -0.01330828129959
11.25 -0.033301831091772
11.26 -0.053920210819228
11.27 -0.076266483128846
11.28 -0.096988833082546
11.29 -0.120572337390367
11.3 -0.146941386554031
11.31 -0.166932345250559
11.32 -0.180587374040323
11.33 -0.196101114056648
11.34 -0.203380035104856
11.35 -0.183393195872263
11.36 -0.135643977488439
11.37 -0.082061212737452
11.38 -0.047308532029725
11.39 -0.041725955232487
11.4 -0.056990585555569
11.41 -0.088045791226009
11.42 -0.09001952672506
11.43 -0.070136482560637
11.44 -0.047904926418167
11.45 -0.032157740014569
11.46 -0.014918861682397
11.47 0.008976567363703
11.48 0.05272450819826
11.49 0.022953408712248
11.5 0.030120095923603
11.51 0.044332106410671
11.52 0.053146801229301
11.53 0.05591075548498
11.54 0.055660609127584
11.55 0.048625876505129
11.56 0.043816930010641
11.57 0.034617994404584
11.58 0.015026167348965
11.59 -0.007674556747429
11.6 -0.019454376805663
11.61 -0.020001756175831
11.62 -0.017273596327016
11.63 -0.009815187862844
11.64 0.000462078074196
11.65 0.005826534872283
11.66 0.011633999233799
11.67 0.030475931955489
11.68 0.061513378507936
11.69 0.094414893703927
11.7 0.122961827968073
11.71 0.147361010390817
11.72 0.170230705859428
11.73 0.191041523130826
11.74 0.203592128678412
11.75 0.199276142238094
11.76 0.177085104939443
11.77 0.148912741958587
11.78 0.132352940091046
11.79 0.13332686131033
11.8 0.137319742631088
11.81 0.111305554785798
11.82 0.106683586116319
11.83 0.118228757138954
11.84 0.110669469970594
11.85 0.115253544342808
11.86 0.105277892345205
11.87 0.0961221938679
11.88 0.093051769646849
11.89 0.076001564510347
11.9 0.065376873832687
11.91 0.056453157428855
11.92 0.036572271259635
11.93 0.010251264913908
11.94 -0.004712743314306
11.95 -0.011949662466794
11.96 -0.017251181124407
11.97 -0.02176623055564
11.98 -0.033308851787591
11.99 -0.054127029331154
12.0 -0.077614045724344
12.01 -0.098455847146629
12.02 -0.115522846259385
12.03 -0.130131941297989
12.04 -0.147169251763609
12.05 -0.16873641923406
12.06 -0.187532465273909
12.07 -0.190309968770896
12.08 -0.168030483324815
12.09 -0.128436262326266
12.1 -0.096286451205256
12.11 -0.090605082291128
12.12 -0.099635334882808
12.13 -0.097550697539199
12.14 -0.080416770852698
12.15 -0.062128762323032
12.16 -0.048801475738514
12.17 -0.037851866421432
12.18 -0.030383384938735
12.19 -0.042346145506616
12.2 -0.052175887422299
12.21 -0.059643895354063
12.22 -0.064506951860935
12.23 -0.066692975214117
12.24 -0.068175350010854
12.25 -0.066579433845516
12.26 -0.067976112751165
12.27 -0.082644252056058
12.28 -0.093351448190907
12.29 -0.093540070952355
12.3 -0.089118454622552
12.31 -0.077700608559511
12.32 -0.064647759990769
12.33 -0.058060410458033
12.34 -0.054116863535899
12.35 -0.048346768574736
12.36 -0.043344031097302
12.37 -0.039187469126437
12.38 -0.034833753821331
12.39 -0.032667721771415
12.4 -0.033515180195988
12.41 -0.032268320451268
12.42 -0.024563094029513
12.43 -0.014147221633737
12.44 -0.011771413646882
12.45 -0.036651672870026
12.46 -0.036835142992003
12.47 -0.015369038336577
12.48 -0.008988785970626
12.49 0.019054771260045
12.5 0.039261557547202
12.51 0.061229045887973
12.52 0.072143867738156
12.53 0.08342218187715
12.54 0.098069514586559
12.55 0.072207674784289
12.56 0.105472695480259
12.57 0.140242082484361
12.58 0.127470543267952
12.59 0.104028755042062
12.6 0.090623685468816
12.61 0.061759881704289
12.62 0.025147017635338
12.63 0.018550498226907
12.64 0.010019807272821
12.65 0.004019020638383
12.66 -0.009169959056674
12.67 -0.024647618215444
12.68 -0.029381479668505
12.69 -0.036659146603778
12.7 -0.051292670940683
12.71 -0.070208594443358
12.72 -0.084472647221499
12.73 -0.094090799460927
12.74 -0.095568409098519
12.75 -0.089333014824421
12.76 -0.074496412910014
12.77 -0.057099922316882
12.78 -0.043822836997646
12.79 -0.031740274444642
12.8 -0.015338834818767
12.81 0.005502119270209
12.82 0.018279951135681
12.83 0.015109301035752
12.84 0.004151082623797
12.85 -0.008515829635899
12.86 -0.017662490080364
12.87 0.004808082852467
12.88 -0.018558495267729
12.89 -0.018134097968562
12.9 -0.014535476911014
12.91 -0.00056871716692
12.92 0.010279341208814
12.93 0.0162003746539
12.94 0.01425545136977
12.95 0.009533315635438
12.96 0.007468106049931
12.97 0.008826404833857
12.98 0.006669145935537
12.99 -0.00965484019338
13.0 -0.030827195132681
13.01 -0.04387798241856
13.02 -0.041512806549315
13.03 -0.025144469622472
13.04 -0.007562665140464
13.05 0.002052683197044
13.06 0.00523245677462
13.07 0.007575274442863
13.08 0.01215571741934
13.09 0.017940404077182
13.1 0.022017104702359
13.11 0.00903724427928
13.12 -0.001455989047247
13.13 -0.003142462127949
13.14 -0.012074677873247
13.15 -0.020156690754883
13.16 -0.029869454429378
13.17 -0.041815563956999
13.18 -0.049940406369228
13.19 -0.058532540480301
13.2 -0.06472365089459
13.21 -0.063642384799295
13.22 -0.056892641539631
13.23 -0.052688463255137
13.24 -0.04826178628988
13.25 -0.038677830308799
13.26 -0.026265870406976
13.27 -0.013164613289693
13.28 -0.002114389461292
13.29 0.001162005910821
13.3 -0.003187613762779
13.31 -0.009323747308689
13.32 -0.015881851862245
13.33 -0.020183270089906
13.34 -0.004847882475126
13.35 0.012532175574555
13.36 0.011233967725072
13.37 0.03486909311413
13.38 0.035999840493189
13.39 0.033405428101403
13.4 0.031766860379017
13.41 0.024684439584549
13.42 0.021535998685601
13.43 0.014840919794824
13.44 0.00581819574093
13.45 -0.006863952899911
13.46 -0.018785127402025
13.47 -0.026353499599025
13.48 -0.03021405008966
13.49 -0.030432951062272
13.5 -0.031133139235559
13.51 -0.035718031952009
13.52 -0.045136216369305
13.53 -0.052071107121681
13.54 -0.059693523268868
13.55 -0.060831700154919
13.56 -0.055483055789308
13.57 -0.047254292314845
13.58 -0.049715470421118
13.59 -0.052805989881312
13.6 -0.051114238432567
13.61 -0.050716177750402
13.62 -0.050935140444328
13.63 -0.049318838134658
13.64 -0.042121134778267
13.65 -0.028743556054731
13.66 -0.014479715490441
13.67 -0.001296668478705
13.68 0.008582987137977
13.69 0.012220521669437
13.7 0.01281283783293
13.71 0.016718304235249
13.72 0.020661986775087
13.73 0.025934481733211
13.74 0.021469645097713
13.75 0.014910589313694
13.76 0.013066121624928
13.77 0.009414837626927
13.78 0.00998477800226
13.79 0.01206370688047
13.8 0.016393330638844
13.81 0.019689998043417
13.82 0.020507140996586
13.83 0.024690153817249
13.84 0.030941594123213
13.85 0.03744008973825
13.86 0.042470843678482
13.87 0.043615299823507
13.88 0.041136762351269
13.89 0.036639555312222
13.9 0.033397253003675
13.91 0.041272013787562
13.92 0.014204153627325
13.93 0.007769935359667
13.94 0.024845211781671
13.95 0.029663000368039
13.96 0.022505537154628
13.97 0.029574284060046
13.98 0.019379898951373
13.99 0.016491065906169
14.0 0.019270973026386
14.01 0.021498334364427
14.02 0.024395570698088
14.03 0.028273750980477
14.04 0.029888567990212
14.05 0.028185372193893
14.06 0.022889077708257
14.07 0.024539079652089
14.08 0.031569250499062
14.09 0.037772260639262
14.1 0.042625896927002
14.11 0.045146675620308
14.12 0.046731097918035
14.13 0.048234620276885
14.14 0.052783154374572
14.15 0.056921175252195
14.16 0.055019757821623
14.17 0.048497013056605
14.18 0.038485427300541
14.19 0.041318981840731
14.2 0.040149632199391
14.21 0.02667043620846
14.22 0.016919830137876
14.23 -0.003260107494836
14.24 -0.010555851754057
14.25 -0.028745985091698
14.26 -0.036887647041501
14.27 -0.042210735715477
14.28 -0.044052299755975
14.29 -0.045326233797883
14.3 -0.041796069804563
14.31 -0.035496037282154
14.32 -0.022978417565605
14.33 -0.022751119631003
14.34 -0.015935928211952
14.35 -0.011856124613841
14.36 -0.01962020818187
14.37 -0.028025520278547
14.38 -0.041153087958164
14.39 -0.059157803649033
14.4 -0.067472216276198
14.41 -0.076707061157721
14.42 -0.080435175243318
14.43 -0.073456077451273
14.44 -0.066545296756266
14.45 -0.064951919510282
14.46 -0.07009130115578
14.47 -0.075782591171927
14.48 -0.079604472258882
14.49 -0.084274822031944
14.5 -0.084425464927794
14.51 -0.079206153836226
14.52 -0.081710285572087
14.53 -0.093589046416018
14.54 -0.097208733325528
14.55 -0.088535498021196
14.56 -0.080835627040532
14.57 -0.07664128363426
14.58 -0.070217743416017
14.59 -0.064399212564022
14.6 -0.061073049362658
14.61 -0.057147271205067
14.62 -0.053774859964252
14.63 -0.053088962709923
14.64 -0.058787954333074
14.65 -0.045242355068191
14.66 -0.019132618002195
14.67 -0.020937438916121
14.68 -0.018134692165481
14.69 -0.009072789416409
14.7 -0.002541100809004
14.71 0.009521427016481
14.72 0.019641638686114
14.73 0.031184113226305
14.74 0.043645449554689
14.75 0.051716496740903
14.76 0.057678638692146
14.77 0.05902399984241
14.78 0.054956518594091
14.79 0.049940741179186
14.8 0.046164995188158
14.81 0.04400137358998
14.82 0.040383867023191
14.83 0.031719324394716
14.84 0.020494974874144
14.85 0.012840705002301
14.86 0.013879100423988
14.87 0.019235394945385
14.88 0.02536959756978
14.89 0.034519208555148
14.9 0.056327238403545
14.91 0.051568418744694
14.92 0.047297948979424
14.93 0.049779157831698
14.94 0.05201634519271
14.95 0.045570238316741
14.96 0.04783681357336
14.97 0.043946867411229
14.98 0.039081364922192
14.99 0.036459083207336
15.0 0.037698290201841
15.01 0.044272871306394
15.02 0.049345170151061
15.03 0.046297427454737
15.04 0.042801596763662
15.05 0.03749167859136
15.06 0.025043252163213
15.07 0.010113391994925
15.08 -0.004571291923383
15.09 -0.017891594292512
15.1 -0.026965447521833
15.11 -0.029093936452054
15.12 -0.023084559731065
15.13 -0.015253616878289
15.14 -0.01227686643458
15.15 -0.007663833954656
15.16 0.00488087156867
15.17 0.020138420637289
15.18 0.027349942991082
15.19 0.023286288553077
15.2 0.020355943633373
15.21 0.015949192836368
15.22 0.012320111451739
15.23 0.009809186041668
15.24 0.005692724650689
15.25 0.004198265377314
15.26 -0.000403724693351
15.27 -0.006197327908959
15.28 -0.003399624100026
15.29 -0.005748318516177
15.3 -0.008338710887478
15.31 -0.008415914740357
15.32 -0.004939978711896
15.33 0.002204721848107
15.34 0.006857987448572
15.35 0.008865547495067
15.36 0.00748645707934
15.37 0.005655599648718
15.38 0.005380417061196
15.39 0.009577902441809
15.4 0.00515989725905
15.41 -0.016999911573507
15.42 -0.005544263979528
15.43 2.5214462287e-05
15.44 0.003994943937376
15.45 0.016660387255532
15.46 0.026172051222464
15.47 0.044826712549013
15.48 0.058554363574477
15.49 0.076381775340463
15.5 0.094147840666206
15.51 0.090731060351971
15.52 0.118145138933636
15.53 0.123086506532448
15.54 0.133744862266464
15.55 0.142652319716388
15.56 0.145788925635447
15.57 0.143476208972224
15.58 0.131620459081262
15.59 0.100099172836046
15.6 0.090226961308037
15.61 0.058347899259497
15.62 0.016872705208034
15.63 -0.004036486986497
15.64 -0.027696575967291
15.65 -0.028192421010329
15.66 -0.050527465665619
15.67 -0.053750547622534
15.68 -0.068793697159655
15.69 -0.060511130161465
15.7 -0.064036091827465
15.71 -0.052071877544023
15.72 -0.04607445619869
15.73 -0.030785423334098
15.74 -0.017544844482372
15.75 -0.004844609156398
15.76 0.003732572515097
15.77 0.010572905652222
15.78 0.016044647206646
15.79 0.011850395518903
15.8 0.006814205564911
15.81 -0.001389412032616
15.82 -0.019524360906679
15.83 -0.036630409637401
15.84 -0.047467639943126
15.85 -0.057634205498146
15.86 -0.066115812348388
15.87 -0.071889816402534
15.88 -0.076782130245203
15.89 -0.075963158622928
15.9 -0.052517558072111
15.91 -0.015559891388335
15.92 -0.003765549381212
15.93 -0.001697944777853
15.94 0.020334708114267
15.95 0.023064418812473
15.96 0.034165682896906
15.97 0.039737274152164
15.98 0.032022798925033
15.99 0.022217971854132
16.0 0.005689053404828
16.01 -0.013608346100173
16.02 -0.027180507059629
16.03 -0.034708940206473
16.04 -0.045659132466004
16.05 -0.058417810430793
16.06 -0.063605526872991
16.07 -0.061136299670428
16.08 -0.0512793707089
16.09 -0.034233439063656
16.1 -0.019379830775969
16.11 -0.01236312320271
16.12 -0.010804980720255
16.13 -0.005041095061032
16.14 0.018424880659094
16.15 0.050331031095684
16.16 0.026768735362267
16.17 0.028278234044194
16.18 0.050425096404353
16.19 0.041915491405849
16.2 0.058042161170818
16.21 0.062164258758386
16.22 0.074056990119967
16.23 0.070707750583188
16.24 0.081533759353177
16.25 0.074418985342854
16.26 0.078453458541684
16.27 0.071605748582005
16.28 0.064772419638827
16.29 0.057440429394536
16.3 0.05773494150718
16.31 0.062202393352157
16.32 0.05952314081684
16.33 0.059893712578289
16.34 0.077034431696397
16.35 0.078963286418381
16.36 0.045174509250399
16.37 0.030381914831704
16.38 0.002736904560322
16.39 -0.006371854542265
16.4 -0.019441117809353
16.41 -0.00452162680687
16.42 -0.01552838817964
16.43 -0.010104612905857
16.44 -0.016369400461387
16.45 -0.010986307686312
16.46 -0.014400598227425
16.47 -0.003008173866055
16.48 0.006841444363603
16.49 0.005347202244841
16.5 0.006096498336561
16.51 0.009932278911321
16.52 0.007767879840173
16.53 0.001675817376461
16.54 -0.009881728908275
16.55 -0.015778716692102
16.56 -0.017637088698637
16.57 -0.024392526900818
16.58 -0.034109231554363
16.59 -0.047802393344781
16.6 -0.064632504599782
16.61 -0.080089212798086
16.62 -0.089413637037507
16.63 -0.086131965722759
16.64 -0.071208176034069
16.65 -0.060414959576613
16.66 -0.060706474778814
16.67 -0.050792898937792
16.68 -0.035702504948253
16.69 -0.025305706666628
16.7 -0.012229436007921
16.71 -0.002887408421133
16.72 0.008466870238725
16.73 0.01539851988792
16.74 0.020766269882422
16.75 0.022067447767139
16.76 0.01810398539831
16.77 0.009443545050913
16.78 -0.001619256188719
16.79 -0.008038013407277
16.8 -0.016529643574246
16.81 -0.02894665902033
16.82 -0.042862081041312
16.83 -0.056692296021232
16.84 -0.065202210866753
16.85 -0.067960180229414
16.86 -0.065375132183388
16.87 -0.054533770165593
16.88 -0.034942612317674
16.89 -0.010456881144958
16.9 0.019981023885335
16.91 0.039697844100489
16.92 0.024804362772717
16.93 0.023049028705874
16.94 0.039585956194898
16.95 0.025703094169706
16.96 0.017921952470523
16.97 0.011123740515955
16.98 0.00733228033162
16.99 0.003322641504628
17.0 0.010984875344961
17.01 0.022945757812625
17.02 0.036738736136422
17.03 0.045316130286666
17.04 0.043919325696553
17.05 0.040500709496175
17.06 0.036252335842743
17.07 0.033789201839142
17.08 0.031116392212068
17.09 0.031188648536108
17.1 0.023553330748539
17.11 0.021734826856558
17.12 0.025430492092171
17.13 -0.001714765177931
17.14 -0.006132782383106
17.15 -0.024627588579632
17.16 -0.026406447841802
17.17 -0.02593064827173
17.18 -0.026926835420718
17.19 -0.031489399465033
17.2 -0.028763656849204
17.21 -0.038285330791702
17.22 -0.045828419579841
17.23 -0.054839064658028
17.24 -0.06727645395859
17.25 -0.073475113776479
17.26 -0.075677868854248
17.27 -0.076854030006573
17.28 -0.075279252207066
17.29 -0.070296018666249
17.3 -0.069712018721204
17.31 -0.067067521420361
17.32 -0.061368796944227
17.33 -0.058269724915306
17.34 -0.05794366223016
17.35 -0.057586982925999
17.36 -0.056497396795013
17.37 -0.05412199201786
17.38 -0.040530654878834
17.39 -0.017042697358951
17.4 0.001147568717833
17.41 0.013396924910025
17.42 0.026115694875932
17.43 0.033510388105484
17.44 0.047595648578197
17.45 0.059122659506613
17.46 0.066455580765506
17.47 0.075978025925015
17.48 0.07541079125149
17.49 0.06806754497687
17.5 0.063270034986223
17.51 0.058535544343421
17.52 0.051733690973116
17.53 0.044684268017082
17.54 0.033927194194571
17.55 0.01813881642576
17.56 0.002827848898278
17.57 -0.012565025133818
17.58 -0.0241187377125
17.59 -0.031096989431745
17.6 -0.033349651354976
17.61 -0.025856265044995
17.62 -0.019644700968315
17.63 0.014565218625675
17.64 -0.010873006681187
17.65 -0.002848940776018
17.66 0.017747970146058
17.67 0.022336710708476
17.68 0.038488078473088
17.69 0.043175919798862
17.7 0.040787132703839
17.71 0.034996583511198
17.72 0.028603427285892
17.73 0.020049644432306
17.74 0.004751728718429
17.75 -0.012984891390836
17.76 -0.023907201717571
17.77 -0.031548216671665
17.78 -0.034449454230066
17.79 -0.028645024158923
17.8 -0.019947338763728
17.81 -0.010661357752065
17.82 0.000688451385688
17.83 0.013797173333761
17.84 0.042057464121856
17.85 0.06185832083013
17.86 0.068964854110299
17.87 0.074299725749537
17.88 0.08068446981049
17.89 0.087183364832131
17.9 0.087688777724687
17.91 0.077470674837461
17.92 0.065669541965039
17.93 0.053401790981358
17.94 0.03802972310815
17.95 0.021017524125185
17.96 0.008019943376658
17.97 -0.005577893022704
17.98 -0.017985640297103
17.99 -0.024192008422898
18.0 -0.030614784138009
18.01 -0.038279590258095
18.02 -0.041068866454111
18.03 -0.037529073396371
18.04 -0.029906425841967
18.05 -0.019503634369589
18.06 0.003144339524351
18.07 0.064569355719902
18.08 0.084279685886937
18.09 0.04436766798371
18.1 0.07008235024345
18.11 0.070583949099703
18.12 0.077761463750353
18.13 0.088551111305445
18.14 0.07864054505286
18.15 0.071302914067657
18.16 0.059563234453564
18.17 0.040541048461524
18.18 0.025568405832528
18.19 0.008434957998533
18.2 -0.006853700395183
18.21 -0.02739994012178
18.22 -0.037141557512606
18.23 -0.046822661572021
18.24 -0.057191908209574
18.25 -0.063908070858393
18.26 -0.062424107140518
18.27 -0.055667244484618
18.28 -0.051221435205049
18.29 -0.041161814090244
18.3 -0.033000821553225
18.31 -0.031621430277371
18.32 -0.027317037879968
18.33 -0.02003340141719
18.34 -0.004137313832671
18.35 0.018740909731278
18.36 0.020124338623828
18.37 0.02945289167776
18.38 0.028634428588038
18.39 0.026484982021258
18.4 0.018505870518102
18.41 0.010085816775316
18.42 -0.000700059504417
18.43 -0.00871815898747
18.44 -0.021951158539613
18.45 -0.036223920091043
18.46 -0.042318321942404
18.47 -0.044024219525911
18.48 -0.051243564392536
18.49 -0.057304679548297
18.5 -0.055767574528375
18.51 -0.04717521652088
18.52 -0.03704585068357
18.53 -0.028431985450495
18.54 -0.021551658781705
18.55 -0.0133620339339
18.56 -0.005212042666379
18.57 0.003679543608785
18.58 0.00786828232903
18.59 -0.004954270575444
18.6 -0.012386576040763
18.61 -0.01601519897722
18.62 -0.020371239700926
18.63 -0.020186106990994
18.64 -0.022121742901881
18.65 -0.028336404773035
18.66 -0.029170491639555
18.67 -0.030578263960303
18.68 -0.030406937519271
18.69 -0.025747548805908
18.7 -0.026681901366041
18.71 -0.029147718828264
18.72 -0.028326607191825
18.73 -0.022435866041881
18.74 -0.018627505215645
18.75 -0.017433910609268
18.76 -0.014994050562574
18.77 -0.011721709745293
18.78 -0.007796629669964
18.79 0.003273717461528
18.8 -0.004877886041799
18.81 0.001046734020555
18.82 0.007818815100424
18.83 0.01634308345973
18.84 0.018006544012271
18.85 0.023915486202728
18.86 0.025318341740252
18.87 0.028694885360602
18.88 0.034846633479732
18.89 0.037646672743234
18.9 0.037241486773832
18.91 0.035362344732646
18.92 0.030324986958967
18.93 0.022865108921304
18.94 0.009874740751403
18.95 -0.006010545832109
18.96 -0.023995767681839
18.97 -0.040052552393713
18.98 -0.049156091396148
18.99 -0.055581610650968
19.0 -0.058429625868817
19.01 -0.062316533441347
19.02 -0.064745941523526
19.03 -0.067198285241902
19.04 -0.066824315826962
19.05 -0.062579330786169
19.06 -0.056477343329331
19.07 -0.053585175262801
19.08 -0.045585388294064
19.09 -0.032369168287377
19.1 -0.024381018730394
19.11 -0.015975552384223
19.12 -0.007345298476335
19.13 0.002546645421585
19.14 0.011714445063567
19.15 0.020053251873147
19.16 0.02848464970528
19.17 0.038088719289055
19.18 0.031717968894086
19.19 0.003953601809391
19.2 0.012128982824179
19.21 0.02277984253959
19.22 0.014858117797078
19.23 0.007975751149961
19.24 0.006221391562652
19.25 0.002268620899105
19.26 -0.000603123794185
19.27 -0.003690196229227
19.28 -0.000447258903064
19.29 0.011381859652409
19.3 0.023073593594541
19.31 0.033955606546595
19.32 0.04373800082879
19.33 0.050654085082877
19.34 0.054146527225253
19.35 0.052922363971478
19.36 0.048053216350377
19.37 0.042462586440063
19.38 0.037640568441621
19.39 0.033877674484001
19.4 0.03041014249528
19.41 0.023442512210488
19.42 0.017703577447459
19.43 0.017686152299332
19.44 0.023981358167484
19.45 0.024747778036419
19.46 0.020540208367041
19.47 0.021890705047266
19.48 0.025570487223547
19.49 0.031104954915705
19.5 0.037981701630549
19.51 0.038824324318814
19.52 0.039790543630134
19.53 0.047082163208392
19.54 0.053356601934159
19.55 0.060553779982948
19.56 0.067427242936197
19.57 0.073895256520227
19.58 0.080326866906619
19.59 0.086623246661672
19.6 0.090831620502315
19.61 0.088311618229238
19.62 0.062990332891795
19.63 0.06313742804821
19.64 0.078175296694651
19.65 0.050954932447834
19.66 0.029236113332341
19.67 0.001055757360121
19.68 -0.032691387459623
19.69 -0.055824093667221
19.7 -0.069380979236114
19.71 -0.077739910136525
19.72 -0.064139989111909
19.73 -0.067890483511893
19.74 -0.076204992034065
19.75 -0.054094531560629
19.76 -0.059221929968946
19.77 -0.035951557337389
19.78 -0.020943530912425
19.79 -0.005572754658782
19.8 0.008470514685882
19.81 0.013743225694877
19.82 0.023212524226519
19.83 0.022854284067936
19.84 0.020727423223053
19.85 0.019382702906457
19.86 0.013012317944353
19.87 0.00857047849655
19.88 -0.000696165271912
19.89 -0.017890127880969
19.9 -0.040989921255916
19.91 -0.074436823005208
19.92 -0.092381100830522
19.93 -0.047193443867853
19.94 -0.059004459112751
19.95 -0.049781389910094
19.96 -0.056080486960642
19.97 -0.05634899222817
19.98 -0.054797791092907
19.99 -0.047530009448823
20.0 -0.031221641432846
20.01 -0.020037721558789
20.02 -0.007392537440684
20.03 -0.002506719070386
20.04 0.005703707018853
20.05 0.009207443510239
20.06 0.008019882002509
20.07 0.012310599413285
20.08 0.011247374163089
20.09 0.009642169962767
20.1 0.006607563482847
20.11 0.000766420747471
20.12 -7.8732722623e-05
20.13 -0.002366690796133
20.14 -0.002142900191791
20.15 0.000173541516812
20.16 -0.000995404400578
20.17 -0.007052955994764
20.18 -0.027976347144718
20.19 -0.033501722118893
20.2 -0.021883347830988
20.21 -0.020578701099948
20.22 -0.01698923284893
20.23 -0.017284161255903
20.24 -0.019769183806327
20.25 -0.015975114528299
20.26 -0.015192404962947
20.27 -0.010018268204214
20.28 -0.001948062521105
20.29 0.002486979382769
20.3 0.006478489696154
20.31 0.007723628756087
20.32 0.006663045447208
20.33 0.005707625386102
20.34 0.004520019845006
20.35 0.00202394695413
20.36 0.001437951376797
20.37 -0.000327388502215
20.38 -0.003028919843172
20.39 -0.010151270045786
20.4 -0.025718122776466
20.41 -0.009109703110393
20.42 -0.008925275833945
20.43 -0.026489378716467
20.44 -0.037454238625954
20.45 -0.042538318698101
20.46 -0.052321897939785
20.47 -0.049459485454114
20.48 -0.043931187429866
20.49 -0.034664595148375
20.5 -0.027562820605482
20.51 -0.021060471315883
20.52 -0.010819272328374
20.53 -0.002874745814052
20.54 0.003657530918308
20.55 0.009564591670729
20.56 0.008630082764306
20.57 0.01123289150741
20.58 0.009804487401186
20.59 0.007271769984623
20.6 0.004305280889054
20.61 0.004605925771708
20.62 0.003622019802032
20.63 0.004020378980826
20.64 -0.001771837607579
20.65 -0.005405811976019
20.66 -0.004610487498004
20.67 -0.004584596670073
20.68 -0.00100554035752
20.69 -0.003083078326372
20.7 -0.001856079179433
20.71 -0.002067352492677
20.72 -0.002964481688094
20.73 -0.002577804868196
20.74 -0.003454786583447
20.75 -0.003261029474421
20.76 -0.003893874596893
20.77 -0.005330338957225
20.78 0.000443915795234
20.79 0.005339662223764
20.8 0.011408281104532
20.81 0.016109865671553
20.82 0.020687684096424
20.83 0.025944384096988
20.84 0.028251744769257
20.85 0.02937188807705
20.86 0.028417511213824
20.87 0.025599653007604
20.88 0.021201991159135
20.89 0.015702073948478
20.9 0.006520745635912
20.91 -0.002668173797324
20.92 -0.012412041673696
20.93 -0.018285270466072
20.94 -0.018804063013085
20.95 -0.021766449215967
20.96 -0.023774179149186
20.97 -0.027054135108496
20.98 -0.02497567077427
20.99 -0.017666089611604
21.0 -0.014654158079728
21.01 -0.009282413144134
21.02 -0.008134479826679
21.03 -0.007608534147359
21.04 -0.005748055746347
21.05 -0.007130519679916
21.06 -0.003496939632994
21.07 0.004958914914256
21.08 -0.006848194269799
21.09 -0.001450529254869
21.1 -0.004375985688031
21.11 -0.004774430961406
21.12 -0.006827024671755
21.13 -0.001004381043661
21.14 -0.001707769921403
21.15 -0.001234382683375
21.16 -0.003993640354828
21.17 -0.00939849467981
21.18 -0.007693334757841
21.19 -0.005075984715662
21.2 0.000419395060507
21.21 0.006153936812361
21.22 0.008662924559114
21.23 0.012744985443345
21.24 0.018989895290522
21.25 0.026697646377906
21.26 0.033483400324964
21.27 0.039732403511551
21.28 0.041746815684086
21.29 0.043907299556048
21.3 0.045027197193245
21.31 0.041005377541631
21.32 0.038389256824326
21.33 0.035642462349663
21.34 0.034757980600562
21.35 0.029078561109191
21.36 0.016320336583061
21.37 0.004023317030575
21.38 -0.010148537408865
21.39 -0.018825117727289
21.4 -0.025328584480037
21.41 -0.029895706149399
21.42 -0.029664787655962
21.43 -0.027839684840673
21.44 -0.023488801281712
21.45 -0.016102865119144
21.46 -0.002968608305803
21.47 0.013505178046216
21.48 0.027003084192787
21.49 0.04058894996727
21.5 0.045593223582134
21.51 0.053441116767729
21.52 0.057291742216348
21.53 0.063075447751572
21.54 0.061992367753437
21.55 0.052166193280848
21.56 0.042681037037854
21.57 0.032784362543972
21.58 0.023488841619778
21.59 0.022401318616965
21.6 0.022223879920179
21.61 0.021223541513761
21.62 0.011445114274378
21.63 0.009102008576254
21.64 0.007118624646269
21.65 0.001824448283777
21.66 0.002521639929718
21.67 0.008845930373712
21.68 0.012640583897079
21.69 0.016695759652237
21.7 0.021705214496433
21.71 0.019251445398165
21.72 0.012763759731076
21.73 0.01595666716505
21.74 -0.003711727997521
21.75 -0.006241506808836
21.76 -0.013616197609245
21.77 -0.019014241498243
21.78 -0.019242508790516
21.79 -0.019678074423694
21.8 -0.015432207364972
21.81 -0.011928691429617
21.82 -0.008382151505069
21.83 -0.008141456829446
21.84 -0.008169753904312
21.85 -0.00853363149524
21.86 -0.009075108003482
21.87 -0.008544551242001
21.88 -0.007276733432048
21.89 -0.005834271376279
21.9 -0.004789887353819
21.91 -0.003624907827055
21.92 -0.003876433542963
21.93 -0.006283278116079
21.94 -0.008952526615047
21.95 -0.015912000448673
21.96 -0.016161707822954
21.97 -0.00063428136143
21.98 -0.00419682953633
21.99 0.001487196182055
22.0 0.000654807638138
22.01 0.002512396352043
22.02 3.6306432828e-05
22.03 -0.001813828467645
22.04 -0.000387538794128
22.05 -0.001626767764909
22.06 -0.007942701652793
22.07 -0.014381429022045
22.08 -0.019175114264602
22.09 -0.022157146533828
22.1 -0.023752376556814
22.11 -0.02602764432565
22.12 -0.028383075396488
22.13 -0.030701046017813
22.14 -0.030660939530402
22.15 -0.028959374079909
22.16 -0.025299151787789
22.17 -0.021497434010455
22.18 -0.019133549654874
22.19 -0.016555425147495
22.2 -0.014480846859263
22.21 -0.013075922366062
22.22 -0.015284465933519
22.23 -0.019458185666056
22.24 -0.024862442917536
22.25 -0.032421126019955
22.26 -0.036691291760753
22.27 -0.036945362581618
22.28 -0.032664315073313
22.29 -0.032247830008212
22.3 -0.028677585647245
22.31 -0.025781415027401
22.32 -0.021799386292511
22.33 -0.015324811021259
22.34 -0.009721233307677
22.35 -0.005731046364804
22.36 -0.00479043409019
22.37 -0.005116330410724
22.38 -0.011008220639153
22.39 -0.015877327437123
22.4 -0.020045555526037
22.41 -0.03101383420895
22.42 -0.038255191519488
22.43 -0.042976348274647
22.44 -0.044869222624312
22.45 -0.044445494850419
22.46 -0.043827343771694
22.47 -0.03739283176651
22.48 -0.032997577713041
22.49 -0.022739135237783
22.5 -0.020697110022552
22.51 -0.010929335324883
22.52 -0.00528659306293
22.53 0.001771841482446
22.54 0.013821148037988
22.55 0.016489614968103
22.56 0.008340809177859
22.57 0.005417501022563
22.58 0.004015093677949
22.59 0.000530186486316
22.6 -5.682523217e-05
22.61 -0.002106990360237
22.62 -0.003150921433875
22.63 -0.003497671216126
22.64 -0.000591358294731
22.65 0.006887565863275
22.66 0.014018990249413
22.67 0.016547927973005
22.68 0.021425914970779
22.69 0.022379549151084
22.7 0.013149687505064
22.71 0.018440329059093
22.72 0.025944152050215
22.73 0.017222169243613
22.74 0.013071752605109
22.75 0.004738754781736
22.76 0.000532198276665
22.77 -0.007943503999995
22.78 -0.011508151421488
22.79 -0.013850214722862
22.8 -0.007912730362478
22.81 -0.00684728444086
22.82 -0.0046539468365
22.83 0.002782581347856
22.84 0.009782990502313
22.85 0.017725462994199
22.86 0.023741145857908
22.87 0.026176338283962
22.88 0.024343613803538
22.89 0.021050127361154
22.9 0.017874009728551
22.91 0.016287171375112
22.92 0.016685355362266
22.93 0.017515736729934
22.94 0.011522627666947
22.95 0.00915602616878
22.96 0.010922792035692
22.97 0.019330002537745
22.98 0.032704149446259
22.99 0.033306661591493
23.0 0.036008796761292
23.01 0.032815612630066
23.02 0.038626496456292
23.03 0.036101580957336
23.04 0.032140291835734
23.05 0.030383758232582
23.06 0.029087950151948
23.07 0.02753809045625
23.08 0.020665816548443
23.09 0.020136788268092
23.1 0.021897812285803
23.11 0.021524172745412
23.12 0.026734292119241
23.13 0.027209935649894
23.14 0.027829154026091
23.15 0.022722637680267
23.16 0.015548986531543
23.17 0.012973083314292
23.18 0.010610778320877
23.19 0.015156023320745
23.2 0.002765364545861
23.21 -0.001983842938535
23.22 -0.001858404161621
23.23 0.000362226041665
23.24 0.003126409809604
23.25 0.002924131968066
23.26 0.002556620442269
23.27 -0.000297148604639
23.28 -0.003637738905558
23.29 -0.004021824731522
23.3 -0.001009937892428
23.31 0.000491165418958
23.32 0.003748987203315
23.33 0.008457332163796
23.34 0.010883077160041
23.35 0.011437372072763
23.36 0.011664277299276
23.37 0.009917067688444
23.38 0.005345550004743
23.39 -0.001254840597423
23.4 -0.0036948282395
23.41 -0.007964869308645
23.42 -0.012268850373503
23.43 -0.015200973067512
23.44 -0.015086194685184
23.45 -0.014969375451087
23.46 -0.016631209926207
23.47 -0.017034158416168
23.48 -0.013452388147416
23.49 -0.013314123352824
23.5 -0.01304386725662
23.51 -0.007711470720832
23.52 -0.001366841314096
23.53 0.004025257443573
23.54 0.006774212531567
23.55 0.006068430600519
23.56 0.002316636276493
23.57 0.001090820784282
23.58 0.000130227597694
23.59 -0.000861177963734
23.6 -0.000926155900293
23.61 -0.003544521744227
23.62 -0.005228052858202
23.63 -0.006036580011645
23.64 -0.006449487615503
23.65 -0.004526262596385
23.66 -0.00200659427972
23.67 0.001614508179123
23.68 0.005227474796112
23.69 0.006445498544113
23.7 0.004505530045162
23.71 0.000349682019034
23.72 -0.003392425512683
23.73 -0.005716644228557
23.74 -0.009417826403708
23.75 -0.013475526880121
23.76 -0.016238730262382
23.77 -0.015304432167713
23.78 -0.012159668329404
23.79 -0.006142722136522
23.8 0.000437635419379
23.81 0.003805297579233
23.82 0.006628729363658
23.83 0.009125849841357
23.84 0.009596680694474
23.85 0.010109833978162
23.86 0.008091888930114
23.87 0.002783350160245
23.88 -0.003444241625416
23.89 -0.010015792924024
23.9 -0.015400623529853
23.91 -0.020568141147697
23.92 -0.022607643271435
23.93 -0.022893916204598
23.94 -0.020203439118497
23.95 -0.01617884550935
23.96 -0.013540667564478
23.97 -0.010960786101104
23.98 -0.009352428769309
23.99 -0.004052610019233
24.0 -0.001010649964089
24.01 4.5060341529e-05
24.02 0.000454728900083
24.03 0.000271246214202
24.04 0.000528255741912
24.05 -0.001020648681772
24.06 -0.002059736406768
24.07 -0.006697697093274
24.08 -0.007117813596349
24.09 -0.011986136984808
24.1 -0.01923391053591
24.11 -0.021629011366183
24.12 -0.017334613896934
24.13 -0.016173555153812
24.14 -0.015326599372239
24.15 -0.013701766387972
24.16 -0.007515216309572
24.17 -0.002347713325971
24.18 -0.003207372974732
24.19 -0.003750014291655
24.2 -0.007872671983375
24.21 -0.013310744093713
24.22 -0.017146249253178
24.23 -0.016880336228724
24.24 -0.015400008926987
24.25 -0.014666092249328
24.26 -0.014320589384046
24.27 -0.012835425907242
24.28 -0.01400178603688
24.29 -0.014913174104059
24.3 -0.015115041172441
24.31 -0.013279767471835
24.32 -0.009737118372102
24.33 -0.006849539477452
24.34 -0.006374229988508
24.35 -0.008056182125825
24.36 -0.005391728151557
24.37 -0.001394922923295
24.38 0.000560752020235
24.39 0.003124384696307
24.4 0.004783200531125
24.41 0.002627386167647
24.42 0.001698780815988
24.43 0.000847395952771
24.44 -0.000234938500814
24.45 -0.000960206253165
24.46 -0.001400304276378
24.47 -6.8080965952e-05
24.48 0.001615208999225
24.49 0.002554382608519
24.5 0.002425049279115
24.51 0.002360428559612
24.52 0.003895450057783
24.53 0.005940854388676
24.54 0.007029063217557
24.55 0.008195690463281
24.56 0.009867554732366
24.57 0.012662042084276
24.58 0.016588359899817
24.59 0.019329065763297
24.6 0.019756017044131
24.61 0.018830486520034
24.62 0.017052859462056
24.63 0.010740370323863
24.64 0.003215855764635
24.65 -0.004418893653638
24.66 -0.01127358597163
24.67 -0.015239055349855
24.68 -0.018559228714966
24.69 -0.021301528972935
24.7 -0.021911511256707
24.71 -0.0211770026227
24.72 -0.01762956385448
24.73 -0.009644089010884
24.74 -0.002613875484563
24.75 0.002119787141702
24.76 0.006185896882487
24.77 0.011417565399712
24.78 0.014032532946689
24.79 0.016058717049165
24.8 0.016882954639838
24.81 0.015369354230861
24.82 0.012638658876056
24.83 0.009587336477836
24.84 0.009636709775528
24.85 0.011970312425041
24.86 0.014195736141056
24.87 0.015502572161357
24.88 0.015492184020438
24.89 0.018770976986349
24.9 0.023252899481258
24.91 0.025210407405098
24.92 0.027235735081346
24.93 0.030331383278377
24.94 0.03038421834827
 
 
 
 
 
 
 
 
 
 
 
 
 
 
 
 
 
 
 
 
 
 
 
 
 
 
 
 
 
 
 
 
 
 
 
 
 
 
 
 
 
 
 
 
 
 
 
 
 
 
 
 
 
 
 
 
 
 
 
 
 
 
 
 
 
 
 
 
 
 
 
 
 
 
 
 
 
 
 
 
 
 
 
 
 
 
 
 
 
 
 
 
 
 
 
 
 
 
 
 
 
 
 
 
 
 
 
 
 
 
 
 
 
 
 
 
 
 
 
 
 
 
 
 
 
 
 
 
 
 
 
 
 
 
 
 
 
 
 
 
 
 
 
 
 
 
 
 
 
 
 
 
 
 
 
 
 
 
 
 
 
 
 
 
 
 
 
 
 
 
 
 
 
 
 
 
 
 
 
 
 
 
 
 
 
 
 
 
 
 
 
 
 
 
 
 
 
 
 
 
 
 
 
 
 
 
 
 
 
 
 
 
 
 
 
 
 
 
 
 
 
 
 
 
 
 
 
 
 
 
 
 
 
 
 
 
 
 
 
 
 
 
 
 
 
 
 
 
 
 
 
 
 
 
 
 
 
 
 
 
 
 
 
 
 
 
 
 
 
 
 
 
 
 
 
 
 
 
 
 
 
 
 
 
 
 
 
 
 
 
 
 
 
 
 
 
 
 
 
 
 
 
 
 
 
 
 
 
 
 
 
 
 
 
 
 
 
 
 
 
 
 
 
 
 
 
 
 
 
 
 
 
 
 
 
 
 
 
 
 
 
 
 
 
 
 
 
 
 
 
 
 
 
 
 
 
 
 
 
 
 
 
 
 
 
 
 
 
 
 
 
 
 
 
 
 
 
 
 
 
 
 
 
 
 
 
 
 
 
 
 
 
 
 
 
 
 
 
 
 
 
 
 
 
 
 
 
 
 
 
 
 
 
 
 
 
 
 
 
 
 
 
 
 
 
 
 
 
 
 
 
 
 
 
 
 
 
 
 
 
 
 
 
 
 
 
 
 
 
 
 
 
 
 
 
 
 
 
 
 
 
 
 
 
 
 
 
 
 
 
 
 
 
 
 
 
 
 
 
 
 
 
 
 
 
 
 
 
 
 
 
 
 
 
 
 
 
 
 
 
 
 
 
 
 
 
 
 
 
 
 
 
 
 
 
 
 
 
 
 
 
 
 
 
 
 
 
 
 
 
 
 
 
 
 
 
 
 
 
 
 
 
 
 
 
 
 
 
 
 
 
 
 
 
 
 
 
 
 
 
 
 
 
 
 
 
 
 
 
 
 
 
 
 
 
 
 
 
 
 
 
 
 
 
 
 
 
 
 
 
 
 
 
 
 
 
 
 
 
 
 
 
 
 
 
 
 
 
 
 
 
 
 
 
 
 
 
 
 
 
 
 
 
 
 
 
 
 
 
 
 
 
 
 
 
 
 
 
 
 
 
 
 
 
 
 
 
 
 
 
 
 
 
 
 
 
 
 
 
 
 
 
 
 
 
 
 
 
 
 
 
 
 
 
 
 
 
 
 
 
 
 
 
 
 
 
 
 
 
 
 
 
 
 
 
 
 
 
 
 
 
 
 
 
 
 
 
 
 
 
 
 
 
 
 
 
 
 
 
 
 
 
 
 
 
 
 
 
 
 
 
 
 
 
 
 
 
 
 
 
 
 
 
 
 
 
 
 
 
 
 
 
 
 
 
 
 
 
 
 
 
 
 
 
 
 
 
 
 
 
 
 
 
 
 
 
 
 
 
 
 
 
 
 
 
 
 
 
 
 
 
 
 
 
 
 
 
 
 
 
 
 
 
 
 
 
 
 
 
 
 
 
 
 
 
 
 
 
 
 
 
 
 
 
 
 
 
 
 
 
 
 
 
 
 
 
 
 
 
 
 
 
 
 
 
 
 
 
 
 
 
 
 
 
 
 
 
 
 
 
 
 
 
 
 
 
 
 
 
 
 
 
 
 
 
 
 
 
 
 
 
 
 
 
 
 
 
 
 
 
 
 
 
 
 
 
 
 
 
 
 
 
 
 
 
 
 
 
 
 
 
 
 
 
 
 
 
 
 
 
 
 
 
 
 
 
 
 
 
 
 
 
 
 
 
 
 
 
 
 
 
 
 
 
 
 
 
 
 
 
 
 
 
 
 
 
 
 
 
 
 
 
 
 
 
 
 
 
 
 
 
 
 
 
 
 
 
 
 
 
 
 
 
 
 
 
 
 
 
 
 
 
 
 
 
 
 
 
 
 
 
 
 
 
 
 
 
 
 
 
 
 
 
 
 
 
 
 
 
 
 
 
 
 
 
 
 
 
 
 
 
 
 
 
 
 
 
 
 
 
 
 
 
 
 
 
 
 
 
 
 
 
 
 
 
 
 
 
 
 
 
 
 
 
 
 
 
 
 
 
 
 
 
 
 
 
 
 
 
 
 
 
 
 
 
 
 
 
 
 
 
 
 
 
 
 
 
 
 
 
 
 
 
 
 
 
 
 
 
 
 
 
 
 
 
 
 
 
 
 
 
 
 
 
 
 
 
 
 
 
 
 
 
 
 
 
 
 
 
 
 
 
 
 
 
 
 
 
 
 
 
 
 
 
 
 
 
 
 
 
 
 
 
 
 
 
 
 
 
 
 
 
 
 
 
 
 
 
 
 
 
 
 
 
 
 
 
 
 
 
 
 
 
 
 
 
 
 
 
 
 
 
 
 
 
 
 
 
 
 
 
 
 
 
 
 
 
 
 
 
 
 
 
 
 
 
 
 
 
 
 
 
 
 
 
 
 
 
 
 
 
 
 
 
 
 
 
 
 
 
 
 
 
 
 
 
 
 
 
 
 
 
 
 
 
 
 
 
 
 
 
 
 
 
 
 
 
 
 
 
 
 
 
 
 
 
 
 
 
 
 
 
 
 
 
 
 
 
 
 
 
 
 
 
 
 
 
 
 
 
 
 
 
 
 
 
 
 
 
 
 
 
 
 
 
 
 
 
 
 
 
 
 
 
 
 
 
 
 
 
 
 
 
 
 
 
 
 
 
 
 
 
 
 
 
 
 
 
 
 
 
 
 
 
 
 
 
 
 
 
 
 
 
 
 
 
 
 
 
 
 
 
 
 
 
 
 
 
 
 
 
 
 
 
 
 
 
 
 
 
 
 
 
 
 
 
 
 
 
 
 
 
 
 
 
 
 
 
 
 
 
 
 
 
 
 
 
 
 
 
 
 
 
 
 
 
 
 
 
 
 
 
 
 
 
 
 
 
 
 
 
 
 
 
 
 
 
 
 
 
 
 
 
 
 
 
 
 
 
 
 
 
 
 
 
 
 
 
 
 
 
 
 
 
 
 
 
 
 
 
 
 
 
 
 
 
 
 
 
 
 
 
 
 
 
 
 
 
 
 
 
 
 
 
 
 
 
 
 
 
 
 
 
 
 
 
 
 
 
 
 
 
 
 
 
 
 
 
 
 
 
 
 
 
 
 
 
 
 
 
 
 
 
 
 
 
 
 
 
 
 
 
 
 
 
 
 
 
 
 
 
 
 
 
 
 
 
 
 
 
 
 
 
 
 
 
 
 
 
 
 
 
 
 
 
 
 
 
 
 
 
 
 
 
 
 
 
 
 
 
 
 
 
 
 
 
 
 
 
 
 
 
 
 
 
 
 
 
 
 
 
 
 
 
 
 
 
 
 
 
 
 
 
 
 
 
 
 
 
 
 
 
 
 
 
 
 
 
 
 
 
 
 
 
 
 
 
 
 
 
 
 
 
 
 
 
 
 
 
 
 
 
 
 
 
 
 
 
 
 
 
 
 
 
 
 
 
 
 
 
 
 
 
 
 
 
 
 
 
 
 
 
 
 
 
 
 
 
 
 
 
 
 
 
 
 
 
 
 
 
 
 
 
 
 
 
 
 
 
 
 
 
 
 
 
 
 
 
 
 
 
 
 
 
 
 
 
 
 
 
 
 
 
 
 
 
 
 
 
 
 
 
 
 
 
 
 
 
 
 
 
 
 
 
 
 
 
 
 
 
 
 
 
 
 
 
 
 
 
 
 
 
 
 
 
 
 
 
 
 
 
 
 
 
 
 
 
 
 
 
 
 
 
 
 
 
 
 
 
 
 
 
 
 
 
 
 
 
 
 
 
 
 
 
 
 
 
 
 
 
 
 
 
 
 
 
 
 
 
 
 
 
 
 
 
 
 
 
 
 
 
 
 
 
 
 
 
 
 
 
 
 
 
 
 
 
 
 
 
 
 
 
 
 
 
 
 
 
 
 
 
 
 
 
 
 
 
 
 
 
 
 
 
 
 
 
 
 
 
 
 
 
 
 
 
 
 
 
 
 
 
 
 
 
 
 
 
 
 
 
 
 
 
 
 
 
 
 
 
 
 
 
 
 
 
 
 
 
 
 
 
 
 
 
 
 
 
 
 
 
 
 
 
 
 
 
 
 
 
 
 
 
 
 
 
 
 
 
 
 
 
 
 
 
 
 
 
 
 
 
 
 
 
 
 
 
 
 
 
 
 
 
 
 
 
 
 
 
 
 
 
 
 
 
 
 
 
 
 
 
 
 
 
 
 
 
 
 
 
 
 
 
 
 
 
 
 
 
 
 
 
 
 
 
 
 
 
 
 
 
 
 
 
 
 
 
 
 
 
 
 
 
 
 
 
 
 
 
 
 
 
 
 
 
 
 
 
 
 
 
 
 
 
 
 
 
 
 
 
 
 
 
 
 
 
 
 
 
 
 
 
 
 
 
 
 
 
 
 
 
 
 
 
 
 
 
 
 
 
 
 
 
 
 
 
 
 
 
 
 
 
 
 
 
 
 
 
 
 
 
 
 
 
 
 
 
 
 
 
 
 
 
 
 
 
 
 
 
 
 
 
 
 
 
 
 
 
 
 
 
 
 
 
 
 
 
 
 
 
 
 
 
 
 
 
 
 
 
 
 
 
 
 
 
 
 
 
 
 
 
 
 
 
 
 
 
 
 
 
 
 
 
 
 
 
 
 
 
 
 
 
 
 
 
 
 
 
 
 
 
 
 
 
 
 
 
 
 
 
 
 
 
 
 
 
 
 
 
 
 
 
 
 
 
 
 
 
 
 
 
 
 
 
 
 
 
 
 
 
 
 
 
 
 
 
 
 
 
 
 
 
 
 
 
 
 
 
 
 
 
 
 
 
 
 
 
 
 
 
 
 
 
 
 
 
 
 
 
 
 
 
 
 
 
 
 
 
 
 
 
 
 
 
 
 
 
 
 
 
 
 
 
 
 
 
 
 
 
 
 
 
 
 
 
 
 
 
 
 
 
 
 
 
 
 
 
 
 
 
 
 
 
 
 
 
 
 
 
 
 
 
 
 
 
 
 
 
 
 
 
 
 
 
 
 
 
 
 
 
 
 
 
 
 
 
 
 
 
 
 
 
 
 
 
 
 
 
 
 
 
 
 
 
 
 
 
 
 
 
 
 
 
 
 
 
 
 
 
 
 
 
 
 
 
 
 
 
 
 
 
 
 
 
 
 
 
 
 
 
 
 
 
 
 
 
 
 
 
 
 
 
 
 
 
 
 
 
 
 
 
 
 
 
 
 
 
 
 
 
 
 
 
 
 
 
 
 
 
 
 
 
 
 
 
 
 
 
 
 
 
 
 
 
 
 
 
 
 
 
 
 
 
 
 
 
 
 
 
 
 
 
 
 
 
 
 
 
 
 
 
 
 
 
 
 
 
 
 
 
 
 
 
 
 
 
 
 
 
 
 
 
 
 
 
 
 
 
 
 
 
 
 
 
 
 
 
 
 
 
 
 
 
 
 
 
 
 
 
 
 
 
 
 
 
 
 
 
 
 
 
 
 
 
 
 
 
 
 
 
 
 
 
 
 
 
 
 
 
 
 
 
 
 
 
 
 
 
 
 
 
 
 
 
 
 
 
 
 
 
 
 
 
 
 
 
 
 
 
 
 
 
 
 
 
 
 
 
 
 
 
 
 
 
 
 
 
 
 
 
 
 
 
 
 
 
 
 
 
 
 
 
 
 
 
 
 
 
 
 
 
 
 
 
 
 
 
 
 
 
 
 
 
 
 
 
 
 
 
 
 
 
 
 
 
 
 
 
 
 
 
 
 
 
 
 
 
 
 
 
 
 
 
 
 
 
 
 
 
 
 
 
 
 
 
 
 
 
 
 
 
 
 
 
 
 
 
 
 
 
 
 
 
 
 
 
 
 
 
 
 
 
 
 
 
 
 
 
 
 
 
 
 
 
 
 
 
 
 
 
 
 
 
 
 
 
 
 
 
 
 
 
 
 
 
 
 
 
 
 
 
 
 
 
 
 
 
 
 
 
 
 
 
 
 
 
 
 
 
 
 
 
 
 
 
 
 
 
 
 
 
 
 
 
 
 
 
 
 
 
 
 
 
 
 
 
 
 
 
 
 
 
 
 
 
 
 
 
 
 
 
 
 
 
 
 
 
 
 
 
 
 
 
 
 
 
 
 
 
 
 
 
 
 
 
 
 
 
 
 
 
 
 
 
 
 
 
 
 
 
 
 
 
 
 
 
 
 
 
 
 
 
 
 
 
 
 
 
 
 
 
 
 
 
 
 
 
 
 
 
 
 
 
 
 
 
 
 
 
 
 
 
 
 
 
 
 
 
 
 
 
 
 
 
 
 
 
 
 
 
 
 
 
 
 
 
 
 
 
 
 
 
 
 
 
 
 
 
 
 
 
 
 
 
 
 
 
 
 
 
 
 
 
 
 
 
 
 
 
 
 
 
 
 
 
 
 
 
 
 
 
 
 
 
 
 
 
 
 
 
 
 
 
 
 
 
 
 
 
 
 
 
 
 
 
 
 
 
 
 
 
 
 
 
 
 
 
 
 
 
 
 
 
 
 
 
 
 
 
 
 
 
 
 
 
 
 
 
 
 
 
 
 
 
 
 
 
 
 
 
 
 
 
 
 
 
 
 
 
 
 
 
 
 
 
 
 
 
 
 
 
 
 
 
 
 
 
 
 
 
 
 
 
 
 
 
 
 
 
 
 
 
 
 
 
 
 
 
 
 
 
 
 
 
 
 
 
 
 
 
 
 
 
 
 
 
 
 
 
 
 
 
 
 
 
 
 
 
 
 
 
 
 
 
 
 
 
 
 
 
 
 
 
 
 
 
 
 
 
 
 
 
 
 
 
 
 
 
 
 
 
 
 
 
 
 
 
 
 
 
 
 
 
 
 
 
 
 
 
 
 
 
 
 
 
 
 
 
 
 
 
 
 
 
 
 
 
 
 
 
 
 
 
 
 
 
 
 
 
 
 
 
 
 
 
 
 
 
 
 
 
 
 
 
 
 
 
 
 
 
 
 
 
 
 
 
 
 
 
 
 
 
 
 
 
 
 
 
 
 
 
 
 
 
 
 
 
 
 
 
 
 
 
 
 
 
 
 
 
 
 
 
 
 
 
 
 
 
 
 
 
 
 
 
 
 
 
 
 
 
 
 
 
 
 
 
 
 
 
 
 
 
 
 
 
 
 
 
 
 
 
 
 
 
 
 
 
 
 
 
 
 
 
 
 
 
 
 
 
 
 
 
 
 
 
 
 
 
 
 
 
 
 
 
 
 
 
 
 
 
 
 
 
 
 
 
 
 
 
 
 
 
 
 
 
 
 
 
 
 
 
 
 
 
 
 
 
 
 
 
 
 
 
 
 
 
 
 
 
 
 
 
 
 
 
 
 
 
 
 
 
 
 
 
 
 
 
 
 
 
 
 
 
 
 
 
 
 
 
 
 
 
 
 
 
 
 
 
 
 
 
 
 
 
 
 
 
 
 
 
 
 
 
 
 
 
 
 
 
 
 
 
 
 
 
 
 
 
 
 
 
 
 
 
 
 
 
 
 
 
 
 
 
 
 
 
 
 
 
 
 
 
 
 
 
 
 
 
 
 
 
 
 
 
 
 
 
 
 
 
 
 
 
 
 
 
 
 
 
 
 
 
 
 
 
 
 
 
 
 
 
 
 
 
 
 
 
 
 
 
 
 
 
 
 
 
 
 
 
 
 
 
 
 
 
 
 
 
 
 
 
 
 
 
 
 
 
 
 
 
 
 
 
 
 
 
 
 
 
 
 
 
 
 
 
 
 
 
 
 
 
 
 
 
 
 
 
 
 
 
 
 
 
 
 
 
 
 
 
 
 
 
 
 
 
 
 
 
 
 
 
 
 
 
 
 
 
 
 
 
 
 
 
 
 
 
 
 
 
 
 
 
 
 
 
 
 
 
 
 
 
 
 
 
 
 
 
 
 
 
 
 
 
 
 
 
 
 
 
 
 
 
 
 
 
 
 
 
 
 
 
 
 
 
 
 
 
 
 
 
 
 
 
 
 
 
 
 
 
 
 
 
 
 
 
 
 
 
 
 
 
 
 
 
 
 
 
 
 
 
 
 
 
 
 
 
 
 
 
 
 
 
 
 
 
 
 
 
 
 
 
 
 
 
 
 
 
 
 
 
 
 
 
 
 
 
 
 
 
 
 
 
 
 
 
 
 
 
 
 
 
 
 
 
 
 
 
 
 
 
 
 
 
 
 
 
 
 
 
 
 
 
 
 
 
 
 
 
 
 
 
 
 
 
 
 
 
 
 
 
 
 
 
 
 
 
 
 
 
 
 
 
 
 
 
 
 
 
 
 
 
 
 
 
 
 
 
 
 
 
 
 
 
 
 
 
 
 
 
 
 
 
 
 
 
 
 
 
 
 
 
 
 
 
 
 
 
 
 
 
 
 
 
 
 
 
 
 
 
 
 
 
 
 
 
 
 
 
 
 
 
 
 
 
 
 
 
 
 
 
 
 
 
 
 
 
 
 
 
 
 
 
 
 
 
 
 
 
 
 
 
 
 
 
 
 
 
 
 
 
 
 
 
 
 
 
 
 
 
 
 
 
 
 
 
 
 
 
 
 
 
 
 
 
 
 
 
 
 
 
 
 
 
 
 
 
 
 
 
 
 
 
 
 
 
 
 
 
 
 
 
 
 
 
 
 
 
 
 
 
 
 
 
 
 
 
 
 
 
 
 
 
 
 
 
 
 
 
 
 
 
 
 
 
 
 
 
 
 
 
 
 
 
 
 
 
 
 
 
 
 
 
 
 
 
 
 
 
 
 
 
 
 
 
 
 
 
 
 
 
 
 
 
 
 
 
 
 
 
 
 
 
 
 
 
 
 
 
 
 
 
 
 
 
 
 
 
 
 
 
 
 
 
 
 
 
 
 
 
 
 
 
 
 
 
 
 
 
 
 
 
 
 
 
 
 
 
 
 
 
 
 
 
 
 
 
 
 
 
 
 
 
 
 
 
 
 
 
 
 
 
 
 
 
 
 
 
 
 
 
 
 
 
 
 
 
 
 
 
 
 
 
 
 
 
 
 
 
 
 
 
 
 
 
 
 
 
 
 
 
 
 
 
 
 
 
 
 
 
 
 
 
 
 
 
 
 
 
 
 
 
 
 
 
 
 
 
 
 
 
 
 
 
 
 
 
 
 
 
 
 
 
 
 
 
 
 
 
 
 
 
 
 
 
 
 
 
 
 
 
 
 
 
 
 
 
 
 
 
 
 
 
 
 
 
 
 
 
 
 
 
 
 
 
 
 
 
 
 
 
 
 
 
 
 
 
 
 
 
 
 
 
 
 
 
 
 
 
 
 
 
 
 
 
 
 
 
 
 
 
 
 
 
 
 
 
 
 
 
 
 
 
 
 
 
 
 
 
 
 
 
 
 
 
 
 
 
 
 
 
 
 
 
 
 
 
 
 
 
 
 
 
 
 
 
 
 
 
 
 
 
 
 
 
 
 
 
 
 
 
 
 
 
 
 
 
 
 
 
 
 
 
 
 
 
 
 
 
 
 
 
 
 
 
 
 
 
 
 
 
 
 
 
 
 
 
 
 
 
 
 
 
 
 
 
 
 
 
 
 
 
 
 
 
 
 
 
 
 
 
 
 
 
 
 
 
 
 
 
 
 
 
 
 
 
 
 
 
 
 
 
 
 
 
 
 
 
 
 
 
 
 
 
 
 
 
 
 
 
 
 
 
 
 
 
 
 
 
 
 
 
 
 
 
 
 
 
 
 
 
 
 
 
 
 
 
 
 
 
 
 
 
 
 
 
 
 
 
 
 
 
 
 
 
 
 
 
 
 
 
 
 
 
 
 
 
 
 
 
 
 
 
 
 
 
 
 
 
 
 
 
 
 
 
 
 
 
 
 
 
 
 
 
 
 
 
 
 
 
 
 
 
 
 
 
 
 
 
 
 
 
 
 
 
 
 
 
 
 
 
 
 
 
 
 
 
 
 
 
 
 
 
 
 
 
 
 
 
 
 
 
 
 
 
 
 
 
 
 
 
 
 
 
 
 
 
 
 
 
 
 
 
 
 
 
 
 
 
 
 
 
 
 
 
 
 
 
 
 
 
 
 
 
 
 
 
 
 
 
 
 
 
 
 
 
 
 
 
 
 
 
 
 
 
 
 
 
 
 
 
 
 
 
 
 
 
 
 
 
 
 
 
 
 
 
 
 
 
 
 
 
 
 
 
 
 
 
 
 
 
 
 
 
 
 
 
 
 
 
 
 
 
 
 
 
 
 
 
 
 
 
 
 
 
 
 
 
 
 
 
 
 
 
 
 
 
 
 
 
 
 
 
 
 
 
 
 
 
 
 
 
 
 
 
 
 
 
 
 
 
 
 
 
 
 
 
 
 
 
 
 
 
 
 
 
 
 
 
 
 
 
 
 
 
 
 
 
 
 
 
 
 
 
 
 
 
 
 
 
 
 
 
 
 
 
 
 
 
 
 
 
 
 
 
 
 
 
 
 
 
 
 
 
 
 
 
 
 
 
 
 
 
 
 
 
 
 
 
 
 
 
 
 
 
 
 
 
 
 
 
 
 
 
 
 
 
 
 
 
 
 
 
 
 
 
 
 
 
 
 
 
 
 
 
 
 
 
 
 
 
 
 
 
 
 
 
 
 
 
 
 
 
 
 
 
 
 
 
 
 
 
 
 
 
 
 
 
 
 
 
 
 
 
 
 
 
 
 
 
 
 
 
 
 
 
 
 
 
 
 
 
 
 
 
 
 
 
 
 
 
 
 
 
 
 
 
 
 
 
 
 
 
 
 
 
 
 
 
 
 
 
 
 
 
 
 
 
 
 
 
 
 
 
 
 
 
 
 
 
 
 
 
 
 
 
 
 
 
 
 
 
 
 
 
 
 
 
 
 
 
 
 
 
 
 
 
 
 
 
 
 
 
 
 
 
 
 
 
 
 
 
 
 
 
 
 
 
 
 
 
 
 
 
 
 
 
 
 
 
 
 
 
 
 
 
 
 
 
 
 
 
 
 
 
 
 
 
 
 
 
 
 
 
 
 
 
 
 
 
 
 
 
 
 
 
 
 
 
 
 
 
 
 
 
 
 
 
 
 
 
 
 
 
 
 
 
 
 
 
 
 
 
 
 
 
 
 
 
 
 
 
 
 
 
 
 
 
 
 
 
 
 
 
 
 
 
 
 
 
 
 
 
 
 
 
 
 
 
 
 
 
 
 
 
 
 
 
 
 
 
 
 
 
 
 
 
 
 
 
 
 
 
 
 
 
 
 
 
 
 
 
 
 
 
 
 
 
 
 
 
 
 
 
 
 
 
 
 
 
 
 
 
 
 
 
 
 
 
 
 
 
 
 
 
 
 
 
 
 
 
 
 
 
 
 
 
 
 
 
 
 
 
 
 
 
 
 
 
 
 
 
 
 
 
 
 
 
 
 
 
 
 
 
 
 
 
 
 
 
 
 
 
 
 
 
 
 
 
 
 
 
 
 
 
 
 
 
 
 
 
 
 
 
 
 
 
 
 
 
 
 
 
 
 
 
 
 
 
 
 
 
 
 
 
 
 
 
 
 
 
 
 
 
 
 
 
 
 
 
 
 
 
 
 
 
 
 
 
 
 
 
 
 
 
 
 
 
 
 
 
 
 
 
 
 
 
 
 
 
 
 
 
 
 
 
 
 
 
 
 
 
 
 
 
 
 
 
 
 
 
 
 
 
 
 
 
 
 
 
 
 
 
 
 
 
 
 
 
 
 
 
 
 
 
 
 
 
 
 
 
 
 
 
 
 
 
 
 
 
 
 
 
 
 
 
 
 
 
 
 
 
 
 
 
 
 
 
 
 
 
 
 
 
 
 
 
 
 
 
 
 
 
 
 
 
 
 
 
 
 
 
 
 
 
 
 
 
 
 
 
 
 
 
 
 
 
 
 
 
 
 
 
 
 
 
 
 
 
 
 
 
 
 
 
 
 
 
 
 
 
 
 
 
 
 
 
 
 
 
 
 
 
 
 
 
 
 
 
 
 
 
 
 
 
 
 
 
 
 
 
 
 
 
 
 
 
 
 
 
 
 
 
 
 
 
 
 
 
 
 
 
 
 
 
 
 
 
 
 
 
 
 
 
 
 
 
 
 
 
 
 
 
 
 
 
 
 
 
 
 
 
 
 
 
 
 
 
 
 
 
 
 
 
 
 
 
 
 
 
 
 
 
 
 
 
 
 
 
 
 
 
 
 
 
 
 
 
 
 
 
 
 
 
 
 
 
 
 
 
 
 
 
 
 
 
 
 
 
 
 
 
 
 
 
 
 
 
 
 
 
 
 
 
 
 
 
 
 
 
 
 
 
 
 
 
 
 
 
 
 
 
 
 
 
 
 
 
 
 
 
 
 
 
 
 
 
 
 
 
 
 
 
 
 
 
 
 
 
 
 
 
 
 
 
 
 
 
 
