0.0 0.0
0.01 2.33759346e-07
0.02 2.34893529e-07
0.03 2.36651892e-07
0.04 2.38320115e-07
0.05 2.35356683e-07
0.06 2.2996666e-07
0.07 2.24172745e-07
0.08 2.16817822e-07
0.09 2.02904376e-07
0.1 1.7151878e-07
0.11 1.31613196e-07
0.12 1.47212912e-07
0.13 1.99540406e-07
0.14 3.00473355e-07
0.15 3.76631361e-07
0.16 1.73875269e-07
0.17 -4.92576066e-07
0.18 -1.587199805e-06
0.19 -2.811207993e-06
0.2 -3.954321693e-06
0.21 -5.624881985e-06
0.22 -8.320655351e-06
0.23 -1.0322786675e-05
0.24 -9.413114782e-06
0.25 -6.602679532e-06
0.26 -5.526058326e-06
0.27 -6.773024132e-06
0.28 -6.198005454e-06
0.29 1.04276664e-06
0.3 1.355949569e-05
0.31 2.1896576692e-05
0.32 1.8046309317e-05
0.33 1.836944736e-06
0.34 -2.0275470787e-05
0.35 -3.1482684116e-05
0.36 -2.3842516209e-05
0.37 -1.232524503e-05
0.38 -4.908797166e-06
0.39 6.940373528e-06
0.4 1.4590560633e-05
0.41 5.35165612e-07
0.42 -2.9528888589e-05
0.43 -4.7986442475e-05
0.44 -3.8725365664e-05
0.45 -2.0441154666e-05
0.46 -3.1536830271e-05
0.47 -8.5982786796e-05
0.48 -0.000151268969051
0.49 -0.000165317773447
0.5 -9.5307718202e-05
0.51 2.2989146452e-05
0.52 9.2019979759e-05
0.53 6.9107408183e-05
0.54 6.0929442129e-05
0.55 0.00011344563791
0.56 0.000140632445441
0.57 7.2228513501e-05
0.58 -8.1902688152e-05
0.59 -0.000244514399663
0.6 -0.000271683853154
0.61 -0.00014887520159
0.62 -5.6787560183e-05
0.63 -8.0927427638e-05
0.64 -0.00012006423768
0.65 -8.8259436427e-05
0.66 -1.3690495605e-05
0.67 -2.854568238e-06
0.68 -6.287446765e-05
0.69 -5.7224987628e-05
0.7 5.7230515726e-05
0.71 0.000148114801205
0.72 9.9075930102e-05
0.73 -8.6754421015e-05
0.74 -0.000269852369779
0.75 -0.000275485417946
0.76 -0.000126919114361
0.77 -1.7733477348e-05
0.78 -0.000116680817729
0.79 -0.000119557995229
0.8 5.0659839145e-05
0.81 2.7982756991e-05
0.82 -0.000125244432276
0.83 -0.000106096713596
0.84 -3.7566576441e-05
0.85 -0.000143572406313
0.86 -0.000317953654807
0.87 -0.000426199956271
0.88 -0.000475972063999
0.89 -0.000469786593758
0.9 -0.000362100737091
0.91 -0.000160722356829
0.92 -2.321266503e-05
0.93 8.5480071981e-05
0.94 0.000327215292397
0.95 0.00036322994437
0.96 6.5626276778e-05
0.97 -0.000111694528447
0.98 -2.0856793488e-05
0.99 1.8643155366e-05
1.0 0.000102546781281
1.01 0.000301229328141
1.02 9.2615115634e-05
1.03 -0.000454945417533
1.04 -0.000627544276773
1.05 -0.000485868678974
1.06 -0.000375707723357
1.07 -0.000332043999401
1.08 -0.000277784228226
1.09 -4.0094264342e-05
1.1 0.000325004251067
1.11 0.000580274874061
1.12 0.0006724961785
1.13 0.000432959137173
1.14 -0.000148499662805
1.15 -0.000519974441257
1.16 -0.00029194859978
1.17 4.6875350598e-05
1.18 -0.000107842583243
1.19 -0.000579255400039
1.2 -0.000578382017163
1.21 -4.6730846752e-05
1.22 0.000327618672241
1.23 0.000413791129856
1.24 0.000648861209275
1.25 0.000942519666061
1.26 0.000826261006551
1.27 0.000511839949763
1.28 0.000382120787186
1.29 9.0243351581e-05
1.3 -0.000309321402548
1.31 -0.000395559655443
1.32 -0.000334454555691
1.33 -0.000429153787175
1.34 -0.000936470023686
1.35 -0.001427646543282
1.36 -0.001401545844451
1.37 -0.001437353388763
1.38 -0.001998132368104
1.39 -0.001875456371428
1.4 -0.000651187758813
1.41 0.00101468752684
1.42 0.001377623602206
1.43 0.001130544351616
1.44 0.000835010586143
1.45 0.000594093141484
1.46 0.00032668768462
1.47 5.2186544338e-05
1.48 -0.000265662369419
1.49 -0.00091287842472
1.5 -0.001234056554734
1.51 -0.000854591807181
1.52 -0.000524024434265
1.53 -0.000575396467578
1.54 -0.000269423161056
1.55 0.000482897087602
1.56 0.001141896200756
1.57 0.001023668108993
1.58 0.000934677318442
1.59 0.001406128363003
1.6 0.002286797091614
1.61 0.002376491239513
1.62 0.001567325550461
1.63 0.000163042104363
1.64 -0.001264441526343
1.65 -0.001560498810594
1.66 -0.000898996850496
1.67 -0.000810461338617
1.68 -0.002100749873518
1.69 -0.00295298792918
1.7 -0.002052325193172
1.71 -0.000132412348773
1.72 0.001175657390356
1.73 0.001563257391078
1.74 0.001070252291207
1.75 0.000495667176206
1.76 0.000224061493771
1.77 -0.000656691527801
1.78 -0.001715033100715
1.79 -0.002269360531082
1.8 -0.002206440405247
1.81 -0.002123491815234
1.82 -0.001671881452841
1.83 -0.000894155569705
1.84 -0.000230885026696
1.85 0.000319622751933
1.86 0.000736628319015
1.87 0.000712868650082
1.88 0.000368549258886
1.89 0.000653430777812
1.9 0.001359729389313
1.91 0.00202003430177
1.92 0.002269325132046
1.93 0.002142084081664
1.94 0.001841059003123
1.95 0.001674466935648
1.96 0.0014328902434
1.97 0.000719683294331
1.98 -0.000595594874682
1.99 -0.001727660956458
2.0 -0.00169788373953
2.01 -0.000620278658495
2.02 -7.7350580222e-05
2.03 -0.000526870020119
2.04 -0.000268428737868
2.05 0.001344599834829
2.06 0.002526286045951
2.07 0.002470384514504
2.08 0.000771397157455
2.09 -0.001843919357627
2.1 -0.003003558730142
2.11 -0.002750368419668
2.12 -0.002930013307881
2.13 -0.00362101586177
2.14 -0.003157718612929
2.15 -0.000962979426887
2.16 0.000645868401544
2.17 0.001129717526529
2.18 0.001326354373922
2.19 0.000776103375687
2.2 -7.656364999e-06
2.21 0.000203388288758
2.22 0.00049408168541
2.23 -4.0936252688e-05
2.24 0.000104043354308
2.25 0.001000494259264
2.26 0.001704546765742
2.27 0.001590216072182
2.28 0.001171540675566
2.29 0.000374994970262
2.3 -0.000159204220877
2.31 -0.000664208546391
2.32 -0.001145497412677
2.33 -0.000984743117896
2.34 0.000214019527028
2.35 0.001671537331556
2.36 0.00232015657489
2.37 0.002723072692372
2.38 0.002536883597785
2.39 0.0019366134071
2.4 0.001531434391869
2.41 0.001061804314673
2.42 -0.000749514526234
2.43 -0.003345035208628
2.44 -0.005432130371636
2.45 -0.005894661103886
2.46 -0.004872808214448
2.47 -0.003188790446777
2.48 -0.001607145474633
2.49 0.000494033617615
2.5 0.001372851722167
2.51 0.002051358741487
2.52 0.002306318805752
2.53 0.002311173022421
2.54 0.00147589984451
2.55 0.000683933490899
2.56 0.000528914373749
2.57 0.00011471209702
2.58 -0.000817717107857
2.59 -0.001139806322261
2.6 -0.000513363323942
2.61 2.1994647862e-05
2.62 0.000953356354666
2.63 0.001708402623667
2.64 0.002257078430607
2.65 0.003017884795874
2.66 0.002971081457726
2.67 0.002258590425043
2.68 0.001233112177429
2.69 -0.000292835099474
2.7 -0.001195257346212
2.71 -0.002951156450462
2.72 -0.004423597720515
2.73 -0.004990391882905
2.74 -0.004572946108286
2.75 -0.004361856205522
2.76 -0.004606030101493
2.77 -0.004520848511895
2.78 -0.003206806987261
2.79 0.000705071570219
2.8 0.002998473520041
2.81 0.004890786031211
2.82 0.005796169931969
2.83 0.005399625995311
2.84 0.005517948358606
2.85 0.006086654581654
2.86 0.005680605867166
2.87 0.00352829510783
2.88 -0.001720376400374
2.89 -0.006063034645735
2.9 -0.007417718002887
2.91 -0.007378108030827
2.92 -0.006078047446598
2.93 -0.004687250260394
2.94 -0.002466445535193
2.95 0.001727344232112
2.96 0.003895929514481
2.97 0.002852933974933
2.98 0.001764390938873
2.99 -0.001348822954765
3.0 -0.002609501831343
3.01 -0.004039937393257
3.02 -0.005545025860021
3.03 -0.006087264837557
3.04 -0.006957256848204
3.05 -0.008386639411184
3.06 -0.009397630690009
3.07 -0.009531063600923
3.08 -0.008702793617423
3.09 -0.006885711419982
3.1 -0.003973116981712
3.11 0.002441955831381
3.12 0.002865999304651
3.13 0.006903813528319
3.14 0.008549734641902
3.15 0.009700431006606
3.16 0.01008936015144
3.17 0.009189228895829
3.18 0.005890996983527
3.19 -0.004157021691521
3.2 -0.007046931683554
3.21 -0.004146024346232
3.22 -0.002482449919725
3.23 0.000713653275569
3.24 0.002194310407963
3.25 6.829156125e-06
3.26 -0.003049526503239
3.27 -0.005745029302972
3.28 -0.007705323596222
3.29 -0.008474726069883
3.3 -0.008622362222429
3.31 -0.008382071065088
3.32 -0.005595015431932
3.33 -0.004516267434373
3.34 -0.003645790596808
3.35 -0.00327209944878
3.36 -0.003145952462423
3.37 0.000194776069574
3.38 0.007436832337209
3.39 0.005510987103297
3.4 0.006604580878572
3.41 0.004328133206439
3.42 0.001853837827764
3.43 0.003111082397291
3.44 0.003933743708275
3.45 0.003589928323141
3.46 0.001555678266406
3.47 -0.001990592492677
3.48 -0.00457948643365
3.49 -0.004541524918581
3.5 -0.001037243004838
3.51 0.001336690337623
3.52 0.005156641466387
3.53 0.007260643494958
3.54 0.005842283049173
3.55 0.000294227996559
3.56 -0.008849196535858
3.57 -0.010512292842279
3.58 -0.011519669987274
3.59 -0.012407888840676
3.6 -0.010911067173223
3.61 -0.00981278084456
3.62 -0.007222126328616
3.63 0.000810959170744
3.64 0.012467689018568
3.65 0.012396522289963
3.66 0.013207696149589
3.67 0.013304141357907
3.68 0.009905516196471
3.69 0.009766615156049
3.7 0.00984749964614
3.71 0.00964936564916
3.72 0.008250656128476
3.73 0.004724536067294
3.74 0.003081758742746
3.75 0.001825182452875
3.76 -0.000382142092255
3.77 -0.012849239615729
3.78 -0.003609249329516
3.79 -0.003166301762177
3.8 -0.000268139484404
3.81 0.010161426848632
3.82 0.010881327754515
3.83 0.010794187307783
3.84 0.005656274038346
3.85 0.007329824250384
3.86 0.007183902226817
3.87 0.00470221149175
3.88 -0.006055784853055
3.89 -0.019698082171377
3.9 -0.007587936120144
3.91 -0.013866289900019
3.92 -0.012830405515896
3.93 -0.006524276751001
3.94 -0.005492733877269
3.95 0.006404248777832
3.96 0.023250099762291
3.97 0.021878426674122
3.98 0.026398322462456
3.99 0.010642685641382
4.0 0.009818356789204
4.01 0.010028182959394
4.02 0.009417992008113
4.03 0.008606280029715
4.04 0.006674292964165
4.05 -0.016127825131916
4.06 -0.036569990291897
4.07 -0.007384961534738
4.08 -0.017596544585805
4.09 -0.014625114080337
4.1 0.01108551087242
4.11 0.018740752844041
4.12 0.016190060212397
4.13 0.020700884605805
4.14 0.017207012709045
4.15 0.014821723180753
4.16 0.002320413458913
4.17 -0.009120003743413
4.18 -0.01006532167688
4.19 -0.013636261463496
4.2 -0.013646324624312
4.21 -0.015738220509478
4.22 -0.014980877500239
4.23 -0.012779139338295
4.24 -0.005002762609788
4.25 0.038045826868273
4.26 0.032336668016681
4.27 0.030398256653226
4.28 0.033253008101896
4.29 0.030787099734841
4.3 0.023909059229699
4.31 0.007943461722969
4.32 -0.004395747976452
4.33 -0.038106730076572
4.34 -0.023334466446175
4.35 -0.02590428906707
4.36 -0.024735697776505
4.37 -0.021685030424291
4.38 -0.018405883973235
4.39 -0.011401932017918
4.4 0.003635238855957
4.41 0.032629583422445
4.42 0.019840882678219
4.43 0.029577829954949
4.44 0.030087450275222
4.45 0.028302464039177
4.46 0.026392323628044
4.47 0.021108997517785
4.48 0.014581950908459
4.49 0.005503123650678
4.5 -0.011994923081314
4.51 -0.007101635920977
4.52 -0.015109260394616
4.53 -0.015435564538092
4.54 -0.014814450901349
4.55 -0.018061453362148
4.56 -0.016923918825718
4.57 -0.015747304621825
4.58 -0.013284574730857
4.59 0.002640111740924
4.6 0.041543290661328
4.61 0.028574937865029
4.62 0.030050473474514
4.63 0.032329634391278
4.64 0.029215712809837
4.65 0.008906234359725
4.66 0.007370385557874
4.67 0.009286430955289
4.68 0.010425383506531
4.69 0.010995276682972
4.7 0.010691395139955
4.71 0.009200889420553
4.72 -0.006914706321312
4.73 -0.057822767715213
4.74 -0.029575274481513
4.75 -0.018268822669991
4.76 -0.023696678150894
4.77 -0.026816541717539
4.78 -0.027463440540295
4.79 -0.028135302109495
4.8 -0.027868053299327
4.81 -0.025951895337233
4.82 -0.022431240522559
4.83 -0.016417350956407
4.84 0.00190735931589
4.85 0.066423032066513
4.86 0.044385032904109
4.87 0.040241803890027
4.88 0.046480599725553
4.89 0.049817955495008
4.9 0.054283923538608
4.91 0.05861092887164
4.92 0.060192254094675
4.93 0.0552422097666
4.94 0.037989322342765
4.95 0.028041372056972
4.96 0.025204391079923
4.97 0.023216445634673
4.98 0.022556950785208
4.99 0.02256843256727
5.0 0.022659247923955
5.01 0.022888927009523
5.02 0.022973656079274
5.03 0.022712325381056
5.04 0.021911415793231
5.05 0.020407222524071
5.06 0.01836739324545
5.07 0.015505744202401
5.08 0.012195782344409
5.09 0.009037548435411
5.1 0.006178224942872
5.11 0.003932311697896
5.12 0.002581040382738
5.13 0.00103830566294
5.14 -0.001657944803213
5.15 -0.005005910049318
5.16 -0.029268867886928
5.17 -0.01132110517119
5.18 0.000602407717686
5.19 -0.032117312086225
5.2 -0.032298448168949
5.21 -0.024530364034194
5.22 -0.032317943536763
5.23 -0.030549134424084
5.24 -0.026448176452763
5.25 -0.027484909832626
5.26 -0.028804227653765
5.27 -0.02845688403462
5.28 -0.028542791703131
5.29 -0.029241902519207
5.3 -0.030229106451365
5.31 -0.030903186285045
5.32 -0.031277359955735
5.33 -0.031256039643078
5.34 -0.031248171097143
5.35 -0.031613622109266
5.36 -0.032218066538842
5.37 -0.032372118183429
5.38 -0.031948460355989
5.39 -0.031084515081784
5.4 -0.029742677763555
5.41 -0.027779696193242
5.42 -0.024447806522287
5.43 -0.019725434409976
5.44 -0.013291923548393
5.45 -0.003361768841908
5.46 0.045113556926746
5.47 0.063865729764805
5.48 0.021001180796385
5.49 0.019915867911403
5.5 0.049333751328103
5.51 0.034436023165616
5.52 0.028089075168796
5.53 0.030461559910726
5.54 0.030145011304526
5.55 0.025277796958963
5.56 0.020482794477995
5.57 0.01673395416093
5.58 0.007404603868163
5.59 -0.030757358273663
5.6 -0.019975312709606
5.61 -0.01046258813624
5.62 -0.009155381668609
5.63 -0.010029865909504
5.64 -0.011473818678862
5.65 -0.012068109108459
5.66 -0.012279628328345
5.67 -0.013255038169699
5.68 -0.016207431081654
5.69 -0.024273139487139
5.7 -0.028734550908766
5.71 -0.028919241712218
5.72 -0.025563639728381
5.73 -0.023324996496356
5.74 -0.022921063188831
5.75 -0.02482793236445
5.76 -0.029056271803073
5.77 -0.034735350761704
5.78 -0.040571910271055
5.79 -0.045468591585479
5.8 -0.048769973357173
5.81 -0.050281697541097
5.82 -0.050929906850783
5.83 -0.051381423542808
5.84 -0.051563141833431
5.85 -0.051946157353121
5.86 -0.051950423372398
5.87 -0.051710198701224
5.88 -0.052371010181294
5.89 -0.050768082463137
5.9 -0.048497865438278
5.91 -0.045745182002938
5.92 -0.042341118233528
5.93 -0.038255223379745
5.94 -0.033940260046413
5.95 -0.02917658034819
5.96 -0.02367014933698
5.97 -0.018922576901547
5.98 -0.015001892643944
5.99 -0.01125037635893
6.0 -0.008152920817044
6.01 -0.005270880562729
6.02 -0.003361327476195
6.03 -0.002173948538905
6.04 -0.002378828846838
6.05 -0.002712809674948
6.06 -0.002452926100009
6.07 -0.002027994381358
6.08 -0.00086803722212
6.09 0.000122802307759
6.1 0.001171697851045
6.11 -0.012970475413238
6.12 -0.021809769562429
6.13 -0.006460984683207
6.14 0.001848890109971
6.15 -0.006935704928039
6.16 -0.008035297818624
6.17 0.004764587193806
6.18 0.008256670662619
6.19 0.007099167981739
6.2 0.009682578561354
6.21 0.051677693149357
6.22 0.056695244524529
6.23 0.05169190690494
6.24 0.057156552004795
6.25 0.070812399256303
6.26 0.062383053009055
6.27 0.049188233682568
6.28 0.04213278871629
6.29 0.04189712544301
6.3 0.043493671591375
6.31 0.044597651249242
6.32 0.045187312617448
6.33 0.045375176809022
6.34 0.04483885439106
6.35 0.043155353000329
6.36 0.040462847044687
6.37 0.037193821027987
6.38 0.033305713235113
6.39 0.029469565920878
6.4 0.025683818083902
6.41 0.022582092921451
6.42 0.01900066595609
6.43 0.013458884846636
6.44 -0.005562458556987
6.45 -0.03912093217795
6.46 -0.033034444326216
6.47 -0.005832035885639
6.48 -0.010252846356581
6.49 -0.011770708532436
6.5 0.008546749507944
6.51 0.007544178431984
6.52 0.008748424384405
6.53 0.010989485748549
6.54 0.013372951948364
6.55 0.016136255866646
6.56 0.018925276034975
6.57 0.021281885264887
6.58 0.022572947282863
6.59 0.022510337094572
6.6 0.020879140766535
6.61 0.018027148366551
6.62 0.014578008395096
6.63 0.011480750444352
6.64 0.009386612510481
6.65 0.008248941430288
6.66 0.008101024757788
6.67 0.009040796967843
6.68 0.010922577497139
6.69 0.013079996763926
6.7 0.01578078977606
6.71 0.01812957968899
6.72 0.019549718432784
6.73 0.020416162255333
6.74 0.021048690957628
6.75 0.021888321962479
6.76 0.021842016305963
6.77 0.021138515749043
6.78 0.019607624960124
6.79 0.016724647717379
6.8 0.013023722533894
6.81 0.009322636877529
6.82 0.005825933137448
6.83 0.00251846279231
6.84 -0.000244605699583
6.85 -0.000853402942425
6.86 -0.000632188389579
6.87 0.000152431412636
6.88 0.001770700576634
6.89 0.003996129047276
6.9 0.006247838190753
6.91 0.008774204065173
6.92 0.011600143117559
6.93 0.014376741409342
6.94 0.016872466568656
6.95 0.019362748338531
6.96 0.022431961187665
6.97 0.02565799634869
6.98 0.02891945709378
6.99 0.031789275072164
7.0 0.034397260598871
7.01 0.036577907042641
7.02 0.037977530255791
7.03 0.037614773183582
7.04 0.035303551618873
7.05 0.031428069892828
7.06 0.026407675501754
7.07 0.021597320116006
7.08 0.018077648575985
7.09 0.016479093224802
7.1 0.016757703922569
7.11 0.019185282424443
7.12 0.023464882470538
7.13 0.029601801577576
7.14 0.036419682839203
7.15 0.042440849853314
7.16 0.046760910579848
7.17 0.049814674214297
7.18 0.051704022255854
7.19 0.052044503153587
7.2 0.05056203159322
7.21 0.046895811692279
7.22 0.040798956894602
7.23 0.03127604031954
7.24 0.019042709922981
7.25 0.000314280212193
7.26 -0.017454848803094
7.27 -0.055420316699379
7.28 -0.124465925560881
7.29 -0.149498274758775
7.3 -0.15349352193484
7.31 -0.149230346964586
7.32 -0.103623094904691
7.33 -0.074931658058347
7.34 -0.077685429655097
7.35 -0.08469810544083
7.36 -0.083590787935604
7.37 -0.079692572501972
7.38 -0.077207770353754
7.39 -0.075842228954663
7.4 -0.075448139895603
7.41 -0.074681237104917
7.42 -0.073358356032776
7.43 -0.072038773745812
7.44 -0.070852855413489
7.45 -0.070159518602461
7.46 -0.069701370020583
7.47 -0.068944369602299
7.48 -0.067500063899814
7.49 -0.065048703936138
7.5 -0.061723479419799
7.51 -0.057222023452126
7.52 -0.051762810384791
7.53 -0.045806498404103
7.54 -0.039429854080419
7.55 -0.032451573449107
7.56 -0.021770551462562
7.57 -0.010297686313457
7.58 0.017032101553676
7.59 0.087257275823306
7.6 0.111449430825804
7.61 0.114410732048931
7.62 0.111380729582036
7.63 0.093999307492229
7.64 0.057780362423808
7.65 0.055275444625563
7.66 0.059358992512702
7.67 0.055014868183818
7.68 0.051429148180882
7.69 0.051942404843107
7.7 0.054215277543916
7.71 0.055808606863702
7.72 0.055440299208125
7.73 0.053809480572692
7.74 0.051531804159781
7.75 0.048950455592748
7.76 0.046389385297429
7.77 0.043695633068762
7.78 0.040512124845061
7.79 0.036709995548265
7.8 0.032684349372678
7.81 0.02816740465808
7.82 0.023510146778816
7.83 0.018192256998464
7.84 0.010127163951181
7.85 -0.002235406184344
7.86 -0.074529961057042
7.87 -0.109599753935196
7.88 -0.088435416739779
7.89 -0.052377273181088
7.9 -0.048738431322757
7.91 -0.052727066229345
7.92 -0.055370508458356
7.93 -0.056660785573761
7.94 -0.057127131926318
7.95 -0.057442740616552
7.96 -0.05814056351771
7.97 -0.059086107838179
7.98 -0.059982861943094
7.99 -0.060514695709525
8.0 -0.06093780337212
8.01 -0.060788279080947
8.02 -0.059540225397455
8.03 -0.059079931454238
8.04 -0.057811811554056
8.05 -0.055880412508049
8.06 -0.053767927260093
8.07 -0.052267926321875
8.08 -0.051227064442794
8.09 -0.050362727660808
8.1 -0.049381504480608
8.11 -0.04820136658539
8.12 -0.047402373887127
8.13 -0.047622656511617
8.14 -0.0487634342211
8.15 -0.050338080745091
8.16 -0.052653576170215
8.17 -0.055090504349029
8.18 -0.056321168578064
8.19 -0.056996481893864
8.2 -0.056005315268657
8.21 -0.053258224438047
8.22 -0.049219198301138
8.23 -0.044259328102647
8.24 -0.037552290054931
8.25 -0.023150883631233
8.26 -0.009396193424868
8.27 0.002913331533304
8.28 0.014185205500923
8.29 0.02535741378567
8.3 0.035461027723327
8.31 0.044282080794421
8.32 0.050278091432764
8.33 0.054282860199106
8.34 0.056086956959197
8.35 0.056900805754236
8.36 0.087652321253936
8.37 0.092731534455191
8.38 0.093590002339404
8.39 0.101485502784596
8.4 0.116708660640208
8.41 0.097806420904933
8.42 0.082231886571154
8.43 0.07371120116859
8.44 0.072746029953356
8.45 0.072680549313452
8.46 0.073097464647893
8.47 0.073883946331778
8.48 0.075612809148485
8.49 0.076488685026753
8.5 0.074814814019082
8.51 0.072924627695094
8.52 0.071292233187775
8.53 0.069803346573705
8.54 0.068430988003409
8.55 0.067461593245965
8.56 0.066642598431556
8.57 0.065630747659604
8.58 0.063959893663471
8.59 0.061483924023505
8.6 0.057227570575898
8.61 0.051646761693703
8.62 0.045196983867824
8.63 0.037700333173762
8.64 0.027767426576492
8.65 0.016179949758698
8.66 0.003830853077277
8.67 -0.009157927676125
8.68 -0.046287798959156
8.69 -0.108599777671383
8.7 -0.12826952865055
8.71 -0.129851161706021
8.72 -0.102604532951198
8.73 -0.071895672854767
8.74 -0.081467182508831
8.75 -0.099161814881038
8.76 -0.077030829898668
8.77 -0.066365202029286
8.78 -0.065404037547011
8.79 -0.069262682907988
8.8 -0.073362764349712
8.81 -0.0756332816768
8.82 -0.076540377305349
8.83 -0.076565884131512
8.84 -0.075858414690948
8.85 -0.074379582467935
8.86 -0.072250842330748
8.87 -0.069298275187727
8.88 -0.065495939169988
8.89 -0.060935920263687
8.9 -0.055923972842147
8.91 -0.050653028259702
8.92 -0.044620735648201
8.93 -0.038262041384863
8.94 -0.031788094591247
8.95 -0.024399275686348
8.96 -0.015229778175425
8.97 -0.00502791226058
8.98 0.006961089590515
8.99 0.023675333675668
9.0 0.096567895309887
9.01 0.125795413793129
9.02 0.104886465981291
9.03 0.064346292469996
9.04 0.061357046526147
9.05 0.076590408722009
9.06 0.08187037050801
9.07 0.077377958988423
9.08 0.069324801745794
9.09 0.063309888479239
9.1 0.059087726979548
9.11 0.055924003816459
9.12 0.052934607475579
9.13 0.050168482672268
9.14 0.047874056763275
9.15 0.045867362732456
9.16 0.044325397768357
9.17 0.043580202032142
9.18 0.043756951772669
9.19 0.044760037790425
9.2 0.045986681748795
9.21 0.047395982027639
9.22 0.048645132862386
9.23 0.049422033964185
9.24 0.049269377045211
9.25 0.047583955914826
9.26 0.044139660762325
9.27 0.03805283928045
9.28 0.02957650654716
9.29 0.018601753513618
9.3 0.00555516769508
9.31 -0.009391725953477
9.32 -0.025644271926421
9.33 -0.041295233965069
9.34 -0.072266210245526
9.35 -0.123382201459328
9.36 -0.130160248997234
9.37 -0.075373504217939
9.38 -0.06595483287566
9.39 -0.080196475998905
9.4 -0.102303306747891
9.41 -0.105362669740854
9.42 -0.098088558685665
9.43 -0.086778633774944
9.44 -0.076817231642459
9.45 -0.069727380080098
9.46 -0.065221007708686
9.47 -0.062297856352031
9.48 -0.060456840253366
9.49 -0.058640506950894
9.5 -0.056907821663965
9.51 -0.055949749590035
9.52 -0.055040535895395
9.53 -0.054188791533075
9.54 -0.052928865252365
9.55 -0.052613545353388
9.56 -0.053686392002218
9.57 -0.05404305571393
9.58 -0.054515411139539
9.59 -0.05410023326617
9.6 -0.053911842106628
9.61 -0.053629823005176
9.62 -0.051864141889832
9.63 -0.049783088311478
9.64 -0.046634735444005
9.65 -0.042416752126182
9.66 -0.036724460187722
9.67 -0.029187623616653
9.68 -0.019739403240992
9.69 -0.007066999584597
9.7 0.007861853916063
9.71 0.023627368953134
9.72 0.094025995343955
9.73 0.127255918029494
9.74 0.134566240368177
9.75 0.122429825134353
9.76 0.075883165693515
9.77 0.06897196646882
9.78 0.086874286247629
9.79 0.084255119351713
9.8 0.075480921675511
9.81 0.069274743854148
9.82 0.067477055319522
9.83 0.067440195608966
9.84 0.06705937379283
9.85 0.066385144989128
9.86 0.065171126268628
9.87 0.063331940718465
9.88 0.060957034343577
9.89 0.058390467380548
9.9 0.056234455724053
9.91 0.054925766177714
9.92 0.05464959584804
9.93 0.055061644946489
9.94 0.055639491304963
9.95 0.055804464479158
9.96 0.055139439781772
9.97 0.052956304292521
9.98 0.048666421559608
9.99 0.042818823816605
10.0 0.033830472239692
10.01 0.023301770066969
10.02 0.011375180530566
10.03 -0.002085887216656
10.04 -0.023075902027227
10.05 -0.078140913525233
10.06 -0.103983422439215
10.07 -0.11021284293814
10.08 -0.078255422023127
10.09 -0.042269694266908
10.1 -0.046083528782503
10.11 -0.07782303705526
10.12 -0.064509460071208
10.13 -0.046959986601056
10.14 -0.036384474506563
10.15 -0.030071551469525
10.16 -0.02547931313825
10.17 -0.021304234504111
10.18 -0.017743660924238
10.19 -0.015562274100908
10.2 -0.014757485195491
10.21 -0.0155939542464
10.22 -0.01708336282071
10.23 -0.018840854316424
10.24 -0.020031222865128
10.25 -0.018938719730876
10.26 -0.014814906512196
10.27 -0.008848329466941
10.28 0.020988287123782
10.29 0.070126923382413
10.3 0.085362325563049
10.31 0.06911657725851
10.32 0.035703654652282
10.33 0.029890223612367
10.34 0.033960963258255
10.35 0.040060350654616
10.36 0.043958352108804
10.37 0.042102262580867
10.38 0.041721158604303
10.39 0.041726544436719
10.4 0.044206007657892
10.41 0.045929925580863
10.42 0.044592197354179
10.43 0.044556664588719
10.44 0.042918808548764
10.45 0.043371738045148
10.46 0.04296587698788
10.47 0.040393003750224
10.48 0.037920042513781
10.49 0.035722034313762
10.5 0.031855167773501
10.51 0.028021338310069
10.52 0.023560905542204
10.53 0.019114530269989
10.54 0.014968056995899
10.55 0.010674518512935
10.56 0.005960243439416
10.57 0.000114784600566
10.58 -0.005483568572852
10.59 -0.01000366428994
10.6 -0.012582229026553
10.61 -0.015615319064033
10.62 -0.019250229229903
10.63 -0.030314808701492
10.64 -0.046410425502732
10.65 -0.046812597871083
10.66 -0.051652615267833
10.67 -0.066327124792792
10.68 -0.067528440914663
10.69 -0.054011510992623
10.7 -0.047706798724421
10.71 -0.043791477558683
10.72 -0.04486584606716
10.73 -0.047722463936698
10.74 -0.046769794644948
10.75 -0.043189990574572
10.76 -0.039494115100654
10.77 -0.036956403034985
10.78 -0.035068498316139
10.79 -0.033734058896312
10.8 -0.032744458958162
10.81 -0.031853931586839
10.82 -0.030293280505553
10.83 -0.028260517774126
10.84 -0.025566587958276
10.85 -0.022921896733195
10.86 -0.0206711280578
10.87 -0.019227970593101
10.88 -0.018471983359404
10.89 -0.018180339381206
10.9 -0.018824909206042
10.91 -0.019747079603718
10.92 -0.021174365177285
10.93 -0.023254241236398
10.94 -0.025505170656387
10.95 -0.027192849431143
10.96 -0.028105877700643
10.97 -0.028070876950717
10.98 -0.026837100360861
10.99 -0.025073016095645
11.0 -0.023210608806339
11.01 -0.021375999679692
11.02 -0.0194495365023
11.03 -0.016894338547549
11.04 -0.014857599497449
11.05 -0.012736076841256
11.06 -0.010579005226449
11.07 -0.008830254385989
11.08 -0.007532341904966
11.09 -0.006358571670274
11.1 -0.005210760480187
11.11 -0.004178247508844
11.12 -0.002675384590624
11.13 0.000380241790134
11.14 0.005460017426752
11.15 0.011938733182789
11.16 0.019017750175384
11.17 0.038900836746297
11.18 0.079214900989153
11.19 0.063186258044562
11.2 0.055722178959182
11.21 0.073464947880127
11.22 0.091168875510495
11.23 0.077079015872598
11.24 0.067080247671754
11.25 0.064874121854327
11.26 0.066658484376649
11.27 0.068127388212999
11.28 0.067845065815444
11.29 0.065530357916234
11.3 0.063053305916537
11.31 0.060971128622352
11.32 0.059583418655912
11.33 0.058527425685966
11.34 0.057464245286433
11.35 0.057914156331405
11.36 0.059181658934157
11.37 0.06112547271929
11.38 0.062673231796625
11.39 0.062889582722089
11.4 0.061925008656307
11.41 0.059718258502319
11.42 0.056929882423455
11.43 0.052985554986671
11.44 0.049296635574953
11.45 0.045994691134517
11.46 0.042601183298024
11.47 0.038855446628256
11.48 0.034944898919589
11.49 0.03008893084224
11.5 0.024347156611459
11.51 0.01656885206849
11.52 0.007532496116088
11.53 -0.002580529905441
11.54 -0.020702078751775
11.55 -0.084090575325367
11.56 -0.108102929410536
11.57 -0.110766752080294
11.58 -0.079009939177482
11.59 -0.046881823244
11.6 -0.055840723985774
11.61 -0.085922468161426
11.62 -0.06674074178253
11.63 -0.053871669842247
11.64 -0.04776747946947
11.65 -0.047058856749687
11.66 -0.046373806370478
11.67 -0.043549140525272
11.68 -0.03906351083937
11.69 -0.034155511502669
11.7 -0.029574129910257
11.71 -0.02555513294864
11.72 -0.022199007629678
11.73 -0.019460324267666
11.74 -0.017482151855985
11.75 -0.015281342375778
11.76 -0.012592493907571
11.77 -0.007920823783811
11.78 -0.001406706351797
11.79 0.006100323541932
11.8 0.01699434551415
11.81 0.056137092919225
11.82 0.048648472268779
11.83 0.048379665491564
11.84 0.056694284815896
11.85 0.05731670266784
11.86 0.051817860930733
11.87 0.048783316491257
11.88 0.048488817054429
11.89 0.049749565807831
11.9 0.052119760169012
11.91 0.053934054381439
11.92 0.054108468580966
11.93 0.054117394944427
11.94 0.055867332847867
11.95 0.059944348071344
11.96 0.062101143637845
11.97 0.063210205482424
11.98 0.063354921561706
11.99 0.062265309319403
12.0 0.06052028053811
12.01 0.058313393762307
12.02 0.056619064763124
12.03 0.053781850712347
12.04 0.051394847846941
12.05 0.049493761922217
12.06 0.047985465080541
12.07 0.046961998330477
12.08 0.046171560708896
12.09 0.045528178169146
12.1 0.044740348531722
12.11 0.04345695054443
12.12 0.043817291905093
12.13 0.037851412703398
12.14 0.032277632603933
12.15 0.027090686342671
12.16 0.022219392882117
12.17 0.017472843409384
12.18 0.012355225258672
12.19 0.006910427802016
12.2 0.00071826964865
12.21 -0.00551319602414
12.22 -0.012608945942124
12.23 -0.019948043999394
12.24 -0.02659832854206
12.25 -0.065931573661866
12.26 -0.106188454990724
12.27 -0.114152883173703
12.28 -0.067056804228118
12.29 -0.044554535060484
12.3 -0.057339647598404
12.31 -0.080577208325765
12.32 -0.066270795064109
12.33 -0.057590312334364
12.34 -0.054163797670125
12.35 -0.054143963766004
12.36 -0.053726690784113
12.37 -0.051737968240016
12.38 -0.048805861648116
12.39 -0.045887593335288
12.4 -0.043359193152014
12.41 -0.041188171844895
12.42 -0.039310538007354
12.43 -0.037725398421696
12.44 -0.036311355974469
12.45 -0.034935078927287
12.46 -0.033577090182317
12.47 -0.031841236619719
12.48 -0.029633583228
12.49 -0.027036036934799
12.5 -0.02374456051654
12.51 -0.019987445958046
12.52 -0.015836057012488
12.53 -0.011645273760061
12.54 -0.006630113586065
12.55 -0.001319198545346
12.56 0.004072797132392
12.57 0.00884305220128
12.58 0.018229114829451
12.59 0.042897258846238
12.6 0.027754583190204
12.61 0.01663097468896
12.62 0.019983075860959
12.63 0.012876007422411
12.64 0.01174619340583
12.65 0.013118506241525
12.66 0.021485116894412
12.67 0.035181446363883
12.68 0.035367476759105
12.69 0.034815211861729
12.7 0.030296424445534
12.71 0.0234985758357
12.72 0.022997249502506
12.73 0.025878602239215
12.74 0.026870135611894
12.75 0.026025257973322
12.76 0.024200159995514
12.77 0.021757939637771
12.78 0.018931329478329
12.79 0.016393137673924
12.8 0.014492852469911
12.81 0.013440154695065
12.82 0.01286437514518
12.83 0.011911603950021
12.84 0.009681153494927
12.85 -0.015811439304365
12.86 -0.024691566468131
12.87 -0.019599204489751
12.88 -0.01814197659812
12.89 -0.017824397356074
12.9 -0.017376933933679
12.91 -0.016581915775161
12.92 -0.02012009599581
12.93 -0.022723960173522
12.94 -0.021031766290589
12.95 -0.019408259081065
12.96 -0.017971612449601
12.97 -0.016759317185274
12.98 -0.016010724299659
12.99 -0.015883956970733
13.0 -0.016729740967635
13.01 -0.017868308555158
13.02 -0.018662373810501
13.03 -0.01875896538311
13.04 -0.018314713934256
13.05 -0.017685366345711
13.06 -0.017067062709521
13.07 -0.016625778271554
13.08 -0.016043173821435
13.09 -0.015083867510707
13.1 -0.013794396672058
13.11 -0.012139106294913
13.12 -0.010191976332578
13.13 -0.008567716287886
13.14 -0.007065775392823
13.15 -0.004621367226967
13.16 -0.001602695668199
13.17 0.00116773256591
13.18 0.003625805948563
13.19 0.027712809949297
13.2 0.045990859262523
13.21 0.041751967550998
13.22 0.020085687979661
13.23 0.017094220761524
13.24 0.02210326235487
13.25 0.014683429718855
13.26 -0.006873571374648
13.27 -0.015507889358964
13.28 -0.016982944942819
13.29 -0.013377008385318
13.3 -0.008197866461116
13.31 -0.0141921046951
13.32 -0.013666863565844
13.33 -0.013032162404211
13.34 -0.012380888611277
13.35 -0.011749737499263
13.36 -0.011262810174427
13.37 -0.011081460223805
13.38 -0.011182530992376
13.39 -0.011623536541455
13.4 -0.012449610477225
13.41 -0.01363045827561
13.42 -0.015101938887142
13.43 -0.016830168346919
13.44 -0.018753428298713
13.45 -0.020579000442989
13.46 -0.02224486147752
13.47 -0.023711008229598
13.48 -0.024797677620322
13.49 -0.025408921730129
13.5 -0.025513477886856
13.51 -0.02532277898852
13.52 -0.024856049438231
13.53 -0.023986094903094
13.54 -0.022726877739394
13.55 -0.021133291725357
13.56 -0.019183300339222
13.57 -0.016875613471202
13.58 -0.014111715901784
13.59 -0.01140738682743
13.6 -0.00836669485188
13.61 -0.004650477533119
13.62 -0.001003973300597
13.63 0.0061613241632
13.64 0.02766220455173
13.65 0.025650655386814
13.66 -0.003265561564691
13.67 -0.002842333168212
13.68 -0.00259824166208
13.69 -0.00252716447817
13.7 -0.002749106423344
13.71 -0.003170183843242
13.72 -0.003753003891907
13.73 -0.004414862090086
13.74 -0.005356512889133
13.75 -0.006768816999116
13.76 -0.008642032627837
13.77 -0.010700649759101
13.78 -0.012685429119391
13.79 -0.014333113201792
13.8 -0.01560411994214
13.81 -0.016690005458328
13.82 -0.017560575332498
13.83 -0.018160984317765
13.84 -0.018338061157439
13.85 -0.018216678758537
13.86 -0.017902107460273
13.87 -0.017541224793878
13.88 -0.017237053595948
13.89 -0.017103675399838
13.9 -0.017121258298634
13.91 -0.017077387644973
13.92 -0.016902559949858
13.93 -0.016588813904417
13.94 -0.016070865655511
13.95 -0.015178376606434
13.96 -0.013942000138574
13.97 -0.01221490888749
13.98 -0.00998715214329
13.99 -0.007338357032963
14.0 -0.004185438164509
14.01 0.000166026862799
14.02 0.005229619681098
14.03 0.01032345033553
14.04 0.025231119468278
14.05 0.056100524749142
14.06 0.067786511150959
14.07 0.036079351981586
14.08 0.027409806812918
14.09 0.048682806594371
14.1 0.058758505287106
14.11 0.03826713557734
14.12 0.025512601032988
14.13 0.024297803427266
14.14 0.028837308508048
14.15 0.029967930258829
14.16 0.025023573354719
14.17 0.012433624045094
14.18 -0.018669146074466
14.19 -0.015125233822453
14.2 0.001779301534751
14.21 -0.003899698756505
14.22 -0.008446536042426
14.23 -0.007849069676006
14.24 -0.007392366054847
14.25 -0.006052541515627
14.26 -0.005721363962344
14.27 -0.006195122848156
14.28 -0.005956900288287
14.29 -0.004925103744805
14.3 -0.003331403608216
14.31 0.003007076070222
14.32 0.016369573536202
14.33 0.019544657967137
14.34 0.01868006465335
14.35 0.017069867594769
14.36 0.013905404657763
14.37 0.013798352947446
14.38 0.013389630321568
14.39 0.012177850272206
14.4 0.009644999416452
14.41 0.005727945543725
14.42 -0.002017115472587
14.43 -0.03773451520692
14.44 -0.03023536262392
14.45 -0.019885536140205
14.46 -0.024108892802061
14.47 -0.025458983938994
14.48 -0.02415421844719
14.49 -0.024796163106026
14.5 -0.025299074852372
14.51 -0.024703699095723
14.52 -0.023846315247519
14.53 -0.023911125559675
14.54 -0.024988118503569
14.55 -0.026090368650891
14.56 -0.026468374679331
14.57 -0.025951266529108
14.58 -0.025151836263689
14.59 -0.024718097626209
14.6 -0.027571995297064
14.61 -0.029770398085203
14.62 -0.0312061993401
14.63 -0.031975147695165
14.64 -0.032452410042124
14.65 -0.03278029464122
14.66 -0.033142014111174
14.67 -0.032176788494107
14.68 -0.030573173069421
14.69 -0.029019840785761
14.7 -0.027576776990394
14.71 -0.026208663695233
14.72 -0.025124494816477
14.73 -0.024309872661659
14.74 -0.023762232662679
14.75 -0.023471990999427
14.76 -0.023403775830364
14.77 -0.023589340072766
14.78 -0.024083735052338
14.79 -0.024948004400716
14.8 -0.025991311760248
14.81 -0.027081984686779
14.82 -0.028115978167139
14.83 -0.029111700754763
14.84 -0.029946292700899
14.85 -0.030497429056373
14.86 -0.030568294404074
14.87 -0.030039067245886
14.88 -0.028828940892444
14.89 -0.026946731454791
14.9 -0.024299859074299
14.91 -0.020867265714438
14.92 -0.017080953375646
14.93 -0.012581489838769
14.94 -0.006962537655455
14.95 -0.000621552952494
14.96 0.005500278338933
14.97 0.012275492513765
14.98 0.0461967872953
14.99 0.067011104946527
15.0 0.051211352789096
15.01 0.022645704215441
15.02 0.033212867772867
15.03 0.059693947611908
15.04 0.051840768801427
15.05 0.032077092266149
15.06 0.021733055290136
15.07 0.022434355727744
15.08 0.030589589398239
15.09 0.030977460216932
15.1 0.027023992266192
15.11 0.021321871719621
15.12 0.017467993431836
15.13 0.015476317130241
15.14 0.01422806825124
15.15 0.011772994301144
15.16 -0.010109307853599
15.17 -0.018737900580635
15.18 -0.002746015830237
15.19 -0.006445813948389
15.2 -0.011805270821492
15.21 -0.012840155202709
15.22 -0.014245603717365
15.23 -0.013021257846407
15.24 -0.012387429970935
15.25 -0.013466759368925
15.26 -0.014467993324561
15.27 -0.014579453322761
15.28 -0.014201059093856
15.29 -0.013726645176247
15.3 -0.013140962747056
15.31 -0.012455374527005
15.32 -0.01125258853318
15.33 -0.010036670535963
15.34 -0.00886911338296
15.35 -0.00777270156106
15.36 -0.006727340851542
15.37 -0.005083835643466
15.38 0.012339812301584
15.39 0.02303894213312
15.4 0.010546007063337
15.41 0.004029623896073
15.42 0.002717169641499
15.43 0.002863040138757
15.44 0.002197768374225
15.45 0.000803884101995
15.46 -4.323233042e-05
15.47 0.000654839111501
15.48 0.002606010921098
15.49 0.004845068398333
15.5 0.006768125384879
15.51 0.008140767196893
15.52 0.009776747448787
15.53 0.010999789699889
15.54 0.011732157059244
15.55 0.011676962305574
15.56 0.010824555447272
15.57 0.009243508659064
15.58 -0.010778428711653
15.59 -0.021626546600866
15.6 0.010127950377686
15.61 0.017624886194729
15.62 0.017022057658613
15.63 0.014995122350972
15.64 0.013093831404968
15.65 0.012228043222466
15.66 0.012769696938799
15.67 0.014682687239037
15.68 0.017226223580866
15.69 0.019933154349717
15.7 0.022587346515905
15.71 0.024958213013937
15.72 0.027045166865391
15.73 0.02897237398954
15.74 0.030569377475772
15.75 0.030847888903916
15.76 0.030789576625196
15.77 0.030324803097685
15.78 0.029814716050616
15.79 0.028906922879929
15.8 0.027323117368487
15.81 0.025663291955161
15.82 0.023436818158787
15.83 0.021080373751115
15.84 0.018663987899993
15.85 0.016601723147728
15.86 0.014763807625764
15.87 0.013126722776725
15.88 0.011613424657069
15.89 0.010193375512678
15.9 0.008638114595326
15.91 0.007110671025241
15.92 0.004613203456873
15.93 0.000676446413444
15.94 -0.003602060783607
15.95 -0.007475415490653
15.96 -0.035144296008126
15.97 -0.059361584682036
15.98 -0.062875245629882
15.99 -0.03301012393393
16.0 -0.030618150227729
16.01 -0.054614571327573
16.02 -0.049791824689214
16.03 -0.032241484592339
16.04 -0.026744809439775
16.05 -0.033794913696824
16.06 -0.039696251425344
16.07 -0.035692981736702
16.08 -0.028154261349524
16.09 -0.021773189664785
16.1 -0.017793821372774
16.11 -0.01456244749324
16.12 0.000576379738355
16.13 0.029510488093526
16.14 0.018984027025483
16.15 0.014602989811554
16.16 0.013592767287766
16.17 0.012401528909191
16.18 0.011301237085397
16.19 0.010329676712108
16.2 0.009565561721967
16.21 0.008811593889575
16.22 0.010802277111253
16.23 0.013699603672021
16.24 0.014074871089727
16.25 0.014315608928045
16.26 0.014252034294785
16.27 0.013643585567159
16.28 0.01122317897993
16.29 0.009225121308631
16.3 0.010929021853657
16.31 0.00998302082431
16.32 0.009350708220859
16.33 0.009177814119857
16.34 0.009442899415777
16.35 0.009656548965947
16.36 0.010183361650934
16.37 0.010661101624869
16.38 0.010987708391455
16.39 0.011286936750387
16.4 0.012034960142306
16.41 0.013121326718222
16.42 0.014275210684811
16.43 0.015119468174685
16.44 0.016504016230737
16.45 0.017763681196711
16.46 0.019369810331767
16.47 0.021304379202589
16.48 0.023060513980565
16.49 0.024281944836082
16.5 0.025257605489201
16.51 0.025970786167217
16.52 0.026638967171696
16.53 0.02649643717924
16.54 0.025907101073955
16.55 0.024864596389556
16.56 0.023551303739837
16.57 0.022072249381663
16.58 0.020487228679626
16.59 0.018886958741527
16.6 0.017187274279178
16.61 0.0154753517828
16.62 0.013725890129212
16.63 0.012242650511521
16.64 0.010975438959554
16.65 0.010032252867585
16.66 0.009220308206664
16.67 0.008474796115587
16.68 0.007625577480729
16.69 0.00662416547144
16.7 0.004918253273755
16.71 0.002091137613125
16.72 -0.001267470042817
16.73 -0.004593893661169
16.74 -0.022827301023703
16.75 -0.054611021592995
16.76 -0.05098587583551
16.77 -0.02683365916912
16.78 -0.034804807469455
16.79 -0.05278026644749
16.8 -0.038520420473826
16.81 -0.026831638551832
16.82 -0.026046663183053
16.83 -0.02961760658492
16.84 -0.02981522634994
16.85 -0.025933408021824
16.86 -0.021264561606429
16.87 -0.017204236984074
16.88 -0.01351856280009
16.89 -0.006660167414312
16.9 0.028721477812303
16.91 0.026171080223438
16.92 0.01212482831007
16.93 0.012845082220239
16.94 0.013853861188877
16.95 0.012678743260326
16.96 0.011340137167276
16.97 0.009999906860769
16.98 0.008908786774601
16.99 0.008285999754462
17.0 0.008170507307252
17.01 0.008090454566173
17.02 0.007801812942909
17.03 0.006896800286236
17.04 0.005420930241711
17.05 0.002698812160281
17.06 0.002540830787881
17.07 0.003996672171245
17.08 0.003809489952198
17.09 0.003704384012464
17.1 0.003716132020877
17.11 0.003745054010935
17.12 0.004328421834324
17.13 0.005179414115054
17.14 0.005995692453477
17.15 0.006908954734154
17.16 0.007733205188597
17.17 0.008357715265251
17.18 0.008631408969141
17.19 0.00880021237337
17.2 0.008680346999492
17.21 0.008413015845685
17.22 0.008073180178239
17.23 0.007679375595429
17.24 0.005790465112826
17.25 0.003660548475671
17.26 0.003717344422386
17.27 0.005842929070592
17.28 0.004298854724176
17.29 0.002183635104116
17.3 0.003415157153932
17.31 0.003649315581986
17.32 0.001453337598345
17.33 0.000734257338566
17.34 0.001136533009214
17.35 -0.001032482972672
17.36 -0.004112009767063
17.37 -0.02194580974943
17.38 -0.038011548036549
17.39 -0.034169745111332
17.4 -0.031926168357011
17.41 -0.029461293879611
17.42 -0.027542855459927
17.43 -0.02697465741596
17.44 -0.027020501407314
17.45 -0.026759411151578
17.46 -0.025844077280156
17.47 -0.024802389532462
17.48 -0.02389808357916
17.49 -0.022859757462076
17.5 -0.021746353346094
17.51 -0.020849086372147
17.52 -0.020101879495434
17.53 -0.019569537106186
17.54 -0.018756719866104
17.55 -0.018253807258318
17.56 -0.017731677292167
17.57 -0.017137089236783
17.58 -0.016429369359938
17.59 -0.015467252809689
17.6 -0.014275058782051
17.61 -0.012312359594078
17.62 -0.009427930440193
17.63 -0.005901315541783
17.64 -0.000699434550905
17.65 0.006622175984123
17.66 0.054339334392093
17.67 0.076983910140413
17.68 0.043975984377046
17.69 0.022657899561345
17.7 0.039961233384229
17.71 0.045854698866436
17.72 0.039237644198192
17.73 0.035117949443599
17.74 0.033297128275414
17.75 0.030718609717471
17.76 0.027292772081661
17.77 0.024190109097981
17.78 0.022063533207353
17.79 0.020765553935556
17.8 0.02005090372074
17.81 0.019571363144378
17.82 0.01903077497672
17.83 0.018387153890566
17.84 0.017637386215455
17.85 0.016573457616132
17.86 0.01505884713756
17.87 0.012715866035368
17.88 0.008344123439212
17.89 -0.028154961529275
17.9 -0.044170161732719
17.91 -0.015352677415343
17.92 -0.008711874049405
17.93 -0.016527263242318
17.94 -0.019031345988368
17.95 -0.016599863516821
17.96 -0.014066701550408
17.97 -0.012287709158928
17.98 -0.011269248891312
17.99 -0.009598067256126
18.0 -0.007816678758154
18.01 -0.005976765344586
18.02 -0.003431856667042
18.03 0.000269463625353
18.04 0.020947027478692
18.05 0.052577935121527
18.06 0.035657818141567
18.07 0.027525032658535
18.08 0.025762136993577
18.09 0.024999688940751
18.1 0.024000901291882
18.11 0.023106300763562
18.12 0.022485140632734
18.13 0.021835487472543
18.14 0.022337679457658
18.15 0.023560049130966
18.16 0.022371676535565
18.17 0.020297512244991
18.18 0.018385370293239
18.19 0.016831758547593
18.2 0.015127466694577
18.21 0.013570990317538
18.22 0.012371115039108
18.23 0.011470613890459
18.24 0.01096689671188
18.25 0.01056687938687
18.26 0.010617861331871
18.27 0.010775577304887
18.28 0.011219192185487
18.29 0.011795529425318
18.3 0.012273343064251
18.31 0.01285981810405
18.32 0.013564495262108
18.33 0.01383690846375
18.34 0.013445974155844
18.35 0.012484634686703
18.36 0.011535279384878
18.37 0.010637517803488
18.38 0.009340490423039
18.39 0.007546486134096
18.4 0.005134566843433
18.41 0.001665441624221
18.42 -0.003104409334263
18.43 -0.040163362424015
18.44 -0.06227650391266
18.45 -0.045758048499351
18.46 -0.014049565203015
18.47 -0.029847026040867
18.48 -0.041498509688814
18.49 -0.031831676995181
18.5 -0.021001492245565
18.51 -0.018142856548692
18.52 -0.01762541950546
18.53 -0.014645101533596
18.54 -0.004094742472241
18.55 0.028117071329198
18.56 0.01820502582274
18.57 0.002715348512557
18.58 0.004277534673542
18.59 0.008608546700599
18.6 0.008109713533395
18.61 0.003964035926909
18.62 -0.002519637506915
18.63 -0.024187726044697
18.64 -0.0248303281268
18.65 -0.0193681899372
18.66 -0.017331816767713
18.67 -0.014939740635981
18.68 -0.011214320707056
18.69 0.0014789052974
18.7 0.019129714588899
18.71 0.005472973452689
18.72 -0.002186234107585
18.73 -0.011165820392752
18.74 -0.015137033105154
18.75 -0.015246085729881
18.76 -0.013520176770787
18.77 -0.01176589182676
18.78 -0.011071671047303
18.79 -0.011238588907006
18.8 -0.01194326317622
18.81 -0.012651190634572
18.82 -0.013067945257984
18.83 -0.013050229763358
18.84 -0.012661074240965
18.85 -0.012131050158008
18.86 -0.011478833268687
18.87 -0.010795199114186
18.88 -0.010043260231189
18.89 -0.009332259676008
18.9 -0.008671944294238
18.91 -0.00813473389706
18.92 -0.007637074875312
18.93 -0.007178797643017
18.94 -0.006802493892245
18.95 -0.006503110765755
18.96 -0.006315889327178
18.97 -0.006010655334128
18.98 -0.004977726101806
18.99 -0.003005825864802
19.0 0.001253854713608
19.01 0.038206861522654
19.02 0.054464858703593
19.03 0.028336568437086
19.04 0.016278564939512
19.05 0.030047018355406
19.06 0.02973043207509
19.07 0.022962311977089
19.08 0.021369515149022
19.09 0.020601415631203
19.1 0.018508708221287
19.11 0.016066828407473
19.12 0.01327305438811
19.13 0.006214948826339
19.14 -0.029324391924165
19.15 -0.029562523454946
19.16 -0.021998509463521
19.17 -0.020574421282261
19.18 -0.019418319199832
19.19 -0.018475758017509
19.2 -0.017482571152849
19.21 -0.020532276299746
19.22 -0.020267303421185
19.23 -0.018459496465526
19.24 -0.016730678011837
19.25 -0.015290699174136
19.26 -0.014211491761575
19.27 -0.01349186520041
19.28 -0.012894745461804
19.29 -0.012429873237136
19.3 -0.012090534860859
19.31 -0.011747745877705
19.32 -0.011324850614063
19.33 -0.010865988469012
19.34 -0.01062895505284
19.35 -0.010633958139204
19.36 -0.010695100797868
19.37 -0.010784116794574
19.38 -0.010772357373614
19.39 -0.010385497222698
19.4 -0.009393025106857
19.41 -0.007720327403324
19.42 -0.004676066691274
19.43 -0.000221024569311
19.44 0.007666442723738
19.45 0.03839819139458
19.46 0.051288843359474
19.47 0.02917416605702
19.48 0.026184237567142
19.49 0.042025262669617
19.5 0.042242771210088
19.51 0.030747573619438
19.52 0.025451023656802
19.53 0.025190176684064
19.54 0.025221136566727
19.55 0.023814869659301
19.56 0.022086364776879
19.57 0.020943627978233
19.58 0.020405831531828
19.59 0.020309165236923
19.6 0.020443507155434
19.61 0.020491987032155
19.62 0.020123999042545
19.63 0.019360513617179
19.64 0.018333103505022
19.65 0.017055626952141
19.66 0.015553989197466
19.67 0.013800679842255
19.68 0.012105058725612
19.69 0.010644547882006
19.7 0.009639060647347
19.71 0.00934959623975
19.72 0.009563842969743
19.73 0.010233409747852
19.74 0.011273736941401
19.75 0.012422938503939
19.76 0.013732211257126
19.77 0.015057447558175
19.78 0.016164078428496
19.79 0.016712162459832
19.8 0.016704492457392
19.81 0.016414314261595
19.82 0.015628485454636
19.83 0.014229204698957
19.84 0.012420002624185
19.85 0.01048028457129
19.86 0.008435944188952
19.87 0.006186153881159
19.88 0.00349490676409
19.89 0.000748791480403
19.9 -0.002825981143675
19.91 -0.007343617883387
19.92 -0.040848932505987
19.93 -0.063040942792615
19.94 -0.027337870951906
19.95 -0.015878716848787
19.96 -0.042234782900256
19.97 -0.043444419173893
19.98 -0.026340207411115
19.99 -0.024105640069691
20.0 -0.028289335764062
20.01 -0.02828956895964
20.02 -0.023725115942151
20.03 -0.019727100008603
20.04 -0.01807456486142
20.05 -0.018139297733707
20.06 -0.018954141158383
20.07 -0.019663106114307
20.08 -0.019654462463649
20.09 -0.018634217630406
20.1 -0.017285602704032
20.11 -0.015761235627792
20.12 -0.014590483345013
20.13 -0.013570633224374
20.14 -0.012793289593778
20.15 -0.011974205083367
20.16 -0.01120852926735
20.17 -0.010441452181801
20.18 -0.009550229525933
20.19 -0.008377471754417
20.2 -0.006724129248991
20.21 -0.004040635535755
20.22 0.008340974055421
20.23 0.028222893380607
20.24 0.020513004114744
20.25 0.009183812190397
20.26 0.024447370670317
20.27 0.026708949617801
20.28 0.015199298680468
20.29 0.013486983032715
20.3 0.018015511695658
20.31 0.018191143887461
20.32 0.01497836776388
20.33 0.012329676620144
20.34 0.007485382750666
20.35 -0.016961044435171
20.36 -0.016378947076254
20.37 -0.010753964434207
20.38 -0.009053794768151
20.39 -0.008876277558687
20.4 -0.00882874808078
20.41 -0.010213283128977
20.42 -0.009440255816516
20.43 -0.008728136461283
20.44 -0.008303938747026
20.45 -0.008218864837371
20.46 -0.008266345305484
20.47 -0.008395359627755
20.48 -0.008473754200579
20.49 -0.008420094142764
20.5 -0.008320370028403
20.51 -0.008118777497762
20.52 -0.007691420051246
20.53 -0.007227833972055
20.54 -0.006928838900024
20.55 -0.006800272992167
20.56 -0.006865290437234
20.57 -0.007019920134273
20.58 -0.007419432062305
20.59 -0.007932269498906
20.6 -0.008476584009566
20.61 -0.009011856891499
20.62 -0.009416226620205
20.63 -0.00948545989272
20.64 -0.009313443133664
20.65 -0.009001863696081
20.66 -0.008614888210604
20.67 -0.008159732941629
20.68 -0.007626803435113
20.69 -0.007162893533341
20.7 -0.006763162499409
20.71 -0.006410302333489
20.72 -0.006093072516932
20.73 -0.005816182157734
20.74 -0.005676103365026
20.75 -0.005605476253376
20.76 -0.005427566092225
20.77 -0.005110033743482
20.78 -0.004592277578561
20.79 -0.003850212813251
20.8 -0.002979842813369
20.81 -0.002002536993429
20.82 -0.000837068656122
20.83 0.000294267408274
20.84 0.001325983509715
20.85 0.002360800538054
20.86 0.002927629676721
20.87 0.002772831781731
20.88 0.002303747667713
20.89 0.001668388807382
20.9 0.00065614026685
20.91 -0.001825301251163
20.92 -0.000829919720839
20.93 -0.00112379529781
20.94 -0.001574468592012
20.95 -0.00176863474233
20.96 -0.001788849877976
20.97 -0.001662468881195
20.98 -0.001329186039765
20.99 -0.000546949067873
21.0 0.003422243130255
21.01 0.027679711647672
21.02 0.03196243245072
21.03 0.010891387715173
21.04 0.003783976188781
21.05 -0.006045248549737
21.06 -0.013179390773886
21.07 -0.011859381476602
21.08 -0.005647971278007
21.09 -0.005051093234967
21.1 -0.003931255288054
21.11 -0.001667414309648
21.12 -0.003155612666671
21.13 -0.002627859572923
21.14 -0.002170505400862
21.15 -0.002008681336024
21.16 -0.002205471082326
21.17 -0.002651442038114
21.18 -0.00315657112081
21.19 -0.003730391405765
21.2 -0.004231555278659
21.21 -0.004620216101928
21.22 -0.004890417637177
21.23 -0.004945102641983
21.24 -0.004803562231225
21.25 -0.004471574819686
21.26 -0.004056940693862
21.27 -0.003674759940006
21.28 -0.003392499123725
21.29 -0.003217505440869
21.3 -0.003246749177802
21.31 -0.005013503398053
21.32 -0.004732317082399
21.33 -0.002922899319004
21.34 -0.00346171517309
21.35 -0.004288951849672
21.36 -0.003518188419569
21.37 -0.003502174255828
21.38 -0.002552126549507
21.39 -0.000594718436721
21.4 0.025577058058677
21.41 0.027162440790313
21.42 0.018989320271708
21.43 0.019686312408663
21.44 0.018879478853775
21.45 0.016982861945004
21.46 0.016108228502413
21.47 0.015627339532469
21.48 0.015055762934647
21.49 0.01435215024528
21.5 0.01367250089272
21.51 0.013014750082083
21.52 0.012127456439195
21.53 0.011284122593879
21.54 0.010266431274417
21.55 0.008592516229489
21.56 0.006492769563131
21.57 0.002478256458111
21.58 -0.032222605326335
21.59 -0.044492026360996
21.6 -0.014421320945001
21.61 -0.01026330489894
21.62 -0.019173794958737
21.63 -0.0173350055889
21.64 -0.011540258036115
21.65 0.008450855117615
21.66 0.021696483643916
21.67 0.016847519943599
21.68 0.015171190501256
21.69 0.013878475045643
21.7 0.013116837356539
21.71 0.011932070953045
21.72 0.010791533716552
21.73 0.009898165268557
21.74 0.00945514392807
21.75 0.009501597797481
21.76 0.00994097972989
21.77 0.010668322510647
21.78 0.011534120201244
21.79 0.01240499295771
21.8 0.013244860336304
21.81 0.013976446500134
21.82 0.014471042332088
21.83 0.0146836570961
21.84 0.014637080902781
21.85 0.014297235483951
21.86 0.013738262457506
21.87 0.013012159207139
21.88 0.012162531566618
21.89 0.011206159244516
21.9 0.010164344729938
21.91 0.009095175691745
21.92 0.007880304175949
21.93 0.006331173526708
21.94 0.004626916654493
21.95 0.002004011507373
21.96 -0.001665542504804
21.97 -0.020480816861158
21.98 -0.039508925633818
21.99 -0.034544644040664
22.0 -0.016634781568491
22.01 -0.027539328590072
22.02 -0.040912416913276
22.03 -0.029224308702101
22.04 -0.014001844919098
22.05 -0.014633463399098
22.06 -0.024626897504388
22.07 -0.022121261763437
22.08 -0.016097249921896
22.09 -0.01139598704195
22.1 -0.008187679513835
22.11 0.008577165663605
22.12 0.02512893489805
22.13 0.01614371827442
22.14 0.014642296590298
22.15 0.015615106843899
22.16 0.015226599212388
22.17 0.014179738667122
22.18 0.012831953139681
22.19 0.011525884844455
22.2 0.005988892059956
22.21 0.002431925122431
22.22 0.001059970677997
22.23 0.000905836200317
22.24 0.002795486907667
22.25 0.003599241951279
22.26 0.001240526553113
22.27 0.000555685062775
22.28 0.001182906878204
22.29 -0.001183563630808
22.3 -0.026045384042679
22.31 -0.028021574036671
22.32 -0.020862616038715
22.33 -0.0175689351333
22.34 -0.016062171896813
22.35 -0.016140223281375
22.36 -0.0166050297742
22.37 -0.016666672488527
22.38 -0.016064104621363
22.39 -0.015143408962419
22.4 -0.014508947895871
22.41 -0.014411107808165
22.42 -0.014608826824906
22.43 -0.014765871498965
22.44 -0.014842027524831
22.45 -0.014781805133148
22.46 -0.014641108704217
22.47 -0.014240558329083
22.48 -0.013758168927091
22.49 -0.013155560543727
22.5 -0.012501704142995
22.51 -0.011899799949581
22.52 -0.011437326596365
22.53 -0.011102090021224
22.54 -0.010838157739487
22.55 -0.010641329808367
22.56 -0.010477037860747
22.57 -0.010363806703327
22.58 -0.010268906508573
22.59 -0.010071684799975
22.6 -0.0098344583113
22.61 -0.009531928802451
22.62 -0.009132451338965
22.63 -0.008627652157072
22.64 -0.008049873900411
22.65 -0.007367751475768
22.66 -0.006665794631604
22.67 -0.006130866185581
22.68 -0.005683315381648
22.69 -0.005315221698835
22.7 -0.004975974083618
22.71 -0.004801755802538
22.72 -0.00473161923665
22.73 -0.004688095835553
22.74 -0.004674942700758
22.75 -0.004588887170824
22.76 -0.004375700431648
22.77 -0.004157620765361
22.78 -0.003895880001945
22.79 -0.00356549416665
22.8 -0.003058393941092
22.81 -0.002347366789703
22.82 -0.001222143018543
22.83 0.00041395540034
22.84 0.003063263483257
22.85 0.030508282345965
22.86 0.044696114903946
22.87 0.014362364061589
22.88 0.013058369280031
22.89 0.028123650706593
22.9 -0.005911900826793
22.91 -0.011904589156229
22.92 -2.6633945933e-05
22.93 0.000474212652491
22.94 0.00095468428842
22.95 0.001387119000656
22.96 0.001844779247031
22.97 0.002329699601616
22.98 0.002802953693668
22.99 0.00317202914063
23.0 0.003121863849306
23.01 0.000965238922212
23.02 0.001720319310587
23.03 0.004102722006531
23.04 0.003270581414171
23.05 0.002308105951054
23.06 0.004042307995597
23.07 0.004842454675972
23.08 0.003893473336119
23.09 0.004812463680065
23.1 0.007065605336662
23.11 0.022920418124665
23.12 0.028956594711062
23.13 0.025950591510759
23.14 0.022094738914608
23.15 0.019724065836581
23.16 0.01932699668892
23.17 0.019320995858963
23.18 0.018901261524442
23.19 0.018134890969974
23.2 0.017269885994171
23.21 0.016520736519556
23.22 0.01600025160721
23.23 0.015710522304322
23.24 0.015457863921963
23.25 0.015211246621763
23.26 0.014852027687989
23.27 0.014361220815977
23.28 0.013827441807168
23.29 0.013256589953667
23.3 0.012678260676251
23.31 0.012019512067333
23.32 0.011284754872663
23.33 0.010547407654268
23.34 0.009811053276259
23.35 0.009038257807785
23.36 0.008102152037096
23.37 0.006762493429671
23.38 0.00519279255348
23.39 0.002670929772135
23.4 -0.001728952181925
23.41 -0.025865363589891
23.42 -0.031908004940257
23.43 -0.017038848732731
23.44 -0.016040176130362
23.45 -0.029482392249186
23.46 -0.028589675551874
23.47 -0.00531145951773
23.48 0.003333863183612
23.49 -0.004841002180915
23.5 -0.00074494762558
23.51 0.003446031914448
23.52 0.003085156734023
23.53 0.002926583619264
23.54 0.002801755953848
23.55 0.00265246164779
23.56 0.002457289609176
23.57 0.002215729871872
23.58 0.002004138850846
23.59 0.001866456612384
23.6 0.001691877353422
23.61 0.001455067368314
23.62 0.001243963059875
23.63 0.001119900404492
23.64 0.001085986470892
23.65 0.001132822237276
23.66 0.001224217656383
23.67 0.001332900722014
23.68 0.001435727471452
23.69 0.001467010818936
23.7 0.001382579812041
23.71 0.001107272579004
23.72 0.000654664634751
23.73 0.000118487062691
23.74 -0.000518787286696
23.75 -0.001264952223434
23.76 -0.001991227970786
23.77 -0.00289607071826
23.78 -0.003869068276561
23.79 -0.004414020600127
23.8 -0.004341215782931
23.81 -0.004043531315871
23.82 -0.003646859048178
23.83 -0.003269226574915
23.84 -0.002880614427879
23.85 -0.002620425103582
23.86 -0.002548882280349
23.87 -0.002778385214627
23.88 -0.003441509773131
23.89 -0.004666626198279
23.9 -0.017560409212173
23.91 -0.031156790528458
23.92 -0.010626424557002
23.93 -0.003714185346671
23.94 -0.001011235721191
23.95 0.016889306006932
23.96 0.015017514376869
23.97 0.008177863150822
23.98 0.008177944036739
23.99 0.006009384205889
24.0 0.002880410922236
24.01 0.0046141378095
24.02 0.004251606423676
24.03 0.003223374934127
24.04 0.003973496046142
24.05 -0.002964914216711
24.06 -0.013718492733912
24.07 -0.016584885737239
24.08 -0.017242370761229
24.09 -0.014930443403035
24.1 -0.012319315757923
24.11 -0.010655518056712
24.12 -0.00950647100609
24.13 -0.0083367672378
24.14 -0.007006549748759
24.15 -0.005449574640415
24.16 -0.003692579548916
24.17 -0.002064773097174
24.18 -0.000922809678897
24.19 -0.000499131299483
24.2 -0.000920897330588
24.21 -0.001988198851598
24.22 -0.00326904081542
24.23 -0.004410185297651
24.24 -0.00526674932808
24.25 -0.005974114890795
24.26 -0.006526540923742
24.27 -0.006907429912218
24.28 -0.007206479103103
24.29 -0.007467744048937
24.3 -0.007612170245956
24.31 -0.007581997967696
24.32 -0.007367215206267
24.33 -0.007037326541572
24.34 -0.006662125666965
24.35 -0.006268814601912
24.36 -0.005916756089658
24.37 -0.005568971865618
24.38 -0.005227481490645
24.39 -0.004909556712924
24.4 -0.004681742324097
24.41 -0.004586780907004
24.42 -0.004643128318459
24.43 -0.004784122291636
24.44 -0.004976799318852
24.45 -0.005204139558545
24.46 -0.005378170496342
24.47 -0.005390956667135
24.48 -0.005256233916914
24.49 -0.005020568691963
24.5 -0.004724377618449
24.51 -0.004379144791064
24.52 -0.004003932545689
24.53 -0.003616475916054
24.54 -0.003210526660869
24.55 -0.002780577710773
24.56 -0.002327588780538
24.57 -0.001673700118356
24.58 -0.000897588928558
24.59 0.000316956135254
24.6 0.001869993010923
24.61 0.00324984767763
24.62 0.009588281798864
24.63 0.013775199165651
24.64 0.003793042616613
24.65 0.003507762350011
24.66 0.009420977299046
24.67 0.005676555355958
24.68 0.011295506128417
24.69 0.013421102593548
24.7 0.011717743874868
24.71 0.012390485228135
24.72 0.014257222474589
24.73 0.017463774899375
24.74 0.016502569199145
24.75 0.013111029827687
24.76 0.013034188155972
24.77 0.012977140047494
24.78 0.006998386904285
24.79 -0.016849691494793
24.8 -0.020309534053907
24.81 -0.013358809975631
24.82 -0.016126383904318
24.83 -0.016597848390879
24.84 -0.013186700722599
24.85 -0.007494878362432
24.86 -0.003845230439477
24.87 -0.003159229442787
24.88 -0.004321360586784
24.89 -0.003751268382599
24.9 -0.003013555106496
24.91 -0.003885633460354
24.92 -0.003691968123046
24.93 -0.002786676847512
24.94 -0.00308314985836
 
 
 
 
 
 
 
 
 
 
 
 
 
 
 
 
 
 
 
 
 
 
 
 
 
 
 
 
 
 
 
 
 
 
 
 
 
 
 
 
 
 
 
 
 
 
 
 
 
 
 
 
 
 
 
 
 
 
 
 
 
 
 
 
 
 
 
 
 
 
 
 
 
 
 
 
 
 
 
 
 
 
 
 
 
 
 
 
 
 
 
 
 
 
 
 
 
 
 
 
 
 
 
 
 
 
 
 
 
 
 
 
 
 
 
 
 
 
 
 
 
 
 
 
 
 
 
 
 
 
 
 
 
 
 
 
 
 
 
 
 
 
 
 
 
 
 
 
 
 
 
 
 
 
 
 
 
 
 
 
 
 
 
 
 
 
 
 
 
 
 
 
 
 
 
 
 
 
 
 
 
 
 
 
 
 
 
 
 
 
 
 
 
 
 
 
 
 
 
 
 
 
 
 
 
 
 
 
 
 
 
 
 
 
 
 
 
 
 
 
 
 
 
 
 
 
 
 
 
 
 
 
 
 
 
 
 
 
 
 
 
 
 
 
 
 
 
 
 
 
 
 
 
 
 
 
 
 
 
 
 
 
 
 
 
 
 
 
 
 
 
 
 
 
 
 
 
 
 
 
 
 
 
 
 
 
 
 
 
 
 
 
 
 
 
 
 
 
 
 
 
 
 
 
 
 
 
 
 
 
 
 
 
 
 
 
 
 
 
 
 
 
 
 
 
 
 
 
 
 
 
 
 
 
 
 
 
 
 
 
 
 
 
 
 
 
 
 
 
 
 
 
 
 
 
 
 
 
 
 
 
 
 
 
 
 
 
 
 
 
 
 
 
 
 
 
 
 
 
 
 
 
 
 
 
 
 
 
 
 
 
 
 
 
 
 
 
 
 
 
 
 
 
 
 
 
 
 
 
 
 
 
 
 
 
 
 
 
 
 
 
 
 
 
 
 
 
 
 
 
 
 
 
 
 
 
 
 
 
 
 
 
 
 
 
 
 
 
 
 
 
 
 
 
 
 
 
 
 
 
 
 
 
 
 
 
 
 
 
 
 
 
 
 
 
 
 
 
 
 
 
 
 
 
 
 
 
 
 
 
 
 
 
 
 
 
 
 
 
 
 
 
 
 
 
 
 
 
 
 
 
 
 
 
 
 
 
 
 
 
 
 
 
 
 
 
 
 
 
 
 
 
 
 
 
 
 
 
 
 
 
 
 
 
 
 
 
 
 
 
 
 
 
 
 
 
 
 
 
 
 
 
 
 
 
 
 
 
 
 
 
 
 
 
 
 
 
 
 
 
 
 
 
 
 
 
 
 
 
 
 
 
 
 
 
 
 
 
 
 
 
 
 
 
 
 
 
 
 
 
 
 
 
 
 
 
 
 
 
 
 
 
 
 
 
 
 
 
 
 
 
 
 
 
 
 
 
 
 
 
 
 
 
 
 
 
 
 
 
 
 
 
 
 
 
 
 
 
 
 
 
 
 
 
 
 
 
 
 
 
 
 
 
 
 
 
 
 
 
 
 
 
 
 
 
 
 
 
 
 
 
 
 
 
 
 
 
 
 
 
 
 
 
 
 
 
 
 
 
 
 
 
 
 
 
 
 
 
 
 
 
 
 
 
 
 
 
 
 
 
 
 
 
 
 
 
 
 
 
 
 
 
 
 
 
 
 
 
 
 
 
 
 
 
 
 
 
 
 
 
 
 
 
 
 
 
 
 
 
 
 
 
 
 
 
 
 
 
 
 
 
 
 
 
 
 
 
 
 
 
 
 
 
 
 
 
 
 
 
 
 
 
 
 
 
 
 
 
 
 
 
 
 
 
 
 
 
 
 
 
 
 
 
 
 
 
 
 
 
 
 
 
 
 
 
 
 
 
 
 
 
 
 
 
 
 
 
 
 
 
 
 
 
 
 
 
 
 
 
 
 
 
 
 
 
 
 
 
 
 
 
 
 
 
 
 
 
 
 
 
 
 
 
 
 
 
 
 
 
 
 
 
 
 
 
 
 
 
 
 
 
 
 
 
 
 
 
 
 
 
 
 
 
 
 
 
 
 
 
 
 
 
 
 
 
 
 
 
 
 
 
 
 
 
 
 
 
 
 
 
 
 
 
 
 
 
 
 
 
 
 
 
 
 
 
 
 
 
 
 
 
 
 
 
 
 
 
 
 
 
 
 
 
 
 
 
 
 
 
 
 
 
 
 
 
 
 
 
 
 
 
 
 
 
 
 
 
 
 
 
 
 
 
 
 
 
 
 
 
 
 
 
 
 
 
 
 
 
 
 
 
 
 
 
 
 
 
 
 
 
 
 
 
 
 
 
 
 
 
 
 
 
 
 
 
 
 
 
 
 
 
 
 
 
 
 
 
 
 
 
 
 
 
 
 
 
 
 
 
 
 
 
 
 
 
 
 
 
 
 
 
 
 
 
 
 
 
 
 
 
 
 
 
 
 
 
 
 
 
 
 
 
 
 
 
 
 
 
 
 
 
 
 
 
 
 
 
 
 
 
 
 
 
 
 
 
 
 
 
 
 
 
 
 
 
 
 
 
 
 
 
 
 
 
 
 
 
 
 
 
 
 
 
 
 
 
 
 
 
 
 
 
 
 
 
 
 
 
 
 
 
 
 
 
 
 
 
 
 
 
 
 
 
 
 
 
 
 
 
 
 
 
 
 
 
 
 
 
 
 
 
 
 
 
 
 
 
 
 
 
 
 
 
 
 
 
 
 
 
 
 
 
 
 
 
 
 
 
 
 
 
 
 
 
 
 
 
 
 
 
 
 
 
 
 
 
 
 
 
 
 
 
 
 
 
 
 
 
 
 
 
 
 
 
 
 
 
 
 
 
 
 
 
 
 
 
 
 
 
 
 
 
 
 
 
 
 
 
 
 
 
 
 
 
 
 
 
 
 
 
 
 
 
 
 
 
 
 
 
 
 
 
 
 
 
 
 
 
 
 
 
 
 
 
 
 
 
 
 
 
 
 
 
 
 
 
 
 
 
 
 
 
 
 
 
 
 
 
 
 
 
 
 
 
 
 
 
 
 
 
 
 
 
 
 
 
 
 
 
 
 
 
 
 
 
 
 
 
 
 
 
 
 
 
 
 
 
 
 
 
 
 
 
 
 
 
 
 
 
 
 
 
 
 
 
 
 
 
 
 
 
 
 
 
 
 
 
 
 
 
 
 
 
 
 
 
 
 
 
 
 
 
 
 
 
 
 
 
 
 
 
 
 
 
 
 
 
 
 
 
 
 
 
 
 
 
 
 
 
 
 
 
 
 
 
 
 
 
 
 
 
 
 
 
 
 
 
 
 
 
 
 
 
 
 
 
 
 
 
 
 
 
 
 
 
 
 
 
 
 
 
 
 
 
 
 
 
 
 
 
 
 
 
 
 
 
 
 
 
 
 
 
 
 
 
 
 
 
 
 
 
 
 
 
 
 
 
 
 
 
 
 
 
 
 
 
 
 
 
 
 
 
 
 
 
 
 
 
 
 
 
 
 
 
 
 
 
 
 
 
 
 
 
 
 
 
 
 
 
 
 
 
 
 
 
 
 
 
 
 
 
 
 
 
 
 
 
 
 
 
 
 
 
 
 
 
 
 
 
 
 
 
 
 
 
 
 
 
 
 
 
 
 
 
 
 
 
 
 
 
 
 
 
 
 
 
 
 
 
 
 
 
 
 
 
 
 
 
 
 
 
 
 
 
 
 
 
 
 
 
 
 
 
 
 
 
 
 
 
 
 
 
 
 
 
 
 
 
 
 
 
 
 
 
 
 
 
 
 
 
 
 
 
 
 
 
 
 
 
 
 
 
 
 
 
 
 
 
 
 
 
 
 
 
 
 
 
 
 
 
 
 
 
 
 
 
 
 
 
 
 
 
 
 
 
 
 
 
 
 
 
 
 
 
 
 
 
 
 
 
 
 
 
 
 
 
 
 
 
 
 
 
 
 
 
 
 
 
 
 
 
 
 
 
 
 
 
 
 
 
 
 
 
 
 
 
 
 
 
 
 
 
 
 
 
 
 
 
 
 
 
 
 
 
 
 
 
 
 
 
 
 
 
 
 
 
 
 
 
 
 
 
 
 
 
 
 
 
 
 
 
 
 
 
 
 
 
 
 
 
 
 
 
 
 
 
 
 
 
 
 
 
 
 
 
 
 
 
 
 
 
 
 
 
 
 
 
 
 
 
 
 
 
 
 
 
 
 
 
 
 
 
 
 
 
 
 
 
 
 
 
 
 
 
 
 
 
 
 
 
 
 
 
 
 
 
 
 
 
 
 
 
 
 
 
 
 
 
 
 
 
 
 
 
 
 
 
 
 
 
 
 
 
 
 
 
 
 
 
 
 
 
 
 
 
 
 
 
 
 
 
 
 
 
 
 
 
 
 
 
 
 
 
 
 
 
 
 
 
 
 
 
 
 
 
 
 
 
 
 
 
 
 
 
 
 
 
 
 
 
 
 
 
 
 
 
 
 
 
 
 
 
 
 
 
 
 
 
 
 
 
 
 
 
 
 
 
 
 
 
 
 
 
 
 
 
 
 
 
 
 
 
 
 
 
 
 
 
 
 
 
 
 
 
 
 
 
 
 
 
 
 
 
 
 
 
 
 
 
 
 
 
 
 
 
 
 
 
 
 
 
 
 
 
 
 
 
 
 
 
 
 
 
 
 
 
 
 
 
 
 
 
 
 
 
 
 
 
 
 
 
 
 
 
 
 
 
 
 
 
 
 
 
 
 
 
 
 
 
 
 
 
 
 
 
 
 
 
 
 
 
 
 
 
 
 
 
 
 
 
 
 
 
 
 
 
 
 
 
 
 
 
 
 
 
 
 
 
 
 
 
 
 
 
 
 
 
 
 
 
 
 
 
 
 
 
 
 
 
 
 
 
 
 
 
 
 
 
 
 
 
 
 
 
 
 
 
 
 
 
 
 
 
 
 
 
 
 
 
 
 
 
 
 
 
 
 
 
 
 
 
 
 
 
 
 
 
 
 
 
 
 
 
 
 
 
 
 
 
 
 
 
 
 
 
 
 
 
 
 
 
 
 
 
 
 
 
 
 
 
 
 
 
 
 
 
 
 
 
 
 
 
 
 
 
 
 
 
 
 
 
 
 
 
 
 
 
 
 
 
 
 
 
 
 
 
 
 
 
 
 
 
 
 
 
 
 
 
 
 
 
 
 
 
 
 
 
 
 
 
 
 
 
 
 
 
 
 
 
 
 
 
 
 
 
 
 
 
 
 
 
 
 
 
 
 
 
 
 
 
 
 
 
 
 
 
 
 
 
 
 
 
 
 
 
 
 
 
 
 
 
 
 
 
 
 
 
 
 
 
 
 
 
 
 
 
 
 
 
 
 
 
 
 
 
 
 
 
 
 
 
 
 
 
 
 
 
 
 
 
 
 
 
 
 
 
 
 
 
 
 
 
 
 
 
 
 
 
 
 
 
 
 
 
 
 
 
 
 
 
 
 
 
 
 
 
 
 
 
 
 
 
 
 
 
 
 
 
 
 
 
 
 
 
 
 
 
 
 
 
 
 
 
 
 
 
 
 
 
 
 
 
 
 
 
 
 
 
 
 
 
 
 
 
 
 
 
 
 
 
 
 
 
 
 
 
 
 
 
 
 
 
 
 
 
 
 
 
 
 
 
 
 
 
 
 
 
 
 
 
 
 
 
 
 
 
 
 
 
 
 
 
 
 
 
 
 
 
 
 
 
 
 
 
 
 
 
 
 
 
 
 
 
 
 
 
 
 
 
 
 
 
 
 
 
 
 
 
 
 
 
 
 
 
 
 
 
 
 
 
 
 
 
 
 
 
 
 
 
 
 
 
 
 
 
 
 
 
 
 
 
 
 
 
 
 
 
 
 
 
 
 
 
 
 
 
 
 
 
 
 
 
 
 
 
 
 
 
 
 
 
 
 
 
 
 
 
 
 
 
 
 
 
 
 
 
 
 
 
 
 
 
 
 
 
 
 
 
 
 
 
 
 
 
 
 
 
 
 
 
 
 
 
 
 
 
 
 
 
 
 
 
 
 
 
 
 
 
 
 
 
 
 
 
 
 
 
 
 
 
 
 
 
 
 
 
 
 
 
 
 
 
 
 
 
 
 
 
 
 
 
 
 
 
 
 
 
 
 
 
 
 
 
 
 
 
 
 
 
 
 
 
 
 
 
 
 
 
 
 
 
 
 
 
 
 
 
 
 
 
 
 
 
 
 
 
 
 
 
 
 
 
 
 
 
 
 
 
 
 
 
 
 
 
 
 
 
 
 
 
 
 
 
 
 
 
 
 
 
 
 
 
 
 
 
 
 
 
 
 
 
 
 
 
 
 
 
 
 
 
 
 
 
 
 
 
 
 
 
 
 
 
 
 
 
 
 
 
 
 
 
 
 
 
 
 
 
 
 
 
 
 
 
 
 
 
 
 
 
 
 
 
 
 
 
 
 
 
 
 
 
 
 
 
 
 
 
 
 
 
 
 
 
 
 
 
 
 
 
 
 
 
 
 
 
 
 
 
 
 
 
 
 
 
 
 
 
 
 
 
 
 
 
 
 
 
 
 
 
 
 
 
 
 
 
 
 
 
 
 
 
 
 
 
 
 
 
 
 
 
 
 
 
 
 
 
 
 
 
 
 
 
 
 
 
 
 
 
 
 
 
 
 
 
 
 
 
 
 
 
 
 
 
 
 
 
 
 
 
 
 
 
 
 
 
 
 
 
 
 
 
 
 
 
 
 
 
 
 
 
 
 
 
 
 
 
 
 
 
 
 
 
 
 
 
 
 
 
 
 
 
 
 
 
 
 
 
 
 
 
 
 
 
 
 
 
 
 
 
 
 
 
 
 
 
 
 
 
 
 
 
 
 
 
 
 
 
 
 
 
 
 
 
 
 
 
 
 
 
 
 
 
 
 
 
 
 
 
 
 
 
 
 
 
 
 
 
 
 
 
 
 
 
 
 
 
 
 
 
 
 
 
 
 
 
 
 
 
 
 
 
 
 
 
 
 
 
 
 
 
 
 
 
 
 
 
 
 
 
 
 
 
 
 
 
 
 
 
 
 
 
 
 
 
 
 
 
 
 
 
 
 
 
 
 
 
 
 
 
 
 
 
 
 
 
 
 
 
 
 
 
 
 
 
 
 
 
 
 
 
 
 
 
 
 
 
 
 
 
 
 
 
 
 
 
 
 
 
 
 
 
 
 
 
 
 
 
 
 
 
 
 
 
 
 
 
 
 
 
 
 
 
 
 
 
 
 
 
 
 
 
 
 
 
 
 
 
 
 
 
 
 
 
 
 
 
 
 
 
 
 
 
 
 
 
 
 
 
 
 
 
 
 
 
 
 
 
 
 
 
 
 
 
 
 
 
 
 
 
 
 
 
 
 
 
 
 
 
 
 
 
 
 
 
 
 
 
 
 
 
 
 
 
 
 
 
 
 
 
 
 
 
 
 
 
 
 
 
 
 
 
 
 
 
 
 
 
 
 
 
 
 
 
 
 
 
 
 
 
 
 
 
 
 
 
 
 
 
 
 
 
 
 
 
 
 
 
 
 
 
 
 
 
 
 
 
 
 
 
 
 
 
 
 
 
 
 
 
 
 
 
 
 
 
 
 
 
 
 
 
 
 
 
 
 
 
 
 
 
 
 
 
 
 
 
 
 
 
 
 
 
 
 
 
 
 
 
 
 
 
 
 
 
 
 
 
 
 
 
 
 
 
 
 
 
 
 
 
 
 
 
 
 
 
 
 
 
 
 
 
 
 
 
 
 
 
 
 
 
 
 
 
 
 
 
 
 
 
 
 
 
 
 
 
 
 
 
 
 
 
 
 
 
 
 
 
 
 
 
 
 
 
 
 
 
 
 
 
 
 
 
 
 
 
 
 
 
 
 
 
 
 
 
 
 
 
 
 
 
 
 
 
 
 
 
 
 
 
 
 
 
 
 
 
 
 
 
 
 
 
 
 
 
 
 
 
 
 
 
 
 
 
 
 
 
 
 
 
 
 
 
 
 
 
 
 
 
 
 
 
 
 
 
 
 
 
 
 
 
 
 
 
 
 
 
 
 
 
 
 
 
 
 
 
 
 
 
 
 
 
 
 
 
 
 
 
 
 
 
 
 
 
 
 
 
 
 
 
 
 
 
 
 
 
 
 
 
 
 
 
 
 
 
 
 
 
 
 
 
 
 
 
 
 
 
 
 
 
 
 
 
 
 
 
 
 
 
 
 
 
 
 
 
 
 
 
 
 
 
 
 
 
 
 
 
 
 
 
 
 
 
 
 
 
 
 
 
 
 
 
 
 
 
 
 
 
 
 
 
 
 
 
 
 
 
 
 
 
 
 
 
 
 
 
 
 
 
 
 
 
 
 
 
 
 
 
 
 
 
 
 
 
 
 
 
 
 
 
 
 
 
 
 
 
 
 
 
 
 
 
 
 
 
 
 
 
 
 
 
 
 
 
 
 
 
 
 
 
 
 
 
 
 
 
 
 
 
 
 
 
 
 
 
 
 
 
 
 
 
 
 
 
 
 
 
 
 
 
 
 
 
 
 
 
 
 
 
 
 
 
 
 
 
 
 
 
 
 
 
 
 
 
 
 
 
 
 
 
 
 
 
 
 
 
 
 
 
 
 
 
 
 
 
 
 
 
 
 
 
 
 
 
 
 
 
 
 
 
 
 
 
 
 
 
 
 
 
 
 
 
 
 
 
 
 
 
 
 
 
 
 
 
 
 
 
 
 
 
 
 
 
 
 
 
 
 
 
 
 
 
 
 
 
 
 
 
 
 
 
 
 
 
 
 
 
 
 
 
 
 
 
 
 
 
 
 
 
 
 
 
 
 
 
 
 
 
 
 
 
 
 
 
 
 
 
 
 
 
 
 
 
 
 
 
 
 
 
 
 
 
 
 
 
 
 
 
 
 
 
 
 
 
 
 
 
 
 
 
 
 
 
 
 
 
 
 
 
 
 
 
 
 
 
 
 
 
 
 
 
 
 
 
 
 
 
 
 
 
 
 
 
 
 
 
 
 
 
 
 
 
 
 
 
 
 
 
 
 
 
 
 
 
 
 
 
 
 
 
 
 
 
 
 
 
 
 
 
 
 
 
 
 
 
 
 
 
 
 
 
 
 
 
 
 
 
 
 
 
 
 
 
 
 
 
 
 
 
 
 
 
 
 
 
 
 
 
 
 
 
 
 
 
 
 
 
 
 
 
 
 
 
 
 
 
 
 
 
 
 
 
 
 
 
 
 
 
 
 
 
 
 
 
 
 
 
 
 
 
 
 
 
 
 
 
 
 
 
 
 
 
 
 
 
 
 
 
 
 
 
 
 
 
 
 
 
 
 
 
 
 
 
 
 
 
 
 
 
 
 
 
 
 
 
 
 
 
 
 
 
 
 
 
 
 
 
 
 
 
 
 
 
 
 
 
 
 
 
 
 
 
 
 
 
 
 
 
 
 
 
 
 
 
 
 
 
 
 
 
 
 
 
 
 
 
 
 
 
 
 
 
 
 
 
 
 
 
 
 
 
 
 
 
 
 
 
 
 
 
 
 
 
 
 
 
 
 
 
 
 
 
 
 
 
 
 
 
 
 
 
 
 
 
 
 
 
 
 
 
 
 
 
 
 
 
 
 
 
 
 
 
 
 
 
 
 
 
 
 
 
 
 
 
 
 
 
 
 
 
 
 
 
 
 
 
 
 
 
 
 
 
 
 
 
 
 
 
 
 
 
 
 
 
 
 
 
 
 
 
 
 
 
 
 
 
 
 
 
 
 
 
 
 
 
 
 
 
 
 
 
 
 
 
 
 
 
 
 
 
 
 
 
 
 
 
 
 
 
 
 
 
 
 
 
 
 
 
 
 
 
 
 
 
 
 
 
 
 
 
 
 
 
 
 
 
 
 
 
 
 
 
 
 
 
 
 
 
 
 
 
 
 
 
 
 
 
 
 
 
 
 
 
 
 
 
 
 
 
 
 
 
 
 
 
 
 
 
 
 
 
 
 
 
 
 
 
 
 
 
 
 
 
 
 
 
 
 
 
 
 
 
 
 
 
 
 
 
 
 
 
 
 
 
 
 
 
 
 
 
 
 
 
 
 
 
 
 
 
 
 
 
 
 
 
 
 
 
 
 
 
 
 
 
 
 
 
 
 
 
 
 
 
 
 
 
 
 
 
 
 
 
 
 
 
 
 
 
 
 
 
 
 
 
 
 
 
 
 
 
 
 
 
 
 
 
 
 
 
 
 
 
 
 
 
 
 
 
 
 
 
 
 
 
 
 
 
 
 
 
 
 
 
 
 
 
 
 
 
 
 
 
 
 
 
 
 
 
 
 
 
 
 
 
 
 
 
 
 
 
 
 
 
 
 
 
 
 
 
 
 
 
 
 
 
 
 
 
 
 
 
 
 
 
 
 
 
 
 
 
 
 
 
 
 
 
 
 
 
 
 
 
 
 
 
 
 
 
 
 
 
 
 
 
 
 
 
 
 
 
 
 
 
 
 
 
 
 
 
 
 
 
 
 
 
 
 
 
 
 
 
 
 
 
 
 
 
 
 
 
 
 
 
 
 
 
 
 
 
 
 
 
 
 
 
 
 
 
 
 
 
 
 
 
 
 
 
 
 
 
 
 
 
 
 
 
 
 
 
 
 
 
 
 
 
 
 
 
 
 
 
 
 
 
 
 
 
 
 
 
 
 
 
 
 
 
 
 
 
 
 
 
 
 
 
 
 
 
 
 
 
 
 
 
 
 
 
 
 
 
 
 
 
 
 
 
 
 
 
 
 
 
 
 
 
 
 
 
 
 
 
 
 
 
 
 
 
 
 
 
 
 
 
 
 
 
 
 
 
 
 
 
 
 
 
 
 
 
 
 
 
 
 
 
 
 
 
 
 
 
 
 
 
 
 
 
 
 
 
 
 
 
 
 
 
 
 
 
 
 
 
 
 
 
 
 
 
 
 
 
 
 
 
 
 
 
 
 
 
 
 
 
 
 
 
 
 
 
 
 
 
 
 
 
 
 
 
 
 
 
 
 
 
 
 
 
 
 
 
 
 
 
 
 
 
 
 
 
 
 
 
 
 
 
 
 
 
 
 
 
 
 
 
 
 
 
 
 
 
 
 
 
 
 
 
 
 
 
 
 
 
 
 
 
 
 
 
 
 
 
 
 
 
 
 
 
 
 
 
 
 
 
 
 
 
 
 
 
 
 
 
 
 
 
 
 
 
 
 
 
 
 
 
 
 
 
 
 
 
 
 
 
 
 
 
 
 
 
 
 
 
 
 
 
 
 
 
 
 
 
 
 
 
 
 
 
 
 
 
 
 
 
 
 
 
 
 
 
 
 
 
 
 
 
 
 
 
 
 
 
 
 
 
 
 
 
 
 
 
 
 
 
 
 
 
 
 
 
 
 
 
 
 
 
 
 
 
 
 
 
 
 
 
 
 
 
 
 
 
 
 
 
 
 
 
 
 
 
 
 
 
 
 
 
 
 
 
 
 
 
 
 
 
 
 
 
 
 
 
 
 
 
 
 
 
 
 
 
 
 
 
 
 
 
 
 
 
 
 
 
 
 
 
 
 
 
 
 
 
 
 
 
 
 
 
 
 
 
 
 
 
 
 
 
 
 
 
 
 
 
 
 
 
 
 
 
 
 
 
 
 
 
 
 
 
 
 
 
 
 
 
 
 
 
 
 
 
 
 
 
 
 
 
 
 
 
 
 
 
 
 
 
 
 
 
 
 
 
 
 
 
 
 
 
 
 
 
 
 
 
 
 
 
 
 
 
 
 
 
 
 
 
 
 
 
 
 
 
 
 
 
 
 
 
 
 
 
 
 
 
 
 
 
 
 
 
 
 
 
 
 
 
 
 
 
 
 
 
 
 
 
 
 
 
 
 
 
 
 
 
 
 
 
 
 
 
 
 
 
 
 
 
 
 
 
 
 
 
 
 
 
 
 
 
 
 
 
 
 
 
 
 
 
 
 
 
 
 
 
 
 
 
 
 
 
 
 
 
 
 
 
 
 
 
 
 
 
 
 
 
 
 
 
 
 
 
 
 
 
 
 
 
 
 
 
 
 
 
 
 
 
 
 
 
 
 
 
 
 
 
 
 
 
 
 
 
 
 
 
 
 
 
 
 
 
 
 
 
 
 
 
 
 
 
 
 
 
 
 
 
 
 
 
 
 
 
 
 
 
 
 
 
 
 
 
 
 
 
 
 
 
 
 
 
 
 
 
 
 
 
 
 
 
 
 
 
 
 
 
 
 
 
 
 
 
 
 
 
 
 
 
 
 
 
 
 
 
 
 
 
 
 
 
 
 
 
 
 
 
 
 
 
 
 
 
 
 
 
 
 
 
 
 
 
 
 
 
 
 
 
 
 
 
 
 
 
 
 
 
 
 
 
 
 
 
 
 
 
 
 
 
 
 
 
 
 
 
 
 
 
 
 
 
 
 
 
 
 
 
 
 
 
 
 
 
 
 
 
 
 
 
 
 
 
 
 
 
 
 
 
 
 
 
 
 
 
 
 
 
 
 
 
 
 
 
 
 
 
 
 
 
 
 
 
 
 
 
 
 
 
 
 
 
 
 
 
 
 
 
 
 
 
 
 
 
 
 
 
 
 
 
 
 
 
 
 
 
 
 
 
 
 
 
 
 
 
 
 
 
 
 
 
 
 
 
 
 
 
 
 
 
 
 
 
 
 
 
 
 
 
 
 
 
 
 
 
 
 
 
 
 
 
 
 
 
 
 
 
 
 
 
 
 
 
 
 
 
 
 
