0.0 0.0
0.01 2.33493612e-07
0.02 2.33994452e-07
0.03 2.35254518e-07
0.04 2.36248341e-07
0.05 2.3492627e-07
0.06 2.29040422e-07
0.07 2.22365319e-07
0.08 2.20939259e-07
0.09 2.22042792e-07
0.1 2.16439567e-07
0.11 2.05948325e-07
0.12 1.93802805e-07
0.13 1.94788257e-07
0.14 2.00068413e-07
0.15 1.83051635e-07
0.16 1.19641595e-07
0.17 7.0519599e-08
0.18 7.5519175e-08
0.19 1.25897027e-07
0.2 1.86976768e-07
0.21 1.09129128e-07
0.22 -1.51344679e-07
0.23 -2.81492582e-07
0.24 -2.2798735e-07
0.25 1.4256246e-08
0.26 5.0957439e-07
0.27 5.65926642e-07
0.28 2.36137226e-07
0.29 5.260345e-09
0.3 -4.86794617e-07
0.31 -1.048506268e-06
0.32 -1.321461091e-06
0.33 -2.154306878e-06
0.34 -3.796880324e-06
0.35 -6.327873462e-06
0.36 -9.620734402e-06
0.37 -1.3360640982e-05
0.38 -1.6123138592e-05
0.39 -1.6488508423e-05
0.4 -1.4882140429e-05
0.41 -1.301686432e-05
0.42 -1.1574020542e-05
0.43 -1.0897576432e-05
0.44 -6.00956337e-06
0.45 3.864494729e-06
0.46 1.3958255893e-05
0.47 1.9439044473e-05
0.48 1.4319677097e-05
0.49 -3.382821464e-06
0.5 -2.2639697798e-05
0.51 -3.3038015247e-05
0.52 -3.3899782472e-05
0.53 -2.5603766422e-05
0.54 -1.1861089587e-05
0.55 -3.649114145e-06
0.56 -4.484969686e-06
0.57 -1.8309235862e-05
0.58 -4.5083555002e-05
0.59 -6.8417574886e-05
0.6 -8.1256547818e-05
0.61 -9.2441876069e-05
0.62 -0.000111541164477
0.63 -0.00014726329786
0.64 -0.000184460335795
0.65 -0.000186347632366
0.66 -0.00012421811837
0.67 -1.724106616e-05
0.68 8.235716972e-05
0.69 0.000142337957258
0.7 0.000164040987154
0.71 0.000155422021061
0.72 0.000118410094204
0.73 2.8207897603e-05
0.74 -0.000114961508872
0.75 -0.000261540046372
0.76 -0.000334813065251
0.77 -0.000314056986128
0.78 -0.000236564005922
0.79 -0.000171332092673
0.8 -0.000143561173718
0.81 -0.0001259341492
0.82 -9.7532866348e-05
0.83 -6.4124396883e-05
0.84 -2.458847295e-05
0.85 3.918855559e-06
0.86 4.1632608004e-05
0.87 7.2542438724e-05
0.88 3.6885425e-05
0.89 -8.3814096049e-05
0.9 -0.000214222417233
0.91 -0.000273563556731
0.92 -0.000241138765285
0.93 -0.000130803142912
0.94 -2.3758667141e-05
0.95 1.6517583325e-05
0.96 4.34442168e-05
0.97 3.3134781538e-05
0.98 -6.0594018526e-05
0.99 -0.000170075307545
1.0 -0.000274895735694
1.01 -0.00043083228945
1.02 -0.000591057588405
1.03 -0.000679395880066
1.04 -0.00073940355034
1.05 -0.000733980955209
1.06 -0.000537448575856
1.07 -0.000228707624462
1.08 8.645207673e-05
1.09 0.000363624782638
1.1 0.000525700294722
1.11 0.000533012666539
1.12 0.000392113298456
1.13 0.00018571834442
1.14 9.8706844174e-05
1.15 0.000104512059807
1.16 0.000101170481926
1.17 0.000104417212876
1.18 -2.3527591506e-05
1.19 -0.000397813372875
1.2 -0.000716071716117
1.21 -0.000743151613183
1.22 -0.000645823828286
1.23 -0.000443458142561
1.24 -9.4988983472e-05
1.25 0.000213778924424
1.26 0.000423291865577
1.27 0.000640960489143
1.28 0.000747307382951
1.29 0.000561972971933
1.3 0.00020251335963
1.31 -0.000122415779644
1.32 -0.000235836955533
1.33 -0.000119324161747
1.34 -1.9025580707e-05
1.35 5.952085351e-06
1.36 0.000113048268711
1.37 0.000324477317182
1.38 0.000598481210842
1.39 0.000899975233966
1.4 0.001073823924132
1.41 0.001072150096022
1.42 0.000923521327925
1.43 0.000679552437564
1.44 0.000389061545635
1.45 2.0483029569e-05
1.46 -0.000377415275982
1.47 -0.000682076198818
1.48 -0.000857884667283
1.49 -0.001071203937545
1.5 -0.001439415221564
1.51 -0.001753547640495
1.52 -0.001935304858573
1.53 -0.002075975957112
1.54 -0.002018008842722
1.55 -0.001756335213597
1.56 -0.001226140656206
1.57 -0.000261183127738
1.58 0.000721773401027
1.59 0.001214629260817
1.6 0.001202078293141
1.61 0.000893654548686
1.62 0.000339310433087
1.63 -0.0001986854701
1.64 -0.000414525862092
1.65 -0.000754243503304
1.66 -0.001246490158093
1.67 -0.001301176267067
1.68 -0.001200550566349
1.69 -0.001051233343579
1.7 -0.000642227345645
1.71 -0.00019179932958
1.72 0.000399651992142
1.73 0.000933223844436
1.74 0.001271238291838
1.75 0.001673664398235
1.76 0.002069756668688
1.77 0.00230748265803
1.78 0.002349408456296
1.79 0.001767275025346
1.8 0.000603946975683
1.81 -0.000486076710172
1.82 -0.00118275741016
1.83 -0.0012593234548
1.84 -0.001439308694284
1.85 -0.001502628954818
1.86 -0.001146794729607
1.87 -0.000322721229506
1.88 0.00095474152049
1.89 0.001766414639905
1.9 0.001901521272129
1.91 0.001176946436349
1.92 -0.000277970625326
1.93 -0.001541806685529
1.94 -0.002250050695875
1.95 -0.002855049087113
1.96 -0.003099545319551
1.97 -0.002698490286821
1.98 -0.002301196443427
1.99 -0.001599861767999
2.0 -0.000517134125083
2.01 0.000426763774935
2.02 0.001036894135576
2.03 0.00134235233003
2.04 0.001379386498317
2.05 0.001212053277511
2.06 0.001275605648433
2.07 0.001714173484715
2.08 0.001967502977523
2.09 0.002087694403079
2.1 0.001995703458814
2.11 0.001728170784828
2.12 0.001216782661834
2.13 0.000713027457478
2.14 0.000199340289589
2.15 -0.000493037093542
2.16 -0.000864417578081
2.17 -0.000805592682342
2.18 -0.000380217353016
2.19 6.9441468681e-05
2.2 0.000466402312745
2.21 0.000892358112184
2.22 0.001245005177699
2.23 0.001299152440984
2.24 0.00080639840413
2.25 -0.000215885702251
2.26 -0.001649049069115
2.27 -0.002752676152149
2.28 -0.003024646558221
2.29 -0.00291389986437
2.3 -0.002509304660789
2.31 -0.001651217850376
2.32 -0.000305068863648
2.33 0.000860960423453
2.34 0.001200877428298
2.35 0.001125034870838
2.36 0.000540363464973
2.37 -0.000489413457099
2.38 -0.000721401773661
2.39 -0.000474218446471
2.4 -0.00054368312455
2.41 -0.00023772448377
2.42 0.000308889170384
2.43 0.000731062946312
2.44 0.000520066237249
2.45 0.000303363931377
2.46 -0.000135145686607
2.47 -0.000830411498903
2.48 -0.000817407446081
2.49 -0.000364797033076
2.5 0.000495217804936
2.51 0.00146989236915
2.52 0.002402956220229
2.53 0.003118209834874
2.54 0.003198862986877
2.55 0.002848027134405
2.56 0.002356100183819
2.57 0.001222134733895
2.58 -0.000382579314554
2.59 -0.002129982388825
2.6 -0.003879805605018
2.61 -0.004924518438139
2.62 -0.005300255528998
2.63 -0.00472793604752
2.64 -0.003551133622533
2.65 -0.001887620408142
2.66 -5.1635393174e-05
2.67 0.001327298579158
2.68 0.002150681980783
2.69 0.002563215518859
2.7 0.00271227919083
2.71 0.002205581333114
2.72 0.001647160703911
2.73 0.001041114121077
2.74 0.000117214032095
2.75 -0.000532478580692
2.76 -0.000681359745451
2.77 -0.000202114492352
2.78 0.000702168727794
2.79 0.001816612838895
2.8 0.002927066284861
2.81 0.003587308472787
2.82 0.003638404621628
2.83 0.003202258355279
2.84 0.002385773878691
2.85 0.000332593091791
2.86 -0.002088362527639
2.87 -0.003843330887573
2.88 -0.005783023104353
2.89 -0.006712450558761
2.9 -0.006602841353054
2.91 -0.006495024025132
2.92 -0.005842944474639
2.93 -0.005083684959996
2.94 -0.004200992976929
2.95 -0.002599965409656
2.96 -9.3165853968e-05
2.97 0.003181960056729
2.98 0.005845215898773
2.99 0.006873715241373
3.0 0.007501989530842
3.01 0.007602184187534
3.02 0.006535109954523
3.03 0.00595706139565
3.04 0.005185487894051
3.05 0.001374092008886
3.06 -0.003387685925157
3.07 -0.006130997096115
3.08 -0.007748915454072
3.09 -0.008539445097747
3.1 -0.007487757106972
3.11 -0.004912675743079
3.12 -0.003061438224787
3.13 -0.001450874726125
3.14 0.000668708907838
3.15 7.4129570407e-05
3.16 -0.001874699776346
3.17 -0.003542149793019
3.18 -0.005487760274246
3.19 -0.00611120747697
3.2 -0.006400390732075
3.21 -0.0061888137572
3.22 -0.005823391170055
3.23 -0.005779778265854
3.24 -0.005468480697949
3.25 -0.005695515677911
3.26 -0.005401749584329
3.27 -0.006137641837112
3.28 -0.005579705629461
3.29 -0.004140894253116
3.3 -0.002023213860028
3.31 0.002837247163793
3.32 0.005625593572528
3.33 0.007389086007533
3.34 0.008106665007473
3.35 0.007383135658678
3.36 0.006077295933559
3.37 0.002380248565419
3.38 -0.001248996428622
3.39 -0.004379759838251
3.4 -0.004675169072432
3.41 -0.003845543113573
3.42 -0.004141804470527
3.43 -0.002266405213607
3.44 -0.003910871560677
3.45 -0.007309784781047
3.46 -0.006267076751429
3.47 -0.006936877637956
3.48 -0.007659273083251
3.49 -0.007441415106097
3.5 -0.006763485786072
3.51 -0.00642975065061
3.52 -0.005716446003109
3.53 -0.00356902222397
3.54 -0.002555490345438
3.55 0.000782401699649
3.56 0.003631128018386
3.57 0.005653907659814
3.58 0.007555575387222
3.59 0.007390537926981
3.6 0.007298827270181
3.61 0.006433575957276
3.62 0.006279551189574
3.63 0.006169365781412
3.64 0.005495280893499
3.65 0.005634429497431
3.66 0.00494366060396
3.67 0.003436211363176
3.68 0.001613548290813
3.69 0.000182063080648
3.7 3.0245902445e-05
3.71 0.000580810473504
3.72 0.001131977854436
3.73 0.000490840873
3.74 -0.00212297310467
3.75 -0.006089176864661
3.76 -0.008955148959173
3.77 -0.009575482023747
3.78 -0.00983930531589
3.79 -0.009082573074097
3.8 -0.007957647303825
3.81 -0.004709620620889
3.82 0.000918060750883
3.83 0.006541422897877
3.84 0.009762751389378
3.85 0.011717845159398
3.86 0.012035105848193
3.87 0.010429289488472
3.88 0.010645961846668
3.89 0.01095488349802
3.9 0.011046848530201
3.91 0.009431346880204
3.92 0.010360431223826
3.93 0.00942123197801
3.94 0.008990340491117
3.95 0.008594859220881
3.96 0.006905404261761
3.97 0.005545774834624
3.98 0.002441434113904
3.99 0.002175506464776
4.0 0.002322140930959
4.01 0.002646365603575
4.02 0.004671407134804
4.03 0.005654573510185
4.04 0.005051937452888
4.05 0.005273228773987
4.06 0.003939973835688
4.07 0.001710060916042
4.08 -0.001110300309363
4.09 -0.004056979402506
4.1 -0.006903163384667
4.11 -0.00712245212553
4.12 -0.006367758691727
4.13 -0.006565511767301
4.14 -0.001006149046819
4.15 0.005992515206418
4.16 0.009458548672116
4.17 0.010226791992395
4.18 0.012984857857455
4.19 0.010605173186083
4.2 0.006975252269073
4.21 0.010457874645573
4.22 0.008937164523813
4.23 0.00814909875165
4.24 0.005477771317105
4.25 1.833761981e-06
4.26 -0.004648534533841
4.27 -0.006156803010708
4.28 -0.006601634156786
4.29 -0.002585784652713
4.3 0.004320449596335
4.31 0.007067905223142
4.32 0.010488665562701
4.33 0.010545312481486
4.34 0.009204057339082
4.35 0.004336102534589
4.36 -0.001205001800282
4.37 -0.003059310719951
4.38 -0.005689473095213
4.39 -0.007348451724857
4.4 -0.004898928747311
4.41 -0.005263862842923
4.42 -0.005703052489525
4.43 -0.004614726777779
4.44 -0.00171181888134
4.45 0.004980347055552
4.46 0.010918305440823
4.47 0.012044064956678
4.48 0.015120734356121
4.49 0.014325412840958
4.5 0.011967609651258
4.51 0.012955730785663
4.52 0.009575408989476
4.53 0.001600554590974
4.54 -0.004291080244284
4.55 -0.005084201970863
4.56 -0.010179339260296
4.57 -0.008344254130152
4.58 -0.006252268030421
4.59 -0.009662172758601
4.6 -0.005673747984049
4.61 -0.000350962479461
4.62 0.007101112625696
4.63 0.00962712899689
4.64 0.012945059028683
4.65 0.015095114315416
4.66 0.012150334431023
4.67 0.014606974031224
4.68 0.013886984264155
4.69 0.011510939721881
4.7 0.008873296600606
4.71 0.004462944166496
4.72 -0.001383928292858
4.73 -0.003699326092599
4.74 -0.006726170403002
4.75 -0.008947958822185
4.76 -0.008255340526073
4.77 -0.007829856941378
4.78 -0.00732935284501
4.79 -0.002478992624835
4.8 0.007641373355196
4.81 0.010692439005129
4.82 0.014542085352647
4.83 0.019189052297624
4.84 0.016072684047818
4.85 0.017201475175189
4.86 0.016927581931657
4.87 0.015604213643787
4.88 0.013368163686543
4.89 0.009777852813043
4.9 0.011178189909089
4.91 0.006708212044585
4.92 0.008958309329548
4.93 0.006882097088696
4.94 0.002567016112135
4.95 -0.001018500079236
4.96 -0.003119703467783
4.97 -0.005796327821093
4.98 -0.006370151658041
4.99 -0.005538523857286
5.0 -0.0048035332282
5.01 -0.006194961674377
5.02 -0.006824974262967
5.03 -0.007660767548423
5.04 -0.008342022562005
5.05 -0.009511276071967
5.06 -0.009637117873862
5.07 -0.005813350770584
5.08 0.003802385028221
5.09 0.005418005149713
5.1 0.011012932028967
5.11 0.016052079303857
5.12 0.015470853384578
5.13 0.015730874425122
5.14 0.018421347263089
5.15 0.019837503758064
5.16 0.019191712875982
5.17 0.018248725984149
5.18 0.01761164327388
5.19 0.017081316958614
5.2 0.012495125017045
5.21 0.013664014531886
5.22 0.010819589346253
5.23 0.008246487294111
5.24 0.009347087125905
5.25 0.005954675513945
5.26 0.006049534933988
5.27 0.005820479687696
5.28 0.004964114198517
5.29 0.006795653769336
5.3 0.005403372206454
5.31 0.007629562561836
5.32 0.00720736909891
5.33 0.008184496978849
5.34 0.009199248612077
5.35 0.008292359309226
5.36 0.009359957908672
5.37 0.006942114186708
5.38 0.008837785949685
5.39 0.007224345025296
5.4 0.009268833726282
5.41 0.007010580188657
5.42 0.010146081468589
5.43 0.005625885334042
5.44 0.008926883623455
5.45 0.004897551281142
5.46 0.00408598036822
5.47 0.002487990996946
5.48 -0.001754956481806
5.49 -0.003457279576964
5.5 -0.004999228216167
5.51 -0.006840902721744
5.52 -0.006708409202082
5.53 -0.006724375476696
5.54 -0.00658834686036
5.55 -0.006115416356568
5.56 -0.006805557095468
5.57 -0.00677756087029
5.58 -0.00799765003903
5.59 -0.008314108843409
5.6 -0.009859929760904
5.61 -0.009494390107561
5.62 -0.010455199638179
5.63 -0.011047193539852
5.64 -0.011631554651851
5.65 -0.011987264980949
5.66 -0.013031504332542
5.67 -0.012826723934809
5.68 -0.014071765211026
5.69 -0.014591726620869
5.7 -0.015491928443465
5.71 -0.014515496901483
5.72 -0.015224399127407
5.73 -0.014593915868536
5.74 -0.015142063506122
5.75 -0.016080927199788
5.76 -0.016566787419278
5.77 -0.016304055618841
5.78 -0.011785442107222
5.79 -0.008868693711249
5.8 -0.007996326241287
5.81 -0.00715692150746
5.82 -0.007799963418934
5.83 -0.00848700326987
5.84 -0.010716064271883
5.85 -0.00870648355655
5.86 -0.011123960024569
5.87 -0.01238579700987
5.88 -0.01137533483095
5.89 -0.012911472662581
5.9 -0.010406989429429
5.91 -0.010539859718188
5.92 -0.010495814741149
5.93 -0.010557616557593
5.94 -0.014891734594286
5.95 -0.013855705961049
5.96 -0.01734225568033
5.97 -0.019329767526888
5.98 -0.016905100394408
5.99 -0.020291232750848
6.0 -0.019714387832423
6.01 -0.020573503841811
6.02 -0.019534659612673
6.03 -0.020317582717776
6.04 -0.017037248477822
6.05 -0.016722345429915
6.06 -0.016317468887884
6.07 -0.015752511427048
6.08 -0.013473483770735
6.09 -0.010773697414621
6.1 -0.011099517903041
6.11 -0.00659262484334
6.12 -0.008900491208531
6.13 -0.009241217382288
6.14 -0.009443721580841
6.15 -0.01102502653046
6.16 -0.013458160705633
6.17 -0.012981031557481
6.18 -0.011541457070488
6.19 -0.012920040553184
6.2 -0.010977291209048
6.21 -0.009087068753211
6.22 -0.011877995501191
6.23 -0.012504801629407
6.24 -0.010253505354926
6.25 -0.012554343877726
6.26 -0.010727930546702
6.27 -0.010003247645449
6.28 -0.009524733891216
6.29 -0.010529126367546
6.3 -0.010181863683776
6.31 -0.00979874869748
6.32 -0.01180624782783
6.33 -0.010809574021615
6.34 -0.010608273914661
6.35 -0.011347530476983
6.36 -0.010636356985896
6.37 -0.01063572832533
6.38 -0.008561116384133
6.39 -0.007913130474898
6.4 -0.008431030277395
6.41 -0.006400154266269
6.42 -0.006055838977648
6.43 -0.006490052879562
6.44 -0.006181621714089
6.45 -0.006359665659077
6.46 -0.007518612903521
6.47 -0.007241994431517
6.48 -0.004947223825821
6.49 -0.004684599523295
6.5 -0.002460180677918
6.51 -0.002136125533807
6.52 -0.001882128705781
6.53 -0.000986927695755
6.54 0.002134409642206
6.55 0.003165906900125
6.56 0.005155983932187
6.57 0.005426329204361
6.58 0.006076812729989
6.59 0.005151401916134
6.6 0.005693907298697
6.61 0.006125053947114
6.62 0.005491285573761
6.63 0.005855812435843
6.64 0.005823167000284
6.65 0.006270514477854
6.66 0.0070916361125
6.67 0.008215279975966
6.68 0.007648016491373
6.69 0.008218786778208
6.7 0.006511241002004
6.71 0.0065913420141
6.72 0.006097572197129
6.73 0.005699619124622
6.74 0.005576383723967
6.75 0.004218489802942
6.76 0.005154715348265
6.77 0.005657126657712
6.78 0.0062912780823
6.79 0.007322627532323
6.8 0.007604300012963
6.81 0.007516208032078
6.82 0.007702661605874
6.83 0.009340840730983
6.84 0.010566800502519
6.85 0.010323854058214
6.86 0.012089196340668
6.87 0.012211792581441
6.88 0.011916179422692
6.89 0.01337196652411
6.9 0.012504164366937
6.91 0.012280017498431
6.92 0.012204656664114
6.93 0.011750961920755
6.94 0.012370593534642
6.95 0.012359334944683
6.96 0.012108404837859
6.97 0.013793350326556
6.98 0.013025751432551
6.99 0.01551298434677
7.0 0.016971652326
7.01 0.017385713618207
7.02 0.018544788928789
7.03 0.018257647812923
7.04 0.018233810620576
7.05 0.016641458508913
7.06 0.016399723443141
7.07 0.016246763337617
7.08 0.01519105420251
7.09 0.016553378412454
7.1 0.016460537574688
7.11 0.014784753707053
7.12 0.014606228492739
7.13 0.01339106086761
7.14 0.011847382085753
7.15 0.009286430637995
7.16 0.009091743327261
7.17 0.007474577264162
7.18 0.003546912380089
7.19 0.003306579625477
7.2 0.003199801790417
7.21 0.000182150944036
7.22 0.001684721525065
7.23 0.001644059732081
7.24 -0.000735629639147
7.25 0.000411862841688
7.26 -0.00331019088491
7.27 -0.001385317662157
7.28 -0.006514112679366
7.29 -0.002222723471565
7.3 -0.001540047475756
7.31 -0.000397872347811
7.32 0.005089167277498
7.33 0.000795927161203
7.34 0.001950912877577
7.35 0.002534959537459
7.36 0.001786033865922
7.37 0.003368925331684
7.38 0.004993455259358
7.39 0.004125384325231
7.4 0.00469960243145
7.41 0.005590407942872
7.42 0.004923606852771
7.43 0.008716306277743
7.44 0.005681047411204
7.45 0.010368791658159
7.46 0.008336438597602
7.47 0.009886206846924
7.48 0.011097639431391
7.49 0.009414095389206
7.5 0.008603704013025
7.51 0.013138198749874
7.52 0.012548578407469
7.53 0.015250954949949
7.54 0.017441487999108
7.55 0.018976510631636
7.56 0.019188842181338
7.57 0.020476269634675
7.58 0.022151434995015
7.59 0.022726302405306
7.6 0.014885630501335
7.61 0.014354613519538
7.62 0.011183032371056
7.63 0.007346964279243
7.64 0.010652171291133
7.65 0.009143782330393
7.66 0.006469595280714
7.67 0.002382202087257
7.68 -0.000408753663505
7.69 -0.001562673393761
7.7 -0.003285800386058
7.71 -0.002455804714298
7.72 -0.004101403812331
7.73 -0.007011373122022
7.74 -0.007748995748582
7.75 -0.012190341771681
7.76 -0.0122337574079
7.77 -0.01457904421504
7.78 -0.013534263600542
7.79 -0.014175211900622
7.8 -0.011863239625812
7.81 -0.011442312045276
7.82 -0.011641877062614
7.83 -0.011292361090712
7.84 -0.01224229023048
7.85 -0.013794746336556
7.86 -0.017517859485606
7.87 -0.017718013183328
7.88 -0.019346124892894
7.89 -0.022226138519415
7.9 -0.015223256726287
7.91 -0.017423581401155
7.92 -0.016395008602637
7.93 -0.012615258509902
7.94 -0.016733667421449
7.95 -0.016291977076994
7.96 -0.014766892795682
7.97 -0.015099715582386
7.98 -0.014913206097109
7.99 -0.014697210189005
8.0 -0.012775250967913
8.01 -0.012209794704334
8.02 -0.013234661641192
8.03 -0.00967520503441
8.04 -0.007984559853634
8.05 -0.006617202663642
8.06 -0.006420896641075
8.07 -0.005501277632482
8.08 -0.003125605812095
8.09 -0.006440533785434
8.1 -0.00649209709025
8.11 -0.007702160102621
8.12 -0.00634577149372
8.13 -0.006858157172012
8.14 -0.004412991090416
8.15 -0.005831931415404
8.16 -0.006152128698663
8.17 -0.008256922946764
8.18 -0.014117241638186
8.19 -0.013186329310895
8.2 -0.013705215187427
8.21 -0.011991088092049
8.22 -0.013346318296178
8.23 -0.007962497922886
8.24 -0.006424926777025
8.25 -0.009068847032029
8.26 -0.006979682158478
8.27 -0.006401373915397
8.28 -0.007339774454528
8.29 -0.007132758378802
8.3 -0.004977189226575
8.31 -0.005344786465597
8.32 -0.003142051201062
8.33 -0.003395010405074
8.34 -0.000899702685896
8.35 -0.000421830282062
8.36 -0.000377557851703
8.37 0.002283688843819
8.38 0.002899094569699
8.39 0.005260596686864
8.4 0.00667593219858
8.41 0.007687958645639
8.42 0.00454247133562
8.43 0.007483376499395
8.44 -0.001063522871133
8.45 0.003413220754307
8.46 0.001866675794749
8.47 0.002501397325688
8.48 -0.001966665316634
8.49 -0.000985578314549
8.5 -0.004542079502388
8.51 -0.00923387365301
8.52 -0.008731527085053
8.53 -0.007753753543225
8.54 -0.009995177891468
8.55 -0.012859289955445
8.56 -0.009982236398982
8.57 -0.01115470754227
8.58 -0.013303591572899
8.59 -0.011190873113317
8.6 -0.013403454355478
8.61 -0.016985779729356
8.62 -0.015627113350441
8.63 -0.018758381784663
8.64 -0.020584000027403
8.65 -0.019501436303547
8.66 -0.021292036258863
8.67 -0.0177738619834
8.68 -0.020606103899949
8.69 -0.021793680128333
8.7 -0.019081880518332
8.71 -0.02622978997834
8.72 -0.026027419216826
8.73 -0.023294266897828
8.74 -0.024920869810516
8.75 -0.022934369510653
8.76 -0.019084731523756
8.77 -0.018090678341636
8.78 -0.01438933047327
8.79 -0.01051293838942
8.8 -0.007179722945719
8.81 -0.004943125420797
8.82 -0.004148816035282
8.83 -0.001857736444391
8.84 6.5899092372e-05
8.85 0.000754708458739
8.86 0.004435160220248
8.87 0.005588841491997
8.88 0.007841436509235
8.89 0.008601224917668
8.9 0.006337248031524
8.91 0.010013448522094
8.92 0.007439964016572
8.93 0.008836261128339
8.94 0.009198129193159
8.95 0.008873214834106
8.96 0.008841338017275
8.97 0.009407226903168
8.98 0.012130061239607
8.99 0.012456984854203
9.0 0.015394038436317
9.01 0.017262416577085
9.02 0.015715949991143
9.03 0.019791346386286
9.04 0.016541910245313
9.05 0.018274507701704
9.06 0.017693655924219
9.07 0.014880151457741
9.08 0.016390042655884
9.09 0.012810096631615
9.1 0.010629113827816
9.11 0.005865452389033
9.12 0.004547172248118
9.13 0.001900757969041
9.14 -0.0001618663291
9.15 0.00014036142983
9.16 -0.001987816826757
9.17 -0.002836936282824
9.18 -0.003827821332215
9.19 -0.004940864701308
9.2 -0.005113554052725
9.21 -0.005620319834331
9.22 -0.006484585811165
9.23 -0.007844058207457
9.24 -0.008226409418983
9.25 -0.009966766073145
9.26 -0.012003038954558
9.27 -0.012384689697325
9.28 -0.015324716152639
9.29 -0.016767148737289
9.3 -0.018150540690833
9.31 -0.022141341706992
9.32 -0.022038432882556
9.33 -0.015215275295306
9.34 -0.016315107107405
9.35 -0.016407777454686
9.36 -0.005838231046038
9.37 -0.010486134309275
9.38 -0.009147480910518
9.39 -0.008038171461207
9.4 -0.00450807978895
9.41 -0.008168550038264
9.42 -0.00653073367245
9.43 -0.005876392029063
9.44 -0.008038720093632
9.45 -0.008207375294717
9.46 -0.006383099432855
9.47 -0.00722452769767
9.48 -0.006417418062817
9.49 -0.005608940599858
9.5 -0.006521755651431
9.51 -0.007114084858156
9.52 -0.00350056873843
9.53 -0.004504393428708
9.54 -0.006412430183169
9.55 -0.00171355107722
9.56 -0.002373534622245
9.57 -0.001610278956667
9.58 0.000329211389733
9.59 -0.000269749176451
9.6 0.005258381568502
9.61 0.004429074120262
9.62 0.005812245122623
9.63 0.011599882348941
9.64 0.008245662277663
9.65 0.010362944929977
9.66 0.012884006834803
9.67 0.010918438747989
9.68 0.014148946604768
9.69 0.012277622409916
9.7 0.007962652033043
9.71 0.007990473140057
9.72 0.005678355034482
9.73 0.004474143142989
9.74 0.005043345905834
9.75 0.004973683114387
9.76 0.003930510283177
9.77 0.002267274220943
9.78 0.000838075643986
9.79 -0.000619760706823
9.8 -1.6053774696e-05
9.81 0.000350232588529
9.82 -0.000618177755882
9.83 -0.000469464518285
9.84 -0.0015733096725
9.85 -0.002646203899285
9.86 -0.003145442003615
9.87 -0.004755296432596
9.88 -0.006399392835569
9.89 -0.007480290579371
9.9 -0.008233838077405
9.91 -0.009574506790894
9.92 -0.00796309833561
9.93 -0.007782862328306
9.94 -0.008111584253303
9.95 -0.006911878837039
9.96 -0.008563813837306
9.97 -0.008550750501527
9.98 -0.010826914317585
9.99 -0.011516987344286
10.0 -0.016199620488492
10.01 -0.017616496959483
10.02 -0.01989103212136
10.03 -0.024602057071317
10.04 -0.013030517006762
10.05 -0.018890702703387
10.06 -0.016311640645097
10.07 -0.007318708210056
10.08 -0.017638608025861
10.09 -0.011670559799017
10.1 -0.007243348397098
10.11 -0.002534114279159
10.12 -0.000672942503815
10.13 0.004492596844158
10.14 0.006945763539268
10.15 0.001322553366205
10.16 0.006846817822942
10.17 0.003941177127359
10.18 0.007143807254658
10.19 0.006952999789099
10.2 0.007714856986653
10.21 0.008286597381803
10.22 0.008746975045077
10.23 0.0083121644024
10.24 0.009974695271303
10.25 0.009159509436773
10.26 0.012306069606715
10.27 0.014032531461979
10.28 0.015833842804281
10.29 0.018861647659728
10.3 0.019453374491274
10.31 0.024197146148968
10.32 0.025101380961183
10.33 0.017586524221599
10.34 0.025456291856783
10.35 0.017476949629244
10.36 0.011390095962026
10.37 0.026371520580389
10.38 0.012296928015635
10.39 0.021031028826452
10.4 0.012155532941387
10.41 0.014329780176284
10.42 0.007562864201834
10.43 0.005901583524442
10.44 0.012450909398784
10.45 0.002906653311326
10.46 0.008206338507051
10.47 0.005167983067699
10.48 0.003972775154463
10.49 0.003080374347019
10.5 0.002669117736763
10.51 0.003470396856802
10.52 0.003146728255202
10.53 0.003797822719172
10.54 0.002724370762084
10.55 0.003528836661851
10.56 0.003272452666461
10.57 0.001716240752812
10.58 0.001805875251055
10.59 -0.001739384699077
10.6 -0.002043797153394
10.61 -0.00582166602361
10.62 -0.00561290849513
10.63 0.002272319280894
10.64 -0.002041737854533
10.65 0.004037399750124
10.66 0.007517266094731
10.67 0.00198758766758
10.68 0.004478468808006
10.69 0.00543456939376
10.7 0.005121926831419
10.71 0.005804571788728
10.72 0.007878909053767
10.73 0.00681644951786
10.74 0.007204278095037
10.75 0.008522522388399
10.76 0.008467827194253
10.77 0.007405012859384
10.78 0.007955214310438
10.79 0.006834449286776
10.8 0.006937932167874
10.81 0.00371644662411
10.82 0.003144292135546
10.83 0.002598335588786
10.84 0.000667636814714
10.85 0.001294317502797
10.86 0.002473217873955
10.87 0.001650402712807
10.88 0.002023161674572
10.89 0.001183366119747
10.9 0.000325712272939
10.91 -0.000840176269718
10.92 -0.001921762864125
10.93 -0.003101544603032
10.94 -0.000581208572593
10.95 -0.002406684543227
10.96 -0.000642339848868
10.97 0.000314627477618
10.98 -0.004462228318188
10.99 -0.003955349053231
11.0 -0.007084146896688
11.01 -0.007927427081541
11.02 -0.008057674298418
11.03 -0.008087193040574
11.04 -0.007105629477663
11.05 -0.007614938232382
11.06 -0.006295284198234
11.07 -0.007539000753628
11.08 -0.007241713391579
11.09 -0.006411902589903
11.1 -0.00552154019852
11.11 -0.004212775246334
11.12 -0.004984921831919
11.13 -0.003737668006397
11.14 -0.002727833236116
11.15 -0.003395355158704
11.16 -0.001621923787751
11.17 0.001318492425101
11.18 0.002515398910497
11.19 0.002856209431361
11.2 0.004870054972797
11.21 0.006350604865853
11.22 0.006799433734634
11.23 0.007211331721969
11.24 0.009270272286097
11.25 0.007900340678856
11.26 0.006225857309515
11.27 0.006935648248405
11.28 0.003259936157439
11.29 0.005867443158346
11.3 0.003339407018034
11.31 0.004763344710843
11.32 0.003044901451667
11.33 0.003130378879009
11.34 0.001869309140562
11.35 0.002305990332223
11.36 0.003638984200183
11.37 0.001398591132936
11.38 0.003889919690195
11.39 0.002611737279619
11.4 0.00181242658273
11.41 0.000344770706787
11.42 -0.000830890081813
11.43 -0.002852727160274
11.44 -0.004803858341545
11.45 -0.003199550598999
11.46 -0.004804313796714
11.47 -0.002554993845153
11.48 0.001389738531989
11.49 0.0011430291283
11.5 0.003435675961661
11.51 0.00347738832744
11.52 0.001661973244852
11.53 0.001121528343564
11.54 -0.000485958847699
11.55 0.001703390919377
11.56 0.002810150661103
11.57 0.004566817107303
11.58 0.006548567767335
11.59 0.00446954085661
11.6 0.004800756657447
11.61 0.005945799360406
11.62 0.00569500723497
11.63 0.007636489320171
11.64 0.008770530279522
11.65 0.008781947846431
11.66 0.008749437460046
11.67 0.009738861013593
11.68 0.008858789152463
11.69 0.010536479412236
11.7 0.010720284556689
11.71 0.01008427518238
11.72 0.01254475679374
11.73 0.012404004519307
11.74 0.014018441936552
11.75 0.013665825052093
11.76 0.014580084702989
11.77 0.014724779841391
11.78 0.01486385189734
11.79 0.016666999798068
11.8 0.016980235500295
11.81 0.020973440053454
11.82 0.020529457971593
11.83 0.023203523862545
11.84 0.025395916815318
11.85 0.024584637434283
11.86 0.026956905123372
11.87 0.02610489171833
11.88 0.025105074226179
11.89 0.025696398615504
11.9 0.023280838478027
11.91 0.023277458369444
11.92 0.023882539134241
11.93 0.022396946280338
11.94 0.020088694449331
11.95 0.020238365212007
11.96 0.018789101982747
11.97 0.015252728852373
11.98 0.017288647268738
11.99 0.014354290833421
12.0 0.012813736048517
12.01 0.012406448248087
12.02 0.012196217395936
12.03 0.011190641204233
12.04 0.010244479524716
12.05 0.011616644050326
12.06 0.010500796632001
12.07 0.011623309166875
12.08 0.012240474086273
12.09 0.013291346668971
12.1 0.012314740596816
12.11 0.013960299460703
12.12 0.011235583947352
12.13 0.010830667333645
12.14 0.008749219332822
12.15 0.007564469266167
12.16 0.006714124216006
12.17 0.007194461528128
12.18 0.008034585166235
12.19 0.008658832174387
12.2 0.010982642240809
12.21 0.009078013581573
12.22 0.010037405650221
12.23 0.008177412282171
12.24 0.007421959935305
12.25 0.007893848412447
12.26 0.008740336961777
12.27 0.009987168092261
12.28 0.009953867629174
12.29 0.010065797806734
12.3 0.010394926150374
12.31 0.009694470879194
12.32 0.010587298031909
12.33 0.01154385195399
12.34 0.011229359047696
12.35 0.011664051908564
12.36 0.011616785259223
12.37 0.010986742985315
12.38 0.010400131236472
12.39 0.006411738761203
12.4 0.008837660231588
12.41 0.004876041811524
12.42 0.007088281824549
12.43 0.007198118243776
12.44 0.007286543497101
12.45 0.009149187333169
12.46 0.008615809301928
12.47 0.008766995632053
12.48 0.009277382161862
12.49 0.008769136580695
12.5 0.008263114840921
12.51 0.008524532883077
12.52 0.007895467959511
12.53 0.008312628561205
12.54 0.007746820990949
12.55 0.009466753527198
12.56 0.008393792226349
12.57 0.010197972036978
12.58 0.007882616538768
12.59 0.007052274611345
12.6 0.004723299653814
12.61 0.000872576059977
12.62 0.000508446606022
12.63 -0.002128098083363
12.64 -0.00107153320511
12.65 -0.00087407289658
12.66 0.000121349395525
12.67 0.001324810247994
12.68 0.000236532613984
12.69 0.000468571666563
12.7 -0.000965909157305
12.71 -0.000750595298462
12.72 -0.001806106105549
12.73 -0.001699049223421
12.74 -0.002166968984198
12.75 -0.002694339660436
12.76 -0.001775618352183
12.77 -0.003221472686005
12.78 -0.001311817357136
12.79 -0.002526167802296
12.8 -0.002445455268223
12.81 -0.002787269572299
12.82 -0.003984679274266
12.83 -0.004628215161219
12.84 -0.00540394267942
12.85 -0.006173975246771
12.86 -0.006054795033046
12.87 -0.006779370476973
12.88 -0.006455482169523
12.89 -0.006927453885082
12.9 -0.007140106342825
12.91 -0.006414027488549
12.92 -0.006823732741299
12.93 -0.006049149969975
12.94 -0.005945409948392
12.95 -0.005491115851379
12.96 -0.005582518570267
12.97 -0.005107643830627
12.98 -0.004606612894008
12.99 -0.004651673103682
13.0 -0.00124956388152
13.01 0.000560329051026
13.02 0.002992873096324
13.03 0.003859468895687
13.04 0.004494650657655
13.05 0.004258580722443
13.06 0.004180807500892
13.07 0.004943308188002
13.08 0.003918294176218
13.09 0.003579585061599
13.1 0.000133152461189
13.11 -0.001449416628631
13.12 -0.002068272219381
13.13 -0.002586401263447
13.14 -0.002069039160867
13.15 -0.000754413188228
13.16 -0.000648612122218
13.17 -0.000901600001081
13.18 -0.001451577202833
13.19 -0.002600979646104
13.2 -0.002141528771316
13.21 -0.003849325352853
13.22 -0.004730620519873
13.23 -0.004700540941749
13.24 -0.005877721973818
13.25 -0.005841141701378
13.26 -0.006073945488354
13.27 -0.006166148104432
13.28 -0.006819388426006
13.29 -0.007548253674877
13.3 -0.008604337586131
13.31 -0.009126471324826
13.32 -0.009352207241411
13.33 -0.009720810443159
13.34 -0.009683348040479
13.35 -0.009430931447501
13.36 -0.00779690881278
13.37 -0.006890257505012
13.38 -0.006013434665861
13.39 -0.004677672150592
13.4 -0.004778556360675
13.41 -0.005523888394198
13.42 -0.003998902281559
13.43 -0.005090142305489
13.44 -0.004475816255751
13.45 -0.004135527436383
13.46 -0.004869510856723
13.47 -0.005122056249987
13.48 -0.005229551485337
13.49 -0.005444698773158
13.5 -0.005755962601877
13.51 -0.006156647742132
13.52 -0.006125547224943
13.53 -0.007172726042867
13.54 -0.006670947482941
13.55 -0.007496162231305
13.56 -0.007585570373594
13.57 -0.00779732012826
13.58 -0.007995161845301
13.59 -0.008207871149097
13.6 -0.008866798760041
13.61 -0.008672150934594
13.62 -0.00909902498713
13.63 -0.008737243776336
13.64 -0.00766076996442
13.65 -0.006870884482844
13.66 -0.007243017157574
13.67 -0.00695291532635
13.68 -0.007592411789986
13.69 -0.008440298053854
13.7 -0.009154804251027
13.71 -0.009776371510855
13.72 -0.010385007554364
13.73 -0.011153357057418
13.74 -0.011511663332355
13.75 -0.010927986129852
13.76 -0.011061292511346
13.77 -0.01137736680939
13.78 -0.011296184415929
13.79 -0.011163532967806
13.8 -0.010692470746545
13.81 -0.010571151154761
13.82 -0.009358498149108
13.83 -0.009443133377085
13.84 -0.009742961829846
13.85 -0.009535746686783
13.86 -0.009425227936706
13.87 -0.009661857230006
13.88 -0.009052880859478
13.89 -0.008791734607022
13.9 -0.008513880435523
13.91 -0.008836587042798
13.92 -0.008552061732993
13.93 -0.008668176976123
13.94 -0.009111787291898
13.95 -0.00870507623711
13.96 -0.008272159710868
13.97 -0.007423627058064
13.98 -0.007037929227982
13.99 -0.006303622883463
14.0 -0.005193728149835
14.01 -0.005893189168167
14.02 -0.005550101441842
14.03 -0.004845226050705
14.04 -0.007023857757225
14.05 -0.004620465925124
14.06 -0.005949004326887
14.07 -0.005660885448092
14.08 -0.005313798987129
14.09 -0.006876169119255
14.1 -0.005929036134181
14.11 -0.006976163851958
14.12 -0.006603958529816
14.13 -0.006286541254732
14.14 -0.006998141930666
14.15 -0.006780033890236
14.16 -0.006805314661226
14.17 -0.007256691609865
14.18 -0.006897489140144
14.19 -0.006976750445335
14.2 -0.007009567900148
14.21 -0.006621169786809
14.22 -0.007098861553929
14.23 -0.00682906971146
14.24 -0.00688053148884
14.25 -0.007318076519667
14.26 -0.00675582424139
14.27 -0.006220140117433
14.28 -0.006083159566951
14.29 -0.005523667674777
14.3 -0.00510481530981
14.31 -0.005810154370694
14.32 -0.005489134433793
14.33 -0.005535604151102
14.34 -0.004795393583236
14.35 -0.002070113319123
14.36 0.000372379751545
14.37 0.002211815824957
14.38 0.002365964053785
14.39 0.001965560649634
14.4 0.001560428468762
14.41 0.001093946126527
14.42 0.001208558847702
14.43 0.001716237135993
14.44 0.001245509788451
14.45 0.001375028777288
14.46 0.000296346669912
14.47 -0.002440642394719
14.48 -0.003483943817788
14.49 -0.006049581016519
14.5 -0.007645257776715
14.51 -0.007420494237852
14.52 -0.008516348255605
14.53 -0.007582533243901
14.54 -0.008161392437599
14.55 -0.007181830509322
14.56 -0.006637215204096
14.57 -0.005830712170508
14.58 -0.005025718575966
14.59 -0.005712920146195
14.6 -0.004209632917632
14.61 -0.005128981848891
14.62 -0.005402766216333
14.63 -0.005017808951903
14.64 -0.006721451144352
14.65 -0.006354533093803
14.66 -0.00696886241772
14.67 -0.006965654800652
14.68 -0.007473120651559
14.69 -0.009294506124005
14.7 -0.014411272405385
14.71 -0.015306438474905
14.72 -0.016747658288885
14.73 -0.018268105968999
14.74 -0.015869947288876
14.75 -0.0160778395294
14.76 -0.016061030014156
14.77 -0.016602829586625
14.78 -0.015988587525739
14.79 -0.0152952761156
14.8 -0.01462019805062
14.81 -0.014049108989772
14.82 -0.01422740342726
14.83 -0.013063672907551
14.84 -0.012757718556659
14.85 -0.012748865033888
14.86 -0.010067501711824
14.87 -0.011324269211704
14.88 -0.010375405898262
14.89 -0.009481960436607
14.9 -0.011057960290908
14.91 -0.00949103363896
14.92 -0.01030401872672
14.93 -0.010057017263095
14.94 -0.009522718596992
14.95 -0.010372148746918
14.96 -0.009426202629241
14.97 -0.009834727899232
14.98 -0.009607864776158
14.99 -0.009352047564024
15.0 -0.009487060226245
15.01 -0.008574459008118
15.02 -0.00892204344601
15.03 -0.00801320194158
15.04 -0.008233889208229
15.05 -0.008427831938614
15.06 -0.007958351394249
15.07 -0.009013631711153
15.08 -0.008825536976083
15.09 -0.009121515802528
15.1 -0.009487484642949
15.11 -0.009141253886029
15.12 -0.009152440451566
15.13 -0.008911661762207
15.14 -0.009380483511235
15.15 -0.008857287573427
15.16 -0.009737651202069
15.17 -0.009319021208571
15.18 -0.008975539083881
15.19 -0.009079679372735
15.2 -0.008880573976793
15.21 -0.00918057260597
15.22 -0.009245463210664
15.23 -0.009500419240465
15.24 -0.008556123291783
15.25 -0.009288598094281
15.26 -0.008200047397755
15.27 -0.008185776655283
15.28 -0.008247280065384
15.29 -0.007753817250238
15.3 -0.006321212624464
15.31 -0.004382280101929
15.32 -0.002160112498526
15.33 0.000686326623007
15.34 0.000741746380656
15.35 0.001241191085583
15.36 0.000793547845722
15.37 0.000230596685034
15.38 0.000644153566569
15.39 0.000254170840709
15.4 0.000518785432486
15.41 7.4879440461e-05
15.42 2.236855683e-05
15.43 0.000456384653305
15.44 0.000644034249098
15.45 -4.7297608053e-05
15.46 -0.001386091343781
15.47 -0.003677889037448
15.48 -0.005881220449924
15.49 -0.006696345392309
15.5 -0.007500727583723
15.51 -0.007092839538562
15.52 -0.007691689594464
15.53 -0.007087734800398
15.54 -0.007229818642738
15.55 -0.007135481596784
15.56 -0.006115736864531
15.57 -0.005909550968734
15.58 -0.00566194263445
15.59 -0.00481639691196
15.6 -0.00437784961873
15.61 -0.003206078933646
15.62 0.002701498519636
15.63 0.003798452908036
15.64 0.00683346429962
15.65 0.008229786082735
15.66 0.007224951666171
15.67 0.007455763924818
15.68 0.005792031677796
15.69 0.007794006818011
15.7 0.006693394871688
15.71 0.005226381258358
15.72 0.005495721358436
15.73 0.006191873022508
15.74 0.004025987628876
15.75 0.006532835128847
15.76 0.005266031141275
15.77 0.00523155491825
15.78 0.003221981941123
15.79 0.004066921375637
15.8 0.002673705124949
15.81 0.003799464330679
15.82 0.004630070004489
15.83 0.005187851314216
15.84 0.005998851539496
15.85 0.00549226408482
15.86 0.005623190016816
15.87 0.005807255953708
15.88 0.005089068659275
15.89 0.005414197132283
15.9 0.005515905019542
15.91 0.005068249248255
15.92 0.003531395645829
15.93 0.003701883042137
15.94 0.00243684580333
15.95 0.000890521716681
15.96 0.001873412596853
15.97 -0.000243899972358
15.98 0.003065373546127
15.99 0.000154408858686
16.0 0.004203307496519
16.01 0.002060702680872
16.02 0.001273456150223
16.03 0.003632449286943
16.04 0.002115100438057
16.05 0.004036387950013
16.06 0.004795516924892
16.07 0.005611726564128
16.08 0.005586396242531
16.09 0.00576351407434
16.1 0.006125157272464
16.11 0.005027327667288
16.12 0.005812520256521
16.13 0.004478207632418
16.14 0.003998806151777
16.15 0.003817785718239
16.16 0.003374480678365
16.17 0.003468554771952
16.18 0.003964527093089
16.19 0.005395780157624
16.2 0.005376160637942
16.21 0.006558421432271
16.22 0.006769118290581
16.23 0.007308670224426
16.24 0.006433823179985
16.25 0.008090414909972
16.26 0.006650407578974
16.27 0.006646362241026
16.28 0.008102951251143
16.29 0.004540085676813
16.3 0.004258659155361
16.31 0.001146439366673
16.32 -9.5582261727e-05
16.33 -0.001044392797262
16.34 -0.001240993111238
16.35 -0.000287307676092
16.36 -7.1740850061e-05
16.37 0.002082433606543
16.38 0.006658592766731
16.39 0.009710411408345
16.4 0.010547715976679
16.41 0.01308829936866
16.42 0.012465194127065
16.43 0.012155993350585
16.44 0.012782978786705
16.45 0.010927218277106
16.46 0.010088867422586
16.47 0.008744283680542
16.48 0.007845767564492
16.49 0.009513047035178
16.5 0.009549674730582
16.51 0.008606487674146
16.52 0.008720270972949
16.53 0.008820140069141
16.54 0.007139246161722
16.55 0.008696519961219
16.56 0.007413887422798
16.57 0.008181556409999
16.58 0.008048155162264
16.59 0.007078002713413
16.6 0.007444788325134
16.61 0.007815154883326
16.62 0.007034813726715
16.63 0.007171526371424
16.64 0.007972703270791
16.65 0.006506874812095
16.66 0.006579416150397
16.67 0.005396683090037
16.68 0.004276197546522
16.69 0.005127290558635
16.7 0.003348204880661
16.71 0.004941678494685
16.72 0.005006247436531
16.73 0.004448886333117
16.74 0.005790454130843
16.75 0.004649709237974
16.76 0.005251286628544
16.77 0.005106329455358
16.78 0.004973288833587
16.79 0.005549938146417
16.8 0.005350948259621
16.81 0.006270134466546
16.82 0.005280878156019
16.83 0.00556524828005
16.84 0.005378405306758
16.85 0.00469914834465
16.86 0.00517438774214
16.87 0.005061510284519
16.88 0.004739879624506
16.89 0.00537550907785
16.9 0.004385910342334
16.91 0.004887511507696
16.92 0.004522696920466
16.93 0.003723866710564
16.94 0.004131164843459
16.95 0.004590799434181
16.96 0.004782410399979
16.97 0.005677598013212
16.98 0.005859728504484
16.99 0.00615051171351
17.0 0.006177007868476
17.01 0.005795777049266
17.02 0.006416965273491
17.03 0.005854778919875
17.04 0.004667881504459
17.05 0.002471217941706
17.06 -0.000469877522005
17.07 -0.00225026555026
17.08 -0.00351124869952
17.09 -0.003088181822956
17.1 -0.002389604524472
17.11 -0.002795077151031
17.12 -0.0023286893332
17.13 -0.002129734919204
17.14 -0.002076876127763
17.15 -0.000203131181683
17.16 0.002405821629043
17.17 0.005020042811217
17.18 0.007896620474449
17.19 0.008010107223662
17.2 0.009830457546012
17.21 0.009411896443702
17.22 0.008199141610409
17.23 0.007850972015868
17.24 0.0081299169895
17.25 0.006087054479139
17.26 0.005780503744806
17.27 0.006850780812844
17.28 0.005351419491323
17.29 0.00551652244048
17.3 0.005913958161441
17.31 0.00504564558837
17.32 0.004624829537385
17.33 0.003720552084547
17.34 0.003665272473608
17.35 0.003368270495245
17.36 0.002911116796643
17.37 0.002570872841894
17.38 0.002113585526111
17.39 0.001212370120133
17.4 0.000660574691649
17.41 0.000332784182973
17.42 -7.193033637e-06
17.43 7.9823052476e-05
17.44 -0.000656912653737
17.45 -0.00104673103026
17.46 0.000194072160634
17.47 -0.00026524873097
17.48 0.001183798220565
17.49 0.00154185676101
17.5 0.000948104839503
17.51 0.00085770428322
17.52 0.0008238714524
17.53 -7.8722547869e-05
17.54 0.000554311409891
17.55 0.000860202722697
17.56 -0.000795806022946
17.57 0.000517565464817
17.58 -0.000836806585807
17.59 -0.000572322966399
17.6 -0.000712539716679
17.61 -0.00192212931093
17.62 -0.00195818555769
17.63 -0.003645553671574
17.64 -0.003402486493468
17.65 -0.003674392928204
17.66 -0.004343103091407
17.67 -0.003511752645817
17.68 -0.004480307183043
17.69 -0.003748593002722
17.7 -0.003506109110478
17.71 -0.003751159349539
17.72 -0.003673951135303
17.73 -0.004691467117804
17.74 -0.004318634108409
17.75 -0.005348208282231
17.76 -0.004904537597274
17.77 -0.004554582876145
17.78 -0.004723182241852
17.79 -0.004606259982218
17.8 -0.004173316423066
17.81 -0.004655541173113
17.82 -0.004277442249373
17.83 -0.004798191463003
17.84 -0.005072944121107
17.85 -0.005392207355112
17.86 -0.00619884832611
17.87 -0.00631794245301
17.88 -0.006795206529994
17.89 -0.006547911632051
17.9 -0.007736498392771
17.91 -0.005951192501141
17.92 -0.006228966274302
17.93 -0.005165437815642
17.94 -0.004100524265551
17.95 -0.003846385450848
17.96 -0.001099291526648
17.97 0.00131945559257
17.98 0.005360965543491
17.99 0.007199452339378
18.0 0.009944149045105
18.01 0.00898228479528
18.02 0.008705377875634
18.03 0.009082000455638
18.04 0.008319133507507
18.05 0.00850139026771
18.06 0.008280826688317
18.07 0.006655867951776
18.08 0.007444324980162
18.09 0.006841672354405
18.1 0.006939622700887
18.11 0.007492244150587
18.12 0.007727215030728
18.13 0.007327802933833
18.14 0.008656822937065
18.15 0.009254045597765
18.16 0.009117019039729
18.17 0.009329499421959
18.18 0.009961664186652
18.19 0.006604112003908
18.2 0.00555338944484
18.21 0.005590351865471
18.22 0.000595044518667
18.23 0.001057386233136
18.24 0.000814339935925
18.25 -0.000871282137939
18.26 -0.000263550488164
18.27 0.001060519767604
18.28 0.001311326584564
18.29 0.002482341129098
18.3 0.004945833789266
18.31 0.005679724351941
18.32 0.006273198478124
18.33 0.007510159850243
18.34 0.007524029818918
18.35 0.0075903265143
18.36 0.007880230792094
18.37 0.007923763407861
18.38 0.007778037748764
18.39 0.007194841660556
18.4 0.007574749024632
18.41 0.006705861539317
18.42 0.007101033798603
18.43 0.007031455751498
18.44 0.007712178715349
18.45 0.008211234630624
18.46 0.008339083186601
18.47 0.00777073628155
18.48 0.00739992127927
18.49 0.006856956123453
18.5 0.005535464553271
18.51 0.006001612800118
18.52 0.005213767412326
18.53 0.004983082239261
18.54 0.005946741305921
18.55 0.00552984631217
18.56 0.005949389562407
18.57 0.005561554370739
18.58 0.005790490958235
18.59 0.005985852762536
18.6 0.005639309495792
18.61 0.006842813423961
18.62 0.006686178050017
18.63 0.0062959061386
18.64 0.006799960279089
18.65 0.006314379057283
18.66 0.006398769498039
18.67 0.005991698172696
18.68 0.0061141106229
18.69 0.005628344110425
18.7 0.005057902370822
18.71 0.0050037330226
18.72 0.003130925760176
18.73 -8.5735510554e-05
18.74 -0.002727531176217
18.75 -0.004336126100173
18.76 -0.005244410703902
18.77 -0.004890426173587
18.78 -0.003913185444527
18.79 -0.002960970376207
18.8 -0.000615201059117
18.81 0.001843453899595
18.82 0.001166685439177
18.83 0.002878821890588
18.84 0.003302179068957
18.85 -0.000603043161616
18.86 0.000743442648697
18.87 -0.000633961425497
18.88 -0.002637718694594
18.89 -0.002480171229952
18.9 -0.004033775848217
18.91 -0.004177628312123
18.92 -0.004436511900366
18.93 -0.004337885604876
18.94 -0.003482675255359
18.95 -0.003644208313288
18.96 -0.003673390231518
18.97 -0.003117117792059
18.98 -0.003673237434774
18.99 -0.003301830212798
19.0 -0.002583005419627
19.01 -0.002114121365029
19.02 -0.001952398803336
19.03 -0.002320337776687
19.04 -0.001940784189565
19.05 -0.003004185121191
19.06 -0.003227332005071
19.07 -0.003222125714535
19.08 -0.003872802867252
19.09 -0.003877533334145
19.1 -0.004841889610586
19.11 -0.004669327119853
19.12 -0.005780958112931
19.13 -0.00548505320588
19.14 -0.00608594217735
19.15 -0.006175373892145
19.16 -0.006328945836176
19.17 -0.006667651569505
19.18 -0.006880841428406
19.19 -0.00717082670108
19.2 -0.007058115996774
19.21 -0.007987578275475
19.22 -0.00679338228814
19.23 -0.007467166431342
19.24 -0.006174435241005
19.25 -0.006453514092412
19.26 -0.006465567490871
19.27 -0.005805481310004
19.28 -0.006441397281382
19.29 -0.004747194156864
19.3 -0.003637648768401
19.31 -0.00091763836838
19.32 0.001610161071192
19.33 0.002679637301083
19.34 0.003605859987002
19.35 0.003404819962075
19.36 0.002665371712111
19.37 0.002203966672561
19.38 -0.000596155928476
19.39 -0.003943254009955
19.4 -0.00528607801803
19.41 -0.00663212576656
19.42 -0.00652380029683
19.43 -0.005317749111294
19.44 -0.003257681085008
19.45 -0.00301913422858
19.46 -0.002195243237997
19.47 -0.00213555683806
19.48 -0.001874801719344
19.49 -0.002198956278812
19.5 -0.002712142370993
19.51 -0.002229223441925
19.52 -0.002580442196271
19.53 -0.002726652186631
19.54 -0.002410499063344
19.55 -0.002502057358475
19.56 -0.002701945719829
19.57 -0.002494750561686
19.58 -0.002294281638018
19.59 -0.002593531740789
19.6 -0.002119519786392
19.61 -0.001269420314452
19.62 -0.000844655502558
19.63 -0.000486559865385
19.64 0.000297451117176
19.65 0.000180253643708
19.66 0.001285211316381
19.67 0.000650507462149
19.68 0.001351094942817
19.69 0.001964041882178
19.7 0.001888915576151
19.71 0.004186358121016
19.72 0.005495219570651
19.73 0.008249028327218
19.74 0.010271407880571
19.75 0.010295152688385
19.76 0.010559950395068
19.77 0.009570515019937
19.78 0.008594990573146
19.79 0.008881418814138
19.8 0.008674113959216
19.81 0.008854266903777
19.82 0.009029201031546
19.83 0.008310981453308
19.84 0.007006488149295
19.85 0.007921188753774
19.86 0.006406641565058
19.87 0.006581951891727
19.88 0.008473027349088
19.89 0.006570763339237
19.9 0.008497271374525
19.91 0.008024673766566
19.92 0.007875138540029
19.93 0.007703541742083
19.94 0.008621145174496
19.95 0.007688024840467
19.96 0.007122373811664
19.97 0.007873758536687
19.98 0.006194246858583
19.99 0.006140592948344
20.0 0.006132200849006
20.01 0.005800111676786
20.02 0.005248727836002
20.03 0.006305582553645
20.04 0.004944467773183
20.05 0.004681459995634
20.06 0.005315821666485
20.07 0.004472931757765
20.08 0.005803709999848
20.09 0.005615975751101
20.1 0.005901118120123
20.11 0.005815470404497
20.12 0.00583102725402
20.13 0.005537425710983
20.14 0.005125857561344
20.15 0.005217458140315
20.16 0.004425623016893
20.17 0.004391668513006
20.18 0.003837061269079
20.19 0.002914502670858
20.2 0.001734134778123
20.21 -0.000361891014202
20.22 -0.001844700859314
20.23 -0.003136892673675
20.24 -0.003756053950832
20.25 -0.004599349483202
20.26 -0.004276803864443
20.27 -0.004516931519934
20.28 -0.004644931114581
20.29 -0.003981067198289
20.3 -0.004526773343227
20.31 -0.004559372535323
20.32 -0.005171819844365
20.33 -0.005279735045779
20.34 -0.005546690905112
20.35 -0.005138021689215
20.36 -0.004954759872205
20.37 -0.005214857561427
20.38 -0.004875644476397
20.39 -0.005080328974163
20.4 -0.005001427674777
20.41 -0.005282672814
20.42 -0.005523647624766
20.43 -0.005576204729498
20.44 -0.00584505454562
20.45 -0.006188061116991
20.46 -0.006137243858949
20.47 -0.006444297903956
20.48 -0.006075517341536
20.49 -0.006104069571699
20.5 -0.005982156541059
20.51 -0.005722534764646
20.52 -0.006196047289461
20.53 -0.006075332550271
20.54 -0.005128360930382
20.55 -0.003134156414411
20.56 -0.00159787152126
20.57 -0.001429415141598
20.58 -0.001803350941226
20.59 -0.003070700193579
20.6 -0.003074516996503
20.61 -0.003035036545285
20.62 -0.002262381941503
20.63 -0.002230685752974
20.64 -0.002685954977107
20.65 -0.003245134446911
20.66 -0.003342708442252
20.67 -0.003390800333085
20.68 -0.003519579768315
20.69 -0.003731736379605
20.7 -0.004548461378378
20.71 -0.004648536285473
20.72 -0.005029582247717
20.73 -0.005426616630549
20.74 -0.005547106358481
20.75 -0.005624197092112
20.76 -0.005945779158375
20.77 -0.00571649429899
20.78 -0.00590363594718
20.79 -0.005779814980524
20.8 -0.005683664520521
20.81 -0.005617505295521
20.82 -0.005531709356786
20.83 -0.005615705353335
20.84 -0.005556173581844
20.85 -0.0056239623314
20.86 -0.005562929726913
20.87 -0.005208937748197
20.88 -0.005201578571469
20.89 -0.005264486160568
20.9 -0.005073709820198
20.91 -0.0050614748893
20.92 -0.00429880523328
20.93 -0.004040769621849
20.94 -0.003954577954226
20.95 -0.003424829897589
20.96 -0.003988928712988
20.97 -0.00411954793091
20.98 -0.00434442191303
20.99 -0.005135545416786
21.0 -0.00532832145026
21.01 -0.005649791769891
21.02 -0.00575980649633
21.03 -0.005486503652299
21.04 -0.005904704802746
21.05 -0.005964396192388
21.06 -0.005874622365082
21.07 -0.005821223458918
21.08 -0.005889791141453
21.09 -0.005439381922991
21.1 -0.005570630764448
21.11 -0.005737781573033
21.12 -0.005537748709051
21.13 -0.005678414161373
21.14 -0.005426496254766
21.15 -0.005604904792587
21.16 -0.006008821479807
21.17 -0.006193179501593
21.18 -0.006782442441849
21.19 -0.006923595728107
21.2 -0.006688523303547
21.21 -0.006550281091629
21.22 -0.006136733235759
21.23 -0.006144961437513
21.24 -0.005568588309746
21.25 -0.005985047353827
21.26 -0.005019943014183
21.27 -0.004886543306213
21.28 -0.004482307078675
21.29 -0.004801863652668
21.3 -0.004969000884683
21.31 -0.004596218734549
21.32 -0.005339886988955
21.33 -0.004896980963526
21.34 -0.004042256874925
21.35 -0.003810644791293
21.36 -0.00369006922402
21.37 -0.002840192994583
21.38 -0.002496236191681
21.39 -0.002540101527292
21.4 -0.001754322452174
21.41 -0.001397803082419
21.42 -0.001123922270654
21.43 -0.00123195267731
21.44 -0.001558360021236
21.45 -0.001125783532929
21.46 -0.002416537053642
21.47 -0.001653471202073
21.48 -0.001979152418229
21.49 -0.002295358910358
21.5 -0.00234107324204
21.51 -0.002559767926749
21.52 -0.002747371921578
21.53 -0.003308152364347
21.54 -0.002453962660917
21.55 -0.003113780549569
21.56 -0.002590739008979
21.57 -0.001936825416852
21.58 -0.00210376303753
21.59 -0.001117229867503
21.6 -0.000378037154903
21.61 0.000436022408538
21.62 0.001660211453364
21.63 0.002546848007121
21.64 0.003275337328187
21.65 0.004679834700263
21.66 0.005358484400461
21.67 0.00621069670416
21.68 0.007068581553027
21.69 0.007306519792641
21.7 0.007155637986578
21.71 0.007207471955198
21.72 0.006944112282639
21.73 0.006785947601091
21.74 0.00699875622498
21.75 0.006807215306272
21.76 0.007111679579805
21.77 0.007441907322856
21.78 0.007609073939072
21.79 0.007690619219506
21.8 0.007701687811205
21.81 0.007645829077602
21.82 0.007321362613278
21.83 0.007247086332967
21.84 0.007234047317184
21.85 0.006904106128002
21.86 0.00675894965516
21.87 0.006555621974964
21.88 0.005861917531815
21.89 0.004616253382003
21.9 0.003468418375381
21.91 0.002188147481101
21.92 0.001912647484713
21.93 0.001963955144504
21.94 0.002668798114327
21.95 0.003058168848745
21.96 0.003562201868088
21.97 0.003646958707687
21.98 0.004063194974759
21.99 0.004115183988321
22.0 0.003869301840099
22.01 0.003888594985363
22.02 0.003825246796007
22.03 0.003965792680509
22.04 0.004462254998417
22.05 0.004948561660689
22.06 0.005160169877404
22.07 0.005547795053687
22.08 0.005667799243512
22.09 0.005632232491093
22.1 0.005659329853419
22.11 0.005806113577561
22.12 0.005656412869029
22.13 0.005802437828046
22.14 0.00556214669693
22.15 0.005522302256699
22.16 0.005424181728174
22.17 0.003787458634248
22.18 0.003987115727281
22.19 0.003169108818518
22.2 0.00274447018847
22.21 0.003292180236601
22.22 0.003233665155009
22.23 0.002916408459229
22.24 0.003004901218106
22.25 0.001895561749715
22.26 0.00025838134263
22.27 -0.001637927851205
22.28 -0.004039312165826
22.29 -0.00467630957439
22.3 -0.004814725309806
22.31 -0.004543979820564
22.32 -0.004075829021189
22.33 -0.004357288466865
22.34 -0.004811810493036
22.35 -0.004629540755729
22.36 -0.003718142072985
22.37 -0.00070006547731
22.38 0.001883532520831
22.39 0.002328874604153
22.4 0.003135771947516
22.41 0.00441063810068
22.42 0.003690277997628
22.43 0.003585646977672
22.44 0.004591933787638
22.45 0.004310988486106
22.46 0.003783024912494
22.47 0.003363739282625
22.48 0.00339815143897
22.49 0.001733259092917
22.5 -3.7391016083e-05
22.51 -0.001328688255284
22.52 -0.003106629062991
22.53 -0.004892796130234
22.54 -0.006134205962641
22.55 -0.007195751578105
22.56 -0.007881346650479
22.57 -0.008144238832789
22.58 -0.00822620170742
22.59 -0.007534686116759
22.6 -0.007681018785854
22.61 -0.00762602983555
22.62 -0.006867160500276
22.63 -0.00697034173062
22.64 -0.006574646798516
22.65 -0.00592281001617
22.66 -0.006499681253499
22.67 -0.00628012261519
22.68 -0.007199705634605
22.69 -0.007219627777148
22.7 -0.007790593355134
22.71 -0.00791196165422
22.72 -0.007432131620963
22.73 -0.007836582538216
22.74 -0.007532125109317
22.75 -0.007672522536526
22.76 -0.008054485499461
22.77 -0.007656909043181
22.78 -0.007664432694961
22.79 -0.00738598131065
22.8 -0.007019502879836
22.81 -0.006846416350071
22.82 -0.007260970438553
22.83 -0.00704779765258
22.84 -0.007584263371771
22.85 -0.007186552248804
22.86 -0.007418654704188
22.87 -0.007137869193319
22.88 -0.007449416274285
22.89 -0.007163761030757
22.9 -0.007330976741196
22.91 -0.007441640180881
22.92 -0.006793435943549
22.93 -0.007072589271949
22.94 -0.00654575974812
22.95 -0.006768631589364
22.96 -0.006641948755888
22.97 -0.006071137350589
22.98 -0.00643552605703
22.99 -0.005723671757193
23.0 -0.005657038238772
23.01 -0.006009194960674
23.02 -0.005970675064718
23.03 -0.006043021751335
23.04 -0.006073568466276
23.05 -0.005935610429426
23.06 -0.005435612802641
23.07 -0.005495030629237
23.08 -0.00512144590157
23.09 -0.005024521162661
23.1 -0.004584980290572
23.11 -0.004165499241215
23.12 -0.004088140543445
23.13 -0.003679305912072
23.14 -0.00361530751806
23.15 -0.003410536359645
23.16 -0.003458089979077
23.17 -0.003054300762192
23.18 -0.00250435414218
23.19 -0.001635621768579
23.2 -0.000772467048995
23.21 0.000206818619404
23.22 0.000755356180441
23.23 0.000618694724891
23.24 0.000576516356926
23.25 0.000588590070835
23.26 0.000358074518309
23.27 0.000431217015174
23.28 0.000536360934848
23.29 0.00043765518292
23.3 0.000508992189496
23.31 0.000499957730002
23.32 0.000762662037618
23.33 0.000917698011832
23.34 0.00130743517479
23.35 0.001782825197183
23.36 0.002323255474286
23.37 0.002987869382854
23.38 0.003775607806779
23.39 0.004568627277066
23.4 0.004968156532486
23.41 0.005479989138076
23.42 0.005878777370686
23.43 0.006023736128874
23.44 0.005940347032462
23.45 0.005899465396873
23.46 0.006036763292306
23.47 0.005842142653588
23.48 0.005876954375011
23.49 0.005958720875313
23.5 0.005877432230068
23.51 0.005937815196434
23.52 0.005809747063981
23.53 0.005917121017495
23.54 0.005809223917692
23.55 0.005746231944577
23.56 0.005939643657691
23.57 0.0058201458324
23.58 0.00578827945548
23.59 0.005962966803852
23.6 0.006040752775698
23.61 0.006212646278448
23.62 0.006353091253208
23.63 0.006346157679666
23.64 0.006373423841664
23.65 0.006296443172102
23.66 0.00633073739405
23.67 0.006413944672037
23.68 0.006401157457616
23.69 0.006297187414694
23.7 0.006128135851449
23.71 0.006016908334488
23.72 0.005760168220457
23.73 0.005847692450055
23.74 0.005812463919364
23.75 0.005704027384276
23.76 0.005858311128783
23.77 0.005720287659542
23.78 0.005634068394385
23.79 0.005466972064786
23.8 0.005064579407266
23.81 0.004377597686938
23.82 0.003422146227504
23.83 0.002840732060259
23.84 0.00195891566102
23.85 0.001590961587958
23.86 0.001369475183935
23.87 0.001441667519287
23.88 0.001713732033781
23.89 0.002130101705265
23.9 0.002585404343349
23.91 0.002642377152706
23.92 0.002867019620616
23.93 0.00321140935099
23.94 0.003230935197045
23.95 0.003401131717617
23.96 0.003150217598382
23.97 0.003322284325555
23.98 0.003167841369122
23.99 0.003095679041355
24.0 0.00297460246731
24.01 0.002702200514629
24.02 0.00244253856508
24.03 0.002261433887022
24.04 0.002559419789276
24.05 0.0029642215673
24.06 0.003002307680031
24.07 0.003157910309775
24.08 0.002990924285984
24.09 0.002652880041081
24.1 0.002102262030781
24.11 0.001109495597443
24.12 0.000363729697614
24.13 -0.000654802489858
24.14 -0.00102499337497
24.15 -0.001228301687728
24.16 -0.001593982370852
24.17 -0.002245803610655
24.18 -0.002611052642642
24.19 -0.001480983925709
24.2 0.001426402947481
24.21 0.002253430133245
24.22 0.002184702347086
24.23 0.003821523303319
24.24 0.001628474273074
24.25 -0.000142554950158
24.26 0.000723752454297
24.27 -0.001576460116556
24.28 -0.002411415667668
24.29 -0.001901209772176
24.3 -0.003072603953534
24.31 -0.002768740119291
24.32 -0.003178977098052
24.33 -0.003804231531531
24.34 -0.003725192232221
24.35 -0.004047421147889
24.36 -0.004458671806894
24.37 -0.004391420840925
24.38 -0.004938198533625
24.39 -0.005194454186764
24.4 -0.00514719865299
24.41 -0.005329150621723
24.42 -0.005681215251923
24.43 -0.005775711519228
24.44 -0.00586530053586
24.45 -0.006030398685288
24.46 -0.005911595272037
24.47 -0.005802248393582
24.48 -0.0057887681772
24.49 -0.0056272120589
24.5 -0.005445008124812
24.51 -0.005353726532769
24.52 -0.005255954428398
24.53 -0.005117448635731
24.54 -0.005225061642427
24.55 -0.004979231655303
24.56 -0.00507360283505
24.57 -0.004983405158563
24.58 -0.004685908581247
24.59 -0.004914519412288
24.6 -0.00448639095347
24.61 -0.004431049407078
24.62 -0.004319620302313
24.63 -0.004319801272487
24.64 -0.004081033750278
24.65 -0.004243258129654
24.66 -0.004197060572728
24.67 -0.004066814369164
24.68 -0.004278879436876
24.69 -0.00412779140957
24.7 -0.004401443424404
24.71 -0.004349408237761
24.72 -0.004373806847259
24.73 -0.004498369838309
24.74 -0.004476741560465
24.75 -0.004565135641778
24.76 -0.004679503986418
24.77 -0.004983085041334
24.78 -0.004835938857072
24.79 -0.005172230536865
24.8 -0.005078266633016
24.81 -0.005105510928186
24.82 -0.005056581672421
24.83 -0.005024070635721
24.84 -0.0048139301099
24.85 -0.004691937931593
24.86 -0.004544701265201
24.87 -0.004310501678973
24.88 -0.00433197472922
24.89 -0.004103775342811
24.9 -0.003913810507507
24.91 -0.003496293296616
24.92 -0.002105517913127
24.93 -0.000345142867724
24.94 0.001725467095554
 
 
 
 
 
 
 
 
 
 
 
 
 
 
 
 
 
 
 
 
 
 
 
 
 
 
 
 
 
 
 
 
 
 
 
 
 
 
 
 
 
 
 
 
 
 
 
 
 
 
 
 
 
 
 
 
 
 
 
 
 
 
 
 
 
 
 
 
 
 
 
 
 
 
 
 
 
 
 
 
 
 
 
 
 
 
 
 
 
 
 
 
 
 
 
 
 
 
 
 
 
 
 
 
 
 
 
 
 
 
 
 
 
 
 
 
 
 
 
 
 
 
 
 
 
 
 
 
 
 
 
 
 
 
 
 
 
 
 
 
 
 
 
 
 
 
 
 
 
 
 
 
 
 
 
 
 
 
 
 
 
 
 
 
 
 
 
 
 
 
 
 
 
 
 
 
 
 
 
 
 
 
 
 
 
 
 
 
 
 
 
 
 
 
 
 
 
 
 
 
 
 
 
 
 
 
 
 
 
 
 
 
 
 
 
 
 
 
 
 
 
 
 
 
 
 
 
 
 
 
 
 
 
 
 
 
 
 
 
 
 
 
 
 
 
 
 
 
 
 
 
 
 
 
 
 
 
 
 
 
 
 
 
 
 
 
 
 
 
 
 
 
 
 
 
 
 
 
 
 
 
 
 
 
 
 
 
 
 
 
 
 
 
 
 
 
 
 
 
 
 
 
 
 
 
 
 
 
 
 
 
 
 
 
 
 
 
 
 
 
 
 
 
 
 
 
 
 
 
 
 
 
 
 
 
 
 
 
 
 
 
 
 
 
 
 
 
 
 
 
 
 
 
 
 
 
 
 
 
 
 
 
 
 
 
 
 
 
 
 
 
 
 
 
 
 
 
 
 
 
 
 
 
 
 
 
 
 
 
 
 
 
 
 
 
 
 
 
 
 
 
 
 
 
 
 
 
 
 
 
 
 
 
 
 
 
 
 
 
 
 
 
 
 
 
 
 
 
 
 
 
 
 
 
 
 
 
 
 
 
 
 
 
 
 
 
 
 
 
 
 
 
 
 
 
 
 
 
 
 
 
 
 
 
 
 
 
 
 
 
 
 
 
 
 
 
 
 
 
 
 
 
 
 
 
 
 
 
 
 
 
 
 
 
 
 
 
 
 
 
 
 
 
 
 
 
 
 
 
 
 
 
 
 
 
 
 
 
 
 
 
 
 
 
 
 
 
 
 
 
 
 
 
 
 
 
 
 
 
 
 
 
 
 
 
 
 
 
 
 
 
 
 
 
 
 
 
 
 
 
 
 
 
 
 
 
 
 
 
 
 
 
 
 
 
 
 
 
 
 
 
 
 
 
 
 
 
 
 
 
 
 
 
 
 
 
 
 
 
 
 
 
 
 
 
 
 
 
 
 
 
 
 
 
 
 
 
 
 
 
 
 
 
 
 
 
 
 
 
 
 
 
 
 
 
 
 
 
 
 
 
 
 
 
 
 
 
 
 
 
 
 
 
 
 
 
 
 
 
 
 
 
 
 
 
 
 
 
 
 
 
 
 
 
 
 
 
 
 
 
 
 
 
 
 
 
 
 
 
 
 
 
 
 
 
 
 
 
 
 
 
 
 
 
 
 
 
 
 
 
 
 
 
 
 
 
 
 
 
 
 
 
 
 
 
 
 
 
 
 
 
 
 
 
 
 
 
 
 
 
 
 
 
 
 
 
 
 
 
 
 
 
 
 
 
 
 
 
 
 
 
 
 
 
 
 
 
 
 
 
 
 
 
 
 
 
 
 
 
 
 
 
 
 
 
 
 
 
 
 
 
 
 
 
 
 
 
 
 
 
 
 
 
 
 
 
 
 
 
 
 
 
 
 
 
 
 
 
 
 
 
 
 
 
 
 
 
 
 
 
 
 
 
 
 
 
 
 
 
 
 
 
 
 
 
 
 
 
 
 
 
 
 
 
 
 
 
 
 
 
 
 
 
 
 
 
 
 
 
 
 
 
 
 
 
 
 
 
 
 
 
 
 
 
 
 
 
 
 
 
 
 
 
 
 
 
 
 
 
 
 
 
 
 
 
 
 
 
 
 
 
 
 
 
 
 
 
 
 
 
 
 
 
 
 
 
 
 
 
 
 
 
 
 
 
 
 
 
 
 
 
 
 
 
 
 
 
 
 
 
 
 
 
 
 
 
 
 
 
 
 
 
 
 
 
 
 
 
 
 
 
 
 
 
 
 
 
 
 
 
 
 
 
 
 
 
 
 
 
 
 
 
 
 
 
 
 
 
 
 
 
 
 
 
 
 
 
 
 
 
 
 
 
 
 
 
 
 
 
 
 
 
 
 
 
 
 
 
 
 
 
 
 
 
 
 
 
 
 
 
 
 
 
 
 
 
 
 
 
 
 
 
 
 
 
 
 
 
 
 
 
 
 
 
 
 
 
 
 
 
 
 
 
 
 
 
 
 
 
 
 
 
 
 
 
 
 
 
 
 
 
 
 
 
 
 
 
 
 
 
 
 
 
 
 
 
 
 
 
 
 
 
 
 
 
 
 
 
 
 
 
 
 
 
 
 
 
 
 
 
 
 
 
 
 
 
 
 
 
 
 
 
 
 
 
 
 
 
 
 
 
 
 
 
 
 
 
 
 
 
 
 
 
 
 
 
 
 
 
 
 
 
 
 
 
 
 
 
 
 
 
 
 
 
 
 
 
 
 
 
 
 
 
 
 
 
 
 
 
 
 
 
 
 
 
 
 
 
 
 
 
 
 
 
 
 
 
 
 
 
 
 
 
 
 
 
 
 
 
 
 
 
 
 
 
 
 
 
 
 
 
 
 
 
 
 
 
 
 
 
 
 
 
 
 
 
 
 
 
 
 
 
 
 
 
 
 
 
 
 
 
 
 
 
 
 
 
 
 
 
 
 
 
 
 
 
 
 
 
 
 
 
 
 
 
 
 
 
 
 
 
 
 
 
 
 
 
 
 
 
 
 
 
 
 
 
 
 
 
 
 
 
 
 
 
 
 
 
 
 
 
 
 
 
 
 
 
 
 
 
 
 
 
 
 
 
 
 
 
 
 
 
 
 
 
 
 
 
 
 
 
 
 
 
 
 
 
 
 
 
 
 
 
 
 
 
 
 
 
 
 
 
 
 
 
 
 
 
 
 
 
 
 
 
 
 
 
 
 
 
 
 
 
 
 
 
 
 
 
 
 
 
 
 
 
 
 
 
 
 
 
 
 
 
 
 
 
 
 
 
 
 
 
 
 
 
 
 
 
 
 
 
 
 
 
 
 
 
 
 
 
 
 
 
 
 
 
 
 
 
 
 
 
 
 
 
 
 
 
 
 
 
 
 
 
 
 
 
 
 
 
 
 
 
 
 
 
 
 
 
 
 
 
 
 
 
 
 
 
 
 
 
 
 
 
 
 
 
 
 
 
 
 
 
 
 
 
 
 
 
 
 
 
 
 
 
 
 
 
 
 
 
 
 
 
 
 
 
 
 
 
 
 
 
 
 
 
 
 
 
 
 
 
 
 
 
 
 
 
 
 
 
 
 
 
 
 
 
 
 
 
 
 
 
 
 
 
 
 
 
 
 
 
 
 
 
 
 
 
 
 
 
 
 
 
 
 
 
 
 
 
 
 
 
 
 
 
 
 
 
 
 
 
 
 
 
 
 
 
 
 
 
 
 
 
 
 
 
 
 
 
 
 
 
 
 
 
 
 
 
 
 
 
 
 
 
 
 
 
 
 
 
 
 
 
 
 
 
 
 
 
 
 
 
 
 
 
 
 
 
 
 
 
 
 
 
 
 
 
 
 
 
 
 
 
 
 
 
 
 
 
 
 
 
 
 
 
 
 
 
 
 
 
 
 
 
 
 
 
 
 
 
 
 
 
 
 
 
 
 
 
 
 
 
 
 
 
 
 
 
 
 
 
 
 
 
 
 
 
 
 
 
 
 
 
 
 
 
 
 
 
 
 
 
 
 
 
 
 
 
 
 
 
 
 
 
 
 
 
 
 
 
 
 
 
 
 
 
 
 
 
 
 
 
 
 
 
 
 
 
 
 
 
 
 
 
 
 
 
 
 
 
 
 
 
 
 
 
 
 
 
 
 
 
 
 
 
 
 
 
 
 
 
 
 
 
 
 
 
 
 
 
 
 
 
 
 
 
 
 
 
 
 
 
 
 
 
 
 
 
 
 
 
 
 
 
 
 
 
 
 
 
 
 
 
 
 
 
 
 
 
 
 
 
 
 
 
 
 
 
 
 
 
 
 
 
 
 
 
 
 
 
 
 
 
 
 
 
 
 
 
 
 
 
 
 
 
 
 
 
 
 
 
 
 
 
 
 
 
 
 
 
 
 
 
 
 
 
 
 
 
 
 
 
 
 
 
 
 
 
 
 
 
 
 
 
 
 
 
 
 
 
 
 
 
 
 
 
 
 
 
 
 
 
 
 
 
 
 
 
 
 
 
 
 
 
 
 
 
 
 
 
 
 
 
 
 
 
 
 
 
 
 
 
 
 
 
 
 
 
 
 
 
 
 
 
 
 
 
 
 
 
 
 
 
 
 
 
 
 
 
 
 
 
 
 
 
 
 
 
 
 
 
 
 
 
 
 
 
 
 
 
 
 
 
 
 
 
 
 
 
 
 
 
 
 
 
 
 
 
 
 
 
 
 
 
 
 
 
 
 
 
 
 
 
 
 
 
 
 
 
 
 
 
 
 
 
 
 
 
 
 
 
 
 
 
 
 
 
 
 
 
 
 
 
 
 
 
 
 
 
 
 
 
 
 
 
 
 
 
 
 
 
 
 
 
 
 
 
 
 
 
 
 
 
 
 
 
 
 
 
 
 
 
 
 
 
 
 
 
 
 
 
 
 
 
 
 
 
 
 
 
 
 
 
 
 
 
 
 
 
 
 
 
 
 
 
 
 
 
 
 
 
 
 
 
 
 
 
 
 
 
 
 
 
 
 
 
 
 
 
 
 
 
 
 
 
 
 
 
 
 
 
 
 
 
 
 
 
 
 
 
 
 
 
 
 
 
 
 
 
 
 
 
 
 
 
 
 
 
 
 
 
 
 
 
 
 
 
 
 
 
 
 
 
 
 
 
 
 
 
 
 
 
 
 
 
 
 
 
 
 
 
 
 
 
 
 
 
 
 
 
 
 
 
 
 
 
 
 
 
 
 
 
 
 
 
 
 
 
 
 
 
 
 
 
 
 
 
 
 
 
 
 
 
 
 
 
 
 
 
 
 
 
 
 
 
 
 
 
 
 
 
 
 
 
 
 
 
 
 
 
 
 
 
 
 
 
 
 
 
 
 
 
 
 
 
 
 
 
 
 
 
 
 
 
 
 
 
 
 
 
 
 
 
 
 
 
 
 
 
 
 
 
 
 
 
 
 
 
 
 
 
 
 
 
 
 
 
 
 
 
 
 
 
 
 
 
 
 
 
 
 
 
 
 
 
 
 
 
 
 
 
 
 
 
 
 
 
 
 
 
 
 
 
 
 
 
 
 
 
 
 
 
 
 
 
 
 
 
 
 
 
 
 
 
 
 
 
 
 
 
 
 
 
 
 
 
 
 
 
 
 
 
 
 
 
 
 
 
 
 
 
 
 
 
 
 
 
 
 
 
 
 
 
 
 
 
 
 
 
 
 
 
 
 
 
 
 
 
 
 
 
 
 
 
 
 
 
 
 
 
 
 
 
 
 
 
 
 
 
 
 
 
 
 
 
 
 
 
 
 
 
 
 
 
 
 
 
 
 
 
 
 
 
 
 
 
 
 
 
 
 
 
 
 
 
 
 
 
 
 
 
 
 
 
 
 
 
 
 
 
 
 
 
 
 
 
 
 
 
 
 
 
 
 
 
 
 
 
 
 
 
 
 
 
 
 
 
 
 
 
 
 
 
 
 
 
 
 
 
 
 
 
 
 
 
 
 
 
 
 
 
 
 
 
 
 
 
 
 
 
 
 
 
 
 
 
 
 
 
 
 
 
 
 
 
 
 
 
 
 
 
 
 
 
 
 
 
 
 
 
 
 
 
 
 
 
 
 
 
 
 
 
 
 
 
 
 
 
 
 
 
 
 
 
 
 
 
 
 
 
 
 
 
 
 
 
 
 
 
 
 
 
 
 
 
 
 
 
 
 
 
 
 
 
 
 
 
 
 
 
 
 
 
 
 
 
 
 
 
 
 
 
 
 
 
 
 
 
 
 
 
 
 
 
 
 
 
 
 
 
 
 
 
 
 
 
 
 
 
 
 
 
 
 
 
 
 
 
 
 
 
 
 
 
 
 
 
 
 
 
 
 
 
 
 
 
 
 
 
 
 
 
 
 
 
 
 
 
 
 
 
 
 
 
 
 
 
 
 
 
 
 
 
 
 
 
 
 
 
 
 
 
 
 
 
 
 
 
 
 
 
 
 
 
 
 
 
 
 
 
 
 
 
 
 
 
 
 
 
 
 
 
 
 
 
 
 
 
 
 
 
 
 
 
 
 
 
 
 
 
 
 
 
 
 
 
 
 
 
 
 
 
 
 
 
 
 
 
 
 
 
 
 
 
 
 
 
 
 
 
 
 
 
 
 
 
 
 
 
 
 
 
 
 
 
 
 
 
 
 
 
 
 
 
 
 
 
 
 
 
 
 
 
 
 
 
 
 
 
 
 
 
 
 
 
 
 
 
 
 
 
 
 
 
 
 
 
 
 
 
 
 
 
 
 
 
 
 
 
 
 
 
 
 
 
 
 
 
 
 
 
 
 
 
 
 
 
 
 
 
 
 
 
 
 
 
 
 
 
 
 
 
 
 
 
 
 
 
 
 
 
 
 
 
 
 
 
 
 
 
 
 
 
 
 
 
 
 
 
 
 
 
 
 
 
 
 
 
 
 
 
 
 
 
 
 
 
 
 
 
 
 
 
 
 
 
 
 
 
 
 
 
 
 
 
 
 
 
 
 
 
 
 
 
 
 
 
 
 
 
 
 
 
 
 
 
 
 
 
 
 
 
 
 
 
 
 
 
 
 
 
 
 
 
 
 
 
 
 
 
 
 
 
 
 
 
 
 
 
 
 
 
 
 
 
 
 
 
 
 
 
 
 
 
 
 
 
 
 
 
 
 
 
 
 
 
 
 
 
 
 
 
 
 
 
 
 
 
 
 
 
 
 
 
 
 
 
 
 
 
 
 
 
 
 
 
 
 
 
 
 
 
 
 
 
 
 
 
 
 
 
 
 
 
 
 
 
 
 
 
 
 
 
 
 
 
 
 
 
 
 
 
 
 
 
 
 
 
 
 
 
 
 
 
 
 
 
 
 
 
 
 
 
 
 
 
 
 
 
 
 
 
 
 
 
 
 
 
 
 
 
 
 
 
 
 
 
 
 
 
 
 
 
 
 
 
 
 
 
 
 
 
 
 
 
 
 
 
 
 
 
 
 
 
 
 
 
 
 
 
 
 
 
 
 
 
 
 
 
 
 
 
 
 
 
 
 
 
 
 
 
 
 
 
 
 
 
 
 
 
 
 
 
 
 
 
 
 
 
 
 
 
 
 
 
 
 
 
 
 
 
 
 
 
 
 
 
 
 
 
 
 
 
 
 
 
 
 
 
 
 
 
 
 
 
 
 
 
 
 
 
 
 
 
 
 
 
 
 
 
 
 
 
 
 
 
 
 
 
 
 
 
 
 
 
 
 
 
 
 
 
 
 
 
 
 
 
 
 
 
 
 
 
 
 
 
 
 
 
 
 
 
 
 
 
 
 
 
 
 
 
 
 
 
 
 
 
 
 
 
 
 
 
 
 
 
 
 
 
 
 
 
 
 
 
 
 
 
 
 
 
 
 
 
 
 
 
 
 
 
 
 
 
 
 
 
 
 
 
 
 
 
 
 
 
 
 
 
 
 
 
 
 
 
 
 
 
 
 
 
 
 
 
 
 
 
 
 
 
 
 
 
 
 
 
 
 
 
 
 
 
 
 
 
 
 
 
 
 
 
 
 
 
 
 
 
 
 
 
 
 
 
 
 
 
 
 
 
 
 
 
 
 
 
 
 
 
 
 
 
 
 
 
 
 
 
 
 
 
 
 
 
 
 
 
 
 
 
 
 
 
 
 
 
 
 
 
 
 
 
 
 
 
 
 
 
 
 
 
 
 
 
 
 
 
 
 
 
 
 
 
 
 
 
 
 
 
 
 
 
 
 
 
 
 
 
 
 
 
 
 
 
 
 
 
 
 
 
 
 
 
 
 
 
 
 
 
 
 
 
 
 
 
 
 
 
 
 
 
 
 
 
 
 
 
 
 
 
 
 
 
 
 
 
 
 
 
 
 
 
 
 
 
 
 
 
 
 
 
 
 
 
 
 
 
 
 
 
 
 
 
 
 
 
 
 
 
 
 
 
 
 
 
 
 
 
 
 
 
 
 
 
 
 
 
 
 
 
 
 
 
 
 
 
 
 
 
 
 
 
 
 
 
 
 
 
 
 
 
 
 
 
 
 
 
 
 
 
 
 
 
 
 
 
 
 
 
 
 
 
 
 
 
 
 
 
 
 
 
 
 
 
 
 
 
 
 
 
 
 
 
 
 
 
 
 
 
 
 
 
 
 
 
 
 
 
 
 
 
 
 
 
 
 
 
 
 
 
 
 
 
 
 
 
 
 
 
 
 
 
 
 
 
 
 
 
 
 
 
 
 
 
 
 
 
 
 
 
 
 
 
 
 
 
 
 
 
 
 
 
 
 
 
 
 
 
 
 
 
 
 
 
 
 
 
 
 
 
 
 
 
 
 
 
 
 
 
 
 
 
 
 
 
 
 
 
 
 
 
 
 
 
 
 
 
 
 
 
 
 
 
 
 
 
 
 
 
 
 
 
 
 
 
 
 
 
 
 
 
 
 
 
 
 
 
 
 
 
 
 
 
 
 
 
 
 
 
 
 
 
 
 
 
 
 
 
 
 
 
 
 
 
 
 
 
 
 
 
 
 
 
 
 
 
 
 
 
 
 
 
 
 
 
 
 
 
 
 
 
 
 
 
 
 
 
 
 
 
 
 
 
 
 
 
 
 
 
 
 
 
 
 
 
 
 
 
 
 
 
 
 
 
 
 
 
 
 
 
 
 
 
 
 
 
 
 
 
 
 
 
 
 
 
 
 
 
 
 
 
 
 
 
 
 
 
 
 
 
 
 
 
 
 
 
 
 
 
 
 
 
 
 
 
 
 
 
 
 
 
 
 
 
 
 
 
 
 
 
 
 
 
 
 
 
 
 
 
 
 
 
 
 
 
 
 
 
 
 
 
 
 
 
 
 
 
 
 
 
 
 
 
 
 
 
 
 
 
 
 
 
 
 
 
 
 
 
 
 
 
 
 
 
 
 
 
 
 
 
 
 
 
 
 
 
 
 
 
 
 
 
 
 
 
 
 
 
 
 
 
 
 
 
 
 
 
 
 
 
 
 
 
 
 
 
 
 
 
 
 
 
 
 
 
 
 
 
 
 
 
 
 
 
 
 
 
 
 
 
 
 
 
 
 
 
 
 
 
 
 
 
 
 
 
 
 
 
 
 
 
 
 
 
 
 
 
 
 
 
 
 
 
 
 
 
 
 
 
 
 
 
 
 
 
 
 
 
 
 
 
 
 
 
 
 
 
 
 
 
 
 
 
 
 
 
 
 
 
 
 
 
 
 
 
 
 
 
 
 
 
 
 
 
 
 
 
 
 
 
 
 
 
 
 
 
 
 
 
 
 
 
 
 
 
 
 
 
 
 
 
 
 
 
 
 
 
 
 
 
 
 
 
 
 
 
 
 
 
 
 
 
 
 
 
 
 
 
 
 
 
 
 
 
 
 
 
 
 
 
 
 
 
 
 
 
 
 
 
 
 
 
 
 
 
 
 
 
 
 
 
 
 
 
 
 
 
 
 
 
 
 
 
 
 
 
 
 
 
 
 
 
 
 
 
 
 
 
 
 
 
 
 
 
 
 
 
 
 
 
 
 
 
 
 
 
 
 
 
 
 
 
 
 
 
 
 
 
 
 
 
 
 
 
 
 
 
 
 
 
 
 
 
 
 
 
 
 
 
 
 
 
 
 
 
 
 
 
 
 
 
 
 
 
 
 
 
 
 
 
 
 
 
 
 
 
 
 
 
 
 
 
 
 
 
 
 
 
 
 
 
 
 
 
 
 
 
 
 
 
 
 
 
 
 
 
 
 
 
 
 
 
 
 
 
 
 
 
 
 
 
 
 
 
 
 
 
 
 
 
 
 
 
 
 
 
 
 
 
 
 
 
 
 
 
 
 
 
 
 
 
 
 
 
 
 
 
 
 
 
 
 
 
 
 
 
 
 
 
 
 
 
 
 
 
 
 
 
 
 
 
 
 
 
 
 
 
 
 
 
 
 
 
 
 
 
 
 
 
 
 
 
 
 
 
 
 
 
 
 
 
 
 
 
 
 
 
 
 
 
 
 
 
 
 
 
 
 
 
 
 
 
 
 
 
 
 
 
 
 
 
 
 
 
 
 
 
 
 
 
 
 
 
 
 
 
 
 
 
 
 
 
 
 
 
 
 
 
 
 
 
 
 
 
 
 
 
 
 
 
 
 
 
 
 
 
 
 
 
 
 
 
 
 
 
 
 
 
 
 
 
 
 
 
 
 
 
 
 
 
 
 
 
 
 
 
 
 
 
 
 
 
 
 
 
 
 
 
 
 
 
 
 
 
 
 
 
 
 
 
 
 
 
 
 
 
 
 
 
 
 
 
 
 
 
 
 
 
 
 
 
 
 
 
 
 
 
 
 
 
 
 
 
 
 
 
 
 
 
 
 
 
 
 
 
 
 
 
 
 
 
 
 
 
 
 
 
 
 
 
 
 
 
 
 
 
 
 
 
 
 
 
 
 
 
 
 
 
 
 
 
 
 
 
 
 
 
 
 
 
 
 
 
 
 
 
 
 
 
 
 
 
 
 
 
 
 
 
 
 
 
 
 
 
 
 
 
 
 
 
 
 
 
 
 
 
 
 
 
 
 
 
 
 
 
 
 
 
 
 
 
 
 
 
 
 
 
 
 
 
 
 
 
 
 
 
 
 
 
 
 
 
 
 
 
 
 
 
 
 
 
 
 
 
 
 
 
 
 
 
 
 
 
 
 
 
 
 
 
 
 
 
 
 
 
 
 
 
 
 
 
 
 
 
 
 
 
 
 
 
 
 
 
 
 
 
 
 
 
 
 
 
 
 
 
 
 
 
 
 
 
 
 
 
 
 
 
 
 
 
 
 
 
 
 
 
 
 
 
 
 
 
 
 
 
 
 
 
 
 
 
 
 
 
 
 
 
 
 
 
 
 
 
 
 
 
 
 
 
 
 
 
 
 
 
 
 
 
 
 
 
 
 
 
 
 
 
 
 
 
 
 
 
 
 
 
 
 
 
 
 
 
 
 
 
 
 
 
 
 
 
 
 
 
 
 
 
 
 
 
 
 
 
 
 
 
 
 
 
 
 
 
 
 
 
 
 
 
 
 
 
 
 
 
 
 
 
 
 
 
 
 
 
 
 
 
 
 
 
 
 
 
 
 
 
 
 
 
 
 
 
 
 
 
 
 
 
 
 
 
 
 
 
 
 
 
 
 
 
 
 
 
 
 
 
 
 
 
 
 
 
 
 
 
 
 
 
 
 
 
 
 
 
 
 
 
 
 
 
 
 
 
 
 
 
 
 
 
 
 
 
 
 
 
 
 
 
 
 
 
 
 
 
 
 
 
 
 
 
 
 
 
 
 
 
 
 
 
 
 
 
 
 
 
 
 
 
 
 
 
 
 
 
 
 
 
 
 
 
 
 
 
 
 
 
 
 
 
 
 
 
 
 
 
 
 
 
 
 
 
 
 
 
 
 
 
 
 
 
 
 
 
 
 
 
 
 
 
 
 
 
 
 
 
 
 
 
 
 
 
 
 
 
 
 
 
 
 
 
 
 
 
 
 
 
 
 
 
 
 
 
 
 
 
 
 
 
 
 
 
 
 
 
 
 
 
 
 
 
 
 
 
 
 
 
 
 
 
 
 
 
 
 
 
 
 
 
 
 
 
 
 
 
 
 
 
 
 
 
 
 
 
 
 
 
 
 
 
 
 
 
 
 
 
 
 
 
 
 
 
 
 
 
 
 
 
 
 
 
 
 
 
 
 
 
 
 
 
 
 
 
 
 
 
 
 
 
 
 
 
 
 
 
 
 
 
 
 
 
 
 
 
 
 
 
 
 
 
 
 
 
 
 
 
 
 
 
 
 
 
 
 
 
 
 
 
 
 
 
 
 
 
 
 
 
 
 
 
 
 
 
 
 
 
 
 
 
 
 
 
 
 
 
 
 
 
 
 
 
 
 
 
 
 
 
 
 
 
 
 
 
 
 
 
 
 
 
 
 
 
 
 
 
 
 
 
 
 
 
 
 
 
 
 
 
 
 
 
 
 
 
 
 
 
 
 
 
 
 
 
 
 
 
 
 
 
 
 
 
 
 
 
 
 
 
 
 
 
 
 
 
 
 
 
 
 
 
 
 
 
 
 
 
 
 
 
 
 
 
 
 
 
 
 
 
 
 
 
 
 
 
 
 
 
 
 
 
 
 
 
 
 
 
 
 
 
 
 
 
 
 
 
 
 
 
 
 
 
 
 
 
 
 
 
 
 
 
 
 
 
 
 
 
 
 
 
 
 
 
 
 
 
 
 
 
 
 
 
 
 
 
 
 
 
 
 
 
 
 
 
 
 
 
 
 
 
 
 
 
 
 
 
 
 
 
 
 
 
 
 
 
 
 
 
 
 
 
 
 
 
 
 
 
 
 
 
 
