0.0 0.0
0.01 2.3376048e-07
0.02 2.3465002e-07
0.03 2.35453847e-07
0.04 2.35923136e-07
0.05 2.32323534e-07
0.06 2.27623803e-07
0.07 2.21979098e-07
0.08 2.14607224e-07
0.09 2.11850097e-07
0.1 2.15892104e-07
0.11 2.08029275e-07
0.12 2.10188728e-07
0.13 1.87338223e-07
0.14 1.78044994e-07
0.15 1.92507938e-07
0.16 1.65920309e-07
0.17 8.3894006e-08
0.18 4.6686381e-08
0.19 1.06206572e-07
0.2 2.0272321e-07
0.21 1.59497995e-07
0.22 -1.61829548e-07
0.23 -4.40417666e-07
0.24 -3.5872566e-07
0.25 1.20744248e-07
0.26 6.1704562e-07
0.27 8.58488087e-07
0.28 4.04917197e-07
0.29 -4.91479788e-07
0.3 -8.38650625e-07
0.31 -5.88528943e-07
0.32 -1.003847615e-06
0.33 -1.966241955e-06
0.34 -3.581691861e-06
0.35 -5.990522341e-06
0.36 -9.664312067e-06
0.37 -1.3418214878e-05
0.38 -1.6613954942e-05
0.39 -1.735889422e-05
0.4 -1.5539650929e-05
0.41 -1.2416344873e-05
0.42 -1.0755720523e-05
0.43 -1.1100320672e-05
0.44 -9.974038826e-06
0.45 -1.1306254e-08
0.46 1.6495307426e-05
0.47 2.6356418013e-05
0.48 1.9969262447e-05
0.49 -6.38613649e-07
0.5 -2.5710275547e-05
0.51 -4.1144641473e-05
0.52 -3.860641678e-05
0.53 -2.4871749521e-05
0.54 -1.1762764199e-05
0.55 -1.916422108e-06
0.56 1.956772628e-06
0.57 -9.722022577e-06
0.58 -4.0561391646e-05
0.59 -7.7474786599e-05
0.6 -9.384588678e-05
0.61 -8.7691368426e-05
0.62 -9.3642870429e-05
0.63 -0.000137609938404
0.64 -0.000197604828625
0.65 -0.00021920568829
0.66 -0.000158884696521
0.67 -2.1948861133e-05
0.68 0.000115533859204
0.69 0.000175326198366
0.7 0.000161988015784
0.71 0.00014497075599
0.72 0.000137871655441
0.73 7.5805220146e-05
0.74 -9.0171510151e-05
0.75 -0.000295659388307
0.76 -0.000409732843902
0.77 -0.000355536427111
0.78 -0.000211655284695
0.79 -0.000119146860778
0.8 -0.000135543772037
0.81 -0.000165987455405
0.82 -0.000120375126826
0.83 -3.5446882956e-05
0.84 -4.021177128e-06
0.85 -1.2759151513e-05
0.86 1.4404129238e-05
0.87 8.7800473326e-05
0.88 0.000109189814413
0.89 -2.7299764436e-05
0.9 -0.000263976651432
0.91 -0.000382458442041
0.92 -0.0002758437513
0.93 -8.4541264663e-05
0.94 1.8298514995e-05
0.95 2.0355008149e-05
0.96 1.7307668044e-05
0.97 4.8523136309e-05
0.98 1.6008219785e-05
0.99 -0.000156230310799
1.0 -0.00034423170174
1.01 -0.000422565017451
1.02 -0.000521149808662
1.03 -0.000712852643281
1.04 -0.000831175767762
1.05 -0.000762275993731
1.06 -0.000578371291294
1.07 -0.000284571752323
1.08 0.000101002909101
1.09 0.000440704128425
1.1 0.000593191961257
1.11 0.000574299700296
1.12 0.000436848350312
1.13 0.000199028778123
1.14 -1.4971239086e-05
1.15 1.1016772735e-05
1.16 0.000192690509937
1.17 0.000210196873346
1.18 -4.316800264e-06
1.19 -0.000335386111912
1.2 -0.00074750371555
1.21 -0.000986243536794
1.22 -0.000755372624519
1.23 -0.000307265625282
1.24 -5.8860207396e-05
1.25 0.000105369725267
1.26 0.000422475958538
1.27 0.000740870905833
1.28 0.000843198664356
1.29 0.000670588251908
1.3 0.000252499970452
1.31 -0.000227841304545
1.32 -0.000435142402232
1.33 -0.000207708751067
1.34 0.000150371397208
1.35 0.000170768813339
1.36 -5.9528318393e-05
1.37 6.6735027169e-05
1.38 0.000663194195474
1.39 0.001130772720912
1.4 0.001131570325355
1.41 0.000977157892528
1.42 0.000951763843415
1.43 0.000840950249286
1.44 0.000428562594652
1.45 -7.5312709083e-05
1.46 -0.000405877109032
1.47 -0.000650248214189
1.48 -0.000896518357165
1.49 -0.001083381759182
1.5 -0.001303559377956
1.51 -0.001741655000114
1.52 -0.002139810649441
1.53 -0.002172075560644
1.54 -0.001960107683959
1.55 -0.001785465969974
1.56 -0.001471326051195
1.57 -0.000567840820047
1.58 0.000848597358738
1.59 0.001820736957124
1.6 0.001535980562726
1.61 0.000602744222861
1.62 0.000133232778605
1.63 1.887272754e-05
1.64 -0.000370357458821
1.65 -0.000877884825793
1.66 -0.001217296406227
1.67 -0.001423738691242
1.68 -0.001356699478857
1.69 -0.001017556173527
1.7 -0.000641651168414
1.71 -0.000279500247089
1.72 0.000294892181245
1.73 0.001013609503311
1.74 0.001497838762453
1.75 0.00160895452542
1.76 0.001831103991164
1.77 0.002407387090871
1.78 0.002727954306445
1.79 0.002169709774293
1.8 0.000714411684502
1.81 -0.000827726003185
1.82 -0.00162321652418
1.83 -0.001403057916121
1.84 -0.00102158082783
1.85 -0.001356532832652
1.86 -0.001752602317543
1.87 -0.000935689665344
1.88 0.001133743115849
1.89 0.002591264638225
1.9 0.002386322038272
1.91 0.001031583086929
1.92 -0.000244079567327
1.93 -0.001499364241597
1.94 -0.002573049624471
1.95 -0.003067594637207
1.96 -0.00306387782981
1.97 -0.002899022933202
1.98 -0.002405475150167
1.99 -0.001635459312347
2.0 -0.000673886416756
2.01 0.000478626409173
2.02 0.00141040598572
2.03 0.001570951632353
2.04 0.001245865579325
2.05 0.001098186031003
2.06 0.00123346793323
2.07 0.001592178565666
2.08 0.002046044662424
2.09 0.002329679364496
2.1 0.002102100690514
2.11 0.001662215875967
2.12 0.001259110398761
2.13 0.000796296798387
2.14 0.000196577322186
2.15 -0.000480068115412
2.16 -0.001024030793338
2.17 -0.001147624451675
2.18 -0.000528389383144
2.19 0.000310890779304
2.2 0.000692394918712
2.21 0.000685615476714
2.22 0.001035107875696
2.23 0.001638037553638
2.24 0.001430589245051
2.25 -3.840118759e-05
2.26 -0.001910541736746
2.27 -0.003163294837401
2.28 -0.00338392643721
2.29 -0.002871633035396
2.3 -0.002359122426403
2.31 -0.001964906761173
2.32 -0.000855021347133
2.33 0.00112459899335
2.34 0.002264143282313
2.35 0.00141563624212
2.36 -4.6202955371e-05
2.37 -0.000610152866522
2.38 -0.000671813959945
2.39 -0.000658679648619
2.4 -0.000480088452841
2.41 -0.000249625061989
2.42 6.6665005066e-05
2.43 0.000786071459468
2.44 0.001144730006854
2.45 0.000394239890741
2.46 -0.000529856699627
2.47 -0.000893032169898
2.48 -0.000811970141786
2.49 -0.000668554567607
2.5 0.000220307700012
2.51 0.001552221622117
2.52 0.002720810012316
2.53 0.003207368287713
2.54 0.003330045761537
2.55 0.003056885350322
2.56 0.002392642463357
2.57 0.0014502358256
2.58 -5.168190115e-05
2.59 -0.002096924706314
2.6 -0.004188237934057
2.61 -0.005369585923006
2.62 -0.005631060153359
2.63 -0.004955340962677
2.64 -0.003755366443828
2.65 -0.002030057694768
2.66 -6.3065115897e-05
2.67 0.001709777978471
2.68 0.002612386148572
2.69 0.002573471563457
2.7 0.002486234577888
2.71 0.002528119945808
2.72 0.00201340782585
2.73 0.000862948078782
2.74 -5.5326118965e-05
2.75 -0.000547872024487
2.76 -0.000848555263928
2.77 -0.000652948256418
2.78 0.000459091610965
2.79 0.002018777607272
2.8 0.003192636982727
2.81 0.003732793394881
2.82 0.003835872738901
2.83 0.003413917813884
2.84 0.002508812490515
2.85 0.000941868044037
2.86 -0.001781822287514
2.87 -0.004641461695686
2.88 -0.006198545018476
2.89 -0.006646716790518
2.9 -0.00684353607875
2.91 -0.006688586696856
2.92 -0.005984147772068
2.93 -0.0050397997224
2.94 -0.004154773508939
2.95 -0.003099535274089
2.96 -0.000904309874952
2.97 0.002873198940134
2.98 0.006788792594682
2.99 0.008419823713207
3.0 0.00737708684319
3.01 0.006544133676834
3.02 0.007103630745088
3.03 0.006858451575128
3.04 0.005038712101401
3.05 0.002398637745299
3.06 -0.002221500141222
3.07 -0.007853680264287
3.08 -0.010036308344364
3.09 -0.008221311501189
3.1 -0.006403709234313
3.11 -0.006002055818518
3.12 -0.003925305171555
3.13 -0.000749473156762
3.14 0.001487181542481
3.15 0.001189092008878
3.16 -0.001332675705636
3.17 -0.004518085424972
3.18 -0.006107172918289
3.19 -0.006075018996263
3.2 -0.006153017575178
3.21 -0.006428804261658
3.22 -0.006233442908772
3.23 -0.005466357131461
3.24 -0.005102733986541
3.25 -0.005641536677471
3.26 -0.005952074809817
3.27 -0.005721850767753
3.28 -0.005811193521832
3.29 -0.005044427335783
3.3 -0.002794093056124
3.31 0.001996764395017
3.32 0.006851991738361
3.33 0.00946234283218
3.34 0.008132737128109
3.35 0.006407808003778
3.36 0.006263336635508
3.37 0.004797566261907
3.38 -0.000500109019895
3.39 -0.006699133754077
3.4 -0.007840404990056
3.41 -0.003247525086465
3.42 -0.000652926090371
3.43 -0.00306349537416
3.44 -0.005301531997007
3.45 -0.005841254044835
3.46 -0.007047788309405
3.47 -0.007710663498333
3.48 -0.006977471820474
3.49 -0.007096978066703
3.5 -0.007716291831256
3.51 -0.006548807419607
3.52 -0.00537189584859
3.53 -0.003895861549672
3.54 -0.002744928192155
3.55 -0.000104444088735
3.56 0.003478543694371
3.57 0.006969120074299
3.58 0.008297422086563
3.59 0.00756042918205
3.6 0.006889129530793
3.61 0.006449618817216
3.62 0.006368153519258
3.63 0.006047284709323
3.64 0.005748470366723
3.65 0.005353787496458
3.66 0.005139041113654
3.67 0.004302900682721
3.68 0.001888228764971
3.69 -0.000766587000507
3.7 -0.001263700400607
3.71 0.000707923726152
3.72 0.002296724604425
3.73 0.001409119204335
3.74 -0.001757741027021
3.75 -0.005788685920916
3.76 -0.009764841639219
3.77 -0.011407893465948
3.78 -0.010045174243022
3.79 -0.008043664658163
3.8 -0.007815285544731
3.81 -0.007074214638127
3.82 -0.00146881661778
3.83 0.00788284546033
3.84 0.013831444361395
3.85 0.012464824146173
3.86 0.009666979250392
3.87 0.010221943943623
3.88 0.011681714655779
3.89 0.011064319650949
3.9 0.010289447317724
3.91 0.010296736378821
3.92 0.009837535765866
3.93 0.009588637768343
3.94 0.009229621025689
3.95 0.008706693856809
3.96 0.007290664709524
3.97 0.005459703777776
3.98 0.003172060103051
3.99 0.000606006533557
4.0 0.001129285903157
4.01 0.003591701772825
4.02 0.004791608269062
4.03 0.005326825773408
4.04 0.005809309761139
4.05 0.005457323701484
4.06 0.004178178255072
4.07 0.002402085116864
4.08 -0.000807212399743
4.09 -0.004254734867451
4.1 -0.007350926256039
4.11 -0.008695148477682
4.12 -0.006930992236688
4.13 -0.004799147629409
4.14 -0.003566988537837
4.15 0.002303624503511
4.16 0.012722749359343
4.17 0.016027998068838
4.18 0.010312785805333
4.19 0.008607499768308
4.2 0.009510405598788
4.21 0.008767129993995
4.22 0.008753531788498
4.23 0.010087261086009
4.24 0.006845267455226
4.25 0.000771296160734
4.26 -0.006067810282909
4.27 -0.009569030127433
4.28 -0.006574250897187
4.29 -0.003085963363779
4.3 0.00276147573845
4.31 0.008941203990206
4.32 0.0124164102898
4.33 0.011404836066139
4.34 0.008750803040536
4.35 0.006009607244555
4.36 0.00021740115894
4.37 -0.006365267723618
4.38 -0.007222154491306
4.39 -0.00595435354335
4.4 -0.005353061226679
4.41 -0.005702806635046
4.42 -0.004656812407993
4.43 -0.00537832523498
4.44 -0.003885980756214
4.45 0.002693820017388
4.46 0.012312003318173
4.47 0.017653570823469
4.48 0.014292626234247
4.49 0.011682136262766
4.5 0.012974564466555
4.51 0.013865878898812
4.52 0.011336736088835
4.53 0.004796150310716
4.54 -0.006330939800244
4.55 -0.011612372529902
4.56 -0.00793072574618
4.57 -0.006184229746202
4.58 -0.008380182446206
4.59 -0.008614127222956
4.6 -0.008184525397353
4.61 -0.00334011804005
4.62 0.007429660526204
4.63 0.014707420229234
4.64 0.014083809955872
4.65 0.011282437453759
4.66 0.013781014441417
4.67 0.015238133137076
4.68 0.014037254814641
4.69 0.012637114034003
4.7 0.00890400806259
4.71 0.005357931878222
4.72 -0.000185991076272
4.73 -0.005841861507056
4.74 -0.008319737828041
4.75 -0.007839369266874
4.76 -0.008518529495209
4.77 -0.008850404420836
4.78 -0.0070349707283
4.79 -0.005018146275792
4.8 0.003848803837987
4.81 0.015676651586154
4.82 0.018981969446186
4.83 0.01604336358287
4.84 0.015951729021568
4.85 0.017863139098926
4.86 0.017803483150802
4.87 0.015442434838168
4.88 0.013919246804433
4.89 0.009694973982611
4.9 0.008514230385373
4.91 0.008736107469093
4.92 0.008569747675434
4.93 0.007252870501926
4.94 0.004992848093782
4.95 -0.000999372292021
4.96 -0.006371465210064
4.97 -0.007094460009675
4.98 -0.004928894321264
4.99 -0.004654906944841
5.0 -0.005081049916483
5.01 -0.006016539583379
5.02 -0.00689399998085
5.03 -0.008396088659895
5.04 -0.008865538533157
5.05 -0.008879014563806
5.06 -0.009717490072118
5.07 -0.009706018379526
5.08 -0.000839151400222
5.09 0.01169277645862
5.1 0.015028173304979
5.11 0.011815127006746
5.12 0.014359826572537
5.13 0.019115415773232
5.14 0.018217340946719
5.15 0.01862341623529
5.16 0.019441110025266
5.17 0.019901541339701
5.18 0.017710431274269
5.19 0.015871882092246
5.2 0.014660318094513
5.21 0.011720107404917
5.22 0.010769513418541
5.23 0.010420045800927
5.24 0.007690856061685
5.25 0.006319421565547
5.26 0.005716097055801
5.27 0.005631836196261
5.28 0.005602446895239
5.29 0.005634647078222
5.3 0.006666579497108
5.31 0.006817096837654
5.32 0.007395182135877
5.33 0.008193855070925
5.34 0.009218366639372
5.35 0.008749131357519
5.36 0.00880121422153
5.37 0.007595201683462
5.38 0.007828571740881
5.39 0.007458618309665
5.4 0.009334010841597
5.41 0.008058996079075
5.42 0.008523689549634
5.43 0.007550476416214
5.44 0.007644308595192
5.45 0.006214193035801
5.46 0.004709775020413
5.47 0.00104575267223
5.48 -0.000605332065842
5.49 -0.003684393167644
5.5 -0.006580800963235
5.51 -0.006975719736002
5.52 -0.007005059455315
5.53 -0.006542297291843
5.54 -0.006433882406641
5.55 -0.006465562739984
5.56 -0.005984547163697
5.57 -0.006717889744928
5.58 -0.007748547429919
5.59 -0.008925258409273
5.6 -0.009560910152203
5.61 -0.009564169411953
5.62 -0.010797725377013
5.63 -0.010521578867113
5.64 -0.012189678645839
5.65 -0.012193438925868
5.66 -0.012676729965305
5.67 -0.013180924240691
5.68 -0.013883951082186
5.69 -0.014681423026892
5.7 -0.015305582371004
5.71 -0.015312001712624
5.72 -0.014345229979024
5.73 -0.014149318828414
5.74 -0.015551720197745
5.75 -0.016099505579992
5.76 -0.01694061955708
5.77 -0.016317970329758
5.78 -0.014486673385475
5.79 -0.008489016543462
5.8 -0.004489556943569
5.81 -0.00537972658141
5.82 -0.008634353368217
5.83 -0.010810735893052
5.84 -0.008701905576368
5.85 -0.009815725009428
5.86 -0.009842937478058
5.87 -0.012539230224303
5.88 -0.013662061405306
5.89 -0.012026909714888
5.9 -0.010550853464036
5.91 -0.009342427436251
5.92 -0.010351388107365
5.93 -0.01051472778749
5.94 -0.013152561832241
5.95 -0.015871890926083
5.96 -0.01759380159812
5.97 -0.017033864562045
5.98 -0.019535805950377
5.99 -0.018423950442096
6.0 -0.019801935406742
6.01 -0.021292806484716
6.02 -0.021167766916742
6.03 -0.018789400938156
6.04 -0.017103311727667
6.05 -0.017029000615437
6.06 -0.015615084354023
6.07 -0.016113489713819
6.08 -0.014496119588565
6.09 -0.011382728839522
6.1 -0.008024986037201
6.11 -0.008080697086756
6.12 -0.008397339029067
6.13 -0.008561817669568
6.14 -0.010416433110558
6.15 -0.011345369958321
6.16 -0.012261068545851
6.17 -0.014225013878473
6.18 -0.01342959829593
6.19 -0.010917783150526
6.2 -0.010053799483045
6.21 -0.010660097444829
6.22 -0.010623009555123
6.23 -0.012168686378315
6.24 -0.013359372295265
6.25 -0.01137671300325
6.26 -0.009504804448579
6.27 -0.009456990651733
6.28 -0.010311721463299
6.29 -0.010248128872955
6.3 -0.011032972010023
6.31 -0.010059593000834
6.32 -0.009735930623094
6.33 -0.011097404379589
6.34 -0.012043379988242
6.35 -0.011469385197126
6.36 -0.010175176635862
6.37 -0.010269436835741
6.38 -0.010070739129813
6.39 -0.007618404176466
6.4 -0.006815565441313
6.41 -0.006252944867231
6.42 -0.008074944689616
6.43 -0.005095288340326
6.44 -0.00573155499496
6.45 -0.006818822027996
6.46 -0.007771967584191
6.47 -0.008244825198934
6.48 -0.005422071543726
6.49 -0.003042719361355
6.5 -0.001958884236461
6.51 -0.003114068282788
6.52 -0.001946985031413
6.53 -0.000940501349266
6.54 0.001115991961092
6.55 0.004029145890661
6.56 0.006197411838385
6.57 0.006058737931904
6.58 0.005152239297537
6.59 0.005103531811556
6.6 0.005493777278469
6.61 0.005567138718958
6.62 0.006145115784725
6.63 0.005652057939781
6.64 0.005508045085763
6.65 0.006471708923609
6.66 0.00706755439769
6.67 0.008518544087912
6.68 0.008446188517079
6.69 0.007506950093144
6.7 0.006835059795192
6.71 0.006354192205685
6.72 0.006473224368869
6.73 0.005704805502642
6.74 0.005357181773433
6.75 0.004794240733558
6.76 0.003755849165131
6.77 0.005347950401403
6.78 0.007333630820226
6.79 0.007878074644245
6.8 0.007375941688993
6.81 0.006483509105569
6.82 0.008013386787027
6.83 0.008831960081745
6.84 0.011372763990333
6.85 0.011563496701877
6.86 0.011069577447139
6.87 0.011134633862344
6.88 0.013008749579592
6.89 0.014110203410394
6.9 0.012878268108007
6.91 0.011196193339794
6.92 0.011416456083036
6.93 0.012242029386686
6.94 0.013273017128436
6.95 0.01244994034007
6.96 0.011245264995924
6.97 0.012704171626788
6.98 0.01384260702716
6.99 0.016270190265255
7.0 0.015889912730577
7.01 0.017869273303616
7.02 0.018131201961346
7.03 0.018804569291608
7.04 0.01738111173011
7.05 0.016579521386574
7.06 0.015482453282254
7.07 0.015122273707396
7.08 0.01619492838614
7.09 0.015753929446111
7.1 0.016574018380714
7.11 0.016047121010008
7.12 0.015119647157477
7.13 0.012299501578913
7.14 0.012131358392211
7.15 0.01062797309659
7.16 0.008706070717944
7.17 0.006805059333486
7.18 0.005518847392805
7.19 0.002413744344022
7.2 0.001243877623951
7.21 0.001382577982543
7.22 0.002108894425686
7.23 0.001262643570743
7.24 0.000364767569012
7.25 -0.001053839642569
7.26 -0.00212432140536
7.27 -0.003728029933134
7.28 -0.00344350120257
7.29 -0.005963509849058
7.3 -0.000643575587593
7.31 0.002080703562363
7.32 0.003892353680603
7.33 0.002928080423901
7.34 0.000795519748323
7.35 0.001690827238524
7.36 0.001540113311435
7.37 0.005832890330438
7.38 0.003399063862916
7.39 0.004918183568542
7.4 0.003482635802198
7.41 0.005964177013858
7.42 0.006340763938682
7.43 0.006531439596815
7.44 0.008011719978193
7.45 0.00822912656749
7.46 0.009819960334815
7.47 0.009784649273378
7.48 0.010124201500505
7.49 0.011279577382533
7.5 0.009030004687184
7.51 0.009371953715066
7.52 0.011856426775817
7.53 0.018267870696242
7.54 0.017143719498752
7.55 0.018050343002108
7.56 0.019086320472639
7.57 0.021004905043341
7.58 0.022111687617294
7.59 0.022919687073004
7.6 0.020178506505682
7.61 0.010396141087848
7.62 0.00581965676487
7.63 0.010046894268643
7.64 0.013347881851193
7.65 0.009164683636261
7.66 0.00713167919931
7.67 0.00093831955979
7.68 -0.00079038597991
7.69 -0.003143147824429
7.7 -0.001258897679623
7.71 -0.00282087042022
7.72 -0.004305700422094
7.73 -0.006185731237234
7.74 -0.008375886462195
7.75 -0.011636522684611
7.76 -0.013800363574736
7.77 -0.014948659215044
7.78 -0.013598360755049
7.79 -0.013653986774024
7.8 -0.01222952474402
7.81 -0.011966687131539
7.82 -0.009224055114196
7.83 -0.011556257967918
7.84 -0.012182868808924
7.85 -0.015010836199349
7.86 -0.015536546647923
7.87 -0.019431396924876
7.88 -0.020213104197405
7.89 -0.021044087132425
7.9 -0.019730508315485
7.91 -0.01489777479792
7.92 -0.013351736828813
7.93 -0.015083908318465
7.94 -0.016427428119987
7.95 -0.016540537726464
7.96 -0.01518170098626
7.97 -0.014662803851969
7.98 -0.012918644060432
7.99 -0.015155035814416
8.0 -0.015323139162828
8.01 -0.012621312248797
8.02 -0.011792930849312
8.03 -0.009354688273487
8.04 -0.007960960605046
8.05 -0.007748889157432
8.06 -0.003941615125919
8.07 -0.004445137202883
8.08 -0.005194657238616
8.09 -0.004699388417786
8.1 -0.006920709563376
8.11 -0.007274050189249
8.12 -0.008344589998386
8.13 -0.004706373411282
8.14 -0.004694166664409
8.15 -0.005152711134529
8.16 -0.006544234447763
8.17 -0.008115823113459
8.18 -0.010353046125891
8.19 -0.015860917646111
8.2 -0.016951433236345
8.21 -0.013348363392923
8.22 -0.008822817568279
8.23 -0.00802511900525
8.24 -0.007554672707631
8.25 -0.00792810376558
8.26 -0.006890357937019
8.27 -0.007893080603885
8.28 -0.006660476199716
8.29 -0.006792699780828
8.3 -0.005964087369741
8.31 -0.005684398992653
8.32 -0.00363483019222
8.33 -0.002950316033191
8.34 -0.001850958152248
8.35 -0.001365618222388
8.36 0.00038604872353
8.37 0.000939075424869
8.38 0.0033947040377
8.39 0.004060219601492
8.4 0.007894096449211
8.41 0.008465104151528
8.42 0.007872905132896
8.43 0.001770969834881
8.44 0.002400279674207
8.45 0.000929100024627
8.46 0.002672602160793
8.47 0.002331138866849
8.48 0.002538101991912
8.49 -0.004924756079323
8.5 -0.007251999377748
8.51 -0.006799786170093
8.52 -0.007339660343525
8.53 -0.010385715492811
8.54 -0.010090226903644
8.55 -0.010027099389426
8.56 -0.012031516434702
8.57 -0.012396530601692
8.58 -0.010860341757716
8.59 -0.011807076771847
8.6 -0.012490900534756
8.61 -0.015369073395021
8.62 -0.018156220712197
8.63 -0.019513273812739
8.64 -0.018943110639097
8.65 -0.019717526647762
8.66 -0.021282066905212
8.67 -0.01995360943949
8.68 -0.017810733592376
8.69 -0.018409898683112
8.7 -0.022609888706794
8.71 -0.025059364613512
8.72 -0.025635828113357
8.73 -0.026389020589683
8.74 -0.023079159610007
8.75 -0.022288109217239
8.76 -0.021229209295119
8.77 -0.018802513129706
8.78 -0.013303679188616
8.79 -0.010350713448076
8.8 -0.006782914681791
8.81 -0.005016254614907
8.82 -0.003267503135308
8.83 -0.002959080780097
8.84 -0.000369765863592
8.85 0.002156114856392
8.86 0.004130055164268
8.87 0.005587991614475
8.88 0.008203830083321
8.89 0.009613146909589
8.9 0.008687742062056
8.91 0.006225889907186
8.92 0.007830397020077
8.93 0.009270844849757
8.94 0.009988637559557
8.95 0.008366431926822
8.96 0.008129394342679
8.97 0.008331670214616
8.98 0.01173919366461
8.99 0.01422671315626
9.0 0.015365741700503
9.01 0.016172215823008
9.02 0.016812087261441
9.03 0.01912609835111
9.04 0.01776712389645
9.05 0.01803048211569
9.06 0.015721355854575
9.07 0.017799120860543
9.08 0.014838376716798
9.09 0.013829221965375
9.1 0.009794282097219
9.11 0.006764868201095
9.12 0.001978206306154
9.13 0.001401758583663
9.14 0.001072821460742
9.15 -9.2899674755e-05
9.16 -0.001933577610893
9.17 -0.003518655611628
9.18 -0.003613093258783
9.19 -0.004590188963466
9.2 -0.004872889056134
9.21 -0.006078423037581
9.22 -0.005782464687206
9.23 -0.007121760179645
9.24 -0.008802396829158
9.25 -0.010134936481009
9.26 -0.011399932978461
9.27 -0.012976529466555
9.28 -0.014707715100988
9.29 -0.017709099361045
9.3 -0.01926933806549
9.31 -0.021273377878309
9.32 -0.023474813424491
9.33 -0.021786968531532
9.34 -0.012514481538831
9.35 -0.008136728345249
9.36 -0.012352298622895
9.37 -0.011000241069215
9.38 -0.008212109676317
9.39 -0.00597627403477
9.4 -0.005610707788643
9.41 -0.003762480105672
9.42 -0.006693665159246
9.43 -0.008478074342363
9.44 -0.009010514295479
9.45 -0.005817238160172
9.46 -0.006994711435087
9.47 -0.005843297327668
9.48 -0.007905594260866
9.49 -0.0059681241969
9.5 -0.005026613467842
9.51 -0.004302938915377
9.52 -0.007462086315861
9.53 -0.004935828698108
9.54 -0.00340887219028
9.55 -0.00184425907401
9.56 -0.003827889911394
9.57 -0.001427460185591
9.58 0.000338509620065
9.59 0.000285698492303
9.6 0.00239942470794
9.61 0.005695086356719
9.62 0.008841975955859
9.63 0.008265349130405
9.64 0.009760234564647
9.65 0.01031336690073
9.66 0.011442435498993
9.67 0.011686054258746
9.68 0.013860814717194
9.69 0.013257525007211
9.7 0.012186790826568
9.71 0.005528260762916
9.72 0.00331606180371
9.73 0.002369853581993
9.74 0.006420489951413
9.75 0.006118863748847
9.76 0.00509766983494
9.77 0.000704690225522
9.78 -0.000352657033121
9.79 -0.00033414654336
9.8 0.000405669576355
9.81 0.000620853931594
9.82 -0.000465537775511
9.83 -0.00138872176753
9.84 -0.002539722511204
9.85 -0.001962425837821
9.86 -0.002896337713917
9.87 -0.004330676163246
9.88 -0.007020994448735
9.89 -0.008459451572792
9.9 -0.008933775007529
9.91 -0.008297142790742
9.92 -0.00860765299112
9.93 -0.007512177005595
9.94 -0.007385532422506
9.95 -0.006558218702982
9.96 -0.00803047510913
9.97 -0.00812358777586
9.98 -0.010393297202755
9.99 -0.011417439338739
10.0 -0.01502885820528
10.01 -0.01908398403983
10.02 -0.021170085965522
10.03 -0.024846848609915
10.04 -0.020872259879385
10.05 -0.012214552176246
10.06 -0.008127600230299
10.07 -0.01742170053353
10.08 -0.014680785790243
10.09 -0.012588622163025
10.1 -0.009001530840275
10.11 -0.003085628181645
10.12 0.005300246658136
10.13 0.004790688842114
10.14 0.004418929473142
10.15 0.003474876975179
10.16 0.005739579806124
10.17 0.004193953806616
10.18 0.005959236219939
10.19 0.008296539404679
10.2 0.006584930863101
10.21 0.009500913613599
10.22 0.005933312538033
10.23 0.009719054423637
10.24 0.00847605093462
10.25 0.010521371822604
10.26 0.009722578137079
10.27 0.014314612647148
10.28 0.016833878965038
10.29 0.019559047660734
10.3 0.02033945806934
10.31 0.021054800748298
10.32 0.0273544266137
10.33 0.025886188634525
10.34 0.016773394786114
10.35 0.01536348859672
10.36 0.018353316616856
10.37 0.018841038609617
10.38 0.019651548158944
10.39 0.01970686587566
10.4 0.012286626889877
10.41 0.009107727684069
10.42 0.009521345763281
10.43 0.009349551950478
10.44 0.006535229034103
10.45 0.006745940731264
10.46 0.007807352441045
10.47 0.004814178929231
10.48 0.004589920880211
10.49 0.002778048203545
10.5 0.001628791780168
10.51 0.003714972947693
10.52 0.003019197878903
10.53 0.00484464010817
10.54 0.001881811307675
10.55 0.003357796938104
10.56 0.003481286007747
10.57 0.002939555067048
10.58 0.001609543586647
10.59 -0.002317560743644
10.6 -0.002158123047483
10.61 -0.00569792050314
10.62 -0.006176973507368
10.63 -0.004213960987957
10.64 0.005381885482654
10.65 0.00538284308022
10.66 0.00455324976677
10.67 0.00400078844871
10.68 0.004701066605608
10.69 0.002588872078415
10.7 0.006602920561409
10.71 0.007716297497472
10.72 0.006225475843693
10.73 0.005895029115291
10.74 0.00789003890436
10.75 0.008800396003115
10.76 0.008490005103584
10.77 0.007502734659374
10.78 0.007664973056362
10.79 0.006565712864443
10.8 0.006990342881905
10.81 0.006023671786071
10.82 0.001708983056375
10.83 0.001693319226715
10.84 0.000550437257877
10.85 0.002737583480357
10.86 0.001304888301292
10.87 0.002023861169703
10.88 0.00261678930613
10.89 0.00099925300821
10.9 0.00061558986731
10.91 -0.00147369097388
10.92 -0.001353596276443
10.93 -0.003199174666548
10.94 -0.002712334969195
10.95 -0.000625050560411
10.96 0.00035587270085
10.97 -0.000733715049998
10.98 -0.001948189369914
10.99 -0.004860090683802
11.0 -0.007666223811965
11.01 -0.007859585297227
11.02 -0.00833742313787
11.03 -0.007669879082292
11.04 -0.007642939498973
11.05 -0.006930436856261
11.06 -0.006618491038237
11.07 -0.006676653984007
11.08 -0.007617619026378
11.09 -0.007839692200048
11.1 -0.006101639869036
11.11 -0.003094264433278
11.12 -0.002531678254824
11.13 -0.004675389758602
11.14 -0.005713707963058
11.15 -0.003088535008139
11.16 -0.000267229199418
11.17 0.000944420474404
11.18 0.002349950045695
11.19 0.004054955436962
11.2 0.004225741224515
11.21 0.005638597612547
11.22 0.006837639524884
11.23 0.008641680845726
11.24 0.007957043917877
11.25 0.008269247233473
11.26 0.007067019828448
11.27 0.004903000931279
11.28 0.004520398630998
11.29 0.003885913078499
11.3 0.004565035976333
11.31 0.003844432060633
11.32 0.003500823955853
11.33 0.001892957054149
11.34 0.002184348622545
11.35 0.002167769281404
11.36 0.003574174361219
11.37 0.003590987208931
11.38 0.002747937574898
11.39 0.002233801393477
11.4 0.001910482193277
11.41 0.001921907113477
11.42 -0.001625852735621
11.43 -0.002454911500588
11.44 -0.005902372545257
11.45 -0.00446681346862
11.46 -0.004594958059845
11.47 -0.002149029748031
11.48 -0.001106892026146
11.49 0.003149045004981
11.5 0.004984280045683
11.51 0.004179527435823
11.52 0.001859941090569
11.53 -0.000292599324024
11.54 -0.001009188964242
11.55 0.000628346688526
11.56 0.004156581998187
11.57 0.005999565007452
11.58 0.005879191738069
11.59 0.004718823742663
11.6 0.004516314235463
11.61 0.004486627163419
11.62 0.007178934986784
11.63 0.008389542125102
11.64 0.008803951823307
11.65 0.008207766754459
11.66 0.009135090494481
11.67 0.009576949842777
11.68 0.010205431257793
11.69 0.008841732445708
11.7 0.010963676349874
11.71 0.010973808686951
11.72 0.012413462781739
11.73 0.011399934467712
11.74 0.014604029757551
11.75 0.014326693103229
11.76 0.014681781016475
11.77 0.013515178027216
11.78 0.015074927097167
11.79 0.0163491247619
11.8 0.017637193760891
11.81 0.019255522417622
11.82 0.021991329591136
11.83 0.023627560367901
11.84 0.024633870646748
11.85 0.025767032668039
11.86 0.026327758362875
11.87 0.026538415052018
11.88 0.026208160235421
11.89 0.023332845952985
11.9 0.023919339112862
11.91 0.023229495302072
11.92 0.024175161451862
11.93 0.02228412796721
11.94 0.02160773027539
11.95 0.017521327077952
11.96 0.017964768364654
11.97 0.017948909544545
11.98 0.016247968108886
11.99 0.013958784648233
12.0 0.012746211548749
12.01 0.01225513769876
12.02 0.011272063738248
12.03 0.012258887002435
12.04 0.010479100221936
12.05 0.009969667872176
12.06 0.010386173818981
12.07 0.012319485377586
12.08 0.012359325790317
12.09 0.012989648754242
12.1 0.012755229138141
12.11 0.013542616978135
12.12 0.012299187403776
12.13 0.011292382754392
12.14 0.007785508053563
12.15 0.00741112857753
12.16 0.006212654961313
12.17 0.007216942834476
12.18 0.007540124080397
12.19 0.009165276951099
12.2 0.010156489867328
12.21 0.011102165639816
12.22 0.009716808804418
12.23 0.008155698666903
12.24 0.006659410718715
12.25 0.007573124247023
12.26 0.009040389620035
12.27 0.010440157824443
12.28 0.010489997452895
12.29 0.009703128313134
12.3 0.009975274811806
12.31 0.010285499752811
12.32 0.011115821013888
12.33 0.010698351573397
12.34 0.011558979281542
12.35 0.011654542382263
12.36 0.012048030863141
12.37 0.011119330103713
12.38 0.010326103495285
12.39 0.008091392476451
12.4 0.005890592763356
12.41 0.006051400775865
12.42 0.00681390451801
12.43 0.007340245276451
12.44 0.007540295951941
12.45 0.008238277210681
12.46 0.009077071578471
12.47 0.009705225253787
12.48 0.009349539462388
12.49 0.008637586422427
12.5 0.008608316072114
12.51 0.007772732355805
12.52 0.00831020981093
12.53 0.00770128207018
12.54 0.008379176293959
12.55 0.008814874746719
12.56 0.009041670452729
12.57 0.009801494107291
12.58 0.00909525100737
12.59 0.007319315960194
12.6 0.004411391357051
12.61 0.001719996665234
12.62 -0.001164266077053
12.63 -0.00236099399571
12.64 -0.002162748827879
12.65 -0.000180845367127
12.66 0.000824432326494
12.67 0.000855349928303
12.68 0.000398639915908
12.69 -6.8144416213e-05
12.7 -0.000780088916427
12.71 -0.001161575448112
12.72 -0.001292551753048
12.73 -0.001931148893635
12.74 -0.00239844436665
12.75 -0.002638901564865
12.76 -0.002526800582969
12.77 -0.002062900187482
12.78 -0.002132823586418
12.79 -0.001963384446205
12.8 -0.002049189647809
12.81 -0.003014804118701
12.82 -0.00351029596496
12.83 -0.004828634853502
12.84 -0.005589603185148
12.85 -0.006418036338209
12.86 -0.006318108779019
12.87 -0.006472538722381
12.88 -0.006697491936897
12.89 -0.007079021015243
12.9 -0.006887332586274
12.91 -0.006932301983033
12.92 -0.005806995208495
12.93 -0.006370845513301
12.94 -0.006001887351426
12.95 -0.005700066352426
12.96 -0.005041353208257
12.97 -0.005193549896001
12.98 -0.005261749189304
12.99 -0.004299814288773
13.0 -0.003102539054549
13.01 0.00062337843601
13.02 0.004293375230232
13.03 0.00533925332916
13.04 0.004124992681172
13.05 0.003330172365716
13.06 0.004291905480287
13.07 0.005333951549266
13.08 0.00511235284381
13.09 0.003400838316463
13.1 0.000804341378967
13.11 -0.00200406991392
13.12 -0.003932047710644
13.13 -0.002443707076533
13.14 -0.001280317428697
13.15 -0.000902578827678
13.16 -0.001025561597496
13.17 -0.000833719961676
13.18 -0.001011278259443
13.19 -0.002180761403633
13.2 -0.00324107174435
13.21 -0.003433472919206
13.22 -0.004048445134842
13.23 -0.005221336929179
13.24 -0.006316067756535
13.25 -0.00605640005222
13.26 -0.005506629633085
13.27 -0.005991860215348
13.28 -0.006606842712525
13.29 -0.007897742547231
13.3 -0.008578274342807
13.31 -0.009251756515325
13.32 -0.00964387068329
13.33 -0.00954599718237
13.34 -0.009743882246156
13.35 -0.009401352993079
13.36 -0.008740633896113
13.37 -0.006363880947177
13.38 -0.00542604730734
13.39 -0.004472518314997
13.4 -0.005202633990567
13.41 -0.004877447994634
13.42 -0.004957978493078
13.43 -0.004081548294525
13.44 -0.004705838640066
13.45 -0.004274147323013
13.46 -0.005118132386153
13.47 -0.004508592618797
13.48 -0.005460754849369
13.49 -0.005698577816066
13.5 -0.005544238042109
13.51 -0.006002405043216
13.52 -0.00639405023589
13.53 -0.006913449906486
13.54 -0.007310178280301
13.55 -0.006919635541304
13.56 -0.007703672685998
13.57 -0.008038796954773
13.58 -0.00838008078773
13.59 -0.007838526913071
13.6 -0.008439428414692
13.61 -0.009257927645263
13.62 -0.009332780324787
13.63 -0.009128094536675
13.64 -0.007644343988046
13.65 -0.006751584688
13.66 -0.006113819510959
13.67 -0.007188759490596
13.68 -0.007888809823819
13.69 -0.008518580875273
13.7 -0.008565432296044
13.71 -0.009812717619473
13.72 -0.01067020829562
13.73 -0.011301874457623
13.74 -0.011588734392041
13.75 -0.011252285092379
13.76 -0.010893950201347
13.77 -0.010650730517965
13.78 -0.011481049005631
13.79 -0.011899124255306
13.8 -0.01101198801835
13.81 -0.009652476028392
13.82 -0.009261776494666
13.83 -0.00913791809306
13.84 -0.009931777272559
13.85 -0.009510495659251
13.86 -0.009768773094489
13.87 -0.00906843661623
13.88 -0.009340761891569
13.89 -0.009060105640989
13.9 -0.008526738921698
13.91 -0.008230204375225
13.92 -0.008630251233133
13.93 -0.009088367317611
13.94 -0.009072074727164
13.95 -0.008527111068931
13.96 -0.008383253839155
13.97 -0.007878235972636
13.98 -0.00694422126549
13.99 -0.006255040317533
14.0 -0.004904966838143
14.01 -0.005067373298243
14.02 -0.005638245364432
14.03 -0.006559112178953
14.04 -0.005808794998103
14.05 -0.005254877365258
14.06 -0.005463833613719
14.07 -0.005389311997305
14.08 -0.006033562757668
14.09 -0.006186030432066
14.1 -0.006576997975238
14.11 -0.006655209220701
14.12 -0.006740089280685
14.13 -0.006620881061622
14.14 -0.006403042456326
14.15 -0.006752873040983
14.16 -0.006920059162749
14.17 -0.007152855959889
14.18 -0.007011387486447
14.19 -0.007175733331348
14.2 -0.00687076184734
14.21 -0.006832692376833
14.22 -0.006892981979727
14.23 -0.007073648466941
14.24 -0.007145438612099
14.25 -0.007037731551332
14.26 -0.007077524663887
14.27 -0.006375128450442
14.28 -0.005642738938236
14.29 -0.005269128537427
14.3 -0.005605964226823
14.31 -0.005237794322642
14.32 -0.005755871741
14.33 -0.005858387878208
14.34 -0.005221851714572
14.35 -0.003227851746066
14.36 0.000444283712909
14.37 0.003407937904754
14.38 0.003763600686064
14.39 0.001348191057796
14.4 0.000117084950638
14.41 0.001189977672329
14.42 0.002130441929589
14.43 0.001818643103408
14.44 0.001075434347601
14.45 0.001138804575875
14.46 0.001022107453276
14.47 -0.000734202112805
14.48 -0.004731778937791
14.49 -0.007004327465261
14.5 -0.007523434426508
14.51 -0.007553894215189
14.52 -0.008426584943669
14.53 -0.008256938891919
14.54 -0.008245605952325
14.55 -0.007048773987991
14.56 -0.006651750011554
14.57 -0.005863365735949
14.58 -0.005151309716017
14.59 -0.004713703960991
14.6 -0.004916033131919
14.61 -0.004811017044861
14.62 -0.004827998380105
14.63 -0.005547579164354
14.64 -0.00614036462008
14.65 -0.006837994086658
14.66 -0.006963371829068
14.67 -0.00675698564741
14.68 -0.007105468075
14.69 -0.008346862015453
14.7 -0.012258750871823
14.71 -0.017989110384502
14.72 -0.019034493848969
14.73 -0.016760507045711
14.74 -0.01509962497605
14.75 -0.016063203276145
14.76 -0.01627349291546
14.77 -0.016731405411312
14.78 -0.016271263149183
14.79 -0.015475126775758
14.8 -0.014334794907846
14.81 -0.013598149918956
14.82 -0.013992124779471
14.83 -0.014171553836847
14.84 -0.012985457584942
14.85 -0.011671996199355
14.86 -0.011050629757748
14.87 -0.010257405051946
14.88 -0.010301321476337
14.89 -0.010216649078737
14.9 -0.009960353106012
14.91 -0.010018855163739
14.92 -0.010480139672529
14.93 -0.009938053982619
14.94 -0.009704293302966
14.95 -0.009683694867886
14.96 -0.010289845707849
14.97 -0.009849574716422
14.98 -0.009513340923944
14.99 -0.009041910532774
15.0 -0.009703748629405
15.01 -0.009253523128626
15.02 -0.008669844313907
15.03 -0.007623130069155
15.04 -0.008001430662888
15.05 -0.008411156251398
15.06 -0.009011972473683
15.07 -0.008229624670194
15.08 -0.008907757475579
15.09 -0.0090686083688
15.1 -0.009915651830175
15.11 -0.009495014147406
15.12 -0.008750788585232
15.13 -0.008738661235809
15.14 -0.008849974508575
15.15 -0.009773134413115
15.16 -0.009332209281802
15.17 -0.009198630031043
15.18 -0.009318409309819
15.19 -0.008861885979329
15.2 -0.008942208975027
15.21 -0.008914643926402
15.22 -0.009464410923433
15.23 -0.009735410710443
15.24 -0.009075731745892
15.25 -0.008218184489335
15.26 -0.008234927019594
15.27 -0.008876606410728
15.28 -0.008120058190329
15.29 -0.007593427375211
15.3 -0.006842324840479
15.31 -0.005004098361991
15.32 -0.002071285919441
15.33 0.000941628475227
15.34 0.002308001177615
15.35 0.001605078483711
15.36 -0.00032342038654
15.37 -0.000169659659376
15.38 0.000671970443665
15.39 0.001305674947828
15.4 0.000116971962147
15.41 -0.00031519791313
15.42 -9.9584857398e-05
15.43 0.000789576203517
15.44 0.000948649992004
15.45 0.000457247268345
15.46 -0.000984395121764
15.47 -0.003291298019703
15.48 -0.005730599162292
15.49 -0.007877291741474
15.5 -0.007881943807482
15.51 -0.007350085469802
15.52 -0.006652584961873
15.53 -0.007108909880394
15.54 -0.007521145675979
15.55 -0.007526461639972
15.56 -0.006386526127846
15.57 -0.005380808320271
15.58 -0.004918897438106
15.59 -0.00557214601031
15.6 -0.005279658917757
15.61 -0.003983437735261
15.62 0.000871575458218
15.63 0.005843651859526
15.64 0.008777737891186
15.65 0.007435093649666
15.66 0.006955633970823
15.67 0.006772705265976
15.68 0.00775510817741
15.69 0.005916622807
15.7 0.007098949866788
15.71 0.00645032460304
15.72 0.004989651322822
15.73 0.003881105734907
15.74 0.006015662487351
15.75 0.006624903630453
15.76 0.005126066008709
15.77 0.005437456750889
15.78 0.003169564489539
15.79 0.003156294802846
15.8 0.002404921945911
15.81 0.004071324249292
15.82 0.0041204015441
15.83 0.005339615219322
15.84 0.006118123137885
15.85 0.00623292500539
15.86 0.005468838437847
15.87 0.00489412270239
15.88 0.005582211828165
15.89 0.006027795027388
15.9 0.005401680638882
15.91 0.005317140733235
15.92 0.004088019755929
15.93 0.002898584610868
15.94 0.002244299816814
15.95 0.00214497376381
15.96 0.00068628359178
15.97 2.6997186281e-05
15.98 0.000800494797339
15.99 0.00317347905619
16.0 0.003099568861577
16.01 0.001818145951016
16.02 0.002497513655709
16.03 0.000823092720584
16.04 0.00347931796932
16.05 0.004112220554184
16.06 0.005518713534189
16.07 0.005059446121249
16.08 0.005895965389897
16.09 0.00596806083571
16.1 0.006195786066232
16.11 0.005305511509791
16.12 0.004934352605407
16.13 0.004872900548673
16.14 0.004619774014467
16.15 0.003397862330509
16.16 0.002698012857555
16.17 0.003551040903889
16.18 0.004208731638063
16.19 0.005338939948074
16.2 0.005608748303982
16.21 0.006463065934202
16.22 0.006700556731199
16.23 0.007725670738897
16.24 0.00713325488477
16.25 0.006667732608108
16.26 0.007369765769961
16.27 0.007331331226421
16.28 0.006923786382515
16.29 0.006203679503924
16.3 0.004627554883091
16.31 0.00078918019129
16.32 -0.001007307405141
16.33 -0.001729563816138
16.34 -0.000627734740312
16.35 -0.000633309278732
16.36 -9.7431905091e-05
16.37 0.000627397932039
16.38 0.004949344303709
16.39 0.011025981633738
16.4 0.014195372969674
16.41 0.011679431322498
16.42 0.01121826699683
16.43 0.011953790382251
16.44 0.014687173554848
16.45 0.011765955463645
16.46 0.008988957834838
16.47 0.006999246000592
16.48 0.008656218007223
16.49 0.009914878011125
16.5 0.009476843418653
16.51 0.009472686382022
16.52 0.007325652187954
16.53 0.00826183536189
16.54 0.008480688024437
16.55 0.008471123472314
16.56 0.007087267727794
16.57 0.007466306281999
16.58 0.008360242046147
16.59 0.008401619765447
16.6 0.006576557082003
16.61 0.006403592859225
16.62 0.007715379501278
16.63 0.00844596081481
16.64 0.00699210009586
16.65 0.006851852388578
16.66 0.006445825467565
16.67 0.006196195507865
16.68 0.004447383437274
16.69 0.003673257661717
16.7 0.003779674893692
16.71 0.004869188995553
16.72 0.004930899132043
16.73 0.005494475412002
16.74 0.004810192477292
16.75 0.005225437588108
16.76 0.005266251506441
16.77 0.005104609468409
16.78 0.00463431691961
16.79 0.005278267099499
16.8 0.005671737531045
16.81 0.006379717636264
16.82 0.006026000036873
16.83 0.0050670999546
16.84 0.004829621767658
16.85 0.005105431824558
16.86 0.00534097645646
16.87 0.004830818060978
16.88 0.004849104552582
16.89 0.005060232343574
16.9 0.005331178118814
16.91 0.004558469204115
16.92 0.004117041571059
16.93 0.003908721829128
16.94 0.004122124997036
16.95 0.004031475607984
16.96 0.004990099211868
16.97 0.005661494346543
16.98 0.006077875511986
16.99 0.006213624037462
17.0 0.006138153445303
17.01 0.006157273926464
17.02 0.006081177122081
17.03 0.006315588963113
17.04 0.005617850845457
17.05 0.002961551221819
17.06 -0.000587523020561
17.07 -0.003667352771243
17.08 -0.004224974853037
17.09 -0.003144895000507
17.1 -0.001900199792285
17.11 -0.001983515121005
17.12 -0.003082597354635
17.13 -0.003060532488316
17.14 -0.001633528799919
17.15 -0.000495531212008
17.16 0.001405670960141
17.17 0.004939404073216
17.18 0.00868990462081
17.19 0.010108369740476
17.2 0.008439313915812
17.21 0.0086007241466
17.22 0.009148967981477
17.23 0.008625852909972
17.24 0.006789286833052
17.25 0.006417078320707
17.26 0.006151255097265
17.27 0.005683795944525
17.28 0.005942832908592
17.29 0.006039837268109
17.3 0.005296965946839
17.31 0.00519439098803
17.32 0.004892716347951
17.33 0.004220591929066
17.34 0.002899896492967
17.35 0.002874387957583
17.36 0.003248069847151
17.37 0.003503678800079
17.38 0.002192194854461
17.39 0.000988419776105
17.4 2.3845169066e-05
17.41 0.000323914577766
17.42 0.00041013042423
17.43 0.000302894467691
17.44 -0.000378177915886
17.45 -0.001109910117809
17.46 -0.001079001989258
17.47 0.000705016015692
17.48 0.00142863584932
17.49 0.001676165996631
17.5 0.001112366227296
17.51 0.000756128382678
17.52 0.00039482574112
17.53 0.000759367360095
17.54 0.00023151926225
17.55 0.00029310441319
17.56 -3.9653527851e-05
17.57 -5.4088933065e-05
17.58 -0.000777269435356
17.59 -0.000435417620531
17.6 -0.000844360033353
17.61 -0.001234454143346
17.62 -0.00232372321104
17.63 -0.003512303077018
17.64 -0.003685201906415
17.65 -0.00388673066215
17.66 -0.003661187737836
17.67 -0.004347887783389
17.68 -0.004229766771026
17.69 -0.003803739549705
17.7 -0.003596865974732
17.71 -0.003490747889537
17.72 -0.003910390177021
17.73 -0.004584742658012
17.74 -0.005098457899362
17.75 -0.004982551627046
17.76 -0.004880741026152
17.77 -0.00498405482991
17.78 -0.004489776054837
17.79 -0.004296594461673
17.8 -0.0044256146648
17.81 -0.004328727962529
17.82 -0.004287862389152
17.83 -0.004491147450644
17.84 -0.004908802672678
17.85 -0.005682441107662
17.86 -0.005909180214355
17.87 -0.006511613711119
17.88 -0.006802512479224
17.89 -0.007006880531042
17.9 -0.006902942357314
17.91 -0.007375978606977
17.92 -0.005642557343624
17.93 -0.004989483780425
17.94 -0.004060142365907
17.95 -0.004490536159827
17.96 -0.002197880881231
17.97 0.00065250841014
17.98 0.006282218104306
17.99 0.008766594653157
18.0 0.010050990423829
18.01 0.00906681348693
18.02 0.008811842093352
18.03 0.008155811739582
18.04 0.008685630427388
18.05 0.008985248597264
18.06 0.008255224750767
18.07 0.00721949472987
18.08 0.006301097552641
18.09 0.006704142520012
18.1 0.007594571334895
18.11 0.007512464403732
18.12 0.007441620141714
18.13 0.007370161466688
18.14 0.00821542634142
18.15 0.008897232450228
18.16 0.01066169889412
18.17 0.008664952926962
18.18 0.009190430013958
18.19 0.008328841323202
18.2 0.006747440505616
18.21 0.002891076372962
18.22 0.002361171889553
18.23 0.000306050246252
18.24 -0.001033930651579
18.25 0.000174042628402
18.26 0.000149625308907
18.27 -6.7953496609e-05
18.28 0.001119311214115
18.29 0.002950526402097
18.3 0.004507632212304
18.31 0.005777090778916
18.32 0.0072450665962
18.33 0.006852138546125
18.34 0.007714641638129
18.35 0.007837232005092
18.36 0.008306895167044
18.37 0.0074447361801
18.38 0.007766555865114
18.39 0.007566400510903
18.4 0.007429148099158
18.41 0.006796352913837
18.42 0.006394429394912
18.43 0.007047166685949
18.44 0.007929756960084
18.45 0.008489904457375
18.46 0.008207282070595
18.47 0.008080895290953
18.48 0.007554155993017
18.49 0.006784425334383
18.5 0.006130840616725
18.51 0.00492526731898
18.52 0.005452225408236
18.53 0.005276042734369
18.54 0.00539868637177
18.55 0.005633669491587
18.56 0.00627265299145
18.57 0.005816724680127
18.58 0.005211122442257
18.59 0.005503762257857
18.6 0.006254151612467
18.61 0.006596332289596
18.62 0.00701772093588
18.63 0.006722326031185
18.64 0.006314103309934
18.65 0.006152090123682
18.66 0.006684150161949
18.67 0.006277960010692
18.68 0.005756064718631
18.69 0.005552281973678
18.7 0.005345525076265
18.71 0.005052074571921
18.72 0.003817268613812
18.73 0.001169451832525
18.74 -0.003393206532197
18.75 -0.006195924203112
18.76 -0.005772737606398
18.77 -0.004065805365358
18.78 -0.003498141100455
18.79 -0.003717303525771
18.8 -0.002134080414329
18.81 0.001977757903127
18.82 0.00481502721174
18.83 0.00228838959294
18.84 0.001209544414811
18.85 0.001535654100639
18.86 0.000660190506435
18.87 -0.001372924915358
18.88 -0.00204534074862
18.89 -0.002965827353599
18.9 -0.003767266908728
18.91 -0.004281317823865
18.92 -0.004874422858368
18.93 -0.004549449145421
18.94 -0.003791977645296
18.95 -0.002933588063708
18.96 -0.003242670079803
18.97 -0.004069545080209
18.98 -0.003767751331849
18.99 -0.00303415456645
19.0 -0.00280277349852
19.01 -0.002202686352026
19.02 -0.00174678833268
19.03 -0.001799386072629
19.04 -0.002668555168147
19.05 -0.002798764407928
19.06 -0.002902523152456
19.07 -0.003528241431622
19.08 -0.003736471795304
19.09 -0.004032487676813
19.1 -0.004545183550004
19.11 -0.005127341736877
19.12 -0.005470163318706
19.13 -0.005525559120242
19.14 -0.005922566358274
19.15 -0.006093339924579
19.16 -0.006544594959217
19.17 -0.006536321536285
19.18 -0.006705793064395
19.19 -0.007363321100565
19.2 -0.007427459877029
19.21 -0.007434196263862
19.22 -0.007354468121603
19.23 -0.007185774551811
19.24 -0.006590262482863
19.25 -0.005803419425691
19.26 -0.00613441095022
19.27 -0.006630784505381
19.28 -0.006296373996886
19.29 -0.005112282140207
19.3 -0.003514708179754
19.31 -0.001524279023579
19.32 0.001473104475324
19.33 0.00393953797236
19.34 0.004456258689616
19.35 0.003085415269135
19.36 0.00223560824935
19.37 0.002182534523332
19.38 0.001419484414707
19.39 -0.002873335258053
19.4 -0.007985540404691
19.41 -0.008699380867559
19.42 -0.005604871595311
19.43 -0.003971039113249
19.44 -0.004306357820444
19.45 -0.003372695521877
19.46 -0.001734036620398
19.47 -0.000955388643229
19.48 -0.002516920282351
19.49 -0.00286954278492
19.5 -0.002450032813012
19.51 -0.00192096431577
19.52 -0.002251818224434
19.53 -0.003150557548236
19.54 -0.003050585630314
19.55 -0.002483425989451
19.56 -0.001618171956427
19.57 -0.002562053706871
19.58 -0.002956901754904
19.59 -0.002481852017662
19.6 -0.00194777329988
19.61 -0.001465576456911
19.62 -0.000962332678404
19.63 -0.000223532219199
19.64 0.00022276197936
19.65 0.000388405162534
19.66 0.00048486037701
19.67 0.00100357821792
19.68 0.001177299375425
19.69 0.001596211257108
19.7 0.002156227867618
19.71 0.003205483160552
19.72 0.005395812555125
19.73 0.008440617224197
19.74 0.010724766479851
19.75 0.011551299284082
19.76 0.010274424797905
19.77 0.009190256579332
19.78 0.008891462998219
19.79 0.008751959851244
19.8 0.008587793170844
19.81 0.008711091330036
19.82 0.008880423422617
19.83 0.0087830909254
19.84 0.007710746739538
19.85 0.006076734031261
19.86 0.006803875707673
19.87 0.007328955746303
19.88 0.007405000519819
19.89 0.008197696464355
19.9 0.007245543609738
19.91 0.00778960019575
19.92 0.008242856944192
19.93 0.00851235100515
19.94 0.007996021667593
19.95 0.007386014417056
19.96 0.008099593344835
19.97 0.006768798768738
19.98 0.007387862804638
19.99 0.005615445078839
20.0 0.005523921979257
20.01 0.005930387616168
20.02 0.006400713932223
20.03 0.005506776753738
20.04 0.00488920571489
20.05 0.005004907693684
20.06 0.004777304954497
20.07 0.005122563000911
20.08 0.005580848166904
20.09 0.005503927387413
20.1 0.00613709234466
20.11 0.005741834836094
20.12 0.005937896094222
20.13 0.00543184880979
20.14 0.005331113503496
20.15 0.004975306267908
20.16 0.004527536005446
20.17 0.004522698107831
20.18 0.003724219082645
20.19 0.003289485874542
20.2 0.001861605291403
20.21 0.000290128730172
20.22 -0.00224862504836
20.23 -0.003813230760565
20.24 -0.004174102361768
20.25 -0.003932261233015
20.26 -0.00461908427072
20.27 -0.004891571178149
20.28 -0.004442418868009
20.29 -0.003891031590426
20.3 -0.004032462444378
20.31 -0.004796087103809
20.32 -0.005547772658717
20.33 -0.005510589574673
20.34 -0.005152078557963
20.35 -0.005092543670191
20.36 -0.005232891072078
20.37 -0.004947312531109
20.38 -0.004939384203746
20.39 -0.005040159981272
20.4 -0.005047348174586
20.41 -0.005264462262798
20.42 -0.005308278847691
20.43 -0.005933277189245
20.44 -0.00588442732113
20.45 -0.006054605621379
20.46 -0.006140247311367
20.47 -0.006556648944552
20.48 -0.006276371882957
20.49 -0.005995241216781
20.5 -0.005491649973392
20.51 -0.00606003145396
20.52 -0.006051530023151
20.53 -0.006269314375349
20.54 -0.005664456337578
20.55 -0.00394542444349
20.56 -0.00089641006264
20.57 0.000337773395147
20.58 -0.001564507324331
20.59 -0.004078239387228
20.6 -0.0044233617306
20.61 -0.002542775176234
20.62 -0.001204760682353
20.63 -0.002046204781015
20.64 -0.003022906933452
20.65 -0.003603937841323
20.66 -0.00324065020609
20.67 -0.003078523495453
20.68 -0.00352266577153
20.69 -0.003829554299534
20.7 -0.004433286287235
20.71 -0.004736213242412
20.72 -0.005239874448353
20.73 -0.005236408740728
20.74 -0.005598989302825
20.75 -0.005796763339958
20.76 -0.005823821363682
20.77 -0.005855006409301
20.78 -0.005761611081878
20.79 -0.00574835454409
20.8 -0.005736494754386
20.81 -0.00558977371143
20.82 -0.005503707978543
20.83 -0.005480245471117
20.84 -0.005650463204428
20.85 -0.005720781127417
20.86 -0.005667885962556
20.87 -0.005363853901568
20.88 -0.004940198947903
20.89 -0.005081579634934
20.9 -0.005405550327598
20.91 -0.005339314502504
20.92 -0.004451496152639
20.93 -0.003618282572993
20.94 -0.003502802180764
20.95 -0.003959090233333
20.96 -0.003864269320039
20.97 -0.003714011074074
20.98 -0.004408793140561
20.99 -0.005149656643164
21.0 -0.005737249201554
21.01 -0.005701433672891
21.02 -0.00555844352362
21.03 -0.005649815836641
21.04 -0.00581359750122
21.05 -0.005928413620168
21.06 -0.006070239858463
21.07 -0.005762647389349
21.08 -0.005591832314641
21.09 -0.005784620561471
21.1 -0.005515980678248
21.11 -0.005508345331621
21.12 -0.005580163305711
21.13 -0.005818160336538
21.14 -0.005472898823317
21.15 -0.005324293179174
21.16 -0.0057288220158
21.17 -0.006657138122322
21.18 -0.006910436504018
21.19 -0.006841167937033
21.2 -0.006670374524487
21.21 -0.006595744055311
21.22 -0.006105729254801
21.23 -0.005947145969169
21.24 -0.005711940953224
21.25 -0.005662301180726
21.26 -0.005505642632025
21.27 -0.004828723222587
21.28 -0.004040673788009
21.29 -0.004260742054223
21.3 -0.005281754990761
21.31 -0.005558984315904
21.32 -0.004763827239062
21.33 -0.004570943909851
21.34 -0.004768743303665
21.35 -0.003923234937812
21.36 -0.003125418541877
21.37 -0.003092254507888
21.38 -0.002947556829867
21.39 -0.002024740682286
21.4 -0.001791690280937
21.41 -0.0015878989162
21.42 -0.00120142501129
21.43 -0.000649000034451
21.44 -0.001410879715611
21.45 -0.002055823102832
21.46 -0.001773081847298
21.47 -0.00162813448269
21.48 -0.00202320619808
21.49 -0.002079828481304
21.5 -0.002569337510999
21.51 -0.002609368236513
21.52 -0.002953840799775
21.53 -0.002747522441552
21.54 -0.003323434315482
21.55 -0.002482681188106
21.56 -0.002715165667194
21.57 -0.002207183823487
21.58 -0.002033826747061
21.59 -0.001015469640401
21.6 -0.000617098523765
21.61 0.000420683826498
21.62 0.001496710554025
21.63 0.002660694923852
21.64 0.00360678934767
21.65 0.004062199071265
21.66 0.005512336584474
21.67 0.006487958902145
21.68 0.007387163304959
21.69 0.007240347332732
21.7 0.007285743560199
21.71 0.007009989193229
21.72 0.006988981960677
21.73 0.006879387486035
21.74 0.00678731000866
21.75 0.00682031509688
21.76 0.007061041744871
21.77 0.007303453371612
21.78 0.00767948109476
21.79 0.007843091401411
21.8 0.007657491192271
21.81 0.007501064214961
21.82 0.007519515773345
21.83 0.007222642390963
21.84 0.007112025232662
21.85 0.006919802727581
21.86 0.006876571263459
21.87 0.006390845046557
21.88 0.0061760105213
21.89 0.005069403143925
21.9 0.003389762672075
21.91 0.00169776981174
21.92 0.001351048013735
21.93 0.002013974209904
21.94 0.002954104539136
21.95 0.00303437133718
21.96 0.00336370554503
21.97 0.003790149030836
21.98 0.00430822353747
21.99 0.004197098652192
22.0 0.00384353345678
22.01 0.003661596850365
22.02 0.003845120124744
22.03 0.004143331335966
22.04 0.00430362919466
22.05 0.004681716791475
22.06 0.005470651101376
22.07 0.005633499468313
22.08 0.005684430771071
22.09 0.005476043652075
22.1 0.005764501497244
22.11 0.005752608370977
22.12 0.005839694053715
22.13 0.00565878992446
22.14 0.005590019488127
22.15 0.005542451775462
22.16 0.005414208581922
22.17 0.00477026662008
22.18 0.003103532795035
22.19 0.002669568526653
22.2 0.003168129144703
22.21 0.003203356702944
22.22 0.00323118844375
22.23 0.002939837612553
22.24 0.0029200553223
22.25 0.002325304734278
22.26 0.000977135328288
22.27 -0.001650865229475
22.28 -0.004304783392103
22.29 -0.005724152203825
22.3 -0.005335293023272
22.31 -0.003919039486212
22.32 -0.00345478431731
22.33 -0.004364640567733
22.34 -0.005192018464421
22.35 -0.005214672922716
22.36 -0.004059885645591
22.37 -0.001731567365782
22.38 0.001782968126763
22.39 0.004686001426998
22.4 0.003796037593197
22.41 0.002491097442382
22.42 0.003468338325456
22.43 0.005266526948998
22.44 0.004249311196324
22.45 0.004071913699978
22.46 0.003735525480932
22.47 0.004136497800729
22.48 0.003111706846207
22.49 0.002343742823814
22.5 0.000361334145781
22.51 -0.002006144686427
22.52 -0.003308115363207
22.53 -0.004426985290103
22.54 -0.00589266818908
22.55 -0.007826350428
22.56 -0.008487832774431
22.57 -0.00817250326611
22.58 -0.007851505012674
22.59 -0.007668915323093
22.6 -0.007724490330133
22.61 -0.007401014466556
22.62 -0.007303309274085
22.63 -0.006655611201161
22.64 -0.006547595499465
22.65 -0.006136481991484
22.66 -0.005996553128482
22.67 -0.006119022506066
22.68 -0.007069947465629
22.69 -0.007711496232208
22.7 -0.007898426136174
22.71 -0.007802896923713
22.72 -0.007718293775086
22.73 -0.007349024163915
22.74 -0.007693176076545
22.75 -0.007724272427343
22.76 -0.008014571524794
22.77 -0.007849979953199
22.78 -0.007724682927808
22.79 -0.007197639387539
22.8 -0.006987869163716
22.81 -0.006886141268893
22.82 -0.006874559013039
22.83 -0.00755990432464
22.84 -0.007449179590009
22.85 -0.007288942301353
22.86 -0.007253696521505
22.87 -0.007094821018852
22.88 -0.007507531052559
22.89 -0.007287515143081
22.9 -0.007535077683049
22.91 -0.0069034229151
22.92 -0.007270259930141
22.93 -0.006809582170285
22.94 -0.006716058192813
22.95 -0.006465958665927
22.96 -0.006586215690486
22.97 -0.00660071639555
22.98 -0.005947480418519
22.99 -0.005826132453878
23.0 -0.005557937360943
23.01 -0.005804976405574
23.02 -0.006066516705278
23.03 -0.006448412730298
23.04 -0.006013586922718
23.05 -0.005705316160777
23.06 -0.005509371787712
23.07 -0.005479167293146
23.08 -0.005327793523824
23.09 -0.004965695945941
23.1 -0.004495655984024
23.11 -0.004137603959319
23.12 -0.003859625854393
23.13 -0.00378565949987
23.14 -0.003773968277959
23.15 -0.003468428620585
23.16 -0.003286518582271
23.17 -0.003311934566391
23.18 -0.002890091483263
23.19 -0.001876984096393
23.2 -0.000372917667952
23.21 0.000242497386517
23.22 0.000879066070085
23.23 0.000832922792123
23.24 0.000684218283614
23.25 0.000276852724687
23.26 0.000361854423023
23.27 0.000516179496781
23.28 0.000454280783611
23.29 0.000467731927147
23.3 0.000452053223709
23.31 0.000540979338388
23.32 0.000627890430664
23.33 0.000894284916013
23.34 0.001208125807994
23.35 0.001668796599265
23.36 0.00227235524145
23.37 0.003117571237719
23.38 0.003755704072816
23.39 0.0044347441618
23.4 0.005093056519006
23.41 0.005720966357867
23.42 0.005841045814687
23.43 0.005973612142516
23.44 0.006010078835151
23.45 0.006031580479212
23.46 0.005947427029146
23.47 0.005896110648925
23.48 0.005858458255056
23.49 0.005867935683786
23.5 0.005967583757812
23.51 0.00596798117916
23.52 0.00585180354064
23.53 0.005793760214859
23.54 0.005863457753143
23.55 0.00588392244736
23.56 0.005761927154741
23.57 0.005843417773503
23.58 0.005860438209514
23.59 0.005870033072578
23.6 0.00595174942764
23.61 0.006244591555357
23.62 0.006426362991289
23.63 0.006448532235855
23.64 0.006292920648516
23.65 0.006231591066143
23.66 0.006395526548004
23.67 0.006467404108245
23.68 0.006477616667978
23.69 0.006282450199547
23.7 0.006048842051312
23.71 0.005905648101129
23.72 0.005851114092501
23.73 0.005764387039599
23.74 0.005738292187376
23.75 0.005863439053385
23.76 0.005789376224312
23.77 0.005753989587263
23.78 0.00569042814977
23.79 0.005587058553332
23.8 0.005184090258094
23.81 0.004584252405605
23.82 0.003489114106439
23.83 0.002573706511411
23.84 0.001864037505704
23.85 0.00158940781454
23.86 0.001171327419123
23.87 0.001274798791083
23.88 0.001640034567145
23.89 0.002150679020592
23.9 0.002579209466175
23.91 0.002882461718931
23.92 0.002913405300602
23.93 0.002953506397579
23.94 0.003356349180123
23.95 0.003585391800164
23.96 0.003301322872966
23.97 0.002892835385919
23.98 0.003111309762265
23.99 0.00345438913923
24.0 0.003159077312103
24.01 0.002532921490537
24.02 0.002196559379471
24.03 0.002250806742175
24.04 0.002467258150395
24.05 0.002821050623117
24.06 0.003310963317584
24.07 0.00337802270204
24.08 0.002989472963219
24.09 0.002644967400114
24.1 0.002224482850763
24.11 0.001456747126666
24.12 0.00018068620693
24.13 -0.000867334670201
24.14 -0.001382865047828
24.15 -0.001240976819482
24.16 -0.001184797419792
24.17 -0.001852794542036
24.18 -0.003117300769968
24.19 -0.003074333669006
24.2 0.000278385845905
24.21 0.004399174671128
24.22 0.004510279560628
24.23 0.00158609070034
24.24 0.001319648748778
24.25 0.001837863104271
24.26 -0.000219318154051
24.27 -0.001493168246853
24.28 -0.002683362152819
24.29 -0.002678705377887
24.3 -0.002385236244386
24.31 -0.002403200681215
24.32 -0.003536574491125
24.33 -0.003948033651647
24.34 -0.003932819391369
24.35 -0.003741738144044
24.36 -0.004070688392749
24.37 -0.004804975150291
24.38 -0.005027500008931
24.39 -0.004917330935394
24.4 -0.005206510646889
24.41 -0.005341313902234
24.42 -0.005650484358083
24.43 -0.00583383818028
24.44 -0.006050121344143
24.45 -0.005894169540048
24.46 -0.005939977592295
24.47 -0.005877333343609
24.48 -0.005736620415625
24.49 -0.005623194578898
24.5 -0.005483400709188
24.51 -0.00529065115471
24.52 -0.00517888395371
24.53 -0.005162523126673
24.54 -0.00514379485341
24.55 -0.005095249888833
24.56 -0.004959881628261
24.57 -0.004988371448068
24.58 -0.004898700577448
24.59 -0.004687091509282
24.6 -0.004539168538692
24.61 -0.00455239775184
24.62 -0.004285843411671
24.63 -0.004225040488419
24.64 -0.004209308561596
24.65 -0.004207545516947
24.66 -0.004169093382689
24.67 -0.004183850490327
24.68 -0.004163464823938
24.69 -0.004184511434725
24.7 -0.004291241012147
24.71 -0.004512792914414
24.72 -0.004455157101562
24.73 -0.004323573694878
24.74 -0.004363437168224
24.75 -0.004617683748215
24.76 -0.004775632544369
24.77 -0.004853052998935
24.78 -0.005066144681116
24.79 -0.004986003911672
24.8 -0.005103719419777
24.81 -0.005189222213202
24.82 -0.005074719781376
24.83 -0.004954416754443
24.84 -0.004819448310987
24.85 -0.004727311053745
24.86 -0.004491638067332
24.87 -0.004334399927599
24.88 -0.0041526896909
24.89 -0.004143321661209
24.9 -0.004053793505277
24.91 -0.003651366407316
24.92 -0.002634172698142
24.93 -0.000664556869043
24.94 0.001943235271308
 
 
 
 
 
 
 
 
 
 
 
 
 
 
 
 
 
 
 
 
 
 
 
 
 
 
 
 
 
 
 
 
 
 
 
 
 
 
 
 
 
 
 
 
 
 
 
 
 
 
 
 
 
 
 
 
 
 
 
 
 
 
 
 
 
 
 
 
 
 
 
 
 
 
 
 
 
 
 
 
 
 
 
 
 
 
 
 
 
 
 
 
 
 
 
 
 
 
 
 
 
 
 
 
 
 
 
 
 
 
 
 
 
 
 
 
 
 
 
 
 
 
 
 
 
 
 
 
 
 
 
 
 
 
 
 
 
 
 
 
 
 
 
 
 
 
 
 
 
 
 
 
 
 
 
 
 
 
 
 
 
 
 
 
 
 
 
 
 
 
 
 
 
 
 
 
 
 
 
 
 
 
 
 
 
 
 
 
 
 
 
 
 
 
 
 
 
 
 
 
 
 
 
 
 
 
 
 
 
 
 
 
 
 
 
 
 
 
 
 
 
 
 
 
 
 
 
 
 
 
 
 
 
 
 
 
 
 
 
 
 
 
 
 
 
 
 
 
 
 
 
 
 
 
 
 
 
 
 
 
 
 
 
 
 
 
 
 
 
 
 
 
 
 
 
 
 
 
 
 
 
 
 
 
 
 
 
 
 
 
 
 
 
 
 
 
 
 
 
 
 
 
 
 
 
 
 
 
 
 
 
 
 
 
 
 
 
 
 
 
 
 
 
 
 
 
 
 
 
 
 
 
 
 
 
 
 
 
 
 
 
 
 
 
 
 
 
 
 
 
 
 
 
 
 
 
 
 
 
 
 
 
 
 
 
 
 
 
 
 
 
 
 
 
 
 
 
 
 
 
 
 
 
 
 
 
 
 
 
 
 
 
 
 
 
 
 
 
 
 
 
 
 
 
 
 
 
 
 
 
 
 
 
 
 
 
 
 
 
 
 
 
 
 
 
 
 
 
 
 
 
 
 
 
 
 
 
 
 
 
 
 
 
 
 
 
 
 
 
 
 
 
 
 
 
 
 
 
 
 
 
 
 
 
 
 
 
 
 
 
 
 
 
 
 
 
 
 
 
 
 
 
 
 
 
 
 
 
 
 
 
 
 
 
 
 
 
 
 
 
 
 
 
 
 
 
 
 
 
 
 
 
 
 
 
 
 
 
 
 
 
 
 
 
 
 
 
 
 
 
 
 
 
 
 
 
 
 
 
 
 
 
 
 
 
 
 
 
 
 
 
 
 
 
 
 
 
 
 
 
 
 
 
 
 
 
 
 
 
 
 
 
 
 
 
 
 
 
 
 
 
 
 
 
 
 
 
 
 
 
 
 
 
 
 
 
 
 
 
 
 
 
 
 
 
 
 
 
 
 
 
 
 
 
 
 
 
 
 
 
 
 
 
 
 
 
 
 
 
 
 
 
 
 
 
 
 
 
 
 
 
 
 
 
 
 
 
 
 
 
 
 
 
 
 
 
 
 
 
 
 
 
 
 
 
 
 
 
 
 
 
 
 
 
 
 
 
 
 
 
 
 
 
 
 
 
 
 
 
 
 
 
 
 
 
 
 
 
 
 
 
 
 
 
 
 
 
 
 
 
 
 
 
 
 
 
 
 
 
 
 
 
 
 
 
 
 
 
 
 
 
 
 
 
 
 
 
 
 
 
 
 
 
 
 
 
 
 
 
 
 
 
 
 
 
 
 
 
 
 
 
 
 
 
 
 
 
 
 
 
 
 
 
 
 
 
 
 
 
 
 
 
 
 
 
 
 
 
 
 
 
 
 
 
 
 
 
 
 
 
 
 
 
 
 
 
 
 
 
 
 
 
 
 
 
 
 
 
 
 
 
 
 
 
 
 
 
 
 
 
 
 
 
 
 
 
 
 
 
 
 
 
 
 
 
 
 
 
 
 
 
 
 
 
 
 
 
 
 
 
 
 
 
 
 
 
 
 
 
 
 
 
 
 
 
 
 
 
 
 
 
 
 
 
 
 
 
 
 
 
 
 
 
 
 
 
 
 
 
 
 
 
 
 
 
 
 
 
 
 
 
 
 
 
 
 
 
 
 
 
 
 
 
 
 
 
 
 
 
 
 
 
 
 
 
 
 
 
 
 
 
 
 
 
 
 
 
 
 
 
 
 
 
 
 
 
 
 
 
 
 
 
 
 
 
 
 
 
 
 
 
 
 
 
 
 
 
 
 
 
 
 
 
 
 
 
 
 
 
 
 
 
 
 
 
 
 
 
 
 
 
 
 
 
 
 
 
 
 
 
 
 
 
 
 
 
 
 
 
 
 
 
 
 
 
 
 
 
 
 
 
 
 
 
 
 
 
 
 
 
 
 
 
 
 
 
 
 
 
 
 
 
 
 
 
 
 
 
 
 
 
 
 
 
 
 
 
 
 
 
 
 
 
 
 
 
 
 
 
 
 
 
 
 
 
 
 
 
 
 
 
 
 
 
 
 
 
 
 
 
 
 
 
 
 
 
 
 
 
 
 
 
 
 
 
 
 
 
 
 
 
 
 
 
 
 
 
 
 
 
 
 
 
 
 
 
 
 
 
 
 
 
 
 
 
 
 
 
 
 
 
 
 
 
 
 
 
 
 
 
 
 
 
 
 
 
 
 
 
 
 
 
 
 
 
 
 
 
 
 
 
 
 
 
 
 
 
 
 
 
 
 
 
 
 
 
 
 
 
 
 
 
 
 
 
 
 
 
 
 
 
 
 
 
 
 
 
 
 
 
 
 
 
 
 
 
 
 
 
 
 
 
 
 
 
 
 
 
 
 
 
 
 
 
 
 
 
 
 
 
 
 
 
 
 
 
 
 
 
 
 
 
 
 
 
 
 
 
 
 
 
 
 
 
 
 
 
 
 
 
 
 
 
 
 
 
 
 
 
 
 
 
 
 
 
 
 
 
 
 
 
 
 
 
 
 
 
 
 
 
 
 
 
 
 
 
 
 
 
 
 
 
 
 
 
 
 
 
 
 
 
 
 
 
 
 
 
 
 
 
 
 
 
 
 
 
 
 
 
 
 
 
 
 
 
 
 
 
 
 
 
 
 
 
 
 
 
 
 
 
 
 
 
 
 
 
 
 
 
 
 
 
 
 
 
 
 
 
 
 
 
 
 
 
 
 
 
 
 
 
 
 
 
 
 
 
 
 
 
 
 
 
 
 
 
 
 
 
 
 
 
 
 
 
 
 
 
 
 
 
 
 
 
 
 
 
 
 
 
 
 
 
 
 
 
 
 
 
 
 
 
 
 
 
 
 
 
 
 
 
 
 
 
 
 
 
 
 
 
 
 
 
 
 
 
 
 
 
 
 
 
 
 
 
 
 
 
 
 
 
 
 
 
 
 
 
 
 
 
 
 
 
 
 
 
 
 
 
 
 
 
 
 
 
 
 
 
 
 
 
 
 
 
 
 
 
 
 
 
 
 
 
 
 
 
 
 
 
 
 
 
 
 
 
 
 
 
 
 
 
 
 
 
 
 
 
 
 
 
 
 
 
 
 
 
 
 
 
 
 
 
 
 
 
 
 
 
 
 
 
 
 
 
 
 
 
 
 
 
 
 
 
 
 
 
 
 
 
 
 
 
 
 
 
 
 
 
 
 
 
 
 
 
 
 
 
 
 
 
 
 
 
 
 
 
 
 
 
 
 
 
 
 
 
 
 
 
 
 
 
 
 
 
 
 
 
 
 
 
 
 
 
 
 
 
 
 
 
 
 
 
 
 
 
 
 
 
 
 
 
 
 
 
 
 
 
 
 
 
 
 
 
 
 
 
 
 
 
 
 
 
 
 
 
 
 
 
 
 
 
 
 
 
 
 
 
 
 
 
 
 
 
 
 
 
 
 
 
 
 
 
 
 
 
 
 
 
 
 
 
 
 
 
 
 
 
 
 
 
 
 
 
 
 
 
 
 
 
 
 
 
 
 
 
 
 
 
 
 
 
 
 
 
 
 
 
 
 
 
 
 
 
 
 
 
 
 
 
 
 
 
 
 
 
 
 
 
 
 
 
 
 
 
 
 
 
 
 
 
 
 
 
 
 
 
 
 
 
 
 
 
 
 
 
 
 
 
 
 
 
 
 
 
 
 
 
 
 
 
 
 
 
 
 
 
 
 
 
 
 
 
 
 
 
 
 
 
 
 
 
 
 
 
 
 
 
 
 
 
 
 
 
 
 
 
 
 
 
 
 
 
 
 
 
 
 
 
 
 
 
 
 
 
 
 
 
 
 
 
 
 
 
 
 
 
 
 
 
 
 
 
 
 
 
 
 
 
 
 
 
 
 
 
 
 
 
 
 
 
 
 
 
 
 
 
 
 
 
 
 
 
 
 
 
 
 
 
 
 
 
 
 
 
 
 
 
 
 
 
 
 
 
 
 
 
 
 
 
 
 
 
 
 
 
 
 
 
 
 
 
 
 
 
 
 
 
 
 
 
 
 
 
 
 
 
 
 
 
 
 
 
 
 
 
 
 
 
 
 
 
 
 
 
 
 
 
 
 
 
 
 
 
 
 
 
 
 
 
 
 
 
 
 
 
 
 
 
 
 
 
 
 
 
 
 
 
 
 
 
 
 
 
 
 
 
 
 
 
 
 
 
 
 
 
 
 
 
 
 
 
 
 
 
 
 
 
 
 
 
 
 
 
 
 
 
 
 
 
 
 
 
 
 
 
 
 
 
 
 
 
 
 
 
 
 
 
 
 
 
 
 
 
 
 
 
 
 
 
 
 
 
 
 
 
 
 
 
 
 
 
 
 
 
 
 
 
 
 
 
 
 
 
 
 
 
 
 
 
 
 
 
 
 
 
 
 
 
 
 
 
 
 
 
 
 
 
 
 
 
 
 
 
 
 
 
 
 
 
 
 
 
 
 
 
 
 
 
 
 
 
 
 
 
 
 
 
 
 
 
 
 
 
 
 
 
 
 
 
 
 
 
 
 
 
 
 
 
 
 
 
 
 
 
 
 
 
 
 
 
 
 
 
 
 
 
 
 
 
 
 
 
 
 
 
 
 
 
 
 
 
 
 
 
 
 
 
 
 
 
 
 
 
 
 
 
 
 
 
 
 
 
 
 
 
 
 
 
 
 
 
 
 
 
 
 
 
 
 
 
 
 
 
 
 
 
 
 
 
 
 
 
 
 
 
 
 
 
 
 
 
 
 
 
 
 
 
 
 
 
 
 
 
 
 
 
 
 
 
 
 
 
 
 
 
 
 
 
 
 
 
 
 
 
 
 
 
 
 
 
 
 
 
 
 
 
 
 
 
 
 
 
 
 
 
 
 
 
 
 
 
 
 
 
 
 
 
 
 
 
 
 
 
 
 
 
 
 
 
 
 
 
 
 
 
 
 
 
 
 
 
 
 
 
 
 
 
 
 
 
 
 
 
 
 
 
 
 
 
 
 
 
 
 
 
 
 
 
 
 
 
 
 
 
 
 
 
 
 
 
 
 
 
 
 
 
 
 
 
 
 
 
 
 
 
 
 
 
 
 
 
 
 
 
 
 
 
 
 
 
 
 
 
 
 
 
 
 
 
 
 
 
 
 
 
 
 
 
 
 
 
 
 
 
 
 
 
 
 
 
 
 
 
 
 
 
 
 
 
 
 
 
 
 
 
 
 
 
 
 
 
 
 
 
 
 
 
 
 
 
 
 
 
 
 
 
 
 
 
 
 
 
 
 
 
 
 
 
 
 
 
 
 
 
 
 
 
 
 
 
 
 
 
 
 
 
 
 
 
 
 
 
 
 
 
 
 
 
 
 
 
 
 
 
 
 
 
 
 
 
 
 
 
 
 
 
 
 
 
 
 
 
 
 
 
 
 
 
 
 
 
 
 
 
 
 
 
 
 
 
 
 
 
 
 
 
 
 
 
 
 
 
 
 
 
 
 
 
 
 
 
 
 
 
 
 
 
 
 
 
 
 
 
 
 
 
 
 
 
 
 
 
 
 
 
 
 
 
 
 
 
 
 
 
 
 
 
 
 
 
 
 
 
 
 
 
 
 
 
 
 
 
 
 
 
 
 
 
 
 
 
 
 
 
 
 
 
 
 
 
 
 
 
 
 
 
 
 
 
 
 
 
 
 
 
 
 
 
 
 
 
 
 
 
 
 
 
 
 
 
 
 
 
 
 
 
 
 
 
 
 
 
 
 
 
 
 
 
 
 
 
 
 
 
 
 
 
 
 
 
 
 
 
 
 
 
 
 
 
 
 
 
 
 
 
 
 
 
 
 
 
 
 
 
 
 
 
 
 
 
 
 
 
 
 
 
 
 
 
 
 
 
 
 
 
 
 
 
 
 
 
 
 
 
 
 
 
 
 
 
 
 
 
 
 
 
 
 
 
 
 
 
 
 
 
 
 
 
 
 
 
 
 
 
 
 
 
 
 
 
 
 
 
 
 
 
 
 
 
 
 
 
 
 
 
 
 
 
 
 
 
 
 
 
 
 
 
 
 
 
 
 
 
 
 
 
 
 
 
 
 
 
 
 
 
 
 
 
 
 
 
 
 
 
 
 
 
 
 
 
 
 
 
 
 
 
 
 
 
 
 
 
 
 
 
 
 
 
 
 
 
 
 
 
 
 
 
 
 
 
 
 
 
 
 
 
 
 
 
 
 
 
 
 
 
 
 
 
 
 
 
 
 
 
 
 
 
 
 
 
 
 
 
 
 
 
 
 
 
 
 
 
 
 
 
 
 
 
 
 
 
 
 
 
 
 
 
 
 
 
 
 
 
 
 
 
 
 
 
 
 
 
 
 
 
 
 
 
 
 
 
 
 
 
 
 
 
 
 
 
 
 
 
 
 
 
 
 
 
 
 
 
 
 
 
 
 
 
 
 
 
 
 
 
 
 
 
 
 
 
 
 
 
 
 
 
 
 
 
 
 
 
 
 
 
 
 
 
 
 
 
 
 
 
 
 
 
 
 
 
 
 
 
 
 
 
 
 
 
 
 
 
 
 
 
 
 
 
 
 
 
 
 
 
 
 
 
 
 
 
 
 
 
 
 
 
 
 
 
 
 
 
 
 
 
 
 
 
 
 
 
 
 
 
 
 
 
 
 
 
 
 
 
 
 
 
 
 
 
 
 
 
 
 
 
 
 
 
 
 
 
 
 
 
 
 
 
 
 
 
 
 
 
 
 
 
 
 
 
 
 
 
 
 
 
 
 
 
 
 
 
 
 
 
 
 
 
 
 
 
 
 
 
 
 
 
 
 
 
 
 
 
 
 
 
 
 
 
 
 
 
 
 
 
 
 
 
 
 
 
 
 
 
 
 
 
 
 
 
 
 
 
 
 
 
 
 
 
 
 
 
 
 
 
 
 
 
 
 
 
 
 
 
 
 
 
 
 
 
 
 
 
 
 
 
 
 
 
 
 
 
 
 
 
 
 
 
 
 
 
 
 
 
 
 
 
 
 
 
 
 
 
 
 
 
 
 
 
 
 
 
 
 
 
 
 
 
 
 
 
 
 
 
 
 
 
 
 
 
 
 
 
 
 
 
 
 
 
 
 
 
 
 
 
 
 
 
 
 
 
 
 
 
 
 
 
 
 
 
 
 
 
 
 
 
 
 
 
 
 
 
 
 
 
 
 
 
 
 
 
 
 
 
 
 
 
 
 
 
 
 
 
 
 
 
 
 
 
 
 
 
 
 
 
 
 
 
 
 
 
 
 
 
 
 
 
 
 
 
 
 
 
 
 
 
 
 
 
 
 
 
 
 
 
 
 
 
 
 
 
 
 
 
 
 
 
 
 
 
 
 
 
 
 
 
 
 
 
 
 
 
 
 
 
 
 
 
 
 
 
 
 
 
 
 
 
 
 
 
 
 
 
 
 
 
 
 
 
 
 
 
 
 
 
 
 
 
 
 
 
 
 
 
 
 
 
 
 
 
 
 
 
 
 
 
 
 
 
 
 
 
 
 
 
 
 
 
 
 
 
 
 
 
 
 
 
 
 
 
 
 
 
 
 
 
 
 
 
 
 
 
 
 
 
 
 
 
 
 
 
 
 
 
 
 
 
 
 
 
 
 
 
 
 
 
 
 
 
 
 
 
 
 
 
 
 
 
 
 
 
 
 
 
 
 
 
 
 
 
 
 
 
 
 
 
 
 
 
 
 
 
 
 
 
 
 
 
 
 
 
 
 
 
 
 
 
 
 
 
 
 
 
 
 
 
 
 
 
 
 
 
 
 
 
 
 
 
 
 
 
 
 
 
 
 
 
 
 
 
 
 
 
 
 
 
 
 
 
 
 
 
 
 
 
 
 
 
 
 
 
 
 
 
 
 
 
 
 
 
 
 
 
 
 
 
 
 
 
 
 
 
 
 
 
 
 
 
 
 
 
 
 
 
 
 
 
 
 
 
 
 
 
 
 
 
 
 
 
 
 
 
 
 
 
 
 
 
 
 
 
 
 
 
 
 
 
 
 
 
 
 
 
 
 
 
 
 
 
 
 
 
 
 
 
 
 
 
 
 
 
 
 
 
 
 
 
 
 
 
 
 
 
 
 
 
 
 
 
 
 
 
 
 
 
 
 
 
 
 
 
 
 
 
 
 
 
 
 
 
 
 
 
 
 
 
 
 
 
 
 
 
 
 
 
 
 
 
 
 
 
 
 
 
 
 
 
 
 
 
 
 
 
 
 
 
 
 
 
 
 
 
 
 
 
 
 
 
 
 
 
 
 
 
 
 
 
 
 
 
 
 
 
 
 
 
 
 
 
 
 
 
 
 
 
 
 
 
 
 
 
 
 
 
 
 
 
 
 
 
 
 
 
 
 
 
 
 
 
 
 
 
 
 
 
 
 
 
 
 
 
 
 
 
 
 
 
 
 
 
 
 
 
 
 
 
 
 
 
 
 
 
 
 
 
 
 
 
 
 
 
 
 
 
 
 
 
 
 
 
 
 
 
 
 
 
 
 
 
 
 
 
 
 
 
 
 
 
 
 
 
 
 
 
 
 
 
 
 
 
 
 
 
 
 
 
 
 
 
 
 
 
 
 
 
 
 
 
 
 
 
 
 
 
 
 
 
 
 
 
 
 
 
 
 
 
 
 
 
 
 
 
 
 
 
 
 
 
 
 
 
 
 
 
 
 
 
 
 
 
 
 
 
 
 
 
 
 
 
 
 
 
 
 
 
 
 
 
 
 
 
 
 
 
 
 
 
 
 
 
 
 
 
 
 
 
 
 
 
 
 
 
 
 
 
 
 
 
 
 
 
 
 
 
 
 
 
 
 
 
 
 
 
 
 
 
 
 
 
 
 
 
 
 
 
 
 
 
 
 
 
 
 
 
 
 
 
 
 
 
 
 
 
 
 
 
 
 
 
 
 
 
 
 
 
 
 
 
 
 
 
 
 
 
 
 
 
 
 
 
 
 
 
 
 
 
 
 
 
 
 
 
 
 
 
 
 
 
 
 
 
 
 
 
 
 
 
 
 
 
 
 
 
 
 
 
 
 
 
 
 
 
 
 
 
 
 
 
 
 
 
 
 
 
 
 
 
 
 
 
 
 
 
 
 
 
 
 
 
 
 
 
 
 
 
 
 
 
 
 
 
 
 
 
 
 
 
 
 
 
 
 
 
 
 
 
 
 
 
 
 
 
 
 
 
 
 
 
 
 
 
 
 
 
 
 
 
 
 
 
 
 
 
 
 
 
 
 
 
 
 
 
 
 
 
 
 
 
 
 
 
 
 
 
 
 
 
 
 
 
 
 
 
 
 
 
 
 
 
 
 
 
 
 
 
 
 
 
 
 
 
 
 
 
 
 
 
 
 
 
 
 
 
 
 
 
 
 
 
 
 
 
 
 
 
 
 
 
 
 
 
 
 
 
 
 
 
 
 
 
 
 
 
 
 
 
 
 
 
 
 
 
 
 
 
 
 
 
 
 
 
 
 
 
 
 
 
 
 
 
 
 
 
 
 
 
 
 
 
 
 
 
 
 
 
 
 
 
 
 
 
 
 
 
 
 
 
 
 
 
 
 
 
 
 
 
 
 
 
 
 
 
 
 
 
 
 
 
 
 
 
 
 
 
 
 
 
 
 
 
 
 
 
 
 
 
 
 
 
 
 
 
 
 
 
 
 
 
 
 
 
 
 
 
 
 
 
 
 
 
 
 
 
 
 
 
 
 
 
 
 
 
 
 
 
 
 
 
 
 
 
 
 
 
 
 
 
 
 
 
 
 
 
 
 
 
 
 
 
 
 
 
 
 
 
 
 
 
 
 
 
 
 
 
 
 
 
 
 
 
 
 
 
 
 
 
 
 
 
 
 
 
 
 
 
 
 
 
 
 
 
 
 
 
 
 
 
 
 
 
 
 
 
 
 
 
 
 
 
 
 
 
 
 
 
 
 
 
 
 
 
 
 
 
 
 
 
 
 
 
 
 
 
 
 
 
 
 
 
 
 
 
 
 
 
 
 
 
 
 
 
 
 
 
 
 
 
 
 
 
 
 
 
 
 
 
 
 
 
 
 
 
 
 
 
 
 
 
 
 
 
 
 
 
 
 
 
 
 
 
 
 
 
 
 
 
 
 
 
 
 
 
 
 
 
 
 
 
 
 
 
 
 
 
 
 
 
 
 
 
 
 
 
 
 
 
 
 
 
 
 
 
 
 
 
 
 
 
 
 
 
 
 
 
 
 
 
 
 
 
 
 
 
 
 
 
 
 
 
 
 
 
 
 
 
 
 
 
 
 
 
 
 
 
 
 
 
 
 
 
 
 
 
 
 
 
 
 
 
 
 
 
 
 
 
 
 
 
 
 
 
 
 
 
 
 
 
 
 
 
 
 
 
 
 
 
 
 
 
 
 
 
 
 
 
 
 
 
 
 
 
 
 
 
 
 
 
 
 
 
 
 
 
 
 
 
 
 
 
 
 
 
 
 
 
 
 
 
 
 
 
 
 
 
 
 
 
 
 
 
 
 
 
 
 
 
 
 
 
 
 
 
 
 
 
 
 
 
 
 
 
 
 
 
 
 
 
 
 
 
 
 
 
 
 
 
 
 
 
 
 
 
 
 
 
 
 
 
 
 
 
 
 
 
 
 
 
 
 
 
 
 
 
 
 
 
 
 
 
 
 
 
 
 
 
 
 
 
 
 
 
 
 
 
 
 
 
 
 
 
 
 
 
 
 
 
 
 
 
 
 
 
 
 
 
 
 
 
 
 
 
 
 
 
 
 
 
 
 
 
 
 
 
 
 
 
 
 
 
 
 
 
 
 
 
 
 
 
 
 
 
 
 
 
 
 
 
 
 
 
 
 
 
 
 
 
 
 
 
 
 
 
 
 
 
 
 
 
 
 
 
 
 
 
 
 
 
 
 
 
 
 
 
 
 
 
 
 
 
 
 
 
 
 
 
 
 
 
 
 
 
 
 
 
 
 
 
 
 
 
 
 
 
 
 
 
 
 
 
 
 
 
 
 
 
 
 
 
 
 
 
 
 
 
 
 
 
 
 
 
 
 
 
 
 
 
 
 
 
 
 
 
 
 
 
 
 
 
 
 
 
 
 
 
 
 
 
 
 
 
 
 
 
 
 
 
 
 
 
 
 
 
 
 
 
 
 
 
 
 
 
 
 
 
 
 
 
 
 
 
 
 
 
 
 
 
 
 
 
 
 
 
 
 
 
 
 
 
 
 
 
 
 
 
 
 
 
 
 
 
 
 
 
 
 
 
 
 
 
 
 
 
 
 
 
 
 
 
 
 
 
 
 
 
 
 
 
 
 
 
 
 
 
 
 
 
 
 
 
 
 
 
 
 
 
 
 
 
 
 
 
 
 
 
 
 
 
 
 
 
 
 
 
 
 
 
 
 
 
 
 
 
 
 
 
 
 
 
 
 
 
 
 
 
 
 
 
 
 
 
 
 
 
 
 
 
 
 
 
 
 
 
 
 
 
 
 
 
 
 
 
 
 
 
 
 
 
 
 
 
 
 
 
 
 
 
 
 
 
 
 
 
 
 
 
 
 
 
 
 
 
 
 
 
 
 
 
 
 
 
 
 
 
 
 
 
 
 
 
 
 
 
 
 
 
 
 
 
 
 
 
 
 
 
 
 
 
 
 
 
 
 
 
 
 
 
 
 
 
 
 
 
 
 
 
 
 
 
 
 
 
 
 
 
 
 
 
 
 
 
 
 
 
 
 
 
 
 
 
 
 
 
 
 
 
 
 
 
 
 
 
 
 
 
 
 
 
 
 
 
 
 
 
 
 
 
 
 
 
 
 
 
 
 
 
 
 
 
 
 
 
 
 
 
 
 
 
 
 
 
 
 
 
 
 
 
 
 
 
 
 
 
 
 
 
 
 
 
 
 
 
 
 
 
 
 
 
 
 
 
 
 
 
 
 
 
 
 
 
 
 
 
 
 
 
 
 
 
 
 
 
 
 
 
 
 
 
 
 
 
 
 
 
 
 
 
 
 
 
 
 
 
 
 
 
 
 
 
 
 
 
 
 
 
 
 
 
 
 
 
 
 
 
 
 
 
 
 
 
 
 
 
 
 
 
 
 
 
 
 
 
 
 
 
 
 
 
 
 
 
 
 
 
 
 
 
 
 
 
 
 
 
 
 
 
 
 
 
 
 
 
 
 
 
 
 
 
 
 
 
 
 
 
 
 
 
 
 
 
 
 
 
 
 
 
 
 
 
 
 
 
 
 
 
 
 
 
 
 
 
 
 
 
 
 
 
 
 
 
 
 
 
 
 
 
 
 
 
 
 
 
 
 
 
 
 
 
 
 
 
 
 
 
 
 
 
 
 
 
 
 
 
 
 
 
 
 
 
 
