0.0 0.0
0.01 2.33581501e-07
0.02 2.34239054e-07
0.03 2.35117386e-07
0.04 2.35279086e-07
0.05 2.33393607e-07
0.06 2.28864539e-07
0.07 2.26179448e-07
0.08 2.24807914e-07
0.09 2.20578172e-07
0.1 2.1514861e-07
0.11 2.03566131e-07
0.12 1.92035518e-07
0.13 2.02072617e-07
0.14 2.02890677e-07
0.15 1.63488368e-07
0.16 9.6103088e-08
0.17 8.3814045e-08
0.18 1.47633605e-07
0.19 1.54291333e-07
0.2 8.0369481e-08
0.21 -3.2014862e-08
0.22 -8.1721257e-08
0.23 -6.1657132e-08
0.24 -8.8031742e-08
0.25 2.291289e-08
0.26 2.91624884e-07
0.27 1.83165884e-07
0.28 1.16104055e-07
0.29 3.52762502e-07
0.3 -2.00122989e-07
0.31 -1.286930159e-06
0.32 -1.822234261e-06
0.33 -2.524127563e-06
0.34 -4.358073558e-06
0.35 -7.020070297e-06
0.36 -9.820304412e-06
0.37 -1.2732511321e-05
0.38 -1.4847380407e-05
0.39 -1.5142406943e-05
0.4 -1.4314967181e-05
0.41 -1.3506901536e-05
0.42 -1.2848520899e-05
0.43 -9.126441659e-06
0.44 -7.92752396e-07
0.45 7.287264061e-06
0.46 1.0209913168e-05
0.47 1.0020432803e-05
0.48 5.190353733e-06
0.49 -6.467428968e-06
0.5 -1.7478434077e-05
0.51 -2.2698862661e-05
0.52 -2.6503076513e-05
0.53 -2.4175829551e-05
0.54 -1.3870696618e-05
0.55 -7.543273575e-06
0.56 -1.4004396957e-05
0.57 -3.0972112389e-05
0.58 -4.80763757e-05
0.59 -5.5983882943e-05
0.6 -6.9105983726e-05
0.61 -9.9211629577e-05
0.62 -0.000133773920167
0.63 -0.000158021381587
0.64 -0.000163700593167
0.65 -0.00013578646458
0.66 -7.668171048e-05
0.67 -1.4294341214e-05
0.68 3.79505812e-05
0.69 0.000100137419587
0.7 0.000158337966339
0.71 0.000160814707716
0.72 8.3828632984e-05
0.73 -3.3666202624e-05
0.74 -0.00014359240063
0.75 -0.000207692522975
0.76 -0.00023510352595
0.77 -0.000254986284138
0.78 -0.000266253511697
0.79 -0.00023473403984
0.8 -0.000153200497986
0.81 -8.0901346716e-05
0.82 -7.6346553561e-05
0.83 -8.8381071657e-05
0.84 -5.1105623449e-05
0.85 2.4447290707e-05
0.86 6.9667495997e-05
0.87 4.0480608941e-05
0.88 -6.1235454964e-05
0.89 -0.000144084838139
0.9 -0.000146265137572
0.91 -0.00014161274988
0.92 -0.000182485645048
0.93 -0.000176789065063
0.94 -9.0405603255e-05
0.95 1.5592006487e-05
0.96 6.2181825731e-05
0.97 -8.927066456e-06
0.98 -0.000137413953088
0.99 -0.000177756005671
1.0 -0.000225077583338
1.01 -0.000444474966784
1.02 -0.000637148849255
1.03 -0.00064039841129
1.04 -0.000638112578299
1.05 -0.000649209439079
1.06 -0.000469269271601
1.07 -0.00017041793493
1.08 6.6931323696e-05
1.09 0.000255815984555
1.1 0.000418063991524
1.11 0.000454638430343
1.12 0.000319716276044
1.13 0.000212664519636
1.14 0.000239591016459
1.15 0.000188194954118
1.16 1.9555556164e-05
1.17 -3.1487377207e-05
1.18 -0.000124686268334
1.19 -0.000446535613215
1.2 -0.000593764520794
1.21 -0.000479666383122
1.22 -0.000509940635586
1.23 -0.000528988531346
1.24 -0.000148402451943
1.25 0.0002881016505
1.26 0.000439302077786
1.27 0.00052076397703
1.28 0.000564851774441
1.29 0.00040571818741
1.3 0.00015940539783
1.31 3.7703190813e-05
1.32 3.5623882842e-05
1.33 -4.1121621588e-05
1.34 -0.0002161074101
1.35 -0.000135829394954
1.36 0.000312282182416
1.37 0.000595820397952
1.38 0.000554215226958
1.39 0.000628646128053
1.4 0.000967144515263
1.41 0.001132090634431
1.42 0.000871697017328
1.43 0.000510599192603
1.44 0.000322693865193
1.45 0.000107024165882
1.46 -0.000322338622761
1.47 -0.000672660022428
1.48 -0.00082413292688
1.49 -0.001117639569244
1.5 -0.001564746389599
1.51 -0.001723282916191
1.52 -0.00173214033134
1.53 -0.001911297459454
1.54 -0.002031978453007
1.55 -0.001678134276663
1.56 -0.000837250487411
1.57 7.1236820768e-05
1.58 0.000460684987229
1.59 0.000456781698617
1.6 0.000803220032035
1.61 0.001109699860588
1.62 0.000535324662755
1.63 -0.000293302186184
1.64 -0.000506451097487
1.65 -0.000716784188403
1.66 -0.001110343685453
1.67 -0.001152083572945
1.68 -0.001053028421456
1.69 -0.000980951810115
1.7 -0.000664678004381
1.71 -4.0090464496e-05
1.72 0.000492362939861
1.73 0.000779091355259
1.74 0.001079069321329
1.75 0.001740431427522
1.76 0.002266330206644
1.77 0.00218296271278
1.78 0.001796430631173
1.79 0.001167239311422
1.8 0.000535576218372
1.81 -8.0439374385e-05
1.82 -0.000492372587114
1.83 -0.001205701735935
1.84 -0.001824711343562
1.85 -0.001527322407992
1.86 -0.000438564909763
1.87 0.000494598522872
1.88 0.000617537186038
1.89 0.000767310571691
1.9 0.001192725393104
1.91 0.001078937050989
1.92 -0.000251524656796
1.93 -0.001399336665386
1.94 -0.001939680256313
1.95 -0.002564166917672
1.96 -0.002890836751176
1.97 -0.002569162857087
1.98 -0.002091926338778
1.99 -0.001438858363195
2.0 -0.000403730140948
2.01 0.000286256807401
2.02 0.000580800513618
2.03 0.001039291139977
2.04 0.001452315743602
2.05 0.001369180904711
2.06 0.00148530341639
2.07 0.001746216954447
2.08 0.001883388815421
2.09 0.001763580251541
2.1 0.001862088908059
2.11 0.001704333347946
2.12 0.001189961364299
2.13 0.000647548299008
2.14 0.00010266906927
2.15 -0.000393593252846
2.16 -0.000597942409689
2.17 -0.000346349287659
2.18 -0.000237874614513
2.19 -0.000190039841417
2.2 0.00025555672853
2.21 0.001085919302252
2.22 0.001392156148602
2.23 0.000804869798232
2.24 5.5103898463e-05
2.25 -0.000555654414177
2.26 -0.001315443767064
2.27 -0.002056737594587
2.28 -0.002586948478308
2.29 -0.002886965043836
2.3 -0.002554395092673
2.31 -0.001173722468885
2.32 0.000241869412001
2.33 0.000316470202986
2.34 4.3036011013e-05
2.35 0.00071713550759
2.36 0.000921231520003
2.37 -8.2387698601e-05
2.38 -0.000603024327031
2.39 -0.000475689512659
2.4 -0.000432549807563
2.41 -0.000196736300892
2.42 0.000578671483523
2.43 0.000422497766016
2.44 -5.1429449821e-05
2.45 0.000151096132818
2.46 0.000108344312591
2.47 -0.000489295626697
2.48 -0.000766539285584
2.49 8.8198202747e-05
2.5 0.000785324373324
2.51 0.001413848117313
2.52 0.002048903383533
2.53 0.002825008309345
2.54 0.002940067226621
2.55 0.002652699096331
2.56 0.002113556732036
2.57 0.000847835466413
2.58 -0.000746175476555
2.59 -0.002258742132451
2.6 -0.003340215106689
2.61 -0.004312378494937
2.62 -0.004644042473103
2.63 -0.004368310059177
2.64 -0.003189664148435
2.65 -0.001648154684458
2.66 -0.000173102398363
2.67 0.000804165280497
2.68 0.001522219957985
2.69 0.002541984009098
2.7 0.002696335422209
2.71 0.001905718770828
2.72 0.001280243239854
2.73 0.001073379328106
2.74 0.00038589998406
2.75 -0.000410344776366
2.76 -0.000337430213633
2.77 0.000363162312412
2.78 0.001004267476506
2.79 0.001661136638935
2.8 0.002543976906672
2.81 0.003259355139748
2.82 0.003300082724727
2.83 0.002975191332224
2.84 0.00184684960193
2.85 -0.000461643730511
2.86 -0.002102353187875
2.87 -0.003270823849638
2.88 -0.005022805145375
2.89 -0.00637202962607
2.9 -0.006503467450904
2.91 -0.00605348703329
2.92 -0.005713432193915
2.93 -0.005108217518978
2.94 -0.004036468676974
2.95 -0.001832975495819
2.96 0.001069519235918
2.97 0.003433378208048
2.98 0.004256595794383
2.99 0.005209029786154
3.0 0.007559903459906
3.01 0.008200856331544
3.02 0.006204082172605
3.03 0.005154546301459
3.04 0.004263787512434
3.05 -0.000139619668156
3.06 -0.003921301916009
3.07 -0.004111264303927
3.08 -0.005161172244577
3.09 -0.008426635003765
3.1 -0.007983391138827
3.11 -0.004142411526782
3.12 -0.002275639524995
3.13 -0.00166315515545
3.14 -0.00125683698323
3.15 -0.001418511840552
3.16 -0.002232125296982
3.17 -0.002884921392121
3.18 -0.004207378877049
3.19 -0.006207258174551
3.2 -0.006459515679651
3.21 -0.005848949945093
3.22 -0.005648046642396
3.23 -0.005804014645584
3.24 -0.006246341656579
3.25 -0.005280270847361
3.26 -0.005470325563844
3.27 -0.006043960071087
3.28 -0.005062710948155
3.29 -0.003365770827926
3.3 0.000215032465017
3.31 0.00275851014681
3.32 0.004176707505372
3.33 0.004899650487545
3.34 0.007519990737713
3.35 0.008547455872353
3.36 0.004826503137251
3.37 0.000135386968271
3.38 -0.002345024305036
3.39 -0.000815381202982
3.4 -0.0008924469189
3.41 -0.005297504013373
3.42 -0.006405111063387
3.43 -0.002751726572074
3.44 -0.003529888446857
3.45 -0.006531254555653
3.46 -0.006769211533212
3.47 -0.005815149833117
3.48 -0.008184155519625
3.49 -0.00756267619964
3.5 -0.005822409479762
3.51 -0.006393985161131
3.52 -0.005213327730661
3.53 -0.004179372952744
3.54 -0.00111103644731
3.55 0.001366938254391
3.56 0.003545202415391
3.57 0.004518921678456
3.58 0.005711298940678
3.59 0.007675772638725
3.6 0.007165821008881
3.61 0.006823585128284
3.62 0.006166400385283
3.63 0.005980180381927
3.64 0.005678416000649
3.65 0.005598935737114
3.66 0.00452707935248
3.67 0.002451263029214
3.68 0.001370101655105
3.69 0.001650701886026
3.7 0.001502342721179
3.71 0.000543844609982
3.72 -0.000403262066381
3.73 -0.001035985469103
3.74 -0.00310622856123
3.75 -0.006240894490918
3.76 -0.007120179162693
3.77 -0.007717542014619
3.78 -0.009241697932838
3.79 -0.010227458668754
3.8 -0.00743652848645
3.81 -0.001454997932436
3.82 0.003825444795424
3.83 0.004404277595895
3.84 0.004966145611058
3.85 0.010303358455158
3.86 0.013798929449805
3.87 0.011458425413902
3.88 0.00915556714007
3.89 0.011289282569709
3.9 0.010622256094501
3.91 0.010003240022364
3.92 0.009719811089034
3.93 0.009732996664842
3.94 0.008785965467689
3.95 0.007940440709699
3.96 0.006922087136168
3.97 0.004605129936348
3.98 0.003045313066256
3.99 0.003664225678651
4.0 0.003579420996421
4.01 0.002322641579274
4.02 0.004196519174648
4.03 0.005447516684232
4.04 0.004656136912193
4.05 0.004520741436037
4.06 0.003520308522597
4.07 0.000575413136697
4.08 -0.001604347934989
4.09 -0.00391440367508
4.1 -0.005514335862602
4.11 -0.004741796195036
4.12 -0.006755347092674
4.13 -0.005984131672495
4.14 0.00201100736602
4.15 0.009219251448286
4.16 0.004561435772214
4.17 0.005066704652055
4.18 0.014555742793123
4.19 0.011214139106789
4.2 0.00766911453308
4.21 0.009834199314795
4.22 0.009851551194437
4.23 0.005565820715769
4.24 0.00276995544172
4.25 -0.000834147134324
4.26 -0.001674729823898
4.27 -0.002609223927936
4.28 -0.005068956303947
4.29 -0.000750564903438
4.3 0.004252997142731
4.31 0.006016271101749
4.32 0.006674934221432
4.33 0.010112538303939
4.34 0.00791721160565
4.35 0.002362122878158
4.36 -0.001440559812095
4.37 -2.1929585421e-05
4.38 -0.00390880523431
4.39 -0.00725349739037
4.4 -0.00540905306883
4.41 -0.004952805479058
4.42 -0.00624881689972
4.43 -0.003325158084699
4.44 0.001726260272705
4.45 0.008013396512934
4.46 0.007197894966623
4.47 0.007654435697564
4.48 0.014069291595976
4.49 0.016347167462302
4.5 0.012805631599902
4.51 0.009992833161365
4.52 0.006543348557902
4.53 -0.00194070877885
4.54 0.000330068205894
4.55 -0.00082652467467
4.56 -0.009588108210526
4.57 -0.010045900191714
4.58 -0.007285309390797
4.59 -0.007175636353684
4.6 -0.003947775561475
4.61 0.004556075361273
4.62 0.005058476488356
4.63 0.004267319972878
4.64 0.011870517908387
4.65 0.016873705734715
4.66 0.013066226166643
4.67 0.012429468503615
4.68 0.013506425220852
4.69 0.010198853073695
4.7 0.008637499249904
4.71 0.002435287441697
4.72 -0.001076817196291
4.73 -0.001938421326803
4.74 -0.00483457818157
4.75 -0.009028675160206
4.76 -0.008150535828899
4.77 -0.007099029468098
4.78 -0.006433594953035
4.79 0.002522948591226
4.8 0.009071002896729
4.81 0.005820240194332
4.82 0.010730558961715
4.83 0.019654375419751
4.84 0.017517050467856
4.85 0.016158179387167
4.86 0.015582917337831
4.87 0.015599686555876
4.88 0.011734378526067
4.89 0.012519538323014
4.9 0.010602781982953
4.91 0.008364704653027
4.92 0.006678177585356
4.93 0.006328157875041
4.94 -0.000475373069038
4.95 5.7358299279e-05
4.96 -0.000240463086962
4.97 -0.003305095220393
4.98 -0.007224596285433
4.99 -0.006471685404921
5.0 -0.005483448792622
5.01 -0.005823280312359
5.02 -0.00691921876507
5.03 -0.006774954730094
5.04 -0.008205561731885
5.05 -0.009708323428892
5.06 -0.009366151860469
5.07 0.001245166668314
5.08 0.004856603974624
5.09 0.000850430647301
5.1 0.0069296522155
5.11 0.018639545046268
5.12 0.016322350638484
5.13 0.013838184280353
5.14 0.017415217213615
5.15 0.020767904894676
5.16 0.018718384597819
5.17 0.016409391688791
5.18 0.019018870667712
5.19 0.015743390631727
5.2 0.013031062187128
5.21 0.014176688220116
5.22 0.010568032622152
5.23 0.008101783638386
5.24 0.008632643689859
5.25 0.007370251018754
5.26 0.006161165584336
5.27 0.005328322517274
5.28 0.005869979002391
5.29 0.006041610682352
5.3 0.006115435391409
5.31 0.006916463023651
5.32 0.007748851635468
5.33 0.008315270455406
5.34 0.007836047560906
5.35 0.009386629921654
5.36 0.007500479991315
5.37 0.009085678184116
5.38 0.007179708778741
5.39 0.009800644230092
5.4 0.006000271028523
5.41 0.009686283696074
5.42 0.007215182634625
5.43 0.008038191014304
5.44 0.006488948259581
5.45 0.005394149948577
5.46 0.002884766575419
5.47 0.00300285653181
5.48 -0.00201828386158
5.49 -0.003157120108784
5.5 -0.003828480244664
5.51 -0.005507126443255
5.52 -0.00686632893955
5.53 -0.006712603864591
5.54 -0.006571048823945
5.55 -0.006313188471945
5.56 -0.006911863759098
5.57 -0.007898023738367
5.58 -0.007228750617749
5.59 -0.008709664309389
5.6 -0.009211853191959
5.61 -0.009820624555645
5.62 -0.010194447912525
5.63 -0.011396854575455
5.64 -0.010995920416045
5.65 -0.012298503758395
5.66 -0.012456963680176
5.67 -0.013691576551524
5.68 -0.013361820383753
5.69 -0.015295490106913
5.7 -0.014500897630084
5.71 -0.014790431184923
5.72 -0.015348292638337
5.73 -0.015399245792674
5.74 -0.015178740123418
5.75 -0.015513994154061
5.76 -0.016405411684951
5.77 -0.014733311767641
5.78 -0.009443111787164
5.79 -0.010023490197819
5.8 -0.010814931014668
5.81 -0.009221658039239
5.82 -0.005793286376063
5.83 -0.008269807054032
5.84 -0.009712814899582
5.85 -0.010417567151856
5.86 -0.011669658848217
5.87 -0.010968561711371
5.88 -0.011243913270372
5.89 -0.011223122364873
5.9 -0.011928311939513
5.91 -0.011293084388338
5.92 -0.01038653331556
5.93 -0.012569925416063
5.94 -0.013843073818252
5.95 -0.014020915500884
5.96 -0.016472137118573
5.97 -0.018981418020659
5.98 -0.017608642606892
5.99 -0.019414902958723
6.0 -0.020655823278162
6.01 -0.018893751308183
6.02 -0.018782618401787
6.03 -0.019913068372279
6.04 -0.01914221561757
6.05 -0.015696283538562
6.06 -0.017531679960104
6.07 -0.014568423291283
6.08 -0.01242974793259
6.09 -0.012105627522011
6.1 -0.011710538386439
6.11 -0.008104693926267
6.12 -0.008135111829257
6.13 -0.010539078950297
6.14 -0.008432690051399
6.15 -0.012119224080001
6.16 -0.012925266088093
6.17 -0.010992984598613
6.18 -0.01124372527107
6.19 -0.013113070381866
6.2 -0.01230179498077
6.21 -0.009352602891135
6.22 -0.012407665311023
6.23 -0.010684594932603
6.24 -0.009784936948127
6.25 -0.011103134409673
6.26 -0.01312694946362
6.27 -0.010004573131553
6.28 -0.009511488380621
6.29 -0.00998377859297
6.3 -0.009099334056462
6.31 -0.010733248122032
6.32 -0.012194821391866
6.33 -0.010859078298246
6.34 -0.009862007208735
6.35 -0.010645828790443
6.36 -0.011304200816966
6.37 -0.010311854873729
6.38 -0.007565263594191
6.39 -0.008542384833706
6.4 -0.009020009667558
6.41 -0.007272106714179
6.42 -0.00454319936179
6.43 -0.007511610131554
6.44 -0.006885123168435
6.45 -0.006492665032247
6.46 -0.006645494352618
6.47 -0.005766623124312
6.48 -0.005174892379683
6.49 -0.005444691915212
6.5 -0.003897403604904
6.51 -0.000684107297563
6.52 -0.001939588472908
6.53 0.00036664583734
6.54 0.002105953948
6.55 0.003246241406269
6.56 0.002876770124945
6.57 0.005481513755984
6.58 0.00594121240935
6.59 0.005905516664234
6.6 0.005838596376363
6.61 0.005816343664028
6.62 0.005656306717167
6.63 0.005440693761254
6.64 0.006373943157805
6.65 0.006329823629384
6.66 0.007067184248523
6.67 0.007505556318742
6.68 0.007383855174174
6.69 0.007986077984969
6.7 0.007295162639184
6.71 0.006209571233966
6.72 0.006154021284807
6.73 0.005881221502042
6.74 0.005096861433015
6.75 0.004983129575688
6.76 0.005835445008601
6.77 0.006345155484791
6.78 0.005096668756266
6.79 0.006454697223692
6.8 0.007939117811247
6.81 0.008012770858822
6.82 0.008239370052576
6.83 0.009446835267931
6.84 0.009195090788681
6.85 0.010095690701815
6.86 0.01213617321439
6.87 0.013376219595826
6.88 0.011403500475941
6.89 0.011901938812482
6.9 0.012524574048469
6.91 0.013282397750472
6.92 0.012961986759998
6.93 0.011397411142413
6.94 0.011668911592561
6.95 0.011861261574025
6.96 0.014021723020826
6.97 0.01350578948589
6.98 0.013627296823646
6.99 0.014303077066053
7.0 0.017399796776205
7.01 0.017563151098267
7.02 0.017742256068501
7.03 0.018165774980313
7.04 0.017735306230827
7.05 0.017206838178614
7.06 0.017006104699075
7.07 0.016725014522561
7.08 0.015232623474873
7.09 0.016798207390806
7.1 0.015993067338256
7.11 0.014405490016783
7.12 0.013630933383337
7.13 0.014788989922722
7.14 0.011195679128038
7.15 0.009141407987744
7.16 0.009056978866219
7.17 0.007352125058144
7.18 0.003341372358913
7.19 0.004477417161999
7.2 0.003832476314791
7.21 0.001069423161247
7.22 0.000435130529617
7.23 0.001436987241613
7.24 -0.000346217704259
7.25 -0.001126703120087
7.26 -0.000220119791644
7.27 -0.004162327287512
7.28 -0.003793735539967
7.29 -0.002377759462113
7.3 -0.000235278653405
7.31 -0.001628440606893
7.32 -0.000196350720688
7.33 0.003171345881602
7.34 0.001298976795625
7.35 0.004005457617377
7.36 0.002018823809066
7.37 0.000713400621546
7.38 0.004752088575169
7.39 0.004307884937933
7.4 0.007604207714248
7.41 0.00270624868714
7.42 0.007102844725141
7.43 0.006026969071615
7.44 0.009794099108492
7.45 0.006214503234817
7.46 0.010684079760313
7.47 0.008056106611811
7.48 0.011886754516006
7.49 0.007036784876189
7.5 0.012219807613982
7.51 0.013849841664011
7.52 0.014768096255113
7.53 0.012093431384487
7.54 0.016589421720937
7.55 0.019871831205888
7.56 0.020014029156321
7.57 0.019628921735712
7.58 0.02217307518526
7.59 0.018292865087955
7.6 0.012772407573394
7.61 0.017396221263259
7.62 0.016658940913544
7.63 0.008483920897794
7.64 0.005640553874102
7.65 0.008918893001962
7.66 0.006462068242645
7.67 0.00342961985807
7.68 0.001596907262265
7.69 -0.000639599513959
7.7 -0.004234221911236
7.71 -0.003007066196789
7.72 -0.004530953093488
7.73 -0.006050262235647
7.74 -0.010018209507744
7.75 -0.009757896385348
7.76 -0.012752436926206
7.77 -0.012083375119788
7.78 -0.014814989828819
7.79 -0.012637355749777
7.8 -0.012872458661431
7.81 -0.01084531679637
7.82 -0.013526409375715
7.83 -0.012432177770855
7.84 -0.011522074799135
7.85 -0.014387974372827
7.86 -0.017829820713979
7.87 -0.016338657163089
7.88 -0.020421505244045
7.89 -0.018491661944162
7.9 -0.01601225588916
7.91 -0.018375213364172
7.92 -0.017877048771737
7.93 -0.014159064795988
7.94 -0.014537963521476
7.95 -0.015915925143104
7.96 -0.01526030488288
7.97 -0.015159456247775
7.98 -0.017240503221761
7.99 -0.013071280243489
8.0 -0.011165524382843
8.01 -0.013452573623129
8.02 -0.011621396280633
8.03 -0.010995677438054
8.04 -0.007273244962185
8.05 -0.006946484200926
8.06 -0.006915382310742
8.07 -0.005786246557274
8.08 -0.005161020138595
8.09 -0.004778387256912
8.1 -0.007997119223653
8.11 -0.005687952659547
8.12 -0.006240390564302
8.13 -0.006902421969614
8.14 -0.006686662802355
8.15 -0.005682813949135
8.16 -0.006133167928788
8.17 -0.01082071975168
8.18 -0.013362531489719
8.19 -0.012321178932059
8.2 -0.009551597090055
8.21 -0.013617189783374
8.22 -0.012924682595107
8.23 -0.01020678355744
8.24 -0.00720419365353
8.25 -0.007056883683983
8.26 -0.008340956326321
8.27 -0.005492069823139
8.28 -0.007955849388752
8.29 -0.006104254607226
8.3 -0.006101855657818
8.31 -0.003620916614388
8.32 -0.004582819779654
8.33 -0.002304547489968
8.34 -0.001481195245004
8.35 -9.128524624e-06
8.36 0.000264298327714
8.37 0.001781559734554
8.38 0.003585971788454
8.39 0.004720432044758
8.4 0.007049039178902
8.41 0.004728151644774
8.42 0.006071906305898
8.43 0.006050956589319
8.44 0.003094273557751
8.45 0.00074842738256
8.46 0.004266995996429
8.47 -0.000568235917939
8.48 -0.00147737463424
8.49 -0.001526709121752
8.5 -0.00131458899609
8.51 -0.008924453913014
8.52 -0.010496972237633
8.53 -0.00569388142481
8.54 -0.010796851167456
8.55 -0.012551227088277
8.56 -0.010054559024928
8.57 -0.010535934936197
8.58 -0.013417801592897
8.59 -0.012396830097346
8.6 -0.014396375984717
8.61 -0.016205425104818
8.62 -0.015393780258955
8.63 -0.017875121854258
8.64 -0.020344746945932
8.65 -0.021250118536102
8.66 -0.018460362055662
8.67 -0.018640741974369
8.68 -0.02174449458951
8.69 -0.022944350064925
8.7 -0.020242932696108
8.71 -0.024289260578397
8.72 -0.026065338134358
8.73 -0.021994059246264
8.74 -0.02570275828681
8.75 -0.022497210056659
8.76 -0.018725298058956
8.77 -0.016658735302865
8.78 -0.015499894220768
8.79 -0.011082361420123
8.8 -0.007753588255705
8.81 -0.005703616532047
8.82 -0.004450058731125
8.83 -0.000796081655147
8.84 -0.000474789920063
8.85 0.001045067833142
8.86 0.003348976369525
8.87 0.006514281468787
8.88 0.006882047680137
8.89 0.006368643225258
8.9 0.007232086317523
8.91 0.01018852219637
8.92 0.009549126053723
8.93 0.007110130490019
8.94 0.009039094886864
8.95 0.008829817840398
8.96 0.010115097219716
8.97 0.011225363041508
8.98 0.011618013221709
8.99 0.011538705499681
9.0 0.015548966880954
9.01 0.015984643346514
9.02 0.018422415654577
9.03 0.016641126400172
9.04 0.017926554591512
9.05 0.01750786863339
9.06 0.018183613946005
9.07 0.014709171672465
9.08 0.014862192289803
9.09 0.013526897706233
9.1 0.009296306389222
9.11 0.007153591095788
9.12 0.005776875244691
9.13 0.002738289437493
9.14 -0.000414145913768
9.15 -0.000953086906834
9.16 -0.001098953085488
9.17 -0.002525302239602
9.18 -0.003728500942725
9.19 -0.005050346567066
9.2 -0.005169051414283
9.21 -0.005240531722095
9.22 -0.007232884295851
9.23 -0.007955881119897
9.24 -0.008232792655657
9.25 -0.009886353013282
9.26 -0.01202162711751
9.27 -0.012641325954281
9.28 -0.015262787617224
9.29 -0.016241434616165
9.3 -0.018540208191641
9.31 -0.020907224067056
9.32 -0.018893294302352
9.33 -0.012651126172152
9.34 -0.019797030767926
9.35 -0.018336716972363
9.36 -0.007560144943256
9.37 -0.004798438139355
9.38 -0.012250903223778
9.39 -0.007001192129193
9.4 -0.008050673455652
9.41 -0.007883366601148
9.42 -0.007798024176408
9.43 -0.003840235900823
9.44 -0.006833079989088
9.45 -0.008713003219134
9.46 -0.007359744933027
9.47 -0.007107152860855
9.48 -0.005201224940099
9.49 -0.005983590886309
9.5 -0.007827628256901
9.51 -0.007580051443786
9.52 -0.002563856270753
9.53 -0.003870869612585
9.54 -0.006555078570002
9.55 -0.005217696801768
9.56 0.000808307956415
9.57 -0.001538365214781
9.58 -0.001694195888895
9.59 0.002578690204287
9.6 0.004931548574211
9.61 0.00398283617613
9.62 0.00454029929932
9.63 0.010224786332473
9.64 0.009810104104978
9.65 0.010149734878946
9.66 0.011958634198945
9.67 0.013118589945462
9.68 0.011636121292556
9.69 0.010559554653759
9.7 0.006283912144947
9.71 0.008412744441797
9.72 0.00838004531001
9.73 0.007200433553418
9.74 0.003535027691845
9.75 0.00377487214362
9.76 0.002540071097251
9.77 0.00406195242701
9.78 0.001790843283768
9.79 0.000487760780445
9.8 -0.000208860066397
9.81 -0.000612436658402
9.82 5.8700747e-08
9.83 -0.000326409082831
9.84 -0.000477767622111
9.85 -0.003069248861308
9.86 -0.004206996366131
9.87 -0.005189517977495
9.88 -0.005614475621342
9.89 -0.006190819728492
9.9 -0.00812401589922
9.91 -0.008960189023016
9.92 -0.007782842672713
9.93 -0.008377401727738
9.94 -0.007365874275948
9.95 -0.009416606405264
9.96 -0.007381229898011
9.97 -0.010793218254009
9.98 -0.009666817792427
9.99 -0.013441965702495
10.0 -0.015731285616135
10.01 -0.016757122047119
10.02 -0.020417970589441
10.03 -0.017704818438281
10.04 -0.013461986654836
10.05 -0.022161032075379
10.06 -0.020936078426082
10.07 -0.005301526388973
10.08 -0.01370454647877
10.09 -0.011380179548629
10.1 -0.003990015757282
10.11 -0.003926706662476
10.12 -0.005095284640911
10.13 0.002098352902059
10.14 0.006631135981172
10.15 0.005111984415906
10.16 0.002695471548147
10.17 0.007673593454731
10.18 0.005991399663377
10.19 0.006562939585832
10.2 0.008046390102031
10.21 0.007280703671349
10.22 0.01033557240208
10.23 0.008039173393951
10.24 0.009562050208001
10.25 0.010074139578617
10.26 0.01368849610526
10.27 0.014238366297813
10.28 0.014977677717699
10.29 0.015777483192584
10.3 0.022430883666504
10.31 0.023317501739691
10.32 0.022056603042653
10.33 0.015747334980973
10.34 0.027582275350483
10.35 0.020457398923305
10.36 0.013885134170648
10.37 0.019412362105017
10.38 0.018687096588304
10.39 0.011136054544386
10.4 0.019044387457488
10.41 0.014402909020615
10.42 0.009127084917703
10.43 0.005282690406647
10.44 0.00992044335889
10.45 0.00812157514463
10.46 0.002844256834059
10.47 0.00786929349511
10.48 0.002099578576498
10.49 0.004051530205398
10.5 0.003483332060405
10.51 0.003773926317444
10.52 0.002258378879665
10.53 0.003389185627296
10.54 0.003154937831687
10.55 0.004296986658622
10.56 0.001319834498371
10.57 0.002135403978843
10.58 0.000433107533505
10.59 0.000231743993847
10.6 -0.003137137741503
10.61 -0.005159502820802
10.62 -0.000853074047557
10.63 0.002073201517657
10.64 -0.003259650671984
10.65 0.000913084663246
10.66 0.007857608715112
10.67 0.002940512782074
10.68 0.003125626247277
10.69 0.008134079011854
10.7 0.00364801239992
10.71 0.004111245333697
10.72 0.007888621279954
10.73 0.009264406260898
10.74 0.00632935949519
10.75 0.007820782617716
10.76 0.007574768057508
10.77 0.008324236817704
10.78 0.0070791224014
10.79 0.007954650092646
10.8 0.005388375014435
10.81 0.00308923202892
10.82 0.004195677133779
10.83 0.003713022146988
10.84 0.000903948841633
10.85 0.000761991719329
10.86 0.002699065422094
10.87 0.001774542944665
10.88 0.001531134870973
10.89 0.000928642411473
10.9 0.000329878508314
10.91 -9.8557426199e-05
10.92 -0.003155195905128
10.93 -0.000923845616386
10.94 -0.000901806790212
10.95 -0.00236272262737
10.96 -0.001871946546627
10.97 -0.001445776074733
10.98 -0.00389793573828
10.99 -0.005440373516151
11.0 -0.005397663169031
11.01 -0.007837231296905
11.02 -0.007822471361937
11.03 -0.007741315155865
11.04 -0.00756099263974
11.05 -0.006908681260183
11.06 -0.007496405382245
11.07 -0.007443652439775
11.08 -0.006741715913206
11.09 -0.005118619829897
11.1 -0.004619792226116
11.11 -0.006587601273398
11.12 -0.00619244744277
11.13 -0.002896677138112
11.14 -0.000924893839661
11.15 -0.00263388207309
11.16 -0.00260177095776
11.17 0.000835054417761
11.18 0.002420080229355
11.19 0.002338618665262
11.2 0.005154724883316
11.21 0.00677712076026
11.22 0.006130261938536
11.23 0.006880693228539
11.24 0.009002665345422
11.25 0.007156239441279
11.26 0.007189857010854
11.27 0.005749504881055
11.28 0.006186972408569
11.29 0.003773167130852
11.3 0.005435762874621
11.31 0.003065337922721
11.32 0.004520550212942
11.33 0.002686575517663
11.34 0.003186731786552
11.35 0.002652689397353
11.36 0.002095781451446
11.37 0.002335623429935
11.38 0.002494374546183
11.39 0.003841529912463
11.4 0.000943207905526
11.41 -0.00056967548362
11.42 -0.000462281782926
11.43 -0.003077630256004
11.44 -0.002028520262682
11.45 -0.003721271580893
11.46 -0.003786581190335
11.47 -0.001505444556301
11.48 0.001367658776935
11.49 0.001182635391615
11.5 0.00083627589836
11.51 0.001600624929951
11.52 0.002606823417334
11.53 0.001490742638121
11.54 0.002024346222588
11.55 0.002127645819678
11.56 0.001632592020121
11.57 0.003060989100434
11.58 0.005075534504469
11.59 0.005347569207079
11.6 0.005544695373577
11.61 0.006353458320293
11.62 0.005580447492948
11.63 0.006028920894693
11.64 0.008229081334577
11.65 0.00950748466876
11.66 0.009138550478336
11.67 0.008694675837471
11.68 0.008620640490757
11.69 0.01162310146542
11.7 0.010103183805087
11.71 0.01061070918026
11.72 0.011352453430305
11.73 0.014431375161727
11.74 0.01248662620093
11.75 0.013480105629395
11.76 0.014254552099249
11.77 0.015812697031875
11.78 0.015503847727446
11.79 0.015880565773373
11.8 0.018269523125186
11.81 0.020186690442351
11.82 0.020783010278671
11.83 0.022568595337847
11.84 0.024364413267485
11.85 0.025796174031403
11.86 0.025046406631737
11.87 0.026571014922678
11.88 0.024388715073397
11.89 0.026644494868522
11.9 0.024276510696671
11.91 0.022531672127482
11.92 0.023737549255192
11.93 0.021345452516939
11.94 0.020457929862988
11.95 0.021853688972403
11.96 0.018694905228268
11.97 0.015345357052835
11.98 0.015293619107717
11.99 0.016203454356719
12.0 0.012445080160814
12.01 0.013153197074144
12.02 0.012532889622375
12.03 0.01014916733639
12.04 0.011182119246264
12.05 0.011777582636505
12.06 0.012133765414883
12.07 0.009956718315449
12.08 0.013265325631234
12.09 0.012003429487881
12.1 0.014000723887138
12.11 0.011732732571721
12.12 0.011872042840177
12.13 0.009374489378168
12.14 0.010297136594651
12.15 0.007845888095456
12.16 0.007507833559746
12.17 0.007541056224303
12.18 0.008255458076357
12.19 0.009891036828161
12.2 0.009041807365336
12.21 0.008927772164521
12.22 0.008215352277615
12.23 0.009189924797131
12.24 0.008339438690016
12.25 0.008738277765946
12.26 0.00835959233597
12.27 0.008710223666859
12.28 0.009470473428305
12.29 0.010475885430983
12.3 0.010427252420906
12.31 0.009767120954435
12.32 0.010117185733604
12.33 0.011633287621731
12.34 0.011459114026239
12.35 0.011470551285743
12.36 0.010858173465986
12.37 0.011023037581091
12.38 0.008316679637158
12.39 0.008987696385634
12.4 0.007426708926482
12.41 0.0075564505834
12.42 0.005566785761792
12.43 0.007837396264318
12.44 0.007324695047692
12.45 0.008853696267718
12.46 0.008547552382347
12.47 0.008431059941951
12.48 0.00872169035251
12.49 0.008723445693535
12.5 0.008663473527155
12.51 0.008232496832524
12.52 0.008839180788519
12.53 0.007806272171862
12.54 0.008773229888248
12.55 0.008442399687838
12.56 0.009417077276402
12.57 0.008990209380103
12.58 0.007227788216481
12.59 0.006079724249386
12.6 0.003959927822655
12.61 0.001816657999627
12.62 0.000519845838126
12.63 0.000164137748261
12.64 -0.001039702905842
12.65 -0.000892651960916
12.66 -0.000608369194135
12.67 0.000527199166736
12.68 0.000981169343967
12.69 -5.8907569913e-05
12.7 -9.087603727e-06
12.71 -0.001225512373591
12.72 -0.001809421969793
12.73 -0.00174650071099
12.74 -0.001788250900223
12.75 -0.001886109553244
12.76 -0.002578627027711
12.77 -0.002355582956344
12.78 -0.002257915728343
12.79 -0.00211965918151
12.8 -0.003117307835424
12.81 -0.002743980820614
12.82 -0.00419128951784
12.83 -0.004491907221172
12.84 -0.005302159303268
12.85 -0.005456572525608
12.86 -0.006385047150319
12.87 -0.006388368962009
12.88 -0.006891357545114
12.89 -0.006460228567489
12.9 -0.007048055517353
12.91 -0.006501594313972
12.92 -0.007084966920994
12.93 -0.006445234423709
12.94 -0.005417729722095
12.95 -0.005687360516147
12.96 -0.005971322275401
12.97 -0.004736259922328
12.98 -0.004816961128615
12.99 -0.003198562769036
13.0 -0.000468918947997
13.01 0.001243114154267
13.02 0.000870916311308
13.03 0.002517125749498
13.04 0.004526121073676
13.05 0.00504764624149
13.06 0.004660734160721
13.07 0.003427913751793
13.08 0.003698447530775
13.09 0.002174612837886
13.1 0.000414574845619
13.11 -0.00074760643317
13.12 -0.000231855735115
13.13 -0.002465162903228
13.14 -0.002439504279699
13.15 -0.000985006354714
13.16 -0.000449286192248
13.17 -0.000991566016733
13.18 -0.002288544513368
13.19 -0.002235704445666
13.2 -0.002167012493265
13.21 -0.003677185206284
13.22 -0.005149955878205
13.23 -0.004711219931863
13.24 -0.004617858898163
13.25 -0.00603190652112
13.26 -0.006233666004756
13.27 -0.006773866348751
13.28 -0.006738244862344
13.29 -0.007528134036407
13.3 -0.008361451910525
13.31 -0.008892246756864
13.32 -0.009204460854176
13.33 -0.009629518691067
13.34 -0.009680340384234
13.35 -0.008954352446514
13.36 -0.007143277215647
13.37 -0.00740101712582
13.38 -0.006453081503585
13.39 -0.00522312067361
13.4 -0.004934985846221
13.41 -0.004937599102376
13.42 -0.004516864909914
13.43 -0.005143120757823
13.44 -0.004606536296216
13.45 -0.00429884278223
13.46 -0.004517573509151
13.47 -0.005702510502247
13.48 -0.005053912588931
13.49 -0.005235876927795
13.5 -0.006042625318786
13.51 -0.006285213447207
13.52 -0.006465412268992
13.53 -0.00645193841887
13.54 -0.006955014293194
13.55 -0.007339085004367
13.56 -0.007941060239719
13.57 -0.007419347072188
13.58 -0.007479002392815
13.59 -0.00896926819906
13.6 -0.008652559903865
13.61 -0.008434756245522
13.62 -0.008491695347371
13.63 -0.008272266045406
13.64 -0.007514841166848
13.65 -0.007524188221326
13.66 -0.007849901026848
13.67 -0.007184975122993
13.68 -0.007231386583802
13.69 -0.008357633800496
13.7 -0.009671053912641
13.71 -0.009725274665815
13.72 -0.010124301956031
13.73 -0.010933920522001
13.74 -0.011042286813116
13.75 -0.010970963593833
13.76 -0.011332188054062
13.77 -0.011938304878566
13.78 -0.011188271587679
13.79 -0.010193336194879
13.8 -0.010715218026395
13.81 -0.010916710610481
13.82 -0.010108959247424
13.83 -0.00968955346481
13.84 -0.009440078205574
13.85 -0.009501885000357
13.86 -0.00934090544326
13.87 -0.009828770027768
13.88 -0.009052625373598
13.89 -0.008402175363555
13.9 -0.008829151873983
13.91 -0.009140037362224
13.92 -0.008702787870079
13.93 -0.008399659604204
13.94 -0.008687902950884
13.95 -0.009046757529473
13.96 -0.007834563654903
13.97 -0.007295020893447
13.98 -0.007069476075446
13.99 -0.006081315129487
14.0 -0.006024380794856
14.01 -0.006528030314503
14.02 -0.005164943406369
14.03 -0.004791512387555
14.04 -0.005560978003448
14.05 -0.00626813911144
14.06 -0.005419750552293
14.07 -0.005606618454881
14.08 -0.00594576432764
14.09 -0.005928272036999
14.1 -0.006600870942113
14.11 -0.00641329717417
14.12 -0.006543685006761
14.13 -0.006415042497719
14.14 -0.007140040310743
14.15 -0.006777300440822
14.16 -0.006940790797534
14.17 -0.007043631269833
14.18 -0.006982415511324
14.19 -0.00685209824637
14.2 -0.006868728646577
14.21 -0.007016446091113
14.22 -0.006964231909374
14.23 -0.006754398000939
14.24 -0.006892928117821
14.25 -0.007265748770611
14.26 -0.006372324593104
14.27 -0.006229452194399
14.28 -0.006448410791472
14.29 -0.005632454429201
14.3 -0.005274941250623
14.31 -0.005628685019117
14.32 -0.00558083903342
14.33 -0.004952619664933
14.34 -0.003531128923875
14.35 -0.001193366368997
14.36 0.000405335800107
14.37 0.000199815561568
14.38 0.000878191399937
14.39 0.002509591196431
14.4 0.002907459178006
14.41 0.000999232504039
14.42 0.000695277660529
14.43 0.001125660286612
14.44 0.001764231567497
14.45 0.001202778229127
14.46 -0.001243632708807
14.47 -0.003123905787912
14.48 -0.003024054654828
14.49 -0.004735395939065
14.5 -0.00700106183298
14.51 -0.008044004031132
14.52 -0.007519311070139
14.53 -0.007817169844278
14.54 -0.007219097996215
14.55 -0.00766284879606
14.56 -0.006454613603623
14.57 -0.005671763785743
14.58 -0.005684985758156
14.59 -0.005555146226137
14.6 -0.004658144137723
14.61 -0.005099185552343
14.62 -0.005516476858736
14.63 -0.005590055238998
14.64 -0.006198367129061
14.65 -0.006499994459202
14.66 -0.006569329581927
14.67 -0.007401018297051
14.68 -0.008124364369392
14.69 -0.011658131569389
14.7 -0.01479627720027
14.71 -0.012907531952652
14.72 -0.014696331144402
14.73 -0.017953993175634
14.74 -0.018036144855266
14.75 -0.015675636467809
14.76 -0.016272376098473
14.77 -0.015935168162433
14.78 -0.015787953585784
14.79 -0.015139088688366
14.8 -0.014918086834222
14.81 -0.014901580718646
14.82 -0.013924273332694
14.83 -0.012228007305295
14.84 -0.012952008798483
14.85 -0.012413436113951
14.86 -0.011039647534271
14.87 -0.011232608559178
14.88 -0.010413402466689
14.89 -0.010005282619393
14.9 -0.010356364003838
14.91 -0.010562329565736
14.92 -0.009342863402116
14.93 -0.00991315170719
14.94 -0.010113978666198
14.95 -0.010023142907003
14.96 -0.009374066040361
14.97 -0.009555572071354
14.98 -0.009612984476488
14.99 -0.009951322121315
15.0 -0.008522568739273
15.01 -0.008655405895924
15.02 -0.008430308421624
15.03 -0.009145708447225
15.04 -0.008242194693729
15.05 -0.00820960789796
15.06 -0.007702689849879
15.07 -0.008946343332051
15.08 -0.009402775577385
15.09 -0.008945650924848
15.1 -0.008939555474479
15.11 -0.009002127147946
15.12 -0.009140618583814
15.13 -0.009782455805206
15.14 -0.008936699793883
15.15 -0.008989101513856
15.16 -0.009261031082355
15.17 -0.009555915703843
15.18 -0.008884527940931
15.19 -0.008944128251319
15.2 -0.009283959926377
15.21 -0.009088662356454
15.22 -0.00935882701184
15.23 -0.00863499778262
15.24 -0.008925763704953
15.25 -0.009517014070641
15.26 -0.008768654112156
15.27 -0.007370183084229
15.28 -0.008276007099698
15.29 -0.00768410991309
15.3 -0.005567917416218
15.31 -0.00373440535878
15.32 -0.001703131198073
15.33 -0.000807291121043
15.34 -0.000409753795401
15.35 0.000449835156385
15.36 0.001779047880762
15.37 0.001199185287267
15.38 4.4674470189e-05
15.39 -0.000304117825563
15.4 0.00046394346411
15.41 0.000686860020391
15.42 0.000321954377624
15.43 6.0222718381e-05
15.44 7.3485055761e-05
15.45 -0.000737888250751
15.46 -0.00200346769744
15.47 -0.004089556652733
15.48 -0.005048796048906
15.49 -0.006015191248274
15.5 -0.006471482313577
15.51 -0.007558483547706
15.52 -0.007614255287647
15.53 -0.007842847456097
15.54 -0.006799844535687
15.55 -0.006286941757221
15.56 -0.00657612698958
15.57 -0.006190762560272
15.58 -0.006050672074452
15.59 -0.004473161861063
15.6 -0.003973594638568
15.61 -4.0855297024e-05
15.62 0.002122187003323
15.63 0.003100590438696
15.64 0.004077072634153
15.65 0.007809679848225
15.66 0.008466776117815
15.67 0.006771473280054
15.68 0.005929823175794
15.69 0.007740396144651
15.7 0.006935040027553
15.71 0.004138513978728
15.72 0.006868602375907
15.73 0.006740412297029
15.74 0.00446191791593
15.75 0.004670010333555
15.76 0.006259862894117
15.77 0.004160374000556
15.78 0.004611374232004
15.79 0.003638411974319
15.8 0.004335818375743
15.81 0.002868228233183
15.82 0.005354753642443
15.83 0.004872312580379
15.84 0.005524026257424
15.85 0.004795728792289
15.86 0.006025096437666
15.87 0.006044829992987
15.88 0.005303712681774
15.89 0.004673896087319
15.9 0.005620579002515
15.91 0.004251619323078
15.92 0.003759431656748
15.93 0.003885586690963
15.94 0.002536926466263
15.95 0.001218649933568
15.96 0.000818645590766
15.97 0.002954781885698
15.98 0.000935575267878
15.99 0.001044421266623
16.0 0.001894249571369
16.01 0.003120717127177
16.02 0.001769761172074
16.03 0.003696082619161
16.04 0.002686717983325
16.05 0.002958311041045
16.06 0.004335394518482
16.07 0.006052729819925
16.08 0.005084662302701
16.09 0.00621373746842
16.1 0.005034708463748
16.11 0.005899611621382
16.12 0.005673697132227
16.13 0.004510325828749
16.14 0.003533578684284
16.15 0.004277039480757
16.16 0.004148922871198
16.17 0.003538142117807
16.18 0.004240601985309
16.19 0.004692491508533
16.2 0.005863927179979
16.21 0.00602168344638
16.22 0.007319528294205
16.23 0.006017559407831
16.24 0.00710637781106
16.25 0.008093307511831
16.26 0.006466138335799
16.27 0.006767588499793
16.28 0.006945823663065
16.29 0.004781654204754
16.3 0.0022924263106
16.31 0.00241163444396
16.32 0.000736791214831
16.33 -0.000181752677078
16.34 -0.001214559752606
16.35 -0.00056980739433
16.36 0.000534138652456
16.37 0.004635641460896
16.38 0.00804857736906
16.39 0.007542809275655
16.4 0.007356264862791
16.41 0.013189703806699
16.42 0.014210046508068
16.43 0.012489422883042
16.44 0.01022748431271
16.45 0.010392035281947
16.46 0.011239655739325
16.47 0.010499118448951
16.48 0.008030617078401
16.49 0.008548267991842
16.5 0.009148974088895
16.51 0.008385131846248
16.52 0.010061532792907
16.53 0.008543993251717
16.54 0.007336140535816
16.55 0.007274871445778
16.56 0.009035690366415
16.57 0.008049756748987
16.58 0.007715755353688
16.59 0.00599300421567
16.6 0.008411304903975
16.61 0.008721076882857
16.62 0.006473379465662
16.63 0.006551128546903
16.64 0.00773351450532
16.65 0.007091036184048
16.66 0.00614446273952
16.67 0.004536061569009
16.68 0.00538941146471
16.69 0.005142922947903
16.7 0.004456152425188
16.71 0.004384398458675
16.72 0.004724210720989
16.73 0.004600176441056
16.74 0.005303375025367
16.75 0.005163563686857
16.76 0.004587464187904
16.77 0.005139005269773
16.78 0.005608460847172
16.79 0.005349960569145
16.8 0.005548966953977
16.81 0.005173018300303
16.82 0.005243994021898
16.83 0.005682487371555
16.84 0.005862931865593
16.85 0.004607103433102
16.86 0.004928669063555
16.87 0.005059960158659
16.88 0.00530323923981
16.89 0.004922358766559
16.9 0.004195826901298
16.91 0.004915961873777
16.92 0.004742231461884
16.93 0.004028229461437
16.94 0.004238604781858
16.95 0.004767918643423
16.96 0.005074502805754
16.97 0.005208832306782
16.98 0.005713748716085
16.99 0.00610708043402
17.0 0.005912996302417
17.01 0.006109412072239
17.02 0.006222993767416
17.03 0.005234105057266
17.04 0.003506680699173
17.05 0.001428755528604
17.06 0.00022741673097
17.07 -0.000833732213603
17.08 -0.002098525789716
17.09 -0.002934669441841
17.1 -0.003512259163056
17.11 -0.003050637099889
17.12 -0.001875307724895
17.13 -0.001334134221061
17.14 -0.00191294379989
17.15 0.000202053642948
17.16 0.003481649834993
17.17 0.005432863459078
17.18 0.005679072253034
17.19 0.006996584271703
17.2 0.009927398846731
17.21 0.010493317264567
17.22 0.007139127281098
17.23 0.007433052415002
17.24 0.008658111994098
17.25 0.006145385697798
17.26 0.006442007136114
17.27 0.006595928652978
17.28 0.005717855273348
17.29 0.005088476496712
17.3 0.005855272289386
17.31 0.00533277569568
17.32 0.003985012813169
17.33 0.003786257927394
17.34 0.004158787264832
17.35 0.003817201459576
17.36 0.002639263075878
17.37 0.001837307857095
17.38 0.001841279351233
17.39 0.001637284253283
17.4 0.001363146335505
17.41 0.000266319929452
17.42 -2.5369485013e-05
17.43 -0.000502913369346
17.44 -0.000774665210768
17.45 -0.000224627341688
17.46 0.000400566912427
17.47 -0.00017770437114
17.48 0.000284944306625
17.49 0.001228016568078
17.5 0.0007797668387
17.51 0.001098615185628
17.52 0.000604302732964
17.53 -0.000203135351227
17.54 0.000782155260674
17.55 0.000156406342575
17.56 6.2146840308e-05
17.57 -0.00041291880223
17.58 -9.068331802e-06
17.59 -0.000912736534241
17.6 -0.001077670720577
17.61 -0.002097704565981
17.62 -0.002480719353303
17.63 -0.002718261871916
17.64 -0.003372565996742
17.65 -0.003599334894037
17.66 -0.004292379535721
17.67 -0.003560629334899
17.68 -0.003663155448196
17.69 -0.004022485495394
17.7 -0.003717151579885
17.71 -0.003600559802838
17.72 -0.004077089309819
17.73 -0.003997264964439
17.74 -0.004453077928296
17.75 -0.004943591360697
17.76 -0.005077933479037
17.77 -0.004429721736385
17.78 -0.004847042777324
17.79 -0.004585900574127
17.8 -0.004534430565431
17.81 -0.004284103298979
17.82 -0.004845526849514
17.83 -0.004761579148879
17.84 -0.005261377459578
17.85 -0.005352034338606
17.86 -0.005899748670077
17.87 -0.006504902502992
17.88 -0.006227331349336
17.89 -0.006906871420923
17.9 -0.007140069153153
17.91 -0.005878421890635
17.92 -0.006153853687015
17.93 -0.005471063563133
17.94 -0.00455537407972
17.95 -0.00221737950186
17.96 -0.000498069658589
17.97 0.002847905684403
17.98 0.003331343707632
17.99 0.006146951194529
18.0 0.008159261109283
18.01 0.009487732862456
18.02 0.008605078962561
18.03 0.009839673731189
18.04 0.008124281056643
18.05 0.008056555229472
18.06 0.007749671904459
18.07 0.007242228509093
18.08 0.008031430107074
18.09 0.007342398100882
18.1 0.006281166975268
18.11 0.007785343637203
18.12 0.007195151153189
18.13 0.008486420065794
18.14 0.008162329051535
18.15 0.00976018240835
18.16 0.007499345655335
18.17 0.010089996993928
18.18 0.00961619438173
18.19 0.005194049488424
18.2 0.005405748720681
18.21 0.005449787422106
18.22 0.001645790896486
18.23 0.001149371978638
18.24 0.002026046610844
18.25 -0.000737726456635
18.26 -0.000751335075877
18.27 0.001903724197558
18.28 0.001554957153671
18.29 0.002824286450995
18.3 0.004606622703167
18.31 0.005633179702844
18.32 0.005763257306703
18.33 0.007477951933863
18.34 0.007652918861321
18.35 0.007328742581592
18.36 0.007429633410984
18.37 0.008363049075432
18.38 0.007500068298934
18.39 0.007538624011047
18.4 0.006790342407775
18.41 0.007372269683307
18.42 0.007181764720703
18.43 0.007751306561189
18.44 0.006979456562159
18.45 0.007992126913577
18.46 0.007922192174019
18.47 0.007756699052405
18.48 0.007296895115621
18.49 0.006239670274553
18.5 0.006118235847419
18.51 0.006199992489578
18.52 0.005486853915935
18.53 0.00506284043764
18.54 0.005960154032934
18.55 0.005933280634742
18.56 0.005156128116351
18.57 0.005745160137959
18.58 0.00629398138373
18.59 0.006032705372459
18.6 0.005848558806256
18.61 0.006384107551691
18.62 0.006367746225839
18.63 0.006255560877384
18.64 0.006870576282805
18.65 0.006757427002482
18.66 0.005866845207658
18.67 0.005982330520814
18.68 0.006281511966887
18.69 0.005600346801955
18.7 0.005071613254629
18.71 0.004446300361985
18.72 0.001843250597393
18.73 -0.00113813474832
18.74 -0.001741688778529
18.75 -0.002224263677803
18.76 -0.004236933712442
18.77 -0.005504655528116
18.78 -0.00438586888022
18.79 -0.001767000857312
18.8 0.001337013919741
18.81 0.000291826382096
18.82 -0.001236972898953
18.83 0.00302457531112
18.84 0.003587529424148
18.85 -0.000436516240425
18.86 -0.000487324434194
18.87 -8.9815132078e-05
18.88 -0.00226917242834
18.89 -0.002877356064276
18.9 -0.003675068056642
18.91 -0.004221216727308
18.92 -0.003930519765471
18.93 -0.003790447780473
18.94 -0.003638300761492
18.95 -0.004364276576669
18.96 -0.003828228635701
18.97 -0.002813781716131
18.98 -0.003087436345732
18.99 -0.003529438248668
19.0 -0.002458876686941
19.01 -0.002186631911615
19.02 -0.002335170813487
19.03 -0.002349081178308
19.04 -0.001855199703924
19.05 -0.002802144584329
19.06 -0.003415983347836
19.07 -0.003225671169369
19.08 -0.003545550629212
19.09 -0.004250895925834
19.1 -0.00442144648628
19.11 -0.004874860639301
19.12 -0.005410652172671
19.13 -0.005874146928624
19.14 -0.005924025292771
19.15 -0.006309258644488
19.16 -0.006161484398934
19.17 -0.006734550340677
19.18 -0.007127783544441
19.19 -0.006793752847751
19.2 -0.00727084369387
19.21 -0.007500327794376
19.22 -0.007346897286079
19.23 -0.006693013742407
19.24 -0.006654531728916
19.25 -0.006874633531067
19.26 -0.006564671937293
19.27 -0.005661897389223
19.28 -0.005519273309104
19.29 -0.004927708902667
19.3 -0.002924011655228
19.31 -0.000434860541199
19.32 0.001320740115316
19.33 0.00131307341274
19.34 0.002249490003761
19.35 0.003541895943502
19.36 0.003320047718847
19.37 0.001414286848905
19.38 -0.002985565253473
19.39 -0.004329844915882
19.4 -0.002780875195097
19.41 -0.003742646028484
19.42 -0.007505809455505
19.43 -0.006141922846121
19.44 -0.003011037521286
19.45 -0.00243432125074
19.46 -0.002884440877295
19.47 -0.00307902507198
19.48 -0.001511953493189
19.49 -0.001530025748469
19.5 -0.00263371072275
19.51 -0.00280257718498
19.52 -0.002812287200493
19.53 -0.002066375387727
19.54 -0.001849613821424
19.55 -0.002602502986271
19.56 -0.00354526158324
19.57 -0.00227526463456
19.58 -0.002074895560325
19.59 -0.002302471789145
19.6 -0.002244793426675
19.61 -0.001134634552049
19.62 -0.001023535197689
19.63 -0.000298283203037
19.64 -0.000330415178859
19.65 0.000680573077963
19.66 0.001012205967818
19.67 0.000854144017733
19.68 0.001475922319586
19.69 0.001774266558912
19.7 0.002700413781027
19.71 0.004462587911998
19.72 0.00643378763136
19.73 0.00763840406181
19.74 0.009165323946875
19.75 0.009387072930987
19.76 0.010306815535064
19.77 0.010117906821027
19.78 0.008764154972291
19.79 0.008890129332781
19.8 0.008955359637275
19.81 0.009111682123642
19.82 0.008892012615076
19.83 0.007497354311868
19.84 0.007487518734496
19.85 0.008409636729693
19.86 0.0067429724104
19.87 0.006870709739737
19.88 0.007359414490969
19.89 0.007252451394219
19.9 0.007764530422768
19.91 0.009165376032059
19.92 0.006970729511642
19.93 0.007793259641694
19.94 0.008062880745051
19.95 0.008136758055108
19.96 0.007239638844593
19.97 0.007342234682702
19.98 0.006311185866975
19.99 0.006099083885261
20.0 0.006931666202765
20.01 0.005362244886161
20.02 0.004950836774826
20.03 0.006233690607005
20.04 0.005260287820751
20.05 0.005043921071796
20.06 0.004686194012569
20.07 0.005203673831175
20.08 0.005075321738266
20.09 0.006024655909802
20.1 0.005675279173624
20.11 0.005635587468565
20.12 0.005918468047253
20.13 0.005282379031019
20.14 0.005359381295383
20.15 0.004949653626401
20.16 0.004639716452038
20.17 0.004144892242071
20.18 0.00366426883834
20.19 0.002645636361348
20.2 0.00107472353521
20.21 -0.000645030278531
20.22 -0.001613763086714
20.23 -0.00206573339871
20.24 -0.003462789247745
20.25 -0.004713979150899
20.26 -0.004205504036579
20.27 -0.00409112913221
20.28 -0.004422816520944
20.29 -0.004659049472069
20.3 -0.004590683860528
20.31 -0.004616055901473
20.32 -0.004471499514488
20.33 -0.005287911931806
20.34 -0.005615249183519
20.35 -0.005270627253214
20.36 -0.004924601409571
20.37 -0.005156787501148
20.38 -0.005101451540356
20.39 -0.005003548476025
20.4 -0.005066463811122
20.41 -0.005337409115169
20.42 -0.005660609774269
20.43 -0.005301762469529
20.44 -0.00597437887654
20.45 -0.0059869951144
20.46 -0.00651134877243
20.47 -0.005886919858416
20.48 -0.006146858041843
20.49 -0.006116902308364
20.5 -0.006277963513433
20.51 -0.005786988286372
20.52 -0.005916329041357
20.53 -0.005811704979435
20.54 -0.004091363444615
20.55 -0.002412399112734
20.56 -0.002840223366257
20.57 -0.003151968549768
20.58 -0.002651209281146
20.59 -0.001379927118329
20.6 -0.001968198547421
20.61 -0.003170163135655
20.62 -0.003595029576678
20.63 -0.002637356923991
20.64 -0.002318848193392
20.65 -0.002823933322418
20.66 -0.003400303065865
20.67 -0.003721652474776
20.68 -0.00356375389381
20.69 -0.003845944942851
20.7 -0.004394551265735
20.71 -0.0046574668915
20.72 -0.004826777054265
20.73 -0.005543154344986
20.74 -0.005423617154977
20.75 -0.005658517818284
20.76 -0.005717461991213
20.77 -0.005859347587048
20.78 -0.005802880565643
20.79 -0.005868536042344
20.8 -0.005605779260069
20.81 -0.00562058516903
20.82 -0.005645418440468
20.83 -0.005601083384282
20.84 -0.005526303148446
20.85 -0.005492352716047
20.86 -0.005358943663403
20.87 -0.005184406876183
20.88 -0.005518700267783
20.89 -0.005336281029801
20.9 -0.004897044368252
20.91 -0.004533252943726
20.92 -0.004320998212168
20.93 -0.004624233383273
20.94 -0.004120909298551
20.95 -0.003404810311438
20.96 -0.0038573764618
20.97 -0.004525415488882
20.98 -0.004572610174873
20.99 -0.004894155953581
21.0 -0.004867514880592
21.01 -0.005563111164197
21.02 -0.005735943784357
21.03 -0.005672773893015
21.04 -0.005765795062772
21.05 -0.00595593776899
21.06 -0.005712996850514
21.07 -0.005901351489267
21.08 -0.006058080004982
21.09 -0.005262706934962
21.1 -0.005670640101807
21.11 -0.005833428513077
21.12 -0.005653599928574
21.13 -0.005305240724488
21.14 -0.005614336634568
21.15 -0.005952880441996
21.16 -0.006278402684196
21.17 -0.005858512297106
21.18 -0.006481352674686
21.19 -0.006912837828559
21.2 -0.006752036249905
21.21 -0.006347716827458
21.22 -0.006434630137449
21.23 -0.005917280002056
21.24 -0.006002731657298
21.25 -0.005569367016612
21.26 -0.005038856325006
21.27 -0.00465360756095
21.28 -0.005261963153048
21.29 -0.005186544312128
21.3 -0.004432670379121
21.31 -0.004253555471511
21.32 -0.005359370785693
21.33 -0.005183957530747
21.34 -0.003586013539247
21.35 -0.003685089257538
21.36 -0.004140262014559
21.37 -0.002651689515397
21.38 -0.002304959435509
21.39 -0.002732473639223
21.4 -0.002070154697416
21.41 -0.001085106778655
21.42 -0.001189726014498
21.43 -0.001914097986194
21.44 -0.001175789973597
21.45 -0.001086962070982
21.46 -0.001921076112668
21.47 -0.002340583807957
21.48 -0.001701772759271
21.49 -0.002375479615742
21.5 -0.002160510320684
21.51 -0.002400695166604
21.52 -0.002865332062375
21.53 -0.003138071250047
21.54 -0.002416765461105
21.55 -0.003094036691413
21.56 -0.002650800378853
21.57 -0.001975543774391
21.58 -0.00170051829149
21.59 -0.001407190244151
21.6 -0.000195799168475
21.61 0.000679638200004
21.62 0.001654680447665
21.63 0.002254225642453
21.64 0.003440903741124
21.65 0.004774119338193
21.66 0.005485399216133
21.67 0.005815251926454
21.68 0.006613772141549
21.69 0.007165960322372
21.7 0.007199948346586
21.71 0.007222538623499
21.72 0.006925300576939
21.73 0.006861401662515
21.74 0.006940152669529
21.75 0.007063577728929
21.76 0.007091375916189
21.77 0.007577855907528
21.78 0.007479164536237
21.79 0.007560766711443
21.8 0.007725599927891
21.81 0.007749463894115
21.82 0.007191621012512
21.83 0.007339260783229
21.84 0.007258096736595
21.85 0.006958966443394
21.86 0.006673143035027
21.87 0.006548503117284
21.88 0.005344196602659
21.89 0.004247828265736
21.9 0.00336168405008
21.91 0.003093140882048
21.92 0.002540957466659
21.93 0.002240847684261
21.94 0.002165008912861
21.95 0.003108931176539
21.96 0.003615375386128
21.97 0.003743591513329
21.98 0.003608100333646
21.99 0.003975232798608
22.0 0.003902930446413
22.01 0.004179185602133
22.02 0.00384445684695
22.03 0.003886230383223
22.04 0.004592618079806
22.05 0.005065416787882
22.06 0.0050225397791
22.07 0.00524159759529
22.08 0.005632090191259
22.09 0.005715316264626
22.1 0.005726476254795
22.11 0.005604046612932
22.12 0.005685307669865
22.13 0.00575278308593
22.14 0.005601968068757
22.15 0.005658762303097
22.16 0.004649997441545
22.17 0.003835710174065
22.18 0.004248266897809
22.19 0.003952427332863
22.2 0.002661746447506
22.21 0.003139149356562
22.22 0.003178147109394
22.23 0.003069304562172
22.24 0.002665582300145
22.25 0.001255301641404
22.26 -0.000530482761057
22.27 -0.001911861810494
22.28 -0.003142763601219
22.29 -0.00342796073872
22.3 -0.004153955850142
22.31 -0.005035439678692
22.32 -0.004936849164672
22.33 -0.004489154549197
22.34 -0.00409885725498
22.35 -0.00401523120883
22.36 -0.002522347135642
22.37 0.000333720040028
22.38 0.000995186532328
22.39 0.000100293649112
22.4 0.002675269565596
22.41 0.00572276425408
22.42 0.004011438674765
22.43 0.002608535074485
22.44 0.00408111189855
22.45 0.004711983791612
22.46 0.003654545577182
22.47 0.003081031843597
22.48 0.002983188916185
22.49 0.001153945517367
22.5 -0.000199909129666
22.51 -0.000881852791447
22.52 -0.002823032135608
22.53 -0.005247310883826
22.54 -0.006263198683123
22.55 -0.006472101832828
22.56 -0.007016114281529
22.57 -0.008157026501335
22.58 -0.008246921906298
22.59 -0.007803394057282
22.6 -0.007609658279349
22.61 -0.007510245830157
22.62 -0.006837919234896
22.63 -0.00706690472381
22.64 -0.006367557336461
22.65 -0.006304732710011
22.66 -0.006430631515573
22.67 -0.007128821064057
22.68 -0.006622624780117
22.69 -0.007199461629262
22.7 -0.007434576403677
22.71 -0.007780045492815
22.72 -0.007575057819298
22.73 -0.008037832214802
22.74 -0.007559507243721
22.75 -0.00778318083503
22.76 -0.007791493443736
22.77 -0.007671854375379
22.78 -0.007494582613307
22.79 -0.007679186991996
22.8 -0.006893518436531
22.81 -0.007270738639914
22.82 -0.007086721690335
22.83 -0.007076926848494
22.84 -0.006927193511493
22.85 -0.007759491645313
22.86 -0.007094734968124
22.87 -0.007429359482183
22.88 -0.007205977372503
22.89 -0.007210711521044
22.9 -0.007242868737896
22.91 -0.007443564053255
22.92 -0.006923499170881
22.93 -0.006849126438023
22.94 -0.006788210812137
22.95 -0.006869724598756
22.96 -0.006455571396246
22.97 -0.006071188320709
22.98 -0.00628717932537
22.99 -0.005972750340093
23.0 -0.005816115939975
23.01 -0.006061290136007
23.02 -0.005950775606121
23.03 -0.005717756722689
23.04 -0.00608583768417
23.05 -0.00595733199645
23.06 -0.00569501419874
23.07 -0.005196809177404
23.08 -0.005151343054789
23.09 -0.004868847019638
23.1 -0.004776688316281
23.11 -0.004283788464662
23.12 -0.004156388811412
23.13 -0.003727288696603
23.14 -0.003389728686583
23.15 -0.003471896471159
23.16 -0.00348381929567
23.17 -0.00279942891604
23.18 -0.00205819523212
23.19 -0.001429694296202
23.2 -0.001067687193858
23.21 -1.451875341e-06
23.22 0.000438628194377
23.23 0.000417052432308
23.24 0.000523073590532
23.25 0.000789817160193
23.26 0.000449384636691
23.27 0.000425989129813
23.28 0.000474562635358
23.29 0.000563587295128
23.3 0.000485405953141
23.31 0.000574780894616
23.32 0.000882798411778
23.33 0.001035431091468
23.34 0.001425162342352
23.35 0.001907636222258
23.36 0.002448796929957
23.37 0.002916258875355
23.38 0.003747180823223
23.39 0.004488810741184
23.4 0.004951459248272
23.41 0.005209975114704
23.42 0.005739778261051
23.43 0.005954044073781
23.44 0.005910363404906
23.45 0.005874781262834
23.46 0.005971948233887
23.47 0.005852859038558
23.48 0.005936007381032
23.49 0.005958562948505
23.5 0.00589211763984
23.51 0.005822485463826
23.52 0.005907937781902
23.53 0.005959493651471
23.54 0.00575607045699
23.55 0.005732439826157
23.56 0.005966020377906
23.57 0.005864760301427
23.58 0.005782187302599
23.59 0.006004031578072
23.6 0.006159988893778
23.61 0.006154645885594
23.62 0.006230234888623
23.63 0.006267723534144
23.64 0.006408195668173
23.65 0.006421071916711
23.66 0.006295179319712
23.67 0.006320478289116
23.68 0.006327694319401
23.69 0.006276231586999
23.7 0.006234718614526
23.71 0.006026925385913
23.72 0.005800330047248
23.73 0.005850656004871
23.74 0.005832014434056
23.75 0.005681449189204
23.76 0.005752008449281
23.77 0.005767328468576
23.78 0.005583169493928
23.79 0.005278414950667
23.8 0.004891419908194
23.81 0.004048852052837
23.82 0.003546916541161
23.83 0.002943865228495
23.84 0.002281486704107
23.85 0.001574700422502
23.86 0.001657497875553
23.87 0.001671329157774
23.88 0.001797304531123
23.89 0.002080687157035
23.9 0.002478828244444
23.91 0.002441077107634
23.92 0.002852657313335
23.93 0.003326270500487
23.94 0.003254154942138
23.95 0.002971948335717
23.96 0.003289903560579
23.97 0.003576804645347
23.98 0.003309802869063
23.99 0.002743892697475
24.0 0.002748983912964
24.01 0.002917316522155
24.02 0.002649756201848
24.03 0.002447337131047
24.04 0.002693012637232
24.05 0.002905281418221
24.06 0.002805075729546
24.07 0.002802728659235
24.08 0.002965627617743
24.09 0.002602168599695
24.1 0.001781316594756
24.11 0.00088092730211
24.12 0.000354624342633
24.13 -0.00015973491106
24.14 -0.000610885051903
24.15 -0.001221146678704
24.16 -0.00214839926569
24.17 -0.002613184440303
24.18 -0.001714166002467
24.19 0.000944765625337
24.2 0.001747004129562
24.21 -0.000474281951278
24.22 0.000863051735756
24.23 0.004590753746185
24.24 0.001993064781724
24.25 -0.000878691311672
24.26 0.000183931676061
24.27 -0.000961148575836
24.28 -0.001593421354358
24.29 -0.001908835155793
24.3 -0.00305108092716
24.31 -0.003559454661682
24.32 -0.002864698059015
24.33 -0.003383323816427
24.34 -0.003607710918818
24.35 -0.004512462991795
24.36 -0.004484405925816
24.37 -0.004301957985499
24.38 -0.004670621582834
24.39 -0.005370626960411
24.4 -0.005196628435615
24.41 -0.005362631225859
24.42 -0.005639570766721
24.43 -0.005692622188583
24.44 -0.005751081423034
24.45 -0.00604798125921
24.46 -0.00589568145898
24.47 -0.005770597545169
24.48 -0.005768071501609
24.49 -0.005652995778891
24.5 -0.005413141112414
24.51 -0.00544605677379
24.52 -0.005277102647795
24.53 -0.005198868279242
24.54 -0.005106327090645
24.55 -0.005016093895611
24.56 -0.00513110253736
24.57 -0.004852796683541
24.58 -0.004721519013418
24.59 -0.00479337268787
24.6 -0.004684237789842
24.61 -0.004219288381526
24.62 -0.004465420122425
24.63 -0.004286955468893
24.64 -0.004159789679334
24.65 -0.004217125910237
24.66 -0.004197567282137
24.67 -0.004137965787751
24.68 -0.00419273841328
24.69 -0.004320329239924
24.7 -0.004316887310624
24.71 -0.00422703997834
24.72 -0.004246517478528
24.73 -0.00463294598863
24.74 -0.00462750357274
24.75 -0.004428382712294
24.76 -0.00473651380103
24.77 -0.004802826992522
24.78 -0.004913952433206
24.79 -0.005048205594221
24.8 -0.005224479419893
24.81 -0.004934867259217
24.82 -0.005104013015667
24.83 -0.005029508355475
24.84 -0.004821976611051
24.85 -0.00470891412959
24.86 -0.004534350731557
24.87 -0.004417327413209
24.88 -0.004401671601578
24.89 -0.004074233697496
24.9 -0.003777478086806
24.91 -0.002951386477905
24.92 -0.001525852199862
24.93 0.000232121574154
24.94 0.001116509061382
 
 
 
 
 
 
 
 
 
 
 
 
 
 
 
 
 
 
 
 
 
 
 
 
 
 
 
 
 
 
 
 
 
 
 
 
 
 
 
 
 
 
 
 
 
 
 
 
 
 
 
 
 
 
 
 
 
 
 
 
 
 
 
 
 
 
 
 
 
 
 
 
 
 
 
 
 
 
 
 
 
 
 
 
 
 
 
 
 
 
 
 
 
 
 
 
 
 
 
 
 
 
 
 
 
 
 
 
 
 
 
 
 
 
 
 
 
 
 
 
 
 
 
 
 
 
 
 
 
 
 
 
 
 
 
 
 
 
 
 
 
 
 
 
 
 
 
 
 
 
 
 
 
 
 
 
 
 
 
 
 
 
 
 
 
 
 
 
 
 
 
 
 
 
 
 
 
 
 
 
 
 
 
 
 
 
 
 
 
 
 
 
 
 
 
 
 
 
 
 
 
 
 
 
 
 
 
 
 
 
 
 
 
 
 
 
 
 
 
 
 
 
 
 
 
 
 
 
 
 
 
 
 
 
 
 
 
 
 
 
 
 
 
 
 
 
 
 
 
 
 
 
 
 
 
 
 
 
 
 
 
 
 
 
 
 
 
 
 
 
 
 
 
 
 
 
 
 
 
 
 
 
 
 
 
 
 
 
 
 
 
 
 
 
 
 
 
 
 
 
 
 
 
 
 
 
 
 
 
 
 
 
 
 
 
 
 
 
 
 
 
 
 
 
 
 
 
 
 
 
 
 
 
 
 
 
 
 
 
 
 
 
 
 
 
 
 
 
 
 
 
 
 
 
 
 
 
 
 
 
 
 
 
 
 
 
 
 
 
 
 
 
 
 
 
 
 
 
 
 
 
 
 
 
 
 
 
 
 
 
 
 
 
 
 
 
 
 
 
 
 
 
 
 
 
 
 
 
 
 
 
 
 
 
 
 
 
 
 
 
 
 
 
 
 
 
 
 
 
 
 
 
 
 
 
 
 
 
 
 
 
 
 
 
 
 
 
 
 
 
 
 
 
 
 
 
 
 
 
 
 
 
 
 
 
 
 
 
 
 
 
 
 
 
 
 
 
 
 
 
 
 
 
 
 
 
 
 
 
 
 
 
 
 
 
 
 
 
 
 
 
 
 
 
 
 
 
 
 
 
 
 
 
 
 
 
 
 
 
 
 
 
 
 
 
 
 
 
 
 
 
 
 
 
 
 
 
 
 
 
 
 
 
 
 
 
 
 
 
 
 
 
 
 
 
 
 
 
 
 
 
 
 
 
 
 
 
 
 
 
 
 
 
 
 
 
 
 
 
 
 
 
 
 
 
 
 
 
 
 
 
 
 
 
 
 
 
 
 
 
 
 
 
 
 
 
 
 
 
 
 
 
 
 
 
 
 
 
 
 
 
 
 
 
 
 
 
 
 
 
 
 
 
 
 
 
 
 
 
 
 
 
 
 
 
 
 
 
 
 
 
 
 
 
 
 
 
 
 
 
 
 
 
 
 
 
 
 
 
 
 
 
 
 
 
 
 
 
 
 
 
 
 
 
 
 
 
 
 
 
 
 
 
 
 
 
 
 
 
 
 
 
 
 
 
 
 
 
 
 
 
 
 
 
 
 
 
 
 
 
 
 
 
 
 
 
 
 
 
 
 
 
 
 
 
 
 
 
 
 
 
 
 
 
 
 
 
 
 
 
 
 
 
 
 
 
 
 
 
 
 
 
 
 
 
 
 
 
 
 
 
 
 
 
 
 
 
 
 
 
 
 
 
 
 
 
 
 
 
 
 
 
 
 
 
 
 
 
 
 
 
 
 
 
 
 
 
 
 
 
 
 
 
 
 
 
 
 
 
 
 
 
 
 
 
 
 
 
 
 
 
 
 
 
 
 
 
 
 
 
 
 
 
 
 
 
 
 
 
 
 
 
 
 
 
 
 
 
 
 
 
 
 
 
 
 
 
 
 
 
 
 
 
 
 
 
 
 
 
 
 
 
 
 
 
 
 
 
 
 
 
 
 
 
 
 
 
 
 
 
 
 
 
 
 
 
 
 
 
 
 
 
 
 
 
 
 
 
 
 
 
 
 
 
 
 
 
 
 
 
 
 
 
 
 
 
 
 
 
 
 
 
 
 
 
 
 
 
 
 
 
 
 
 
 
 
 
 
 
 
 
 
 
 
 
 
 
 
 
 
 
 
 
 
 
 
 
 
 
 
 
 
 
 
 
 
 
 
 
 
 
 
 
 
 
 
 
 
 
 
 
 
 
 
 
 
 
 
 
 
 
 
 
 
 
 
 
 
 
 
 
 
 
 
 
 
 
 
 
 
 
 
 
 
 
 
 
 
 
 
 
 
 
 
 
 
 
 
 
 
 
 
 
 
 
 
 
 
 
 
 
 
 
 
 
 
 
 
 
 
 
 
 
 
 
 
 
 
 
 
 
 
 
 
 
 
 
 
 
 
 
 
 
 
 
 
 
 
 
 
 
 
 
 
 
 
 
 
 
 
 
 
 
 
 
 
 
 
 
 
 
 
 
 
 
 
 
 
 
 
 
 
 
 
 
 
 
 
 
 
 
 
 
 
 
 
 
 
 
 
 
 
 
 
 
 
 
 
 
 
 
 
 
 
 
 
 
 
 
 
 
 
 
 
 
 
 
 
 
 
 
 
 
 
 
 
 
 
 
 
 
 
 
 
 
 
 
 
 
 
 
 
 
 
 
 
 
 
 
 
 
 
 
 
 
 
 
 
 
 
 
 
 
 
 
 
 
 
 
 
 
 
 
 
 
 
 
 
 
 
 
 
 
 
 
 
 
 
 
 
 
 
 
 
 
 
 
 
 
 
 
 
 
 
 
 
 
 
 
 
 
 
 
 
 
 
 
 
 
 
 
 
 
 
 
 
 
 
 
 
 
 
 
 
 
 
 
 
 
 
 
 
 
 
 
 
 
 
 
 
 
 
 
 
 
 
 
 
 
 
 
 
 
 
 
 
 
 
 
 
 
 
 
 
 
 
 
 
 
 
 
 
 
 
 
 
 
 
 
 
 
 
 
 
 
 
 
 
 
 
 
 
 
 
 
 
 
 
 
 
 
 
 
 
 
 
 
 
 
 
 
 
 
 
 
 
 
 
 
 
 
 
 
 
 
 
 
 
 
 
 
 
 
 
 
 
 
 
 
 
 
 
 
 
 
 
 
 
 
 
 
 
 
 
 
 
 
 
 
 
 
 
 
 
 
 
 
 
 
 
 
 
 
 
 
 
 
 
 
 
 
 
 
 
 
 
 
 
 
 
 
 
 
 
 
 
 
 
 
 
 
 
 
 
 
 
 
 
 
 
 
 
 
 
 
 
 
 
 
 
 
 
 
 
 
 
 
 
 
 
 
 
 
 
 
 
 
 
 
 
 
 
 
 
 
 
 
 
 
 
 
 
 
 
 
 
 
 
 
 
 
 
 
 
 
 
 
 
 
 
 
 
 
 
 
 
 
 
 
 
 
 
 
 
 
 
 
 
 
 
 
 
 
 
 
 
 
 
 
 
 
 
 
 
 
 
 
 
 
 
 
 
 
 
 
 
 
 
 
 
 
 
 
 
 
 
 
 
 
 
 
 
 
 
 
 
 
 
 
 
 
 
 
 
 
 
 
 
 
 
 
 
 
 
 
 
 
 
 
 
 
 
 
 
 
 
 
 
 
 
 
 
 
 
 
 
 
 
 
 
 
 
 
 
 
 
 
 
 
 
 
 
 
 
 
 
 
 
 
 
 
 
 
 
 
 
 
 
 
 
 
 
 
 
 
 
 
 
 
 
 
 
 
 
 
 
 
 
 
 
 
 
 
 
 
 
 
 
 
 
 
 
 
 
 
 
 
 
 
 
 
 
 
 
 
 
 
 
 
 
 
 
 
 
 
 
 
 
 
 
 
 
 
 
 
 
 
 
 
 
 
 
 
 
 
 
 
 
 
 
 
 
 
 
 
 
 
 
 
 
 
 
 
 
 
 
 
 
 
 
 
 
 
 
 
 
 
 
 
 
 
 
 
 
 
 
 
 
 
 
 
 
 
 
 
 
 
 
 
 
 
 
 
 
 
 
 
 
 
 
 
 
 
 
 
 
 
 
 
 
 
 
 
 
 
 
 
 
 
 
 
 
 
 
 
 
 
 
 
 
 
 
 
 
 
 
 
 
 
 
 
 
 
 
 
 
 
 
 
 
 
 
 
 
 
 
 
 
 
 
 
 
 
 
 
 
 
 
 
 
 
 
 
 
 
 
 
 
 
 
 
 
 
 
 
 
 
 
 
 
 
 
 
 
 
 
 
 
 
 
 
 
 
 
 
 
 
 
 
 
 
 
 
 
 
 
 
 
 
 
 
 
 
 
 
 
 
 
 
 
 
 
 
 
 
 
 
 
 
 
 
 
 
 
 
 
 
 
 
 
 
 
 
 
 
 
 
 
 
 
 
 
 
 
 
 
 
 
 
 
 
 
 
 
 
 
 
 
 
 
 
 
 
 
 
 
 
 
 
 
 
 
 
 
 
 
 
 
 
 
 
 
 
 
 
 
 
 
 
 
 
 
 
 
 
 
 
 
 
 
 
 
 
 
 
 
 
 
 
 
 
 
 
 
 
 
 
 
 
 
 
 
 
 
 
 
 
 
 
 
 
 
 
 
 
 
 
 
 
 
 
 
 
 
 
 
 
 
 
 
 
 
 
 
 
 
 
 
 
 
 
 
 
 
 
 
 
 
 
 
 
 
 
 
 
 
 
 
 
 
 
 
 
 
 
 
 
 
 
 
 
 
 
 
 
 
 
 
 
 
 
 
 
 
 
 
 
 
 
 
 
 
 
 
 
 
 
 
 
 
 
 
 
 
 
 
 
 
 
 
 
 
 
 
 
 
 
 
 
 
 
 
 
 
 
 
 
 
 
 
 
 
 
 
 
 
 
 
 
 
 
 
 
 
 
 
 
 
 
 
 
 
 
 
 
 
 
 
 
 
 
 
 
 
 
 
 
 
 
 
 
 
 
 
 
 
 
 
 
 
 
 
 
 
 
 
 
 
 
 
 
 
 
 
 
 
 
 
 
 
 
 
 
 
 
 
 
 
 
 
 
 
 
 
 
 
 
 
 
 
 
 
 
 
 
 
 
 
 
 
 
 
 
 
 
 
 
 
 
 
 
 
 
 
 
 
 
 
 
 
 
 
 
 
 
 
 
 
 
 
 
 
 
 
 
 
 
 
 
 
 
 
 
 
 
 
 
 
 
 
 
 
 
 
 
 
 
 
 
 
 
 
 
 
 
 
 
 
 
 
 
 
 
 
 
 
 
 
 
 
 
 
 
 
 
 
 
 
 
 
 
 
 
 
 
 
 
 
 
 
 
 
 
 
 
 
 
 
 
 
 
 
 
 
 
 
 
 
 
 
 
 
 
 
 
 
 
 
 
 
 
 
 
 
 
 
 
 
 
 
 
 
 
 
 
 
 
 
 
 
 
 
 
 
 
 
 
 
 
 
 
 
 
 
 
 
 
 
 
 
 
 
 
 
 
 
 
 
 
 
 
 
 
 
 
 
 
 
 
 
 
 
 
 
 
 
 
 
 
 
 
 
 
 
 
 
 
 
 
 
 
 
 
 
 
 
 
 
 
 
 
 
 
 
 
 
 
 
 
 
 
 
 
 
 
 
 
 
 
 
 
 
 
 
 
 
 
 
 
 
 
 
 
 
 
 
 
 
 
 
 
 
 
 
 
 
 
 
 
 
 
 
 
 
 
 
 
 
 
 
 
 
 
 
 
 
 
 
 
 
 
 
 
 
 
 
 
 
 
 
 
 
 
 
 
 
 
 
 
 
 
 
 
 
 
 
 
 
 
 
 
 
 
 
 
 
 
 
 
 
 
 
 
 
 
 
 
 
 
 
 
 
 
 
 
 
 
 
 
 
 
 
 
 
 
 
 
 
 
 
 
 
 
 
 
 
 
 
 
 
 
 
 
 
 
 
 
 
 
 
 
 
 
 
 
 
 
 
 
 
 
 
 
 
 
 
 
 
 
 
 
 
 
 
 
 
 
 
 
 
 
 
 
 
 
 
 
 
 
 
 
 
 
 
 
 
 
 
 
 
 
 
 
 
 
 
 
 
 
 
 
 
 
 
 
 
 
 
 
 
 
 
 
 
 
 
 
 
 
 
 
 
 
 
 
 
 
 
 
 
 
 
 
 
 
 
 
 
 
 
 
 
 
 
 
 
 
 
 
 
 
 
 
 
 
 
 
 
 
 
 
 
 
 
 
 
 
 
 
 
 
 
 
 
 
 
 
 
 
 
 
 
 
 
 
 
 
 
 
 
 
 
 
 
 
 
 
 
 
 
 
 
 
 
 
 
 
 
 
 
 
 
 
 
 
 
 
 
 
 
 
 
 
 
 
 
 
 
 
 
 
 
 
 
 
 
 
 
 
 
 
 
 
 
 
 
 
 
 
 
 
 
 
 
 
 
 
 
 
 
 
 
 
 
 
 
 
 
 
 
 
 
 
 
 
 
 
 
 
 
 
 
 
 
 
 
 
 
 
 
 
 
 
 
 
 
 
 
 
 
 
 
 
 
 
 
 
 
 
 
 
 
 
 
 
 
 
 
 
 
 
 
 
 
 
 
 
 
 
 
 
 
 
 
 
 
 
 
 
 
 
 
 
 
 
 
 
 
 
 
 
 
 
 
 
 
 
 
 
 
 
 
 
 
 
 
 
 
 
 
 
 
 
 
 
 
 
 
 
 
 
 
 
 
 
 
 
 
 
 
 
 
 
 
 
 
 
 
 
 
 
 
 
 
 
 
 
 
 
 
 
 
 
 
 
 
 
 
 
 
 
 
 
 
 
 
 
 
 
 
 
 
 
 
 
 
 
 
 
 
 
 
 
 
 
 
 
 
 
 
 
 
 
 
 
 
 
 
 
 
 
 
 
 
 
 
 
 
 
 
 
 
 
 
 
 
 
 
 
 
 
 
 
 
 
 
 
 
 
 
 
 
 
 
 
 
 
 
 
 
 
 
 
 
 
 
 
 
 
 
 
 
 
 
 
 
 
 
 
 
 
 
 
 
 
 
 
 
 
 
 
 
 
 
 
 
 
 
 
 
 
 
 
 
 
 
 
 
 
 
 
 
 
 
 
 
 
 
 
 
 
 
 
 
 
 
 
 
 
 
 
 
 
 
 
 
 
 
 
 
 
 
 
 
 
 
 
 
 
 
 
 
 
 
 
 
 
 
 
 
 
 
 
 
 
 
 
 
 
 
 
 
 
 
 
 
 
 
 
 
 
 
 
 
 
 
 
 
 
 
 
 
 
 
 
 
 
 
 
 
 
 
 
 
 
 
 
 
 
 
 
 
 
 
 
 
 
 
 
 
 
 
 
 
 
 
 
 
 
 
 
 
 
 
 
 
 
 
 
 
 
 
 
 
 
 
 
 
 
 
 
 
 
 
 
 
 
 
 
 
 
 
 
 
 
 
 
 
 
 
 
 
 
 
 
 
 
 
 
 
 
 
 
 
 
 
 
 
 
 
 
 
 
 
 
 
 
 
 
 
 
 
 
 
 
 
 
 
 
 
 
 
 
 
 
 
 
 
 
 
 
 
 
 
 
 
 
 
 
 
 
 
 
 
 
 
 
 
 
 
 
 
 
 
 
 
 
 
 
 
 
 
 
 
 
 
 
 
 
 
 
 
 
 
 
 
 
 
 
 
 
 
 
 
 
 
 
 
 
 
 
 
 
 
 
 
 
 
 
 
 
 
 
 
 
 
 
 
 
 
 
 
 
 
 
 
 
 
 
 
 
 
 
 
 
 
 
 
 
 
 
 
 
 
 
 
 
 
 
 
 
 
 
 
 
 
 
 
 
 
 
 
 
 
 
 
 
 
 
 
 
 
 
 
 
 
 
 
 
 
 
 
 
 
 
 
 
 
 
 
 
 
 
 
 
 
 
 
 
 
 
 
 
 
 
 
 
 
 
 
 
 
 
 
 
 
 
 
 
 
 
 
 
 
 
 
 
 
 
 
 
 
 
 
 
 
 
 
 
 
 
 
 
 
 
 
 
 
 
 
 
 
 
 
 
 
 
 
 
 
 
 
 
 
 
 
 
 
 
 
 
 
 
 
 
 
 
 
 
 
 
 
 
 
 
 
 
 
 
 
 
 
 
 
 
 
 
 
 
 
 
 
 
 
 
 
 
 
 
 
 
 
 
 
 
 
 
 
 
 
 
 
 
 
 
 
 
 
 
 
 
 
 
 
 
 
 
 
 
 
 
 
 
 
 
 
 
 
 
 
 
 
 
 
 
 
 
 
 
 
 
 
 
 
 
 
 
 
 
 
 
 
 
 
 
 
 
 
 
 
 
 
 
 
 
 
 
 
 
 
 
 
 
 
 
 
 
 
 
 
 
 
 
 
 
 
 
 
 
 
 
 
 
 
 
 
 
 
 
 
 
 
 
 
 
 
 
 
 
 
 
 
 
 
 
 
 
 
 
 
 
 
 
 
 
 
 
 
 
 
 
 
 
 
 
 
 
 
 
 
 
 
 
 
 
 
 
 
 
 
 
 
 
 
 
 
 
 
 
 
 
 
 
 
 
 
 
 
 
 
 
 
 
 
 
 
 
 
 
 
 
 
 
 
 
 
 
 
 
 
 
 
 
 
 
 
 
 
 
 
 
 
 
 
 
 
 
 
 
 
 
 
 
 
 
 
 
 
 
 
 
 
 
 
 
 
 
 
 
 
 
 
 
 
 
 
 
 
 
 
 
 
 
 
 
 
 
 
 
 
 
 
 
 
 
 
 
 
 
 
 
 
 
 
 
 
 
 
 
 
 
 
 
 
 
 
 
 
 
 
 
 
 
 
 
 
 
 
 
 
 
 
 
 
 
 
 
 
 
 
 
 
 
 
 
 
 
 
 
 
 
 
 
 
 
 
 
 
 
 
 
 
 
 
 
 
 
 
 
 
 
 
 
 
 
 
 
 
 
 
 
 
 
 
 
 
 
 
 
 
 
 
 
 
 
 
 
 
 
 
 
 
 
 
 
 
 
 
 
 
 
 
 
 
 
 
 
 
 
 
 
 
 
 
 
 
 
 
 
 
 
 
 
 
 
 
 
 
 
 
 
 
 
 
 
 
 
 
 
 
 
 
 
 
 
 
 
 
 
 
 
 
 
 
 
 
 
 
 
 
 
 
 
 
 
 
 
 
 
 
 
 
 
 
 
 
 
 
 
 
 
 
 
 
 
 
 
 
 
 
 
 
 
 
 
 
 
 
 
 
 
 
 
 
 
 
 
 
 
 
 
 
 
 
 
 
 
 
 
 
 
 
 
 
 
 
 
 
 
 
 
 
 
 
 
 
 
 
 
 
 
 
 
 
 
 
 
 
 
 
 
 
 
 
 
 
 
 
 
 
 
 
 
 
 
 
 
 
 
 
 
 
 
 
 
 
 
 
 
 
 
 
 
 
 
 
 
 
 
 
 
 
 
 
 
 
 
 
 
 
 
 
 
 
 
 
 
 
 
 
 
 
 
 
 
 
 
 
 
 
 
 
 
 
 
 
 
 
 
 
 
 
 
 
 
 
 
 
 
 
 
 
 
 
 
 
 
 
 
 
 
 
 
 
 
 
 
 
 
 
 
 
 
 
 
 
 
 
 
 
 
 
 
 
 
 
 
 
 
 
 
 
 
 
 
 
 
 
 
 
 
 
 
 
 
 
 
 
 
 
 
 
 
 
 
 
 
 
 
 
 
 
 
 
 
 
 
 
 
 
 
 
 
 
 
 
 
 
 
 
 
 
 
 
 
 
 
 
 
 
 
 
 
 
 
 
 
 
 
 
 
 
 
 
 
 
 
 
 
 
 
 
 
 
 
 
 
 
 
 
 
 
 
 
 
 
 
 
 
 
 
 
 
 
 
 
 
 
 
 
 
 
 
 
 
 
 
 
 
 
 
 
 
 
 
 
 
 
 
 
 
 
 
 
 
 
 
 
 
 
 
 
 
 
 
 
 
 
 
 
 
 
 
 
 
 
 
 
 
 
 
 
 
 
 
 
 
 
 
 
 
 
 
 
 
 
 
 
 
 
 
 
 
 
 
 
 
 
 
 
 
 
 
 
 
 
 
 
 
 
 
 
 
 
 
 
 
 
 
 
 
 
 
 
 
 
 
 
 
 
 
 
 
 
 
 
 
 
 
 
 
 
 
 
 
 
 
 
 
 
 
 
 
 
 
 
 
 
 
 
 
 
 
 
 
 
 
 
 
 
 
 
 
 
 
 
 
 
 
 
 
 
 
 
 
 
 
 
 
 
 
 
 
 
 
 
 
 
 
 
 
 
 
 
 
 
 
 
 
 
 
 
 
 
 
 
 
 
 
 
 
 
 
 
 
 
 
 
 
 
 
 
 
 
 
 
 
 
 
 
 
 
 
 
 
 
 
 
 
 
 
 
 
 
 
 
 
 
 
 
 
 
 
 
 
 
 
 
 
 
 
 
 
 
 
 
 
 
 
 
 
 
 
 
 
 
 
 
 
 
 
 
 
 
 
 
 
 
 
 
 
 
 
 
 
 
 
 
 
 
 
 
 
 
 
 
 
 
 
 
 
 
 
 
 
 
 
 
 
 
 
 
 
 
 
 
 
 
 
 
 
 
 
 
 
 
 
 
 
 
 
 
 
 
 
 
 
 
 
 
 
 
 
 
 
 
 
 
 
 
 
 
 
 
 
 
 
 
 
 
 
 
 
 
 
 
 
 
 
 
 
 
 
 
 
 
 
 
 
 
 
 
 
 
 
 
 
 
 
 
 
 
 
 
 
 
 
 
 
 
 
 
 
 
 
 
 
 
 
 
 
 
 
 
 
 
 
 
 
 
 
 
 
 
 
 
 
 
 
 
 
 
 
 
 
 
 
 
 
 
 
 
 
 
 
 
 
 
 
 
 
 
 
 
 
 
 
 
 
 
 
 
 
 
 
 
 
 
 
 
 
 
 
 
 
 
 
 
 
 
 
 
 
 
 
 
 
 
 
 
 
 
 
 
 
 
 
 
 
 
 
 
 
 
 
 
 
 
 
 
 
 
 
 
 
 
 
 
 
 
 
 
 
 
 
 
 
 
 
 
 
 
 
 
 
 
 
 
 
 
 
 
 
 
 
 
 
 
 
 
 
 
 
 
 
 
 
 
 
 
 
 
 
 
 
 
 
 
 
 
 
 
 
 
 
 
 
 
 
 
 
 
 
 
 
 
 
 
 
 
 
 
 
 
 
 
 
 
 
 
 
 
 
 
 
 
 
 
 
 
 
 
 
 
 
 
 
 
 
 
 
 
 
 
 
 
 
 
 
 
 
 
 
 
 
 
 
 
 
 
 
 
 
 
 
 
 
 
 
 
 
 
 
 
 
 
 
 
 
 
 
 
 
 
 
 
 
 
 
 
 
 
 
 
 
 
 
 
 
 
 
 
 
 
 
 
 
 
 
 
 
 
 
 
 
 
 
 
 
 
 
 
 
 
 
 
 
 
 
 
 
 
 
 
 
 
 
 
 
 
 
 
 
 
 
 
 
 
 
 
 
 
 
 
 
 
 
 
 
 
 
 
 
 
 
 
 
 
 
 
 
 
 
 
 
 
 
 
 
 
 
 
 
 
 
 
 
 
 
 
 
 
 
 
 
 
 
 
 
 
 
 
 
 
 
 
 
 
 
 
 
 
 
 
 
 
 
 
 
 
 
 
 
 
 
 
 
 
 
 
 
 
 
 
 
 
 
 
 
 
 
 
 
 
 
 
 
 
 
 
 
 
 
 
 
 
 
 
 
 
 
 
 
 
 
 
 
 
 
 
 
 
 
 
 
 
 
 
 
 
 
 
 
 
 
 
 
 
 
 
 
 
 
 
 
 
 
 
 
 
 
 
 
 
 
 
 
 
 
 
 
 
 
 
 
 
 
 
 
 
 
 
 
 
 
 
 
 
 
 
 
 
 
 
 
 
 
 
 
 
 
 
 
 
 
 
 
 
 
 
 
 
 
 
 
 
 
 
 
 
 
 
 
 
 
 
 
 
 
 
 
 
 
 
 
 
 
 
 
 
 
 
 
 
 
 
 
 
 
 
 
 
 
 
 
 
 
 
 
 
 
 
 
 
 
 
 
 
 
 
 
 
 
 
 
 
 
 
 
 
 
 
 
 
 
 
 
 
 
 
 
 
 
 
 
 
 
 
 
 
 
 
 
 
 
 
 
 
 
 
 
 
 
 
 
 
 
 
 
 
 
 
 
 
 
 
 
 
 
 
 
 
 
 
 
 
 
 
 
 
 
 
 
 
 
 
 
 
 
 
 
 
 
 
 
 
 
 
 
 
 
 
 
 
 
 
 
 
 
 
 
 
 
 
 
 
 
 
 
 
 
 
 
 
 
 
 
 
 
 
 
 
 
 
 
 
 
 
 
 
 
 
 
 
 
 
 
 
 
 
 
 
 
 
 
 
 
 
 
 
 
 
 
 
 
 
 
 
 
 
 
 
 
 
 
 
 
 
 
 
 
 
 
 
 
 
 
 
 
 
 
 
 
 
 
 
 
 
 
 
 
 
 
 
 
 
 
 
 
 
 
 
 
 
 
 
 
 
 
 
 
 
 
 
 
 
 
 
 
 
 
 
 
 
 
 
 
 
 
 
 
 
 
 
 
 
 
 
 
 
 
 
 
 
 
 
 
 
 
 
 
 
 
 
 
 
 
 
 
 
 
 
 
 
 
 
 
 
 
 
 
 
 
 
 
 
 
