0.0 0.0
0.01 2.33516265e-07
0.02 2.33599017e-07
0.03 2.33392497e-07
0.04 2.33328424e-07
0.05 2.33204093e-07
0.06 2.3641074e-07
0.07 2.41518881e-07
0.08 2.39125248e-07
0.09 2.28132924e-07
0.1 2.10320381e-07
0.11 1.98309875e-07
0.12 2.15893968e-07
0.13 1.87733966e-07
0.14 1.22756951e-07
0.15 1.21815116e-07
0.16 1.31971065e-07
0.17 1.54156877e-07
0.18 1.47982506e-07
0.19 -1.395515e-09
0.2 -2.6346143e-08
0.21 5.2474085e-08
0.22 9.2165846e-08
0.23 3.77333265e-07
0.24 3.91270725e-07
0.25 -1.59534754e-07
0.26 -5.02012943e-07
0.27 -3.58812421e-07
0.28 -1.53207482e-07
0.29 -1.97558436e-07
0.3 -7.42652336e-07
0.31 -1.776877899e-06
0.32 -3.800170755e-06
0.33 -6.124946456e-06
0.34 -7.839265761e-06
0.35 -9.216976043e-06
0.36 -9.849932718e-06
0.37 -9.274259618e-06
0.38 -8.364431666e-06
0.39 -9.019497878e-06
0.4 -1.1979486546e-05
0.41 -1.1748324797e-05
0.42 -3.975515693e-06
0.43 5.618490115e-06
0.44 8.75076168e-06
0.45 2.774135923e-06
0.46 -1.215892456e-05
0.47 -2.7453872056e-05
0.48 -2.8119156051e-05
0.49 -1.4082744659e-05
0.5 3.451914125e-06
0.51 1.2142851729e-05
0.52 8.148343721e-06
0.53 -4.228932607e-06
0.54 -2.575473257e-05
0.55 -5.3742487214e-05
0.56 -6.4881683024e-05
0.57 -5.4250654331e-05
0.58 -4.3217076262e-05
0.59 -5.3016376313e-05
0.6 -8.9179058754e-05
0.61 -0.000131889491344
0.62 -0.000144615105445
0.63 -9.9136187222e-05
0.64 -1.1996956325e-05
0.65 4.9797051334e-05
0.66 3.7557991469e-05
0.67 -7.226496274e-06
0.68 -2.3790574244e-05
0.69 -1.9643062776e-05
0.7 -3.6436590809e-05
0.71 -8.7083114933e-05
0.72 -0.000134384763928
0.73 -0.000129630096176
0.74 -6.6358532373e-05
0.75 2.739120172e-06
0.76 -3.058884349e-06
0.77 -9.0346192168e-05
0.78 -0.000171572941153
0.79 -0.00020906998868
0.8 -0.000202657748972
0.81 -0.000158662248897
0.82 -8.4322555494e-05
0.83 -1.312733717e-05
0.84 1.1359297195e-05
0.85 -3.4266083326e-05
0.86 -0.000138539643375
0.87 -0.000218656585995
0.88 -0.000186542388503
0.89 -8.2264998319e-05
0.9 2.4985429256e-05
0.91 6.3708320607e-05
0.92 3.0403364818e-05
0.93 -3.0501935034e-05
0.94 -0.000111426685643
0.95 -0.000215179039146
0.96 -0.00025636362415
0.97 -0.000190293361833
0.98 -0.000187391393665
0.99 -0.000330339509906
1.0 -0.000426188448002
1.01 -0.00040689380391
1.02 -0.000386022804725
1.03 -0.000367199895984
1.04 -0.000257875609419
1.05 -5.1931975383e-05
1.06 2.9890930924e-05
1.07 -6.2143706699e-05
1.08 -0.000136039796785
1.09 -0.000156280808214
1.1 -0.00022269968817
1.11 -0.00010869311527
1.12 0.000228490161382
1.13 0.000418747878433
1.14 0.000355767008134
1.15 0.000209774282512
1.16 -0.000125254851815
1.17 -0.000522501693917
1.18 -0.000533871130876
1.19 -0.000191943841767
1.2 4.800738234e-05
1.21 5.5906937312e-05
1.22 6.0824783269e-05
1.23 9.298186226e-05
1.24 4.1686798543e-05
1.25 -3.6629743415e-05
1.26 -3.7780702146e-05
1.27 -8.6357589413e-05
1.28 -0.000247994534012
1.29 -0.000131760976215
1.3 0.000350167197868
1.31 0.000585089353882
1.32 0.000335178272204
1.33 0.000120205938113
1.34 0.000223606083389
1.35 0.00038617325121
1.36 0.00041640554526
1.37 0.000455202017208
1.38 0.000630367020156
1.39 0.000625200974173
1.4 0.000314684334477
1.41 0.000137256608518
1.42 0.000304127748597
1.43 0.000367469689604
1.44 9.4365351601e-05
1.45 -8.926330617e-05
1.46 -0.000106172164695
1.47 -0.000451138951145
1.48 -0.001023823882497
1.49 -0.001305433083933
1.5 -0.001289839287408
1.51 -0.001328180085606
1.52 -0.001418786023467
1.53 -0.001257955158327
1.54 -0.000530700708184
1.55 0.000168907085604
1.56 -6.211695421e-05
1.57 -0.000678426801495
1.58 -0.000796110465488
1.59 -0.000643627755508
1.6 -0.000691070095773
1.61 -0.00041076260866
1.62 0.000114281840159
1.63 0.000179397248345
1.64 -0.000153643301266
1.65 -0.000482866971307
1.66 -0.000451185140614
1.67 -0.000292220406596
1.68 -0.000317604592077
1.69 -0.000163977795339
1.7 0.000171766091124
1.71 9.2035576412e-05
1.72 0.000196080971942
1.73 0.000798253706255
1.74 0.001329791436762
1.75 0.001394587913466
1.76 0.000948951731855
1.77 0.000385779553479
1.78 -0.000145961492527
1.79 -6.2487617169e-05
1.8 0.000524618816586
1.81 0.000624906697457
1.82 0.000211605995898
1.83 -0.000117632249825
1.84 0.000266534852262
1.85 0.000828707682827
1.86 0.000670802650365
1.87 0.000158104479704
1.88 -0.000249432079882
1.89 -0.001167889393425
1.9 -0.002088255724141
1.91 -0.001773181437242
1.92 -0.000740817503144
1.93 -0.000334610296986
1.94 -0.000370249266003
1.95 -0.000818231334796
1.96 -0.000964579426634
1.97 -0.00083921325218
1.98 -0.000700820006265
1.99 -0.00065622436258
2.0 -0.00074747082087
2.01 -0.000713166757046
2.02 -0.000577876858353
2.03 0.0001025998171
2.04 0.000861498075018
2.05 0.00169397411595
2.06 0.001970400886977
2.07 0.001703921217954
2.08 0.001247828899936
2.09 0.00102497557526
2.1 0.000930276751406
2.11 0.000754138457682
2.12 0.000529405292179
2.13 0.000393344126454
2.14 0.000482126975397
2.15 0.000811053870466
2.16 0.000928011700144
2.17 0.000571790374909
2.18 0.000286599869183
2.19 0.000524587851747
2.2 0.000542375679758
2.21 -0.000117667652562
2.22 -0.000753256163794
2.23 -0.001314061776836
2.24 -0.00156930496122
2.25 -0.00124241491603
2.26 -0.000726837610082
2.27 -0.000435139283208
2.28 -0.000394995167261
2.29 3.3463458369e-05
2.3 0.000309383921457
2.31 -0.000697600278252
2.32 -0.001562308370676
2.33 -0.001492360602466
2.34 -0.001415271189628
2.35 -0.001166436327909
2.36 -0.000488467017007
2.37 0.000728910372489
2.38 0.000936580179135
2.39 0.000801390301942
2.4 0.000483747931357
2.41 8.326138851e-06
2.42 -0.000444641117181
2.43 -0.000792102706721
2.44 -0.000628171439374
2.45 -0.000578595493902
2.46 -0.000111243632752
2.47 0.000954646130247
2.48 0.001829109572823
2.49 0.001777424691712
2.5 0.001466801826898
2.51 0.001222684454612
2.52 0.001148268687639
2.53 0.000788212050594
2.54 0.000703015799192
2.55 0.000355969030061
2.56 -0.000493951191037
2.57 -0.001320507757912
2.58 -0.001705789480589
2.59 -0.001512630070899
2.6 -0.001288915116151
2.61 -0.000886175633408
2.62 -0.000560530817059
2.63 -0.000368643404971
2.64 -0.000708955591969
2.65 -0.001377326734717
2.66 -0.001332510254284
2.67 -0.000691277351045
2.68 -0.000392860605952
2.69 -0.000194037057414
2.7 0.000193071183687
2.71 0.000787272313552
2.72 0.000849136917948
2.73 0.000608349849751
2.74 0.001040052950022
2.75 0.001962174381822
2.76 0.002444127550481
2.77 0.002130470644206
2.78 0.001962042696238
2.79 0.00177209872981
2.8 0.001189581548123
2.81 0.001042328643244
2.82 1.9960957822e-05
2.83 -0.001117758691986
2.84 -0.001484717266811
2.85 -0.001776758985877
2.86 -0.002044463539425
2.87 -0.002309184866763
2.88 -0.002393918115516
2.89 -0.002452370256024
2.9 -0.00307043720005
2.91 -0.004172507152846
2.92 -0.004626438650485
2.93 -0.002429783697186
2.94 0.000879059818144
2.95 0.00226983820987
2.96 0.000986322033297
2.97 0.001174805209076
2.98 0.002453705520866
2.99 0.002178506008513
3.0 0.002391370334753
3.01 0.003440232025159
3.02 0.003301020791968
3.03 -0.000872816764152
3.04 -0.003193111674391
3.05 -0.001307185098147
3.06 -0.000435390734259
3.07 -0.00041368996164
3.08 0.000295388926933
3.09 0.000571087932672
3.1 0.000285520589342
3.11 -0.002490623712201
3.12 -0.005617527436657
3.13 -0.005782469399944
3.14 -0.006025458287252
3.15 -0.00575695616118
3.16 -0.004957780396648
3.17 -0.003464611219028
3.18 -0.002439516524274
3.19 -0.002785303589423
3.2 -0.002949524748725
3.21 -0.005533700625769
3.22 -0.006454836859122
3.23 -0.005588871351756
3.24 -0.006471248335464
3.25 -0.005931983639888
3.26 -0.005591885614995
3.27 -0.002620725955452
3.28 0.001781227959971
3.29 0.003599625375815
3.3 0.001333450654689
3.31 0.000481080488118
3.32 0.001495677207981
3.33 0.000991956349681
3.34 -0.000741096334636
3.35 -0.003953998722734
3.36 -0.002699904701375
3.37 0.004259113324056
3.38 0.004083459034113
3.39 0.000464424518203
3.4 0.000640194782621
3.41 -0.000134712129757
3.42 -0.004243971982422
3.43 -0.007756028287241
3.44 -0.007276765319734
3.45 -0.006023471115187
3.46 -0.004109637683431
3.47 -0.00418731050004
3.48 -0.005948306296062
3.49 -0.005278953157844
3.5 -0.004832927956816
3.51 -0.005131582021476
3.52 -0.001413282862629
3.53 0.001083439192587
3.54 0.001172041064164
3.55 0.000943449575565
3.56 0.001213546498341
3.57 0.001619324952642
3.58 0.001785075133867
3.59 0.002950965245107
3.6 0.004268254234942
3.61 0.006017025928034
3.62 0.007363252194752
3.63 0.006083175541399
3.64 0.004933079585955
3.65 0.002267481295688
3.66 0.001786174075903
3.67 0.003025990211721
3.68 0.004311200117556
3.69 0.003902054520329
3.7 0.00239394610756
3.71 -0.000618979867088
3.72 -0.005469966647384
3.73 -0.007750112244139
3.74 -0.005979033094449
3.75 -0.00368243241188
3.76 -0.00372537092454
3.77 -0.00406849323763
3.78 -0.002911645713282
3.79 0.002758914077065
3.8 0.006047887456261
3.81 0.001087295467396
3.82 0.00014151062944
3.83 0.002473846819984
3.84 0.003358573774406
3.85 0.002214440590115
3.86 0.004074251239979
3.87 0.006785881099342
3.88 0.012189998990414
3.89 0.010500783640133
3.9 0.009234447397579
3.91 0.009089218142837
3.92 0.010185236594562
3.93 0.007807560845072
3.94 0.007259649895438
3.95 0.004216833930247
3.96 0.005006603873137
3.97 0.006396351062532
3.98 0.007538501586731
3.99 0.006998505427873
4.0 0.007564580549196
4.01 0.004925071890433
4.02 0.004081246708987
4.03 0.001566664005101
4.04 0.00118050015959
4.05 -0.001089074546825
4.06 -0.003281083998486
4.07 -0.003841807036651
4.08 -0.00039667962931
4.09 0.000174395801517
4.1 -0.001142694184676
4.11 -0.0001201311873
4.12 0.012217513742996
4.13 0.008818725691787
4.14 0.000268989566058
4.15 0.00207473418472
4.16 0.001352143496461
4.17 0.001699779104617
4.18 0.002845168615723
4.19 0.005345651254087
4.2 0.009312750068618
4.21 0.01029072683116
4.22 -0.001211334277181
4.23 -0.003467646648989
4.24 0.001734364938507
4.25 0.001705157339423
4.26 0.005366031437539
4.27 0.010897741694715
4.28 0.011898706924737
4.29 0.00714322076005
4.3 0.001976200967388
4.31 -0.000781338626391
4.32 -0.001901787768938
4.33 -0.00750315495245
4.34 -0.003425997214437
4.35 0.000454486913056
4.36 0.003090686531763
4.37 0.001696906401401
4.38 0.00219193377622
4.39 -0.000537355698674
4.4 -0.000976184509491
4.41 -0.00366559943951
4.42 0.003912163574794
4.43 0.011364608656635
4.44 0.003634905594561
4.45 0.004096355229574
4.46 0.005976017268846
4.47 0.005647471326054
4.48 0.005513818072646
4.49 0.004401520602623
4.5 -0.004382954459139
4.51 -0.000622619389895
4.52 0.003450110290283
4.53 -0.000637207427511
4.54 0.002354468391418
4.55 0.000909816290406
4.56 0.001126432137703
4.57 0.001188092565141
4.58 0.002638814761456
4.59 0.007268647318887
4.6 0.003471855336653
4.61 0.004792768407208
4.62 0.004169772563122
4.63 0.004883466054059
4.64 0.005006463916285
4.65 0.003769523018938
4.66 0.005785182333713
4.67 0.009368076064117
4.68 0.007510449548562
4.69 -0.001425584395741
4.7 0.000676184256967
4.71 0.002500468471001
4.72 7.6761725597e-05
4.73 0.000365125302082
4.74 0.000530961179817
4.75 -0.001028015621446
4.76 1.8573146636e-05
4.77 0.011844531068892
4.78 0.007280012464188
4.79 0.003774086488146
4.8 0.006019040591008
4.81 0.004354335979437
4.82 0.007090172247504
4.83 0.005634715084687
4.84 0.007576116212088
4.85 0.007853987177952
4.86 0.015673203409685
4.87 0.011398514585714
4.88 0.012544705162292
4.89 0.012427153966899
4.9 0.011920564048701
4.91 0.003761515768895
4.92 0.001411242468496
4.93 0.001960129678451
4.94 0.00127959973718
4.95 0.000207148928532
4.96 0.001623565683794
4.97 0.000829480758597
4.98 -0.000482496611368
4.99 -0.000642600440534
5.0 -0.004952822543861
5.01 -0.009055203541152
5.02 -0.009089536175229
5.03 -0.00668583041639
5.04 -0.004479773967999
5.05 0.01220602744838
5.06 0.007522361309657
5.07 0.003201868992257
5.08 0.00822286924913
5.09 0.007175096830891
5.1 0.00408366963373
5.11 0.006352281729744
5.12 0.007758393718802
5.13 0.009630247734238
5.14 0.017007539784085
5.15 0.016627376522385
5.16 0.012041489416344
5.17 0.010743434405232
5.18 0.015116123098699
5.19 0.015636140611668
5.2 0.011789510838613
5.21 0.014358525078921
5.22 0.009463259121843
5.23 0.010642242188294
5.24 0.009503326434893
5.25 0.007074475790303
5.26 0.007320696287955
5.27 0.008612802466244
5.28 0.007058174460433
5.29 0.005321117011057
5.3 0.007789023597959
5.31 0.006097972704098
5.32 0.007749964828057
5.33 0.0062520385915
5.34 0.007905557268303
5.35 0.006439001317646
5.36 0.00875323270472
5.37 0.008911241643557
5.38 0.008037318471831
5.39 0.009724959252788
5.4 0.00615806485721
5.41 0.008402373034808
5.42 0.00402924265318
5.43 0.003660945360757
5.44 0.004193204812746
5.45 0.000242674051691
5.46 -7.4272402476e-05
5.47 9.8916714698e-05
5.48 0.002114216092962
5.49 0.001109362618849
5.5 0.000752960979536
5.51 5.0438947717e-05
5.52 -0.002949841708585
5.53 -0.003368427124166
5.54 -0.007265011308039
5.55 -0.008293487507415
5.56 -0.008554763527886
5.57 -0.008601916877713
5.58 -0.008529232236022
5.59 -0.008790098439429
5.6 -0.008899021497258
5.61 -0.008488564127811
5.62 -0.009544108391375
5.63 -0.010548214321403
5.64 -0.01046268953646
5.65 -0.011412113336431
5.66 -0.013063461860388
5.67 -0.012857414305572
5.68 -0.013181403231621
5.69 -0.014174444623921
5.7 -0.014497834015326
5.71 -0.015296574924201
5.72 -0.016208740168506
5.73 -0.01633976914501
5.74 -0.017159573541629
5.75 -0.011065074459248
5.76 -0.006897825758299
5.77 -0.00901558419866
5.78 -0.013178863370548
5.79 -0.013491558845547
5.8 -0.01391045640622
5.81 -0.01278061310932
5.82 -0.011584391042992
5.83 -0.011891028310793
5.84 -0.009453300664017
5.85 -0.007702172846099
5.86 -0.01039962660855
5.87 -0.009671551312377
5.88 -0.010200404441087
5.89 -0.010257672018918
5.9 -0.011548465937177
5.91 -0.015475886452089
5.92 -0.01565515432335
5.93 -0.016160193591153
5.94 -0.015655482264084
5.95 -0.014690022785827
5.96 -0.015197846178839
5.97 -0.016030825642974
5.98 -0.016920951881811
5.99 -0.01539029212421
6.0 -0.019326263180904
6.01 -0.015371827443584
6.02 -0.018179262649335
6.03 -0.016986744823242
6.04 -0.018790854913436
6.05 -0.017358836279976
6.06 -0.016663918867795
6.07 -0.015133919871412
6.08 -0.013152239876627
6.09 -0.013374675869349
6.1 -0.01303622133642
6.11 -0.014238674714029
6.12 -0.014274735847819
6.13 -0.014176515928634
6.14 -0.009569476046183
6.15 -0.011636936298434
6.16 -0.009991081195985
6.17 -0.007004580871588
6.18 -0.010035124344255
6.19 -0.011848727896935
6.2 -0.009306758956911
6.21 -0.010013392979074
6.22 -0.012462077679996
6.23 -0.011654765057957
6.24 -0.008878282279109
6.25 -0.007935160356954
6.26 -0.008446108847936
6.27 -0.009414415561802
6.28 -0.011138726354945
6.29 -0.014057751831292
6.3 -0.008954123347672
6.31 -0.01047112506341
6.32 -0.009024201078838
6.33 -0.010108984693983
6.34 -0.011201220062066
6.35 -0.008831715543511
6.36 -0.007648869714561
6.37 -0.009065561814951
6.38 -0.010831438209717
6.39 -0.00879610988927
6.4 -0.007930410821371
6.41 -0.008999975529313
6.42 -0.008759494157664
6.43 -0.00861398209563
6.44 -0.006798997801617
6.45 -0.004437434771072
6.46 -0.00544107520816
6.47 -0.003691376599508
6.48 -0.003856092492239
6.49 -0.003687798308766
6.5 -0.004094107188525
6.51 -0.001009833182169
6.52 0.000558018273377
6.53 0.001717684170121
6.54 0.002109824029544
6.55 0.000769943872375
6.56 0.001706575124299
6.57 0.002881036761985
6.58 0.00331796128585
6.59 0.004807621733642
6.6 0.006195011881371
6.61 0.00673744281126
6.62 0.00587618779169
6.63 0.006614173860394
6.64 0.006797178229078
6.65 0.006029836253584
6.66 0.005552615183618
6.67 0.005420804364687
6.68 0.005601855079636
6.69 0.006128419370951
6.7 0.006743540505642
6.71 0.007724340998958
6.72 0.006846035456084
6.73 0.005545902645379
6.74 0.007040931508522
6.75 0.007252122254154
6.76 0.006436050380566
6.77 0.00630379416743
6.78 0.005996799122534
6.79 0.006559182684636
6.8 0.007187861964581
6.81 0.006427633337124
6.82 0.008505446582277
6.83 0.009423835670341
6.84 0.00925583504948
6.85 0.009561621485399
6.86 0.009974735844801
6.87 0.01004057426537
6.88 0.011375481741285
6.89 0.013240289787355
6.9 0.011954345275891
6.91 0.011740293378251
6.92 0.012360962783515
6.93 0.01420966814766
6.94 0.014517746586536
6.95 0.01291050471461
6.96 0.013179691575064
6.97 0.014768079459553
6.98 0.016356074472025
6.99 0.016076467903274
7.0 0.015226944417072
7.01 0.014318774455932
7.02 0.016535058323423
7.03 0.017571017754017
7.04 0.019198194798846
7.05 0.018236658385041
7.06 0.020486622714451
7.07 0.018955292880693
7.08 0.018124330803496
7.09 0.014822855396774
7.1 0.015282684807076
7.11 0.012771973098062
7.12 0.012753360873591
7.13 0.010885262159636
7.14 0.011604511026557
7.15 0.008139963422947
7.16 0.009068187518492
7.17 0.007367805248297
7.18 0.007164724484649
7.19 0.006229759234019
7.2 0.004331769397318
7.21 0.003957403099084
7.22 0.002297465502152
7.23 0.003341348616976
7.24 0.000689265900918
7.25 -0.003616769799988
7.26 -0.000747897596944
7.27 0.006989894305084
7.28 -0.000108813918006
7.29 0.000771161909029
7.3 -0.001686696831386
7.31 -0.004333694875897
7.32 -0.001122869485094
7.33 -0.004928478732891
7.34 -0.007962455308722
7.35 -0.005296112559641
7.36 0.002869213311688
7.37 0.00430213237853
7.38 0.001898099154332
7.39 0.00360751673732
7.4 0.001143031541982
7.41 0.008652945988498
7.42 0.005902287451854
7.43 0.007916147292006
7.44 0.004507887941378
7.45 0.009574469763859
7.46 0.005487282741356
7.47 0.00846407063284
7.48 0.009804266615639
7.49 0.015706400827257
7.5 0.012985061611628
7.51 0.013721200310711
7.52 0.015950575363612
7.53 0.016418191300767
7.54 0.017407451585919
7.55 0.015151569730351
7.56 0.018078777097067
7.57 0.00997082345054
7.58 0.009155617783442
7.59 0.020200764796099
7.6 0.013318564981793
7.61 0.013805661106795
7.62 0.016917624925604
7.63 0.012318400129682
7.64 0.011700083499216
7.65 0.01136412139941
7.66 0.003703270009429
7.67 -0.000663070134917
7.68 0.005281189905242
7.69 0.007717266359608
7.7 0.002331214340144
7.71 -0.001825857088603
7.72 -0.005151595855814
7.73 -0.011726110667928
7.74 -0.004995629430021
7.75 -0.007380207103456
7.76 -0.009073834631139
7.77 -0.009806259861939
7.78 -0.007040014660278
7.79 -0.012278573362106
7.8 -0.014188292739998
7.81 -0.015367369836749
7.82 -0.015945575207523
7.83 -0.019111728575586
7.84 -0.015677106965077
7.85 -0.017311188213191
7.86 -0.016898592645755
7.87 -0.009789736624743
7.88 -0.014013567296714
7.89 -0.01343463962326
7.9 -0.016313326758221
7.91 -0.016610892299337
7.92 -0.019340310358071
7.93 -0.018550873305395
7.94 -0.018032929541774
7.95 -0.019424503687384
7.96 -0.012950896957601
7.97 -0.012554085243736
7.98 -0.015728518632042
7.99 -0.011969941177652
8.0 -0.011896647545923
8.01 -0.010337684662495
8.02 -0.008250124055839
8.03 -0.008072574622292
8.04 -0.00930083500039
8.05 -0.010347714373561
8.06 -0.010556892395559
8.07 -0.010331398105477
8.08 -0.009900312881886
8.09 -0.007866346523717
8.1 -0.007199427198374
8.11 -0.004740634442675
8.12 -0.006044726726761
8.13 -0.007168743691738
8.14 -0.009821838311712
8.15 -0.017317846259327
8.16 -0.014124552167943
8.17 -0.009083494867268
8.18 -0.009347881334347
8.19 -0.008111709104148
8.2 -0.007324791687128
8.21 -0.009508286457768
8.22 -0.009702359945392
8.23 -0.010090375307372
8.24 -0.013630154299868
8.25 -0.01423784944013
8.26 -0.010098122364797
8.27 -0.005927267872447
8.28 -0.003824808139497
8.29 -0.004184675318479
8.3 -0.003043171151757
8.31 -0.000552182173106
8.32 -0.001163626123691
8.33 -0.001453037911978
8.34 0.00164779544172
8.35 0.00224339360262
8.36 0.000937392403767
8.37 0.003957132466162
8.38 0.008086020597449
8.39 -0.000183511800934
8.4 8.7244013216e-05
8.41 0.001231889101059
8.42 0.001258311091277
8.43 0.003836485737371
8.44 0.005915446558568
8.45 0.006621432436151
8.46 0.00549877067927
8.47 0.000626727920906
8.48 -0.003664903577658
8.49 -0.001770598327538
8.5 -3.9321897558e-05
8.51 -0.00118043369985
8.52 -0.002767316708936
8.53 -0.004999431325158
8.54 -0.010952884545393
8.55 -0.009967661314563
8.56 -0.006443613100029
8.57 -0.01399772637811
8.58 -0.017326888421582
8.59 -0.012853600716816
8.6 -0.017260556288713
8.61 -0.01509965834632
8.62 -0.020272836044975
8.63 -0.012502667589657
8.64 -0.013861912025348
8.65 -0.019667242958251
8.66 -0.017890343968409
8.67 -0.024571866371017
8.68 -0.030003052579784
8.69 -0.025049319230433
8.7 -0.02181149615105
8.71 -0.025475808008638
8.72 -0.022821487509448
8.73 -0.014775085030401
8.74 -0.016575853806748
8.75 -0.017968526990564
8.76 -0.013797927722829
8.77 -0.015541848791555
8.78 -0.015480636521279
8.79 -0.012399391255407
8.8 -0.011863143116458
8.81 -0.012151416869515
8.82 -0.010257523613946
8.83 -0.005915759291138
8.84 -0.001437666640202
8.85 0.000656979288902
8.86 0.000792942028406
8.87 5.1569272568e-05
8.88 0.002776149572106
8.89 0.006163809063542
8.9 0.006980123075744
8.91 0.006003785001363
8.92 0.008726360296532
8.93 0.008575289649038
8.94 0.01342122364122
8.95 0.012423648565699
8.96 0.011980725981521
8.97 0.014739773080412
8.98 0.014007032511521
8.99 0.015460633536629
9.0 0.015359843087657
9.01 0.010805668212566
9.02 0.014393192107353
9.03 0.015876862561098
9.04 0.015564936181842
9.05 0.015907601966347
9.06 0.013724478884368
9.07 0.012034579156683
9.08 0.010548617869574
9.09 0.010998081314726
9.1 0.010313157865829
9.11 0.00851942611649
9.12 0.009703415381049
9.13 0.009235888697805
9.14 0.006281854114225
9.15 0.004010860877894
9.16 0.001078094890375
9.17 -0.002984486448245
9.18 -0.004399941247537
9.19 -0.002847177696272
9.2 -0.007338079270529
9.21 -0.005834212752976
9.22 -0.009109581579745
9.23 -0.009926991166767
9.24 -0.008921260763957
9.25 -0.012603452613465
9.26 -0.011083346327062
9.27 -0.012229938007415
9.28 -0.013365080091194
9.29 -0.014740360369911
9.3 -0.009059317501484
9.31 -0.008456152439742
9.32 -0.01540818390817
9.33 -0.007109381671647
9.34 -0.01214141268776
9.35 -0.013174359730605
9.36 -0.014773426129298
9.37 -0.018306061746466
9.38 -0.018136074769003
9.39 -0.011590340096847
9.4 -0.007428338909051
9.41 -0.010431411708713
9.42 -0.012778904327116
9.43 -0.009750455312247
9.44 -0.006648621761845
9.45 -0.004998197730926
9.46 -0.005739117831811
9.47 -0.006506219250952
9.48 -0.008095626762483
9.49 -0.0097507198489
9.5 -0.008028043309913
9.51 -0.00568859439754
9.52 -0.007194891494763
9.53 -0.007205536621353
9.54 -0.004336944861769
9.55 -0.001484490005948
9.56 -0.003223102524802
9.57 0.000311536323165
9.58 -0.000284658220165
9.59 0.005212516159138
9.6 0.001439831792414
9.61 0.004097950069486
9.62 0.007161959326561
9.63 0.006400484917205
9.64 0.0071832554359
9.65 0.010080069477715
9.66 0.009265176406615
9.67 0.005036538755481
9.68 0.00100079630963
9.69 0.006060386624078
9.7 0.007956884040594
9.71 0.008711039051544
9.72 0.009336413833028
9.73 0.007258684518262
9.74 0.006578275897038
9.75 0.008010911505402
9.76 0.006470801309615
9.77 0.003879685940063
9.78 0.004079702837713
9.79 0.005796356543984
9.8 0.006429439988511
9.81 0.004419461575755
9.82 0.00071962969939
9.83 -0.002030847760308
9.84 -0.002295897318074
9.85 -0.00155967694878
9.86 -0.001501081548478
9.87 -0.002829259283545
9.88 -0.005499206963733
9.89 -0.00786445236171
9.9 -0.003381514148438
9.91 -0.00619223683684
9.92 -0.008545837862488
9.93 -0.009006285515897
9.94 -0.011833324661052
9.95 -0.010604606579447
9.96 -0.011310883984487
9.97 -0.015944997136074
9.98 -0.012016173794496
9.99 -0.016445738262961
10.0 -0.014354754928583
10.01 -0.00826616710752
10.02 -0.009860776630669
10.03 -0.017106399661946
10.04 -0.011718010551572
10.05 -0.016347373676986
10.06 -0.013530021158854
10.07 -0.011402835286233
10.08 -0.011718813112351
10.09 -0.010060811500933
10.1 -0.000981618131595
10.11 -0.002679188559542
10.12 -0.012299004016351
10.13 -0.007298057628687
10.14 -0.002862079152646
10.15 -0.005323979852495
10.16 0.004085311177134
10.17 0.011636901794898
10.18 0.002946923870282
10.19 0.007692951849216
10.2 0.010045324870983
10.21 0.009637518274823
10.22 0.008368328049107
10.23 0.013825293768654
10.24 0.012532859152381
10.25 0.015584611009518
10.26 0.009919739658369
10.27 0.016038860149047
10.28 0.015888710517796
10.29 0.019840683000408
10.3 0.009087818929648
10.31 0.019204589354834
10.32 0.010926679947009
10.33 0.02272293980636
10.34 0.018059543888929
10.35 0.022120048123613
10.36 0.021524894057625
10.37 0.023363648469445
10.38 0.017607967527337
10.39 0.005535537031902
10.4 0.020163967451601
10.41 0.012649799637478
10.42 0.01298235530689
10.43 0.01856613538314
10.44 0.010729807531673
10.45 0.003604495930901
10.46 0.002077932242275
10.47 0.007714410985495
10.48 0.003649214979909
10.49 0.002452323751196
10.5 0.007713877904894
10.51 -0.001701421528738
10.52 0.007490200214282
10.53 -0.000760062288117
10.54 0.004060820220604
10.55 -0.000231020830004
10.56 0.003062806018159
10.57 -0.000349442162242
10.58 -0.000559043546159
10.59 -0.004737215699753
10.6 0.010534196958318
10.61 0.003037581192231
10.62 0.004506053191799
10.63 0.002888236257509
10.64 0.000672830640668
10.65 -0.000815969584513
10.66 -0.001388268884574
10.67 0.000544783324745
10.68 0.002741992422925
10.69 0.006531869207827
10.7 0.009549062439568
10.71 0.005773821729322
10.72 0.003849757764696
10.73 0.005260714470626
10.74 0.004830577629328
10.75 0.005108204440478
10.76 0.010106811006109
10.77 0.00402546282108
10.78 0.005624939181781
10.79 0.002454623161515
10.8 0.006796575413989
10.81 0.002941994972396
10.82 0.005412920158188
10.83 0.0034149047782
10.84 0.005476457605357
10.85 0.004016040222877
10.86 0.00202073620291
10.87 -0.000919103664927
10.88 0.001084569044674
10.89 -0.000318685671677
10.9 -0.001376053315641
10.91 0.002138440155394
10.92 0.000230680320849
10.93 0.000761892117715
10.94 -0.001762535880383
10.95 -0.004563282216454
10.96 -0.006682683426849
10.97 -0.007931331156839
10.98 -0.008825817074034
10.99 -0.006340554552296
11.0 -0.004015047056612
11.01 -0.006039741681109
11.02 -0.00481112502097
11.03 -0.005807508444507
11.04 -0.008961814195804
11.05 -0.008498385696877
11.06 -0.005308360084147
11.07 -0.004399120923737
11.08 -0.006190537092139
11.09 -0.007332312648752
11.1 -0.004670293304758
11.11 -0.00286896216972
11.12 -0.00418249331413
11.13 -0.003571415569506
11.14 -0.00264163195368
11.15 -0.001550807422424
11.16 0.000878908249018
11.17 0.001988791942626
11.18 0.000773567779548
11.19 -0.00032593974175
11.2 0.002012942880642
11.21 0.005859102666203
11.22 0.004498653363823
11.23 0.002847787502196
11.24 0.005945884326192
11.25 0.005442943197756
11.26 0.006253942764792
11.27 0.009300202972404
11.28 0.01066694241371
11.29 0.008863239101629
11.3 0.008319074397069
11.31 0.007256823042163
11.32 0.005421345940323
11.33 0.004715426052781
11.34 0.004330587218158
11.35 0.003576033186638
11.36 0.00323614455154
11.37 0.001409024474268
11.38 1.069796933e-05
11.39 0.000874381240136
11.4 -0.001413789134728
11.41 -0.000137000173306
11.42 0.000861854501104
11.43 -0.000831399425101
11.44 0.002463904922536
11.45 0.00503474776678
11.46 0.005461451616038
11.47 0.001945597761811
11.48 -0.001498721854169
11.49 -0.002657546722003
11.5 -0.002218855495376
11.51 -0.002392981875699
11.52 0.00062670183632
11.53 0.002427705717317
11.54 0.003293664193164
11.55 0.004284787521208
11.56 0.003369616655844
11.57 0.001513615271016
11.58 0.000543390723929
11.59 0.000305506845384
11.6 0.001180209135821
11.61 0.004537584367955
11.62 0.00774116559535
11.63 0.006741664054247
11.64 0.004455569915081
11.65 0.005004732320572
11.66 0.006921116484849
11.67 0.011063852152296
11.68 0.009093711856698
11.69 0.00959035075039
11.7 0.009866186408794
11.71 0.014783002959863
11.72 0.010363136259144
11.73 0.013226662645233
11.74 0.010848288110204
11.75 0.016034078148286
11.76 0.013418417606858
11.77 0.015757112754107
11.78 0.018373299293158
11.79 0.018939719821533
11.8 0.019783539299289
11.81 0.0187636053421
11.82 0.020475209609613
11.83 0.02011208863519
11.84 0.021682391666609
11.85 0.021063551037945
11.86 0.023448392520114
11.87 0.023111777599192
11.88 0.02509359934101
11.89 0.024408167800169
11.9 0.024502008316412
11.91 0.02441889421526
11.92 0.025222616930811
11.93 0.022240674668149
11.94 0.018410461150914
11.95 0.019659433743401
11.96 0.019400734489026
11.97 0.018532332790538
11.98 0.019484199036758
11.99 0.017455424049471
12.0 0.013521326484661
12.01 0.013771139071773
12.02 0.016789540573738
12.03 0.014562065147215
12.04 0.011607534332827
12.05 0.014692998211765
12.06 0.010658581471762
12.07 0.015804914510149
12.08 0.011770249034592
12.09 0.01216873947889
12.1 0.008051473125648
12.11 0.010561677188324
12.12 0.009600130678517
12.13 0.009998348921169
12.14 0.010947217781434
12.15 0.012366895708643
12.16 0.015080542729483
12.17 0.01233545998383
12.18 0.010158307775093
12.19 0.007967215615144
12.2 0.005604232293785
12.21 0.00624723565516
12.22 0.008999256045881
12.23 0.009648081185642
12.24 0.010587580353771
12.25 0.009822040582048
12.26 0.007164492045534
12.27 0.008184109586806
12.28 0.009578630184412
12.29 0.007915440849983
12.3 0.006884943152788
12.31 0.008462647771731
12.32 0.009957470396235
12.33 0.009509731527871
12.34 0.008049286517365
12.35 0.007132650358001
12.36 0.008116427710978
12.37 0.006647733694874
12.38 0.009216566813079
12.39 0.008425940819322
12.4 0.010735122964039
12.41 0.008587554198885
12.42 0.010615944645964
12.43 0.008148064060566
12.44 0.007596463700433
12.45 0.005816970501856
12.46 0.007876196330263
12.47 0.005888831999862
12.48 0.008087009470784
12.49 0.008559845118732
12.5 0.00729014159394
12.51 0.010206102273771
12.52 0.009450100528576
12.53 0.009461589785587
12.54 0.011508413861523
12.55 0.007502363058318
12.56 0.00597663284769
12.57 0.002112464952004
12.58 0.001656907935397
12.59 0.002050825360477
12.6 0.002653254610708
12.61 0.004484274447185
12.62 0.004588354593672
12.63 0.004157550179654
12.64 0.004159308385166
12.65 0.002610700209915
12.66 0.00066086769807
12.67 -0.001575244440457
12.68 -0.002597604818482
12.69 -0.000973017690985
12.7 0.000479300599143
12.71 0.001263408791135
12.72 0.001373545124847
12.73 -3.4448937744e-05
12.74 -0.001406232970359
12.75 -0.00162858887645
12.76 -0.000899224311916
12.77 -0.002795772539073
12.78 -0.002582960825499
12.79 -0.004280455160088
12.8 -0.00420369294212
12.81 -0.004652707627564
12.82 -0.004066139859122
12.83 -0.004317904083603
12.84 -0.003649093689629
12.85 -0.00500523793141
12.86 -0.00428932237659
12.87 -0.006038941148319
12.88 -0.005434394363255
12.89 -0.006965679390847
12.9 -0.006774668638759
12.91 -0.007333483071316
12.92 -0.005912918860477
12.93 -0.007641062296962
12.94 -0.00649531764785
12.95 -0.006609468127581
12.96 -0.005252035428367
12.97 -0.002159906907934
12.98 0.00111248872459
12.99 0.000697177479237
13.0 -0.000201383521982
13.01 -0.001438678891749
13.02 -0.000825850013853
13.03 0.00019959136507
13.04 0.000266225178306
13.05 0.000573543938373
13.06 0.002574999215423
13.07 0.001119415064477
13.08 -0.001550692944089
13.09 0.000178582524084
13.1 0.001337906552077
13.11 0.001841705005068
13.12 0.003546414249476
13.13 0.002514884294727
13.14 0.001070256905596
13.15 -0.001326527826148
13.16 -0.004300438143101
13.17 -0.002186286818385
13.18 -0.0025591206922
13.19 -0.002715053039989
13.2 -0.003598359997562
13.21 -0.003493734235139
13.22 -0.002890151072752
13.23 -0.003614379768166
13.24 -0.004507302441947
13.25 -0.005880275887031
13.26 -0.005931242509851
13.27 -0.006618416405109
13.28 -0.007771966125591
13.29 -0.007868168858584
13.3 -0.007398346444329
13.31 -0.007364416636734
13.32 -0.00725494447605
13.33 -0.007690158450463
13.34 -0.006545142324156
13.35 -0.007806745212472
13.36 -0.00665162980717
13.37 -0.008431549063119
13.38 -0.007861755190107
13.39 -0.007112011844133
13.4 -0.007838816642333
13.41 -0.006069555468624
13.42 -0.005243463199156
13.43 -0.004612973364183
13.44 -0.00621980895653
13.45 -0.005997074862307
13.46 -0.005309804134567
13.47 -0.005206801590864
13.48 -0.005342822651251
13.49 -0.006223931657058
13.5 -0.006484897426307
13.51 -0.005793142654419
13.52 -0.006262652465748
13.53 -0.007189528748084
13.54 -0.006654016233507
13.55 -0.006480148012713
13.56 -0.007702929608138
13.57 -0.007425191274811
13.58 -0.006857648766124
13.59 -0.007503411198549
13.6 -0.006822383643672
13.61 -0.005951264697847
13.62 -0.006676251849605
13.63 -0.006953673479951
13.64 -0.008253527928524
13.65 -0.008519344456266
13.66 -0.009178689445379
13.67 -0.009409959543767
13.68 -0.009522962367981
13.69 -0.009006279553609
13.7 -0.008870567529838
13.71 -0.009257908857802
13.72 -0.009431267938612
13.73 -0.009716225563174
13.74 -0.010086723484806
13.75 -0.01129631268144
13.76 -0.011036136363839
13.77 -0.010857978379362
13.78 -0.01125965406833
13.79 -0.010815922406521
13.8 -0.011360452981681
13.81 -0.010725846533496
13.82 -0.011256840329472
13.83 -0.011330486139976
13.84 -0.011142070178916
13.85 -0.009853047135852
13.86 -0.008755321595662
13.87 -0.008594732283523
13.88 -0.009371444472728
13.89 -0.009355400083013
13.9 -0.00956044546351
13.91 -0.009258819543199
13.92 -0.009198742423488
13.93 -0.008453348980029
13.94 -0.007187409656693
13.95 -0.007203324931233
13.96 -0.006199411470531
13.97 -0.006888282531163
13.98 -0.00781577495339
13.99 -0.007754975084132
14.0 -0.006389220192891
14.01 -0.007315506124525
14.02 -0.006253922090871
14.03 -0.005901419026205
14.04 -0.005595450888571
14.05 -0.004805914634605
14.06 -0.004744794140935
14.07 -0.006024624397346
14.08 -0.006404854284651
14.09 -0.005458181906525
14.1 -0.005327853836631
14.11 -0.006196810314757
14.12 -0.006469829956729
14.13 -0.006650723110959
14.14 -0.007465311577014
14.15 -0.007193879677952
14.16 -0.006542249125895
14.17 -0.006793372038099
14.18 -0.006922336354817
14.19 -0.006578418585875
14.2 -0.00660549102183
14.21 -0.006651850285903
14.22 -0.006959948393963
14.23 -0.006571038522375
14.24 -0.006277442619242
14.25 -0.006159788374895
14.26 -0.006237388419863
14.27 -0.006287052283035
14.28 -0.006510119505826
14.29 -0.006503708396441
14.3 -0.006421757551556
14.31 -0.005219537470954
14.32 -0.001778886683939
14.33 0.001211270532688
14.34 0.001009035997423
14.35 -0.001219881436198
14.36 -0.002178876788338
14.37 -0.001606886790137
14.38 -0.000973183985163
14.39 -0.000855032823776
14.4 -4.2678656975e-05
14.41 0.002120551528614
14.42 0.003021610311446
14.43 0.000212284685424
14.44 -0.003616727482647
14.45 -0.003904121785013
14.46 -0.003553611718669
14.47 -0.002807688799249
14.48 -0.003810157553444
14.49 -0.003006272426982
14.5 -0.00296707300562
14.51 -0.002702949951842
14.52 -0.004663894300018
14.53 -0.006471322077207
14.54 -0.004860983164532
14.55 -0.005408609917018
14.56 -0.005989089892849
14.57 -0.006140515556396
14.58 -0.006854405283006
14.59 -0.006200386484529
14.6 -0.006997703192605
14.61 -0.008042462485874
14.62 -0.006875661625012
14.63 -0.006746808119667
14.64 -0.006091281752308
14.65 -0.007114604377551
14.66 -0.008113190637795
14.67 -0.014372366306026
14.68 -0.014586200180586
14.69 -0.012006545020161
14.7 -0.012180956801043
14.71 -0.011951521630136
14.72 -0.012332065581837
14.73 -0.012959752557027
14.74 -0.014200283404419
14.75 -0.016149685972409
14.76 -0.017943286679604
14.77 -0.016159227801185
14.78 -0.014147046254374
14.79 -0.016408404051761
14.8 -0.01293482434491
14.81 -0.015528776007394
14.82 -0.013374523646833
14.83 -0.012613242888389
14.84 -0.012738995039698
14.85 -0.011836303905724
14.86 -0.012249867414592
14.87 -0.012274102649741
14.88 -0.013051722136789
14.89 -0.011242615126588
14.9 -0.009636724478331
14.91 -0.011350797925767
14.92 -0.010619602855337
14.93 -0.009148433644078
14.94 -0.009587322398099
14.95 -0.008968026809858
14.96 -0.00847189876925
14.97 -0.008969374506991
14.98 -0.007529443476813
14.99 -0.007815780173353
15.0 -0.009305812199619
15.01 -0.009383949035198
15.02 -0.008392832654763
15.03 -0.008079944953121
15.04 -0.009050551348673
15.05 -0.009543091250971
15.06 -0.009266108123625
15.07 -0.008121911915976
15.08 -0.008013014444439
15.09 -0.007461869506076
15.1 -0.009095708837838
15.11 -0.009266158575355
15.12 -0.008928754187022
15.13 -0.009416121019841
15.14 -0.009725565493972
15.15 -0.009293785246143
15.16 -0.008726468584792
15.17 -0.008702362341764
15.18 -0.00890758527448
15.19 -0.009482323652339
15.2 -0.009457328025304
15.21 -0.008299851106603
15.22 -0.009020694700497
15.23 -0.009099375664484
15.24 -0.008685847100034
15.25 -0.008300334544761
15.26 -0.009145053139045
15.27 -0.008083775965466
15.28 -0.006142441305672
15.29 -0.002147922212589
15.3 -0.001685162806986
15.31 -0.004007484955436
15.32 -0.004525099966773
15.33 -0.0039810962826
15.34 -0.002654527461296
15.35 -0.00181388913706
15.36 -0.001126321417665
15.37 9.6988108787e-05
15.38 0.001337249541107
15.39 0.001300268516309
15.4 -0.000114749018893
15.41 0.000228241912911
15.42 -0.000422565975771
15.43 -0.001143711327902
15.44 -0.004059873632104
15.45 -0.005600632759524
15.46 -0.004904982208376
15.47 -0.004022493286202
15.48 -0.003761452926848
15.49 -0.003718552601306
15.5 -0.004404360671762
15.51 -0.006190663077816
15.52 -0.004904169009017
15.53 -0.00629885436659
15.54 -0.007103018947643
15.55 -0.006856053884
15.56 -0.006539508618015
15.57 -0.005865891726836
15.58 -0.003457746757151
15.59 0.000968912394586
15.6 0.002977575213781
15.61 0.001721571433131
15.62 0.001413407037363
15.63 0.001559756006645
15.64 0.000287001650131
15.65 0.000638559398226
15.66 0.00291857581511
15.67 0.006470465392794
15.68 0.008024783244372
15.69 0.005876181996999
15.7 0.006922359238781
15.71 0.007318508675785
15.72 0.006746294757954
15.73 0.007155620588289
15.74 0.005419488719722
15.75 0.006556604128375
15.76 0.003767729517797
15.77 0.004178620201527
15.78 0.006050888626107
15.79 0.00684340045373
15.8 0.006790468789201
15.81 0.007063355517933
15.82 0.004622272584244
15.83 0.004082630626173
15.84 0.004522065121568
15.85 0.004475327886012
15.86 0.003960237799497
15.87 0.004694241947415
15.88 0.003991349033193
15.89 0.00319187149039
15.9 0.004392567750536
15.91 0.002697857400148
15.92 0.002690908293736
15.93 0.003926309999572
15.94 0.002390005394484
15.95 0.005093754021885
15.96 0.0027450132259
15.97 0.00325048902513
15.98 0.001664477199829
15.99 0.002378939881429
16.0 0.001575338030157
16.01 0.001027419823832
16.02 0.00197350484269
16.03 0.003407825234036
16.04 0.004964796299574
16.05 0.002786567577218
16.06 0.003434016788413
16.07 0.00340832136524
16.08 0.001740606575471
16.09 0.00551600025862
16.1 0.005424845312172
16.11 0.004712787284012
16.12 0.00457686820122
16.13 0.005782924988461
16.14 0.005010018514682
16.15 0.005968745544501
16.16 0.005116485919787
16.17 0.005620585440625
16.18 0.005534421456227
16.19 0.005207713859182
16.2 0.004877338972026
16.21 0.00346080912741
16.22 0.006738041198346
16.23 0.005365210878906
16.24 0.006098696494295
16.25 0.006968468024632
16.26 0.005534180336747
16.27 0.004118848138617
16.28 0.001537055909166
16.29 0.001246273527177
16.3 0.002078546952724
16.31 0.003681222536101
16.32 0.002520869835522
16.33 0.003472965709967
16.34 0.004956453465532
16.35 0.008650970687531
16.36 0.009375422936941
16.37 0.00438558485973
16.38 0.005860843655821
16.39 0.006775720522749
16.4 0.007108603197677
16.41 0.007042057015153
16.42 0.00507462417663
16.43 0.008100555195304
16.44 0.012020515298329
16.45 0.011450498729121
16.46 0.009599537471161
16.47 0.012230961762771
16.48 0.011088202043465
16.49 0.011706456373399
16.5 0.009024340381887
16.51 0.00727989781729
16.52 0.008411603707832
16.53 0.00915722505576
16.54 0.009694300169298
16.55 0.010126602910414
16.56 0.006455696774004
16.57 0.006261811654858
16.58 0.009573485009473
16.59 0.0083634642033
16.6 0.006867072224191
16.61 0.007552191160119
16.62 0.007176997413646
16.63 0.007683242807592
16.64 0.005092256507172
16.65 0.004120450033622
16.66 0.005704413604522
16.67 0.006635856473931
16.68 0.006178560737691
16.69 0.006374044275447
16.7 0.006204633746209
16.71 0.005451561250694
16.72 0.005495205871269
16.73 0.004092905649683
16.74 0.003656332558845
16.75 0.004823404922555
16.76 0.005094672688909
16.77 0.005100140169305
16.78 0.004807522974751
16.79 0.003724125359274
16.8 0.004510332405734
16.81 0.005285240368036
16.82 0.004089527463561
16.83 0.005082996882216
16.84 0.004837554395645
16.85 0.005848659296252
16.86 0.005781260414319
16.87 0.005068230496197
16.88 0.004026542191657
16.89 0.005248312763307
16.9 0.004499527975042
16.91 0.004823406074513
16.92 0.004932310992425
16.93 0.005710037374518
16.94 0.0062191836928
16.95 0.005595791792912
16.96 0.005147982586801
16.97 0.005308720813936
16.98 0.004146047663027
16.99 0.005418573859343
17.0 0.0047231370891
17.01 0.004547899418517
17.02 0.001601790948129
17.03 0.000160209912056
17.04 -0.000299639876472
17.05 0.001114344487097
17.06 0.002553126730736
17.07 0.002314919075181
17.08 0.001290371266521
17.09 0.000721886586153
17.1 7.3925790314e-05
17.11 -0.002452093879424
17.12 -0.002008859995688
17.13 0.00076232512748
17.14 0.005204684016386
17.15 0.005064543688597
17.16 0.002170267213268
17.17 0.003825413636563
17.18 0.004736483313874
17.19 0.00376973914481
17.2 0.003648672017343
17.21 0.005873111208483
17.22 0.007272994703892
17.23 0.009443849075447
17.24 0.008367574729252
17.25 0.007191239983839
17.26 0.007148508932854
17.27 0.008097610462558
17.28 0.005948081619283
17.29 0.005331677736866
17.3 0.004763049101112
17.31 0.003992887556227
17.32 0.00531688943796
17.33 0.004255392857906
17.34 0.00440788345477
17.35 0.002179027679384
17.36 0.002591038952918
17.37 0.002068222994032
17.38 0.002003515734433
17.39 0.001045449156787
17.4 0.001439374603475
17.41 0.00068439205453
17.42 0.000103527040564
17.43 0.000764545612769
17.44 -0.000555964825336
17.45 0.000980719902736
17.46 -0.000580224781057
17.47 0.000146636434248
17.48 -0.001741957656444
17.49 -0.001219828413012
17.5 -0.001272906397679
17.51 -0.000181471320467
17.52 0.001180008497601
17.53 -0.000308640281259
17.54 0.000555780571491
17.55 -0.000900025382315
17.56 -0.000188809178572
17.57 -0.000502239623733
17.58 -0.000724751595222
17.59 -0.002667758900668
17.6 -0.002438955401696
17.61 -0.002067850716387
17.62 -0.002745356019858
17.63 -0.002701074725521
17.64 -0.002279318204381
17.65 -0.002357394305022
17.66 -0.002123724919171
17.67 -0.002787473765196
17.68 -0.00250152272941
17.69 -0.002804868970607
17.7 -0.003469898187367
17.71 -0.003345258273517
17.72 -0.004057917767374
17.73 -0.003664122139412
17.74 -0.002800663015008
17.75 -0.003527583122894
17.76 -0.003488164438712
17.77 -0.005201198515576
17.78 -0.004959229413399
17.79 -0.005165233780044
17.8 -0.005162722740705
17.81 -0.005811270265714
17.82 -0.005669437105853
17.83 -0.005618369976344
17.84 -0.005971976475857
17.85 -0.005524366660378
17.86 -0.005209572388118
17.87 -0.006326278789935
17.88 -0.004984948914023
17.89 -0.005778791816428
17.9 -0.004212024449423
17.91 -0.006034285191
17.92 -0.004607002727825
17.93 -0.003807368312128
17.94 2.5946018976e-05
17.95 0.001259291320064
17.96 0.002597895088431
17.97 0.002585314550341
17.98 0.001226626465062
17.99 0.001639469156268
18.0 0.002374100209807
18.01 0.003260299378699
18.02 0.005963376870925
18.03 0.009507747455326
18.04 0.007933238781736
18.05 0.008087997447568
18.06 0.009329489599883
18.07 0.007240333407899
18.08 0.008743748050977
18.09 0.008368273844615
18.1 0.008226302234351
18.11 0.007933239712683
18.12 0.008993013547942
18.13 0.007854088642616
18.14 0.007823238205327
18.15 0.00989265239262
18.16 0.005706360430188
18.17 0.004439795400904
18.18 0.004813070663158
18.19 0.00305941072223
18.2 0.004741870738432
18.21 0.005701766453199
18.22 0.003530070691323
18.23 0.004312321618799
18.24 0.005941833602407
18.25 0.004224072770679
18.26 0.003518670306805
18.27 0.004612857827467
18.28 0.003254599138624
18.29 0.003950556499481
18.3 0.004963937878751
18.31 0.004214909555922
18.32 0.00450341770507
18.33 0.005581861532104
18.34 0.006283626215508
18.35 0.00621994930175
18.36 0.006834116621799
18.37 0.007097243692904
18.38 0.006348832934722
18.39 0.007243844586048
18.4 0.008801817947681
18.41 0.008295852302311
18.42 0.007884385088236
18.43 0.007591565451063
18.44 0.006919468241688
18.45 0.006261851336345
18.46 0.00515184494086
18.47 0.004935073247343
18.48 0.006347885555856
18.49 0.007041020738543
18.5 0.006335899478266
18.51 0.007084171904562
18.52 0.006869898338844
18.53 0.006936374540869
18.54 0.005806521124415
18.55 0.005772820568647
18.56 0.005965482507
18.57 0.006233903039278
18.58 0.006212873636039
18.59 0.006559548561633
18.6 0.006281437353989
18.61 0.005615347831467
18.62 0.006224800257339
18.63 0.005395557880135
18.64 0.005627520579291
18.65 0.006292038832642
18.66 0.006214768448438
18.67 0.006054712569602
18.68 0.005797617338208
18.69 0.00434136183538
18.7 0.000924363094813
18.71 -0.001689891232794
18.72 -0.000320185412659
18.73 0.000600169788682
18.74 0.000801937880539
18.75 0.000707005275694
18.76 0.000361554771183
18.77 0.002875982500103
18.78 0.003186876051284
18.79 -0.003928272064917
18.8 -0.001957631580644
18.81 -0.000506406007569
18.82 -0.002655769559593
18.83 -0.002657360744261
18.84 -0.003111728897795
18.85 -0.00126539715696
18.86 0.000232593128882
18.87 -0.001200492274799
18.88 -0.003296036533496
18.89 -0.001797316950906
18.9 -0.001094769821689
18.91 -0.001847986203292
18.92 -0.002986845409469
18.93 -0.003723187939147
18.94 -0.003374601366885
18.95 -0.003206144208401
18.96 -0.003765998844174
18.97 -0.002881643132364
18.98 -0.002980802443379
18.99 -0.001702255496411
19.0 -0.00254663843039
19.01 -0.002758957279713
19.02 -0.003290045099637
19.03 -0.002647112162184
19.04 -0.003281743940076
19.05 -0.002277011336981
19.06 -0.002640674062403
19.07 -0.00267696764905
19.08 -0.00380358972303
19.09 -0.004441011046015
19.1 -0.003858970754831
19.11 -0.005134046988078
19.12 -0.004940609725424
19.13 -0.005542548298454
19.14 -0.005681422017418
19.15 -0.006902016028839
19.16 -0.006499353670447
19.17 -0.006666911240592
19.18 -0.006994060760725
19.19 -0.006486210838703
19.2 -0.007495113287185
19.21 -0.005901232799738
19.22 -0.006947550708979
19.23 -0.007366560758974
19.24 -0.007702496721664
19.25 -0.006883139726921
19.26 -0.006255523686582
19.27 -0.005278463074574
19.28 -0.001986214103752
19.29 -1.354771621e-06
19.3 -0.000530851709904
19.31 -0.002367446451809
19.32 -0.002957477944719
19.33 -0.001317915139747
19.34 -0.000874653743465
19.35 -0.002074332473476
19.36 -0.006499602944196
19.37 -0.003341909602027
19.38 -0.000112702014825
19.39 -0.001089880929961
19.4 -0.00140988232179
19.41 -0.000385568774654
19.42 0.000291605427391
19.43 3.0050211633e-05
19.44 -0.004641768898012
19.45 -0.006658138764904
19.46 -0.003529797364161
19.47 -0.002359873302264
19.48 -0.003702544432508
19.49 -0.003174464885337
19.5 -0.001583419330586
19.51 -0.000599803627832
19.52 -0.001445320150812
19.53 -0.002930118846641
19.54 -0.00267691802033
19.55 -0.001890585800681
19.56 -0.002131939789415
19.57 -0.002346722286743
19.58 -0.002059395234895
19.59 -0.002282386432315
19.6 -0.000793221165737
19.61 -0.001195755096384
19.62 -0.001563412632491
19.63 -0.000198976653721
19.64 -0.000463682716966
19.65 0.000482109357279
19.66 0.000806087707928
19.67 0.001473685345459
19.68 0.003112560095101
19.69 0.004981317193301
19.7 0.006565511454985
19.71 0.007178274275495
19.72 0.006296465516569
19.73 0.005235857424822
19.74 0.005220826156038
19.75 0.005435634398769
19.76 0.006331250187753
19.77 0.008808152067806
19.78 0.010972228520723
19.79 0.011531223244491
19.8 0.00928046605259
19.81 0.007377216515299
19.82 0.009256613527928
19.83 0.007991090815911
19.84 0.008743510894001
19.85 0.008586104862168
19.86 0.007618504003246
19.87 0.00866650692525
19.88 0.008222840219117
19.89 0.006547912535439
19.9 0.006135199888905
19.91 0.007114886520071
19.92 0.007273091705544
19.93 0.007352796093611
19.94 0.007927370149279
19.95 0.006696118229897
19.96 0.005911862717719
19.97 0.007691683878544
19.98 0.007140965057711
19.99 0.006372298474742
20.0 0.007056017843077
20.01 0.005906971106268
20.02 0.005725801662624
20.03 0.004982085146486
20.04 0.004401770713153
20.05 0.005288961507461
20.06 0.006684120115073
20.07 0.005169093558306
20.08 0.005129456459424
20.09 0.005235693135945
20.1 0.00416423348689
20.11 0.004885262904891
20.12 0.005856232849402
20.13 0.004563400094268
20.14 0.005265052842798
20.15 0.00461835691837
20.16 0.004070254712946
20.17 0.002614773659502
20.18 0.00091537441375
20.19 -0.000924447555143
20.2 -0.000383337134765
20.21 5.8125622816e-05
20.22 -0.000294299197586
20.23 -0.001005824116677
20.24 -0.000837167403376
20.25 -0.001224382738589
20.26 -0.002211979726503
20.27 -0.003765050120353
20.28 -0.004439457155575
20.29 -0.004161699191139
20.3 -0.004735557223354
20.31 -0.005415312945809
20.32 -0.00426042580681
20.33 -0.004512129799541
20.34 -0.004178401556484
20.35 -0.00478785705436
20.36 -0.00581969185044
20.37 -0.005713933001766
20.38 -0.005146439865009
20.39 -0.005691029526527
20.4 -0.005532997638112
20.41 -0.005400049714349
20.42 -0.005359736111159
20.43 -0.005649665669563
20.44 -0.005698629360307
20.45 -0.005691914762924
20.46 -0.005243210987659
20.47 -0.005946670775793
20.48 -0.006076176668889
20.49 -0.006229417216207
20.5 -0.006289339939165
20.51 -0.00588913412331
20.52 -0.002954493997273
20.53 -0.001632553274168
20.54 -0.002964667178345
20.55 -0.005628830707983
20.56 -0.005784851282549
20.57 -0.004150429678654
20.58 -0.00342434819264
20.59 -0.003055336073425
20.6 -0.002316294453474
20.61 -0.001745150748598
20.62 -0.002844940649007
20.63 -0.004158518041866
20.64 -0.004553945087563
20.65 -0.003416152806209
20.66 -0.002735951393664
20.67 -0.003678694203267
20.68 -0.004233461480606
20.69 -0.004448252230312
20.7 -0.004372491564247
20.71 -0.004341373838797
20.72 -0.004376103160554
20.73 -0.004849141828152
20.74 -0.004891809393728
20.75 -0.005208735208879
20.76 -0.00565920317697
20.77 -0.005521791648446
20.78 -0.005529002317561
20.79 -0.005803392572475
20.8 -0.005843913638239
20.81 -0.005726596931576
20.82 -0.005745824316951
20.83 -0.005403927141907
20.84 -0.00507837938806
20.85 -0.00493485447752
20.86 -0.005384163155043
20.87 -0.005173656844424
20.88 -0.005308890248455
20.89 -0.004206599747607
20.9 -0.00471502616773
20.91 -0.004772229685248
20.92 -0.004604258341906
20.93 -0.004469694157525
20.94 -0.005212725394725
20.95 -0.005240068381461
20.96 -0.005266979177983
20.97 -0.00444432492157
20.98 -0.004424004753383
20.99 -0.004520646361723
21.0 -0.004735040844047
21.01 -0.004423268288497
21.02 -0.004751526887101
21.03 -0.005356038035007
21.04 -0.005377045198809
21.05 -0.006179508773355
21.06 -0.005119094262681
21.07 -0.005764325145325
21.08 -0.005816096997638
21.09 -0.006253595008047
21.1 -0.0059226838197
21.11 -0.005691220046655
21.12 -0.005333541634795
21.13 -0.006523147270099
21.14 -0.006069657450918
21.15 -0.006142082381867
21.16 -0.006047053691634
21.17 -0.00648688269363
21.18 -0.005693450514413
21.19 -0.005811887809446
21.2 -0.005780530787232
21.21 -0.00655959112281
21.22 -0.006825193650343
21.23 -0.006203824034605
21.24 -0.005665138113892
21.25 -0.005307646811388
21.26 -0.006110671049481
21.27 -0.006024436099707
21.28 -0.005133620414894
21.29 -0.005641778677878
21.3 -0.005339905280225
21.31 -0.00440275959837
21.32 -0.002983969927082
21.33 -0.00350995904482
21.34 -0.003626946910911
21.35 -0.003834762408651
21.36 -0.003306282618405
21.37 -0.003019734726274
21.38 -0.002906728291574
21.39 -0.002286580596325
21.4 -0.00169464673327
21.41 -0.003034123086403
21.42 -0.002186537607652
21.43 -0.001821534917869
21.44 -0.00147051647851
21.45 -0.001916333755964
21.46 -0.001439286405994
21.47 -0.001295354096866
21.48 -0.001523898025404
21.49 -0.002969821674797
21.5 -0.00208237662471
21.51 -0.002137310739925
21.52 -0.002227502539231
21.53 -0.002297489547947
21.54 -0.002148436268816
21.55 -0.002543520629758
21.56 -0.002199868300306
21.57 -0.001670295168345
21.58 -0.00127897837914
21.59 4.1523799397e-05
21.6 0.000730460424711
21.61 0.00068283199869
21.62 0.002066780922643
21.63 0.003218963570281
21.64 0.003374183115164
21.65 0.003972419529838
21.66 0.004252290954057
21.67 0.004788592730575
21.68 0.005057414336142
21.69 0.005446130165399
21.7 0.005739172347547
21.71 0.006828043616711
21.72 0.007414168483915
21.73 0.00733693827916
21.74 0.007671530719997
21.75 0.007641268192466
21.76 0.007485719833
21.77 0.007488824201864
21.78 0.007523012333062
21.79 0.007206612037494
21.8 0.007363774201768
21.81 0.007559545465221
21.82 0.00756355129119
21.83 0.007578705537628
21.84 0.007223926715821
21.85 0.006818710810377
21.86 0.005508176257517
21.87 0.004404779585538
21.88 0.003754710681888
21.89 0.004376761313113
21.9 0.004751682830642
21.91 0.004835371307124
21.92 0.004406642655432
21.93 0.004521631579219
21.94 0.003600215852902
21.95 0.002894591732475
21.96 0.002434875125621
21.97 0.002762505741072
21.98 0.003416752353366
21.99 0.003491425852853
22.0 0.003367666076123
22.01 0.004109768960909
22.02 0.005163466843374
22.03 0.004970324593421
22.04 0.004642054688004
22.05 0.004362877554109
22.06 0.00437523713532
22.07 0.005030319745656
22.08 0.004836610766186
22.09 0.005050544690559
22.1 0.005510497745618
22.11 0.005416923947565
22.12 0.005752780891475
22.13 0.005513472259899
22.14 0.004264854738152
22.15 0.004065941993381
22.16 0.004911322765817
22.17 0.004503523892889
22.18 0.004816799177372
22.19 0.004699537764314
22.2 0.004380842985396
22.21 0.004335103022547
22.22 0.002493869228336
22.23 0.000459222492563
22.24 -0.001308229122695
22.25 -0.002218186590706
22.26 -0.001546159961505
22.27 -0.000252912734543
22.28 -0.0002140844253
22.29 -0.001078647411298
22.3 -0.002056175881689
22.31 -0.003315469714063
22.32 -0.004158928205879
22.33 -0.004460654944767
22.34 -0.00053940379399
22.35 0.002770864178761
22.36 0.000289475388625
22.37 -0.000985086973899
22.38 0.000736722259742
22.39 0.000311993955062
22.4 -3.5561116974e-05
22.41 0.000240223114209
22.42 0.00134276818151
22.43 0.002669900529548
22.44 0.003450888654924
22.45 0.002794182109313
22.46 0.000840425176947
22.47 0.000727306924708
22.48 0.000386875217897
22.49 -0.000971536458953
22.5 -0.001589724501811
22.51 -0.002740917059725
22.52 -0.002802153474398
22.53 -0.002602222985345
22.54 -0.003258637379472
22.55 -0.004372747215485
22.56 -0.005207828970844
22.57 -0.005882423674736
22.58 -0.006272013985249
22.59 -0.006891933061639
22.6 -0.0080901585013
22.61 -0.007522311695925
22.62 -0.00687261709149
22.63 -0.006956029840228
22.64 -0.007587940120373
22.65 -0.00752818781301
22.66 -0.007637964135592
22.67 -0.007494957518855
22.68 -0.006858621592617
22.69 -0.007163331945582
22.7 -0.006646654298928
22.71 -0.006628018602125
22.72 -0.007440506427158
22.73 -0.007820279328295
22.74 -0.007947937272648
22.75 -0.007940968728071
22.76 -0.007822784738019
22.77 -0.007040616339124
22.78 -0.007079473429498
22.79 -0.007802609735831
22.8 -0.007483151195857
22.81 -0.007503463294464
22.82 -0.007459813320266
22.83 -0.006991040346371
22.84 -0.006789927154665
22.85 -0.006784264994007
22.86 -0.006702107267214
22.87 -0.007531670335937
22.88 -0.007411237964251
22.89 -0.00701444274001
22.9 -0.0070237839352
22.91 -0.006703618370051
22.92 -0.007151683821602
22.93 -0.007411643298162
22.94 -0.006905949935727
22.95 -0.006582036760042
22.96 -0.006650707909935
22.97 -0.006179396203779
22.98 -0.006761272274698
22.99 -0.006341925176426
23.0 -0.006391777966889
23.01 -0.00614504398446
23.02 -0.006073186051736
23.03 -0.005175901372042
23.04 -0.005497290684073
23.05 -0.005310169803175
23.06 -0.005346374168406
23.07 -0.005662070774384
23.08 -0.005167226035912
23.09 -0.004947876159293
23.1 -0.00463689577272
23.11 -0.00460368026028
23.12 -0.004385407393564
23.13 -0.00435645950487
23.14 -0.003457494524549
23.15 -0.002855480370931
23.16 -0.00148257517688
23.17 -0.001070152857743
23.18 -0.001081298571835
23.19 -0.000810557840203
23.2 -0.001261318935701
23.21 -0.001579391951371
23.22 -0.0013110560715
23.23 -0.000730330457936
23.24 0.000137905848309
23.25 0.000618089059556
23.26 0.000723372317148
23.27 0.000890342678345
23.28 0.000775976834939
23.29 0.000783229423108
23.3 0.001068827520956
23.31 0.001460607684753
23.32 0.001699331175414
23.33 0.001890685722899
23.34 0.002275008975786
23.35 0.002793791353326
23.36 0.003140123784204
23.37 0.003387927865194
23.38 0.00354919394952
23.39 0.00369633777414
23.4 0.0038500893633
23.41 0.004219032047135
23.42 0.004705225030761
23.43 0.004882629892646
23.44 0.005053237939983
23.45 0.005665825804662
23.46 0.005992172012797
23.47 0.005832601324133
23.48 0.005779143137189
23.49 0.005867922445437
23.5 0.005989505988893
23.51 0.005757501758402
23.52 0.005786980924123
23.53 0.005924918194391
23.54 0.00600132525199
23.55 0.005879327215176
23.56 0.00599278555178
23.57 0.006132802672681
23.58 0.006090098939859
23.59 0.006294274902669
23.6 0.006145611311098
23.61 0.005932246678115
23.62 0.006071079883631
23.63 0.006086227378276
23.64 0.006074390298275
23.65 0.006199051180238
23.66 0.006275050838571
23.67 0.006314022086414
23.68 0.006150412335414
23.69 0.005969440083295
23.7 0.006155128701708
23.71 0.006369772224258
23.72 0.006220725431387
23.73 0.006080909816429
23.74 0.005755935067752
23.75 0.005676088168747
23.76 0.005408009522013
23.77 0.005222872938524
23.78 0.004375539272739
23.79 0.004035412372704
23.8 0.003672117273852
23.81 0.003551195888431
23.82 0.003383280364975
23.83 0.003374839198811
23.84 0.003484983008169
23.85 0.003515724606403
23.86 0.003298305894311
23.87 0.00291207104198
23.88 0.002296403690303
23.89 0.002063254364863
23.9 0.002061676497935
23.91 0.002483288324992
23.92 0.002460325834487
23.93 0.002406329247313
23.94 0.002721865527735
23.95 0.003323722238142
23.96 0.003276564003363
23.97 0.002853859407837
23.98 0.003084467722942
23.99 0.003113065169267
24.0 0.002998261188054
24.01 0.002888492197493
24.02 0.003337616154128
24.03 0.003514919890674
24.04 0.003037391270021
24.05 0.002357774447556
24.06 0.002110762965296
24.07 0.001764688389946
24.08 0.00108712488849
24.09 0.000578365610079
24.1 0.000715241552993
24.11 0.001079411950516
24.12 0.000954430236105
24.13 0.000590246846044
24.14 -0.000830860602571
24.15 -0.001256750668365
24.16 -8.6934061937e-05
24.17 0.003904375877659
24.18 0.002346296166674
24.19 -0.000929903864844
24.2 0.00126653862129
24.21 -0.000165662449029
24.22 -0.002421334804599
24.23 -0.002414047302441
24.24 -0.00201067453444
24.25 0.000340935749157
24.26 0.00195238379592
24.27 -0.000871694714281
24.28 -0.001431783903748
24.29 -0.000787429264851
24.3 -0.001734741101242
24.31 -0.002494186487534
24.32 -0.00314824275558
24.33 -0.004332351238009
24.34 -0.003733315150074
24.35 -0.003519427049748
24.36 -0.004624767836016
24.37 -0.00489932781384
24.38 -0.004940800845103
24.39 -0.005110113782816
24.4 -0.004951481882077
24.41 -0.005301113315072
24.42 -0.005668250181412
24.43 -0.00540363250812
24.44 -0.005208226225012
24.45 -0.005469242568764
24.46 -0.005539992853795
24.47 -0.005572610131769
24.48 -0.005791485715549
24.49 -0.005668794113953
24.5 -0.005608575901185
24.51 -0.005678571528115
24.52 -0.005363480344193
24.53 -0.0055383144554
24.54 -0.005055168387833
24.55 -0.00506427652548
24.56 -0.004752777043583
24.57 -0.004903885385243
24.58 -0.004553887576877
24.59 -0.004606743965955
24.6 -0.00445743024722
24.61 -0.004464258129436
24.62 -0.004628909745543
24.63 -0.004321733508198
24.64 -0.004261123711737
24.65 -0.004374982338834
24.66 -0.004226203114675
24.67 -0.004420482258757
24.68 -0.004309673871159
24.69 -0.004088513374435
24.7 -0.004216292608514
24.71 -0.004396981203776
24.72 -0.004335678087402
24.73 -0.004295346433564
24.74 -0.004519536684072
24.75 -0.004574307910954
24.76 -0.004732866660216
24.77 -0.004852876955765
24.78 -0.004536152768493
24.79 -0.00473960068385
24.8 -0.004824807926795
24.81 -0.004888005794714
24.82 -0.005000823720175
24.83 -0.004919240262293
24.84 -0.004911593841677
24.85 -0.005118289956555
24.86 -0.004868653590779
24.87 -0.004681239363229
24.88 -0.004159694393776
24.89 -0.003060540518392
24.9 -0.000877362407205
24.91 0.000480074905239
24.92 0.000318661090025
24.93 -0.000155297244701
24.94 -0.00035211469259
 
 
 
 
 
 
 
 
 
 
 
 
 
 
 
 
 
 
 
 
 
 
 
 
 
 
 
 
 
 
 
 
 
 
 
 
 
 
 
 
 
 
 
 
 
 
 
 
 
 
 
 
 
 
 
 
 
 
 
 
 
 
 
 
 
 
 
 
 
 
 
 
 
 
 
 
 
 
 
 
 
 
 
 
 
 
 
 
 
 
 
 
 
 
 
 
 
 
 
 
 
 
 
 
 
 
 
 
 
 
 
 
 
 
 
 
 
 
 
 
 
 
 
 
 
 
 
 
 
 
 
 
 
 
 
 
 
 
 
 
 
 
 
 
 
 
 
 
 
 
 
 
 
 
 
 
 
 
 
 
 
 
 
 
 
 
 
 
 
 
 
 
 
 
 
 
 
 
 
 
 
 
 
 
 
 
 
 
 
 
 
 
 
 
 
 
 
 
 
 
 
 
 
 
 
 
 
 
 
 
 
 
 
 
 
 
 
 
 
 
 
 
 
 
 
 
 
 
 
 
 
 
 
 
 
 
 
 
 
 
 
 
 
 
 
 
 
 
 
 
 
 
 
 
 
 
 
 
 
 
 
 
 
 
 
 
 
 
 
 
 
 
 
 
 
 
 
 
 
 
 
 
 
 
 
 
 
 
 
 
 
 
 
 
 
 
 
 
 
 
 
 
 
 
 
 
 
 
 
 
 
 
 
 
 
 
 
 
 
 
 
 
 
 
 
 
 
 
 
 
 
 
 
 
 
 
 
 
 
 
 
 
 
 
 
 
 
 
 
 
 
 
 
 
 
 
 
 
 
 
 
 
 
 
 
 
 
 
 
 
 
 
 
 
 
 
 
 
 
 
 
 
 
 
 
 
 
 
 
 
 
 
 
 
 
 
 
 
 
 
 
 
 
 
 
 
 
 
 
 
 
 
 
 
 
 
 
 
 
 
 
 
 
 
 
 
 
 
 
 
 
 
 
 
 
 
 
 
 
 
 
 
 
 
 
 
 
 
 
 
 
 
 
 
 
 
 
 
 
 
 
 
 
 
 
 
 
 
 
 
 
 
 
 
 
 
 
 
 
 
 
 
 
 
 
 
 
 
 
 
 
 
 
 
 
 
 
 
 
 
 
 
 
 
 
 
 
 
 
 
 
 
 
 
 
 
 
 
 
 
 
 
 
 
 
 
 
 
 
 
 
 
 
 
 
 
 
 
 
 
 
 
 
 
 
 
 
 
 
 
 
 
 
 
 
 
 
 
 
 
 
 
 
 
 
 
 
 
 
 
 
 
 
 
 
 
 
 
 
 
 
 
 
 
 
 
 
 
 
 
 
 
 
 
 
 
 
 
 
 
 
 
 
 
 
 
 
 
 
 
 
 
 
 
 
 
 
 
 
 
 
 
 
 
 
 
 
 
 
 
 
 
 
 
 
 
 
 
 
 
 
 
 
 
 
 
 
 
 
 
 
 
 
 
 
 
 
 
 
 
 
 
 
 
 
 
 
 
 
 
 
 
 
 
 
 
 
 
 
 
 
 
 
 
 
 
 
 
 
 
 
 
 
 
 
 
 
 
 
 
 
 
 
 
 
 
 
 
 
 
 
 
 
 
 
 
 
 
 
 
 
 
 
 
 
 
 
 
 
 
 
 
 
 
 
 
 
 
 
 
 
 
 
 
 
 
 
 
 
 
 
 
 
 
 
 
 
 
 
 
 
 
 
 
 
 
 
 
 
 
 
 
 
 
 
 
 
 
 
 
 
 
 
 
 
 
 
 
 
 
 
 
 
 
 
 
 
 
 
 
 
 
 
 
 
 
 
 
 
 
 
 
 
 
 
 
 
 
 
 
 
 
 
 
 
 
 
 
 
 
 
 
 
 
 
 
 
 
 
 
 
 
 
 
 
 
 
 
 
 
 
 
 
 
 
 
 
 
 
 
 
 
 
 
 
 
 
 
 
 
 
 
 
 
 
 
 
 
 
 
 
 
 
 
 
 
 
 
 
 
 
 
 
 
 
 
 
 
 
 
 
 
 
 
 
 
 
 
 
 
 
 
 
 
 
 
 
 
 
 
 
 
 
 
 
 
 
 
 
 
 
 
 
 
 
 
 
 
 
 
 
 
 
 
 
 
 
 
 
 
 
 
 
 
 
 
 
 
 
 
 
 
 
 
 
 
 
 
 
 
 
 
 
 
 
 
 
 
 
 
 
 
 
 
 
 
 
 
 
 
 
 
 
 
 
 
 
 
 
 
 
 
 
 
 
 
 
 
 
 
 
 
 
 
 
 
 
 
 
 
 
 
 
 
 
 
 
 
 
 
 
 
 
 
 
 
 
 
 
 
 
 
 
 
 
 
 
 
 
 
 
 
 
 
 
 
 
 
 
 
 
 
 
 
 
 
 
 
 
 
 
 
 
 
 
 
 
 
 
 
 
 
 
 
 
 
 
 
 
 
 
 
 
 
 
 
 
 
 
 
 
 
 
 
 
 
 
 
 
 
 
 
 
 
 
 
 
 
 
 
 
 
 
 
 
 
 
 
 
 
 
 
 
 
 
 
 
 
 
 
 
 
 
 
 
 
 
 
 
 
 
 
 
 
 
 
 
 
 
 
 
 
 
 
 
 
 
 
 
 
 
 
 
 
 
 
 
 
 
 
 
 
 
 
 
 
 
 
 
 
 
 
 
 
 
 
 
 
 
 
 
 
 
 
 
 
 
 
 
 
 
 
 
 
 
 
 
 
 
 
 
 
 
 
 
 
 
 
 
 
 
 
 
 
 
 
 
 
 
 
 
 
 
 
 
 
 
 
 
 
 
 
 
 
 
 
 
 
 
 
 
 
 
 
 
 
 
 
 
 
 
 
 
 
 
 
 
 
 
 
 
 
 
 
 
 
 
 
 
 
 
 
 
 
 
 
 
 
 
 
 
 
 
 
 
 
 
 
 
 
 
 
 
 
 
 
 
 
 
 
 
 
 
 
 
 
 
 
 
 
 
 
 
 
 
 
 
 
 
 
 
 
 
 
 
 
 
 
 
 
 
 
 
 
 
 
 
 
 
 
 
 
 
 
 
 
 
 
 
 
 
 
 
 
 
 
 
 
 
 
 
 
 
 
 
 
 
 
 
 
 
 
 
 
 
 
 
 
 
 
 
 
 
 
 
 
 
 
 
 
 
 
 
 
 
 
 
 
 
 
 
 
 
 
 
 
 
 
 
 
 
 
 
 
 
 
 
 
 
 
 
 
 
 
 
 
 
 
 
 
 
 
 
 
 
 
 
 
 
 
 
 
 
 
 
 
 
 
 
 
 
 
 
 
 
 
 
 
 
 
 
 
 
 
 
 
 
 
 
 
 
 
 
 
 
 
 
 
 
 
 
 
 
 
 
 
 
 
 
 
 
 
 
 
 
 
 
 
 
 
 
 
 
 
 
 
 
 
 
 
 
 
 
 
 
 
 
 
 
 
 
 
 
 
 
 
 
 
 
 
 
 
 
 
 
 
 
 
 
 
 
 
 
 
 
 
 
 
 
 
 
 
 
 
 
 
 
 
 
 
 
 
 
 
 
 
 
 
 
 
 
 
 
 
 
 
 
 
 
 
 
 
 
 
 
 
 
 
 
 
 
 
 
 
 
 
 
 
 
 
 
 
 
 
 
 
 
 
 
 
 
 
 
 
 
 
 
 
 
 
 
 
 
 
 
 
 
 
 
 
 
 
 
 
 
 
 
 
 
 
 
 
 
 
 
 
 
 
 
 
 
 
 
 
 
 
 
 
 
 
 
 
 
 
 
 
 
 
 
 
 
 
 
 
 
 
 
 
 
 
 
 
 
 
 
 
 
 
 
 
 
 
 
 
 
 
 
 
 
 
 
 
 
 
 
 
 
 
 
 
 
 
 
 
 
 
 
 
 
 
 
 
 
 
 
 
 
 
 
 
 
 
 
 
 
 
 
 
 
 
 
 
 
 
 
 
 
 
 
 
 
 
 
 
 
 
 
 
 
 
 
 
 
 
 
 
 
 
 
 
 
 
 
 
 
 
 
 
 
 
 
 
 
 
 
 
 
 
 
 
 
 
 
 
 
 
 
 
 
 
 
 
 
 
 
 
 
 
 
 
 
 
 
 
 
 
 
 
 
 
 
 
 
 
 
 
 
 
 
 
 
 
 
 
 
 
 
 
 
 
 
 
 
 
 
 
 
 
 
 
 
 
 
 
 
 
 
 
 
 
 
 
 
 
 
 
 
 
 
 
 
 
 
 
 
 
 
 
 
 
 
 
 
 
 
 
 
 
 
 
 
 
 
 
 
 
 
 
 
 
 
 
 
 
 
 
 
 
 
 
 
 
 
 
 
 
 
 
 
 
 
 
 
 
 
 
 
 
 
 
 
 
 
 
 
 
 
 
 
 
 
 
 
 
 
 
 
 
 
 
 
 
 
 
 
 
 
 
 
 
 
 
 
 
 
 
 
 
 
 
 
 
 
 
 
 
 
 
 
 
 
 
 
 
 
 
 
 
 
 
 
 
 
 
 
 
 
 
 
 
 
 
 
 
 
 
 
 
 
 
 
 
 
 
 
 
 
 
 
 
 
 
 
 
 
 
 
 
 
 
 
 
 
 
 
 
 
 
 
 
 
 
 
 
 
 
 
 
 
 
 
 
 
 
 
 
 
 
 
 
 
 
 
 
 
 
 
 
 
 
 
 
 
 
 
 
 
 
 
 
 
 
 
 
 
 
 
 
 
 
 
 
 
 
 
 
 
 
 
 
 
 
 
 
 
 
 
 
 
 
 
 
 
 
 
 
 
 
 
 
 
 
 
 
 
 
 
 
 
 
 
 
 
 
 
 
 
 
 
 
 
 
 
 
 
 
 
 
 
 
 
 
 
 
 
 
 
 
 
 
 
 
 
 
 
 
 
 
 
 
 
 
 
 
 
 
 
 
 
 
 
 
 
 
 
 
 
 
 
 
 
 
 
 
 
 
 
 
 
 
 
 
 
 
 
 
 
 
 
 
 
 
 
 
 
 
 
 
 
 
 
 
 
 
 
 
 
 
 
 
 
 
 
 
 
 
 
 
 
 
 
 
 
 
 
 
 
 
 
 
 
 
 
 
 
 
 
 
 
 
 
 
 
 
 
 
 
 
 
 
 
 
 
 
 
 
 
 
 
 
 
 
 
 
 
 
 
 
 
 
 
 
 
 
 
 
 
 
 
 
 
 
 
 
 
 
 
 
 
 
 
 
 
 
 
 
 
 
 
 
 
 
 
 
 
 
 
 
 
 
 
 
 
 
 
 
 
 
 
 
 
 
 
 
 
 
 
 
 
 
 
 
 
 
 
 
 
 
 
 
 
 
 
 
 
 
 
 
 
 
 
 
 
 
 
 
 
 
 
 
 
 
 
 
 
 
 
 
 
 
 
 
 
 
 
 
 
 
 
 
 
 
 
 
 
 
 
 
 
 
 
 
 
 
 
 
 
 
 
 
 
 
 
 
 
 
 
 
 
 
 
 
 
 
 
 
 
 
 
 
 
 
 
 
 
 
 
 
 
 
 
 
 
 
 
 
 
 
 
 
 
 
 
 
 
 
 
 
 
 
 
 
 
 
 
 
 
 
 
 
 
 
 
 
 
 
 
 
 
 
 
 
 
 
 
 
 
 
 
 
 
 
 
 
 
 
 
 
 
 
 
 
 
 
 
 
 
 
 
 
 
 
 
 
 
 
 
 
 
 
 
 
 
 
 
 
 
 
 
 
 
 
 
 
 
 
 
 
 
 
 
 
 
 
 
 
 
 
 
 
 
 
 
 
 
 
 
 
 
 
 
 
 
 
 
 
 
 
 
 
 
 
 
 
 
 
 
 
 
 
 
 
 
 
 
 
 
 
 
 
 
 
 
 
 
 
 
 
 
 
 
 
 
 
 
 
 
 
 
 
 
 
 
 
 
 
 
 
 
 
 
 
 
 
 
 
 
 
 
 
 
 
 
 
 
 
 
 
 
 
 
 
 
 
 
 
 
 
 
 
 
 
 
 
 
 
 
 
 
 
 
 
 
 
 
 
 
 
 
 
 
 
 
 
 
 
 
 
 
 
 
 
 
 
 
 
 
 
 
 
 
 
 
 
 
 
 
 
 
 
 
 
 
 
 
 
 
 
 
 
 
 
 
 
 
 
 
 
 
 
 
 
 
 
 
 
 
 
 
 
 
 
 
 
 
 
 
 
 
 
 
 
 
 
 
 
 
 
 
 
 
 
 
 
 
 
 
 
 
 
 
 
 
 
 
 
 
 
 
 
 
 
 
 
 
 
 
 
 
 
 
 
 
 
 
 
 
 
 
 
 
 
 
 
 
 
 
 
 
 
 
 
 
 
 
 
 
 
 
 
 
 
 
 
 
 
 
 
 
 
 
 
 
 
 
 
 
 
 
 
 
 
 
 
 
 
 
 
 
 
 
 
 
 
 
 
 
 
 
 
 
 
 
 
 
 
 
 
 
 
 
 
 
 
 
 
 
 
 
 
 
 
 
 
 
 
 
 
 
 
 
 
 
 
 
 
 
 
 
 
 
 
 
 
 
 
 
 
 
 
 
 
 
 
 
 
 
 
 
 
 
 
 
 
 
 
 
 
 
 
 
 
 
 
 
 
 
 
 
 
 
 
 
 
 
 
 
 
 
 
 
 
 
 
 
 
 
 
 
 
 
 
 
 
 
 
 
 
 
 
 
 
 
 
 
 
 
 
 
 
 
 
 
 
 
 
 
 
 
 
 
 
 
 
 
 
 
 
 
 
 
 
 
 
 
 
 
 
 
 
 
 
 
 
 
 
 
 
 
 
 
 
 
 
 
 
 
 
 
 
 
 
 
 
 
 
 
 
 
 
 
 
 
 
 
 
 
 
 
 
 
 
 
 
 
 
 
 
 
 
 
 
 
 
 
 
 
 
 
 
 
 
 
 
 
 
 
 
 
 
 
 
 
 
 
 
 
 
 
 
 
 
 
 
 
 
 
 
 
 
 
 
 
 
 
 
 
 
 
 
 
 
 
 
 
 
 
 
 
 
 
 
 
 
 
 
 
 
 
 
 
 
 
 
 
 
 
 
 
 
 
 
 
 
 
 
 
 
 
 
 
 
 
 
 
 
 
 
 
 
 
 
 
 
 
 
 
 
 
 
 
 
 
 
 
 
 
 
 
 
 
 
 
 
 
 
 
 
 
 
 
 
 
 
 
 
 
 
 
 
 
 
 
 
 
 
 
 
 
 
 
 
 
 
 
 
 
 
 
 
 
 
 
 
 
 
 
 
 
 
 
 
 
 
 
 
 
 
 
 
 
 
 
 
 
 
 
 
 
 
 
 
 
 
 
 
 
 
 
 
 
 
 
 
 
 
 
 
 
 
 
 
 
 
 
 
 
 
 
 
 
 
 
 
 
 
 
 
 
 
 
 
 
 
 
 
 
 
 
 
 
 
 
 
 
 
 
 
 
 
 
 
 
 
 
 
 
 
 
 
 
 
 
 
 
 
 
 
 
 
 
 
 
 
 
 
 
 
 
 
 
 
 
 
 
 
 
 
 
 
 
 
 
 
 
 
 
 
 
 
 
 
 
 
 
 
 
 
 
 
 
 
 
 
 
 
 
 
 
 
 
 
 
 
 
 
 
 
 
 
 
 
 
 
 
 
 
 
 
 
 
 
 
 
 
 
 
 
 
 
 
 
 
 
 
 
 
 
 
 
 
 
 
 
 
 
 
 
 
 
 
 
 
 
 
 
 
 
 
 
 
 
 
 
 
 
 
 
 
 
 
 
 
 
 
 
 
 
 
 
 
 
 
 
 
 
 
 
 
 
 
 
 
 
 
 
 
 
 
 
 
 
 
 
 
 
 
 
 
 
 
 
 
 
 
 
 
 
 
 
 
 
 
 
 
 
 
 
 
 
 
 
 
 
 
 
 
 
 
 
 
 
 
 
 
 
 
 
 
 
 
 
 
 
 
 
 
 
 
 
 
 
 
 
 
 
 
 
 
 
 
 
 
 
 
 
 
 
 
 
 
 
 
 
 
 
 
 
 
 
 
 
 
 
 
 
 
 
 
 
 
 
 
 
 
 
 
 
 
 
 
 
 
 
 
 
 
 
 
 
 
 
 
 
 
 
 
 
 
 
 
 
 
 
 
 
 
 
 
 
 
 
 
 
 
 
 
 
 
 
 
 
 
 
 
 
 
 
 
 
 
 
 
 
 
 
 
 
 
 
 
 
 
 
 
 
 
 
 
 
 
 
 
 
 
 
 
 
 
 
 
 
 
 
 
 
 
 
 
 
 
 
 
 
 
 
 
 
 
 
 
 
 
 
 
 
 
 
 
 
 
 
 
 
 
 
 
 
 
 
 
 
 
 
 
 
 
 
 
 
 
 
 
 
 
 
 
 
 
 
 
 
 
 
 
 
 
 
 
 
 
 
 
 
 
 
 
 
 
 
 
 
 
 
 
 
 
 
 
 
 
 
 
 
 
 
 
 
 
 
 
 
 
 
 
 
 
 
 
 
 
 
 
 
 
 
 
 
 
 
 
 
 
 
 
 
 
 
 
 
 
 
 
 
 
 
 
 
 
 
 
 
 
 
 
 
 
 
 
 
 
 
 
 
 
 
 
 
 
 
 
 
 
 
 
 
 
 
 
 
 
 
 
 
 
 
 
 
 
 
 
 
 
 
 
 
 
 
 
 
 
 
 
 
 
 
 
 
 
 
 
 
 
 
 
 
 
 
 
 
 
 
 
 
 
 
 
 
 
 
 
 
 
 
 
 
 
 
 
 
 
 
 
 
 
 
 
 
 
 
 
 
 
 
 
 
 
 
 
 
 
 
 
 
 
 
 
 
 
 
 
 
 
 
 
 
 
 
 
 
 
 
 
 
 
 
 
 
 
 
 
 
 
 
 
 
 
 
 
 
 
 
 
 
 
 
 
 
 
 
 
 
 
 
 
 
 
 
 
 
 
 
 
 
 
 
 
 
 
 
 
 
 
 
 
 
 
 
 
 
 
 
 
 
 
 
 
 
 
 
 
 
 
 
 
 
 
 
 
 
 
 
 
 
 
 
 
 
 
 
 
 
 
 
 
 
 
 
 
 
 
 
 
 
 
 
 
 
 
 
 
 
 
 
 
 
 
 
 
 
 
 
 
 
 
 
 
 
 
 
 
 
 
 
 
 
 
 
 
 
 
 
 
 
 
 
 
 
 
 
 
 
 
 
 
 
 
 
 
 
 
 
 
 
 
 
 
 
 
 
 
 
 
 
 
 
 
 
 
 
 
 
 
 
 
 
 
 
 
 
 
 
 
 
 
 
 
 
 
 
 
 
 
 
 
 
 
 
 
 
 
 
 
 
 
 
 
 
 
 
 
 
 
 
 
 
 
 
 
 
 
 
 
 
 
 
 
 
 
 
 
 
 
 
 
 
 
 
 
 
 
 
 
 
 
 
 
 
 
 
 
 
 
 
 
 
 
 
 
 
 
 
 
 
 
 
 
 
 
 
 
 
 
 
 
 
 
 
 
 
 
 
 
 
 
 
 
 
 
 
 
 
 
 
 
 
 
 
 
 
 
 
 
 
 
 
 
 
 
 
 
 
 
 
 
 
 
 
 
 
 
 
 
 
 
 
 
 
 
 
 
 
 
 
 
 
 
 
 
 
 
 
 
 
 
 
 
 
 
 
 
 
 
 
 
 
 
 
 
 
 
 
 
 
 
 
 
 
 
 
 
 
 
 
 
 
 
 
 
 
 
 
 
 
 
 
 
 
 
 
 
 
 
 
 
 
 
 
 
 
 
 
 
 
 
 
 
 
 
 
 
 
 
 
 
 
 
 
 
 
 
 
 
 
 
 
 
 
 
 
 
 
 
 
 
 
 
 
 
 
 
 
 
 
 
 
 
 
 
 
 
 
 
 
 
 
 
 
 
 
 
 
 
 
 
 
 
 
 
 
 
 
 
 
 
 
 
 
 
 
 
 
 
 
 
 
 
 
 
 
 
 
 
 
 
 
 
 
 
 
 
 
 
 
 
 
 
 
 
 
 
 
 
 
 
 
 
 
 
 
 
 
 
 
 
 
 
 
 
 
 
 
 
 
 
 
 
 
 
 
 
 
 
 
 
 
 
 
 
 
 
 
 
 
 
 
 
 
 
 
 
 
 
 
 
 
 
 
 
 
 
 
 
 
 
 
 
 
 
 
 
 
 
 
 
 
 
 
 
 
 
 
 
 
 
 
 
 
 
 
 
 
 
 
 
 
 
 
 
 
 
 
 
 
 
 
 
 
 
 
 
 
 
 
 
 
 
 
 
 
 
 
 
 
 
 
 
 
 
 
 
 
 
 
 
 
 
 
 
 
 
 
 
 
 
 
 
 
 
 
 
 
 
 
 
 
 
 
 
 
 
 
 
 
 
 
 
 
 
 
 
 
 
 
 
 
 
 
 
 
 
 
 
 
 
 
 
 
 
 
 
 
 
 
 
 
 
 
 
 
 
 
 
 
 
 
 
 
 
 
 
 
 
 
 
 
 
 
 
 
 
 
 
 
 
 
 
 
 
 
 
 
 
 
 
 
 
 
 
 
 
 
 
 
 
 
 
 
 
 
 
 
 
 
 
 
 
 
 
 
 
 
 
 
 
 
 
 
 
 
 
 
 
 
 
 
 
 
 
 
 
 
 
 
 
 
 
 
 
 
 
 
 
 
 
 
 
 
 
 
 
 
 
 
 
 
 
 
 
 
 
 
 
 
 
 
 
 
 
 
 
 
 
 
 
 
 
 
 
 
 
 
 
 
 
 
 
 
 
 
 
 
 
 
 
 
 
 
 
 
 
 
 
 
 
 
 
 
 
 
 
 
 
 
 
 
 
 
 
 
 
 
 
 
 
 
 
 
 
 
 
 
 
 
 
 
 
 
 
 
 
 
 
 
 
 
 
 
 
 
 
 
 
 
 
 
 
 
 
 
 
 
 
 
 
 
 
 
 
 
 
 
 
 
 
 
 
 
 
 
 
 
 
 
 
 
 
 
 
 
 
 
 
 
 
 
 
 
 
 
 
 
 
 
 
 
 
 
 
 
 
 
 
 
 
 
 
 
 
 
 
 
 
 
 
 
 
 
 
 
 
 
 
 
 
 
 
 
 
 
 
 
 
 
 
 
 
 
 
 
 
 
 
 
 
 
 
 
 
 
 
 
 
 
 
 
 
 
 
 
 
 
 
 
 
 
 
 
 
 
 
 
 
 
 
 
 
 
 
 
 
 
 
 
 
 
 
 
 
 
 
 
 
 
 
 
 
 
 
 
 
 
 
 
 
 
 
 
 
 
 
 
 
 
 
 
 
 
 
 
 
 
 
 
 
 
 
 
 
 
 
 
 
 
 
 
 
 
 
 
 
 
 
 
 
 
 
 
 
 
 
 
 
 
 
 
 
 
 
 
 
 
 
 
 
 
 
 
 
 
 
 
 
 
 
 
 
 
 
 
 
 
 
 
 
 
 
 
 
 
 
 
 
 
 
 
 
 
 
 
 
 
 
 
 
 
 
 
 
 
 
 
 
 
 
 
 
 
 
 
 
 
 
 
 
 
 
 
 
 
 
 
 
 
 
 
 
 
 
 
 
 
 
 
 
 
 
 
 
 
 
 
 
 
 
 
 
 
 
 
 
 
 
 
 
 
 
 
 
 
 
 
 
 
 
 
 
 
 
 
 
 
 
 
 
 
 
 
 
 
 
 
 
 
 
 
 
 
 
 
 
 
 
 
 
 
 
 
 
 
 
 
 
 
 
 
 
 
 
 
 
 
 
 
 
 
 
 
 
 
 
 
 
 
 
 
 
 
 
 
 
 
 
 
 
 
 
 
 
 
 
 
 
 
 
 
 
 
 
 
 
 
 
 
 
 
 
 
 
 
 
 
 
 
 
 
 
 
 
 
 
 
 
 
 
 
 
 
 
 
 
 
 
 
 
 
 
 
 
 
 
 
 
 
 
 
 
 
 
 
 
 
 
 
 
 
 
 
 
 
 
 
 
 
 
 
 
 
 
 
 
 
 
 
 
 
 
 
 
 
 
 
 
 
 
 
 
 
 
 
 
 
 
 
 
 
 
 
 
 
 
 
 
 
 
 
 
 
 
 
 
 
 
 
 
 
 
 
 
 
 
 
 
 
 
 
 
 
 
 
 
 
 
 
 
 
 
 
 
 
 
 
 
 
 
 
 
 
 
 
 
 
 
 
 
 
 
 
 
 
 
 
 
 
 
 
 
 
 
 
 
 
 
 
 
 
 
 
 
 
 
 
 
 
 
 
 
 
 
 
 
 
 
 
 
 
 
 
 
 
 
 
 
 
 
 
 
 
 
 
 
 
 
 
 
 
 
 
 
 
 
 
 
 
 
 
 
 
 
 
 
 
 
 
 
 
 
 
 
 
 
 
 
 
 
 
 
 
 
 
 
 
 
 
 
 
 
 
 
 
 
 
 
 
 
 
 
 
 
 
 
 
 
 
 
 
 
 
 
 
 
 
 
 
 
 
 
 
 
 
 
 
 
 
 
 
 
 
 
 
 
 
 
 
 
 
 
 
 
 
 
 
 
 
 
 
 
 
 
 
 
 
 
 
 
 
 
 
 
 
 
 
 
 
 
 
 
 
 
 
 
 
 
 
 
 
 
 
 
 
 
 
 
 
 
 
 
 
 
 
 
 
 
 
 
 
 
 
 
 
 
 
 
 
 
 
 
 
 
 
 
 
 
 
 
 
 
 
 
 
 
 
 
 
 
 
 
