0.0 0.0
0.01 2.34289672e-07
0.02 2.48620816e-07
0.03 3.27115117e-07
0.04 5.04528762e-07
0.05 6.21408771e-07
0.06 3.7282282e-07
0.07 -3.59572982e-07
0.08 -1.119236805e-06
0.09 -1.298977052e-06
0.1 -2.004712452e-06
0.11 -4.473374483e-06
0.12 -6.63219792e-06
0.13 -6.355566168e-06
0.14 -4.453090004e-06
0.15 -3.498156949e-06
0.16 -6.315590879e-06
0.17 -7.772335697e-06
0.18 -3.040330762e-06
0.19 4.079096748e-06
0.2 1.2371335243e-05
0.21 1.6429939173e-05
0.22 5.997204426e-06
0.23 -9.719251107e-06
0.24 -1.4174244115e-05
0.25 -1.1035338456e-05
0.26 -1.0939722974e-05
0.27 -1.2005677141e-05
0.28 -1.614512786e-06
0.29 1.031995597e-05
0.3 4.188567508e-06
0.31 -1.546496969e-05
0.32 -3.0217133718e-05
0.33 -2.306606219e-05
0.34 -4.241242824e-06
0.35 -4.352797994e-06
0.36 -3.2324279621e-05
0.37 -8.9390819111e-05
0.38 -0.000126518361359
0.39 -8.1530362982e-05
0.4 7.6163593e-07
0.41 1.7160718839e-05
0.42 -1.772906981e-06
0.43 1.4367565917e-05
0.44 6.1724964061e-05
0.45 0.000117854864349
0.46 0.000116696827465
0.47 -2.159795449e-06
0.48 -0.000135185115802
0.49 -0.000155928656496
0.5 -8.9629182368e-05
0.51 -5.097205641e-05
0.52 -0.000113823460357
0.53 -0.000159760029798
0.54 -0.000100443452306
0.55 -3.283766984e-05
0.56 -2.9846026229e-05
0.57 -6.6010866061e-05
0.58 -4.2252892761e-05
0.59 5.157274353e-05
0.6 0.000118094397286
0.61 0.000131929634554
0.62 -2.884726393e-06
0.63 -0.000190722715304
0.64 -0.000149397107576
0.65 -8.845442785e-06
0.66 -9.4155494323e-05
0.67 -0.000217272933931
0.68 -7.465712878e-05
0.69 7.417060947e-05
0.7 4.896619325e-06
0.71 -8.4276965074e-05
0.72 -2.5528034465e-05
0.73 8.23150817e-06
0.74 -0.00010977919701
0.75 -0.000216656411459
0.76 -0.000264359632851
0.77 -0.000361688239938
0.78 -0.000374208862395
0.79 -0.000228811061722
0.8 -0.000168704477075
0.81 -0.000213797054588
0.82 1.7592226759e-05
0.83 0.00031696231847
0.84 0.000189159721017
0.85 -1.3825596341e-05
0.86 4.3219152275e-05
0.87 -1.240323585e-06
0.88 -9.9830871346e-05
0.89 6.637091222e-05
0.9 0.000169932052037
0.91 -2.5278958138e-05
0.92 -0.000373768469096
0.93 -0.000501006722539
0.94 -0.000366577574292
0.95 -0.000287331977652
0.96 -0.000289876457114
0.97 -0.000179122845769
0.98 -6.0267805938e-05
0.99 4.6330688662e-05
1.0 0.000276224657736
1.01 0.000508127383978
1.02 0.000378178805895
1.03 -0.000138459134836
1.04 -0.00036933725436
1.05 -3.7626931031e-05
1.06 0.000293625687732
1.07 1.3787864164e-05
1.08 -0.000404095246631
1.09 -0.000297451156904
1.1 1.5370531486e-05
1.11 -1.6606985227e-05
1.12 3.5648695322e-05
1.13 0.000335861870322
1.14 0.000377036609403
1.15 0.000313670818672
1.16 0.000314326915318
1.17 0.000319823620869
1.18 0.000225293595968
1.19 -3.6085262188e-05
1.2 -9.9290516727e-05
1.21 9.9423512258e-05
1.22 -0.000178940181764
1.23 -0.00075165040483
1.24 -0.000732420523652
1.25 -0.000419028633391
1.26 -0.000757744735707
1.27 -0.001450006099748
1.28 -0.001400321154828
1.29 -0.000600860960479
1.3 0.000153184258543
1.31 0.000331010459493
1.32 0.000309003499918
1.33 0.000310383560973
1.34 0.000206130553422
1.35 0.000309082740648
1.36 0.000509756854383
1.37 0.000103318814397
1.38 -0.00046541275511
1.39 -0.000574198229266
1.4 -0.000640372898474
1.41 -0.000863866254487
1.42 -0.001159331545913
1.43 -0.000905728391069
1.44 -0.00025728458187
1.45 -7.9536894592e-05
1.46 -0.00027365606409
1.47 -5.1893563841e-05
1.48 0.00076022415751
1.49 0.00145192450275
1.5 0.001772088854714
1.51 0.001692722477434
1.52 0.000792069060288
1.53 -0.000288766770296
1.54 -0.000210918547973
1.55 0.000437847389826
1.56 -3.74264404e-07
1.57 -0.001238844902572
1.58 -0.001817714346055
1.59 -0.00132591548416
1.6 -0.000129375371493
1.61 0.000824694702215
1.62 0.000919539378253
1.63 0.000663959869894
1.64 0.000635158934579
1.65 0.000519957180524
1.66 2.011525341e-06
1.67 -0.00030806045344
1.68 -0.000457856328392
1.69 -0.000916105715599
1.7 -0.001285240751742
1.71 -0.001241840184209
1.72 -0.001077395777262
1.73 -0.000671535782125
1.74 -0.000104425515359
1.75 -7.1520868712e-05
1.76 -0.000386618113949
1.77 -0.000469669745432
1.78 -3.7096603869e-05
1.79 0.000368708613231
1.8 0.000540353725862
1.81 0.000474531475024
1.82 0.000274466694485
1.83 0.000194190472034
1.84 0.000198455282029
1.85 0.000446959635326
1.86 0.000681189507923
1.87 9.984736879e-05
1.88 -0.000613073302492
1.89 -0.000261728325038
1.9 0.000316979462061
1.91 -2.8409799749e-05
1.92 -0.000456351011221
1.93 -0.00029753860311
1.94 0.000100160819536
1.95 0.000919113139584
1.96 0.001407078440554
1.97 0.000590350049316
1.98 -0.000528909511898
1.99 -1.6488144434e-05
2.0 0.00056386625987
2.01 -0.000464805135632
2.02 -0.001480980678864
2.03 -0.001063322958055
2.04 -0.000262211260193
2.05 8.591073835e-05
2.06 0.000531807394152
2.07 0.000350651396099
2.08 -0.000468243425941
2.09 -0.000562914781476
2.1 -0.000234373497889
2.11 -0.000208692816694
2.12 -0.000400945185347
2.13 -0.000252753335229
2.14 0.000239187027949
2.15 0.000303397239544
2.16 0.000157178997373
2.17 3.1756482664e-05
2.18 7.2138238625e-05
2.19 -0.000152399484502
2.2 -0.000924788046194
2.21 -0.001308639834064
2.22 -0.000816078050403
2.23 -9.298970102e-05
2.24 0.000428648268207
2.25 0.000883357444233
2.26 0.000987141282584
2.27 0.000864208761674
2.28 0.001071084434433
2.29 0.001503183511055
2.3 0.001554696539175
2.31 0.000972506584404
2.32 -0.000276238219123
2.33 -0.001506688215445
2.34 -0.001983761599493
2.35 -0.001951025571623
2.36 -0.001817144073748
2.37 -0.001169058789187
2.38 -0.000450650555026
2.39 -0.000276403975869
2.4 0.000168464178502
2.41 0.001185518255
2.42 0.001689007521303
2.43 0.001552585839444
2.44 0.001523733028178
2.45 0.001468572864407
2.46 0.00074487931915
2.47 -0.000199791095721
2.48 -0.000642957368483
2.49 -0.000961999871851
2.5 -0.001361525530629
2.51 -0.001165459782447
2.52 -0.000481269069128
2.53 0.000512930348011
2.54 0.001456920480948
2.55 0.001689095011662
2.56 0.001303498194316
2.57 0.000793752996955
2.58 0.000580412873019
2.59 -0.000124463771373
2.6 -0.001620404016584
2.61 -0.002834911264992
2.62 -0.003003307553735
2.63 -0.002993895217661
2.64 -0.003576700156941
2.65 -0.003632768641751
2.66 -0.002570521830146
2.67 -0.001389197933527
2.68 0.000367016525123
2.69 0.00288898189632
2.7 0.004393735324973
2.71 0.004317456414439
2.72 0.004122705320433
2.73 0.004399001645662
2.74 0.003960164504703
2.75 0.003072432552469
2.76 0.001608090305659
2.77 -0.001481363640206
2.78 -0.004615382115821
2.79 -0.005508838826733
2.8 -0.005225532869446
2.81 -0.005036214371178
2.82 -0.004206626370269
2.83 -0.002096174014519
2.84 0.000435424230075
2.85 0.002166970573205
2.86 0.002811135747484
2.87 0.002297811936143
2.88 0.000794420077519
2.89 -0.000941731574034
2.9 -0.002179349838144
2.91 -0.002911688219271
2.92 -0.004567147493968
2.93 -0.006858481294526
2.94 -0.00779915488224
2.95 -0.007005675764389
2.96 -0.005793369864793
2.97 -0.004497021851777
2.98 -0.003300711718924
2.99 -0.002239741006796
3.0 9.144224252e-06
3.01 0.003026039916981
3.02 0.005198123525872
3.03 0.006074481412846
3.04 0.006756254049285
3.05 0.00668296696148
3.06 0.003684769016554
3.07 -0.00144282130838
3.08 -0.005339199025503
3.09 -0.006573361774464
3.1 -0.006053943856991
3.11 -0.004175345194202
3.12 -0.002611940788889
3.13 -0.002390242814439
3.14 -0.002638961844378
3.15 -0.001953806362677
3.16 -0.000675982535902
3.17 -0.00114907267279
3.18 -0.002850401407531
3.19 -0.002881658744615
3.2 -0.001753868442315
3.21 -0.000959991852157
3.22 -0.001346691280837
3.23 -0.002567497697745
3.24 -0.004068168300296
3.25 -0.00435484899897
3.26 -0.001501815550231
3.27 0.002922740088305
3.28 0.004995740006872
3.29 0.004110005657475
3.3 0.003845628015206
3.31 0.004583885266478
3.32 0.004738870905046
3.33 0.003897509091439
3.34 0.001904674283687
3.35 -0.001175942848795
3.36 -0.003801679446027
3.37 -0.004132356696083
3.38 -0.003599047439521
3.39 -0.003028565131058
3.4 -0.00176081074781
3.41 0.000493131861245
3.42 0.002047205921735
3.43 0.001666666171924
3.44 -0.000733743068121
3.45 -0.003049471873219
3.46 -0.003888231929445
3.47 -0.004249973404541
3.48 -0.005858397349972
3.49 -0.007277256912868
3.5 -0.006616799826811
3.51 -0.004376369618286
3.52 7.7424141291e-05
3.53 0.00503388546464
3.54 0.007892865858032
3.55 0.008383697901378
3.56 0.008414810942444
3.57 0.00969842125886
3.58 0.010634416621342
3.59 0.009487193465835
3.6 0.006835132976734
3.61 0.003597568111127
3.62 0.000566186567268
3.63 -0.00208970481848
3.64 -0.004896053524692
3.65 -0.006667546345401
3.66 -0.006456567209078
3.67 -0.006196316638505
3.68 -0.005552869954706
3.69 -0.000838031180274
3.7 0.007238388614968
3.71 0.013640213375547
3.72 0.015784062086582
3.73 0.016040509443434
3.74 0.012257266481215
3.75 0.005955666439935
3.76 -0.000209804010076
3.77 -0.005598544987711
3.78 -0.00918158140783
3.79 -0.011429264277334
3.8 -0.01245584520308
3.81 -0.012077659576544
3.82 -0.010761850339999
3.83 -0.006248572454975
3.84 0.003259957138625
3.85 0.015889844900739
3.86 0.027037612296833
3.87 0.03219284949246
3.88 0.032320026185451
3.89 0.026815258600301
3.9 0.01337075506411
3.91 -0.001940980082625
3.92 -0.012186410273576
3.93 -0.020864659346707
3.94 -0.024041452699153
3.95 -0.024165149366006
3.96 -0.018896289596273
3.97 -0.012117513251434
3.98 -0.002605885449289
3.99 0.006151868610893
4.0 0.014473686749064
4.01 0.019441023642343
4.02 0.022798964910701
4.03 0.020852253707358
4.04 0.016241654946454
4.05 0.009482831900257
4.06 0.00169356502512
4.07 -0.008219100408617
4.08 -0.021953173826812
4.09 -0.029938877636199
4.1 -0.028931191626311
4.11 -0.018337677708201
4.12 -0.004974870746354
4.13 0.013237997675008
4.14 0.029785529326715
4.15 0.035730163497288
4.16 0.037115740629392
4.17 0.033155931313696
4.18 0.021671315767465
4.19 0.002912057522107
4.2 -0.009365019082039
4.21 -0.023029811687575
4.22 -0.031847388142369
4.23 -0.033656603410805
4.24 -0.029664679115806
4.25 -0.021552526431394
4.26 -0.014275238479246
4.27 -0.005804627591438
4.28 0.004462577583476
4.29 0.019003229707316
4.3 0.034470739014649
4.31 0.043815202433908
4.32 0.045672273569792
4.33 0.038244047185713
4.34 0.023978597049974
4.35 0.013166254461022
4.36 0.002621988450298
4.37 -0.008216986711319
4.38 -0.014598098177383
4.39 -0.016802694442574
4.4 -0.023666592254516
4.41 -0.02673698263523
4.42 -0.023350237210014
4.43 -0.023470641762075
4.44 -0.016378328367938
4.45 -0.007757373855905
4.46 0.003219665845384
4.47 0.01748811457885
4.48 0.036250546304621
4.49 0.05072482329692
4.5 0.057637010883385
4.51 0.054957672167638
4.52 0.046279405808447
4.53 0.047931407829352
4.54 0.03626640711567
4.55 0.025852800548372
4.56 -0.000836852085208
4.57 -0.014115950370559
4.58 -0.035775256504078
4.59 -0.051875168487992
4.6 -0.067536220427693
4.61 -0.075155142015052
4.62 -0.075299441412478
4.63 -0.06447182384235
4.64 -0.044953145471094
4.65 -0.021763520474229
4.66 0.000214331079826
4.67 0.011819704637784
4.68 0.0174888397359
4.69 0.023721253260093
4.7 0.038268958697524
4.71 0.060420074198681
4.72 0.072675999328829
4.73 0.077902358662577
4.74 0.077696623569357
4.75 0.072210448330996
4.76 0.066923203188573
4.77 0.059012169523466
4.78 0.046051948924838
4.79 0.038686844506444
4.8 0.032717784941244
4.81 0.027500974407053
4.82 0.027847615317915
4.83 0.031121178360108
4.84 0.03917353431471
4.85 0.054931806727639
4.86 0.07037482145894
4.87 0.078732230811272
4.88 0.075997248254297
4.89 0.06381054979405
4.9 0.034599609590832
4.91 0.019255913682216
4.92 0.036510855409581
4.93 0.038635360597172
4.94 0.02253339371102
4.95 0.001403796793771
4.96 -0.020807485974102
4.97 -0.035267173107431
4.98 -0.040025655991251
4.99 -0.029204132881009
5.0 -0.008175567253975
5.01 0.012650647558538
5.02 0.030322131256436
5.03 0.03748439316702
5.04 0.035782607758496
5.05 0.034130738447987
5.06 0.030174970042329
5.07 0.01711834200301
5.08 -0.014133604495997
5.09 -0.070652405551127
5.1 -0.129281221255953
5.11 -0.151723934447559
5.12 -0.166078654754023
5.13 -0.172892148390413
5.14 -0.150183778159598
5.15 -0.125641475008714
5.16 -0.103669163728214
5.17 -0.089881288259509
5.18 -0.102233976451881
5.19 -0.074393097087744
5.2 -0.039046214328863
5.21 -0.015756561810152
5.22 -0.015335749688163
5.23 0.007158839865666
5.24 -0.00167296298042
5.25 0.008728825589801
5.26 0.015110917595756
5.27 0.013606931562091
5.28 0.000733677943009
5.29 -0.010136907631636
5.3 -0.008844681419741
5.31 -0.009833514334886
5.32 -0.004818073650387
5.33 0.007966689082561
5.34 0.017305354633061
5.35 0.031612489914338
5.36 0.042190035620174
5.37 0.037999155491704
5.38 0.020348401835753
5.39 0.010808458455422
5.4 0.017159760929418
5.41 0.010605498539741
5.42 -0.03254277805469
5.43 -0.024676203597055
5.44 -0.017225200706467
5.45 -0.007682700456913
5.46 0.006556140079706
5.47 0.027135190900241
5.48 0.031655755580963
5.49 0.029291985442421
5.5 0.021626189146945
5.51 0.006778785763141
5.52 -0.014006586382976
5.53 -0.031590734862077
5.54 -0.045693205755521
5.55 -0.056585581514788
5.56 -0.062108565870747
5.57 -0.066416101877918
5.58 -0.072589759607532
5.59 -0.084432480413176
5.6 -0.098952520557372
5.61 -0.11049350998154
5.62 -0.109698893515738
5.63 -0.090109727628632
5.64 -0.05253046414871
5.65 -0.041101939878527
5.66 -0.02180725299824
5.67 -0.026008079199474
5.68 -0.049797803856507
5.69 -0.074328957456904
5.7 -0.09228677374474
5.71 -0.098241764221787
5.72 -0.103680775174272
5.73 -0.132489584189849
5.74 -0.118194448407788
5.75 -0.085130783693212
5.76 -0.085266490521139
5.77 -0.068645717132669
5.78 -0.052878766633938
5.79 -0.043053920133575
5.8 -0.037462483503312
5.81 -0.020168078302755
5.82 -0.000382064104175
5.83 0.029042086828016
5.84 0.051341961970456
5.85 0.049912525519439
5.86 0.028482830072603
5.87 -0.007055095709985
5.88 -0.085513474624705
5.89 -0.11942302379616
5.9 -0.150220555210753
5.91 -0.148810923105714
5.92 -0.152724042316874
5.93 -0.134250463765856
5.94 -0.109670583461718
5.95 -0.059802856858553
5.96 0.012221090294987
5.97 0.044687641535161
5.98 0.08987141255134
5.99 0.119822659001048
6.0 0.154226227962592
6.01 0.150960138230355
6.02 0.217091817161574
6.03 0.249822189289991
6.04 0.221942701681328
6.05 0.226583238544634
6.06 0.184628699189412
6.07 0.139417010399673
6.08 0.099225800139532
6.09 0.062530884905655
6.1 0.066361465225543
6.11 0.073831666205732
6.12 0.071199193087665
6.13 0.070350107730452
6.14 0.064541993597521
6.15 0.047650016936117
6.16 0.029556007006227
6.17 0.017307494329883
6.18 0.020548268363604
6.19 0.044993103652305
6.2 0.05610589985228
6.21 0.039407682531164
6.22 0.017930853634885
6.23 0.003924284910135
6.24 0.002931736390081
6.25 0.009174643170962
6.26 0.011658532373935
6.27 0.020312352100787
6.28 0.031315738417578
6.29 0.041349695821216
6.3 0.050002131200965
6.31 0.055973259113839
6.32 0.065643118318452
6.33 0.078362003759205
6.34 0.089857027065265
6.35 0.096061886156906
6.36 0.084356880874952
6.37 0.019296355975844
6.38 0.008185532587204
6.39 -0.011084712992966
6.4 -0.02960121905806
6.41 -0.014348315246946
6.42 0.029546343852462
6.43 0.01515945618274
6.44 -0.008231158466799
6.45 -0.009111672694601
6.46 -0.039534916793296
6.47 -0.0472677435258
6.48 -0.064487342746406
6.49 -0.061396268161196
6.5 -0.051528181930928
6.51 -0.021274464857243
6.52 0.002537760127857
6.53 0.026429525154384
6.54 0.044269624939655
6.55 0.058424144184137
6.56 0.062376621687454
6.57 0.064591874123085
6.58 0.084825769022291
6.59 0.087782313439667
6.6 0.097748014882056
6.61 0.104460924796933
6.62 0.068636146466482
6.63 0.010388064110113
6.64 -0.014013492831835
6.65 -0.051724972562584
6.66 -0.080738220963664
6.67 -0.105885817673154
6.68 -0.097055458630612
6.69 -0.076339356217415
6.7 -0.046488626608007
6.71 0.025468584563599
6.72 0.048195887936206
6.73 0.081112036539263
6.74 0.09299632174325
6.75 0.116598208506713
6.76 0.140414585753744
6.77 0.166154316730352
6.78 0.176861347357572
6.79 0.171482586049921
6.8 0.143966708757509
6.81 0.121815153295169
6.82 0.082830671527926
6.83 0.01655443267324
6.84 -0.006596611357809
6.85 -0.007090312160074
6.86 -0.002385480112781
6.87 0.012277795037345
6.88 0.023192088486256
6.89 0.027329835946362
6.9 0.061293162842548
6.91 0.112265160689315
6.92 0.140930961020568
6.93 0.159712627040166
6.94 0.170288209772689
6.95 0.177523793518679
6.96 0.18376379495747
6.97 0.178430561062361
6.98 0.162785192868856
6.99 0.140715653216032
7.0 0.122263062721671
7.01 0.094964747277543
7.02 0.073923231709432
7.03 0.035404193351001
7.04 2.4630895519e-05
7.05 -0.052445369132113
7.06 -0.117655368980981
7.07 -0.183492683095096
7.08 -0.250458596712069
7.09 -0.311268632088383
7.1 -0.353501352040952
7.11 -0.387960260626086
7.12 -0.451029292057424
7.13 -0.434187366684271
7.14 -0.357831374165728
7.15 -0.352153713252736
7.16 -0.349645536272954
7.17 -0.318166589596749
7.18 -0.277704916375666
7.19 -0.244246374699774
7.2 -0.212587562579193
7.21 -0.175568013923361
7.22 -0.132501411525707
7.23 -0.039837463221676
7.24 0.090687023174263
7.25 0.028506457192056
7.26 0.03721534983765
7.27 -0.01037798034953
7.28 -0.001539265686803
7.29 -0.03346500989426
7.3 -0.029922681024205
7.31 -0.055464019913164
7.32 -0.049837489706449
7.33 -0.032614646431019
7.34 -0.027244871517575
7.35 -0.005276733634852
7.36 0.020621766601945
7.37 0.04074724556498
7.38 0.05956675303298
7.39 0.066782183076408
7.4 0.062414538614021
7.41 0.061905206778589
7.42 0.076072756922869
7.43 0.107977922153957
7.44 0.158525840049237
7.45 0.2237664219386
7.46 0.290537643743513
7.47 0.337955647635613
7.48 0.347931830786841
7.49 0.324190571330998
7.5 0.294911689398596
7.51 0.276581637661382
7.52 0.253067467837276
7.53 0.208883167887489
7.54 0.049746598677094
7.55 -0.014460453179691
7.56 -0.021890216097277
7.57 -0.045686751391821
7.58 -0.05352854963735
7.59 -0.098887475417089
7.6 -0.117486345534598
7.61 -0.126730048709569
7.62 -0.122732163813847
7.63 -0.13171366050966
7.64 -0.146432468227815
7.65 -0.150813697786003
7.66 -0.153568442543074
7.67 -0.149077521671103
7.68 -0.126887425498093
7.69 -0.095280661122058
7.7 -0.06191577783362
7.71 -0.025895847010772
7.72 0.009528811692513
7.73 0.032297006426355
7.74 0.032080631164415
7.75 0.003923140276512
7.76 -0.051750214652397
7.77 -0.124389471796509
7.78 -0.187620945480704
7.79 -0.214892040765014
7.8 -0.213456801300573
7.81 -0.218892378167774
7.82 -0.233303136948962
7.83 -0.238755519758959
7.84 -0.106907733747773
7.85 -0.086628435429677
7.86 -0.087359019437877
7.87 -0.090496126746789
7.88 -0.108298429278491
7.89 -0.102295700978888
7.9 -0.120163465694666
7.91 -0.150051458421758
7.92 -0.165847593573658
7.93 -0.171824230302191
7.94 -0.17136680995642
7.95 -0.168698413813629
7.96 -0.167722533744463
7.97 -0.164683849968336
7.98 -0.161964448392955
7.99 -0.163225273269441
8.0 -0.168434804862849
8.01 -0.180173828972997
8.02 -0.192077902020859
8.03 -0.184526427745909
8.04 -0.045636550246698
8.05 -0.024309326410572
8.06 0.074858268897161
8.07 0.073562466628423
8.08 0.10737560786584
8.09 0.155344968730098
8.1 0.182171853845617
8.11 0.210818721746215
8.12 0.158099007937046
8.13 0.176433283603711
8.14 0.249238703582152
8.15 0.251606474653846
8.16 0.24034923617485
8.17 0.249377273693847
8.18 0.226906786165395
8.19 0.192555744273658
8.2 0.171523335332929
8.21 0.166206123940153
8.22 0.178990850559817
8.23 0.194058475829351
8.24 0.200271227115191
8.25 0.216463188065963
8.26 0.249447529437059
8.27 0.281851687827323
8.28 0.30992099928591
8.29 0.341814712060876
8.3 0.365747640947375
8.31 0.365329178311683
8.32 0.349990714864444
8.33 0.325425403224867
8.34 0.281438408101673
8.35 0.207921335960587
8.36 -0.078268892470601
8.37 0.039957755204082
8.38 -0.033762436249673
8.39 0.008252706487462
8.4 -0.04344116685153
8.41 -0.088961886344639
8.42 -0.114817208833604
8.43 -0.142885089889724
8.44 -0.175403460299183
8.45 -0.199184365710528
8.46 -0.204026797427812
8.47 -0.192412955564346
8.48 -0.172934493785159
8.49 -0.151563044281535
8.5 -0.136746846522996
8.51 -0.134657582157695
8.52 -0.14493024868965
8.53 -0.163289693641118
8.54 -0.183912802204253
8.55 -0.204024513774464
8.56 -0.225502603522471
8.57 -0.253069664315897
8.58 -0.28360526461296
8.59 -0.311607564658462
8.6 -0.333898815746727
8.61 -0.316213007136015
8.62 -0.289943422334242
8.63 -0.28703728948351
8.64 -0.291477455325385
8.65 -0.275290080230618
8.66 -0.087179651366456
8.67 -0.101446903106285
8.68 -0.086673022339668
8.69 -0.065222113963054
8.7 -0.028560421325152
8.71 0.034444406201293
8.72 0.08517975688037
8.73 0.116510281780096
8.74 0.144419599214323
8.75 0.170015219851573
8.76 0.179781989154924
8.77 0.17570281162267
8.78 0.165944095442752
8.79 0.148933067859574
8.8 0.122888787109127
8.81 0.095692110573276
8.82 0.074829170713999
8.83 0.060489900065204
8.84 0.051711109660725
8.85 0.049827790418088
8.86 0.057007387930271
8.87 0.076865847760772
8.88 0.112613319979085
8.89 0.157746977514323
8.9 0.197104294798672
8.91 0.223765068968224
8.92 0.243558634445257
8.93 0.261447314470834
8.94 0.274486607188026
8.95 0.278296693858757
8.96 0.272793035040391
8.97 0.290228299748545
8.98 0.176505071562157
8.99 0.2080329259666
9.0 0.1767335271004
9.01 0.154045434557058
9.02 0.131779428537524
9.03 0.087024849538282
9.04 0.077218307847545
9.05 0.081340033857469
9.06 0.072862190066577
9.07 0.055179983314391
9.08 0.03010340205853
9.09 0.003713559329671
9.1 -0.020594693166964
9.11 -0.046054178664275
9.12 -0.072372654906103
9.13 -0.097245526018506
9.14 -0.119885229435294
9.15 -0.139750580196363
9.16 -0.159309129299816
9.17 -0.185501738423416
9.18 -0.21995484199324
9.19 -0.256384566034313
9.2 -0.285769954778686
9.21 -0.299268772545281
9.22 -0.291352241548427
9.23 -0.2668068552702
9.24 -0.23732346790274
9.25 -0.207734367481709
9.26 -0.173157155373613
9.27 -0.054401175206205
9.28 -0.033911595328424
9.29 -0.042728126113975
9.3 -0.062525380362694
9.31 -0.084804222102571
9.32 -0.109881474306674
9.33 -0.157691751455105
9.34 -0.243249025406495
9.35 -0.251162456723248
9.36 -0.29873884141952
9.37 -0.310291898467884
9.38 -0.32220203181333
9.39 -0.280394336773402
9.4 -0.276594780647549
9.41 -0.253780601802247
9.42 -0.212402179678198
9.43 -0.174876860271825
9.44 -0.131975878282863
9.45 -0.093323856543331
9.46 -0.025179154655245
9.47 0.072474979698633
9.48 0.192668427281477
9.49 0.260208376767952
9.5 0.253632462542955
9.51 0.276258887259015
9.52 0.327344850751896
9.53 0.332538521800138
9.54 0.306479420502766
9.55 0.286342741039344
9.56 0.257493612048668
9.57 0.228165748112909
9.58 0.226256466504843
9.59 0.238644162829961
9.6 0.24138101277053
9.61 0.235125795023752
9.62 0.228928729548511
9.63 0.226859277004273
9.64 0.227099389025022
9.65 0.22413620025994
9.66 0.211598516474864
9.67 0.187409067627046
9.68 0.157803398897229
9.69 0.12869978721671
9.7 -0.039939323642295
9.71 0.059665848709135
9.72 0.042330966823009
9.73 0.060216916544169
9.74 0.058942347827798
9.75 0.042647713277213
9.76 0.046380301326607
9.77 0.035209662338173
9.78 0.009566226866303
9.79 -0.008952871606017
9.8 -0.015064839670136
9.81 -0.013604463989414
9.82 -0.005493434364402
9.83 0.006423912244746
9.84 0.015706737846251
9.85 0.013487872363805
9.86 -0.003463298097591
9.87 -0.030609849200425
9.88 -0.064145105123437
9.89 -0.105687486811879
9.9 -0.157822871350355
9.91 -0.217624521531856
9.92 -0.275673327539066
9.93 -0.314719103303062
9.94 -0.317645653719957
9.95 -0.285910432000487
9.96 -0.238491234101368
9.97 -0.189013815712385
9.98 -0.05396775140418
9.99 0.036990950626217
10.0 0.023008127254214
10.01 0.01522385186403
10.02 -0.005726780687436
10.03 0.010339869749531
10.04 0.012958275238601
10.05 0.010948153841271
10.06 -0.004260828070172
10.07 -0.007416350047034
10.08 -0.007297111296493
10.09 -0.009999344488549
10.1 -0.003819848074352
10.11 0.003474398875489
10.12 0.008406840540293
10.13 0.023106682741365
10.14 0.047272958389076
10.15 0.070926645142523
10.16 0.093985055619109
10.17 0.122961437303167
10.18 0.163196632960106
10.19 0.221559873795358
10.2 0.300950518380826
10.21 0.387396084857792
10.22 0.436399046346503
10.23 0.413953857870845
10.24 0.354564604382898
10.25 0.303162269801508
10.26 0.18295139134415
10.27 -0.176012423179044
10.28 -0.076531376229659
10.29 -0.174015474629066
10.3 -0.142284642609118
10.31 -0.176353262211599
10.32 -0.202868352157003
10.33 -0.206130751561194
10.34 -0.186735273522345
10.35 -0.137006631471117
10.36 -0.092775929670387
10.37 -0.050035774366844
10.38 0.001871452666041
10.39 0.050428166337549
10.4 0.09466905007698
10.41 0.145194470721435
10.42 0.189668095494519
10.43 0.21020224615243
10.44 0.212915908786588
10.45 0.206742457180465
10.46 0.18768458037112
10.47 0.149104357897594
10.48 0.088117768769058
10.49 -0.073752707507824
10.5 -0.186516966462351
10.51 -0.213080894086658
10.52 -0.262165474145182
10.53 -0.289690280899367
10.54 -0.34752460237432
10.55 -0.3564045990258
10.56 -0.320590099263214
10.57 -0.107367266502462
10.58 -0.177268044655576
10.59 -0.127084606558476
10.6 -0.113697767921809
10.61 -0.063312641418438
10.62 -0.021521055489779
10.63 0.000573269653231
10.64 0.022242178373979
10.65 0.036983860181587
10.66 0.027131388617277
10.67 0.018904330484197
10.68 0.006419495745444
10.69 -0.017262469501637
10.7 -0.018156851675903
10.71 -0.029104180382358
10.72 -0.063808391101205
10.73 -0.089460893266646
10.74 -0.116041438367601
10.75 -0.14234080476587
10.76 -0.143146949855806
10.77 -0.123166080047543
10.78 -0.079795482094347
10.79 -0.098080062499923
10.8 -0.101886910081889
10.81 -0.108860124902223
10.82 -0.136935205620418
10.83 -0.152822933741404
10.84 -0.129390532110172
10.85 -0.089347183111557
10.86 -0.061300841243205
10.87 -0.022538070773625
10.88 0.029815975464082
10.89 0.05075793500792
10.9 0.069558200315729
10.91 0.073671623983542
10.92 0.079541082511585
10.93 0.067641228654793
10.94 0.058618404465372
10.95 0.031683082359312
10.96 0.014978141620508
10.97 0.005666142580287
10.98 0.013826560303528
10.99 0.012332969799624
11.0 0.008786846613176
11.01 -0.008902435412736
11.02 0.062712179428712
11.03 0.090533760200462
11.04 0.066628396470653
11.05 0.09812933409638
11.06 0.142968494260277
11.07 0.166735818736157
11.08 0.208783435274057
11.09 0.259746465364466
11.1 0.287402718671402
11.11 0.300414794321223
11.12 0.30653534873071
11.13 0.298601846675671
11.14 0.281222935741453
11.15 0.258265448025929
11.16 0.225302152997838
11.17 0.187116528175981
11.18 0.152187281406841
11.19 0.081569070202023
11.2 0.119803146276203
11.21 0.074113020526898
11.22 0.094236224944303
11.23 0.071647511972585
11.24 0.07814643514249
11.25 0.054194651147684
11.26 0.04636775251998
11.27 0.019644429428872
11.28 0.005706271347535
11.29 -0.008028712285357
11.3 -0.025757462995933
11.31 -0.044584294137883
11.32 -0.066446218554614
11.33 -0.088494881870343
11.34 -0.111241402444391
11.35 -0.136045171173839
11.36 -0.157257290668956
11.37 -0.169573984501858
11.38 -0.170756692535621
11.39 -0.168020343321048
11.4 -0.154735793948923
11.41 -0.150832618513342
11.42 -0.158842606619133
11.43 -0.170071693881863
11.44 -0.174984918961846
11.45 -0.172917048773537
11.46 -0.161955192622343
11.47 -0.137117847157314
11.48 -0.10580370224257
11.49 -0.055291291954787
11.5 -0.016087793995055
11.51 -0.046773219451833
11.52 -0.037516399829089
11.53 -0.031699941269421
11.54 -0.010227850219794
11.55 -0.001745935536225
11.56 -0.009626850001334
11.57 -0.013462411698551
11.58 -0.021626299048864
11.59 -0.034400772287905
11.6 -0.039845755909742
11.61 -0.045062196009286
11.62 -0.048971404262149
11.63 -0.04218084854071
11.64 -0.024431536592781
11.65 -0.001101656501972
11.66 0.020347391580563
11.67 0.035057341298706
11.68 0.048952427032191
11.69 0.074957047976501
11.7 0.119946974577919
11.71 0.178058818841147
11.72 0.2298879601779
11.73 0.257146507758444
11.74 0.267198139857803
11.75 0.280832241098855
11.76 0.294856867537325
11.77 0.289407939589978
11.78 0.266036541068645
11.79 0.241105336468306
11.8 0.220100234123698
11.81 0.202653296152133
11.82 0.165938061500456
11.83 0.134452044586941
11.84 0.123726442893606
11.85 0.114816528366139
11.86 0.112945150300326
11.87 0.103237672166246
11.88 0.102060240875684
11.89 0.104863251881194
11.9 0.102747039278194
11.91 0.103155300864962
11.92 0.096060503443774
11.93 0.089818305654161
11.94 0.079979416750412
11.95 0.064353434341249
11.96 0.052225742822331
11.97 0.04251009517852
11.98 0.034220466555736
11.99 0.021896002096851
12.0 -0.000637891072731
12.01 -0.036460925520615
12.02 -0.089223494344739
12.03 -0.153649485423286
12.04 -0.209362894359808
12.05 -0.234174943276804
12.06 -0.234097246806018
12.07 -0.237470718317128
12.08 -0.245578945721568
12.09 -0.237505829719956
12.1 -0.21544225923775
12.11 -0.19046032413951
12.12 -0.162672579338602
12.13 -0.138684657971905
12.14 -0.128568723989187
12.15 -0.130746380935552
12.16 -0.132848006709323
12.17 -0.126372466333985
12.18 -0.112697281633541
12.19 -0.055586421306526
12.2 -0.079488967865378
12.21 -0.088245218237819
12.22 -0.101285039122255
12.23 -0.100331603533813
12.24 -0.097832994881556
12.25 -0.10390891909594
12.26 -0.108810375642462
12.27 -0.118717365304309
12.28 -0.126512385870928
12.29 -0.130379731105438
12.3 -0.134485403353868
12.31 -0.128349498904222
12.32 -0.110949692377803
12.33 -0.089198559531482
12.34 -0.06085119007351
12.35 -0.030260101167616
12.36 -0.005243997765982
12.37 0.013373140120109
12.38 0.029522794052046
12.39 0.045982545058438
12.4 0.06146527418889
12.41 0.066372071076129
12.42 0.05391575311396
12.43 0.036410806561324
12.44 0.02825941477854
12.45 0.023740463410251
12.46 -0.010597932369694
12.47 -0.017620017380579
12.48 -0.011589144018002
12.49 -0.00166324614854
12.5 0.000625744410445
12.51 0.014949753071606
12.52 0.042204860323237
12.53 0.067252943205118
12.54 0.091487283845052
12.55 0.112472974862989
12.56 0.119235938727585
12.57 0.106467800212414
12.58 0.125167597611063
12.59 0.147370352612916
12.6 0.142901131675731
12.61 0.116834927086491
12.62 0.063780404438759
12.63 0.022588045742874
12.64 -0.017427366951949
12.65 -0.034820742754664
12.66 -0.044465472767048
12.67 -0.036325978259966
12.68 -0.033240128043165
12.69 -0.0254369049878
12.7 -0.017823137739936
12.71 -0.010984801110108
12.72 -0.017319069577064
12.73 -0.030326748932196
12.74 -0.045505404143011
12.75 -0.058241999410501
12.76 -0.068189033791728
12.77 -0.071039405501268
12.78 -0.058820357115385
12.79 -0.044898189067703
12.8 -0.040215570112984
12.81 -0.045616836539152
12.82 -0.055989075262282
12.83 -0.06366822033809
12.84 -0.061586018967586
12.85 -0.045261759055513
12.86 -0.040786138033162
12.87 -0.02564454330221
12.88 -0.004777955041513
12.89 0.001119397897447
12.9 -0.016980448556084
12.91 -0.020113510298647
12.92 -0.020646100230397
12.93 -0.018349658589978
12.94 -0.019072640959442
12.95 -0.019280328992415
12.96 -0.019852617622132
12.97 -0.017915790339232
12.98 -0.010198678487405
12.99 -0.000533070199158
13.0 0.0058442181246
13.01 0.003258196219916
13.02 -0.007443718975405
13.03 -0.015477812616577
13.04 -0.009392681454147
13.05 0.011162637723537
13.06 0.03558855338489
13.07 0.05066981189285
13.08 0.055418437911127
13.09 0.047912196434042
13.1 0.030557892479765
13.11 0.025935093330525
13.12 0.021354191105786
13.13 0.020966323250576
13.14 0.016561870463631
13.15 0.008385144738361
13.16 -0.005997384552563
13.17 -0.018438827289146
13.18 -0.030934815028447
13.19 -0.038112151563223
13.2 -0.044450058565124
13.21 -0.0555575750652
13.22 -0.069175388361539
13.23 -0.077416487154752
13.24 -0.077388308329707
13.25 -0.06732780255064
13.26 -0.054721781433259
13.27 -0.042813965185231
13.28 -0.028767062766923
13.29 -0.019109140543127
13.3 -0.02008330017835
13.31 -0.025330857635844
13.32 -0.028037373757958
13.33 -0.031819284645618
13.34 -0.046724560244259
13.35 -0.033452701299083
13.36 -0.017404469610312
13.37 -0.008917801738288
13.38 -0.001620407521791
13.39 0.007958908540448
13.4 0.013750756387756
13.41 0.013869522485288
13.42 0.016500365761611
13.43 0.015847154654565
13.44 0.014790111474546
13.45 0.015611412221763
13.46 0.012069062375407
13.47 0.008330092473212
13.48 0.005412437440688
13.49 0.003765657918895
13.5 0.005451963522685
13.51 0.0046628460419
13.52 -0.000539026963945
13.53 -0.021636243177933
13.54 -0.035680977324835
13.55 -0.031027680212729
13.56 -0.027363913429286
13.57 -0.027417757687566
13.58 -0.027759680672839
13.59 -0.029851434023585
13.6 -0.03378396359079
13.61 -0.038740890657213
13.62 -0.040653212554075
13.63 -0.044615170902685
13.64 -0.04810478916188
13.65 -0.046883365732139
13.66 -0.043011209387313
13.67 -0.037082578588266
13.68 -0.028659568648029
13.69 -0.022728873820631
13.7 -0.020887732278181
13.71 -0.021495275828875
13.72 -0.024931534612699
13.73 -0.030055707828392
13.74 -0.018315473297721
13.75 -0.008900460201556
13.76 -0.000107814555434
13.77 0.000845397902606
13.78 0.002997659727369
13.79 -0.000104051202863
13.8 -0.000944153032843
13.81 0.000929960608904
13.82 0.004178332242185
13.83 0.007907547398953
13.84 0.010400746910021
13.85 0.015141082444626
13.86 0.023580560597367
13.87 0.035399853514652
13.88 0.04944749501081
13.89 0.062591600628834
13.9 0.061756387840619
13.91 0.072989860153937
13.92 0.082320478527084
13.93 0.078535279076411
13.94 0.069431917596183
13.95 0.06491031418417
13.96 0.054959832399841
13.97 0.064459654069333
13.98 0.049764317008444
13.99 0.038429721270933
14.0 0.024337421330878
14.01 0.017569966436723
14.02 0.022759990253382
14.03 0.022180470446785
14.04 0.024628226175327
14.05 0.02861087897448
14.06 0.035465884792621
14.07 0.037925777050902
14.08 0.037202002764749
14.09 0.03711099206593
14.1 0.036402950048571
14.11 0.038161376287135
14.12 0.041457961204834
14.13 0.043796347632982
14.14 0.038866882624604
14.15 0.027773736991677
14.16 0.016735199762798
14.17 0.010297191369896
14.18 0.004978238831711
14.19 0.005334831973206
14.2 0.019828545138447
14.21 0.032727040459803
14.22 0.039804097042539
14.23 0.029882443123695
14.24 0.019255029995658
14.25 0.001745582758806
14.26 -0.014739178755945
14.27 -0.031699808790644
14.28 -0.038343124913529
14.29 -0.043916056681202
14.3 -0.045135539045477
14.31 -0.046139071510183
14.32 -0.040363751365162
14.33 -0.029860821335575
14.34 -0.017359500312432
14.35 -0.012282365059926
14.36 -0.004904836968378
14.37 0.000714698732459
14.38 0.001901077810026
14.39 -0.00733987068668
14.4 -0.027425167615929
14.41 -0.032672865795437
14.42 -0.047724971916023
14.43 -0.06548194550028
14.44 -0.079100018884864
14.45 -0.09676361487849
14.46 -0.110422331455802
14.47 -0.117672121807884
14.48 -0.116475510769629
14.49 -0.112217981030477
14.5 -0.111262425103737
14.51 -0.103183366988447
14.52 -0.090208098845377
14.53 -0.080931134606922
14.54 -0.07533490634282
14.55 -0.074704418151941
14.56 -0.079170843503059
14.57 -0.07917070989518
14.58 -0.073458760148373
14.59 -0.072065167309855
14.6 -0.07744909241441
14.61 -0.083751388915905
14.62 -0.08941521568807
14.63 -0.110845754446486
14.64 -0.096282150981141
14.65 -0.082820697972179
14.66 -0.061750996077799
14.67 -0.041681654849279
14.68 -0.024547394912835
14.69 -0.021178349434576
14.7 -0.015419038777526
14.71 -0.001582322256276
14.72 0.010554232143814
14.73 0.022801512623917
14.74 0.032760648896475
14.75 0.039599000236009
14.76 0.044283265423964
14.77 0.048883093751636
14.78 0.054356473832738
14.79 0.059517458274771
14.8 0.063021074542759
14.81 0.062633735949255
14.82 0.060885577855691
14.83 0.061703746080831
14.84 0.063021991929007
14.85 0.062275621122918
14.86 0.061028051129513
14.87 0.059816792598132
14.88 0.0573898232693
14.89 0.057058245562499
14.9 0.060348638564704
14.91 0.065353922667692
14.92 0.068819641674538
14.93 0.058088675060049
14.94 0.056625394396326
14.95 0.066097023033763
14.96 0.06131525488598
14.97 0.058873048365487
14.98 0.05061493496674
14.99 0.050572131571575
15.0 0.04475380854944
15.01 0.041501364894329
15.02 0.039934734170326
15.03 0.041122481621904
15.04 0.040743196912686
15.05 0.035958420577286
15.06 0.026413676196842
15.07 0.013133586702291
15.08 -0.004327776611781
15.09 -0.019011854087498
15.1 -0.025509828276563
15.11 -0.031488346575517
15.12 -0.037305230230769
15.13 -0.038602861080296
15.14 -0.037346104461874
15.15 -0.033098146549076
15.16 -0.027335580477
15.17 -0.023443806422263
15.18 0.000492496229195
15.19 0.012272677717805
15.2 0.017044753228817
15.21 0.01956500278406
15.22 0.021315714380216
15.23 0.024508450300802
15.24 0.022715298002514
15.25 0.016057146864032
15.26 0.008857178309968
15.27 -0.002116408269425
15.28 -0.012146322927424
15.29 -0.021577307298839
15.3 -0.023081326915355
15.31 -0.024053019211331
15.32 -0.022735900432424
15.33 -0.015708143809952
15.34 -0.004966104732225
15.35 0.009174498707163
15.36 0.024919353102907
15.37 0.043060294967908
15.38 0.05534906407711
15.39 0.043299132347476
15.4 0.035867545167856
15.41 0.018725814098111
15.42 -0.003291040936636
15.43 -0.016082099857272
15.44 -0.014935318424434
15.45 -0.011460264789673
15.46 -0.010870550475415
15.47 -0.000960352160428
15.48 0.019302828687154
15.49 0.042301176885369
15.5 0.062092113783949
15.51 0.08239603364865
15.52 0.097688965257215
15.53 0.102351034897954
15.54 0.128338667817975
15.55 0.145926534327456
15.56 0.144941558849371
15.57 0.145448406469332
15.58 0.139987934759424
15.59 0.123241456247881
15.6 0.108833970019857
15.61 0.072011575504485
15.62 0.058321234426576
15.63 0.059194656029143
15.64 0.048375228264667
15.65 -0.018407974513335
15.66 -0.006952895527583
15.67 -0.038358492163625
15.68 -0.011101566096056
15.69 -0.032761863068361
15.7 -0.02072080715154
15.71 -0.040393167812779
15.72 -0.032076225230604
15.73 -0.03842586512662
15.74 -0.019877286538519
15.75 -0.00388888317741
15.76 0.006456895378882
15.77 0.018005294656146
15.78 0.022767467642498
15.79 0.022994104437602
15.8 0.019041979119944
15.81 0.013230686571946
15.82 0.001858124028913
15.83 -0.016775821612546
15.84 -0.041581301882324
15.85 -0.076224483612695
15.86 -0.113138061514457
15.87 -0.136536897696176
15.88 -0.143264598658785
15.89 -0.142558362035758
15.9 -0.1437802726898
15.91 -0.13377860831389
15.92 -0.056000390834849
15.93 -0.044175776182584
15.94 -0.022250938471704
15.95 -0.004017892084531
15.96 0.022354112403484
15.97 0.04283169387376
15.98 0.053796319142658
15.99 0.054716154847383
16.0 0.049940350117356
16.01 0.032515543190825
16.02 0.011897841463298
16.03 -0.010017841132083
16.04 -0.032015423664319
16.05 -0.049515038222263
16.06 -0.063710872354728
16.07 -0.075870911223469
16.08 -0.082817702714127
16.09 -0.078750367376339
16.1 -0.063016203261205
16.11 -0.031892010890594
16.12 0.050606340154299
16.13 0.055277183452312
16.14 0.062958935105967
16.15 0.086398185733488
16.16 0.082116550367912
16.17 0.083499677776283
16.18 0.043108810240938
16.19 0.051362188452545
16.2 0.052998880207549
16.21 0.038251984735353
16.22 0.04114019650388
16.23 0.028769310454218
16.24 0.028844190977062
16.25 0.02952988762081
16.26 0.044369605813643
16.27 0.052548545857784
16.28 0.067262572228456
16.29 0.074264116209634
16.3 0.063386194219452
16.31 0.077932534623048
16.32 0.085983914840266
16.33 0.080846770907124
16.34 0.082061469448803
16.35 0.080436347331647
16.36 0.072103094056628
16.37 0.05762456992482
16.38 0.036186595975605
16.39 -0.010092828419125
16.4 0.005640207279278
16.41 -0.0074554002177
16.42 0.011515414946471
16.43 0.014799536615099
16.44 0.00292300173293
16.45 0.005499046118096
16.46 0.002285213252379
16.47 -0.000666990014501
16.48 -0.001096633440627
16.49 -0.00015815528271
16.5 0.009207923085907
16.51 0.004237006261895
16.52 0.003223302867032
16.53 0.005278847851005
16.54 0.006098414111698
16.55 0.001861160058757
16.56 -0.006388525409357
16.57 -0.019380194544614
16.58 -0.037875832921436
16.59 -0.060059435671487
16.6 -0.083729496226744
16.61 -0.092603777956409
16.62 -0.094166264352195
16.63 -0.103534351204096
16.64 -0.105602164475536
16.65 -0.100119348550538
16.66 -0.094045611263826
16.67 -0.083479063714748
16.68 -0.069519370725238
16.69 -0.049830900829426
16.7 -0.030484187557379
16.71 -0.016741865474664
16.72 -0.002586455738875
16.73 0.009073154988475
16.74 0.020631766281336
16.75 0.022318231830807
16.76 0.020353553057718
16.77 0.016227713821804
16.78 0.00920599121606
16.79 0.0003292561093
16.8 -0.011235640642668
16.81 -0.022980036005971
16.82 -0.033993454765841
16.83 -0.045467332269648
16.84 -0.05685473237666
16.85 -0.062902647946866
16.86 -0.061824274299969
16.87 -0.052003225156451
16.88 -0.019515955938051
16.89 -0.003980731067094
16.9 0.01980404140628
16.91 0.031017780911173
16.92 0.050563476374084
16.93 0.049163872569358
16.94 0.045350697138064
16.95 0.039761355313343
16.96 0.047568536805049
16.97 0.025858636077648
16.98 0.016560155278103
16.99 0.000489392740386
17.0 -0.008370965718842
17.01 -0.014366031622771
17.02 -0.011599063043129
17.03 -0.002454155057856
17.04 0.010692699835037
17.05 0.020003788630893
17.06 0.030910194054728
17.07 0.042796810807579
17.08 0.04041109541657
17.09 0.060375480583558
17.1 0.052903944062988
17.11 0.055844259810923
17.12 0.052127847185396
17.13 0.03229090801314
17.14 0.005815293080933
17.15 -0.014915117076298
17.16 -0.026830615647408
17.17 -0.042773206331254
17.18 -0.039015445310943
17.19 -0.040665812258439
17.2 -0.031933316481602
17.21 -0.022328212150369
17.22 -0.012639114145853
17.23 -0.010952529766887
17.24 -0.016833072867959
17.25 -0.031630522754764
17.26 -0.046782884397825
17.27 -0.060344494984297
17.28 -0.068920476662109
17.29 -0.073676304606708
17.3 -0.075000490183137
17.31 -0.078141458618299
17.32 -0.082934748835216
17.33 -0.089476475297845
17.34 -0.094246667640744
17.35 -0.100120180076453
17.36 -0.101514243664373
17.37 -0.094877889238962
17.38 -0.08702081738831
17.39 -0.072783599507907
17.4 -0.025620884331155
17.41 -0.012799586973964
17.42 0.004057465399533
17.43 0.010907941006085
17.44 0.01589513880167
17.45 0.02285106437149
17.46 0.025670213338705
17.47 0.032327145684345
17.48 0.040987701586736
17.49 0.049094104544349
17.5 0.05708893985241
17.51 0.058411539828232
17.52 0.056020255887137
17.53 0.05364249490884
17.54 0.050947892700413
17.55 0.046704964916804
17.56 0.040746809642538
17.57 0.034250775961512
17.58 0.028379492568988
17.59 0.026412456027053
17.6 0.028897274425894
17.61 0.041073460262572
17.62 0.042396828449989
17.63 0.039910725767006
17.64 0.038738055247309
17.65 0.021504166307196
17.66 0.010465253722794
17.67 0.014200598636928
17.68 0.033914315806704
17.69 0.038129262438374
17.7 0.052607699419187
17.71 0.060720030488605
17.72 0.053522414767358
17.73 0.049546595169556
17.74 0.039024189787228
17.75 0.025411589506788
17.76 0.008659077003234
17.77 -0.012772956928492
17.78 -0.033579717634966
17.79 -0.053583286197394
17.8 -0.071069347108604
17.81 -0.080697883381656
17.82 -0.078466153669537
17.83 -0.067780988714363
17.84 -0.055338683951631
17.85 -0.021041431774709
17.86 0.015882601267874
17.87 0.032529125896248
17.88 0.053766681594683
17.89 0.074442331757011
17.9 0.093976266236031
17.91 0.106364300475866
17.92 0.101774894938148
17.93 0.090495559895961
17.94 0.070538016719921
17.95 0.048240971588231
17.96 0.027564655379492
17.97 0.006336653351486
17.98 -0.014126281463558
17.99 -0.033557989780804
18.0 -0.045986639359588
18.01 -0.050530527295407
18.02 -0.050090938408593
18.03 -0.043158589728301
18.04 -0.023970462963038
18.05 0.057930780543008
18.06 0.044815392078611
18.07 0.078839076829676
18.08 0.087173759971217
18.09 0.098253392071318
18.1 0.083729081208003
18.11 0.06421680681082
18.12 0.092425932613473
18.13 0.071864160261115
18.14 0.086883418883038
18.15 0.063822662767966
18.16 0.055657167751141
18.17 0.032350293690606
18.18 0.017824903153124
18.19 -0.005141739557936
18.2 -0.014907723507785
18.21 -0.01988013086078
18.22 -0.027596862569068
18.23 -0.032455717291183
18.24 -0.035033948158489
18.25 -0.038308884498997
18.26 -0.044313084105783
18.27 -0.045169333146497
18.28 -0.047509121319778
18.29 -0.048692237087272
18.3 -0.054685098987896
18.31 -0.052941703090462
18.32 -0.041903873974961
18.33 -0.032038800801677
18.34 -0.024772931939713
18.35 -0.016509609908507
18.36 -0.004759150516446
18.37 0.008301069016165
18.38 0.007673231362257
18.39 0.01106923817121
18.4 0.010682201981114
18.41 0.016041190194596
18.42 0.014170277270787
18.43 0.003018923167464
18.44 -0.014214901518912
18.45 -0.025629289069704
18.46 -0.039892395372461
18.47 -0.050090289796786
18.48 -0.054092365904318
18.49 -0.05688313035622
18.5 -0.061672727641476
18.51 -0.061518360536212
18.52 -0.053548358706931
18.53 -0.038155988894598
18.54 -0.020871234544752
18.55 0.002035921552814
18.56 0.021032940328731
18.57 0.029770826467179
18.58 0.031684600342163
18.59 0.026577867240891
18.6 0.008971736254642
18.61 -0.00544963480004
18.62 -0.013651921253157
18.63 -0.025105201814768
18.64 -0.035407462225935
18.65 -0.044211603120588
18.66 -0.049285083545932
18.67 -0.049674792285141
18.68 -0.044917903772403
18.69 -0.040382748202704
18.7 -0.033635062964475
18.71 -0.024952205944658
18.72 -0.018153085155911
18.73 -0.013119973261384
18.74 -0.009127691402084
18.75 -0.009626840801416
18.76 -0.010367594994805
18.77 -0.015391301147576
18.78 -0.01799425709663
18.79 -0.02434278395158
18.8 -0.021560579212478
18.81 -0.020536367712521
18.82 -0.01669717936407
18.83 -0.004150480359243
18.84 0.007133569133794
18.85 0.013865302462081
18.86 0.019640796556552
18.87 0.026979044081986
18.88 0.034591283826469
18.89 0.040244259184742
18.9 0.048176205003396
18.91 0.047385320851135
18.92 0.044156403983953
18.93 0.040419326087853
18.94 0.033440598076712
18.95 0.025500366105181
18.96 0.012755858129069
18.97 -0.008918777256423
18.98 -0.027478278125999
18.99 -0.033539307969053
19.0 -0.035638764216944
19.01 -0.041365977351432
19.02 -0.046928468294516
19.03 -0.052269513975683
19.04 -0.05509237811415
19.05 -0.060764992835986
19.06 -0.059402016378602
19.07 -0.05393971946342
19.08 -0.04856843992452
19.09 -0.041169112990417
19.1 -0.02804090259082
19.11 -0.023560974876129
19.12 -0.02205285181224
19.13 -0.019819564414209
19.14 -0.019411470746135
19.15 -0.012645535533912
19.16 -0.01202913003017
19.17 -0.020415292386134
19.18 -0.025119481132813
19.19 -0.007389917666686
19.2 -0.010642740595774
19.21 -0.004922330877013
19.22 0.00351745910417
19.23 0.008795231152319
19.24 0.000575288617006
19.25 -0.004100977935482
19.26 -0.00345110505969
19.27 -0.002400652156355
19.28 -0.001953488313367
19.29 -0.000105253970359
19.3 0.005602006685199
19.31 0.016797636996258
19.32 0.031653353703363
19.33 0.045033505004232
19.34 0.057541742274025
19.35 0.070415620807703
19.36 0.08129017827007
19.37 0.088714477840961
19.38 0.092282687505668
19.39 0.09013777842733
19.4 0.081978550028596
19.41 0.068852457902126
19.42 0.049688072174838
19.43 0.039970380717426
19.44 0.029502322265101
19.45 0.020598501787348
19.46 0.014211374089998
19.47 0.008341576058107
19.48 0.010916673042499
19.49 0.015140633179312
19.5 0.025570865560049
19.51 0.036209676454941
19.52 0.046157820499499
19.53 0.052566893898163
19.54 0.058558235137887
19.55 0.065413604433331
19.56 0.07062907675943
19.57 0.072461801590279
19.58 0.071586479651292
19.59 0.066420475249501
19.6 0.054826719709049
19.61 0.02778500469705
19.62 0.040587024349614
19.63 0.040091099533119
19.64 0.046445294418247
19.65 0.062836509276611
19.66 0.064510884350812
19.67 0.045082789922132
19.68 0.025587605287968
19.69 -9.5551460196e-05
19.7 -0.033351476079001
19.71 -0.042946871715667
19.72 -0.05701250919477
19.73 -0.065208127140047
19.74 -0.062374777722692
19.75 -0.051012104718172
19.76 -0.056437705314431
19.77 -0.073713409406899
19.78 -0.037772561744708
19.79 -0.034208145308077
19.8 -0.012708021954517
19.81 0.014065668513729
19.82 0.019264988439018
19.83 0.035962064909849
19.84 0.039820470606082
19.85 0.039730684235723
19.86 0.038261222862375
19.87 0.019597177733931
19.88 -0.008284186624027
19.89 -0.072231414340012
19.9 -0.068601325949623
19.91 -0.102587614742928
19.92 -0.099730460830427
19.93 -0.111181340334742
19.94 -0.093616826675917
19.95 -0.045390377267007
19.96 -0.06491896299314
19.97 -0.058930874336925
19.98 -0.058272511757711
19.99 -0.04293303621397
20.0 -0.022871560361679
20.01 -0.008655671442346
20.02 0.008499557756664
20.03 0.010943541777673
20.04 0.010662743402189
20.05 0.008037053191008
20.06 0.001776771317903
20.07 -0.001798449429274
20.08 -0.010607368579721
20.09 -0.013491064163249
20.1 -0.013563635435772
20.11 -0.01294653081595
20.12 -0.005454683563979
20.13 0.004565901493368
20.14 0.018776327048945
20.15 0.026813162872213
20.16 0.020880012527273
20.17 0.013271348855153
20.18 0.009221466003891
20.19 -0.004691857212085
20.2 -0.021210757674422
20.21 -0.009489186947021
20.22 -0.009310865021174
20.23 -0.010673651340938
20.24 -0.018139414144846
20.25 -0.023098385160872
20.26 -0.024524480945009
20.27 -0.019670907860414
20.28 -0.013962747018218
20.29 -0.005236718405226
20.3 0.003214156979935
20.31 0.010005039438891
20.32 0.014087068347403
20.33 0.015403888603657
20.34 0.013300773195299
20.35 0.009349826603515
20.36 0.002840072741559
20.37 -0.009486277883894
20.38 -0.030754647565151
20.39 -0.0320453102724
20.4 -0.029086800072552
20.41 -0.025007015748712
20.42 -0.024483585323501
20.43 -0.013156516375645
20.44 -0.022894443709499
20.45 -0.035084552072999
20.46 -0.03476502870254
20.47 -0.038886692512362
20.48 -0.038003831404657
20.49 -0.03509555047481
20.5 -0.032048422868375
20.51 -0.027074537470747
20.52 -0.025195636342562
20.53 -0.019191388644023
20.54 -0.010779783089912
20.55 -0.005315175257459
20.56 0.002433549794065
20.57 0.007138879556737
20.58 0.012272700986824
20.59 0.018647692169279
20.6 0.020414836693761
20.61 0.019481566034744
20.62 0.011781680175
20.63 0.000242692929969
20.64 -0.010831158734266
20.65 -0.017031504352349
20.66 -0.020084365945157
20.67 -0.017933518528834
20.68 -0.01110177310135
20.69 -0.003341876082525
20.7 0.002918132380267
20.71 0.007538082637493
20.72 0.011502601396316
20.73 0.017593578453407
20.74 0.020742379750064
20.75 0.020034967483714
20.76 0.01446739766784
20.77 0.006675083278097
20.78 -6.3254872272e-05
20.79 -0.004101653018051
20.8 -0.004364667840227
20.81 -0.00360359578634
20.82 -0.001435967011976
20.83 0.004370778439551
20.84 0.014508140336732
20.85 0.024528461696135
20.86 0.031448091778398
20.87 0.036167739835025
20.88 0.03638496897249
20.89 0.034299155700506
20.9 0.027258309179022
20.91 0.013612464522253
20.92 -0.000579404075263
20.93 -0.013269536627378
20.94 -0.024935172997497
20.95 -0.03425119106531
20.96 -0.037612588411095
20.97 -0.042012033710442
20.98 -0.037129955322908
20.99 -0.030379364549223
21.0 -0.013795175223307
21.01 -0.003744216930067
21.02 0.00571844154099
21.03 0.010604158099393
21.04 0.012636546453883
21.05 0.005767219965492
21.06 0.003846193304215
21.07 -0.004429343967797
21.08 -0.004090926687753
21.09 -0.009919528836926
21.1 -0.021288105904637
21.11 -0.025969483831942
21.12 -0.026034243241045
21.13 -0.029866603021745
21.14 -0.018622329803299
21.15 -0.01119453619361
21.16 -0.003731992270234
21.17 0.000516305873978
21.18 0.003849615422586
21.19 0.006803788954832
21.2 0.009762869577772
21.21 0.009983122355297
21.22 0.007604679809562
21.23 0.005630575394007
21.24 0.003133837451091
21.25 0.006615898210657
21.26 0.0146860519543
21.27 0.023850020051693
21.28 0.032374680685151
21.29 0.038835132526507
21.3 0.034715300823632
21.31 0.042263099187936
21.32 0.057605876773525
21.33 0.05740616224616
21.34 0.05788548601661
21.35 0.057903468628878
21.36 0.050417317241822
21.37 0.041026521635768
21.38 0.009353023247066
21.39 -0.000862901951628
21.4 -0.014855646962747
21.41 -0.020800280344568
21.42 -0.028582120076442
21.43 -0.03474437793336
21.44 -0.033969553633932
21.45 -0.027814863211489
21.46 -0.017831357137821
21.47 -0.00422680616513
21.48 0.008995909427606
21.49 0.022848265954774
21.5 0.033736842977938
21.51 0.049360078426065
21.52 0.059528960592385
21.53 0.066402227230745
21.54 0.06379992084575
21.55 0.058245557106321
21.56 0.036396830572119
21.57 0.015090177328369
21.58 0.002340470128955
21.59 0.001958305876785
21.6 0.003342954734109
21.61 0.009865769619889
21.62 0.014658988589344
21.63 0.010177000512112
21.64 0.006282585726406
21.65 0.008714890081237
21.66 0.011747921601489
21.67 0.015455512949749
21.68 0.024613620097366
21.69 0.034723583888129
21.7 0.04047417902484
21.71 0.048958805274793
21.72 0.044517098179221
21.73 0.036911613666082
21.74 0.020237520409918
21.75 0.007553089430792
21.76 -0.009799052535703
21.77 -0.0144756379268
21.78 -0.017144062566456
21.79 -0.018582869775266
21.8 -0.015269987950648
21.81 -0.01487312350473
21.82 -0.014246225301908
21.83 -0.013696427994428
21.84 -0.014904808915435
21.85 -0.015737136942608
21.86 -0.015919476600159
21.87 -0.014344720652409
21.88 -0.011944738880375
21.89 -0.009460171258959
21.9 -0.009030499043143
21.91 -0.012323156166673
21.92 -0.018542448534037
21.93 -0.026821996452275
21.94 -0.041409848317842
21.95 -0.039903904673767
21.96 -0.03724593423019
21.97 -0.026717360561995
21.98 -0.011716702323998
21.99 -0.000123309262397
22.0 0.000339137167153
22.01 0.002037765696488
22.02 0.004854777019593
22.03 0.005749074420273
22.04 0.006068467989369
22.05 0.004764744406862
22.06 0.00525222665153
22.07 0.003525250770572
22.08 -0.001560963960781
22.09 -0.006677755247099
22.1 -0.011074749422462
22.11 -0.016438766916626
22.12 -0.020701159004538
22.13 -0.024112704690395
22.14 -0.024834557063824
22.15 -0.022207244348957
22.16 -0.01862997861743
22.17 -0.015426445624421
22.18 -0.013773884048199
22.19 -0.012110679257671
22.2 -0.012370029498424
22.21 -0.011417180480791
22.22 -0.010775923950877
22.23 -0.012912400695913
22.24 -0.016261955817444
22.25 -0.02221819662742
22.26 -0.029579873098975
22.27 -0.038755392771849
22.28 -0.047249120273122
22.29 -0.049254169436517
22.3 -0.052308999833051
22.31 -0.055272645168261
22.32 -0.053897030744053
22.33 -0.042536633855508
22.34 -0.029426720697569
22.35 -0.015209448031246
22.36 -0.009598847098279
22.37 -0.006380188799129
22.38 -0.002153617486431
22.39 -0.003604509318244
22.4 -0.006162693176003
22.41 -0.01162137978947
22.42 -0.019470674778833
22.43 -0.031941471792504
22.44 -0.042613292619738
22.45 -0.052448884156721
22.46 -0.054247617052985
22.47 -0.052251908841383
22.48 -0.048660970402407
22.49 -0.040867192610878
22.5 -0.032435436136691
22.51 -0.016607578155813
22.52 0.004522012413468
22.53 0.020540864566525
22.54 0.029534038860723
22.55 0.033242283488442
22.56 0.034813842141897
22.57 0.025787880622812
22.58 0.010138708124182
22.59 0.003020907451356
22.6 -0.004278005884268
22.61 -0.014286025098812
22.62 -0.022248584321581
22.63 -0.027395513798852
22.64 -0.023063084380568
22.65 -0.012751960815397
22.66 0.000678882203054
22.67 0.016677703037079
22.68 0.014190766054462
22.69 0.025952263523883
22.7 0.031702607179453
22.71 0.039038182632896
22.72 0.040179140534763
22.73 0.040875622482667
22.74 0.039513740194472
22.75 0.017457353431927
22.76 0.003055941046563
22.77 -0.014625272980049
22.78 -0.018641422418027
22.79 -0.022376201509268
22.8 -0.022887978310055
22.81 -0.017648812642428
22.82 -0.009652446403261
22.83 -0.000883666893478
22.84 0.010448157725593
22.85 0.022105204293329
22.86 0.030063951661587
22.87 0.033431017124821
22.88 0.033303349852601
22.89 0.027695120012861
22.9 0.025186851114093
22.91 0.022311872055109
22.92 0.01788490987626
22.93 0.010693107363695
22.94 0.001324714804464
22.95 -0.010114889007208
22.96 -0.009887979195423
22.97 -0.005294480731447
22.98 0.007648858318345
22.99 0.023110991785727
23.0 0.03327285443546
23.01 0.037649047951362
23.02 0.042696726173306
23.03 0.044681315124349
23.04 0.050536660224868
23.05 0.052538570089174
23.06 0.042754436761362
23.07 0.038717271499437
23.08 0.032026322462702
23.09 0.020520432017187
23.1 0.014236492096745
23.11 0.01477790555034
23.12 0.017719148296234
23.13 0.019195036992117
23.14 0.022049880281696
23.15 0.02242295475167
23.16 0.026540903259135
23.17 0.034145079038482
23.18 0.03588836097807
23.19 0.032854000901415
23.2 0.023626137267301
23.21 0.015464683185021
23.22 0.004292915121091
23.23 -3.2854675363e-05
23.24 -0.000101307041641
23.25 -0.002566969297869
23.26 -0.005939629310265
23.27 -0.010665885786971
23.28 -0.013200097374089
23.29 -0.016345430880612
23.3 -0.014766532852713
23.31 -0.008488567964798
23.32 -0.001248989997194
23.33 0.004365916223208
23.34 0.008675583935432
23.35 0.010709662188277
23.36 0.00930775103589
23.37 0.004709901334575
23.38 -0.000665073958229
23.39 -0.006639433762278
23.4 -0.01338449452432
23.41 -0.015454635241883
23.42 -0.013346321006747
23.43 -0.010579442122389
23.44 -0.011872290595502
23.45 -0.014902246838593
23.46 -0.015727758904873
23.47 -0.015913670271784
23.48 -0.016037772197618
23.49 -0.012610861708627
23.5 -0.008009991920322
23.51 -0.004887507756564
23.52 -0.000353868740798
23.53 0.006160930552145
23.54 0.009809934848263
23.55 0.010998342811895
23.56 0.009760709203679
23.57 0.004910423920626
23.58 0.001546785583808
23.59 0.00098723398131
23.6 0.001099005932226
23.61 8.0030194521e-05
23.62 -0.002913482444581
23.63 -0.007322515940654
23.64 -0.009507924664974
23.65 -0.0107307301892
23.66 -0.009840369533278
23.67 -0.006391353476688
23.68 -0.001245867211655
23.69 0.00434067381577
23.7 0.007965708857854
23.71 0.0097943002958
23.72 0.008733351630744
23.73 0.004629290139676
23.74 -0.001242279676677
23.75 -0.008369449501408
23.76 -0.016089009644863
23.77 -0.021564247628077
23.78 -0.022382658733665
23.79 -0.019599437439639
23.8 -0.015145306593154
23.81 -0.007410410283526
23.82 -0.003291667348429
23.83 0.001511778056407
23.84 0.008639668585966
23.85 0.014699870320368
23.86 0.018653238181015
23.87 0.019452538544818
23.88 0.016884270960339
23.89 0.008359434288734
23.9 -0.002796441733851
23.91 -0.015086631009226
23.92 -0.026519665401592
23.93 -0.033199237249894
23.94 -0.035545953529028
23.95 -0.032740104927146
23.96 -0.028255873924534
23.97 -0.019040740923443
23.98 -0.00994326971071
23.99 -0.001496453119865
24.0 0.005866307440459
24.01 0.010520829893786
24.02 0.012299376194279
24.03 0.011560706383977
24.04 0.009983613789252
24.05 0.005782157478824
24.06 0.0007124247381
24.07 -0.0100473818922
24.08 -0.019124834786781
24.09 -0.028414515981539
24.1 -0.030993807337051
24.11 -0.029995772042502
24.12 -0.028677521002783
24.13 -0.018302914689435
24.14 -0.012123338712417
24.15 -0.005954984689053
24.16 -0.004203069615985
24.17 0.000802768797746
24.18 0.005128733645063
24.19 0.004924289229529
24.2 -0.000251410965782
24.21 -0.005991776349987
24.22 -0.012564173250796
24.23 -0.018299867742511
24.24 -0.022481881679019
24.25 -0.023858648438536
24.26 -0.024282500160436
24.27 -0.022621588642096
24.28 -0.018661825538651
24.29 -0.014593286885984
24.3 -0.012295970556048
24.31 -0.008865431498791
24.32 -0.004730940347238
24.33 -0.002612642239519
24.34 -0.002567513338588
24.35 -0.003520944670886
24.36 -0.005487051846499
24.37 -0.006614811864741
24.38 -0.005403621304782
24.39 -0.006991626737787
24.4 -0.008641889053939
24.41 -0.00637980206856
24.42 -0.003496515588685
24.43 -4.5268026362e-05
24.44 0.003498084337377
24.45 0.005473705288594
24.46 0.006561050696643
24.47 0.006499716063076
24.48 0.006055841112947
24.49 0.004958522435427
24.5 0.003904132931268
24.51 0.003187295640031
24.52 0.002542983515357
24.53 0.002621119727721
24.54 0.00344332679254
24.55 0.004893349934452
24.56 0.007264394042826
24.57 0.011425647398025
24.58 0.015871018106229
24.59 0.020683360730723
24.6 0.025438307845139
24.61 0.026900008889846
24.62 0.025434277262927
24.63 0.021849791755722
24.64 0.014315490944915
24.65 0.006697897964913
24.66 -0.001113983927966
24.67 -0.00992389562579
24.68 -0.015900749781845
24.69 -0.020753350488349
24.7 -0.024378269410173
24.71 -0.026022740394648
24.72 -0.024735689646661
24.73 -0.022900214940431
24.74 -0.017384762413894
24.75 -0.008134931735482
24.76 0.000264560679464
24.77 0.00799847422154
24.78 0.013888040144216
24.79 0.017969076184859
24.8 0.018907712545766
24.81 0.01812320534669
24.82 0.011957615575554
24.83 0.005321155307326
24.84 -0.000438468036495
24.85 -0.000895295215391
24.86 0.000705526477909
24.87 0.00246741319249
24.88 0.005186027514792
24.89 0.006162060003176
24.9 0.010008937907585
24.91 0.017247701396997
24.92 0.025540126090926
24.93 0.031778405395153
24.94 0.038854299745107
 
 
 
 
 
 
 
 
 
 
 
 
 
 
 
 
 
 
 
 
 
 
 
 
 
 
 
 
 
 
 
 
 
 
 
 
 
 
 
 
 
 
 
 
 
 
 
 
 
 
 
 
 
 
 
 
 
 
 
 
 
 
 
 
 
 
 
 
 
 
 
 
 
 
 
 
 
 
 
 
 
 
 
 
 
 
 
 
 
 
 
 
 
 
 
 
 
 
 
 
 
 
 
 
 
 
 
 
 
 
 
 
 
 
 
 
 
 
 
 
 
 
 
 
 
 
 
 
 
 
 
 
 
 
 
 
 
 
 
 
 
 
 
 
 
 
 
 
 
 
 
 
 
 
 
 
 
 
 
 
 
 
 
 
 
 
 
 
 
 
 
 
 
 
 
 
 
 
 
 
 
 
 
 
 
 
 
 
 
 
 
 
 
 
 
 
 
 
 
 
 
 
 
 
 
 
 
 
 
 
 
 
 
 
 
 
 
 
 
 
 
 
 
 
 
 
 
 
 
 
 
 
 
 
 
 
 
 
 
 
 
 
 
 
 
 
 
 
 
 
 
 
 
 
 
 
 
 
 
 
 
 
 
 
 
 
 
 
 
 
 
 
 
 
 
 
 
 
 
 
 
 
 
 
 
 
 
 
 
 
 
 
 
 
 
 
 
 
 
 
 
 
 
 
 
 
 
 
 
 
 
 
 
 
 
 
 
 
 
 
 
 
 
 
 
 
 
 
 
 
 
 
 
 
 
 
 
 
 
 
 
 
 
 
 
 
 
 
 
 
 
 
 
 
 
 
 
 
 
 
 
 
 
 
 
 
 
 
 
 
 
 
 
 
 
 
 
 
 
 
 
 
 
 
 
 
 
 
 
 
 
 
 
 
 
 
 
 
 
 
 
 
 
 
 
 
 
 
 
 
 
 
 
 
 
 
 
 
 
 
 
 
 
 
 
 
 
 
 
 
 
 
 
 
 
 
 
 
 
 
 
 
 
 
 
 
 
 
 
 
 
 
 
 
 
 
 
 
 
 
 
 
 
 
 
 
 
 
 
 
 
 
 
 
 
 
 
 
 
 
 
 
 
 
 
 
 
 
 
 
 
 
 
 
 
 
 
 
 
 
 
 
 
 
 
 
 
 
 
 
 
 
 
 
 
 
 
 
 
 
 
 
 
 
 
 
 
 
 
 
 
 
 
 
 
 
 
 
 
 
 
 
 
 
 
 
 
 
 
 
 
 
 
 
 
 
 
 
 
 
 
 
 
 
 
 
 
 
 
 
 
 
 
 
 
 
 
 
 
 
 
 
 
 
 
 
 
 
 
 
 
 
 
 
 
 
 
 
 
 
 
 
 
 
 
 
 
 
 
 
 
 
 
 
 
 
 
 
 
 
 
 
 
 
 
 
 
 
 
 
 
 
 
 
 
 
 
 
 
 
 
 
 
 
 
 
 
 
 
 
 
 
 
 
 
 
 
 
 
 
 
 
 
 
 
 
 
 
 
 
 
 
 
 
 
 
 
 
 
 
 
 
 
 
 
 
 
 
 
 
 
 
 
 
 
 
 
 
 
 
 
 
 
 
 
 
 
 
 
 
 
 
 
 
 
 
 
 
 
 
 
 
 
 
 
 
 
 
 
 
 
 
 
 
 
 
 
 
 
 
 
 
 
 
 
 
 
 
 
 
 
 
 
 
 
 
 
 
 
 
 
 
 
 
 
 
 
 
 
 
 
 
 
 
 
 
 
 
 
 
 
 
 
 
 
 
 
 
 
 
 
 
 
 
 
 
 
 
 
 
 
 
 
 
 
 
 
 
 
 
 
 
 
 
 
 
 
 
 
 
 
 
 
 
 
 
 
 
 
 
 
 
 
 
 
 
 
 
 
 
 
 
 
 
 
 
 
 
 
 
 
 
 
 
 
 
 
 
 
 
 
 
 
 
 
 
 
 
 
 
 
 
 
 
 
 
 
 
 
 
 
 
 
 
 
 
 
 
 
 
 
 
 
 
 
 
 
 
 
 
 
 
 
 
 
 
 
 
 
 
 
 
 
 
 
 
 
 
 
 
 
 
 
 
 
 
 
 
 
 
 
 
 
 
 
 
 
 
 
 
 
 
 
 
 
 
 
 
 
 
 
 
 
 
 
 
 
 
 
 
 
 
 
 
 
 
 
 
 
 
 
 
 
 
 
 
 
 
 
 
 
 
 
 
 
 
 
 
 
 
 
 
 
 
 
 
 
 
 
 
 
 
 
 
 
 
 
 
 
 
 
 
 
 
 
 
 
 
 
 
 
 
 
 
 
 
 
 
 
 
 
 
 
 
 
 
 
 
 
 
 
 
 
 
 
 
 
 
 
 
 
 
 
 
 
 
 
 
 
 
 
 
 
 
 
 
 
 
 
 
 
 
 
 
 
 
 
 
 
 
 
 
 
 
 
 
 
 
 
 
 
 
 
 
 
 
 
 
 
 
 
 
 
 
 
 
 
 
 
 
 
 
 
 
 
 
 
 
 
 
 
 
 
 
 
 
 
 
 
 
 
 
 
 
 
 
 
 
 
 
 
 
 
 
 
 
 
 
 
 
 
 
 
 
 
 
 
 
 
 
 
 
 
 
 
 
 
 
 
 
 
 
 
 
 
 
 
 
 
 
 
 
 
 
 
 
 
 
 
 
 
 
 
 
 
 
 
 
 
 
 
 
 
 
 
 
 
 
 
 
 
 
 
 
 
 
 
 
 
 
 
 
 
 
 
 
 
 
 
 
 
 
 
 
 
 
 
 
 
 
 
 
 
 
 
 
 
 
 
 
 
 
 
 
 
 
 
 
 
 
 
 
 
 
 
 
 
 
 
 
 
 
 
 
 
 
 
 
 
 
 
 
 
 
 
 
 
 
 
 
 
 
 
 
 
 
 
 
 
 
 
 
 
 
 
 
 
 
 
 
 
 
 
 
 
 
 
 
 
 
 
 
 
 
 
 
 
 
 
 
 
 
 
 
 
 
 
 
 
 
 
 
 
 
 
 
 
 
 
 
 
 
 
 
 
 
 
 
 
 
 
 
 
 
 
 
 
 
 
 
 
 
 
 
 
 
 
 
 
 
 
 
 
 
 
 
 
 
 
 
 
 
 
 
 
 
 
 
 
 
 
 
 
 
 
 
 
 
 
 
 
 
 
 
 
 
 
 
 
 
 
 
 
 
 
 
 
 
 
 
 
 
 
 
 
 
 
 
 
 
 
 
 
 
 
 
 
 
 
 
 
 
 
 
 
 
 
 
 
 
 
 
 
 
 
 
 
 
 
 
 
 
 
 
 
 
 
 
 
 
 
 
 
 
 
 
 
 
 
 
 
 
 
 
 
 
 
 
 
 
 
 
 
 
 
 
 
 
 
 
 
 
 
 
 
 
 
 
 
 
 
 
 
 
 
 
 
 
 
 
 
 
 
 
 
 
 
 
 
 
 
 
 
 
 
 
 
 
 
 
 
 
 
 
 
 
 
 
 
 
 
 
 
 
 
 
 
 
 
 
 
 
 
 
 
 
 
 
 
 
 
 
 
 
 
 
 
 
 
 
 
 
 
 
 
 
 
 
 
 
 
 
 
 
 
 
 
 
 
 
 
 
 
 
 
 
 
 
 
 
 
 
 
 
 
 
 
 
 
 
 
 
 
 
 
 
 
 
 
 
 
 
 
 
 
 
 
 
 
 
 
 
 
 
 
 
 
 
 
 
 
 
 
 
 
 
 
 
 
 
 
 
 
 
 
 
 
 
 
 
 
 
 
 
 
 
 
 
 
 
 
 
 
 
 
 
 
 
 
 
 
 
 
 
 
 
 
 
 
 
 
 
 
 
 
 
 
 
 
 
 
 
 
 
 
 
 
 
 
 
 
 
 
 
 
 
 
 
 
 
 
 
 
 
 
 
 
 
 
 
 
 
 
 
 
 
 
 
 
 
 
 
 
 
 
 
 
 
 
 
 
 
 
 
 
 
 
 
 
 
 
 
 
 
 
 
 
 
 
 
 
 
 
 
 
 
 
 
 
 
 
 
 
 
 
 
 
 
 
 
 
 
 
 
 
 
 
 
 
 
 
 
 
 
 
 
 
 
 
 
 
 
 
 
 
 
 
 
 
 
 
 
 
 
 
 
 
 
 
 
 
 
 
 
 
 
 
 
 
 
 
 
 
 
 
 
 
 
 
 
 
 
 
 
 
 
 
 
 
 
 
 
 
 
 
 
 
 
 
 
 
 
 
 
 
 
 
 
 
 
 
 
 
 
 
 
 
 
 
 
 
 
 
 
 
 
 
 
 
 
 
 
 
 
 
 
 
 
 
 
 
 
 
 
 
 
 
 
 
 
 
 
 
 
 
 
 
 
 
 
 
 
 
 
 
 
 
 
 
 
 
 
 
 
 
 
 
 
 
 
 
 
 
 
 
 
 
 
 
 
 
 
 
 
 
 
 
 
 
 
 
 
 
 
 
 
 
 
 
 
 
 
 
 
 
 
 
 
 
 
 
 
 
 
 
 
 
 
 
 
 
 
 
 
 
 
 
 
 
 
 
 
 
 
 
 
 
 
 
 
 
 
 
 
 
 
 
 
 
 
 
 
 
 
 
 
 
 
 
 
 
 
 
 
 
 
 
 
 
 
 
 
 
 
 
 
 
 
 
 
 
 
 
 
 
 
 
 
 
 
 
 
 
 
 
 
 
 
 
 
 
 
 
 
 
 
 
 
 
 
 
 
 
 
 
 
 
 
 
 
 
 
 
 
 
 
 
 
 
 
 
 
 
 
 
 
 
 
 
 
 
 
 
 
 
 
 
 
 
 
 
 
 
 
 
 
 
 
 
 
 
 
 
 
 
 
 
 
 
 
 
 
 
 
 
 
 
 
 
 
 
 
 
 
 
 
 
 
 
 
 
 
 
 
 
 
 
 
 
 
 
 
 
 
 
 
 
 
 
 
 
 
 
 
 
 
 
 
 
 
 
 
 
 
 
 
 
 
 
 
 
 
 
 
 
 
 
 
 
 
 
 
 
 
 
 
 
 
 
 
 
 
 
 
 
 
 
 
 
 
 
 
 
 
 
 
 
 
 
 
 
 
 
 
 
 
 
 
 
 
 
 
 
 
 
 
 
 
 
 
 
 
 
 
 
 
 
 
 
 
 
 
 
 
 
 
 
 
 
 
 
 
 
 
 
 
 
 
 
 
 
 
 
 
 
 
 
 
 
 
 
 
 
 
 
 
 
 
 
 
 
 
 
 
 
 
 
 
 
 
 
 
 
 
 
 
 
 
 
 
 
 
 
 
 
 
 
 
 
 
 
 
 
 
 
 
 
 
 
 
 
 
 
 
 
 
 
 
 
 
 
 
 
 
 
 
 
 
 
 
 
 
 
 
 
 
 
 
 
 
 
 
 
 
 
 
 
 
 
 
 
 
 
 
 
 
 
 
 
 
 
 
 
 
 
 
 
 
 
 
 
 
 
 
 
 
 
 
 
 
 
 
 
 
 
 
 
 
 
 
 
 
 
 
 
 
 
 
 
 
 
 
 
 
 
 
 
 
 
 
 
 
 
 
 
 
 
 
 
 
 
 
 
 
 
 
 
 
 
 
 
 
 
 
 
 
 
 
 
 
 
 
 
 
 
 
 
 
 
 
 
 
 
 
 
 
 
 
 
 
 
 
 
 
 
 
 
 
 
 
 
 
 
 
 
 
 
 
 
 
 
 
 
 
 
 
 
 
 
 
 
 
 
 
 
 
 
 
 
 
 
 
 
 
 
 
 
 
 
 
 
 
 
 
 
 
 
 
 
 
 
 
 
 
 
 
 
 
 
 
 
 
 
 
 
 
 
 
 
 
 
 
 
 
 
 
 
 
 
 
 
 
 
 
 
 
 
 
 
 
 
 
 
 
 
 
 
 
 
 
 
 
 
 
 
 
 
 
 
 
 
 
 
 
 
 
 
 
 
 
 
 
 
 
 
 
 
 
 
 
 
 
 
 
 
 
 
 
 
 
 
 
 
 
 
 
 
 
 
 
 
 
 
 
 
 
 
 
 
 
 
 
 
 
 
 
 
 
 
 
 
 
 
 
 
 
 
 
 
 
 
 
 
 
 
 
 
 
 
 
 
 
 
 
 
 
 
 
 
 
 
 
 
 
 
 
 
 
 
 
 
 
 
 
 
 
 
 
 
 
 
 
 
 
 
 
 
 
 
 
 
 
 
 
 
 
 
 
 
 
 
 
 
 
 
 
 
 
 
 
 
 
 
 
 
 
 
 
 
 
 
 
 
 
 
 
 
 
 
 
 
 
 
 
 
 
 
 
 
 
 
 
 
 
 
 
 
 
 
 
 
 
 
 
 
 
 
 
 
 
 
 
 
 
 
 
 
 
 
 
 
 
 
 
 
 
 
 
 
 
 
 
 
 
 
 
 
 
 
 
 
 
 
 
 
 
 
 
 
 
 
 
 
 
 
 
 
 
 
 
 
 
 
 
 
 
 
 
 
 
 
 
 
 
 
 
 
 
 
 
 
 
 
 
 
 
 
 
 
 
 
 
 
 
 
 
 
 
 
 
 
 
 
 
 
 
 
 
 
 
 
 
 
 
 
 
 
 
 
 
 
 
 
 
 
 
 
 
 
 
 
 
 
 
 
 
 
 
 
 
 
 
 
 
 
 
 
 
 
 
 
 
 
 
 
 
 
 
 
 
 
 
 
 
 
 
 
 
 
 
 
 
 
 
 
 
 
 
 
 
 
 
 
 
 
 
 
 
 
 
 
 
 
 
 
 
 
 
 
 
 
 
 
 
 
 
 
 
 
 
 
 
 
 
 
 
 
 
 
 
 
 
 
 
 
 
 
 
 
 
 
 
 
 
 
 
 
 
 
 
 
 
 
 
 
 
 
 
 
 
 
 
 
 
 
 
 
 
 
 
 
 
 
 
 
 
 
 
 
 
 
 
 
 
 
 
 
 
 
 
 
 
 
 
 
 
 
 
 
 
 
 
 
 
 
 
 
 
 
 
 
 
 
 
 
 
 
 
 
 
 
 
 
 
 
 
 
 
 
 
 
 
 
 
 
 
 
 
 
 
 
 
 
 
 
 
 
 
 
 
 
 
 
 
 
 
 
 
 
 
 
 
 
 
 
 
 
 
 
 
 
 
 
 
 
 
 
 
 
 
 
 
 
 
 
 
 
 
 
 
 
 
 
 
 
 
 
 
 
 
 
 
 
 
 
 
 
 
 
 
 
 
 
 
 
 
 
 
 
 
 
 
 
 
 
 
 
 
 
 
 
 
 
 
 
 
 
 
 
 
 
 
 
 
 
 
 
 
 
 
 
 
 
 
 
 
 
 
 
 
 
 
 
 
 
 
 
 
 
 
 
 
 
 
 
 
 
 
 
 
 
 
 
 
 
 
 
 
 
 
 
 
 
 
 
 
 
 
 
 
 
 
 
 
 
 
 
 
 
 
 
 
 
 
 
 
 
 
 
 
 
 
 
 
 
 
 
 
 
 
 
 
 
 
 
 
 
 
 
 
 
 
 
 
 
 
 
 
 
 
 
 
 
 
 
 
 
 
 
 
 
 
 
 
 
 
 
 
 
 
 
 
 
 
 
 
 
 
 
 
 
 
 
 
 
 
 
 
 
 
 
 
 
 
 
 
 
 
 
 
 
 
 
 
 
 
 
 
 
 
 
 
 
 
 
 
 
 
 
 
 
 
 
 
 
 
 
 
 
 
 
 
 
 
 
 
 
 
 
 
 
 
 
 
 
 
 
 
 
 
 
 
 
 
 
 
 
 
 
 
 
 
 
 
 
 
 
 
 
 
 
 
 
 
 
 
 
 
 
 
 
 
 
 
 
 
 
 
 
 
 
 
 
 
 
 
 
 
 
 
 
 
 
 
 
 
 
 
 
 
 
 
 
 
 
 
 
 
 
 
 
 
 
 
 
 
 
 
 
 
 
 
 
 
 
 
 
 
 
 
 
 
 
 
 
 
 
 
 
 
 
 
 
 
 
 
 
 
 
 
 
 
 
 
 
 
 
 
 
 
 
 
 
 
 
 
 
 
 
 
 
 
 
 
 
 
 
 
 
 
 
 
 
 
 
 
 
 
 
 
 
 
 
 
 
 
 
 
 
 
 
 
 
 
 
 
 
 
 
 
 
 
 
 
 
 
 
 
 
 
 
 
 
 
 
 
 
 
 
 
 
 
 
 
 
 
 
 
 
 
 
 
 
 
 
 
 
 
 
 
 
 
 
 
 
 
 
 
 
 
 
 
 
 
 
 
 
 
 
 
 
 
 
 
 
 
 
 
 
 
 
 
 
 
 
 
 
 
 
 
 
 
 
 
 
 
 
 
 
 
 
 
 
 
 
 
 
 
 
 
 
 
 
 
 
 
 
 
 
 
 
 
 
 
 
 
 
 
 
 
 
 
 
 
 
 
 
 
 
 
 
 
 
 
 
 
 
 
 
 
 
 
 
 
 
 
 
 
 
 
 
 
 
 
 
 
 
 
 
 
 
 
 
 
 
 
 
 
 
 
 
 
 
 
 
 
 
 
 
 
 
 
 
 
 
 
 
 
 
 
 
 
 
 
 
 
 
 
 
 
 
 
 
 
 
 
 
 
 
 
 
 
 
 
 
 
 
 
 
 
 
 
 
 
 
 
 
 
 
 
 
 
 
 
 
 
 
 
 
 
 
 
 
 
 
 
 
 
 
 
 
 
 
 
 
 
 
 
 
 
 
 
 
 
 
 
 
 
 
 
 
 
 
 
 
 
 
 
 
 
 
 
 
 
 
 
 
 
 
 
 
 
 
 
 
 
 
 
 
 
 
 
 
 
 
 
 
 
 
 
 
 
 
 
 
 
 
 
 
 
 
 
 
 
 
 
 
 
 
 
 
 
 
 
 
 
 
 
 
 
 
 
 
 
 
 
 
 
 
 
 
 
 
 
 
 
 
 
 
 
 
 
 
 
 
 
 
 
 
 
 
 
 
 
 
 
 
 
 
 
 
 
 
 
 
 
 
 
 
 
 
 
 
 
 
 
 
 
 
 
 
 
 
 
 
 
 
 
 
 
 
 
 
 
 
 
 
 
 
 
 
 
 
 
 
 
 
 
 
 
 
 
 
 
 
 
 
 
 
 
 
 
 
 
 
 
 
 
 
 
 
 
 
 
 
 
 
 
 
 
 
 
 
 
 
 
 
 
 
 
 
 
 
 
 
 
 
 
 
 
 
 
 
 
 
 
 
 
 
 
 
 
 
 
 
 
 
 
 
 
 
 
 
 
 
 
 
 
 
 
 
 
 
 
 
 
 
 
 
 
 
 
 
 
 
 
 
 
 
 
 
 
 
 
 
 
 
 
 
 
 
 
 
 
 
 
 
 
 
 
 
 
 
 
 
 
 
 
 
 
 
 
 
 
 
 
 
 
 
 
 
 
 
 
 
 
 
 
 
 
 
 
 
 
 
 
 
 
 
 
 
 
 
 
 
 
 
 
 
 
 
 
 
 
 
 
 
 
 
 
 
 
 
 
 
 
 
 
 
 
 
 
 
 
 
 
 
 
 
 
 
 
 
 
 
 
 
 
 
 
 
 
 
 
 
 
 
 
 
 
 
 
 
 
 
 
 
 
 
 
 
 
 
 
 
 
 
 
 
 
 
 
 
 
 
 
 
 
 
 
 
 
 
 
 
 
 
 
 
 
 
 
 
 
 
 
 
 
 
 
 
 
 
 
 
 
 
 
 
 
 
 
 
 
 
 
 
 
 
 
 
 
 
 
 
 
 
 
 
 
 
 
 
 
 
 
 
 
 
 
 
 
 
 
 
 
 
 
 
 
 
 
 
 
 
 
 
 
 
 
 
 
 
 
 
 
 
 
 
 
 
 
 
 
 
 
 
 
 
 
 
 
 
 
 
 
 
 
 
 
 
 
 
 
 
 
 
 
 
 
 
 
 
 
 
 
 
 
 
 
 
 
 
 
 
 
 
 
 
 
 
 
 
 
 
 
 
 
 
 
 
 
 
 
 
 
 
 
 
 
 
 
 
 
 
 
 
 
 
 
 
 
 
 
 
 
 
 
 
 
 
 
 
 
 
 
 
 
 
 
 
 
 
 
 
 
 
 
 
 
 
 
 
 
 
 
 
 
 
 
 
 
 
 
 
 
 
 
 
 
 
 
 
 
 
 
 
 
 
 
 
 
 
 
 
 
 
 
 
 
 
 
 
 
 
 
 
 
 
 
 
 
 
 
 
 
 
 
 
 
 
 
 
 
 
 
 
 
 
 
 
 
 
 
 
 
 
 
 
 
 
 
 
 
 
 
 
 
 
 
 
 
 
 
 
 
 
 
 
 
 
 
 
 
 
 
 
 
 
 
 
 
 
 
 
 
 
 
 
 
 
 
 
 
 
 
 
 
 
 
 
 
 
 
 
 
 
 
 
 
 
 
 
 
 
 
 
 
 
 
 
 
 
 
 
 
 
 
 
 
 
 
 
 
 
 
 
 
 
 
 
 
 
 
 
 
 
 
 
 
 
 
 
 
 
 
 
 
 
 
 
 
 
 
 
 
 
 
 
 
 
 
 
 
 
 
 
 
 
 
 
 
 
 
 
 
 
 
 
 
 
 
 
 
 
 
 
 
 
 
 
 
 
 
 
 
 
 
 
 
 
 
 
 
 
 
 
 
 
 
 
 
 
 
 
 
 
 
 
 
 
 
 
 
 
 
 
 
 
 
 
 
 
 
 
 
 
 
 
 
 
 
 
 
 
 
 
 
 
 
 
 
 
 
 
 
 
 
 
 
 
 
 
 
 
 
 
 
 
 
 
 
 
 
 
 
 
 
 
 
 
 
 
 
 
 
 
 
 
 
 
 
 
 
 
 
 
 
 
 
 
 
 
 
 
 
 
 
 
 
 
 
 
 
 
 
 
 
 
 
 
 
 
 
 
 
 
 
 
 
 
 
 
 
 
 
 
 
 
 
 
 
 
 
 
 
 
 
 
 
 
 
 
 
 
 
 
 
 
 
 
 
 
 
 
 
 
 
 
 
 
 
 
 
 
 
 
 
 
 
 
 
 
 
 
 
 
 
 
 
 
 
 
 
 
 
 
 
 
 
 
 
 
 
 
 
 
 
 
 
 
 
 
 
 
 
 
 
 
 
 
 
 
 
 
 
 
 
 
 
 
 
 
 
 
 
 
 
 
 
 
 
 
 
 
 
 
 
 
 
 
 
 
 
 
 
 
 
 
 
 
 
 
 
 
 
 
 
 
 
 
 
 
 
 
 
 
 
 
 
 
 
 
 
 
 
 
 
 
 
 
 
 
 
 
 
 
 
 
 
 
 
 
 
 
 
 
 
 
 
 
 
 
 
 
 
 
 
 
 
 
 
 
 
 
 
 
 
 
 
 
 
 
 
 
 
 
 
 
 
 
 
 
 
 
 
 
 
 
 
 
 
 
 
 
 
 
 
 
 
 
 
 
 
 
 
 
 
 
 
 
 
 
 
 
 
 
 
 
 
 
 
 
 
 
 
 
 
 
 
 
 
 
 
 
 
 
 
 
 
 
 
 
 
 
 
 
 
 
 
 
 
 
 
 
 
 
 
 
 
 
 
 
 
 
 
 
 
 
 
 
 
 
 
 
 
 
 
 
 
 
 
 
 
 
 
 
 
 
 
 
 
 
 
 
 
 
 
 
 
 
 
 
 
 
 
 
 
 
 
 
 
 
 
 
 
 
 
 
 
 
 
 
 
 
 
 
 
 
 
 
 
 
 
 
 
 
 
 
 
 
 
 
 
 
 
 
 
 
 
 
 
 
 
 
 
 
 
 
 
 
 
 
 
 
 
 
 
 
 
 
 
 
 
 
 
 
 
 
 
 
 
 
 
 
 
 
 
 
 
 
 
 
 
 
 
 
 
 
 
 
 
 
 
 
 
 
 
 
 
 
 
 
 
 
 
 
 
 
 
 
 
 
 
 
 
 
 
 
 
 
 
 
 
 
 
 
 
 
 
 
 
 
 
 
 
 
 
 
 
 
 
 
 
 
 
 
 
 
 
 
 
 
 
 
 
 
 
 
 
 
 
 
 
 
 
 
 
 
 
 
 
 
 
 
 
 
 
 
 
 
 
 
 
 
 
 
 
 
 
 
 
 
 
 
 
 
 
 
 
 
 
 
 
 
 
 
 
 
 
 
 
 
 
 
 
 
 
 
 
 
 
 
 
 
 
 
 
 
 
 
 
 
 
 
 
 
 
 
 
 
 
 
 
 
 
 
 
 
 
 
 
 
 
 
 
 
 
 
 
 
 
 
 
 
 
 
 
 
 
 
 
 
 
 
 
 
 
 
 
 
 
 
 
 
 
 
 
 
 
 
 
 
 
 
 
 
 
 
 
 
 
 
 
 
 
 
 
 
 
 
 
 
 
 
 
 
 
 
 
 
 
 
 
 
 
 
 
 
 
 
 
 
 
 
 
 
 
 
 
 
 
 
 
 
 
 
 
 
 
 
 
 
 
 
 
 
 
 
 
 
 
 
 
 
 
 
 
 
 
 
 
 
 
 
 
 
 
 
 
 
 
 
 
 
 
 
 
 
 
 
 
 
 
 
 
 
 
 
 
 
 
 
 
 
 
 
 
 
 
 
 
 
 
 
 
 
 
 
 
 
 
 
 
 
 
 
 
 
 
 
 
 
 
 
 
 
 
 
 
 
 
 
 
 
 
 
 
 
 
 
 
 
 
 
 
 
 
 
 
 
 
 
 
 
 
 
