0.0 0.0
0.01 2.36277161e-07
0.02 2.706737e-07
0.03 4.0413946e-07
0.04 5.94961864e-07
0.05 5.71388638e-07
0.06 6.6647125e-08
0.07 -8.2484871e-07
0.08 -1.279438981e-06
0.09 -1.368599979e-06
0.1 -2.935613437e-06
0.11 -5.633868165e-06
0.12 -6.65602641e-06
0.13 -5.470030221e-06
0.14 -3.200419238e-06
0.15 -4.032711652e-06
0.16 -7.635032332e-06
0.17 -6.337963957e-06
0.18 -2.57713575e-07
0.19 7.926739334e-06
0.2 1.6544164998e-05
0.21 1.3263550928e-05
0.22 -3.933252112e-06
0.23 -1.5162424823e-05
0.24 -1.3788859299e-05
0.25 -9.515385646e-06
0.26 -9.202893504e-06
0.27 -4.925164591e-06
0.28 6.714065826e-06
0.29 9.340847322e-06
0.3 -5.180987884e-06
0.31 -2.6637154369e-05
0.32 -3.3231508531e-05
0.33 -1.3827923727e-05
0.34 1.720909315e-06
0.35 -9.371986184e-06
0.36 -5.8073067806e-05
0.37 -0.000120820666371
0.38 -0.000119510013095
0.39 -3.0983803576e-05
0.4 3.1949268935e-05
0.41 1.8779106308e-05
0.42 1.839507937e-06
0.43 1.5627439237e-05
0.44 7.0861862277e-05
0.45 0.000130802126802
0.46 7.4650159966e-05
0.47 -8.052049958e-05
0.48 -0.000164681141299
0.49 -0.000129232585782
0.5 -4.6706273738e-05
0.51 -4.5589296044e-05
0.52 -0.000126508773679
0.53 -0.000136992548795
0.54 -6.7315590919e-05
0.55 -2.3288608848e-05
0.56 -5.2423707533e-05
0.57 -8.8780362977e-05
0.58 -2.862893854e-05
0.59 7.3068761608e-05
0.6 0.000150211671462
0.61 9.6633160801e-05
0.62 -0.000124254008329
0.63 -0.000211386652414
0.64 -4.0445442544e-05
0.65 2.1205283144e-05
0.66 -0.000143217941604
0.67 -0.000160996332892
0.68 -1.8738460585e-05
0.69 2.786787492e-05
0.7 -3.0172650877e-05
0.71 -5.9201992094e-05
0.72 -3.6360942553e-05
0.73 -6.523677283e-05
0.74 -0.000148876111174
0.75 -0.000218392205177
0.76 -0.00032549380855
0.77 -0.000399497367636
0.78 -0.000278619261487
0.79 -0.00012039591108
0.8 -0.000167015424504
0.81 -0.000127325320949
0.82 0.000170809916571
0.83 0.000233517176032
0.84 3.9367833748e-05
0.85 1.3952418582e-05
0.86 -6.386836952e-06
0.87 -0.000130749102679
0.88 3.8324257146e-05
0.89 0.000223491007012
0.9 0.000112513154146
0.91 -0.000167892454309
0.92 -0.000446489313032
0.93 -0.000492697188077
0.94 -0.000333885690623
0.95 -0.000259585442696
0.96 -0.000233714489742
0.97 -0.000152887267164
0.98 -8.3373503641e-05
0.99 0.000101971096671
1.0 0.000404001184494
1.01 0.000530887478959
1.02 0.000179055167281
1.03 -0.000300292617705
1.04 -0.000326168108913
1.05 0.000122797527366
1.06 0.000267509087914
1.07 -0.000153738060424
1.08 -0.000383690593977
1.09 -9.3142641676e-05
1.1 4.9067705244e-05
1.11 -2.796977166e-05
1.12 0.000200973047231
1.13 0.000316388159925
1.14 0.000243794349003
1.15 0.000277927365276
1.16 0.000282338100254
1.17 0.000240563474383
1.18 0.000120492547896
1.19 -6.9864399875e-05
1.2 7.6336030896e-05
1.21 0.000125495189954
1.22 -0.000492193412117
1.23 -0.000877133914448
1.24 -0.000529727822135
1.25 -0.000411862813125
1.26 -0.001030363228125
1.27 -0.00150607086533
1.28 -0.001163665554692
1.29 -0.00022716177425
1.3 0.000409143914156
1.31 0.000395491290538
1.32 0.000249415723026
1.33 8.9221403779e-05
1.34 4.7021544973e-05
1.35 0.000400295957108
1.36 0.000454173146791
1.37 -0.000163472211455
1.38 -0.000512402116462
1.39 -0.000541760003235
1.4 -0.000595862009627
1.41 -0.000855181563239
1.42 -0.001021870530117
1.43 -0.00060509839051
1.44 -6.7607308645e-05
1.45 -0.000110372985063
1.46 -0.000411812265738
1.47 -1.2046784047e-05
1.48 0.000921734869163
1.49 0.001647432347089
1.5 0.001920417947017
1.51 0.001322161209616
1.52 4.73878808e-07
1.53 -0.000561358836062
1.54 0.000207707268915
1.55 0.000611435576472
1.56 -0.000264412549522
1.57 -0.001408210385938
1.58 -0.001811842982525
1.59 -0.000935629882925
1.6 0.000500817853434
1.61 0.001013770442
1.62 0.00065806317617
1.63 0.000410330961834
1.64 0.000361963802432
1.65 -2.5402630141e-05
1.66 -0.000336593235843
1.67 -0.000316335058891
1.68 -0.00044822206037
1.69 -0.000744959128638
1.7 -0.000859227255423
1.71 -0.00099184443158
1.72 -0.000977591997803
1.73 -0.000310667579616
1.74 0.000168567741658
1.75 -0.000100929749756
1.76 -0.000660800123577
1.77 -0.000708507655327
1.78 -0.000149058962762
1.79 0.000514089700435
1.8 0.000829421810699
1.81 0.000607440249372
1.82 0.000264440900092
1.83 8.2667417892e-05
1.84 0.00021504231316
1.85 0.000593338319388
1.86 0.000383033805571
1.87 -0.000442893226374
1.88 -0.000593570670615
1.89 7.1666857186e-05
1.9 0.000192830428102
1.91 -0.000207213501495
1.92 -0.000309899564902
1.93 -0.000227624706358
1.94 0.000470987458259
1.95 0.001411014412773
1.96 0.001054201028925
1.97 -0.000391149995736
1.98 -0.000662584866401
1.99 0.000272451721313
2.0 0.000171061332937
2.01 -0.000875805817796
2.02 -0.001271152892445
2.03 -0.000711852394779
2.04 -2.9637481723e-05
2.05 0.000725807411394
2.06 0.000792560040726
2.07 -0.000239330151843
2.08 -0.000712608323852
2.09 -0.000309802628529
2.1 -0.000175833983433
2.11 -0.000422191118543
2.12 -0.000495503991375
2.13 -2.2557301984e-05
2.14 0.000392130231611
2.15 0.000474674580434
2.16 0.000166555775523
2.17 -0.000137755552678
2.18 3.9471754904e-05
2.19 -0.000144577009506
2.2 -0.000983955478361
2.21 -0.00136301678617
2.22 -0.000701429347771
2.23 0.000165411000654
2.24 0.000816628168989
2.25 0.001103126560473
2.26 0.000873757138471
2.27 0.000625472524715
2.28 0.000866507930031
2.29 0.001368025377787
2.3 0.001376635332034
2.31 0.000388884582307
2.32 -0.001048449602173
2.33 -0.001863611886402
2.34 -0.00188619451895
2.35 -0.00173173092376
2.36 -0.001213513002609
2.37 -0.000431502945849
2.38 -0.000266699704946
2.39 -0.000303197482467
2.4 0.000443421341498
2.41 0.001231091259315
2.42 0.00143451382545
2.43 0.00153925864732
2.44 0.001565133004407
2.45 0.001088634599166
2.46 0.000231708465199
2.47 -0.00035905538763
2.48 -0.000545828995714
2.49 -0.000742017856729
2.5 -0.000781262449935
2.51 -0.000550025405005
2.52 -4.9060771401e-05
2.53 0.000903135992898
2.54 0.001508067155053
2.55 0.001253029448638
2.56 0.000554464276148
2.57 0.000302451395521
2.58 6.0519859125e-05
2.59 -0.000936986361151
2.6 -0.002276592973238
2.61 -0.002843475715701
2.62 -0.002628960898054
2.63 -0.002817747950595
2.64 -0.003123488884439
2.65 -0.002730930162303
2.66 -0.002223990132433
2.67 -0.001081736530055
2.68 0.001350702642918
2.69 0.003458155120179
2.7 0.003903063622256
2.71 0.003700315025242
2.72 0.004112153061244
2.73 0.004226207560762
2.74 0.003915436502941
2.75 0.003170294126223
2.76 0.000632905238066
2.77 -0.003115193078182
2.78 -0.005059762880142
2.79 -0.005206278746822
2.8 -0.005044348627672
2.81 -0.004363300582103
2.82 -0.002901295486979
2.83 -0.001104970559887
2.84 0.000709937141705
2.85 0.001959904700336
2.86 0.00210643579907
2.87 0.001047947222189
2.88 -0.000371997789838
2.89 -0.001454971251099
2.9 -0.002138814024743
2.91 -0.003283012472804
2.92 -0.005177982185627
2.93 -0.006662395010475
2.94 -0.006572480213044
2.95 -0.005650364825513
2.96 -0.004670111655311
2.97 -0.003817339193814
2.98 -0.003527329393385
2.99 -0.002273613250728
3.0 0.000576335948401
3.01 0.00342054985789
3.02 0.005222769862127
3.03 0.006655632871016
3.04 0.007270316189506
3.05 0.005688424528065
3.06 0.001570754779888
3.07 -0.003526589545878
3.08 -0.006135072078352
3.09 -0.00601879000797
3.1 -0.004048740354038
3.11 -0.001893246401833
3.12 -0.002140879211688
3.13 -0.003570982772595
3.14 -0.00382311465714
3.15 -0.002309460565837
3.16 -0.001102272629953
3.17 -0.002196951324563
3.18 -0.003395679041314
3.19 -0.002944546344551
3.2 -0.001722964444662
3.21 -0.000848622886237
3.22 -0.001048836401219
3.23 -0.002282333913376
3.24 -0.003149891857973
3.25 -0.002235795841819
3.26 0.000880252851653
3.27 0.003446634470198
3.28 0.003522593099777
3.29 0.00263142260625
3.3 0.003197887199569
3.31 0.004801035874198
3.32 0.005237495314791
3.33 0.00377630603872
3.34 0.000826316096661
3.35 -0.002589941956147
3.36 -0.003801034582103
3.37 -0.003697672842493
3.38 -0.003169852498391
3.39 -0.002029837077788
3.4 -0.000267961642185
3.41 0.001322758487139
3.42 0.00125093660764
3.43 -0.000852963114655
3.44 -0.003733153155352
3.45 -0.004447759503156
3.46 -0.003707531687287
3.47 -0.003879710665713
3.48 -0.005443758100714
3.49 -0.006774565311636
3.5 -0.005454506266583
3.51 -0.001747448923407
3.52 0.003810359531598
3.53 0.007755353569397
3.54 0.008233840508848
3.55 0.006916245684212
3.56 0.006947880661189
3.57 0.008732992556416
3.58 0.009594158712365
3.59 0.008314388977795
3.6 0.006029039177648
3.61 0.003405387156841
3.62 0.000402849013677
3.63 -0.003081862271985
3.64 -0.005804372708711
3.65 -0.006237396568851
3.66 -0.00613029893142
3.67 -0.006318876953561
3.68 -0.004856193294234
3.69 0.001021172109961
3.7 0.00897268410319
3.71 0.014305788259063
3.72 0.01601821611648
3.73 0.013933773169881
3.74 0.008832810023191
3.75 0.001889882515129
3.76 -0.002627921700019
3.77 -0.006010959698371
3.78 -0.008055184382321
3.79 -0.009340482235012
3.8 -0.010153320234475
3.81 -0.010080058478712
3.82 -0.008222540676267
3.83 -0.00253587382357
3.84 0.008714332769535
3.85 0.02050693975727
3.86 0.029407071063937
3.87 0.029936140493751
3.88 0.025671042073969
3.89 0.016974905717119
3.9 0.003925681625105
3.91 -0.004585047911482
3.92 -0.012739641525909
3.93 -0.018421709868659
3.94 -0.019850971838411
3.95 -0.018582335356505
3.96 -0.01518191146147
3.97 -0.008097197142058
3.98 0.000271388665429
3.99 0.007545588854719
4.0 0.012878281924265
4.01 0.016521641000212
4.02 0.016288093707025
4.03 0.014742741618098
4.04 0.01033890151559
4.05 0.006802174821697
4.06 0.000540723613304
4.07 -0.006395388458104
4.08 -0.014074283486489
4.09 -0.024187460935947
4.1 -0.024434608432178
4.11 -0.013590024926662
4.12 0.005317544815674
4.13 0.018633964017565
4.14 0.027858833597998
4.15 0.033341447509113
4.16 0.030402334566522
4.17 0.023448539804725
4.18 0.010284592779591
4.19 -0.002894596740355
4.2 -0.012586515306185
4.21 -0.024733707829992
4.22 -0.028095228419423
4.23 -0.027076278014123
4.24 -0.021353211109076
4.25 -0.015017172943939
4.26 -0.010311551247985
4.27 -0.004678430460379
4.28 0.004040720883487
4.29 0.017326931079549
4.3 0.032216086628172
4.31 0.041800763155389
4.32 0.04004214002413
4.33 0.031883791787482
4.34 0.021654214048222
4.35 0.014164797674289
4.36 0.008042256161377
4.37 -0.00225674618314
4.38 -0.011950228527761
4.39 -0.019392158389602
4.4 -0.024320384152561
4.41 -0.029375859733453
4.42 -0.028877898445862
4.43 -0.024647864442659
4.44 -0.015577903036462
4.45 -0.00293102888023
4.46 0.006992865362776
4.47 0.024404144239777
4.48 0.040138282868479
4.49 0.054013429615855
4.5 0.058422277036141
4.51 0.053732634834293
4.52 0.050714859076467
4.53 0.041202256150928
4.54 0.030278638173312
4.55 0.014303186434059
4.56 -0.004323594071877
4.57 -0.02340742217968
4.58 -0.039050337068495
4.59 -0.056803463738484
4.6 -0.067679309927038
4.61 -0.074571003622566
4.62 -0.07217355998277
4.63 -0.059256242560201
4.64 -0.038592649475304
4.65 -0.015848099363872
4.66 0.001689512727013
4.67 0.007875242473103
4.68 0.016450715167745
4.69 0.029396768520657
4.7 0.048196009726884
4.71 0.065613083596965
4.72 0.080270465501881
4.73 0.091679786181275
4.74 0.088558163329768
4.75 0.079418875278833
4.76 0.069066048377934
4.77 0.05703807680043
4.78 0.046267864841098
4.79 0.042614074941288
4.8 0.032020073407783
4.81 0.026186531171307
4.82 0.026228180633524
4.83 0.02981644443803
4.84 0.040362094175967
4.85 0.057084983839587
4.86 0.072119030170738
4.87 0.072998482222245
4.88 0.058201043053711
4.89 0.036317416658044
4.9 -0.007582644582643
4.91 0.014561032966815
4.92 0.022406377868812
4.93 0.03326670182688
4.94 0.018124276759291
4.95 -0.005479130423829
4.96 -0.028512749027963
4.97 -0.039903804181174
4.98 -0.03520597150084
4.99 -0.015508167121672
5.0 0.011851619259809
5.01 0.030920367773268
5.02 0.038197780873158
5.03 0.036345439892631
5.04 0.030992809613358
5.05 0.026155210316728
5.06 0.019459970404769
5.07 0.003770289121756
5.08 -0.028579360574591
5.09 -0.075915238534614
5.1 -0.131874026597775
5.11 -0.170324226332684
5.12 -0.164409830362859
5.13 -0.14539591614059
5.14 -0.12111662736789
5.15 -0.088359852930271
5.16 -0.084087279950335
5.17 -0.099655513459803
5.18 -0.094346179358721
5.19 -0.070498432663555
5.2 -0.040647940947882
5.21 -0.021398705127988
5.22 -0.017799683167707
5.23 0.004835744038321
5.24 0.009416047947444
5.25 0.016483005814693
5.26 0.027657955012372
5.27 0.024025049468107
5.28 0.010625817911596
5.29 0.006613960112916
5.3 -0.003979895951951
5.31 -0.003562117839449
5.32 0.009010805917703
5.33 0.015708728298041
5.34 0.022706193900177
5.35 0.019330856647685
5.36 0.013797668078296
5.37 0.011930747138955
5.38 0.00703238093708
5.39 -0.001007216962867
5.4 -0.005345423260011
5.41 -0.020221021748295
5.42 -0.038685908270748
5.43 -0.029881513246905
5.44 -0.015511151175407
5.45 -0.002842974201277
5.46 0.021493780169487
5.47 0.032448913745883
5.48 0.031014715686363
5.49 0.023069930997646
5.5 0.004812033703527
5.51 -0.015338583450894
5.52 -0.034123009743038
5.53 -0.050873073381977
5.54 -0.058090371597809
5.55 -0.058728760685243
5.56 -0.055860874165564
5.57 -0.051398392311779
5.58 -0.053450909594551
5.59 -0.064388620320166
5.6 -0.08020802494227
5.61 -0.091281003011189
5.62 -0.093376316740234
5.63 -0.079145812544409
5.64 -0.055343274174243
5.65 -0.033890609956687
5.66 -0.027670864680362
5.67 -0.041678040951723
5.68 -0.056540381485031
5.69 -0.082169177131718
5.7 -0.09397900901376
5.71 -0.087766431158417
5.72 -0.097982536513767
5.73 -0.114197140646308
5.74 -0.098152953142239
5.75 -0.083591712025173
5.76 -0.077666513244613
5.77 -0.061900642989941
5.78 -0.050522771829713
5.79 -0.050502077765971
5.8 -0.034019774175404
5.81 -0.015971551550894
5.82 0.002215180689469
5.83 0.025767982420648
5.84 0.041548834093768
5.85 0.044822143237047
5.86 0.020359312040844
5.87 -0.034910460443011
5.88 -0.11307396769964
5.89 -0.140352449556524
5.9 -0.149637240784261
5.91 -0.156147108850098
5.92 -0.143794720494429
5.93 -0.125576582186414
5.94 -0.09005125814412
5.95 -0.021613845817493
5.96 0.022801327315785
5.97 0.065392915639191
5.98 0.104356923960018
5.99 0.135215331963105
6.0 0.131872178933272
6.01 0.1939526839229
6.02 0.231806123197201
6.03 0.227617500747117
6.04 0.237971917665558
6.05 0.215950000948086
6.06 0.188911336410409
6.07 0.145244061429151
6.08 0.108275180083603
6.09 0.085518574082578
6.1 0.069835227957391
6.11 0.077283597248011
6.12 0.082946806430233
6.13 0.062079028274344
6.14 0.029663410543655
6.15 0.000238746774307
6.16 -0.024519194393203
6.17 -0.043057042043618
6.18 -0.00206894028934
6.19 0.037587556780078
6.2 0.031142951309559
6.21 0.027632367241459
6.22 -0.001803318418725
6.23 -0.012803754288813
6.24 -0.006514583177202
6.25 0.001645169267725
6.26 0.018392033305408
6.27 0.035448794327346
6.28 0.051222051280632
6.29 0.058889104630234
6.3 0.062292118421994
6.31 0.069412357062995
6.32 0.077033405595819
6.33 0.089969319407929
6.34 0.107374610691834
6.35 0.116782683716023
6.36 0.109813133607524
6.37 0.042924573610825
6.38 -0.003486709643548
6.39 -0.028600896834848
6.4 -0.014952581292429
6.41 0.020450572139467
6.42 0.044437660962196
6.43 0.002347470433862
6.44 0.003504235354411
6.45 -0.032566095889668
6.46 -0.040538925909747
6.47 -0.067077807066426
6.48 -0.071789162990853
6.49 -0.069489363021329
6.5 -0.053403451393263
6.51 -0.026645174703656
6.52 0.005268847787371
6.53 0.027785823095935
6.54 0.043499928640408
6.55 0.062362043724099
6.56 0.072615748820734
6.57 0.078467614126107
6.58 0.086143277607162
6.59 0.093679446035017
6.6 0.081184715109932
6.61 0.072529745435542
6.62 0.035896221587294
6.63 0.003798996643242
6.64 -0.028507879610882
6.65 -0.05226763776582
6.66 -0.077994635624342
6.67 -0.083579221076516
6.68 -0.085009930937053
6.69 -0.064977879442908
6.7 -0.015736734585196
6.71 0.029529445656314
6.72 0.062991816013013
6.73 0.076714503769335
6.74 0.099181506454198
6.75 0.117691700939555
6.76 0.144101283579809
6.77 0.165916103806734
6.78 0.177447823764775
6.79 0.16586405982106
6.8 0.149509892168071
6.81 0.125072304820133
6.82 0.061854905455457
6.83 0.011876905963569
6.84 -0.000351518751391
6.85 0.011596864641301
6.86 0.013126917241241
6.87 0.018040049317403
6.88 0.02251100054826
6.89 0.038598178474618
6.9 0.071935409669799
6.91 0.092605738565172
6.92 0.123405515302301
6.93 0.153861640400832
6.94 0.156078786801499
6.95 0.154688251365732
6.96 0.166442773260261
6.97 0.162047125189709
6.98 0.164916963340645
6.99 0.135648625480961
7.0 0.107023605889886
7.01 0.101305935458921
7.02 0.076256399443114
7.03 0.034078870997503
7.04 -0.033148625328642
7.05 -0.104904805485719
7.06 -0.177037432205912
7.07 -0.24673055994876
7.08 -0.314536519648322
7.09 -0.373091859702252
7.1 -0.407176068671236
7.11 -0.459183520479671
7.12 -0.445772981374817
7.13 -0.382216936479648
7.14 -0.363497866665016
7.15 -0.34706246434189
7.16 -0.308725685064381
7.17 -0.266503798978312
7.18 -0.229961711954415
7.19 -0.196644053126571
7.2 -0.159282273554567
7.21 -0.111787116889209
7.22 -0.049921149459024
7.23 0.126234391541103
7.24 0.033544393387004
7.25 0.082820942546221
7.26 0.033609931923322
7.27 0.036456944430055
7.28 -0.013346537968069
7.29 -0.007621185601437
7.3 -0.018956595917657
7.31 -0.012499549818082
7.32 -0.004308996818272
7.33 0.015071705913932
7.34 0.042819131503489
7.35 0.053995426267952
7.36 0.062740281637931
7.37 0.071416973097982
7.38 0.068092195865155
7.39 0.059390935601258
7.4 0.054660646273829
7.41 0.058628033292442
7.42 0.075545399133301
7.43 0.104229245686424
7.44 0.139789134997605
7.45 0.181642252016486
7.46 0.230107084105141
7.47 0.27635384555006
7.48 0.303552455803858
7.49 0.299462603559339
7.5 0.266766601397654
7.51 0.22393992612628
7.52 0.185765867423389
7.53 0.129753124453785
7.54 -0.059755024297363
7.55 -0.029528753594444
7.56 -0.075871656483615
7.57 -0.084779814742837
7.58 -0.116069379039322
7.59 -0.122457728373008
7.6 -0.144709828592557
7.61 -0.164299878653747
7.62 -0.167325010289208
7.63 -0.160427672390941
7.64 -0.164537547451641
7.65 -0.172160577363773
7.66 -0.162683885726746
7.67 -0.141145800603527
7.68 -0.115488194040585
7.69 -0.079569801452533
7.7 -0.034623020009243
7.71 0.007788899753769
7.72 0.038367008688284
7.73 0.054634130628354
7.74 0.05450878566173
7.75 0.035421810271037
7.76 -0.006049810877948
7.77 -0.069154810848432
7.78 -0.141066721109011
7.79 -0.197306913011745
7.8 -0.216729470383465
7.81 -0.199957740936722
7.82 -0.177174254990847
7.83 -0.084162785238482
7.84 -0.052855876592716
7.85 -0.063526301987944
7.86 -0.063153260230737
7.87 -0.08834019904574
7.88 -0.089910184328322
7.89 -0.119970099106217
7.9 -0.146676913727728
7.91 -0.16546150075492
7.92 -0.184623166510272
7.93 -0.192887470694644
7.94 -0.198218142893987
7.95 -0.202376840762952
7.96 -0.192823858478412
7.97 -0.174816641581126
7.98 -0.161009373621062
7.99 -0.158992099667398
8.0 -0.172139751348471
8.01 -0.191209784697352
8.02 -0.201379440391324
8.03 -0.189016069062751
8.04 -0.116419507047718
8.05 0.055644386010307
8.06 0.047949821589147
8.07 0.123912111217191
8.08 0.19242508906401
8.09 0.179066361981695
8.1 0.152307068234189
8.11 0.181769315634448
8.12 0.220258381780562
8.13 0.228270896192719
8.14 0.253994636881291
8.15 0.286219321697137
8.16 0.265494456918649
8.17 0.23922170537668
8.18 0.223705342451985
8.19 0.185009039688342
8.2 0.167720856050851
8.21 0.187030991478987
8.22 0.194138271945608
8.23 0.193276777368227
8.24 0.216306177613931
8.25 0.240535316101986
8.26 0.245006684480965
8.27 0.25598590354407
8.28 0.288776560984774
8.29 0.319776364824029
8.3 0.334656424612821
8.31 0.339308693911618
8.32 0.322669309115507
8.33 0.275214431514546
8.34 0.229552662293735
8.35 -0.026294590804178
8.36 0.01250578518713
8.37 -0.087815956939337
8.38 -0.054476790714226
8.39 -0.069663741266344
8.4 -0.078487515776644
8.41 -0.102473563701566
8.42 -0.147766090515997
8.43 -0.18424551059426
8.44 -0.204679633049723
8.45 -0.216657343458343
8.46 -0.21188647038965
8.47 -0.190457366512932
8.48 -0.166235068926158
8.49 -0.152259713479072
8.5 -0.15066391992022
8.51 -0.158711470251585
8.52 -0.172862250466614
8.53 -0.187978464980775
8.54 -0.198643283517713
8.55 -0.200212155211213
8.56 -0.193789654140414
8.57 -0.190373448341376
8.58 -0.205649657776691
8.59 -0.22957133369985
8.6 -0.257505431580084
8.61 -0.278221209591688
8.62 -0.27358846491453
8.63 -0.242488743116925
8.64 -0.212053366726111
8.65 -0.171658266941503
8.66 -0.037033890163592
8.67 -0.034002532874774
8.68 -0.033516771505818
8.69 -0.007626120986365
8.7 0.041282120485106
8.71 0.085091893520277
8.72 0.1206070391435
8.73 0.158620709372136
8.74 0.187730587392381
8.75 0.197561907573799
8.76 0.197888129004678
8.77 0.190423056493786
8.78 0.168987599062095
8.79 0.136356774260629
8.8 0.101763112214463
8.81 0.069203700116349
8.82 0.040067804849453
8.83 0.018305363683281
8.84 0.007606749678186
8.85 0.007992071178229
8.86 0.018451067206452
8.87 0.040008929704204
8.88 0.074985921309114
8.89 0.123981978957744
8.9 0.179359448451233
8.91 0.22308671078104
8.92 0.241018537825318
8.93 0.236896923433389
8.94 0.224920310133679
8.95 0.21199492240974
8.96 0.198396590194787
8.97 0.096615953006256
8.98 0.201228895766508
8.99 0.157344503411028
9.0 0.14874335720084
9.01 0.127302996004777
9.02 0.093099445437656
9.03 0.087378384655227
9.04 0.085599489952353
9.05 0.088458814079389
9.06 0.08055805331782
9.07 0.054056996853488
9.08 0.027657304540822
9.09 0.000441394226904
9.1 -0.035762121076765
9.11 -0.073186307362878
9.12 -0.104918525239915
9.13 -0.130665584027062
9.14 -0.148336704099242
9.15 -0.158846715133037
9.16 -0.169372425968911
9.17 -0.18484213648952
9.18 -0.204956811774477
9.19 -0.225843363573256
9.2 -0.242152543360222
9.21 -0.249419994346341
9.22 -0.243658752549475
9.23 -0.220953763308007
9.24 -0.181733656185271
9.25 -0.134914898535262
9.26 -0.088094551448159
9.27 0.018239898829605
9.28 -0.027432489165099
9.29 -0.042603694328074
9.3 -0.073668403941312
9.31 -0.097303280572885
9.32 -0.149191047653106
9.33 -0.196867494702195
9.34 -0.226301198770011
9.35 -0.268749499627788
9.36 -0.275867991560453
9.37 -0.299909562912063
9.38 -0.292401478347355
9.39 -0.257021992259826
9.4 -0.209553418495526
9.41 -0.221638999711618
9.42 -0.17378448716332
9.43 -0.135083756664936
9.44 -0.108062249402044
9.45 -0.0549445779537
9.46 0.000916000753917
9.47 0.064318913702527
9.48 0.139772660447717
9.49 0.238581842542078
9.5 0.318319229943326
9.51 0.331055008143702
9.52 0.333097409885105
9.53 0.352127165306763
9.54 0.336645354419041
9.55 0.284888634255407
9.56 0.250724840678532
9.57 0.240384429006948
9.58 0.231564882771095
9.59 0.22398889790565
9.6 0.215293982867188
9.61 0.201685269570295
9.62 0.195389401863349
9.63 0.199607778521563
9.64 0.198151880768279
9.65 0.180911157292552
9.66 0.157117828874378
9.67 0.133742498834858
9.68 0.103124623656712
9.69 -0.015107958787426
9.7 -0.018248991583431
9.71 -0.022996017907997
9.72 0.027823965348311
9.73 0.030723271454351
9.74 0.032452192505794
9.75 0.025746078409471
9.76 -0.007956948384231
9.77 -0.020090867241111
9.78 -0.022223776825589
9.79 -0.026775245250616
9.8 -0.023370976749407
9.81 -0.011388853965903
9.82 0.003642406082383
9.83 0.017357674495592
9.84 0.020591390741803
9.85 0.010413794125073
9.86 -0.009127070141537
9.87 -0.036694328484512
9.88 -0.071596090162536
9.89 -0.110136443804227
9.9 -0.150964145639351
9.91 -0.196163862726399
9.92 -0.240175119188658
9.93 -0.26791491928166
9.94 -0.2649613458106
9.95 -0.227126936224372
9.96 -0.165565741274285
9.97 -0.093603629470651
9.98 0.082270142330511
9.99 0.052194726370074
10.0 0.064624586325053
10.01 0.031623334992707
10.02 0.026718230037153
10.03 0.0067612032759
10.04 0.006060048164744
10.05 0.00657104664864
10.06 -0.000670529334987
10.07 -0.008180579390427
10.08 -0.003015367668596
10.09 0.004250134832939
10.1 0.010189010720992
10.11 0.024973730040281
10.12 0.047075574121336
10.13 0.0684980056497
10.14 0.088921435119493
10.15 0.110424768968955
10.16 0.132336194310058
10.17 0.154890738858665
10.18 0.179983964569889
10.19 0.211512780086282
10.2 0.257467011241566
10.21 0.315192617605335
10.22 0.36355726488392
10.23 0.370035027906387
10.24 0.307721893107235
10.25 0.188205436610632
10.26 -0.16214786849668
10.27 -0.09290826227544
10.28 -0.199684863216615
10.29 -0.15946019083932
10.3 -0.187446892484453
10.31 -0.188563402746558
10.32 -0.185556868697195
10.33 -0.191471765603065
10.34 -0.167342521161819
10.35 -0.12258434310953
10.36 -0.074166092128974
10.37 -0.030610737455831
10.38 0.012534159923639
10.39 0.060883322911469
10.4 0.113087141466473
10.41 0.155718399603907
10.42 0.181658796936302
10.43 0.193839465459507
10.44 0.192138586319954
10.45 0.178501291366668
10.46 0.160336528720659
10.47 0.140375146790625
10.48 0.103042747466142
10.49 0.044473149110923
10.5 -0.102581243610095
10.51 -0.227936863092664
10.52 -0.281418484773246
10.53 -0.305360240784198
10.54 -0.32949572655499
10.55 -0.337719110337977
10.56 -0.219296167654614
10.57 -0.141816800396189
10.58 -0.136956866535061
10.59 -0.144082673878797
10.6 -0.108698312822785
10.61 -0.096253261070419
10.62 -0.045712601237058
10.63 0.013221796086717
10.64 0.034803753652567
10.65 0.047109478502067
10.66 0.035528463603495
10.67 0.017624451860455
10.68 0.007850796315462
10.69 0.000681778103568
10.7 -0.006708013310176
10.71 -0.024902050933948
10.72 -0.060273786947152
10.73 -0.100580994548109
10.74 -0.129369625048731
10.75 -0.148380496546636
10.76 -0.158171727483185
10.77 -0.153266466948112
10.78 -0.12905139268036
10.79 -0.084577790050308
10.8 -0.12716573982962
10.81 -0.122263752796957
10.82 -0.164398746142463
10.83 -0.159057899282684
10.84 -0.106196951253721
10.85 -0.077550085422583
10.86 -0.039553730208363
10.87 0.007584233667531
10.88 0.041158114022593
10.89 0.063108434689234
10.9 0.070094131463766
10.91 0.0831487533402
10.92 0.078461806191174
10.93 0.070317168931866
10.94 0.055201373167762
10.95 0.036607355403799
10.96 0.018356328369934
10.97 0.024668553351643
10.98 0.022970709699178
10.99 0.024648617139763
11.0 0.015425832364317
11.01 0.081533738320306
11.02 0.102424858671182
11.03 0.069439405270058
11.04 0.099779708727291
11.05 0.127473099639197
11.06 0.137404283245911
11.07 0.174435988728967
11.08 0.213239443312819
11.09 0.234757521426132
11.1 0.260011378128564
11.11 0.284855574955825
11.12 0.290861513587563
11.13 0.27937833022081
11.14 0.257061595514386
11.15 0.226389486191584
11.16 0.190917342035655
11.17 0.155010667994778
11.18 0.105560986471501
11.19 0.099579121017763
11.2 0.08153375422306
11.21 0.100640206259919
11.22 0.070706505079779
11.23 0.066734068922976
11.24 0.042666988013618
11.25 0.032573100982281
11.26 0.00997164124593
11.27 -0.00223753450865
11.28 -0.028876999053202
11.29 -0.048492581615171
11.3 -0.061146968546255
11.31 -0.082228222174499
11.32 -0.104057162050889
11.33 -0.124130165762032
11.34 -0.143458037052546
11.35 -0.160064004485578
11.36 -0.169754745708082
11.37 -0.161781651105204
11.38 -0.133194855379771
11.39 -0.101558852714189
11.4 -0.100408772335462
11.41 -0.105382860471498
11.42 -0.134754447618091
11.43 -0.164191666860633
11.44 -0.168429588457912
11.45 -0.142852524034113
11.46 -0.106489418460772
11.47 -0.078492614318506
11.48 -0.057841015688106
11.49 0.018092517014428
11.5 -0.018569093438113
11.51 -0.012887276000374
11.52 -0.011600361110117
11.53 -0.00216783810666
11.54 0.008191111447939
11.55 0.019758112501202
11.56 0.019866740458545
11.57 0.003502301688388
11.58 -0.008462426447242
11.59 -0.02118521608817
11.6 -0.03886127009461
11.61 -0.045922246330391
11.62 -0.043579394419269
11.63 -0.036574630405877
11.64 -0.021560733590521
11.65 -0.000853828804616
11.66 0.019460660050774
11.67 0.035461437234981
11.68 0.04763310592471
11.69 0.065595288158742
11.7 0.102216267951462
11.71 0.157225067168763
11.72 0.215725985557695
11.73 0.259940063064824
11.74 0.277825097045295
11.75 0.271880624058804
11.76 0.257914111318517
11.77 0.244108641525412
11.78 0.223279122819972
11.79 0.197360985932148
11.8 0.181930812314338
11.81 0.179694386401003
11.82 0.146776014389881
11.83 0.127100098110982
11.84 0.121834548572114
11.85 0.111213525969916
11.86 0.11123657150529
11.87 0.10616533643107
11.88 0.09453040019152
11.89 0.09256367452888
11.9 0.095928637837739
11.91 0.086260030104575
11.92 0.082525094869053
11.93 0.068956367536863
11.94 0.048698342675993
11.95 0.034480859364568
11.96 0.026049502471416
11.97 0.02324328738339
11.98 0.017512404348391
11.99 0.004642376611997
12.0 -0.016522582562281
12.01 -0.048867578318724
12.02 -0.090460562577504
12.03 -0.138739643861534
12.04 -0.189531404625511
12.05 -0.230358201562052
12.06 -0.246282406712268
12.07 -0.238140023406147
12.08 -0.224585357866621
12.09 -0.211151075053981
12.1 -0.18388505657065
12.11 -0.147293249868136
12.12 -0.123146585619205
12.13 -0.116584661350474
12.14 -0.118128874395003
12.15 -0.11836439048947
12.16 -0.111039755033589
12.17 -0.095688058871709
12.18 -0.065452699057338
12.19 -0.054465676046385
12.2 -0.068718202282875
12.21 -0.078632368323605
12.22 -0.089699375563556
12.23 -0.094345051872664
12.24 -0.087368927262792
12.25 -0.086589987269779
12.26 -0.092711573798869
12.27 -0.102047310831431
12.28 -0.117074539170022
12.29 -0.126956396114019
12.3 -0.124399989117462
12.31 -0.114743473744173
12.32 -0.099747810657416
12.33 -0.079961447878532
12.34 -0.059776767056821
12.35 -0.038810472300222
12.36 -0.017845138342343
12.37 -9.5948530383e-05
12.38 0.0123586412889
12.39 0.020672973241511
12.4 0.028366277928147
12.41 0.036339390805669
12.42 0.037621735066185
12.43 0.026492036974295
12.44 0.012345306703445
12.45 0.001823106565024
12.46 -0.023226341097966
12.47 -0.023041068333343
12.48 -0.00673469517078
12.49 7.7422762231e-05
12.5 0.015274811087749
12.51 0.030239457646346
12.52 0.050629316886845
12.53 0.072260534732546
12.54 0.0932545284939
12.55 0.109980061157137
12.56 0.101521095129559
12.57 0.106800192000771
12.58 0.130622591253953
12.59 0.149503283420884
12.6 0.137658168542438
12.61 0.095875534817153
12.62 0.055608776327279
12.63 0.013324796946111
12.64 -0.005346470435826
12.65 -0.028248687455753
12.66 -0.035529385144681
12.67 -0.035623943670871
12.68 -0.030629387277086
12.69 -0.029572249164028
12.7 -0.025460299528662
12.71 -0.029708026782743
12.72 -0.035889403568499
12.73 -0.050299590669527
12.74 -0.063298902650925
12.75 -0.072679443258496
12.76 -0.074551776045642
12.77 -0.069155012392442
12.78 -0.058592441959722
12.79 -0.040734749774646
12.8 -0.027768627600405
12.81 -0.02424203303962
12.82 -0.02621509979676
12.83 -0.033196373878634
12.84 -0.042589757520489
12.85 -0.046280477783616
12.86 -0.032936736758461
12.87 -0.016877987573053
12.88 0.001472865509547
12.89 -0.009310519641798
12.9 -0.017765930473653
12.91 -0.015764094355802
12.92 -0.011022529544072
12.93 -0.003408219869397
12.94 -0.005183392840369
12.95 -0.011138160919984
12.96 -0.013490230726741
12.97 -0.011730646485663
12.98 -0.003881875903182
12.99 0.002097529921193
13.0 -0.00060639969876
13.01 -0.012795550100825
13.02 -0.026077291902433
13.03 -0.028210278771449
13.04 -0.014969302505582
13.05 0.009062601114823
13.06 0.031794837938565
13.07 0.043071772550069
13.08 0.043218767603293
13.09 0.040163324064336
13.1 0.027472960133288
13.11 0.018693013211944
13.12 0.013721579826131
13.13 0.010850639958928
13.14 0.012481869232335
13.15 0.000308092755207
13.16 -0.014358775231618
13.17 -0.025543922636424
13.18 -0.036928229042062
13.19 -0.046813901779906
13.2 -0.051101871943575
13.21 -0.057720803790324
13.22 -0.065238347679481
13.23 -0.070923751908759
13.24 -0.071996740843606
13.25 -0.065522331607651
13.26 -0.048775326387755
13.27 -0.029307763232903
13.28 -0.015763837228223
13.29 -0.008204668710625
13.3 -0.008378442388287
13.31 -0.017832263752384
13.32 -0.02843695516095
13.33 -0.03234088348174
13.34 -0.032932950710497
13.35 -0.024097410867213
13.36 -0.003233440262376
13.37 0.002700541820862
13.38 0.012424713448754
13.39 0.020147106489789
13.4 0.017173193739728
13.41 0.019019957191665
13.42 0.019344517382542
13.43 0.01540422770481
13.44 0.014146816575945
13.45 0.008991269086479
13.46 0.002642386147173
13.47 -0.004392844451721
13.48 -0.009741055346949
13.49 -0.009836285233859
13.5 -0.006882947507472
13.51 -0.003875681940258
13.52 -0.008671386692155
13.53 -0.034574180294359
13.54 -0.047783765943426
13.55 -0.044746795872795
13.56 -0.034139871010536
13.57 -0.031696942896756
13.58 -0.033672779717758
13.59 -0.038305416967601
13.6 -0.041397625738388
13.61 -0.041384725807687
13.62 -0.04289827116705
13.63 -0.046342014220021
13.64 -0.049716643305889
13.65 -0.046415504813192
13.66 -0.035193401376043
13.67 -0.022614346488673
13.68 -0.013570869099368
13.69 -0.008240117966247
13.7 -0.007526053433772
13.71 -0.009808741840728
13.72 -0.011041315940242
13.73 -0.010802124086325
13.74 -0.006629757137893
13.75 -0.000818687839151
13.76 0.00397187320054
13.77 0.006707923276647
13.78 0.003674350853837
13.79 0.003083030772498
13.8 0.004194025830136
13.81 0.007296640502472
13.82 0.009945090333732
13.83 0.012244316179466
13.84 0.015712490149919
13.85 0.021458333093858
13.86 0.029457840880455
13.87 0.037826624005577
13.88 0.046719216877242
13.89 0.054381592504933
13.9 0.055156662367414
13.91 0.069022498732777
13.92 0.064497842583429
13.93 0.055749476149159
13.94 0.050696260226514
13.95 0.043958609207371
13.96 0.054653811996796
13.97 0.052936626133593
13.98 0.040498900027318
13.99 0.032141012266283
14.0 0.018096890839732
14.01 0.020605308444197
14.02 0.019376881855523
14.03 0.026609703235835
14.04 0.027235521700643
14.05 0.027996788066358
14.06 0.029955519035403
14.07 0.033069402388922
14.08 0.035526696880691
14.09 0.037631279290845
14.1 0.039654243219784
14.11 0.039383910691878
14.12 0.042252756359347
14.13 0.045810084591872
14.14 0.046568573361602
14.15 0.041339379069377
14.16 0.030934500385279
14.17 0.019661609768687
14.18 0.013910728584025
14.19 0.012635270939044
14.2 0.028750286614894
14.21 0.035594759575053
14.22 0.030841895109458
14.23 0.024260423795213
14.24 0.007112776640184
14.25 -0.007837883781494
14.26 -0.024957184613479
14.27 -0.034349231869997
14.28 -0.041978771418584
14.29 -0.044868583193971
14.3 -0.045343160964563
14.31 -0.042935125258134
14.32 -0.038201698791096
14.33 -0.024511235559287
14.34 -0.017510640079957
14.35 -0.011899162885084
14.36 -0.004992340797169
14.37 -0.004750690034693
14.38 -0.007581267250166
14.39 -0.028710086865644
14.4 -0.036974121602943
14.41 -0.052439300647783
14.42 -0.059317512188687
14.43 -0.065209631436264
14.44 -0.077456211442569
14.45 -0.082736809392305
14.46 -0.092462673680575
14.47 -0.107567143670355
14.48 -0.113991209540205
14.49 -0.108561240368823
14.5 -0.099462438349248
14.51 -0.09431194564003
14.52 -0.088018497803742
14.53 -0.081171211587475
14.54 -0.080884799543209
14.55 -0.084165036534653
14.56 -0.082436379762765
14.57 -0.076319784881666
14.58 -0.071137071539504
14.59 -0.068810134576168
14.6 -0.068968289780847
14.61 -0.072212624695345
14.62 -0.077963518902866
14.63 -0.09781943748733
14.64 -0.092865675883405
14.65 -0.068671847217582
14.66 -0.050399750448715
14.67 -0.027417767458279
14.68 -0.023938077582891
14.69 -0.019784013299875
14.7 -0.011743330504068
14.71 -0.000381285028052
14.72 0.012666369420197
14.73 0.026073827618844
14.74 0.03793791070681
14.75 0.045237939342051
14.76 0.05063409654745
14.77 0.053192185086992
14.78 0.054708446379225
14.79 0.05712748544183
14.8 0.057634836222726
14.81 0.057052539441911
14.82 0.055968315918266
14.83 0.053411519709967
14.84 0.050152617698292
14.85 0.04538492166897
14.86 0.041645408342882
14.87 0.041878217898359
14.88 0.045797789667024
14.89 0.054698309040556
14.9 0.060364769094436
14.91 0.062123978684158
14.92 0.064898049465723
14.93 0.048541921502408
14.94 0.05916067012936
14.95 0.05684729082893
14.96 0.060003670241913
14.97 0.053784697760251
14.98 0.049399470116139
14.99 0.040500700831895
15.0 0.04286982494331
15.01 0.042745217486437
15.02 0.043282179849605
15.03 0.044299902229778
15.04 0.042286395871076
15.05 0.038035402308517
15.06 0.030613213145002
15.07 0.016125509959073
15.08 -0.004752505797566
15.09 -0.023403664217556
15.1 -0.031970984132186
15.11 -0.032314662005295
15.12 -0.032028620258212
15.13 -0.031531886382529
15.14 -0.028990432358637
15.15 -0.02637506475238
15.16 -0.021465105943013
15.17 -0.009524282694844
15.18 0.01576151350979
15.19 0.015652383379055
15.2 0.018049521070563
15.21 0.018288937854667
15.22 0.01929127223472
15.23 0.018164480255284
15.24 0.01984952917858
15.25 0.013169684983077
15.26 0.005918349582852
15.27 -0.003098563760811
15.28 -0.011941204353901
15.29 -0.015185563674496
15.3 -0.01828546156991
15.31 -0.021404088538958
15.32 -0.018548948510514
15.33 -0.011190480092633
15.34 -0.001048479922775
15.35 0.009666842222691
15.36 0.018496971778404
15.37 0.028937612477634
15.38 0.04105653135291
15.39 0.042118134279308
15.4 0.022849339396892
15.41 0.009915601689715
15.42 -0.010441626729218
15.43 -0.011682625093357
15.44 -0.007413085425336
15.45 -0.00630869381364
15.46 0.002673561990114
15.47 0.011888153660619
15.48 0.031832453228832
15.49 0.051219853207264
15.5 0.07323120695672
15.51 0.090339287089557
15.52 0.086996570266524
15.53 0.110699812636138
15.54 0.138794561737331
15.55 0.142852828753359
15.56 0.149768503392615
15.57 0.150844288251999
15.58 0.140400643511249
15.59 0.127011557497173
15.6 0.097924057810138
15.61 0.063693740010776
15.62 0.062797434836658
15.63 0.04656353984942
15.64 -0.004417902052027
15.65 -0.009475031071139
15.66 -0.045575039646538
15.67 -0.022252873708589
15.68 -0.049521050858928
15.69 -0.027899224890401
15.7 -0.04391973617669
15.71 -0.03577960009643
15.72 -0.04828919017368
15.73 -0.034292363541098
15.74 -0.026364051255644
15.75 -0.005009532877221
15.76 0.014129291651319
15.77 0.016452889885337
15.78 0.020862735247363
15.79 0.021629458277468
15.8 0.018291212022391
15.81 0.012112563483306
15.82 -0.00027940814115
15.83 -0.018717197520684
15.84 -0.042690168848371
15.85 -0.068803365647879
15.86 -0.095365782719342
15.87 -0.120689949365169
15.88 -0.134899938949379
15.89 -0.132363461772083
15.9 -0.1190065658166
15.91 -0.088766938939371
15.92 -0.037271257107008
15.93 -0.028731697806333
15.94 -0.016077347600989
15.95 0.006299477079836
15.96 0.026577559217476
15.97 0.042021778630534
15.98 0.054568049061526
15.99 0.053529188150655
16.0 0.036698755512716
16.01 0.020720608810294
16.02 -0.00124867893126
16.03 -0.021896388610751
16.04 -0.03534542085069
16.05 -0.049918046566682
16.06 -0.066480263429838
16.07 -0.078683246034199
16.08 -0.079526163760024
16.09 -0.068901767230311
16.1 -0.051003963224572
16.11 -0.027580209498958
16.12 0.005463730548461
16.13 0.063682737382751
16.14 0.066987608709602
16.15 0.059418950603313
16.16 0.087535472286437
16.17 0.052216676460298
16.18 0.044410501862087
16.19 0.051782192126116
16.2 0.049559639212915
16.21 0.051715013284254
16.22 0.050149735612433
16.23 0.045323377604417
16.24 0.040058974298592
16.25 0.0479074808606
16.26 0.052205892664722
16.27 0.061225431182386
16.28 0.0662424464665
16.29 0.070480918111411
16.3 0.061529838134997
16.31 0.062866616993726
16.32 0.078344096475454
16.33 0.082090966517921
16.34 0.078264745122435
16.35 0.080815412369814
16.36 0.078941285165649
16.37 0.059825984823476
16.38 -0.003801771845983
16.39 0.006589415710373
16.4 -0.024895051336232
16.41 0.004819592104984
16.42 0.000451769409491
16.43 0.007872325008447
16.44 0.00059392802952
16.45 -0.006046456622291
16.46 -0.002893721796905
16.47 -7.9893667421e-05
16.48 -0.001367242343511
16.49 0.005536200953524
16.5 0.004903355818421
16.51 0.008330581540031
16.52 0.006266433994482
16.53 0.005374260040313
16.54 0.001064177850272
16.55 -0.004644769591637
16.56 -0.009616008688429
16.57 -0.016913156235035
16.58 -0.029746872846419
16.59 -0.052621516829587
16.6 -0.078885424312275
16.61 -0.098712240544777
16.62 -0.101956324987908
16.63 -0.096481817605205
16.64 -0.095195664099382
16.65 -0.088646597193764
16.66 -0.079469147147006
16.67 -0.076524279446364
16.68 -0.059793605165153
16.69 -0.040033126436694
16.7 -0.025846918829238
16.71 -0.011257789395115
16.72 -0.000267620070897
16.73 0.012020776549399
16.74 0.021409708134197
16.75 0.026678275372052
16.76 0.02203048705205
16.77 0.014532170920385
16.78 0.005666755475609
16.79 -0.002614044397175
16.8 -0.010958189674457
16.81 -0.022078208331984
16.82 -0.036605008437629
16.83 -0.051320927212299
16.84 -0.061883284645622
16.85 -0.068092952373124
16.86 -0.067138324743162
16.87 -0.058388192696598
16.88 -0.038610187820061
16.89 0.008845977719588
16.9 0.017342459304162
16.91 0.037917965130353
16.92 0.046296524975939
16.93 0.046786477949546
16.94 0.035177181713258
16.95 0.045010157987084
16.96 0.032434089798133
16.97 0.025941679801246
16.98 0.01126513575155
16.99 0.002099326750222
17.0 -0.006855303492888
17.01 -0.003701536243834
17.02 0.003974007644012
17.03 0.015600603310925
17.04 0.022160011532993
17.05 0.025804241970724
17.06 0.031832466100605
17.07 0.039320721388894
17.08 0.040326651214208
17.09 0.038931052087155
17.1 0.053348732409672
17.11 0.047482971870478
17.12 0.041922357530298
17.13 0.027391516910703
17.14 -0.001417613570309
17.15 -0.02015352586202
17.16 -0.027141316005674
17.17 -0.037960572709958
17.18 -0.037854648908932
17.19 -0.036144955669801
17.2 -0.034125867754895
17.21 -0.02582242273919
17.22 -0.020760735543368
17.23 -0.024749471968131
17.24 -0.029505329834667
17.25 -0.043817961545295
17.26 -0.059404707547179
17.27 -0.065923576547603
17.28 -0.072938830909155
17.29 -0.074185511217689
17.3 -0.073596495057442
17.31 -0.07298674146873
17.32 -0.076557143172801
17.33 -0.079023632618184
17.34 -0.081425994300477
17.35 -0.084997394999331
17.36 -0.08948378105566
17.37 -0.088565194730945
17.38 -0.07830072489469
17.39 -0.044244356370426
17.4 -0.021077920975561
17.41 -0.000122137683378
17.42 0.008584253752057
17.43 0.020879195848577
17.44 0.024889770668326
17.45 0.032791197266347
17.46 0.041736088938249
17.47 0.045855244785922
17.48 0.051796076482112
17.49 0.058733110581645
17.5 0.059885347970397
17.51 0.059322374588881
17.52 0.057265322163429
17.53 0.052439394602278
17.54 0.046262624998685
17.55 0.039495694010914
17.56 0.030958772220873
17.57 0.019361143207693
17.58 0.007676664207101
17.59 0.00115807254719
17.6 0.003925581502132
17.61 0.010594660234944
17.62 0.039849473701977
17.63 0.029849740673676
17.64 0.027429499757965
17.65 0.009978583033826
17.66 0.00046199021854
17.67 0.02503144749748
17.68 0.031275590502045
17.69 0.042308305683967
17.7 0.051306411564872
17.71 0.052822484173746
17.72 0.050380912275256
17.73 0.039155198544242
17.74 0.030741616847774
17.75 0.016033790132168
17.76 -0.002604418316527
17.77 -0.019662675667282
17.78 -0.035374969611826
17.79 -0.047194023562396
17.8 -0.056262626937475
17.81 -0.060992921602722
17.82 -0.058145753846535
17.83 -0.047099274489775
17.84 -0.028954474509143
17.85 0.02141353599044
17.86 0.0306521532058
17.87 0.043330161228946
17.88 0.060087439517894
17.89 0.079183303450626
17.9 0.095370764099797
17.91 0.102885493734343
17.92 0.098000600425908
17.93 0.079081385335578
17.94 0.061365750542837
17.95 0.040997897257417
17.96 0.019637811892395
17.97 0.001789591266146
17.98 -0.015320430809545
17.99 -0.031605018718442
18.0 -0.045061313954186
18.01 -0.04971441518122
18.02 -0.048922021951984
18.03 -0.046341860168656
18.04 -0.033784067376184
18.05 -0.002228795986296
18.06 0.087279479062784
18.07 0.055076198939627
18.08 0.098792011829515
18.09 0.092564183217326
18.1 0.051037855495438
18.11 0.085601036520978
18.12 0.074071038182559
18.13 0.090762937560034
18.14 0.079003468481888
18.15 0.076453932963716
18.16 0.052685315172337
18.17 0.038794023357042
18.18 0.020094663780536
18.19 -0.001499516460118
18.2 -0.014071738010396
18.21 -0.025519566677453
18.22 -0.029054243727864
18.23 -0.038413252665275
18.24 -0.042109849199972
18.25 -0.046690448218886
18.26 -0.053408404874036
18.27 -0.051312007841008
18.28 -0.046951004010364
18.29 -0.045595420096249
18.3 -0.045326110900224
18.31 -0.048384930712107
18.32 -0.04283921503444
18.33 -0.031153544786347
18.34 -0.017678366909363
18.35 -0.00364510399747
18.36 0.007926953411597
18.37 0.019518877880142
18.38 0.013894233339382
18.39 0.016953297326154
18.4 0.013702312958404
18.41 0.012933350292233
18.42 0.01223152602997
18.43 0.002339409070873
18.44 -0.01585778771224
18.45 -0.032764025528964
18.46 -0.043111481923158
18.47 -0.047488536883087
18.48 -0.051070934146871
18.49 -0.058672206711641
18.5 -0.063285435194588
18.51 -0.05901794025915
18.52 -0.048628711189735
18.53 -0.035357636008406
18.54 -0.021660579400656
18.55 -0.006414321809598
18.56 0.013852650256683
18.57 0.026813435128955
18.58 0.028247548705064
18.59 0.017661728385156
18.6 0.000996089863854
18.61 -0.011518479429666
18.62 -0.014130751566394
18.63 -0.022713233526978
18.64 -0.031359158012143
18.65 -0.038589111068754
18.66 -0.045853135323052
18.67 -0.045256329058506
18.68 -0.04020336622658
18.69 -0.035441272878498
18.7 -0.029984005868314
18.71 -0.027878449583976
18.72 -0.022290111966042
18.73 -0.015427471551397
18.74 -0.01084613385636
18.75 -0.011817779017059
18.76 -0.01460803354921
18.77 -0.012239993582733
18.78 -0.013957804370607
18.79 -0.013885672275361
18.8 -0.017937284829458
18.81 -0.014595417521458
18.82 -0.011078051703476
18.83 0.004039652711801
18.84 0.011112314189463
18.85 0.017598620295027
18.86 0.020985879824931
18.87 0.027577449882741
18.88 0.032760407153991
18.89 0.041927662199998
18.9 0.045749532491708
18.91 0.046571587807055
18.92 0.040618774352414
18.93 0.034694689159427
18.94 0.02784898683645
18.95 0.017148644139399
18.96 0.002740981207657
18.97 -0.028207527643635
18.98 -0.033828917729338
18.99 -0.04190551946402
19.0 -0.043349575669615
19.01 -0.046096033379916
19.02 -0.052896117479728
19.03 -0.05873288842468
19.04 -0.059892252629154
19.05 -0.061134444450509
19.06 -0.060907632496205
19.07 -0.055406407468364
19.08 -0.048434906463206
19.09 -0.040328175392652
19.1 -0.024880688702013
19.11 -0.02133882848432
19.12 -0.017831113586137
19.13 -0.011699453856025
19.14 -0.011003172200831
19.15 -0.004970619871404
19.16 0.004479359715443
19.17 0.006658038320391
19.18 -0.003597823903391
19.19 -0.012948304878604
19.2 -0.003208076679868
19.21 0.004343846941273
19.22 0.015265520909587
19.23 0.005927364951043
19.24 0.001303274881025
19.25 -0.001203839906343
19.26 -0.002997850759075
19.27 -0.003718951258479
19.28 -0.003748468688408
19.29 0.000282180531158
19.3 0.009233155699936
19.31 0.022438919039794
19.32 0.035478783013789
19.33 0.047361517245081
19.34 0.058114084573505
19.35 0.066289892002164
19.36 0.07181893750399
19.37 0.074692803844777
19.38 0.075014161479475
19.39 0.073417319123153
19.4 0.068336190519705
19.41 0.050612616076725
19.42 0.035875479998629
19.43 0.033017468812324
19.44 0.028397152181252
19.45 0.023491739369238
19.46 0.016295390828507
19.47 0.009525551641554
19.48 0.011949732800382
19.49 0.021384663621446
19.5 0.028960937147643
19.51 0.038539011466486
19.52 0.044127763553225
19.53 0.048946254590011
19.54 0.056250125209983
19.55 0.065139638126371
19.56 0.070350441857297
19.57 0.073644484564398
19.58 0.075294110410826
19.59 0.074588528730618
19.6 0.070771089805889
19.61 0.047593565550682
19.62 0.039799046587373
19.63 0.046767982909787
19.64 0.05744279971694
19.65 0.068734209030149
19.66 0.055009096485587
19.67 0.030999194012312
19.68 0.009078657676027
19.69 -0.03036275621862
19.7 -0.042555217778292
19.71 -0.056544967446717
19.72 -0.062806185735953
19.73 -0.064873760003722
19.74 -0.051675255233564
19.75 -0.062371887032082
19.76 -0.081325802555703
19.77 -0.042020215273765
19.78 -0.047903767988101
19.79 -0.024030289253598
19.8 0.000792482084187
19.81 0.008299284891443
19.82 0.02972604648716
19.83 0.032111850479383
19.84 0.034674102417996
19.85 0.036593396383511
19.86 0.02899373317699
19.87 0.023808650302036
19.88 0.004518692841654
19.89 -0.033666252225364
19.9 -0.09219347175444
19.91 -0.090710079912194
19.92 -0.111176492244131
19.93 -0.10859457930847
19.94 -0.056851944692252
19.95 -0.054242859347691
19.96 -0.055200078306882
19.97 -0.062197060747244
19.98 -0.061790912492669
19.99 -0.046867845601484
20.0 -0.026877821695062
20.01 -0.007703493435892
20.02 0.002989410131418
20.03 0.010398232922083
20.04 0.00960685849618
20.05 0.008163652223407
20.06 0.00619494195757
20.07 0.000448429697324
20.08 -0.001980915276628
20.09 -0.006237751749648
20.1 -0.008523063326658
20.11 -0.008778875645482
20.12 -0.006299206253018
20.13 0.000454393951792
20.14 0.010914119355238
20.15 0.021588084619068
20.16 0.022009483245254
20.17 0.009906402639068
20.18 -0.004802413768809
20.19 -0.025538713469649
20.2 -0.020812376393012
20.21 -0.011816487551106
20.22 -0.009297296549644
20.23 -0.014266863173783
20.24 -0.01602687692591
20.25 -0.024048859965595
20.26 -0.022283446798678
20.27 -0.017899055705169
20.28 -0.010608417460597
20.29 -0.001508345907121
20.3 0.00495754934229
20.31 0.009219652259351
20.32 0.013388143835778
20.33 0.0125383235305
20.34 0.010662288822274
20.35 0.007535691868593
20.36 0.003055393516924
20.37 -0.004130036646614
20.38 -0.016910619373421
20.39 -0.037126406544172
20.4 -0.026111939888944
20.41 -0.022538880806948
20.42 -0.013588112863972
20.43 -0.01439922150612
20.44 -0.032031799099681
20.45 -0.035773314799653
20.46 -0.043120830487775
20.47 -0.043708772977887
20.48 -0.040698809242336
20.49 -0.034506445181182
20.5 -0.030231712773246
20.51 -0.026136198411176
20.52 -0.020648582992408
20.53 -0.013417886695251
20.54 -0.005161851891131
20.55 -0.000238564818049
20.56 0.004310452674961
20.57 0.008627981249013
20.58 0.011608922341931
20.59 0.015421366808411
20.6 0.015775457446027
20.61 0.014767931679003
20.62 0.011309309063601
20.63 0.002276672665967
20.64 -0.008208192881543
20.65 -0.015809431029508
20.66 -0.016031581975188
20.67 -0.014242871184881
20.68 -0.008961347426299
20.69 -0.001987548321957
20.7 0.002079478197995
20.71 0.003537304593289
20.72 0.007131999128097
20.73 0.009772154729751
20.74 0.014307936483584
20.75 0.014196200997681
20.76 0.008132473614704
20.77 0.002553940056092
20.78 -0.001831022840227
20.79 -0.000691905449964
20.8 0.000718321374725
20.81 0.002518623666048
20.82 0.005708732962482
20.83 0.010737274057652
20.84 0.019213399540928
20.85 0.026578006627429
20.86 0.03149063147471
20.87 0.03308639850501
20.88 0.032427924263378
20.89 0.028825987572072
20.9 0.02165888404845
20.91 0.008820121216151
20.92 -0.004710147147483
20.93 -0.016178535934828
20.94 -0.023641390586304
20.95 -0.027145471476229
20.96 -0.037353774930713
20.97 -0.037643769304504
20.98 -0.035822121107939
20.99 -0.026112974058613
21.0 -0.013958867288884
21.01 -0.004424918953203
21.02 0.001424279188082
21.03 0.005726223320727
21.04 0.002530241661707
21.05 0.007188524908247
21.06 -0.00081138500062
21.07 -0.000177085070074
21.08 -0.003172559595494
21.09 -0.007431665567798
21.1 -0.016900999024125
21.11 -0.017168864518086
21.12 -0.023249559859666
21.13 -0.021389526186276
21.14 -0.013400805054062
21.15 -0.005846654520044
21.16 -0.004517642029772
21.17 -0.00167161414965
21.18 -0.002276953994713
21.19 0.002671633585337
21.2 0.007709576787237
21.21 0.009537481937488
21.22 0.009250586426648
21.23 0.006474717975385
21.24 0.006882753859793
21.25 0.011823014201208
21.26 0.020522606221417
21.27 0.02934686905925
21.28 0.036883373019864
21.29 0.040494620008771
21.3 0.033629732569347
21.31 0.048131815587337
21.32 0.050511868951916
21.33 0.050553944076723
21.34 0.052100564297996
21.35 0.050217994071492
21.36 0.045197695061446
21.37 0.023926944897616
21.38 0.005668097513244
21.39 -0.009762684872994
21.4 -0.017753438933699
21.41 -0.024634254167647
21.42 -0.029193723561135
21.43 -0.033075044168653
21.44 -0.033683563619572
21.45 -0.026797391599324
21.46 -0.014822535881694
21.47 0.000890559719551
21.48 0.01694441778499
21.49 0.029080856936123
21.5 0.039963756675543
21.51 0.050106232284488
21.52 0.059794213957772
21.53 0.0663676664157
21.54 0.067254307013715
21.55 0.056945079026829
21.56 0.040436832688319
21.57 0.019499583724272
21.58 0.005867476057459
21.59 0.006073107833812
21.6 0.01180877987646
21.61 0.014390119579506
21.62 0.014184510118045
21.63 0.010843295376561
21.64 0.004735434814304
21.65 0.005791373295765
21.66 0.006896326870378
21.67 0.011146879992289
21.68 0.020786376704102
21.69 0.031948135587644
21.7 0.033754859809676
21.71 0.037723031019125
21.72 0.043722384900524
21.73 0.024591055515198
21.74 0.018746792538526
21.75 -0.001120816410273
21.76 -0.011020859771115
21.77 -0.016218802612086
21.78 -0.020926363782896
21.79 -0.018696100182838
21.8 -0.016006554610122
21.81 -0.013831059570911
21.82 -0.01117848191617
21.83 -0.01144226462937
21.84 -0.012116741450608
21.85 -0.014212751062417
21.86 -0.014296158140139
21.87 -0.013042256503183
21.88 -0.011155947555147
21.89 -0.007809667515108
21.9 -0.006098178473388
21.91 -0.007692400828765
21.92 -0.012364331953756
21.93 -0.019222582108068
21.94 -0.030663672266144
21.95 -0.037549624471741
21.96 -0.031673653803517
21.97 -0.019067942674288
21.98 -0.005416968693656
21.99 -0.001358597021155
22.0 0.002132425943888
22.01 0.003557813605559
22.02 0.001354390017962
22.03 0.004077695095281
22.04 0.003516883630369
22.05 0.004178388847905
22.06 0.002382457948592
22.07 -0.002421275154986
22.08 -0.007727353372954
22.09 -0.012559981257752
22.1 -0.015446202226043
22.11 -0.019465460482149
22.12 -0.023340333842021
22.13 -0.026844626509727
22.14 -0.028016207116947
22.15 -0.025014244967706
22.16 -0.02074411468804
22.17 -0.017003807177317
22.18 -0.015006199792118
22.19 -0.014207166517273
22.2 -0.012627261356665
22.21 -0.011835743205015
22.22 -0.011236137142818
22.23 -0.013654581226601
22.24 -0.018921095203084
22.25 -0.024705900461543
22.26 -0.032257100683994
22.27 -0.039181265043986
22.28 -0.04170254991962
22.29 -0.042213964404683
22.3 -0.046315818542367
22.31 -0.047819042119541
22.32 -0.044200097051121
22.33 -0.035321492632761
22.34 -0.021691369190065
22.35 -0.012153445495317
22.36 -0.005167038216258
22.37 -0.006452072292699
22.38 -0.005265615113056
22.39 -0.005603681376492
22.4 -0.010589505785378
22.41 -0.015734538399117
22.42 -0.026251983637695
22.43 -0.036473430614784
22.44 -0.045732618151736
22.45 -0.049744279744839
22.46 -0.05126257221844
22.47 -0.049100734265739
22.48 -0.04362042181363
22.49 -0.037589686268949
22.5 -0.028221437770118
22.51 -0.016812276316504
22.52 -0.001870458399101
22.53 0.018129743342351
22.54 0.027263918014762
22.55 0.030303352576634
22.56 0.030058543841741
22.57 0.015675219506014
22.58 0.00772636334499
22.59 0.003249944784498
22.6 -0.003719187754576
22.61 -0.009069136487871
22.62 -0.01661149680262
22.63 -0.022243411298905
22.64 -0.017679674119574
22.65 -0.006998457259365
22.66 0.005530070354991
22.67 0.02161869102414
22.68 0.017945251866857
22.69 0.017859024370952
22.7 0.029651948945805
22.71 0.030997597336677
22.72 0.035601599170411
22.73 0.038548733600514
22.74 0.032003388185698
22.75 0.013750059662677
22.76 0.00157367127336
22.77 -0.012453362433406
22.78 -0.019479551769235
22.79 -0.020449908922735
22.8 -0.017672883746513
22.81 -0.015478156834111
22.82 -0.007799752591677
22.83 -0.001487636998358
22.84 0.010706388137998
22.85 0.021214662829155
22.86 0.028815233603566
22.87 0.033366546931244
22.88 0.030557173296775
22.89 0.026083838253558
22.9 0.02023902820909
22.91 0.020577484105438
22.92 0.01915086731506
22.93 0.014366798856915
22.94 0.005671710980309
22.95 -0.005241730319765
22.96 -0.00915098066034
22.97 0.003617310477908
22.98 0.015542209080946
22.99 0.028264379329295
23.0 0.034256034399581
23.01 0.038397284176201
23.02 0.038876597888288
23.03 0.043133961152938
23.04 0.046885364591895
23.05 0.045320271391681
23.06 0.041245803423856
23.07 0.033646810525449
23.08 0.029204885956297
23.09 0.017263532072222
23.1 0.016216582591392
23.11 0.017707636348696
23.12 0.018394148012523
23.13 0.026478295895807
23.14 0.022049179127529
23.15 0.022413560606962
23.16 0.022661068338764
23.17 0.023849383370178
23.18 0.033445777972166
23.19 0.026717474944276
23.2 0.019544627889794
23.21 0.006963834177728
23.22 0.000250856943167
23.23 0.001295439613631
23.24 -0.000383323239814
23.25 0.000952610509725
23.26 -0.002049852855694
23.27 -0.007252225573279
23.28 -0.011054286851602
23.29 -0.013608089389827
23.3 -0.01228489775847
23.31 -0.006241053977686
23.32 0.00108681544015
23.33 0.006106628880343
23.34 0.010294325923996
23.35 0.012470097221549
23.36 0.010729134232079
23.37 0.007562690569055
23.38 0.001243801880946
23.39 -0.005514909704297
23.4 -0.010463105281602
23.41 -0.013782194749012
23.42 -0.012743949352886
23.43 -0.013277667153538
23.44 -0.011291605973468
23.45 -0.014755791066802
23.46 -0.017098623478396
23.47 -0.01691133443507
23.48 -0.015449502599764
23.49 -0.012309178428942
23.5 -0.010218065679985
23.51 -0.007515055034013
23.52 -0.000723914913778
23.53 0.006584013078386
23.54 0.010154196388287
23.55 0.0102739165621
23.56 0.007798504571406
23.57 0.00281643152845
23.58 0.000223356415509
23.59 0.000890933792136
23.6 -3.7431533243e-05
23.61 0.000266976060153
23.62 -0.003879606879061
23.63 -0.007504449039825
23.64 -0.008852280380942
23.65 -0.009102387870231
23.66 -0.00769130261198
23.67 -0.004483856634049
23.68 0.001276756069411
23.69 0.005675177212995
23.7 0.007856096824603
23.71 0.006636987193889
23.72 0.00492917515236
23.73 0.001589048005443
23.74 -0.003108809891843
23.75 -0.010009838164772
23.76 -0.016623929215499
23.77 -0.021278374067511
23.78 -0.020224671186237
23.79 -0.015675445003856
23.8 -0.009444880165416
23.81 -0.003092237918988
23.82 2.587781936e-05
23.83 0.003327489047891
23.84 0.00887706797384
23.85 0.013847015278172
23.86 0.016411493504998
23.87 0.01518028142079
23.88 0.010402587238337
23.89 0.00292319990973
23.9 -0.006640018066707
23.91 -0.016813063371375
23.92 -0.026274655204889
23.93 -0.031345799880903
23.94 -0.031556348580649
23.95 -0.028152947480619
23.96 -0.022229332046885
23.97 -0.01754146803505
23.98 -0.010042201009052
23.99 -0.002266245267561
24.0 0.004637072997197
24.01 0.008161962431888
24.02 0.008131845786307
24.03 0.008272459922049
24.04 0.0068589069296
24.05 0.004892801141704
24.06 -0.001651998663245
24.07 -0.006077998281246
24.08 -0.015579006843384
24.09 -0.023557348892444
24.1 -0.0272657929702
24.11 -0.031892184050718
24.12 -0.023977073450636
24.13 -0.017047610489934
24.14 -0.012282308677272
24.15 -0.010652493119346
24.16 -0.004211452223422
24.17 -0.000335882087804
24.18 0.004116198236257
24.19 0.002576392045026
24.2 -0.001779677691007
24.21 -0.00842196356077
24.22 -0.015288721824954
24.23 -0.018128552062161
24.24 -0.020120870960074
24.25 -0.021085421923371
24.26 -0.021291178053494
24.27 -0.020182061894285
24.28 -0.01628983625006
24.29 -0.014747712323975
24.3 -0.013596713112914
24.31 -0.011149451019277
24.32 -0.006440962590191
24.33 -0.002262186700494
24.34 -0.003409122918648
24.35 -0.005578055927376
24.36 -0.006576427166716
24.37 -0.004254661122371
24.38 -0.002894477877858
24.39 -0.003667102549138
24.4 -0.004393743498666
24.41 -0.003315093248305
24.42 -0.002731841148218
24.43 0.000394812233548
24.44 0.00275268413446
24.45 0.003534349459387
24.46 0.003672012272974
24.47 0.004239214617147
24.48 0.004899421695017
24.49 0.004783784336421
24.5 0.003311429372656
24.51 0.002342932410018
24.52 0.002642737290794
24.53 0.003856371241822
24.54 0.005015844087575
24.55 0.00542554298912
24.56 0.007383590436143
24.57 0.011283946314581
24.58 0.016274665744823
24.59 0.020725195060076
24.6 0.024234744881466
24.61 0.025354864031128
24.62 0.023383885309265
24.63 0.018826761805555
24.64 0.010865686494442
24.65 0.002803647164752
24.66 -0.004351994389194
24.67 -0.011679116191396
24.68 -0.017767808406984
24.69 -0.02069111097158
24.7 -0.024120294633959
24.71 -0.025312847692567
24.72 -0.024051984035612
24.73 -0.019164680145075
24.74 -0.012708588033847
24.75 -0.004615849231161
24.76 0.002706530697936
24.77 0.009782605682107
24.78 0.014580403556859
24.79 0.017105723563533
24.8 0.019472945584176
24.81 0.017832496878908
24.82 0.01343017798712
24.83 0.005606641878196
24.84 0.001371876473554
24.85 0.002697615387716
24.86 0.006057960876663
24.87 0.007046779235231
24.88 0.007743989316872
24.89 0.009952629781028
24.9 0.013381837439446
24.91 0.019893608354792
24.92 0.02572038613171
24.93 0.031218486819071
24.94 0.036791985021084
 
 
 
 
 
 
 
 
 
 
 
 
 
 
 
 
 
 
 
 
 
 
 
 
 
 
 
 
 
 
 
 
 
 
 
 
 
 
 
 
 
 
 
 
 
 
 
 
 
 
 
 
 
 
 
 
 
 
 
 
 
 
 
 
 
 
 
 
 
 
 
 
 
 
 
 
 
 
 
 
 
 
 
 
 
 
 
 
 
 
 
 
 
 
 
 
 
 
 
 
 
 
 
 
 
 
 
 
 
 
 
 
 
 
 
 
 
 
 
 
 
 
 
 
 
 
 
 
 
 
 
 
 
 
 
 
 
 
 
 
 
 
 
 
 
 
 
 
 
 
 
 
 
 
 
 
 
 
 
 
 
 
 
 
 
 
 
 
 
 
 
 
 
 
 
 
 
 
 
 
 
 
 
 
 
 
 
 
 
 
 
 
 
 
 
 
 
 
 
 
 
 
 
 
 
 
 
 
 
 
 
 
 
 
 
 
 
 
 
 
 
 
 
 
 
 
 
 
 
 
 
 
 
 
 
 
 
 
 
 
 
 
 
 
 
 
 
 
 
 
 
 
 
 
 
 
 
 
 
 
 
 
 
 
 
 
 
 
 
 
 
 
 
 
 
 
 
 
 
 
 
 
 
 
 
 
 
 
 
 
 
 
 
 
 
 
 
 
 
 
 
 
 
 
 
 
 
 
 
 
 
 
 
 
 
 
 
 
 
 
 
 
 
 
 
 
 
 
 
 
 
 
 
 
 
 
 
 
 
 
 
 
 
 
 
 
 
 
 
 
 
 
 
 
 
 
 
 
 
 
 
 
 
 
 
 
 
 
 
 
 
 
 
 
 
 
 
 
 
 
 
 
 
 
 
 
 
 
 
 
 
 
 
 
 
 
 
 
 
 
 
 
 
 
 
 
 
 
 
 
 
 
 
 
 
 
 
 
 
 
 
 
 
 
 
 
 
 
 
 
 
 
 
 
 
 
 
 
 
 
 
 
 
 
 
 
 
 
 
 
 
 
 
 
 
 
 
 
 
 
 
 
 
 
 
 
 
 
 
 
 
 
 
 
 
 
 
 
 
 
 
 
 
 
 
 
 
 
 
 
 
 
 
 
 
 
 
 
 
 
 
 
 
 
 
 
 
 
 
 
 
 
 
 
 
 
 
 
 
 
 
 
 
 
 
 
 
 
 
 
 
 
 
 
 
 
 
 
 
 
 
 
 
 
 
 
 
 
 
 
 
 
 
 
 
 
 
 
 
 
 
 
 
 
 
 
 
 
 
 
 
 
 
 
 
 
 
 
 
 
 
 
 
 
 
 
 
 
 
 
 
 
 
 
 
 
 
 
 
 
 
 
 
 
 
 
 
 
 
 
 
 
 
 
 
 
 
 
 
 
 
 
 
 
 
 
 
 
 
 
 
 
 
 
 
 
 
 
 
 
 
 
 
 
 
 
 
 
 
 
 
 
 
 
 
 
 
 
 
 
 
 
 
 
 
 
 
 
 
 
 
 
 
 
 
 
 
 
 
 
 
 
 
 
 
 
 
 
 
 
 
 
 
 
 
 
 
 
 
 
 
 
 
 
 
 
 
 
 
 
 
 
 
 
 
 
 
 
 
 
 
 
 
 
 
 
 
 
 
 
 
 
 
 
 
 
 
 
 
 
 
 
 
 
 
 
 
 
 
 
 
 
 
 
 
 
 
 
 
 
 
 
 
 
 
 
 
 
 
 
 
 
 
 
 
 
 
 
 
 
 
 
 
 
 
 
 
 
 
 
 
 
 
 
 
 
 
 
 
 
 
 
 
 
 
 
 
 
 
 
 
 
 
 
 
 
 
 
 
 
 
 
 
 
 
 
 
 
 
 
 
 
 
 
 
 
 
 
 
 
 
 
 
 
 
 
 
 
 
 
 
 
 
 
 
 
 
 
 
 
 
 
 
 
 
 
 
 
 
 
 
 
 
 
 
 
 
 
 
 
 
 
 
 
 
 
 
 
 
 
 
 
 
 
 
 
 
 
 
 
 
 
 
 
 
 
 
 
 
 
 
 
 
 
 
 
 
 
 
 
 
 
 
 
 
 
 
 
 
 
 
 
 
 
 
 
 
 
 
 
 
 
 
 
 
 
 
 
 
 
 
 
 
 
 
 
 
 
 
 
 
 
 
 
 
 
 
 
 
 
 
 
 
 
 
 
 
 
 
 
 
 
 
 
 
 
 
 
 
 
 
 
 
 
 
 
 
 
 
 
 
 
 
 
 
 
 
 
 
 
 
 
 
 
 
 
 
 
 
 
 
 
 
 
 
 
 
 
 
 
 
 
 
 
 
 
 
 
 
 
 
 
 
 
 
 
 
 
 
 
 
 
 
 
 
 
 
 
 
 
 
 
 
 
 
 
 
 
 
 
 
 
 
 
 
 
 
 
 
 
 
 
 
 
 
 
 
 
 
 
 
 
 
 
 
 
 
 
 
 
 
 
 
 
 
 
 
 
 
 
 
 
 
 
 
 
 
 
 
 
 
 
 
 
 
 
 
 
 
 
 
 
 
 
 
 
 
 
 
 
 
 
 
 
 
 
 
 
 
 
 
 
 
 
 
 
 
 
 
 
 
 
 
 
 
 
 
 
 
 
 
 
 
 
 
 
 
 
 
 
 
 
 
 
 
 
 
 
 
 
 
 
 
 
 
 
 
 
 
 
 
 
 
 
 
 
 
 
 
 
 
 
 
 
 
 
 
 
 
 
 
 
 
 
 
 
 
 
 
 
 
 
 
 
 
 
 
 
 
 
 
 
 
 
 
 
 
 
 
 
 
 
 
 
 
 
 
 
 
 
 
 
 
 
 
 
 
 
 
 
 
 
 
 
 
 
 
 
 
 
 
 
 
 
 
 
 
 
 
 
 
 
 
 
 
 
 
 
 
 
 
 
 
 
 
 
 
 
 
 
 
 
 
 
 
 
 
 
 
 
 
 
 
 
 
 
 
 
 
 
 
 
 
 
 
 
 
 
 
 
 
 
 
 
 
 
 
 
 
 
 
 
 
 
 
 
 
 
 
 
 
 
 
 
 
 
 
 
 
 
 
 
 
 
 
 
 
 
 
 
 
 
 
 
 
 
 
 
 
 
 
 
 
 
 
 
 
 
 
 
 
 
 
 
 
 
 
 
 
 
 
 
 
 
 
 
 
 
 
 
 
 
 
 
 
 
 
 
 
 
 
 
 
 
 
 
 
 
 
 
 
 
 
 
 
 
 
 
 
 
 
 
 
 
 
 
 
 
 
 
 
 
 
 
 
 
 
 
 
 
 
 
 
 
 
 
 
 
 
 
 
 
 
 
 
 
 
 
 
 
 
 
 
 
 
 
 
 
 
 
 
 
 
 
 
 
 
 
 
 
 
 
 
 
 
 
 
 
 
 
 
 
 
 
 
 
 
 
 
 
 
 
 
 
 
 
 
 
 
 
 
 
 
 
 
 
 
 
 
 
 
 
 
 
 
 
 
 
 
 
 
 
 
 
 
 
 
 
 
 
 
 
 
 
 
 
 
 
 
 
 
 
 
 
 
 
 
 
 
 
 
 
 
 
 
 
 
 
 
 
 
 
 
 
 
 
 
 
 
 
 
 
 
 
 
 
 
 
 
 
 
 
 
 
 
 
 
 
 
 
 
 
 
 
 
 
 
 
 
 
 
 
 
 
 
 
 
 
 
 
 
 
 
 
 
 
 
 
 
 
 
 
 
 
 
 
 
 
 
 
 
 
 
 
 
 
 
 
 
 
 
 
 
 
 
 
 
 
 
 
 
 
 
 
 
 
 
 
 
 
 
 
 
 
 
 
 
 
 
 
 
 
 
 
 
 
 
 
 
 
 
 
 
 
 
 
 
 
 
 
 
 
 
 
 
 
 
 
 
 
 
 
 
 
 
 
 
 
 
 
 
 
 
 
 
 
 
 
 
 
 
 
 
 
 
 
 
 
 
 
 
 
 
 
 
 
 
 
 
 
 
 
 
 
 
 
 
 
 
 
 
 
 
 
 
 
 
 
 
 
 
 
 
 
 
 
 
 
 
 
 
 
 
 
 
 
 
 
 
 
 
 
 
 
 
 
 
 
 
 
 
 
 
 
 
 
 
 
 
 
 
 
 
 
 
 
 
 
 
 
 
 
 
 
 
 
 
 
 
 
 
 
 
 
 
 
 
 
 
 
 
 
 
 
 
 
 
 
 
 
 
 
 
 
 
 
 
 
 
 
 
 
 
 
 
 
 
 
 
 
 
 
 
 
 
 
 
 
 
 
 
 
 
 
 
 
 
 
 
 
 
 
 
 
 
 
 
 
 
 
 
 
 
 
 
 
 
 
 
 
 
 
 
 
 
 
 
 
 
 
 
 
 
 
 
 
 
 
 
 
 
 
 
 
 
 
 
 
 
 
 
 
 
 
 
 
 
 
 
 
 
 
 
 
 
 
 
 
 
 
 
 
 
 
 
 
 
 
 
 
 
 
 
 
 
 
 
 
 
 
 
 
 
 
 
 
 
 
 
 
 
 
 
 
 
 
 
 
 
 
 
 
 
 
 
 
 
 
 
 
 
 
 
 
 
 
 
 
 
 
 
 
 
 
 
 
 
 
 
 
 
 
 
 
 
 
 
 
 
 
 
 
 
 
 
 
 
 
 
 
 
 
 
 
 
 
 
 
 
 
 
 
 
 
 
 
 
 
 
 
 
 
 
 
 
 
 
 
 
 
 
 
 
 
 
 
 
 
 
 
 
 
 
 
 
 
 
 
 
 
 
 
 
 
 
 
 
 
 
 
 
 
 
 
 
 
 
 
 
 
 
 
 
 
 
 
 
 
 
 
 
 
 
 
 
 
 
 
 
 
 
 
 
 
 
 
 
 
 
 
 
 
 
 
 
 
 
 
 
 
 
 
 
 
 
 
 
 
 
 
 
 
 
 
 
 
 
 
 
 
 
 
 
 
 
 
 
 
 
 
 
 
 
 
 
 
 
 
 
 
 
 
 
 
 
 
 
 
 
 
 
 
 
 
 
 
 
 
 
 
 
 
 
 
 
 
 
 
 
 
 
 
 
 
 
 
 
 
 
 
 
 
 
 
 
 
 
 
 
 
 
 
 
 
 
 
 
 
 
 
 
 
 
 
 
 
 
 
 
 
 
 
 
 
 
 
 
 
 
 
 
 
 
 
 
 
 
 
 
 
 
 
 
 
 
 
 
 
 
 
 
 
 
 
 
 
 
 
 
 
 
 
 
 
 
 
 
 
 
 
 
 
 
 
 
 
 
 
 
 
 
 
 
 
 
 
 
 
 
 
 
 
 
 
 
 
 
 
 
 
 
 
 
 
 
 
 
 
 
 
 
 
 
 
 
 
 
 
 
 
 
 
 
 
 
 
 
 
 
 
 
 
 
 
 
 
 
 
 
 
 
 
 
 
 
 
 
 
 
 
 
 
 
 
 
 
 
 
 
 
 
 
 
 
 
 
 
 
 
 
 
 
 
 
 
 
 
 
 
 
 
 
 
 
 
 
 
 
 
 
 
 
 
 
 
 
 
 
 
 
 
 
 
 
 
 
 
 
 
 
 
 
 
 
 
 
 
 
 
 
 
 
 
 
 
 
 
 
 
 
 
 
 
 
 
 
 
 
 
 
 
 
 
 
 
 
 
 
 
 
 
 
 
 
 
 
 
 
 
 
 
 
 
 
 
 
 
 
 
 
 
 
 
 
 
 
 
 
 
 
 
 
 
 
 
 
 
 
 
 
 
 
 
 
 
 
 
 
 
 
 
 
 
 
 
 
 
 
 
 
 
 
 
 
 
 
 
 
 
 
 
 
 
 
 
 
 
 
 
 
 
 
 
 
 
 
 
 
 
 
 
 
 
 
 
 
 
 
 
 
 
 
 
 
 
 
 
 
 
 
 
 
 
 
 
 
 
 
 
 
 
 
 
 
 
 
 
 
 
 
 
 
 
 
 
 
 
 
 
 
 
 
 
 
 
 
 
 
 
 
 
 
 
 
 
 
 
 
 
 
 
 
 
 
 
 
 
 
 
 
 
 
 
 
 
 
 
 
 
 
 
 
 
 
 
 
 
 
 
 
 
 
 
 
 
 
 
 
 
 
 
 
 
 
 
 
 
 
 
 
 
 
 
 
 
 
 
 
 
 
 
 
 
 
 
 
 
 
 
 
 
 
 
 
 
 
 
 
 
 
 
 
 
 
 
 
 
 
 
 
 
 
 
 
 
 
 
 
 
 
 
 
 
 
 
 
 
 
 
 
 
 
 
 
 
 
 
 
 
 
 
 
 
 
 
 
 
 
 
 
 
 
 
 
 
 
 
 
 
 
 
 
 
 
 
 
 
 
 
 
 
 
 
 
 
 
 
 
 
 
 
 
 
 
 
 
 
 
 
 
 
 
 
 
 
 
 
 
 
 
 
 
 
 
 
 
 
 
 
 
 
 
 
 
 
 
 
 
 
 
 
 
 
 
 
 
 
 
 
 
 
 
 
 
 
 
 
 
 
 
 
 
 
 
 
 
 
 
 
 
 
 
 
 
 
 
 
 
 
 
 
 
 
 
 
 
 
 
 
 
 
 
 
 
 
 
 
 
 
 
 
 
 
 
 
 
 
 
 
 
 
 
 
 
 
 
 
 
 
 
 
 
 
 
 
 
 
 
 
 
 
 
 
 
 
 
 
 
 
 
 
 
 
 
 
 
 
 
 
 
 
 
 
 
 
 
 
 
 
 
 
 
 
 
 
 
 
 
 
 
 
 
 
 
 
 
 
 
 
 
 
 
 
 
 
 
 
 
 
 
 
 
 
 
 
 
 
 
 
 
 
 
 
 
 
 
 
 
 
 
 
 
 
 
 
 
 
 
 
 
 
 
 
 
 
 
 
 
 
 
 
 
 
 
 
 
 
 
 
 
 
 
 
 
 
 
 
 
 
 
 
 
 
 
 
 
 
 
 
 
 
 
 
 
 
 
 
 
 
 
 
 
 
 
 
 
 
 
 
 
 
 
 
 
 
 
 
 
 
 
 
 
 
 
 
 
 
 
 
 
 
 
 
 
 
 
 
 
 
 
 
 
 
 
 
 
 
 
 
 
 
 
 
 
 
 
 
 
 
 
 
 
 
 
 
 
 
 
 
 
 
 
 
 
 
 
 
 
 
 
 
 
 
 
 
 
 
 
 
 
 
 
 
 
 
 
 
 
 
 
 
 
 
 
 
 
 
 
 
 
 
 
 
 
 
 
 
 
 
 
 
 
 
 
 
 
 
 
 
 
 
 
 
 
 
 
 
 
 
 
 
 
 
 
 
 
 
 
 
 
 
 
 
 
 
 
 
 
 
 
 
 
 
 
 
 
 
 
 
 
 
 
 
 
 
 
 
 
 
 
 
 
 
 
 
 
 
 
 
 
 
 
 
 
 
 
 
 
 
 
 
 
 
 
 
 
 
 
 
 
 
 
 
 
 
 
 
 
 
 
 
 
 
 
 
 
 
 
 
 
 
 
 
 
 
 
 
 
 
 
 
 
 
 
 
 
 
 
 
 
 
 
 
 
 
 
 
 
 
 
 
 
 
 
 
 
 
 
 
 
 
 
 
 
 
 
 
 
 
 
 
 
 
 
 
 
 
 
 
 
 
 
 
 
 
 
 
 
 
 
 
 
 
 
 
 
 
 
 
 
 
 
 
 
 
 
 
 
 
 
 
 
 
 
 
 
 
 
 
 
 
 
 
 
 
 
 
 
 
 
 
 
 
 
 
 
 
 
 
 
 
 
 
 
 
 
 
 
 
 
 
 
 
 
 
 
 
 
 
 
 
 
 
 
 
 
 
 
 
 
 
 
 
 
 
 
 
 
 
 
 
 
 
 
 
 
 
 
 
 
 
 
 
 
 
 
 
 
 
 
 
 
 
 
 
 
 
 
 
 
 
 
 
 
 
 
 
 
 
 
 
 
 
 
 
 
 
 
 
 
 
 
 
 
 
 
 
 
 
 
 
 
 
 
 
 
 
 
 
 
 
 
 
 
 
 
 
 
 
 
 
 
 
 
 
 
 
 
 
 
 
 
 
 
 
 
 
 
 
 
 
 
 
 
 
 
 
 
 
 
 
 
 
 
 
 
 
 
 
 
 
 
 
 
 
 
 
 
 
 
 
 
 
 
 
 
 
 
 
 
 
 
 
 
 
 
 
 
 
 
 
 
 
 
 
 
 
 
 
 
 
 
 
 
 
 
 
 
 
 
 
 
 
 
 
 
 
 
 
 
 
 
 
 
 
 
 
 
 
 
 
 
 
 
 
 
 
 
 
 
 
 
 
 
 
 
 
 
 
 
 
 
 
 
 
 
 
 
 
 
 
 
 
 
 
 
 
 
 
 
 
 
 
 
 
 
 
 
 
 
 
 
 
 
 
 
 
 
 
 
 
 
 
 
 
 
 
 
 
 
 
 
 
 
 
 
 
 
 
 
 
 
 
 
 
 
 
 
 
 
 
 
 
 
 
 
 
 
 
 
 
 
 
 
 
 
 
 
 
 
 
 
 
 
 
 
 
 
 
 
 
 
 
 
 
 
 
 
 
 
 
 
 
 
 
 
 
 
 
 
 
 
 
 
 
 
 
 
 
 
 
 
 
 
 
 
 
 
 
 
 
 
 
 
 
 
 
 
 
 
 
 
 
 
 
 
 
 
 
 
 
 
 
 
 
 
 
 
 
 
 
 
 
 
 
 
 
 
 
 
 
 
 
 
 
 
 
 
 
 
 
 
 
 
 
 
 
 
 
 
 
 
 
 
 
 
 
 
 
 
 
 
 
 
 
 
 
 
 
 
 
 
 
 
 
 
 
 
 
 
 
 
 
 
 
 
 
 
 
 
 
 
 
 
 
 
 
 
 
 
 
 
 
 
 
 
 
 
 
 
 
 
 
 
 
 
 
 
 
 
 
 
 
 
 
 
 
 
 
 
 
 
 
 
 
 
 
 
 
 
 
 
 
 
 
 
 
 
 
 
 
 
 
 
 
 
 
 
 
 
 
 
 
 
 
 
 
 
 
 
 
 
 
 
 
 
 
 
 
 
 
 
 
 
 
 
 
 
 
 
 
 
 
 
 
 
 
 
 
 
 
 
 
 
 
 
 
 
 
 
 
 
 
 
 
 
 
 
 
 
 
 
 
 
 
 
 
 
 
 
 
 
 
 
 
 
 
 
 
 
 
 
 
 
 
 
 
 
 
 
 
 
 
 
 
 
 
 
 
 
 
 
 
 
 
 
 
 
 
 
 
 
 
 
 
 
 
 
 
 
 
 
 
 
 
 
 
 
 
 
 
 
 
 
 
 
 
 
 
 
 
 
 
 
 
 
 
 
 
 
 
 
 
 
 
 
 
 
 
 
 
 
 
 
 
 
 
 
 
 
 
 
 
 
 
 
 
 
 
 
 
 
 
 
 
 
 
 
 
 
 
 
 
 
 
 
 
 
 
 
 
 
 
 
 
 
 
 
 
 
 
 
 
 
 
 
 
 
 
 
 
 
 
 
 
 
 
 
 
 
 
 
 
 
 
 
 
 
 
 
 
 
 
 
 
 
 
 
 
 
 
 
 
 
 
 
 
 
 
 
 
 
 
 
 
 
 
 
 
 
 
 
 
 
 
 
 
 
 
 
 
 
 
 
 
 
 
 
 
 
 
 
 
 
 
 
 
 
 
 
 
 
 
 
 
 
 
 
 
 
 
 
 
 
 
 
 
 
 
 
 
 
 
 
 
 
 
 
 
 
 
 
 
 
 
 
 
 
 
 
 
 
 
 
 
 
 
 
 
 
 
 
 
 
 
 
 
 
 
 
 
 
 
 
 
 
 
 
 
 
 
 
 
 
 
 
 
 
 
 
 
 
 
 
 
 
 
 
 
 
 
 
 
 
 
 
 
 
 
 
 
 
 
 
 
 
 
 
 
 
 
 
 
 
 
 
 
 
 
 
 
 
 
 
 
 
 
 
 
 
 
 
 
 
 
 
 
 
 
 
 
 
 
 
 
 
 
 
 
 
 
 
 
 
 
 
 
 
 
 
 
 
 
 
 
 
 
 
 
 
 
 
 
 
 
 
 
 
 
 
 
 
 
 
 
 
 
 
 
 
 
 
 
 
 
 
 
 
 
 
 
 
 
 
 
 
 
 
 
 
 
 
 
 
 
 
 
 
 
 
 
 
 
 
 
 
 
 
 
 
 
 
 
 
 
 
 
 
 
 
 
 
 
 
 
 
 
 
 
 
 
 
 
 
 
 
 
 
 
 
 
 
 
 
 
 
 
 
 
 
 
 
 
 
 
 
 
 
 
 
 
 
 
 
 
 
 
 
 
 
 
 
 
 
 
 
 
 
 
 
 
 
 
 
 
 
 
 
 
 
 
 
 
 
 
 
 
 
 
 
 
 
 
 
 
 
 
 
 
 
 
 
 
 
 
 
 
 
 
 
 
 
 
 
 
 
 
 
 
 
 
 
 
 
 
 
 
 
 
 
 
 
 
 
 
 
 
 
 
 
 
 
 
 
 
 
 
 
 
 
 
 
 
 
 
 
 
 
 
 
 
 
 
 
 
 
 
 
 
 
 
 
 
 
 
 
 
 
 
 
 
 
 
 
 
 
 
 
 
 
 
 
 
 
 
 
 
 
 
 
 
 
 
 
 
 
 
 
 
 
 
 
 
 
 
 
 
 
 
 
 
 
 
 
 
 
 
 
 
 
 
 
 
 
 
 
 
 
 
 
 
 
 
 
 
 
 
 
 
 
 
 
 
 
 
 
 
 
 
 
 
 
 
 
 
 
 
 
 
 
 
 
 
 
 
 
 
 
 
 
 
 
 
 
 
 
 
 
 
 
 
 
 
 
 
 
 
 
 
 
 
 
 
 
 
 
 
 
 
 
 
 
 
 
 
 
 
 
 
 
 
 
 
 
 
 
 
 
 
 
 
 
 
 
 
 
 
 
 
 
 
 
 
 
 
 
 
 
 
 
 
 
 
 
 
 
 
 
 
 
 
 
 
 
 
 
 
 
 
 
 
 
 
 
 
 
 
 
 
 
 
 
 
 
 
 
 
 
 
 
 
 
 
 
 
 
 
 
 
 
 
 
 
 
 
 
 
 
 
 
 
 
 
 
 
 
 
 
 
 
 
 
 
 
 
 
 
 
 
 
 
 
 
 
 
 
 
 
 
 
 
 
 
 
 
 
 
 
 
 
 
 
 
 
 
 
 
 
 
 
 
 
 
 
 
 
 
 
 
 
 
 
 
 
 
 
 
 
 
 
 
 
 
 
 
 
 
 
 
 
 
 
 
 
 
 
 
 
 
 
 
 
 
 
 
 
 
 
 
 
 
 
 
 
 
 
 
 
 
 
 
 
 
 
 
 
 
 
 
 
 
 
 
 
 
 
 
 
 
 
 
 
 
 
 
 
 
 
 
 
 
 
 
 
 
 
 
 
 
 
 
 
 
 
 
 
 
 
 
 
 
 
 
 
 
 
 
 
 
 
 
 
 
 
 
 
 
 
 
 
 
 
 
 
 
 
 
 
 
 
 
 
 
 
 
 
 
 
 
 
 
 
 
 
 
 
 
 
 
 
 
 
 
 
 
 
 
 
 
 
 
 
 
 
 
 
 
 
 
 
 
 
 
 
 
 
 
 
 
 
 
 
 
 
 
 
 
 
 
 
 
 
 
 
 
 
 
 
 
 
 
 
 
 
 
 
 
 
 
 
 
 
 
 
 
 
 
 
 
 
 
 
 
 
 
 
 
 
 
 
 
 
 
 
 
 
 
 
 
 
 
 
 
 
 
 
 
 
 
 
 
 
 
 
 
 
 
 
 
 
 
 
 
 
 
 
 
 
 
 
 
 
 
 
 
 
 
 
 
 
 
 
 
 
 
 
 
 
 
 
 
 
 
 
 
 
 
 
 
 
 
 
 
 
 
 
 
 
 
 
 
 
 
 
 
 
 
 
 
 
 
 
 
 
 
 
 
 
 
 
 
 
 
 
 
 
 
 
 
 
 
 
 
 
 
 
 
 
 
 
 
 
 
 
 
 
 
 
 
 
 
 
 
 
 
 
 
 
 
 
 
 
 
 
 
 
 
 
 
 
 
 
 
 
 
 
 
 
 
 
 
 
 
 
 
 
 
 
 
 
 
 
 
 
 
 
 
 
 
 
 
 
 
 
 
 
 
 
 
 
 
 
 
 
 
 
 
 
 
 
 
 
 
 
 
 
 
 
 
 
 
 
 
 
 
 
 
 
 
 
 
 
 
 
 
 
 
 
 
 
 
 
 
 
 
 
 
 
 
 
 
 
 
 
 
 
 
 
 
 
 
 
 
 
 
 
 
 
 
 
 
 
 
 
 
 
 
 
 
 
 
 
 
 
 
 
 
 
 
 
 
 
 
 
 
 
 
 
 
 
 
 
 
 
 
 
 
 
 
 
 
 
 
 
 
 
 
 
 
 
 
 
 
 
 
 
 
 
 
 
 
 
 
 
 
 
 
 
 
 
 
 
 
 
 
 
 
 
 
 
 
 
 
 
 
 
 
 
 
 
 
 
 
 
 
 
 
 
 
 
 
 
 
 
 
 
 
 
 
 
 
 
 
 
 
 
 
 
 
 
 
 
 
 
 
 
 
 
 
 
 
 
 
 
 
 
 
 
 
 
 
 
 
 
 
 
 
 
 
 
 
 
 
 
 
 
 
 
 
 
 
 
 
 
 
 
 
 
 
 
 
 
 
 
 
 
 
