0.0 0.0
0.01 2.34057089e-07
0.02 2.40999266e-07
0.03 2.83946341e-07
0.04 4.17763151e-07
0.05 5.8716231e-07
0.06 5.2845892e-07
0.07 9.643253e-09
0.08 -8.23868232e-07
0.09 -1.295913528e-06
0.1 -1.551813189e-06
0.11 -3.2467101e-06
0.12 -5.92946431e-06
0.13 -6.80024156e-06
0.14 -5.509685109e-06
0.15 -3.854868922e-06
0.16 -4.973826787e-06
0.17 -7.967272197e-06
0.18 -5.788352525e-06
0.19 7.88787538e-07
0.2 8.187003191e-06
0.21 1.5375292879e-05
0.22 1.2592164163e-05
0.23 -2.625317842e-06
0.24 -1.3121749263e-05
0.25 -1.1860278153e-05
0.26 -9.273368648e-06
0.27 -1.1158251945e-05
0.28 -7.594159426e-06
0.29 5.107097282e-06
0.3 6.390718666e-06
0.31 -1.0900878045e-05
0.32 -3.0365385737e-05
0.33 -3.165391067e-05
0.34 -1.2738414958e-05
0.35 -2.970148744e-06
0.36 -1.9378052485e-05
0.37 -6.2876846211e-05
0.38 -0.000115404515243
0.39 -0.000107352793772
0.4 -2.3740193636e-05
0.41 3.5191696265e-05
0.42 1.72136521e-05
0.43 1.105722128e-06
0.44 2.1039671415e-05
0.45 6.6867922136e-05
0.46 0.000106890935261
0.47 6.0969394429e-05
0.48 -6.2285163142e-05
0.49 -0.000129224179943
0.5 -0.000106647604421
0.51 -6.4572198658e-05
0.52 -9.2305982536e-05
0.53 -0.000160873339995
0.54 -0.00013864111035
0.55 -6.0780952231e-05
0.56 -4.7344183009e-05
0.57 -0.000103205730535
0.58 -0.000132077356095
0.59 -4.743291947e-05
0.6 7.7549946666e-05
0.61 0.000177277434461
0.62 0.000169655036047
0.63 -1.3192785699e-05
0.64 -0.000107423333511
0.65 1.5409628087e-05
0.66 3.5984646241e-05
0.67 -0.00016003207677
0.68 -0.000218919431662
0.69 -0.00010552415656
0.7 -0.00011806252205
0.71 -0.000194506042755
0.72 -0.000118383992271
0.73 2.8150187652e-05
0.74 -6.17829069e-06
0.75 -0.000171118572924
0.76 -0.000239498063792
0.77 -0.000267848264084
0.78 -0.000324946679057
0.79 -0.000235192629063
0.8 -6.1793042884e-05
0.81 -5.9910271343e-05
0.82 -5.4154891174e-05
0.83 0.00016880752731
0.84 0.00016398647516
0.85 -0.000103324079567
0.86 -0.000112306039821
0.87 4.085550882e-06
0.88 -7.4861176836e-05
0.89 3.927573424e-06
0.9 0.000208630715699
0.91 0.000146526836205
0.92 -0.000141369011936
0.93 -0.000360342043465
0.94 -0.000354106408129
0.95 -0.000374888324815
0.96 -0.000517644178439
0.97 -0.000525999756756
0.98 -0.000354499038768
0.99 -0.00019116259776
1.0 0.000110902659396
1.01 0.000576630892371
1.02 0.000806625153031
1.03 0.000476951183691
1.04 1.96635498e-05
1.05 -4.5286784226e-05
1.06 0.000160968259898
1.07 0.000102307941901
1.08 -0.00031698035425
1.09 -0.000393381952915
1.1 2.9605917518e-05
1.11 0.000177654397833
1.12 -0.000142399426345
1.13 -0.000185125040199
1.14 -1.7733325237e-05
1.15 -1.142864801e-06
1.16 2.193088872e-05
1.17 0.000201510319648
1.18 0.000469935317651
1.19 0.000467056656524
1.2 0.00032998410174
1.21 0.000598733036577
1.22 0.000678837710343
1.23 -0.000213256258866
1.24 -0.001095174685087
1.25 -0.001039985987341
1.26 -0.000919702609885
1.27 -0.001508435347496
1.28 -0.001868223179034
1.29 -0.001198661394117
1.3 -0.000139593809336
1.31 0.00033533705539
1.32 0.000308425872701
1.33 0.00058688032557
1.34 0.000726021756399
1.35 0.000400742810956
1.36 0.000292787986734
1.37 0.000385446059266
1.38 4.4329176896e-05
1.39 -0.000390510766031
1.4 -0.0006362529837
1.41 -0.00076438221332
1.42 -0.001112428879362
1.43 -0.001561679268912
1.44 -0.001362488222708
1.45 -0.000915516969468
1.46 -0.000935499837505
1.47 -0.001045986575466
1.48 -0.000234196821127
1.49 0.001289391844383
1.5 0.002473227697402
1.51 0.00296801775796
1.52 0.002604286710735
1.53 0.001440364024268
1.54 0.000374826711657
1.55 0.000210065145959
1.56 0.000105324562338
1.57 -0.000768904952584
1.58 -0.001807853524492
1.59 -0.002188186688257
1.6 -0.001512438069362
1.61 -0.000300595445056
1.62 0.000259192837876
1.63 0.000283641562414
1.64 0.000600010485965
1.65 0.000904530946861
1.66 0.000472624092991
1.67 8.1660880665e-05
1.68 0.000511209318471
1.69 0.000908103765601
1.7 0.000730260860962
1.71 0.000437708301657
1.72 -5.2503958634e-05
1.73 -0.000954430025862
1.74 -0.001788746816143
1.75 -0.002071115075983
1.76 -0.001918661966161
1.77 -0.001834675043507
1.78 -0.001851886639106
1.79 -0.0012280401026
1.8 -2.4356230565e-05
1.81 0.001200636184362
1.82 0.001932923256986
1.83 0.002340862090475
1.84 0.001914483634562
1.85 0.000775489946197
1.86 -7.8310720018e-05
1.87 -0.000709626527518
1.88 -0.001439377110985
1.89 -0.001267913798552
1.9 -0.000501768269643
1.91 -0.00039359668464
1.92 -0.000870797386126
1.93 -0.000775131638385
1.94 -0.000348339725584
1.95 0.000449580010646
1.96 0.001495282805409
1.97 0.001452779668253
1.98 0.000394075956841
1.99 0.000461950078414
2.0 0.001778723612262
2.01 0.001857718365545
2.02 0.000634841661088
2.03 5.4734023719e-05
2.04 2.474440898e-05
2.05 -0.000559693836445
2.06 -0.001132044391311
2.07 -0.00121010485711
2.08 -0.00150909795082
2.09 -0.001573627235726
2.1 -0.000698217820077
2.11 0.000336333453606
2.12 0.000609529172457
2.13 0.000202196676096
2.14 0.000456455351121
2.15 0.001150899059571
2.16 0.001187740131708
2.17 0.000614182404814
2.18 -0.000115630186099
2.19 -0.000791962524814
2.2 -0.001614021336147
2.21 -0.002159551534061
2.22 -0.001957506248295
2.23 -0.001335736984572
2.24 -0.000688192052985
2.25 -0.000120261426851
2.26 0.000401586329056
2.27 0.000808253862201
2.28 0.001300284168099
2.29 0.001462223346109
2.3 0.001445925424285
2.31 0.001518272948367
2.32 0.001079183651889
2.33 -0.000225040103015
2.34 -0.00121868104633
2.35 -0.001383976931616
2.36 -0.001612090569213
2.37 -0.00163751907813
2.38 -0.000944937947205
2.39 -0.000700657923662
2.4 -0.001006029880874
2.41 -0.000547408474939
2.42 0.000799981095469
2.43 0.002040913389177
2.44 0.002984850296867
2.45 0.003489020462441
2.46 0.003332013406869
2.47 0.002199784581826
2.48 0.000794349944522
2.49 -0.000109023225227
2.5 -0.000641979518051
2.51 -0.001090394020251
2.52 -0.001643084228513
2.53 -0.002028658894436
2.54 -0.001619163618957
2.55 -0.001011838270991
2.56 -0.000491364298423
2.57 0.000112826501839
2.58 0.000772220071622
2.59 0.000891370923966
2.6 -0.000265906880553
2.61 -0.001655564941215
2.62 -0.00191583745534
2.63 -0.001361883619963
2.64 -0.001636451083995
2.65 -0.00237887917722
2.66 -0.002312276431882
2.67 -0.002357617976938
2.68 -0.002826036117021
2.69 -0.001431787606388
2.7 0.00114635983256
2.71 0.002415430263578
2.72 0.003006292992755
2.73 0.00439583235411
2.74 0.005757044562084
2.75 0.005858115672458
2.76 0.005133380486307
2.77 0.002919580397919
2.78 -0.001190155390582
2.79 -0.00448111095078
2.8 -0.006131603768791
2.81 -0.007310279857706
2.82 -0.007501864071912
2.83 -0.006035382459324
2.84 -0.003246143637272
2.85 -0.00065413053301
2.86 0.000980460358414
2.87 0.001997750896276
2.88 0.00234463922243
2.89 0.00240267830847
2.9 0.002509712276252
2.91 0.002671033006191
2.92 0.001336642196001
2.93 -0.001859584467145
2.94 -0.004209629487847
2.95 -0.00475238753362
2.96 -0.005125776018784
2.97 -0.006482374619156
2.98 -0.008401583134902
2.99 -0.010430179717292
3.0 -0.010472968308083
3.01 -0.006889711201781
3.02 -0.001256810081012
3.03 0.003776596933993
3.04 0.008538028778846
3.05 0.012004082178823
3.06 0.011873571700858
3.07 0.007637565295387
3.08 0.00160067705624
3.09 -0.003064158017553
3.1 -0.005370567830931
3.11 -0.006134037420868
3.12 -0.006038621511715
3.13 -0.006867402490972
3.14 -0.008542794097443
3.15 -0.009124006826346
3.16 -0.007225742364901
3.17 -0.004482457011918
3.18 -0.00320376030608
3.19 -0.002930407934793
3.2 -0.001074838081651
3.21 0.001215647588168
3.22 0.004753087285082
3.23 0.007290159027891
3.24 0.008938036798755
3.25 0.008767481713302
3.26 0.007544082205343
3.27 0.004680210940854
3.28 5.2101657569e-05
3.29 -0.006059171021393
3.3 -0.009009639611541
3.31 -0.007090824320911
3.32 -0.002516082808294
3.33 0.001462686039581
3.34 0.002970217576737
3.35 0.001694530508941
3.36 -0.000807889004057
3.37 -0.001736134784507
3.38 -0.000190008935952
3.39 0.000866532789807
3.4 0.001119881990695
3.41 0.001771730775386
3.42 0.002580927524368
3.43 0.001668299107835
3.44 -0.000937779199146
3.45 -0.003918827965471
3.46 -0.005801178308807
3.47 -0.007375963757425
3.48 -0.009074159190384
3.49 -0.010988190355586
3.5 -0.011099468393834
3.51 -0.007832361104894
3.52 -2.8978290329e-05
3.53 0.009376145901529
3.54 0.015789449042031
3.55 0.016462067227081
3.56 0.012758963483594
3.57 0.008496434311663
3.58 0.006993562463988
3.59 0.006492847448151
3.6 0.006403540374607
3.61 0.005561119957588
3.62 0.003535938449707
3.63 -9.3998057409e-05
3.64 -0.005657936513219
3.65 -0.010478750342962
3.66 -0.011865667450265
3.67 -0.011193061640715
3.68 -0.010606911563548
3.69 -0.008297854962258
3.7 -0.001375345658704
3.71 0.007309706516166
3.72 0.015521602872529
3.73 0.022577897881898
3.74 0.025642416414023
3.75 0.023549679815722
3.76 0.014639718862587
3.77 0.003453385533772
3.78 -0.005613055545015
3.79 -0.01046430798574
3.8 -0.012688072645169
3.81 -0.012377676855433
3.82 -0.012028685415771
3.83 -0.011629557467769
3.84 -0.008824193097021
3.85 0.000768667661994
3.86 0.01252361927208
3.87 0.021142782289021
3.88 0.025020854153954
3.89 0.023236077296644
3.9 0.018454016278575
3.91 0.011656315644039
3.92 0.005938667416739
3.93 0.002380061739811
3.94 -0.00258456542605
3.95 -0.00829975870041
3.96 -0.015356796659566
3.97 -0.022443866487794
3.98 -0.025827029758263
3.99 -0.02132069210735
4.0 -0.011915255740542
4.01 -0.002488394764257
4.02 0.004410495924948
4.03 0.009863953359053
4.04 0.013376292864305
4.05 0.016135425176113
4.06 0.019804357899809
4.07 0.021166362946644
4.08 0.017680430907085
4.09 0.009764974666127
4.1 0.000399504323573
4.11 -0.008950088672181
4.12 -0.014899355784402
4.13 -0.012558754827075
4.14 -0.002234849853435
4.15 0.007553538140722
4.16 0.011863756725106
4.17 0.011426727162796
4.18 0.008587138525773
4.19 0.004651626737761
4.2 0.000224952982053
4.21 -0.002229911032634
4.22 -0.00489025839018
4.23 -0.008171047900028
4.24 -0.009854444129138
4.25 -0.00960016768068
4.26 -0.008983299695524
4.27 -0.008778760960883
4.28 -0.007700690444625
4.29 -0.002699793909371
4.3 0.003464871346707
4.31 0.008915133054533
4.32 0.015491773163724
4.33 0.021207513257553
4.34 0.026789223784264
4.35 0.032266780107961
4.36 0.035194814802447
4.37 0.034575150422665
4.38 0.028717251009038
4.39 0.0136171840105
4.4 -0.009453422249904
4.41 -0.027329349772221
4.42 -0.039377893495936
4.43 -0.044063070536977
4.44 -0.046769031614189
4.45 -0.043168942620968
4.46 -0.030014176275913
4.47 -0.006075766087913
4.48 0.012685518398772
4.49 0.030644266717317
4.5 0.049773104897885
4.51 0.06111633325852
4.52 0.069568268930128
4.53 0.072063683062501
4.54 0.071484542118618
4.55 0.066027664117485
4.56 0.048838889516447
4.57 0.009165880802736
4.58 -0.006184239579829
4.59 -0.026236873655008
4.6 -0.047170927992513
4.61 -0.073501797779194
4.62 -0.094214275210215
4.63 -0.099995922586103
4.64 -0.098168309462079
4.65 -0.089382268759004
4.66 -0.07291818013766
4.67 -0.035671640751986
4.68 -0.010544582365029
4.69 0.015373271123289
4.7 0.038380811471329
4.71 0.066153365203557
4.72 0.090486639879428
4.73 0.109917633304124
4.74 0.12270094419918
4.75 0.130499326905653
4.76 0.133296210966216
4.77 0.123970354167749
4.78 0.103427131262687
4.79 0.087755180788214
4.8 0.054598436911993
4.81 0.017530017435776
4.82 0.006523878181919
4.83 -0.00157228823679
4.84 8.6128414559e-05
4.85 0.00936413431014
4.86 0.01771261457206
4.87 0.017957699949252
4.88 0.010576020344102
4.89 0.003576272408837
4.9 -0.011591176468909
4.91 -0.019487431453521
4.92 -0.007654391628195
4.93 0.011637393749235
4.94 0.030302480764526
4.95 0.048906196467601
4.96 0.044578916394966
4.97 0.038213042974854
4.98 0.022762965796044
4.99 0.013868313280647
5.0 0.022349215752715
5.01 0.034659849836257
5.02 0.03885914085735
5.03 0.039458385010864
5.04 0.025120592795899
5.05 0.013873227714053
5.06 0.003176474720655
5.07 -0.009026526205636
5.08 -0.02021589083647
5.09 -0.037246158616576
5.1 -0.060563467305677
5.11 -0.085936803314361
5.12 -0.103128443625987
5.13 -0.112351930213956
5.14 -0.108848238615532
5.15 -0.097930107460166
5.16 -0.098898987508037
5.17 -0.098867543751096
5.18 -0.104335867899157
5.19 -0.10717409901564
5.2 -0.108324563818755
5.21 -0.10604187371406
5.22 -0.096152587125956
5.23 -0.086210330427394
5.24 -0.055858138992405
5.25 -0.022165054797401
5.26 0.000832184890021
5.27 0.016971750470317
5.28 0.033763120203398
5.29 0.049806749101211
5.3 0.060962923052317
5.31 0.054795772212984
5.32 0.058276239574148
5.33 0.050534601378102
5.34 0.047453654902459
5.35 0.034790628991605
5.36 0.006480481772226
5.37 -0.02200677530992
5.38 -0.04813746571013
5.39 -0.063425664073052
5.4 -0.078078329271689
5.41 -0.07459605642515
5.42 -0.072232437950557
5.43 -0.076918243820295
5.44 -0.072792463312298
5.45 -0.073709666779071
5.46 -0.059999776322632
5.47 -0.030103473904118
5.48 -0.003334597437301
5.49 0.025958055497269
5.5 0.062661085225529
5.51 0.077094973506893
5.52 0.063099314646078
5.53 0.056272442548009
5.54 0.017395153435658
5.55 0.011702072767481
5.56 0.00158465095073
5.57 -0.01034470714953
5.58 -0.015079155279962
5.59 -0.018493175284302
5.6 -0.02682206946086
5.61 -0.039014027637922
5.62 -0.051645774620878
5.63 -0.065709587611814
5.64 -0.070506928532089
5.65 -0.066499986232633
5.66 -0.070883382552962
5.67 -0.082932096502052
5.68 -0.08793024937626
5.69 -0.090441624298004
5.7 -0.088280461296866
5.71 -0.077206937293187
5.72 -0.072236752537142
5.73 -0.07103703557241
5.74 -0.060872729739659
5.75 -0.047089479053335
5.76 -0.038237352906313
5.77 -0.040387055885357
5.78 -0.056984181538534
5.79 -0.08820978954505
5.8 -0.090309756543775
5.81 -0.09161371185185
5.82 -0.089016421916357
5.83 -0.049004954347984
5.84 -0.037441656058921
5.85 -0.017859480064995
5.86 -0.023231000995053
5.87 -0.038338921326693
5.88 -0.053950987909555
5.89 -0.078516035877669
5.9 -0.119840150885681
5.91 -0.134082501137791
5.92 -0.148742046372574
5.93 -0.151719013872983
5.94 -0.153693527743877
5.95 -0.118149156480669
5.96 -0.07151341976879
5.97 -0.043114162168292
5.98 0.003952199084025
5.99 0.05596435189535
6.0 0.107562615970618
6.01 0.135985005189282
6.02 0.160039603916632
6.03 0.189400754255865
6.04 0.213100444537606
6.05 0.224113429042486
6.06 0.238939238847751
6.07 0.240144994637165
6.08 0.222860447870874
6.09 0.223057548318683
6.1 0.219493913783179
6.11 0.21476815658228
6.12 0.213350897469505
6.13 0.200120176605265
6.14 0.168087998726126
6.15 0.116967294700476
6.16 -0.117908630839524
6.17 -0.019261469899111
6.18 -0.156924519265463
6.19 -0.057646331491789
6.2 -0.11302896207742
6.21 -0.057078744009635
6.22 -0.089386728647403
6.23 -0.052424765558532
6.24 -0.043807800124097
6.25 -0.040049809622467
6.26 -0.011826301820002
6.27 -0.008264776719507
6.28 0.047883927548677
6.29 0.119049062519008
6.3 0.120633457732685
6.31 0.153288362196754
6.32 0.153813772205893
6.33 0.166578040578645
6.34 0.182074276124006
6.35 0.178875162378515
6.36 0.190854477965427
6.37 0.181113269224502
6.38 0.148338340079353
6.39 0.148141422865563
6.4 0.122610491926387
6.41 0.101984182328941
6.42 0.097367009782382
6.43 0.059007949569712
6.44 -0.022058266286331
6.45 -0.086445457815637
6.46 -0.101392992766376
6.47 -0.107529082290877
6.48 -0.136594906520787
6.49 -0.168892654052202
6.5 -0.1803312679038
6.51 -0.178948762402819
6.52 -0.176703915534782
6.53 -0.153089960493175
6.54 -0.083851448693053
6.55 0.041277908942818
6.56 0.001914924085477
6.57 0.048772345202376
6.58 0.062968411103322
6.59 0.090791291418581
6.6 0.123812067230705
6.61 0.128469476704564
6.62 0.10813730800647
6.63 0.085369852170765
6.64 0.023452116426017
6.65 -0.0216861360743
6.66 -0.037989526903138
6.67 -0.055590823432493
6.68 -0.070544411394298
6.69 -0.076827774654863
6.7 -0.089138912354855
6.71 -0.055300445543441
6.72 -0.039245450652419
6.73 -0.005002564907103
6.74 0.013640817002899
6.75 0.047513731265349
6.76 0.06587346858967
6.77 0.077064628498106
6.78 0.082629269577771
6.79 0.112209177446802
6.8 0.126597520509674
6.81 0.138968785544987
6.82 0.175386239642168
6.83 0.197184104041434
6.84 0.178836452703215
6.85 0.158472678131184
6.86 0.164883874250164
6.87 0.158401083854819
6.88 0.134751573377739
6.89 0.125125346352429
6.9 0.085756295371689
6.91 0.007087139309661
6.92 0.044429486689288
6.93 0.020956541930191
6.94 0.028049332594403
6.95 0.053170854653534
6.96 0.058342654969914
6.97 0.077733207580435
6.98 0.102024378571141
6.99 0.107708172196698
7.0 0.118989073577961
7.01 0.12750269365058
7.02 0.124225691561937
7.03 0.132251036284959
7.04 0.158430163075843
7.05 0.096362507113327
7.06 -0.006708555953582
7.07 -0.036838837097147
7.08 -0.115383234108456
7.09 -0.171840483515497
7.1 -0.247137484429545
7.11 -0.323085846436889
7.12 -0.379285086319586
7.13 -0.405580532831533
7.14 -0.439033679532642
7.15 -0.453001805898384
7.16 -0.413994003376192
7.17 -0.390672558528549
7.18 -0.375157057459835
7.19 -0.351614270882878
7.2 -0.322715312878334
7.21 -0.289419182606147
7.22 -0.25177410696287
7.23 -0.204367284457164
7.24 0.081638676103177
7.25 -0.016236735449614
7.26 0.138288582132368
7.27 0.046310516324292
7.28 0.110443600018191
7.29 0.096338235387013
7.3 0.124012166764643
7.31 0.147842104039702
7.32 0.106284858454229
7.33 0.115591402683658
7.34 0.104213467918475
7.35 0.104763482522793
7.36 0.127587348584959
7.37 0.11417204017906
7.38 0.118240140637786
7.39 0.0843837114212
7.4 0.03755893214174
7.41 0.019529093622392
7.42 -0.001327795457699
7.43 -0.011809946642834
7.44 -0.00576552553125
7.45 -0.005070304857167
7.46 -0.002065519664239
7.47 0.003446557154692
7.48 -0.001818247386924
7.49 -0.00854879671764
7.5 -0.008827491190412
7.51 -0.011637213643007
7.52 -0.016928272330705
7.53 -0.014609920914674
7.54 -0.003223131449583
7.55 0.012312364791921
7.56 0.02932317288046
7.57 0.043482884888418
7.58 0.046830971131234
7.59 0.034475264611563
7.6 0.008603508466039
7.61 -0.078728892932313
7.62 -0.072886785972099
7.63 -0.08219641456359
7.64 -0.113820788548228
7.65 -0.144102865675751
7.66 -0.155624099303297
7.67 -0.150149088167987
7.68 -0.121127084925588
7.69 -0.091315588091872
7.7 -0.057426655800606
7.71 -0.023286478651068
7.72 0.00687599409588
7.73 0.037590697267563
7.74 0.061389019439178
7.75 0.072909730402521
7.76 0.073936979436457
7.77 0.064585714771727
7.78 0.051791726091249
7.79 0.04574919585271
7.8 0.047889712171595
7.81 0.054357960216261
7.82 0.060688391360061
7.83 0.063374951498432
7.84 0.062970665915508
7.85 0.061704757481833
7.86 0.058777153872503
7.87 0.050243543066742
7.88 0.02943478479321
7.89 -0.009713847464692
7.9 -0.067539777699925
7.91 -0.142738428666577
7.92 -0.229955048427144
7.93 -0.286801859261289
7.94 -0.302832266365888
7.95 -0.335662757436913
7.96 -0.360757539290406
7.97 -0.353794440725584
7.98 -0.351566547939308
7.99 -0.367724500845777
8.0 -0.354904864484158
8.01 -0.298612903403869
8.02 -0.260006079328703
8.03 -0.257432367606524
8.04 -0.240034796572748
8.05 -0.087793940428381
8.06 -0.109586051292745
8.07 -0.02517114128519
8.08 -0.017869412092806
8.09 0.012268393158291
8.1 0.072478091840592
8.11 0.11521097478925
8.12 0.172824324289955
8.13 0.204348446847331
8.14 0.247768040687111
8.15 0.27478063015006
8.16 0.289512411134233
8.17 0.294023341045489
8.18 0.279827708182125
8.19 0.26103996083004
8.2 0.242164488225128
8.21 0.22077097029915
8.22 0.206237853013973
8.23 0.207478651958506
8.24 0.217547476617418
8.25 0.226911105223494
8.26 0.232234475139657
8.27 0.227726247259883
8.28 0.206719159075407
8.29 0.222732387383615
8.3 0.235310307499078
8.31 0.229384612474018
8.32 0.215692985637625
8.33 0.202655327943619
8.34 0.194772528827157
8.35 0.181489696817283
8.36 0.164740314553265
8.37 0.149289914824754
8.38 0.136670333141173
8.39 -0.010271358321461
8.4 -0.043893443690972
8.41 -0.084529059979841
8.42 -0.080032981302246
8.43 -0.077190809851762
8.44 -0.129896101634906
8.45 -0.145776778569551
8.46 -0.161101470876287
8.47 -0.143896990930342
8.48 -0.124327414194546
8.49 -0.115525303115725
8.5 -0.097281558123525
8.51 -0.091025489836513
8.52 -0.10382521071014
8.53 -0.117128760488061
8.54 -0.130400726609591
8.55 -0.146003839754777
8.56 -0.15382164242705
8.57 -0.150270989526504
8.58 -0.14112401480457
8.59 -0.128898421070454
8.6 -0.113654960484113
8.61 -0.098610084534837
8.62 -0.087127750022311
8.63 -0.078224165645061
8.64 -0.068236245351287
8.65 -0.055427503750733
8.66 -0.041948172427858
8.67 -0.031699946204074
8.68 -0.026540984152249
8.69 -0.024538437636155
8.7 -0.021618367921852
8.71 -0.013479548027754
8.72 0.004919896662946
8.73 0.174594750151991
8.74 0.101229013076961
8.75 0.124043447393953
8.76 0.102653474791137
8.77 0.102726732824347
8.78 0.118191453771427
8.79 0.098837451833626
8.8 0.069212508119168
8.81 0.048381236341348
8.82 0.024928433655999
8.83 -0.004638831403193
8.84 -0.031539400576698
8.85 -0.053072068753625
8.86 -0.074968931951015
8.87 -0.096235086981647
8.88 -0.105663825591938
8.89 -0.097608870930261
8.9 -0.078866719286392
8.91 -0.057983390553643
8.92 -0.038005112775097
8.93 -0.019754984607668
8.94 -0.00518594894519
8.95 0.004160473882827
8.96 0.010155131398677
8.97 0.017015116442284
8.98 0.026535948223204
8.99 0.036930710162323
9.0 0.047450065096586
9.01 0.06105068843449
9.02 0.08098769544668
9.03 0.106658654891265
9.04 0.134897019460967
9.05 0.163091337165956
9.06 0.189654640185383
9.07 0.212398468945242
9.08 0.228414283938478
9.09 0.235858706457049
9.1 0.234448793366812
9.11 0.2265538010631
9.12 0.063795181983974
9.13 0.030059613876473
9.14 0.018828459567639
9.15 -0.023131663497402
9.16 -0.035521809414318
9.17 -0.09123254676742
9.18 -0.158789627825375
9.19 -0.166152346927064
9.2 -0.17212143506964
9.21 -0.178561615626733
9.22 -0.158267191117117
9.23 -0.141833149589744
9.24 -0.129353975677726
9.25 -0.100078110767884
9.26 -0.061019503973153
9.27 -0.019728840619983
9.28 0.020201636079299
9.29 0.042040601654656
9.3 0.036921295421939
9.31 0.01750570476071
9.32 -0.004283535155501
9.33 -0.028659610651338
9.34 -0.05737910031308
9.35 -0.090084214172149
9.36 -0.125814807909659
9.37 -0.160708844107567
9.38 -0.190163503311264
9.39 -0.213752299183619
9.4 -0.233346618569372
9.41 -0.247685509593849
9.42 -0.253679462950202
9.43 -0.247677639254508
9.44 -0.227175242017712
9.45 -0.205196644817597
9.46 -0.20686817700717
9.47 -0.232049240419198
9.48 -0.225471983511134
9.49 -0.0742020148578
9.5 -0.077369968524335
9.51 -0.030396206477285
9.52 0.011113353153971
9.53 0.069528020166711
9.54 0.128105449822694
9.55 0.178386342545395
9.56 0.228195548514593
9.57 0.281536713027878
9.58 0.323201400378059
9.59 0.336084055337433
9.6 0.331574875701295
9.61 0.322498056323954
9.62 0.302772030993182
9.63 0.272622917407157
9.64 0.241213105108803
9.65 0.207578181659071
9.66 0.168487568987555
9.67 0.129437403581618
9.68 0.092960342521679
9.69 0.055212478206057
9.7 0.017027917019714
9.71 -0.016959026768595
9.72 -0.043417414169403
9.73 -0.068077774336597
9.74 -0.090219783402221
9.75 -0.099285496339277
9.76 -0.08161219116615
9.77 -0.07964880581261
9.78 -0.043349675167603
9.79 -0.085860694175709
9.8 -0.061147366738677
9.81 -0.031320453630073
9.82 0.019582314879821
9.83 0.027198717170823
9.84 0.04548050287524
9.85 0.057123849142222
9.86 0.084122724993063
9.87 0.07075068816891
9.88 0.040585115522826
9.89 0.034475658395533
9.9 0.026699610129754
9.91 0.007143058762201
9.92 -0.002028281477889
9.93 -0.00954527939987
9.94 -0.013244847472337
9.95 -0.002423723304798
9.96 0.019999981147062
9.97 0.048275570301101
9.98 0.075339411525038
9.99 0.092459876383595
10.0 0.097802902645457
10.01 0.093974292655686
10.02 0.081069741494096
10.03 0.060080965866001
10.04 0.03564593395413
10.05 0.011390536726123
10.06 -0.011986797017857
10.07 -0.034366595073828
10.08 -0.055369703271615
10.09 -0.073581169661701
10.1 -0.084950169529262
10.11 -0.084533681870354
10.12 -0.070220117359436
10.13 -0.012874110099483
10.14 0.104059419347035
10.15 0.072239213001041
10.16 0.102141183739921
10.17 0.09648620337706
10.18 0.120783414205985
10.19 0.141056770820024
10.2 0.156892051292053
10.21 0.162568943045726
10.22 0.167805323338276
10.23 0.162273197912602
10.24 0.133064678166697
10.25 0.086917300130973
10.26 0.018703247560037
10.27 -0.234132987292126
10.28 -0.142038573253128
10.29 -0.211044444764747
10.3 -0.159909994453682
10.31 -0.181492487817531
10.32 -0.218717928603864
10.33 -0.241707129142761
10.34 -0.229130122715974
10.35 -0.192286564330196
10.36 -0.184516174145045
10.37 -0.093105623268809
10.38 -0.077405439980593
10.39 0.001389193375963
10.4 0.043322581547678
10.41 0.089789701072767
10.42 0.132682931593447
10.43 0.178092300809433
10.44 0.201628763781544
10.45 0.202608182383437
10.46 0.196820873817481
10.47 0.214563675203959
10.48 0.246781747625759
10.49 0.202758825228119
10.5 0.155632101214921
10.51 0.114510989811296
10.52 0.085147754759359
10.53 -0.000176583847539
10.54 -0.108661711738164
10.55 -0.142917638910946
10.56 -0.157468659392046
10.57 -0.192739854748689
10.58 -0.221101041222171
10.59 -0.234638341645514
10.6 -0.257093432874943
10.61 -0.268593249454694
10.62 -0.251812312670753
10.63 -0.213361148934542
10.64 -0.157962613820218
10.65 -0.068912064473164
10.66 -0.013489955711123
10.67 0.022700812247406
10.68 0.036959696161267
10.69 0.084102482022504
10.7 0.094234229900953
10.71 0.110895901852617
10.72 0.104174154504375
10.73 0.071010899129675
10.74 0.021870786053947
10.75 -0.019043628579175
10.76 -0.055093104294698
10.77 -0.116310485120102
10.78 -0.151672063222965
10.79 -0.16888456935147
10.8 -0.195100576669769
10.81 -0.217113294323483
10.82 -0.21734252058566
10.83 -0.225397132376233
10.84 -0.266666207174307
10.85 -0.306598437439856
10.86 -0.28780251813795
10.87 -0.217960592691681
10.88 -0.0236425165938
10.89 -0.092472991117093
10.9 -0.039682902641552
10.91 -0.033734572870027
10.92 0.033782998783815
10.93 0.108353470311408
10.94 0.13791009487955
10.95 0.115828948936823
10.96 0.148228493701845
10.97 0.13698679098007
10.98 0.122056227440857
10.99 0.141330824719147
11.0 0.122232164809721
11.01 0.118068792052048
11.02 0.1144405485158
11.03 0.095179267092875
11.04 0.090005954499796
11.05 0.094344487444513
11.06 0.100562060805312
11.07 0.107772554724212
11.08 0.117348914027455
11.09 0.133059976365949
11.1 0.145439039150642
11.11 0.148337253728324
11.12 0.15094141733227
11.13 0.158409798995633
11.14 0.166775801759716
11.15 0.17366327853055
11.16 0.16951446664069
11.17 0.147394118485726
11.18 0.163230755228841
11.19 0.208334060198531
11.2 0.224925747027468
11.21 0.203955418759189
11.22 0.191867533509277
11.23 0.202080455308384
11.24 0.211000559673481
11.25 0.20215631854223
11.26 0.139150461791862
11.27 0.011536632975547
11.28 0.047292576350578
11.29 0.005311239214845
11.3 -0.000757204311611
11.31 -0.030966241467687
11.32 -0.074656710589754
11.33 -0.100046188278251
11.34 -0.116567601971123
11.35 -0.14414225079379
11.36 -0.165913549295054
11.37 -0.177188106623865
11.38 -0.183268668110062
11.39 -0.172069425535405
11.4 -0.139587192655928
11.41 -0.099620228306283
11.42 -0.06533385830777
11.43 -0.045570271504969
11.44 -0.044990302185923
11.45 -0.055479698720495
11.46 -0.059966459836799
11.47 -0.049489557578089
11.48 -0.029090091216235
11.49 -0.008363028958934
11.5 0.006441819711197
11.51 0.014620177080672
11.52 0.018365955835608
11.53 0.017933500191864
11.54 0.011897906084359
11.55 0.002794993936045
11.56 -0.002325879752835
11.57 0.000214787468341
11.58 0.007620659789123
11.59 -0.002861256370833
11.6 -0.049469758540269
11.61 -0.063957661432627
11.62 -0.087914793936459
11.63 -0.10889619487874
11.64 -0.118145485430618
11.65 -0.106014797120748
11.66 -0.078627839634984
11.67 -0.073647316618998
11.68 -0.063944518171792
11.69 -0.061072586569321
11.7 -0.038910979519776
11.71 -0.003738792343632
11.72 0.026136570984072
11.73 0.061364147231815
11.74 0.094563006155646
11.75 0.117345169240354
11.76 0.134908876793359
11.77 0.146519943343144
11.78 0.150874078785775
11.79 0.155020488322521
11.8 0.163625633387702
11.81 0.174453614281676
11.82 0.184578639892768
11.83 0.191459993869615
11.84 0.19206896455349
11.85 0.187118107517002
11.86 0.182487354151808
11.87 0.183156583396149
11.88 0.188140304231936
11.89 0.19211378989279
11.9 0.189824660603616
11.91 0.17904769707724
11.92 0.161307656860594
11.93 0.140090413807148
11.94 0.117260085850948
11.95 -0.001675030110677
11.96 0.03302860298279
11.97 -0.018823895712304
11.98 0.020757533837486
11.99 -0.002724833941804
12.0 -0.010262236774494
12.01 -0.041341692989965
12.02 -0.038917776020709
12.03 -0.046918508234902
12.04 -0.06096468165261
12.05 -0.053800961654298
12.06 -0.061297630503872
12.07 -0.060165509055559
12.08 -0.053217849647311
12.09 -0.057697759331928
12.1 -0.058357136446216
12.11 -0.055046548173706
12.12 -0.057622895357414
12.13 -0.05999602136788
12.14 -0.059152727135466
12.15 -0.06158594309289
12.16 -0.067766012152682
12.17 -0.07172075768356
12.18 -0.069891515529287
12.19 -0.062981153784082
12.2 -0.054412356719606
12.21 -0.04913523600189
12.22 -0.05182209209413
12.23 -0.064955742448713
12.24 -0.086883824823707
12.25 -0.108187471254134
12.26 -0.126002888125654
12.27 -0.136183635418587
12.28 -0.138822284727928
12.29 -0.140019207374501
12.3 -0.14559379172733
12.31 -0.155601288166067
12.32 -0.16561306953374
12.33 -0.171956032213038
12.34 -0.174304988061693
12.35 -0.173616230678046
12.36 -0.17058280889812
12.37 -0.166088291616101
12.38 -0.204931250458035
12.39 -0.170373207474317
12.4 -0.190653402073384
12.41 -0.151932089319901
12.42 -0.129857304998703
12.43 -0.112734914575766
12.44 -0.093797159314956
12.45 -0.077059595162741
12.46 -0.064709966309168
12.47 -0.061038706612639
12.48 -0.044771226818645
12.49 -0.027241200579201
12.5 -0.01729325744607
12.51 -0.002907743871534
12.52 0.016860787033085
12.53 0.037552391214551
12.54 0.057145929542072
12.55 0.074291526487454
12.56 0.089605517535677
12.57 0.101436249938385
12.58 0.107673155560901
12.59 0.111519419000097
12.6 0.116855820256721
12.61 0.123067926415427
12.62 0.128084810764956
12.63 0.130436370981874
12.64 0.127937790860638
12.65 0.119371184867039
12.66 0.107211948422901
12.67 0.096126310913308
12.68 0.089154341074227
12.69 0.085927482963693
12.7 0.083342328785336
12.71 0.077435872111145
12.72 0.065157599421223
12.73 -0.005050134812926
12.74 -0.047582100236708
12.75 -0.05560030114359
12.76 -0.059115513694915
12.77 -0.053183578876134
12.78 -0.058847925009178
12.79 -0.05975518091753
12.8 -0.040492585257114
12.81 -0.025771831956639
12.82 -0.017402934750888
12.83 0.004590331554004
12.84 0.021997867440801
12.85 0.042273271779658
12.86 0.066348644392741
12.87 0.080383621133044
12.88 0.085027210625536
12.89 0.077841862713552
12.9 0.064173182486664
12.91 0.054012731436313
12.92 0.044123712190228
12.93 0.035076713957436
12.94 0.0337968646508
12.95 0.037135161478437
12.96 0.036091523190792
12.97 0.026840236603782
12.98 0.010140059531363
12.99 -0.011752770548029
13.0 -0.03547815324653
13.01 -0.058516796668894
13.02 -0.08127136365671
13.03 -0.104974327253046
13.04 -0.127789004112587
13.05 -0.145011859387596
13.06 -0.152675485545186
13.07 -0.149664423195236
13.08 -0.137787919403684
13.09 -0.12157001440808
13.1 -0.082789630530738
13.11 -0.055392601163592
13.12 -0.052485656004654
13.13 -0.036623179492123
13.14 -0.016658463927458
13.15 0.00681669313632
13.16 0.004853226626034
13.17 -0.006718545779738
13.18 -0.009986679215723
13.19 -0.02350364914179
13.2 -0.024570958820394
13.21 -0.037948003687439
13.22 -0.052156258080771
13.23 -0.068268777855913
13.24 -0.072290626098617
13.25 -0.061477500862358
13.26 -0.053216505482485
13.27 -0.044764111729135
13.28 -0.040814234199654
13.29 -0.03587445148425
13.3 -0.032461499611716
13.31 -0.028449858008297
13.32 -0.019676057140623
13.33 -0.014540639732942
13.34 -0.011406760628817
13.35 -0.003237245827371
13.36 0.015429548244605
13.37 0.045093830704233
13.38 0.070691524087197
13.39 0.082632860506677
13.4 0.092899794381042
13.41 0.105688099394435
13.42 0.108601138640509
13.43 0.103644351405594
13.44 0.096287581936973
13.45 0.079782413019929
13.46 0.01439127233462
13.47 0.007207311143706
13.48 -0.029199187890163
13.49 -0.02004661321481
13.5 -0.038866719360263
13.51 -0.040140886209718
13.52 -0.056862745873087
13.53 -0.046964173116023
13.54 -0.053005408001757
13.55 -0.062339790848759
13.56 -0.059549111562013
13.57 -0.068115983118454
13.58 -0.061377727837649
13.59 -0.06395299674655
13.6 -0.062645792815537
13.61 -0.059241394620668
13.62 -0.06036210193035
13.63 -0.051645449079068
13.64 -0.048519024711634
13.65 -0.044992939650473
13.66 -0.03618536033124
13.67 -0.025966375562378
13.68 -0.011453178437245
13.69 0.003301897867605
13.7 0.014328579583342
13.71 0.017524148658194
13.72 0.010982520052219
13.73 -0.019750743911536
13.74 -0.017479528572093
13.75 -0.006471766181789
13.76 -0.010638997023981
13.77 -0.014268739171262
13.78 -0.008939273142524
13.79 0.007842667580202
13.8 -0.000240966907157
13.81 -0.006581330265962
13.82 -0.000996099885674
13.83 0.004016603947963
13.84 0.008540372010527
13.85 0.011529289706659
13.86 0.017197389543985
13.87 0.022131979862059
13.88 0.028197953616465
13.89 0.034956892955908
13.9 0.037658934450276
13.91 0.037907974045301
13.92 0.037152101040492
13.93 0.036499166167737
13.94 0.03992269219241
13.95 0.043589621408077
13.96 0.047958678613971
13.97 0.049970476731406
13.98 0.04942573024567
13.99 0.048812788965258
14.0 0.048806026743081
14.01 0.046542681008977
14.02 0.042298249744085
14.03 0.040267702237979
14.04 0.041215489417243
14.05 0.044900059363285
14.06 0.04990067855466
14.07 0.051188008171873
14.08 0.045454047769796
14.09 0.046993894527045
14.1 0.046574139554797
14.11 0.047684112346537
14.12 0.052863659384364
14.13 0.056655621401258
14.14 0.059274166041536
14.15 0.058208876486364
14.16 0.057214926866663
14.17 0.058809389283279
14.18 0.06021068150774
14.19 0.059583575492874
14.2 0.057208616475729
14.21 0.052789952024695
14.22 0.044609757631909
14.23 0.03251742909298
14.24 0.016938675614218
14.25 -0.000402754308063
14.26 -0.016644928654204
14.27 -0.030186135875674
14.28 -0.041678619752744
14.29 -0.052244154714034
14.3 -0.061407523282303
14.31 -0.068362982776773
14.32 -0.073041077797886
14.33 -0.075116176301193
14.34 -0.072839544572769
14.35 -0.065638387791665
14.36 -0.056139661449687
14.37 -0.047026881355512
14.38 -0.039603807627272
14.39 -0.037086121484649
14.4 -0.040041196961076
14.41 -0.044980868966873
14.42 -0.051560160486531
14.43 -0.058304813072213
14.44 -0.062885788622585
14.45 -0.065957327979132
14.46 -0.066118597744782
14.47 -0.063787142154387
14.48 -0.063129128231317
14.49 -0.065334952419324
14.5 -0.069503462222391
14.51 -0.074696493016191
14.52 -0.079876649222727
14.53 -0.08697851296222
14.54 -0.099728473546486
14.55 -0.116714987302321
14.56 -0.131823812322929
14.57 -0.138935483855116
14.58 -0.136547545416513
14.59 -0.126057492792062
14.6 -0.115549016560242
14.61 -0.082433557253441
14.62 -0.075079600921246
14.63 -0.055865388076149
14.64 -0.053609878140662
14.65 -0.038453990221799
14.66 -0.029371242102233
14.67 -0.025874790530484
14.68 -0.026405031371181
14.69 -0.021008748357681
14.7 -0.019004746647042
14.71 -0.010670262060368
14.72 -0.007432195400278
14.73 0.001997493608287
14.74 0.012361880518546
14.75 0.021647649201961
14.76 0.031106769429808
14.77 0.036696458001982
14.78 0.042589430286524
14.79 0.046390053365505
14.8 0.049394764835881
14.81 0.050309396002466
14.82 0.049108684809873
14.83 0.04822912295666
14.84 0.047259971505786
14.85 0.04737658248918
14.86 0.04953643731525
14.87 0.052363715127686
14.88 0.054815851404299
14.89 0.053770873754665
14.9 0.050036718266327
14.91 0.050221228475924
14.92 0.05671674667207
14.93 0.063523940010453
14.94 0.066926334463811
14.95 0.069284550978095
14.96 0.070481900561207
14.97 0.0676685958054
14.98 0.06313953218794
14.99 0.061424371046802
15.0 0.062167230660983
15.01 0.069292415981363
15.02 0.077967337360042
15.03 0.078458969075556
15.04 0.079659586095957
15.05 0.075536976458818
15.06 0.06486420600765
15.07 0.051194665553214
15.08 0.037641355592758
15.09 0.024908153303944
15.1 0.013997855403836
15.11 0.00028992662248
15.12 -0.010383669873157
15.13 -0.020924054866073
15.14 -0.030818231231522
15.15 -0.036453115012345
15.16 -0.037645289424029
15.17 -0.034253754561052
15.18 -0.026155678346969
15.19 -0.015179812913238
15.2 -0.004193705835531
15.21 0.00492897770331
15.22 0.009831277704819
15.23 0.009118192797869
15.24 0.005068246801342
15.25 -8.1444409272e-05
15.26 -0.005103530206859
15.27 -0.008267384357029
15.28 -0.009754577674274
15.29 -0.010828522049578
15.3 -0.011147415437681
15.31 -0.010420276486168
15.32 -0.010268296671501
15.33 -0.013284502054339
15.34 -0.037287549870282
15.35 -0.031542250634323
15.36 -0.036220601111724
15.37 -0.03259597136271
15.38 -0.036632300778594
15.39 -0.027483011172183
15.4 -0.017248703712097
15.41 -0.020411130778713
15.42 -0.021300914286383
15.43 -0.014598565209023
15.44 -0.009550114586173
15.45 0.005780626266864
15.46 0.021414427244718
15.47 0.034687805412799
15.48 0.046824721069563
15.49 0.056476712689161
15.5 0.066749233158329
15.51 0.079190923662063
15.52 0.091376713302603
15.53 0.101031717656931
15.54 0.109460397985703
15.55 0.118063620639256
15.56 0.127306663616048
15.57 0.137402315528094
15.58 0.146180652546
15.59 0.132141777163353
15.6 0.135921684837062
15.61 0.148954015766161
15.62 0.151404023649357
15.63 0.139411368130277
15.64 0.116682823685034
15.65 0.045390756264365
15.66 0.004895378333189
15.67 -0.012632850982151
15.68 -0.010932745525419
15.69 -0.031523685909635
15.7 -0.053134707952479
15.71 -0.080493995664902
15.72 -0.077580497016327
15.73 -0.076115388456957
15.74 -0.075523275414436
15.75 -0.055484442893207
15.76 -0.048700741701397
15.77 -0.025238698564338
15.78 -0.004741993878615
15.79 0.01020403603448
15.8 0.025089386082027
15.81 0.026746035716458
15.82 0.031457679055401
15.83 0.037337996921793
15.84 0.032756585106529
15.85 0.022886843470293
15.86 0.011115680939483
15.87 -6.9440843153e-05
15.88 -0.010532606946177
15.89 -0.020896235844569
15.9 -0.029055264879866
15.91 -0.039254245034287
15.92 -0.055307635510051
15.93 -0.072359660736512
15.94 -0.084677280297769
15.95 -0.087377882467148
15.96 -0.080349630137047
15.97 -0.073524987103328
15.98 -0.079937600748826
15.99 -0.074274336556954
16.0 -0.070714699060951
16.01 -0.053648389308718
16.02 -0.038995788527361
16.03 -0.037321585544253
16.04 -0.02652481402375
16.05 -0.014162569668366
16.06 -0.014378256360218
16.07 -0.024256476088081
16.08 -0.032978390792859
16.09 -0.039797961646941
16.1 -0.041634781429955
16.11 -0.035472005631269
16.12 -0.035199402449465
16.13 -0.032852532078089
16.14 -0.032455932239836
16.15 -0.03367077618622
16.16 -0.030527789707727
16.17 -0.024223040214611
16.18 -0.012664761483615
16.19 0.001250813360482
16.2 0.016253731485965
16.21 0.035727507773637
16.22 0.058227616309736
16.23 0.078956656956004
16.24 0.093397115577582
16.25 0.10250445229123
16.26 0.112902884418427
16.27 0.125860208660025
16.28 0.135754564024717
16.29 0.139538952960145
16.3 0.137706381929666
16.31 0.129726505622863
16.32 0.116499118286449
16.33 0.102940340957366
16.34 0.092456940450992
16.35 0.084961492789607
16.36 0.080631497177266
16.37 0.077956412860877
16.38 0.069243739613293
16.39 0.017159605018684
16.4 0.020739252059436
16.41 0.003477274757306
16.42 -0.001401615045947
16.43 -0.009860992978869
16.44 -0.0252577556138
16.45 -0.025057310144466
16.46 -0.024674850812173
16.47 -0.019558521857366
16.48 -0.00943804349861
16.49 -0.001612490210803
16.5 0.01318659086245
16.51 0.023537598784004
16.52 0.035621297964025
16.53 0.038806514639382
16.54 0.038523878440549
16.55 0.037469532977126
16.56 0.030555266494777
16.57 0.023017763201831
16.58 0.014839371319494
16.59 0.00502431395267
16.6 -0.007341836855562
16.61 -0.02332318475253
16.62 -0.041797802172083
16.63 -0.062165515842338
16.64 -0.08262022291581
16.65 -0.101021127248216
16.66 -0.116577764700085
16.67 -0.126951825559966
16.68 -0.1304361367514
16.69 -0.129123565353632
16.7 -0.12291108726556
16.71 -0.115738372865002
16.72 -0.106182492554127
16.73 -0.087957364155902
16.74 -0.033881854143866
16.75 -0.037927698646748
16.76 -0.020913883332412
16.77 -0.011697889741175
16.78 0.008685932915501
16.79 0.025994821255983
16.8 0.021434554483487
16.81 0.022584197240697
16.82 0.015793831057495
16.83 0.004900973852789
16.84 -0.008348146047949
16.85 -0.027828286464773
16.86 -0.058933745977044
16.87 -0.063633849223688
16.88 -0.07979498233975
16.89 -0.062476468421965
16.9 -0.056181591349238
16.91 -0.060506714829079
16.92 -0.065912306723394
16.93 -0.057641155806872
16.94 -0.038018605574181
16.95 -0.023507654782663
16.96 -0.015106130299525
16.97 -0.004771180428671
16.98 0.009556949561354
16.99 0.028678984017822
17.0 0.056029247884274
17.01 0.078266378024053
17.02 0.082672371929462
17.03 0.08688771537801
17.04 0.103246213355059
17.05 0.116489997799795
17.06 0.122906028793974
17.07 0.125662660900374
17.08 0.115748344482742
17.09 0.093494227383416
17.1 0.044098735365155
17.11 0.016476328274311
17.12 -0.007693933544762
17.13 0.014591255767421
17.14 -0.008813305579096
17.15 -0.002681686537965
17.16 -0.024918811475576
17.17 -0.018209519885331
17.18 -0.02089488412787
17.19 -0.01918118923164
17.2 -0.020428300385386
17.21 -0.018049749228999
17.22 -0.015050515932335
17.23 -0.020267481012446
17.24 -0.029745380037654
17.25 -0.042830639183393
17.26 -0.049295186630709
17.27 -0.057839534312262
17.28 -0.062600655013548
17.29 -0.065963279626911
17.3 -0.064106938690483
17.31 -0.05773364677071
17.32 -0.05572247065218
17.33 -0.053270716342378
17.34 -0.053457695334271
17.35 -0.057790863464814
17.36 -0.062069036586716
17.37 -0.070703133037968
17.38 -0.082975652962311
17.39 -0.090579082773296
17.4 -0.089183835751998
17.41 -0.080843922284852
17.42 -0.072461180677317
17.43 -0.062243493032688
17.44 -0.0071309028903
17.45 0.004076351962629
17.46 0.021823932975166
17.47 0.03031595452805
17.48 0.04675466518032
17.49 0.066557856005392
17.5 0.072890722844097
17.51 0.073571103677375
17.52 0.068996766137414
17.53 0.0561779106158
17.54 0.044341132756201
17.55 0.034998121025015
17.56 0.028028696321113
17.57 0.017680056193908
17.58 0.004298364663165
17.59 -0.006491573084966
17.6 -0.016558560206291
17.61 -0.026975303183962
17.62 -0.033978436055198
17.63 -0.037192670693765
17.64 -0.039992479590327
17.65 -0.042449906917852
17.66 -0.040668238402829
17.67 -0.032195755447039
17.68 -0.017106444197861
17.69 0.004672618017584
17.7 0.032534983672572
17.71 0.063212225895276
17.72 0.08396057086055
17.73 0.096134751005116
17.74 0.108480450992557
17.75 0.113342900677187
17.76 0.112182877967951
17.77 0.089926332026646
17.78 0.049391073658617
17.79 0.036463684380497
17.8 0.023694744960364
17.81 0.012250793615199
17.82 -2.9921166088e-05
17.83 -0.009355943329209
17.84 -0.011103727094709
17.85 -0.009722245592868
17.86 -0.008034631170417
17.87 -0.002649127253652
17.88 0.01035593414497
17.89 0.035423071001435
17.9 0.052657565306292
17.91 0.06455811709302
17.92 0.074449472761753
17.93 0.083510662112645
17.94 0.090962077682973
17.95 0.082133662194708
17.96 0.078826991965039
17.97 0.057705095966625
17.98 0.038522522368811
17.99 0.009070686082727
18.0 -0.021025349598925
18.01 -0.041171381057461
18.02 -0.027726652902954
18.03 -0.039838511686949
18.04 -0.075668469865962
18.05 -0.096933483373755
18.06 -0.088609372782774
18.07 -0.078908603308431
18.08 -0.062698160966588
18.09 -0.010573288611599
18.1 -0.001493345178216
18.11 0.043254923196192
18.12 0.07074448857176
18.13 0.093131084113572
18.14 0.110271771089827
18.15 0.119705229891955
18.16 0.130192114514334
18.17 0.130402174492568
18.18 0.117513217153169
18.19 0.093986876417363
18.2 0.058426260323018
18.21 0.011799307191956
18.22 -0.006013420426683
18.23 -0.022696593990544
18.24 -0.047434367976087
18.25 -0.060700581545585
18.26 -0.08894699099641
18.27 -0.0945988748887
18.28 -0.105947811710302
18.29 -0.109199157203335
18.3 -0.099531154679972
18.31 -0.087849242559291
18.32 -0.055542022936812
18.33 -0.011639075828315
18.34 0.011995408056346
18.35 0.028504984625759
18.36 0.041216499058926
18.37 0.050780476565973
18.38 0.059451783859001
18.39 0.065899355351246
18.4 0.068831515840047
18.41 0.066013842211436
18.42 0.053028861703199
18.43 0.045949260941417
18.44 0.011947804452283
18.45 0.015360824774482
18.46 -0.017765574132186
18.47 -0.059062233240708
18.48 -0.068360489356
18.49 -0.075419185036081
18.5 -0.08881819159616
18.51 -0.104533002794206
18.52 -0.121605446036408
18.53 -0.13042577818674
18.54 -0.12017733797877
18.55 -0.087631861514549
18.56 -0.031532541257534
18.57 -0.020048797798302
18.58 -0.001902792599821
18.59 0.01360651509389
18.6 0.014863172873688
18.61 0.034728357165727
18.62 0.028295637506072
18.63 0.024839371240835
18.64 0.009139160797727
18.65 0.012132619307983
18.66 -0.021164745573523
18.67 -0.022905165204195
18.68 -0.050731543798997
18.69 -0.042147210883909
18.7 -0.062959632076184
18.71 -0.056318889794494
18.72 -0.058043277829274
18.73 -0.050481043552901
18.74 -0.049607731344042
18.75 -0.04390013461029
18.76 -0.045895443146653
18.77 -0.030093306065554
18.78 -0.023315856660026
18.79 -0.000642971032321
18.8 0.019898414476527
18.81 0.032880887237363
18.82 0.038084145931587
18.83 0.050037485502385
18.84 0.056519064752073
18.85 0.055485581329791
18.86 0.043014137124603
18.87 0.036170345803766
18.88 0.023937080674181
18.89 0.016719921375327
18.9 0.022058035404736
18.91 0.020458845718779
18.92 0.017918915003629
18.93 0.01845897411452
18.94 0.017029494837661
18.95 0.016878554057867
18.96 0.015114947522114
18.97 0.009297681546463
18.98 -0.018963383200164
18.99 -0.032797753857263
19.0 -0.030992481809495
19.01 -0.043241963880916
19.02 -0.046108623053987
19.03 -0.060179530929512
19.04 -0.062124409526618
19.05 -0.063314988906405
19.06 -0.06531829099028
19.07 -0.06381571711978
19.08 -0.055881246562931
19.09 -0.046839590292852
19.1 -0.042283788791876
19.11 -0.040046619171529
19.12 -0.042326343177762
19.13 -0.033614210483774
19.14 -0.016669649181107
19.15 -0.016350743234438
19.16 -0.007090456890847
19.17 0.032331237399101
19.18 0.033797219357513
19.19 0.047934352178532
19.2 0.03789626922631
19.21 0.030009239357224
19.22 0.02447703646709
19.23 0.008054232275966
19.24 -0.000646721258247
19.25 -0.005728333105478
19.26 -0.014589158142689
19.27 -0.018399494157148
19.28 -0.025269322072929
19.29 -0.027289041222241
19.3 -0.02334748235576
19.31 -0.013799227644687
19.32 -0.001806853073404
19.33 0.010440994559639
19.34 0.023340203621928
19.35 0.031536515340968
19.36 0.039563979574654
19.37 0.044832852101575
19.38 0.044651296408755
19.39 0.049069537156624
19.4 0.056659147634701
19.41 0.062439728214578
19.42 0.068345662213641
19.43 0.073203540541468
19.44 0.073651382367691
19.45 0.070306261476617
19.46 0.066885276010962
19.47 0.058258019611891
19.48 0.050638736502269
19.49 0.034102024356972
19.5 0.027022629193295
19.51 0.029400973319905
19.52 0.02811107295732
19.53 0.026948014416831
19.54 0.029178222019468
19.55 0.036021978046978
19.56 0.046571705778501
19.57 0.061456916245285
19.58 0.076619976947804
19.59 0.093283818807316
19.6 0.102663851641861
19.61 0.111751732156069
19.62 0.117350387113382
19.63 0.112862892873557
19.64 0.107348145898296
19.65 0.104604296262643
19.66 0.079130391845124
19.67 0.061346083702874
19.68 0.034023857147578
19.69 0.006204653043831
19.7 -0.027343352590682
19.71 -0.056554696186476
19.72 -0.079006624433116
19.73 -0.091950456440366
19.74 -0.103628033414922
19.75 -0.108182894594595
19.76 -0.110311288356143
19.77 -0.10340672795408
19.78 -0.089497812757802
19.79 -0.078480304277171
19.8 -0.05854960532649
19.81 -0.038155086850456
19.82 -0.017434443027845
19.83 0.037148077146673
19.84 0.020661975792468
19.85 0.04447620408528
19.86 0.038076453031788
19.87 0.028593960719373
19.88 0.026436418836499
19.89 0.014788311234266
19.9 0.014632086963753
19.91 -0.000680391390237
19.92 -0.020061886832154
19.93 -0.03964997244854
19.94 -0.053148749089923
19.95 -0.066223524749899
19.96 -0.079194088624669
19.97 -0.095212604868944
19.98 -0.120653568793462
19.99 -0.127319144214106
20.0 -0.131580043835513
20.01 -0.110604128725998
20.02 -0.090720088579275
20.03 -0.072914908036239
20.04 -0.056659332980998
20.05 -0.032879349694892
20.06 -0.011131796239298
20.07 0.025721341672325
20.08 0.055644960532474
20.09 0.058719095186178
20.1 0.06357180886731
20.11 0.073586197474224
20.12 0.066491727507111
20.13 0.062231377770056
20.14 0.052023286988174
20.15 0.029160559092729
20.16 0.014859795643647
20.17 -0.004894614524871
20.18 -0.015997377996692
20.19 -0.027744326859085
20.2 -0.040919089682501
20.21 -0.047888546637827
20.22 -0.055058006356285
20.23 -0.05648244280498
20.24 -0.050035830481813
20.25 -0.037366427787323
20.26 -0.01400635160056
20.27 -0.001058584452897
20.28 0.013442686735
20.29 0.017645185517581
20.3 0.019956983492602
20.31 0.025538567678598
20.32 0.039195413612283
20.33 0.042991418583041
20.34 0.046414739059298
20.35 0.037739774906748
20.36 0.03257827946173
20.37 0.024952545744906
20.38 0.016858115210161
20.39 0.004554969680211
20.4 -0.002875623097117
20.41 -0.013658614724103
20.42 -0.031178505262864
20.43 -0.050202617745063
20.44 -0.058107094378175
20.45 -0.061022320063042
20.46 -0.069341624769567
20.47 -0.06747686358293
20.48 -0.068059279524915
20.49 -0.063878494788712
20.5 -0.052139887898959
20.51 -0.042843853621889
20.52 -0.035127522493718
20.53 -0.02321904982945
20.54 -0.013704172207763
20.55 -0.003443797463989
20.56 0.001811392705275
20.57 0.008995774950938
20.58 0.013861204950797
20.59 0.01580333545729
20.6 0.012643427536034
20.61 0.011078193153924
20.62 0.005490376929822
20.63 0.004667602583657
20.64 -0.000150341121995
20.65 -0.003718903176077
20.66 -0.008125843476598
20.67 -0.007965360479241
20.68 -0.013759736358938
20.69 -0.016956019379794
20.7 -0.01935541303212
20.71 -0.018953291085817
20.72 -0.018202419432068
20.73 -0.01735575451764
20.74 -0.015681653453418
20.75 -0.011901652462844
20.76 -0.004242187501916
20.77 0.005847080274359
20.78 0.016653237490163
20.79 0.022809109477759
20.8 0.028304295075896
20.81 0.033489798553102
20.82 0.04364294557296
20.83 0.046134540312712
20.84 0.045301845223629
20.85 0.047400324459506
20.86 0.043382113213323
20.87 0.042698108025112
20.88 0.040125866515386
20.89 0.025621941152658
20.9 0.023383630665967
20.91 0.01849949910017
20.92 0.008692195427993
20.93 -0.002816321990985
20.94 -0.013468883258581
20.95 -0.022137036826193
20.96 -0.024093619803302
20.97 -0.026680676020645
20.98 -0.027235106864232
20.99 -0.026944403027846
21.0 -0.025978228214534
21.01 -0.022247204562801
21.02 -0.019184337580011
21.03 -0.015571781529199
21.04 -0.012691166101803
21.05 -0.010027569627363
21.06 -0.008692175457556
21.07 -0.006888837943493
21.08 -0.003854671464413
21.09 -0.003111543522869
21.1 -0.003084938047824
21.11 -0.00384352613779
21.12 -0.007333319899708
21.13 -0.012381378637465
21.14 -0.016236729671678
21.15 -0.018678634838758
21.16 -0.021117895915674
21.17 -0.023478655540804
21.18 -0.028140331155595
21.19 -0.028499521059099
21.2 -0.020621958194676
21.21 -0.018074132944327
21.22 -0.010710023006412
21.23 -0.006337875876466
21.24 0.00144965535143
21.25 0.009887027179445
21.26 0.018231252909282
21.27 0.027508931407159
21.28 0.036580172145623
21.29 0.044433031274118
21.3 0.050894039159986
21.31 0.056412624702023
21.32 0.055081095452071
21.33 0.054757878122062
21.34 0.054253285383109
21.35 0.052214102238032
21.36 0.048584288451048
21.37 0.044530627911951
21.38 0.037868248776408
21.39 0.0272499356251
21.4 -0.008044452061694
21.41 -0.007334863499584
21.42 -0.018944107278391
21.43 -0.02336878794867
21.44 -0.029918042107391
21.45 -0.033508993355883
21.46 -0.027052418199456
21.47 -0.018247297952056
21.48 -0.009415607536467
21.49 0.00834712225119
21.5 0.027431420685641
21.51 0.053264025673412
21.52 0.058232845618918
21.53 0.069631783142232
21.54 0.078643617529267
21.55 0.082029470371463
21.56 0.08424780909286
21.57 0.076856359383014
21.58 0.062493216975805
21.59 0.046702719701323
21.6 0.048513712827439
21.61 0.030881688918039
21.62 0.01476344269294
21.63 -0.01369708513773
21.64 -0.027353582194939
21.65 -0.022166784803183
21.66 -0.034839511272192
21.67 -0.044842454348938
21.68 -0.046611835134777
21.69 -0.020334393799197
21.7 -0.007478582725482
21.71 -8.3851013804e-05
21.72 0.007068079419047
21.73 0.027342038734853
21.74 0.042227927559859
21.75 0.043793527306455
21.76 0.038375991930326
21.77 0.034099053656773
21.78 0.020095372744471
21.79 0.003999628335999
21.8 -0.012595396992734
21.81 -0.029623278084965
21.82 -0.022616190687069
21.83 -0.027353577874573
21.84 -0.032324415982633
21.85 -0.034281266243143
21.86 -0.03329895936575
21.87 -0.031001109012422
21.88 -0.030370083167685
21.89 -0.028300059613247
21.9 -0.023205184011994
21.91 -0.008042663879629
21.92 0.000164102701729
21.93 0.014209587314977
21.94 0.020435324444542
21.95 0.019546881711903
21.96 0.020655927031113
21.97 0.018323547879801
21.98 0.007593679604355
21.99 -0.002129613412494
22.0 -0.010583463981985
22.01 -0.018001112844286
22.02 -0.026159109767274
22.03 -0.028449613182707
22.04 -0.022265532103244
22.05 -0.019509846681237
22.06 -0.012646769605496
22.07 -0.011821923262361
22.08 -0.008465797503178
22.09 -0.012081505740056
22.1 -0.015125853462668
22.11 -0.018960571645768
22.12 -0.016378123369327
22.13 -0.016278816856855
22.14 -0.016919492533582
22.15 -0.016333953167452
22.16 -0.016336472558325
22.17 -0.018127769164422
22.18 -0.020945963104723
22.19 -0.025357412965011
22.2 -0.028342513205965
22.21 -0.029836821517538
22.22 -0.02654320360021
22.23 -0.023447098941082
22.24 -0.0212017294203
22.25 -0.019769452175462
22.26 -0.02166564286512
22.27 -0.018897192930442
22.28 -0.0206994766691
22.29 -0.024758857163152
22.3 -0.024823069520155
22.31 -0.027675580808738
22.32 -0.027388851154206
22.33 -0.027449085501356
22.34 -0.029110451397686
22.35 -0.027417704274971
22.36 -0.027710941374796
22.37 -0.023570440422421
22.38 -0.019725549356764
22.39 -0.014510992502431
22.4 -0.014020580731831
22.41 -0.016611279145613
22.42 -0.021450628695709
22.43 -0.027012990271362
22.44 -0.033959305229054
22.45 -0.036773393073135
22.46 -0.037831532193896
22.47 -0.041641127280463
22.48 -0.043960238396165
22.49 -0.043486493432026
22.5 -0.038372544671009
22.51 -0.033144492603987
22.52 -0.024777069192576
22.53 -0.01763887762761
22.54 -0.007883395457324
22.55 0.002797897014303
22.56 0.009933274871307
22.57 0.015949295210388
22.58 0.019961354301194
22.59 0.022421018041679
22.6 0.022012524018948
22.61 0.01928190667723
22.62 0.015690684070966
22.63 0.010178243996783
22.64 0.002998258594399
22.65 -0.002985519455332
22.66 -0.005739110850381
22.67 -0.007112503222814
22.68 -0.004558400678122
22.69 -0.00224324883005
22.7 0.004073761875375
22.71 0.008350667820888
22.72 0.014930118310633
22.73 0.021665609236221
22.74 0.024423966331318
22.75 0.02628421694041
22.76 0.027637280090648
22.77 0.027622579518752
22.78 0.026843919754033
22.79 0.022021701323598
22.8 0.014094809754319
22.81 0.008598091256192
22.82 0.00413870438672
22.83 -0.001689698642151
22.84 -0.005258042728727
22.85 -0.005716708112499
22.86 -0.005123834858673
22.87 -0.001548865775626
22.88 0.003855869891764
22.89 0.011071268152978
22.9 0.017852538751224
22.91 0.021090332636665
22.92 0.024397538594221
22.93 0.026725818141685
22.94 0.026518180615531
22.95 0.02478166594876
22.96 0.024875731838875
22.97 0.021578808377357
22.98 0.0237346674539
22.99 0.023372143855411
23.0 0.020798215793021
23.01 0.017168494808815
23.02 0.018699076714185
23.03 0.015028150181931
23.04 0.017643273841977
23.05 0.019671719536954
23.06 0.024171922479189
23.07 0.025775892271381
23.08 0.024020252151644
23.09 0.025648927855744
23.1 0.02806673337797
23.11 0.028175367965701
23.12 0.029631154850455
23.13 0.034710818003493
23.14 0.038557158579776
23.15 0.037226871354292
23.16 0.035627402643376
23.17 0.032786962345449
23.18 0.026881249644313
23.19 0.010600689229596
23.2 0.010497856093174
23.21 0.005989578794413
23.22 0.007931875943425
23.23 0.00509531632236
23.24 0.004821751194513
23.25 0.003406879846595
23.26 0.00339554837251
23.27 0.003959772309961
23.28 0.004239308772595
23.29 0.003402034987499
23.3 0.002239051924806
23.31 0.002959981414465
23.32 0.002612656775365
23.33 0.003117109235666
23.34 0.003014726419707
23.35 0.003866647096824
23.36 0.005301829253648
23.37 0.007877489788098
23.38 0.009874452904146
23.39 0.009366892845913
23.4 0.005797050446366
23.41 -0.001533713735662
23.42 -0.010730319841568
23.43 -0.020941133124936
23.44 -0.02394593471999
23.45 -0.030081504445257
23.46 -0.035810989909927
23.47 -0.037821536227794
23.48 -0.034158475932685
23.49 -0.028650546850553
23.5 -0.020459932618746
23.51 -0.024152654606304
23.52 -0.018977522668465
23.53 -0.01460932171315
23.54 -0.00645043616156
23.55 -0.000104801826365
23.56 0.004750965526349
23.57 0.010027448193546
23.58 0.012769661186928
23.59 0.014679350981856
23.6 0.01419974551444
23.61 0.012796646833022
23.62 0.010574681880877
23.63 0.00525951046112
23.64 -0.003075684039751
23.65 -0.010992737867584
23.66 -0.013232430471428
23.67 -0.013806445895808
23.68 -0.012464222766044
23.69 -0.008293278251369
23.7 -0.004041483942505
23.71 0.002330437739364
23.72 0.008526151537001
23.73 0.010277975474703
23.74 0.010644498355382
23.75 0.011444724715677
23.76 0.010423011129236
23.77 0.005912475180495
23.78 0.001956245897051
23.79 -7.3470053934e-05
23.8 -0.000315564634373
23.81 -0.001253925611255
23.82 -0.002122057284093
23.83 -0.000677161514966
23.84 0.000383304598889
23.85 0.001447698203161
23.86 0.000458523710881
23.87 -0.002913863715189
23.88 -0.004012590555588
23.89 -0.005556776783513
23.9 -0.008513331209665
23.91 -0.010228084667586
23.92 -0.011965519713727
23.93 -0.013227056092543
23.94 -0.014803394574019
23.95 -0.017353986974611
23.96 -0.019383464157602
23.97 -0.020720116989361
23.98 -0.023409355549723
23.99 -0.026082011993283
24.0 -0.026175014069156
24.01 -0.023183570529941
24.02 -0.016833371027392
24.03 -0.010920010620568
24.04 -0.004276365268876
24.05 0.00201733057859
24.06 0.004865820719999
24.07 0.006282655505292
24.08 0.005856718201939
24.09 0.004662150975949
24.1 0.000193507672536
24.11 -0.006550079793678
24.12 -0.012967129552722
24.13 -0.019168583800981
24.14 -0.021703380320723
24.15 -0.023731969865193
24.16 -0.022554760645065
24.17 -0.020086881636072
24.18 -0.015690875627775
24.19 -0.011945993775511
24.2 -0.009390890608265
24.21 -0.007661613527994
24.22 -0.005879199941484
24.23 -0.003044556512148
24.24 0.00064263110453
24.25 0.002152518841987
24.26 0.003035701686256
24.27 0.003336544314819
24.28 0.001199876332018
24.29 -0.004577980259957
24.3 -0.010561565239137
24.31 -0.014650869043712
24.32 -0.019240200238341
24.33 -0.02256293228929
24.34 -0.024793089225104
24.35 -0.025523006346585
24.36 -0.024963232989413
24.37 -0.02184100889279
24.38 -0.013071182837698
24.39 -0.003950789967424
24.4 0.004653466237206
24.41 0.010186000780796
24.42 0.01365139095523
24.43 0.014327719059887
24.44 0.011137941878844
24.45 0.007165419011667
24.46 0.003216808755882
24.47 -0.000138650295525
24.48 -0.002680831702569
24.49 -0.004906352668178
24.5 -0.006495311577259
24.51 -0.008035527167279
24.52 -0.009731851091373
24.53 -0.009552915748625
24.54 -0.007286315011677
24.55 -0.003813380566121
24.56 -0.000915718092743
24.57 0.0045774578977
24.58 0.01035432525974
24.59 0.016342306648015
24.6 0.023082564593603
24.61 0.031058880965807
24.62 0.038409742569528
24.63 0.041188266882587
24.64 0.039002904650871
24.65 0.034753829109271
24.66 0.021421563179112
24.67 0.002156883992194
24.68 -0.008604882642857
24.69 -0.017510086199907
24.7 -0.021908335903766
24.71 -0.027324349271566
24.72 -0.031201740266924
24.73 -0.030032603131076
24.74 -0.026716060653517
24.75 -0.020341234486501
24.76 -0.011756735276315
24.77 -0.002412607155697
24.78 0.011091584127971
24.79 0.012649064324954
24.8 0.019009466013122
24.81 0.022782274435066
24.82 0.025877113555588
24.83 0.029094513209407
24.84 0.026253205704875
24.85 0.023816268134645
24.86 0.022665111351689
24.87 0.020533572210411
24.88 0.011776345273157
24.89 -0.01167837104684
24.9 -0.007264466985451
24.91 -0.007680827771745
24.92 -0.000183045808944
24.93 -0.001171826741905
24.94 0.010254117241647
 
 
 
 
 
 
 
 
 
 
 
 
 
 
 
 
 
 
 
 
 
 
 
 
 
 
 
 
 
 
 
 
 
 
 
 
 
 
 
 
 
 
 
 
 
 
 
 
 
 
 
 
 
 
 
 
 
 
 
 
 
 
 
 
 
 
 
 
 
 
 
 
 
 
 
 
 
 
 
 
 
 
 
 
 
 
 
 
 
 
 
 
 
 
 
 
 
 
 
 
 
 
 
 
 
 
 
 
 
 
 
 
 
 
 
 
 
 
 
 
 
 
 
 
 
 
 
 
 
 
 
 
 
 
 
 
 
 
 
 
 
 
 
 
 
 
 
 
 
 
 
 
 
 
 
 
 
 
 
 
 
 
 
 
 
 
 
 
 
 
 
 
 
 
 
 
 
 
 
 
 
 
 
 
 
 
 
 
 
 
 
 
 
 
 
 
 
 
 
 
 
 
 
 
 
 
 
 
 
 
 
 
 
 
 
 
 
 
 
 
 
 
 
 
 
 
 
 
 
 
 
 
 
 
 
 
 
 
 
 
 
 
 
 
 
 
 
 
 
 
 
 
 
 
 
 
 
 
 
 
 
 
 
 
 
 
 
 
 
 
 
 
 
 
 
 
 
 
 
 
 
 
 
 
 
 
 
 
 
 
 
 
 
 
 
 
 
 
 
 
 
 
 
 
 
 
 
 
 
 
 
 
 
 
 
 
 
 
 
 
 
 
 
 
 
 
 
 
 
 
 
 
 
 
 
 
 
 
 
 
 
 
 
 
 
 
 
 
 
 
 
 
 
 
 
 
 
 
 
 
 
 
 
 
 
 
 
 
 
 
 
 
 
 
 
 
 
 
 
 
 
 
 
 
 
 
 
 
 
 
 
 
 
 
 
 
 
 
 
 
 
 
 
 
 
 
 
 
 
 
 
 
 
 
 
 
 
 
 
 
 
 
 
 
 
 
 
 
 
 
 
 
 
 
 
 
 
 
 
 
 
 
 
 
 
 
 
 
 
 
 
 
 
 
 
 
 
 
 
 
 
 
 
 
 
 
 
 
 
 
 
 
 
 
 
 
 
 
 
 
 
 
 
 
 
 
 
 
 
 
 
 
 
 
 
 
 
 
 
 
 
 
 
 
 
 
 
 
 
 
 
 
 
 
 
 
 
 
 
 
 
 
 
 
 
 
 
 
 
 
 
 
 
 
 
 
 
 
 
 
 
 
 
 
 
 
 
 
 
 
 
 
 
 
 
 
 
 
 
 
 
 
 
 
 
 
 
 
 
 
 
 
 
 
 
 
 
 
 
 
 
 
 
 
 
 
 
 
 
 
 
 
 
 
 
 
 
 
 
 
 
 
 
 
 
 
 
 
 
 
 
 
 
 
 
 
 
 
 
 
 
 
 
 
 
 
 
 
 
 
 
 
 
 
 
 
 
 
 
 
 
 
 
 
 
 
 
 
 
 
 
 
 
 
 
 
 
 
 
 
 
 
 
 
 
 
 
 
 
 
 
 
 
 
 
 
 
 
 
 
 
 
 
 
 
 
 
 
 
 
 
 
 
 
 
 
 
 
 
 
 
 
 
 
 
 
 
 
 
 
 
 
 
 
 
 
 
 
 
 
 
 
 
 
 
 
 
 
 
 
 
 
 
 
 
 
 
 
 
 
 
 
 
 
 
 
 
 
 
 
 
 
 
 
 
 
 
 
 
 
 
 
 
 
 
 
 
 
 
 
 
 
 
 
 
 
 
 
 
 
 
 
 
 
 
 
 
 
 
 
 
 
 
 
 
 
 
 
 
 
 
 
 
 
 
 
 
 
 
 
 
 
 
 
 
 
 
 
 
 
 
 
 
 
 
 
 
 
 
 
 
 
 
 
 
 
 
 
 
 
 
 
 
 
 
 
 
 
 
 
 
 
 
 
 
 
 
 
 
 
 
 
 
 
 
 
 
 
 
 
 
 
 
 
 
 
 
 
 
 
 
 
 
 
 
 
 
 
 
 
 
 
 
 
 
 
 
 
 
 
 
 
 
 
 
 
 
 
 
 
 
 
 
 
 
 
 
 
 
 
 
 
 
 
 
 
 
 
 
 
 
 
 
 
 
 
 
 
 
 
 
 
 
 
 
 
 
 
 
 
 
 
 
 
 
 
 
 
 
 
 
 
 
 
 
 
 
 
 
 
 
 
 
 
 
 
 
 
 
 
 
 
 
 
 
 
 
 
 
 
 
 
 
 
 
 
 
 
 
 
 
 
 
 
 
 
 
 
 
 
 
 
 
 
 
 
 
 
 
 
 
 
 
 
 
 
 
 
 
 
 
 
 
 
 
 
 
 
 
 
 
 
 
 
 
 
 
 
 
 
 
 
 
 
 
 
 
 
 
 
 
 
 
 
 
 
 
 
 
 
 
 
 
 
 
 
 
 
 
 
 
 
 
 
 
 
 
 
 
 
 
 
 
 
 
 
 
 
 
 
 
 
 
 
 
 
 
 
 
 
 
 
 
 
 
 
 
 
 
 
 
 
 
 
 
 
 
 
 
 
 
 
 
 
 
 
 
 
 
 
 
 
 
 
 
 
 
 
 
 
 
 
 
 
 
 
 
 
 
 
 
 
 
 
 
 
 
 
 
 
 
 
 
 
 
 
 
 
 
 
 
 
 
 
 
 
 
 
 
 
 
 
 
 
 
 
 
 
 
 
 
 
 
 
 
 
 
 
 
 
 
 
 
 
 
 
 
 
 
 
 
 
 
 
 
 
 
 
 
 
 
 
 
 
 
 
 
 
 
 
 
 
 
 
 
 
 
 
 
 
 
 
 
 
 
 
 
 
 
 
 
 
 
 
 
 
 
 
 
 
 
 
 
 
 
 
 
 
 
 
 
 
 
 
 
 
 
 
 
 
 
 
 
 
 
 
 
 
 
 
 
 
 
 
 
 
 
 
 
 
 
 
 
 
 
 
 
 
 
 
 
 
 
 
 
 
 
 
 
 
 
 
 
 
 
 
 
 
 
 
 
 
 
 
 
 
 
 
 
 
 
 
 
 
 
 
 
 
 
 
 
 
 
 
 
 
 
 
 
 
 
 
 
 
 
 
 
 
 
 
 
 
 
 
 
 
 
 
 
 
 
 
 
 
 
 
 
 
 
 
 
 
 
 
 
 
 
 
 
 
 
 
 
 
 
 
 
 
 
 
 
 
 
 
 
 
 
 
 
 
 
 
 
 
 
 
 
 
 
 
 
 
 
 
 
 
 
 
 
 
 
 
 
 
 
 
 
 
 
 
 
 
 
 
 
 
 
 
 
 
 
 
 
 
 
 
 
 
 
 
 
 
 
 
 
 
 
 
 
 
 
 
 
 
 
 
 
 
 
 
 
 
 
 
 
 
 
 
 
 
 
 
 
 
 
 
 
 
 
 
 
 
 
 
 
 
 
 
 
 
 
 
 
 
 
 
 
 
 
 
 
 
 
 
 
 
 
 
 
 
 
 
 
 
 
 
 
 
 
 
 
 
 
 
 
 
 
 
 
 
 
 
 
 
 
 
 
 
 
 
 
 
 
 
 
 
 
 
 
 
 
 
 
 
 
 
 
 
 
 
 
 
 
 
 
 
 
 
 
 
 
 
 
 
 
 
 
 
 
 
 
 
 
 
 
 
 
 
 
 
 
 
 
 
 
 
 
 
 
 
 
 
 
 
 
 
 
 
 
 
 
 
 
 
 
 
 
 
 
 
 
 
 
 
 
 
 
 
 
 
 
 
 
 
 
 
 
 
 
 
 
 
 
 
 
 
 
 
 
 
 
 
 
 
 
 
 
 
 
 
 
 
 
 
 
 
 
 
 
 
 
 
 
 
 
 
 
 
 
 
 
 
 
 
 
 
 
 
 
 
 
 
 
 
 
 
 
 
 
 
 
 
 
 
 
 
 
 
 
 
 
 
 
 
 
 
 
 
 
 
 
 
 
 
 
 
 
 
 
 
 
 
 
 
 
 
 
 
 
 
 
 
 
 
 
 
 
 
 
 
 
 
 
 
 
 
 
 
 
 
 
 
 
 
 
 
 
 
 
 
 
 
 
 
 
 
 
 
 
 
 
 
 
 
 
 
 
 
 
 
 
 
 
 
 
 
 
 
 
 
 
 
 
 
 
 
 
 
 
 
 
 
 
 
 
 
 
 
 
 
 
 
 
 
 
 
 
 
 
 
 
 
 
 
 
 
 
 
 
 
 
 
 
 
 
 
 
 
 
 
 
 
 
 
 
 
 
 
 
 
 
 
 
 
 
 
 
 
 
 
 
 
 
 
 
 
 
 
 
 
 
 
 
 
 
 
 
 
 
 
 
 
 
 
 
 
 
 
 
 
 
 
 
 
 
 
 
 
 
 
 
 
 
 
 
 
 
 
 
 
 
 
 
 
 
 
 
 
 
 
 
 
 
 
 
 
 
 
 
 
 
 
 
 
 
 
 
 
 
 
 
 
 
 
 
 
 
 
 
 
 
 
 
 
 
 
 
 
 
 
 
 
 
 
 
 
 
 
 
 
 
 
 
 
 
 
 
 
 
 
 
 
 
 
 
 
 
 
 
 
 
 
 
 
 
 
 
 
 
 
 
 
 
 
 
 
 
 
 
 
 
 
 
 
 
 
 
 
 
 
 
 
 
 
 
 
 
 
 
 
 
 
 
 
 
 
 
 
 
 
 
 
 
 
 
 
 
 
 
 
 
 
 
 
 
 
 
 
 
 
 
 
 
 
 
 
 
 
 
 
 
 
 
 
 
 
 
 
 
 
 
 
 
 
 
 
 
 
 
 
 
 
 
 
 
 
 
 
 
 
 
 
 
 
 
 
 
 
 
 
 
 
 
 
 
 
 
 
 
 
 
 
 
 
 
 
 
 
 
 
 
 
 
 
 
 
 
 
 
 
 
 
 
 
 
 
 
 
 
 
 
 
 
 
 
 
 
 
 
 
 
 
 
 
 
 
 
 
 
 
 
 
 
 
 
 
 
 
 
 
 
 
 
 
 
 
 
 
 
 
 
 
 
 
 
 
 
 
 
 
 
 
 
 
 
 
 
 
 
 
 
 
 
 
 
 
 
 
 
 
 
 
 
 
 
 
 
 
 
 
 
 
 
 
 
 
 
 
 
 
 
 
 
 
 
 
 
 
 
 
 
 
 
 
 
 
 
 
 
 
 
 
 
 
 
 
 
 
 
 
 
 
 
 
 
 
 
 
 
 
 
 
 
 
 
 
 
 
 
 
 
 
 
 
 
 
 
 
 
 
 
 
 
 
 
 
 
 
 
 
 
 
 
 
 
 
 
 
 
 
 
 
 
 
 
 
 
 
 
 
 
 
 
 
 
 
 
 
 
 
 
 
 
 
 
 
 
 
 
 
 
 
 
 
 
 
 
 
 
 
 
 
 
 
 
 
 
 
 
 
 
 
 
 
 
 
 
 
 
 
 
 
 
 
 
 
 
 
 
 
 
 
 
 
 
 
 
 
 
 
 
 
 
 
 
 
 
 
 
 
 
 
 
 
 
 
 
 
 
 
 
 
 
 
 
 
 
 
 
 
 
 
 
 
 
 
 
 
 
 
 
 
 
 
 
 
 
 
 
 
 
 
 
 
 
 
 
 
 
 
 
 
 
 
 
 
 
 
 
 
 
 
 
 
 
 
 
 
 
 
 
 
 
 
 
 
 
 
 
 
 
 
 
 
 
 
 
 
 
 
 
 
 
 
 
 
 
 
 
 
 
 
 
 
 
 
 
 
 
 
 
 
 
 
 
 
 
 
 
 
 
 
 
 
 
 
 
 
 
 
 
 
 
 
 
 
 
 
 
 
 
 
 
 
 
 
 
 
 
 
 
 
 
 
 
 
 
 
 
 
 
 
 
 
 
 
 
 
 
 
 
 
 
 
 
 
 
 
 
 
 
 
 
 
 
 
 
 
 
 
 
 
 
 
 
 
 
 
 
 
 
 
 
 
 
 
 
 
 
 
 
 
 
 
 
 
 
 
 
 
 
 
 
 
 
 
 
 
 
 
 
 
 
 
 
 
 
 
 
 
 
 
 
 
 
 
 
 
 
 
 
 
 
 
 
 
 
 
 
 
 
 
 
 
 
 
 
 
 
 
 
 
 
 
 
 
 
 
 
 
 
 
 
 
 
 
 
 
 
 
 
 
 
 
 
 
 
 
 
 
 
 
 
 
 
 
 
 
 
 
 
 
 
 
 
 
 
 
 
 
 
 
 
 
 
 
 
 
 
 
 
 
 
 
 
 
 
 
 
 
 
 
 
 
 
 
 
 
 
 
 
 
 
 
 
 
 
 
 
 
 
 
 
 
 
 
 
 
 
 
 
 
 
 
 
 
 
 
 
 
 
 
 
 
 
 
 
 
 
 
 
 
 
 
 
 
 
 
 
 
 
 
 
 
 
 
 
 
 
 
 
 
 
 
 
 
 
 
 
 
 
 
 
 
 
 
 
 
 
 
 
 
 
 
 
 
 
 
 
 
 
 
 
 
 
 
 
 
 
 
 
 
 
 
 
 
 
 
 
 
 
 
 
 
 
 
 
 
 
 
 
 
 
 
 
 
 
 
 
 
 
 
 
 
 
 
 
 
 
 
 
 
 
 
 
 
 
 
 
 
 
 
 
 
 
 
 
 
 
 
 
 
 
 
 
 
 
 
 
 
 
 
 
 
 
 
 
 
 
 
 
 
 
 
 
 
 
 
 
 
 
 
 
 
 
 
 
 
 
 
 
 
 
 
 
 
 
 
 
 
 
 
 
 
 
 
 
 
 
 
 
 
 
 
 
 
 
 
 
 
 
 
 
 
 
 
 
 
 
 
 
 
 
 
 
 
 
 
 
 
 
 
 
 
 
 
 
 
 
 
 
 
 
 
 
 
 
 
 
 
 
 
 
 
 
 
 
 
 
 
 
 
 
 
 
 
 
 
 
 
 
 
 
 
 
 
 
 
 
 
 
 
 
 
 
 
 
 
 
 
 
 
 
 
 
 
 
 
 
 
 
 
 
 
 
 
 
 
 
 
 
 
 
 
 
 
 
 
 
 
 
 
 
 
 
 
 
 
 
 
 
 
 
 
 
 
 
 
 
 
 
 
 
 
 
 
 
 
 
 
 
 
 
 
 
 
 
 
 
 
 
 
 
 
 
 
 
 
 
 
 
 
 
 
 
 
 
 
 
 
 
 
 
 
 
 
 
 
 
 
 
 
 
 
 
 
 
 
 
 
 
 
 
 
 
 
 
 
 
 
 
 
 
 
 
 
 
 
 
 
 
 
 
 
 
 
 
 
 
 
 
 
 
 
 
 
 
 
 
 
 
 
 
 
 
 
 
 
 
 
 
 
 
 
 
 
 
 
 
 
 
 
 
 
 
 
 
 
 
 
 
 
 
 
 
 
 
 
 
 
 
 
 
 
 
 
 
 
 
 
 
 
 
 
 
 
 
 
 
 
 
 
 
 
 
 
 
 
 
 
 
 
 
 
 
 
 
 
 
 
 
 
 
 
 
 
 
 
 
 
 
 
 
 
 
 
 
 
 
 
 
 
 
 
 
 
 
 
 
 
 
 
 
 
 
 
 
 
 
 
 
 
 
 
 
 
 
 
 
 
 
 
 
 
 
 
 
 
 
 
 
 
 
 
 
 
 
 
 
 
 
 
 
 
 
 
 
 
 
 
 
 
 
 
 
 
 
 
 
 
 
 
 
 
 
 
 
 
 
 
 
 
 
 
 
 
 
 
 
 
 
 
 
 
 
 
 
 
 
 
 
 
 
 
 
 
 
 
 
 
 
 
 
 
 
 
 
 
 
 
 
 
 
 
 
 
 
 
 
 
 
 
 
 
 
 
 
 
 
 
 
 
 
 
 
 
 
 
 
 
 
 
 
 
 
 
 
 
 
 
 
 
 
 
 
 
 
 
 
 
 
 
 
 
 
 
 
 
 
 
 
 
 
 
 
 
 
 
 
 
 
 
 
 
 
 
 
 
 
 
 
 
 
 
 
 
 
 
 
 
 
 
 
 
 
 
 
 
 
 
 
 
 
 
 
 
 
 
 
 
 
 
 
 
 
 
 
 
 
 
 
 
 
 
 
 
 
 
 
 
 
 
 
 
 
 
 
 
 
 
 
 
 
 
 
 
 
 
 
 
 
 
 
 
 
 
 
 
 
 
 
 
 
 
 
 
 
 
 
 
 
 
 
 
 
 
 
 
 
 
 
 
 
 
 
 
 
 
 
 
 
 
 
 
 
 
 
 
 
 
 
 
 
 
 
 
 
 
 
 
 
 
 
 
 
 
 
 
 
 
 
 
 
 
 
 
 
 
 
 
 
 
 
 
 
 
 
 
 
 
 
 
 
 
 
 
 
 
 
 
 
 
 
 
 
 
 
 
 
 
 
 
 
 
 
 
 
 
 
 
 
 
 
 
 
 
 
 
 
 
 
 
 
 
 
 
 
 
 
 
 
 
 
 
 
 
 
 
 
 
 
 
 
 
 
 
 
 
 
 
 
 
 
 
 
 
 
 
 
 
 
 
 
 
 
 
 
 
 
 
 
 
 
 
 
 
 
 
 
 
 
 
 
 
 
 
 
 
 
 
 
 
 
 
 
 
 
 
 
 
 
 
 
 
 
 
 
 
 
 
 
 
 
 
 
 
 
 
 
 
 
 
 
 
 
 
 
 
 
 
 
 
 
 
 
 
 
 
 
 
 
 
 
 
 
 
 
 
 
 
 
 
 
 
 
 
 
 
 
 
 
 
 
 
 
 
 
 
 
 
 
 
 
 
 
 
 
 
 
 
 
 
 
 
 
 
 
 
 
 
 
 
 
 
 
 
 
 
 
 
 
 
 
 
 
 
 
 
 
 
 
 
 
 
 
 
 
 
 
 
 
 
 
 
 
 
 
 
 
 
 
 
 
 
 
 
 
 
 
 
 
 
 
 
 
 
 
 
 
 
 
 
 
 
 
 
 
 
 
 
 
 
 
 
 
 
 
 
 
 
 
 
 
 
 
 
 
 
 
 
 
 
 
 
 
 
 
 
 
 
 
 
 
 
 
 
 
 
 
 
 
 
 
 
 
 
 
 
 
 
 
 
 
 
 
 
 
 
 
 
 
 
 
 
 
 
 
 
 
 
 
 
 
 
 
 
 
 
 
 
 
 
 
 
 
 
 
 
 
 
 
 
 
 
 
 
 
 
 
 
 
 
 
 
 
 
 
 
 
 
 
 
 
 
 
 
 
 
 
 
 
 
 
 
 
 
 
 
 
 
 
 
 
 
 
 
 
 
 
 
 
 
 
 
 
 
 
 
 
 
 
 
 
 
 
 
 
 
 
 
 
 
 
 
 
 
 
 
 
 
 
 
 
 
 
 
 
 
 
 
 
 
 
 
 
 
 
 
 
 
 
 
 
 
 
 
 
 
 
 
 
 
 
 
 
 
 
 
 
 
 
 
 
 
 
 
 
 
 
 
 
 
 
 
 
 
 
 
 
 
 
 
 
 
 
 
 
 
 
 
 
 
 
 
 
 
 
 
 
 
 
 
 
 
 
 
 
 
 
 
 
 
 
 
 
 
 
 
 
 
 
 
 
 
 
 
 
 
 
 
 
 
 
 
 
 
 
 
 
 
 
 
 
 
 
 
 
 
 
 
 
 
 
 
 
 
 
 
 
 
 
 
 
 
 
 
 
 
 
 
 
 
 
 
 
 
 
 
 
 
 
 
 
 
 
 
 
 
 
 
 
 
 
 
 
 
 
 
 
 
 
 
 
 
 
 
 
 
 
 
 
 
 
 
 
 
 
 
 
 
 
 
 
 
 
 
 
 
 
 
 
 
 
 
 
 
 
 
 
 
 
 
 
 
 
 
 
 
 
 
 
 
 
 
 
 
 
 
 
 
 
 
 
 
 
 
 
 
 
 
 
 
 
 
 
 
 
 
 
 
 
 
 
 
 
 
 
 
 
 
 
 
 
 
 
 
 
 
 
 
 
 
 
 
 
 
 
 
 
 
 
 
 
 
 
 
 
 
 
 
 
 
 
 
 
 
 
 
 
 
 
 
 
 
 
 
 
 
 
 
 
 
 
 
 
 
 
 
 
 
 
 
 
 
 
 
 
 
 
 
 
 
 
 
 
 
 
 
 
 
 
 
 
 
 
 
 
 
 
 
 
 
 
 
 
 
 
 
 
 
 
 
 
 
 
 
 
 
 
 
 
 
 
 
 
 
 
 
 
 
 
 
 
 
 
 
 
 
 
 
 
 
 
 
 
 
 
 
 
 
 
 
 
 
 
 
 
 
 
 
 
 
 
 
 
 
 
 
 
 
 
 
 
 
 
 
 
 
 
 
 
 
 
 
 
 
 
 
 
 
 
 
 
 
 
 
 
 
 
 
 
 
 
 
 
 
 
 
 
 
 
 
 
 
 
 
 
 
 
 
 
 
 
 
 
 
 
 
 
 
 
 
 
 
 
 
 
 
 
 
 
 
 
 
 
 
 
 
 
 
 
 
 
 
 
 
 
 
 
 
 
 
 
 
 
 
 
 
 
 
 
 
 
 
 
 
 
 
 
 
 
 
 
 
 
 
 
 
 
 
 
 
 
 
 
 
 
 
 
 
 
 
 
 
 
 
 
 
 
 
 
 
 
 
 
 
 
 
 
 
 
 
 
 
 
 
 
 
 
 
 
 
 
 
 
 
 
 
 
 
 
 
 
 
 
 
 
 
 
 
 
 
 
 
 
 
 
 
 
 
 
 
 
 
 
 
 
 
 
 
 
 
 
 
 
 
 
 
 
 
 
 
 
 
 
 
 
 
 
 
 
 
 
 
 
 
 
 
 
 
 
 
 
 
 
 
 
 
 
 
 
 
 
 
 
 
 
 
 
 
 
 
 
 
 
 
 
 
 
 
 
 
 
 
 
 
 
 
 
 
 
 
 
 
 
 
 
 
 
 
 
 
 
 
 
 
 
 
 
 
 
 
 
 
 
 
 
 
 
 
 
 
 
 
 
 
 
 
 
 
 
 
 
 
 
 
 
 
 
 
 
 
 
 
 
 
 
 
 
 
 
 
 
 
 
 
 
 
 
 
 
 
 
 
 
 
 
 
 
 
 
 
 
 
 
 
 
 
 
 
 
 
 
 
 
 
 
 
 
 
 
 
 
 
 
 
 
 
 
 
 
 
 
 
 
 
 
 
 
 
 
 
 
 
 
 
 
 
 
 
 
 
 
 
 
 
 
 
 
 
 
 
 
 
 
 
 
 
 
 
 
 
 
 
 
 
 
 
 
 
 
 
 
 
 
 
 
 
 
 
 
 
 
 
 
 
 
 
 
 
 
 
 
 
 
 
 
 
 
 
 
 
 
 
 
 
 
 
 
 
 
 
 
 
 
 
 
 
 
 
 
 
 
 
 
 
 
 
 
 
 
 
 
 
 
 
 
 
 
 
 
 
 
 
 
 
 
 
 
 
 
 
 
 
 
 
 
 
 
 
 
 
 
 
 
 
 
 
 
 
 
 
 
 
 
 
 
 
 
 
 
 
 
 
 
 
 
 
 
 
 
 
 
 
 
 
 
 
 
 
 
 
 
 
 
 
 
 
 
 
 
 
 
 
 
 
 
 
 
 
 
 
 
 
 
 
 
 
 
 
 
 
 
 
 
 
 
 
 
 
 
 
 
 
 
 
 
 
 
 
 
 
 
 
 
 
 
 
 
 
 
 
 
 
 
 
 
 
 
 
 
 
 
 
 
 
 
 
 
 
 
 
 
 
 
 
 
 
 
 
 
 
 
 
 
 
 
 
 
 
 
 
 
 
 
 
 
 
 
 
 
 
 
 
 
 
 
 
 
 
 
 
 
 
 
 
 
 
 
 
 
 
 
 
 
 
 
 
 
 
 
 
 
 
 
 
 
 
 
 
 
 
 
 
 
 
 
 
 
 
 
 
 
 
 
 
 
 
 
 
 
 
 
 
 
 
 
 
 
 
 
 
 
 
 
 
 
 
 
 
 
 
 
 
 
 
 
 
 
 
 
 
 
 
 
 
 
 
 
 
 
 
 
 
 
 
 
 
 
 
 
 
 
 
 
 
 
 
 
 
 
 
 
 
 
 
 
 
 
 
 
 
 
 
 
 
 
 
 
 
 
 
 
 
 
 
 
 
 
 
 
 
 
 
 
 
 
 
 
 
 
 
 
 
 
 
 
 
 
 
 
 
 
 
 
 
 
 
 
 
 
 
 
 
 
 
 
 
 
 
 
 
 
 
 
 
 
 
 
 
 
 
 
 
 
 
 
 
 
 
 
 
 
 
 
 
 
 
 
 
 
 
 
 
 
 
 
 
 
 
 
 
 
 
 
 
 
 
 
 
 
 
 
 
 
 
 
 
 
 
 
 
 
 
 
 
 
 
 
 
 
 
 
 
 
 
 
 
 
 
 
 
 
 
 
 
 
 
 
 
 
 
 
 
 
 
 
 
 
 
 
 
 
 
 
 
 
 
 
 
 
 
 
 
 
 
 
 
 
 
 
 
 
 
 
 
 
 
 
 
 
 
 
 
 
 
 
 
 
 
 
 
 
 
 
 
 
 
 
 
 
 
 
 
 
 
 
 
 
 
 
 
 
 
 
 
 
 
 
 
 
 
 
 
 
 
 
 
 
 
 
 
 
 
 
 
 
 
 
 
 
 
 
 
 
 
 
 
 
 
 
 
 
 
 
 
 
 
 
 
 
 
 
 
 
 
 
 
 
 
 
 
 
 
 
 
 
