0.0 0.0
0.01 2.3363229e-07
0.02 2.34595253e-07
0.03 2.36414533e-07
0.04 2.3838434e-07
0.05 2.3882187e-07
0.06 2.38344545e-07
0.07 2.49117954e-07
0.08 2.96914225e-07
0.09 4.04663714e-07
0.1 5.13340924e-07
0.11 3.83255236e-07
0.12 -2.38137878e-07
0.13 -1.21531477e-06
0.14 -2.050848361e-06
0.15 -2.679688614e-06
0.16 -4.064525234e-06
0.17 -6.510445044e-06
0.18 -7.771316174e-06
0.19 -6.161884097e-06
0.2 -4.035674531e-06
0.21 -4.480020521e-06
0.22 -7.156425302e-06
0.23 -7.411265638e-06
0.24 -1.251135464e-06
0.25 7.159383404e-06
0.26 1.1580286576e-05
0.27 7.868274125e-06
0.28 -7.494957512e-06
0.29 -2.3265243235e-05
0.3 -2.4002585019e-05
0.31 -1.693115838e-05
0.32 -1.1516585453e-05
0.33 9.20046e-09
0.34 1.9252164193e-05
0.35 2.7565747553e-05
0.36 7.735490515e-06
0.37 -2.7414023429e-05
0.38 -4.7570931733e-05
0.39 -4.1062418433e-05
0.4 -2.2535177842e-05
0.41 -2.6648078008e-05
0.42 -6.8494139132e-05
0.43 -0.000116226167134
0.44 -0.000116420378054
0.45 -4.4119573093e-05
0.46 3.4607396526e-05
0.47 3.9325234759e-05
0.48 1.4625211148e-05
0.49 3.0906851216e-05
0.5 5.4516547706e-05
0.51 3.7983038329e-05
0.52 -3.665214559e-05
0.53 -0.000167201006993
0.54 -0.000233434462551
0.55 -0.000139262971194
0.56 -8.711422544e-06
0.57 1.5725367739e-05
0.58 -3.5095178171e-05
0.59 -3.6517131582e-05
0.6 3.9988716315e-05
0.61 5.3188248695e-05
0.62 -6.4581656369e-05
0.63 -0.000181096308352
0.64 -0.000178649932369
0.65 -4.6183250794e-05
0.66 8.3515887097e-05
0.67 6.5921244022e-05
0.68 -7.8895938247e-05
0.69 -0.00019576296365
0.7 -0.000113302233635
0.71 8.305532549e-06
0.72 -9.448452748e-05
0.73 -0.000166901810188
0.74 2.1884079965e-05
0.75 0.000127324291615
0.76 -2.0672678007e-05
0.77 -9.9312373681e-05
0.78 -3.6598117544e-05
0.79 -6.4495537874e-05
0.8 -0.000201575151531
0.81 -0.000334557681763
0.82 -0.000420253197349
0.83 -0.000443692834076
0.84 -0.000296894227724
0.85 -8.3385003402e-05
0.86 -6.0597913051e-05
0.87 -2.7489786863e-05
0.88 0.000242637742044
0.89 0.000292599626296
0.9 -0.00017942827594
0.91 -0.000539550397943
0.92 -0.000381999052124
0.93 -0.000196016828051
0.94 -8.8621046098e-05
0.95 0.000238211214559
0.96 0.000409906221789
0.97 0.000161598928076
0.98 -0.000106205847219
0.99 -0.000238236071794
1.0 -0.000360981672618
1.01 -0.000397247511737
1.02 -0.000272427963892
1.03 -4.8908358963e-05
1.04 0.000120773056386
1.05 0.00034380915752
1.06 0.000673762875007
1.07 0.000654635205882
1.08 0.000108215313402
1.09 -0.000464297560047
1.1 -0.000558026494781
1.11 -0.000242672969405
1.12 -8.3514706716e-05
1.13 -0.000295163100736
1.14 -0.000262012811779
1.15 0.000347623623678
1.16 0.000884885168293
1.17 0.000738145575741
1.18 0.000303349887114
1.19 6.0068884666e-05
1.2 -3.286606225e-05
1.21 -2.3914431389e-05
1.22 7.1003109663e-05
1.23 3.561280247e-05
1.24 2.7105078004e-05
1.25 0.000246534111306
1.26 0.00040745179808
1.27 0.000338930981864
1.28 -0.000193333037598
1.29 -0.000884549852529
1.3 -0.001053858482899
1.31 -0.001035333730713
1.32 -0.001374300510455
1.33 -0.001496204813207
1.34 -0.000894507643044
1.35 2.930575734e-06
1.36 0.000503976601564
1.37 0.00035026967439
1.38 -0.000112406763781
1.39 -0.000575102297246
1.4 -0.001032950389509
1.41 -0.001271070067244
1.42 -0.001261818924712
1.43 -0.00130409295263
1.44 -0.000956913054078
1.45 -9.0216795811e-05
1.46 0.000256355671264
1.47 -5.4491508338e-05
1.48 -0.000169242951777
1.49 0.000114580781637
1.5 0.000396019333631
1.51 0.000216575797033
1.52 -0.000121653541931
1.53 0.000286084974437
1.54 0.00120589792427
1.55 0.001947834345324
1.56 0.002286409597706
1.57 0.001910419852738
1.58 0.00085239234233
1.59 -0.000160878985211
1.6 -0.000325135402021
1.61 3.9017053188e-05
1.62 -0.000156194885545
1.63 -0.000377124545884
1.64 0.000326721777963
1.65 0.001356119800492
1.66 0.002068951707523
1.67 0.002202349138675
1.68 0.00121264215378
1.69 -9.677175455e-05
1.7 -0.000748658959196
1.71 -0.001337420771232
1.72 -0.002319699025129
1.73 -0.002768804478833
1.74 -0.002198167880049
1.75 -0.001157925905088
1.76 -0.000342373272792
1.77 0.00014056790867
1.78 -0.000292754539918
1.79 -0.001179387138085
1.8 -0.00175865349756
1.81 -0.002186557826973
1.82 -0.002500330904467
1.83 -0.001943539100777
1.84 -0.000891895076148
1.85 -0.000129508411046
1.86 0.000522024650761
1.87 0.001201468234553
1.88 0.001532451165561
1.89 0.001210241286894
1.9 0.000332923187238
1.91 -0.000598685246002
1.92 -0.001049364693991
1.93 -0.000975130243123
1.94 -0.00027781610364
1.95 0.00134584965514
1.96 0.002680074424288
1.97 0.002746944528201
1.98 0.002368753673711
1.99 0.002241252164361
2.0 0.001973154137368
2.01 0.001662591748606
2.02 0.00121139207513
2.03 -0.000122419772987
2.04 -0.001095736058651
2.05 -7.5358638376e-05
2.06 0.000850438047592
2.07 -0.000217473406049
2.08 -0.001122262505316
2.09 -0.000282158250273
2.1 0.000512624413729
2.11 0.000298974230432
2.12 -0.00024900169923
2.13 -0.001307138601149
2.14 -0.00237098799059
2.15 -0.001883639635856
2.16 -0.000822032480892
2.17 -0.001125344387992
2.18 -0.001653377899455
2.19 -0.001126809493043
2.2 -0.000623178972907
2.21 -0.000729468551641
2.22 -0.000993346965529
2.23 -0.001064186030406
2.24 -0.001231916492437
2.25 -0.001624406301002
2.26 -0.001810346247815
2.27 -0.0013308190553
2.28 1.7199944083e-05
2.29 0.001302445024008
2.3 0.00185245091227
2.31 0.00207240545704
2.32 0.002203654284375
2.33 0.002030732350454
2.34 0.001604510633605
2.35 0.000940605486309
2.36 0.000148872844662
2.37 -3.2055968833e-05
2.38 6.2585489177e-05
2.39 -0.00027075705183
2.4 -0.000374492943304
2.41 4.8133600878e-05
2.42 0.000779168271743
2.43 0.00162250685268
2.44 0.001950261143862
2.45 0.00132047178839
2.46 0.000529427010769
2.47 0.000329208129054
2.48 -6.2786580862e-05
2.49 -0.000480368390816
2.5 -7.8998134586e-05
2.51 0.000422790765958
2.52 -0.000152583885679
2.53 -0.001222261513215
2.54 -0.001651537077405
2.55 -0.001475632252033
2.56 -0.000880509332858
2.57 0.000262067902622
2.58 0.00122970844702
2.59 0.001558467420081
2.6 0.001767266898479
2.61 0.001311401841327
2.62 -0.000110079487224
2.63 -0.001263499287337
2.64 -0.001752864879251
2.65 -0.002486189724961
2.66 -0.003591289673856
2.67 -0.003975364681192
2.68 -0.003107612764513
2.69 -0.002151110175026
2.7 -0.001719782315859
2.71 -0.001584114316404
2.72 -0.001175011487283
2.73 -0.000863388065678
2.74 -0.000390302190708
2.75 0.000706580063235
2.76 0.001144487396376
2.77 0.001094366394984
2.78 0.002266953839671
2.79 0.003651583325226
2.8 0.003848724722727
2.81 0.003179243664166
2.82 0.002091744231742
2.83 -0.000416976603417
2.84 -0.003422778633894
2.85 -0.003131220924212
2.86 -0.001469433198842
2.87 -0.000731011018776
2.88 0.001243347848368
2.89 0.004304617741957
2.9 0.006032416597321
2.91 0.005311179903274
2.92 0.002244289889368
2.93 -0.002285854271557
2.94 -0.006436312206063
2.95 -0.008045279060971
2.96 -0.00751426331403
2.97 -0.006986388929784
2.98 -0.007186663230566
2.99 -0.006739039223442
3.0 -0.005085039429999
3.01 -0.004433013745096
3.02 -0.004086540791594
3.03 -0.005043419193986
3.04 -0.006634820842469
3.05 -0.007625380655358
3.06 -0.007257532347321
3.07 -0.003542686987735
3.08 0.000937586131582
3.09 0.003937127696025
3.1 0.006276249657264
3.11 0.007052319152845
3.12 0.003318747466289
3.13 -0.002524877005785
3.14 -0.007473009580563
3.15 -0.008442765398747
3.16 -0.004145432186236
3.17 0.002426221527468
3.18 0.007928803775949
3.19 0.00969738661454
3.2 0.007418303143215
3.21 0.005247773461643
3.22 0.002834431647929
3.23 -0.001574474007184
3.24 -0.005737897127273
3.25 -0.005598227449326
3.26 -0.00314500906745
3.27 -0.001282455122517
3.28 -0.000614321491359
3.29 -0.000256604487121
3.3 0.000280269641057
3.31 0.000946983766735
3.32 0.00106508750294
3.33 -0.000460063542799
3.34 -0.004377801261693
3.35 -0.00718446776733
3.36 -0.005897855675797
3.37 -0.00127708972103
3.38 0.004666803322952
3.39 0.008441162499751
3.4 0.008115068587118
3.41 0.004234248664302
3.42 -0.001214785207743
3.43 -0.00463742522703
3.44 -0.004646174515978
3.45 -0.00360082248522
3.46 -0.000774145363769
3.47 0.003595034990192
3.48 0.005755842483969
3.49 0.002855043052042
3.5 -0.003172170851978
3.51 -0.008211286919819
3.52 -0.010031734798963
3.53 -0.009165539585527
3.54 -0.007759680996599
3.55 -0.006187612165899
3.56 -0.004111099229262
3.57 0.000843136826416
3.58 0.008267920283036
3.59 0.011561227138685
3.6 0.01036295326964
3.61 0.007109084786692
3.62 0.002399587885845
3.63 -0.001515237079139
3.64 -0.002930341394357
3.65 -0.001722467321345
3.66 0.002428422731352
3.67 0.009367370918047
3.68 0.015184924763917
3.69 0.013715849112418
3.7 0.008206633837456
3.71 0.002862985309743
3.72 0.000518197989751
3.73 -0.001571924181624
3.74 -0.001692169478282
3.75 0.002958916218401
3.76 0.010854486695195
3.77 0.016595760873343
3.78 0.016474395850995
3.79 0.012482346458171
3.8 0.006385169560573
3.81 -0.002039510900989
3.82 -0.012008997138469
3.83 -0.019262288352346
3.84 -0.018590360252165
3.85 -0.014191683406397
3.86 -0.005178998884712
3.87 0.002880423297349
3.88 0.005661029210561
3.89 0.008024035243656
3.9 0.01366159259007
3.91 0.02055373996406
3.92 0.017768065509436
3.93 0.012040199358469
3.94 0.008090072562009
3.95 0.000782457064562
3.96 -0.008983905270461
3.97 -0.017504633620033
3.98 -0.017414576094752
3.99 -0.00981274992513
4.0 -0.000977510304145
4.01 0.007643606790786
4.02 0.009808655483797
4.03 0.007927006947435
4.04 0.007192305724655
4.05 0.007971010981393
4.06 0.005606530274666
4.07 0.000779693670924
4.08 -0.001824780988
4.09 -0.001761369839929
4.1 -0.004554824851168
4.11 -0.008575348635182
4.12 -0.009509282128866
4.13 -0.006640398948856
4.14 -0.004325989760128
4.15 -0.002500095996101
4.16 -0.000265829805224
4.17 0.001363646987888
4.18 0.007239766789351
4.19 0.016121658300387
4.2 0.022987226307952
4.21 0.024734076428139
4.22 0.02115525859077
4.23 0.017218531391621
4.24 0.004337420940887
4.25 -0.011790411429375
4.26 -0.021909898009147
4.27 -0.019334875233331
4.28 -0.014188842923993
4.29 -0.002284302947505
4.3 0.00594553836393
4.31 0.00917693570269
4.32 0.008661010914611
4.33 0.005371057570865
4.34 0.001114382961958
4.35 -0.003563051931516
4.36 -0.003012357827745
4.37 0.00205228192249
4.38 0.006423432146578
4.39 0.00627292818882
4.4 0.009474933914726
4.41 0.015333814293225
4.42 0.018083575619561
4.43 0.019761054388369
4.44 0.018016562340631
4.45 0.009046445569396
4.46 -0.013095236879689
4.47 -0.019839497920413
4.48 -0.020339847602108
4.49 -0.023105234569667
4.5 -0.016692948659807
4.51 -0.006133840625497
4.52 0.011337203312902
4.53 0.036893720812422
4.54 0.049619272905449
4.55 0.044144392177246
4.56 0.033605692935039
4.57 0.023966949765841
4.58 0.023916914431681
4.59 0.019828980090929
4.6 0.014294249496458
4.61 0.015238592284375
4.62 0.017741630368893
4.63 -0.003074553288676
4.64 -0.016194694252964
4.65 -0.009016065908505
4.66 -0.024119370886333
4.67 -0.020677829154449
4.68 -0.03502098340947
4.69 -0.033602531709257
4.7 -0.039091853351488
4.71 -0.036295760722142
4.72 -0.030514726695046
4.73 -0.027593985142255
4.74 -0.026335119278522
4.75 -0.01719047517351
4.76 0.002448419979819
4.77 0.017093268671851
4.78 0.016481159912094
4.79 0.029918133680505
4.8 0.032452133459607
4.81 0.044960694512474
4.82 0.05319411334851
4.83 0.062718105362557
4.84 0.070737696092176
4.85 0.073187017294546
4.86 0.078669215284677
4.87 0.085594625085892
4.88 0.086831157820495
4.89 0.074792946941317
4.9 0.084522116878707
4.91 0.102551401996131
4.92 0.119798994351554
4.93 0.127683193395804
4.94 0.129786693333504
4.95 0.107439252441784
4.96 0.074928483778994
4.97 0.039234291895649
4.98 0.028633375188678
4.99 0.014956533619603
5.0 0.009018577575986
5.01 0.019097545161018
5.02 0.026323617248259
5.03 0.019738512273216
5.04 0.010233376589828
5.05 -0.005203138887048
5.06 -0.021915779396638
5.07 -0.029771583808686
5.08 -0.028084548615838
5.09 -0.023244617421299
5.1 -0.022337139671468
5.11 -0.022073983318202
5.12 -0.033087957048568
5.13 -0.04418617842611
5.14 -0.057213706125396
5.15 -0.08219118638598
5.16 -0.10372901961575
5.17 -0.121819444122935
5.18 -0.133212163568054
5.19 -0.140355969166285
5.2 -0.14194105638562
5.21 -0.137751925134779
5.22 -0.133239659162929
5.23 -0.114139864849218
5.24 -0.105149757170759
5.25 -0.108259410422048
5.26 -0.110168304491565
5.27 -0.112781624902807
5.28 -0.119327544967603
5.29 -0.139822957277709
5.3 -0.167658501643263
5.31 -0.061655316521049
5.32 -0.072834898201196
5.33 -0.051823225336892
5.34 -0.027866779681538
5.35 -0.022515060574768
5.36 0.002852294032296
5.37 -0.001184909439184
5.38 0.009342067220908
5.39 0.01815136197422
5.4 0.016977644172939
5.41 0.039558066149897
5.42 0.066999513662925
5.43 0.086385518336549
5.44 0.078747493572194
5.45 0.056437796915511
5.46 0.04688018912635
5.47 0.025386314161141
5.48 0.033722576162098
5.49 0.041173413248996
5.5 0.040370487040335
5.51 0.039493759336495
5.52 0.054520067633364
5.53 0.069649786974846
5.54 0.085852306090932
5.55 0.087096847066811
5.56 0.075534637782678
5.57 0.048350003591194
5.58 0.032180825623829
5.59 -0.006026994886557
5.6 -0.053239003628712
5.61 -0.062208578428619
5.62 -0.072166220385705
5.63 -0.052968531061689
5.64 -0.058090954103267
5.65 -0.026712691289471
5.66 -0.027341255239727
5.67 -0.021978594019542
5.68 -0.030918056759342
5.69 -0.049137599291058
5.7 -0.068529742359987
5.71 -0.099031338761122
5.72 -0.10599669253326
5.73 -0.109219645439867
5.74 -0.115489472039787
5.75 -0.124655782312382
5.76 -0.136045893134201
5.77 -0.146317856084912
5.78 -0.144634520018517
5.79 -0.138049872704492
5.8 -0.142163783540828
5.81 -0.135269918775824
5.82 -0.121938336371883
5.83 -0.081410386124832
5.84 -0.102389300837586
5.85 -0.107379528525399
5.86 -0.11857743738437
5.87 -0.118457275596607
5.88 -0.114314378853191
5.89 -0.074601514325516
5.9 -0.056631047163414
5.91 -0.050066229662737
5.92 -0.033170194889145
5.93 -0.018224996180937
5.94 -0.028123014254577
5.95 -0.065636859703866
5.96 -0.130434131606551
5.97 -0.12839693250991
5.98 -0.124921539736063
5.99 -0.094392254740867
6.0 -0.05236732183112
6.01 0.00785663948143
6.02 0.027935185350529
6.03 0.04458661664729
6.04 0.060141339042263
6.05 0.071277619611597
6.06 0.045043628387199
6.07 0.040937499807499
6.08 0.108663804736631
6.09 0.107257766824958
6.1 0.134162403025308
6.11 0.15855502844466
6.12 0.189025037098598
6.13 0.222740634740228
6.14 0.233445759605404
6.15 0.237544894729226
6.16 0.244496551582469
6.17 0.242439191642694
6.18 0.241646248169582
6.19 0.248658736505674
6.2 0.260133848821775
6.21 0.272784000276714
6.22 0.286128436883727
6.23 0.24507709270213
6.24 -0.000722656517893
6.25 0.121936575836142
6.26 0.074216791733137
6.27 0.094125778976575
6.28 0.121886341312502
6.29 0.083234662730926
6.3 0.115246318445478
6.31 0.115158089509605
6.32 0.087342527517216
6.33 0.098265048393159
6.34 0.069517956431351
6.35 0.006820966064546
6.36 -0.025168245949046
6.37 -0.019149536761945
6.38 0.038160374782507
6.39 0.005696529791051
6.4 0.004206075188272
6.41 0.007899711869643
6.42 -0.007623734156318
6.43 -0.006996378527263
6.44 -0.004699515939699
6.45 -0.016490063880281
6.46 -0.028772642285608
6.47 -0.029519103158416
6.48 -0.004232451916869
6.49 0.009548502877379
6.5 -0.006571206479708
6.51 -0.029777948138507
6.52 -0.039627661613512
6.53 -0.052727099836635
6.54 -0.044668210855556
6.55 -0.052566009031212
6.56 -0.026434803967148
6.57 -0.020321370677956
6.58 -0.078700484443977
6.59 -0.182802319943546
6.6 -0.197084782379923
6.61 -0.142711689411961
6.62 -0.125696305240708
6.63 0.007572589657718
6.64 0.035490096732382
6.65 0.008161234133271
6.66 0.066306027866892
6.67 0.020708870096716
6.68 0.064543794417149
6.69 0.012376019227028
6.7 -0.014879210024914
6.71 -0.099658045871864
6.72 -0.152165422698196
6.73 -0.151932266763152
6.74 -0.107560158777639
6.75 0.035965520060071
6.76 -0.00259024945826
6.77 0.045800266591604
6.78 0.091533872992092
6.79 0.100926839257738
6.8 0.115039487493847
6.81 0.105443526468381
6.82 0.074013469076177
6.83 0.043001693728981
6.84 0.040894448307038
6.85 0.10447675461048
6.86 0.076577364412859
6.87 0.132622863325699
6.88 0.144366176216805
6.89 0.165687801365754
6.9 0.204824780854924
6.91 0.195862134409395
6.92 0.202910203312338
6.93 0.206564542946777
6.94 0.18924752848431
6.95 0.176120805873099
6.96 0.160619335373293
6.97 0.16287988090605
6.98 0.170469809351082
6.99 0.113793469526825
7.0 0.167353567153794
7.01 0.1531506877706
7.02 0.189256238511607
7.03 0.182752252347135
7.04 0.195464562195399
7.05 0.180782275577421
7.06 0.169182481301092
7.07 0.145291252033814
7.08 0.135723032895899
7.09 0.101793671674771
7.1 0.0541983152352
7.11 0.056126976045885
7.12 -0.033454903715288
7.13 -0.071199171390681
7.14 -0.100444906425461
7.15 -0.118409926279516
7.16 -0.163916593434199
7.17 -0.20935667480462
7.18 -0.242702209769292
7.19 -0.277204378569597
7.2 -0.281305999190318
7.21 -0.303996139981749
7.22 -0.355231738546684
7.23 -0.405574241943944
7.24 -0.428399588469537
7.25 -0.438096368382314
7.26 -0.436030231518403
7.27 -0.426186322919639
7.28 -0.417122346597856
7.29 -0.415762753275896
7.3 -0.42200777363285
7.31 -0.423603483800984
7.32 -0.404544664951976
7.33 -0.085755710876979
7.34 -0.155805376995956
7.35 -0.196436285903472
7.36 -0.147829542755535
7.37 -0.227078994666337
7.38 -0.232610344127875
7.39 -0.215602480827978
7.4 -0.210382246937667
7.41 -0.187584629312796
7.42 -0.160430702330926
7.43 -0.125659682962245
7.44 -0.070915973115572
7.45 0.00269251202906
7.46 0.090578729600798
7.47 0.16139796375607
7.48 0.177338751440444
7.49 0.160469510906229
7.5 0.165101129136225
7.51 0.19082147651531
7.52 0.199291386999905
7.53 0.192469326041145
7.54 0.203053573486971
7.55 0.231424449464987
7.56 0.252920091932096
7.57 0.264568778414161
7.58 0.279379036478256
7.59 0.29575580331894
7.6 0.304157569636163
7.61 0.307211219078309
7.62 0.3122583913076
7.63 0.321653335069188
7.64 0.292642412618495
7.65 0.264197641038811
7.66 0.198322885255747
7.67 0.107951968282398
7.68 0.089779120742369
7.69 0.098451137966023
7.7 0.06354511134994
7.71 0.045289297848737
7.72 0.029921725828466
7.73 0.002242883654767
7.74 -0.020962335415473
7.75 -0.045307267244194
7.76 -0.069213794297511
7.77 -0.086160721649535
7.78 -0.102923064989262
7.79 -0.120040061548639
7.8 -0.126490970796228
7.81 -0.117140188937658
7.82 -0.099737976510895
7.83 -0.088401648679611
7.84 -0.092582578609803
7.85 -0.125887549563715
7.86 -0.154816063582686
7.87 -0.186300529605228
7.88 -0.218756376505138
7.89 -0.211876660199715
7.9 -0.214808936285583
7.91 -0.183636303307639
7.92 -0.165984502827201
7.93 -0.113318322433107
7.94 -0.072190798377725
7.95 -0.055003691306323
7.96 -0.084494473243493
7.97 -0.13462564802729
7.98 -0.211055747641998
7.99 -0.22742677536278
8.0 -0.256971841981239
8.01 -0.249817427778315
8.02 -0.237672867424234
8.03 -0.236683465636543
8.04 -0.204717708199503
8.05 -0.118332270134772
8.06 -0.151052660461335
8.07 -0.243082939198624
8.08 -0.320086374403836
8.09 -0.348455847587979
8.1 -0.343500033310797
8.11 -0.327319689304168
8.12 -0.308809567084827
8.13 -0.056426316220166
8.14 -0.107526581692501
8.15 -0.05341496265759
8.16 -0.037386986600784
8.17 -0.02282685515492
8.18 0.026614289638334
8.19 -0.007746360810421
8.2 0.011849949040729
8.21 0.062847863438084
8.22 0.061062093259898
8.23 0.076603409680231
8.24 0.134041115276135
8.25 0.213544304219311
8.26 0.303610861510913
8.27 0.34674715340077
8.28 0.326940174704246
8.29 0.325564397311913
8.3 0.360653133680697
8.31 0.362941409604105
8.32 0.348145932481753
8.33 0.362281304019525
8.34 0.389345561580059
8.35 0.397537759116247
8.36 0.406526568164242
8.37 0.433938025236336
8.38 0.453016438481426
8.39 0.45776378019465
8.4 0.470775080354252
8.41 0.493613880117845
8.42 0.503254196008521
8.43 0.498166521101712
8.44 0.50219026616076
8.45 0.403537294479134
8.46 0.225895161908068
8.47 0.180953091402386
8.48 0.224488877886377
8.49 0.171019629375605
8.5 0.116967577633531
8.51 0.105637115135075
8.52 0.085500809180451
8.53 0.050277326307926
8.54 0.010849553688036
8.55 -0.016284452077178
8.56 -0.043120222235353
8.57 -0.089752960275088
8.58 -0.142045241629709
8.59 -0.183337065812532
8.6 -0.215384791523689
8.61 -0.237757527157778
8.62 -0.253478117073749
8.63 -0.277551214868905
8.64 -0.315062295103394
8.65 -0.353447546219515
8.66 -0.381912338391416
8.67 -0.401141807426254
8.68 -0.416520118491497
8.69 -0.430884403655348
8.7 -0.441079575857486
8.71 -0.4414299744416
8.72 -0.431977004004103
8.73 -0.420759298812451
8.74 -0.412321743347446
8.75 -0.403874875968431
8.76 -0.372897004451861
8.77 -0.314566916024687
8.78 -0.261523381216947
8.79 -0.194731970314412
8.8 -0.171294955533266
8.81 -0.172425637998514
8.82 -0.161717600545547
8.83 -0.133956518888064
8.84 -0.104208490687089
8.85 -0.080634828864652
8.86 -0.053307123464339
8.87 -0.018685597160582
8.88 0.013880492148433
8.89 0.039770014458686
8.9 0.062870629663429
8.91 0.085600788732913
8.92 0.105602141914952
8.93 0.119969798442731
8.94 0.128245087235961
8.95 0.132137616202983
8.96 0.134948610113126
8.97 0.141521775640083
8.98 0.156348623662555
8.99 0.180089794133079
9.0 0.232088920685015
9.01 0.271518604236089
9.02 0.290511756444605
9.03 0.299753066719945
9.04 0.30064675361237
9.05 0.2926514840602
9.06 0.301506206093052
9.07 0.271473331200893
9.08 0.251541099533447
9.09 0.253632400299091
9.1 0.233450869020668
9.11 0.21504649012023
9.12 0.23596944826176
9.13 0.249955408962115
9.14 0.268028672075783
9.15 0.270407673659048
9.16 0.253364660116798
9.17 0.247919303027337
9.18 0.156976713565974
9.19 0.082727090387266
9.2 0.089942032789546
9.21 0.074887556798368
9.22 0.004755019131079
9.23 -0.003682024281009
9.24 -0.008307798223255
9.25 -0.037940409031059
9.26 -0.054956066741226
9.27 -0.078469584368954
9.28 -0.11556478166249
9.29 -0.152204726075743
9.3 -0.193508891531957
9.31 -0.23319811883792
9.32 -0.244020852458142
9.33 -0.226979206617054
9.34 -0.214676760259688
9.35 -0.216690830162821
9.36 -0.213701995864832
9.37 -0.19768657834169
9.38 -0.179060704248627
9.39 -0.158959844758433
9.4 -0.206994504726965
9.41 -0.237920646142625
9.42 -0.293667550491325
9.43 -0.316781880161925
9.44 -0.363081629662555
9.45 -0.383081374132441
9.46 -0.402671088416559
9.47 -0.379764552652544
9.48 -0.368196484121522
9.49 -0.307389346261538
9.5 -0.263908031707183
9.51 -0.261858708655968
9.52 -0.356843399949865
9.53 -0.303532276151464
9.54 -0.173680912250305
9.55 -0.101934332801986
9.56 -0.091620753084797
9.57 -0.119950316537679
9.58 -0.106723031265448
9.59 -0.078513400217996
9.6 -0.045544093787258
9.61 -0.001556667242268
9.62 0.039457467616293
9.63 0.068448654705839
9.64 0.090453009166069
9.65 0.128104150588914
9.66 0.195822541912074
9.67 0.283280739304163
9.68 0.34803243800655
9.69 0.362802264595467
9.7 0.353857006810294
9.71 0.369357433447538
9.72 0.387335133976924
9.73 0.385856404862572
9.74 0.37782079956296
9.75 0.379590551522057
9.76 0.379723154705595
9.77 0.369411078229628
9.78 0.36090610858675
9.79 0.356378790523501
9.8 0.319894800966538
9.81 0.206633590361677
9.82 0.219136768037544
9.83 0.261475278319971
9.84 0.247837368132168
9.85 0.238421532284005
9.86 0.233690667598176
9.87 0.217069205061196
9.88 0.21287303560296
9.89 0.208623340797111
9.9 0.186698338658674
9.91 0.155620393851228
9.92 0.113951796733686
9.93 0.05902533455701
9.94 0.009392988900909
9.95 -0.023069529269923
9.96 -0.051651253035517
9.97 -0.088416507856404
9.98 -0.12776612616532
9.99 -0.160884103222004
10.0 -0.186244163035704
10.01 -0.2061154562497
10.02 -0.221875523995621
10.03 -0.230388154945879
10.04 -0.226049082405691
10.05 -0.209942471606681
10.06 -0.189398111130508
10.07 -0.16690139084631
10.08 -0.141047129833058
10.09 -0.116699374478432
10.1 -0.092287434191328
10.11 -0.076399600161667
10.12 -0.126897397231509
10.13 -0.151212680375766
10.14 -0.173936081800788
10.15 -0.195519874565661
10.16 -0.222441541447282
10.17 -0.227932263317612
10.18 -0.221666876555748
10.19 -0.151686889918254
10.2 -0.021972286418036
10.21 0.068472904148015
10.22 0.083116845048811
10.23 0.075148799693806
10.24 0.113758800174615
10.25 0.129215668562962
10.26 0.123871587862867
10.27 0.143778921533688
10.28 0.149366371076073
10.29 0.153512191819597
10.3 0.167505823547797
10.31 0.181492572338761
10.32 0.196827012902677
10.33 0.19368469127215
10.34 0.12991136196882
10.35 -0.183686497322587
10.36 0.009947576450702
10.37 -0.122857644752491
10.38 -0.011857579657922
10.39 -0.012236267825665
10.4 -0.046384460148146
10.41 0.023710146657721
10.42 0.024164679451045
10.43 0.036094156343132
10.44 0.089602594688302
10.45 0.10978152201602
10.46 0.114949017353573
10.47 0.074403371827783
10.48 -0.008525591518312
10.49 0.065020213985484
10.5 0.022872230926532
10.51 0.036953276045621
10.52 0.015312212097106
10.53 -0.019889253282558
10.54 -0.015695559257424
10.55 0.008377600008155
10.56 0.008429205333971
10.57 -0.013175952448484
10.58 -0.010157415433195
10.59 -0.00110672121277
10.6 -0.041790650589333
10.61 -0.048544029750136
10.62 -0.040185419143825
10.63 -0.052663470464687
10.64 -0.06291184981094
10.65 -0.075403628268562
10.66 -0.078176776202697
10.67 -0.053191723687607
10.68 -0.053819879089363
10.69 -0.099667525973518
10.7 -0.227281104458894
10.71 -0.233705800312552
10.72 -0.171880661084816
10.73 -0.170935774566629
10.74 -0.106450184890352
10.75 9.4922788969e-05
10.76 -0.036153820042493
10.77 -0.04754090491143
10.78 -0.064954724472475
10.79 -0.076312817101091
10.8 -0.124056321000296
10.81 -0.14358510894935
10.82 -0.175925587948946
10.83 -0.191084346691147
10.84 -0.231269838543417
10.85 -0.206270082515959
10.86 -0.087808843287129
10.87 -0.16202963607366
10.88 -0.131659322849167
10.89 -0.136942514805092
10.9 -0.154596727256606
10.91 -0.154390354933106
10.92 -0.16773826228
10.93 -0.14436044567812
10.94 -0.13557398609504
10.95 -0.121817230137835
10.96 -0.034544309645887
10.97 -0.048428462139829
10.98 -0.035127980747793
10.99 -0.035901909034042
11.0 -0.027857388734518
11.01 0.00094921396793
11.02 -0.00925863759186
11.03 0.009113623878207
11.04 0.032675657592538
11.05 0.046723965653747
11.06 0.083911790168037
11.07 0.12190315451725
11.08 0.152170439396121
11.09 0.180575335027143
11.1 0.190353471224025
11.11 0.193685145419158
11.12 0.209251656047254
11.13 0.223746920443238
11.14 0.234901421313971
11.15 0.251847784242832
11.16 0.267765910021303
11.17 0.279884416159473
11.18 0.296189838113141
11.19 0.316053763318916
11.2 0.327615219221287
11.21 0.333172993110018
11.22 0.341904206146594
11.23 0.345474164064537
11.24 0.340781522196101
11.25 0.336216128742589
11.26 0.325844515229117
11.27 0.305461730229278
11.28 0.287482884600656
11.29 0.281572859058349
11.3 0.295863755262873
11.31 0.259975436792246
11.32 0.194005782110396
11.33 0.148830074375862
11.34 0.137126263235272
11.35 0.141929235390289
11.36 0.113544845060201
11.37 0.079894951201293
11.38 0.054429812876917
11.39 0.021694420602385
11.4 -0.018229668538736
11.41 -0.048964133269001
11.42 -0.075472356034726
11.43 -0.117778535671459
11.44 -0.171301766844693
11.45 -0.215941120794011
11.46 -0.246108985812748
11.47 -0.266788055517856
11.48 -0.277546995951954
11.49 -0.262833202901344
11.5 -0.267850279304585
11.51 -0.269921337022779
11.52 -0.264466379981227
11.53 -0.253496237080806
11.54 -0.24777861885903
11.55 -0.254869489828257
11.56 -0.271036154418271
11.57 -0.285957615168535
11.58 -0.313444272089332
11.59 -0.287463265011897
11.6 -0.262180843807444
11.61 -0.251806342503712
11.62 -0.235034428109277
11.63 -0.211051989438338
11.64 -0.183232735676167
11.65 -0.15692392277078
11.66 -0.140774498269028
11.67 -0.132928848570065
11.68 -0.127669290381659
11.69 -0.12070811474086
11.7 -0.106515561991228
11.71 -0.083464726222952
11.72 -0.053492499224168
11.73 -0.019516364316517
11.74 0.012770038067854
11.75 0.040728534889413
11.76 0.065350031458276
11.77 0.08641126911939
11.78 0.106124442232603
11.79 0.127896218460464
11.8 0.150338079285827
11.81 0.171597928247481
11.82 0.192510229004703
11.83 0.211660729936763
11.84 0.227038803108778
11.85 0.240854583365734
11.86 0.255365856736898
11.87 0.269174166129962
11.88 0.280763623942675
11.89 0.289678118715873
11.9 0.294852863213446
11.91 0.296874276546005
11.92 0.299216662179196
11.93 0.304124437344652
11.94 0.310412617783786
11.95 0.31621768218181
11.96 0.321720771726634
11.97 0.327628490466902
11.98 0.333567796820401
11.99 0.340096154266144
12.0 0.359315428784322
12.01 0.28497620583689
12.02 0.164841412815323
12.03 0.192210524550963
12.04 0.190458882464654
12.05 0.143378374822074
12.06 0.140676437372716
12.07 0.128918681462908
12.08 0.089776666725659
12.09 0.069985144913518
12.1 0.055025554831471
12.11 0.020259918840236
12.12 -0.016835625094545
12.13 -0.05732490720075
12.14 -0.111092885653388
12.15 -0.153288042337971
12.16 -0.165824118451853
12.17 -0.170155771480688
12.18 -0.186577708881467
12.19 -0.207630481185195
12.2 -0.220480188583304
12.21 -0.226372837631073
12.22 -0.235303510976678
12.23 -0.250642382838471
12.24 -0.264524745784017
12.25 -0.271808870336354
12.26 -0.278661361849393
12.27 -0.289663826523051
12.28 -0.299458023749562
12.29 -0.30393972296219
12.3 -0.305975060900784
12.31 -0.306682220875632
12.32 -0.301769108301066
12.33 -0.299651796082094
12.34 -0.307473021424317
12.35 -0.30959628319365
12.36 -0.3102992255487
12.37 -0.309432754617117
12.38 -0.295525701455137
12.39 -0.284938404664002
12.4 -0.270825375818216
12.41 -0.254122817967393
12.42 -0.219496152293773
12.43 -0.192465737981582
12.44 -0.161833917621592
12.45 -0.14901342983968
12.46 -0.150012032983252
12.47 -0.140861221735567
12.48 -0.129669546281538
12.49 -0.108545242208575
12.5 -0.086900208031432
12.51 -0.070606717588442
12.52 -0.054496181176006
12.53 -0.037428223240699
12.54 -0.014314493070166
12.55 0.010003183349053
12.56 0.028801126312747
12.57 0.045509433447956
12.58 0.061812378336406
12.59 0.075140180001836
12.6 0.0871822599542
12.61 0.10452577822563
12.62 0.128930408826976
12.63 0.154968223838359
12.64 0.179217655083781
12.65 0.200994943894048
12.66 0.218525208412581
12.67 0.232029323508581
12.68 0.242762610860122
12.69 0.249759797126894
12.7 0.253346314333001
12.71 0.25609733851026
12.72 0.259068239902436
12.73 0.260204730202169
12.74 0.258127378176884
12.75 0.251828878417222
12.76 0.24224669326891
12.77 0.232663086779735
12.78 0.212943025653625
12.79 0.134477408620708
12.8 0.087830270457538
12.81 0.110692413580626
12.82 0.109404521066397
12.83 0.084192132050726
12.84 0.082996538278847
12.85 0.082652410722279
12.86 0.068909108513208
12.87 0.057834081332108
12.88 0.043665554457208
12.89 0.018350766161132
12.9 -0.009726505678654
12.91 -0.036611450729546
12.92 -0.059988311821807
12.93 -0.070374737009002
12.94 -0.067066903102061
12.95 -0.063784912031123
12.96 -0.071347482862689
12.97 -0.087544718093472
12.98 -0.109151285327887
12.99 -0.124754909058586
13.0 -0.144879830414751
13.01 -0.146855269170507
13.02 -0.152795025559055
13.03 -0.149080153243594
13.04 -0.147673263456936
13.05 -0.127019006419502
13.06 -0.114454927871513
13.07 -0.114650531721797
13.08 -0.110609107362071
13.09 -0.118504781775776
13.1 -0.128849795501898
13.11 -0.139504948057689
13.12 -0.155776191519893
13.13 -0.154321795319656
13.14 -0.171178781701258
13.15 -0.171630460462234
13.16 -0.15787650800851
13.17 -0.005297319582319
13.18 -0.081127652820743
13.19 -0.009638938865803
13.2 -0.049065834771776
13.21 -0.016125935894056
13.22 -0.036117887341223
13.23 -0.032614217229207
13.24 -0.03031711444166
13.25 -0.039593767840824
13.26 -0.042303542221561
13.27 -0.040294112734851
13.28 -0.011318383487601
13.29 0.017820187425356
13.3 -0.004241763789206
13.31 -0.000767676214069
13.32 0.014382212281939
13.33 0.027147086675608
13.34 0.041578020262527
13.35 0.045484085227884
13.36 0.060281738329873
13.37 0.048657425720413
13.38 0.051948971456362
13.39 0.032565325234517
13.4 0.027712243210483
13.41 0.02647260043399
13.42 0.0161721996274
13.43 0.041223687669759
13.44 0.053725241794125
13.45 0.054733117724838
13.46 0.079400063727982
13.47 0.088657977977308
13.48 0.0991198592757
13.49 0.107691800948339
13.5 0.109604180238827
13.51 0.108372524041285
13.52 0.093900402790285
13.53 0.041751068352313
13.54 -0.062387901560276
13.55 0.014875957767839
13.56 -0.041540752108764
13.57 -0.00323528349344
13.58 -0.016368973887717
13.59 -0.005702647189135
13.6 0.004732511970831
13.61 -0.007494106913416
13.62 -0.000418434755911
13.63 -0.020197437995813
13.64 -0.0492567117884
13.65 -0.092203167553812
13.66 -0.117917541867239
13.67 -0.100217296905577
13.68 -0.106105957229622
13.69 -0.127827725967498
13.7 -0.11725806353471
13.71 -0.121422197180066
13.72 -0.131673371424435
13.73 -0.11914896682473
13.74 -0.121449546945389
13.75 -0.106539516970542
13.76 -0.064572447577726
13.77 -0.068715361744203
13.78 -0.057641217370451
13.79 -0.058999130500994
13.8 -0.055843011164165
13.81 -0.052385136404905
13.82 -0.051123539539887
13.83 -0.044079425937043
13.84 -0.036916757662004
13.85 -0.017660333869006
13.86 0.015030014519852
13.87 0.039168331904777
13.88 0.04236190588984
13.89 0.043319629552281
13.9 0.058001189449672
13.91 0.069384996255322
13.92 0.072640994588701
13.93 0.080152722263248
13.94 0.087924096691639
13.95 0.093299025454577
13.96 0.10036328227564
13.97 0.10583482146123
13.98 0.111541328759378
13.99 0.116186034419271
14.0 0.115225587611276
14.01 0.10921859601589
14.02 0.10528473046166
14.03 0.10550412684119
14.04 0.10528163626153
14.05 0.10294231726437
14.06 0.104031068218882
14.07 0.101303342646751
14.08 0.09520635852317
14.09 0.088348819427049
14.1 0.083458740471471
14.11 0.078146810599389
14.12 0.070656988362462
14.13 0.060879463422217
14.14 0.048972705495282
14.15 0.039434526205011
14.16 0.033386041880333
14.17 0.027795656849041
14.18 0.0228116474651
14.19 0.02054137618397
14.2 0.018752320582282
14.21 0.017334225275884
14.22 0.015963203212819
14.23 0.013226918784659
14.24 0.011063070319846
14.25 0.009828150144344
14.26 0.005452412925631
14.27 0.003806023961229
14.28 0.002184733917554
14.29 -0.004460540344896
14.3 -0.01276254026463
14.31 -0.019841471375605
14.32 -0.022371433742717
14.33 -0.029503299463461
14.34 -0.055699233522118
14.35 -0.04791850705193
14.36 -0.059930326393893
14.37 -0.059346731358581
14.38 -0.063194647441468
14.39 -0.070025130327804
14.4 -0.071468268637209
14.41 -0.078852623016951
14.42 -0.078198081245681
14.43 -0.072024603208558
14.44 -0.066198213819219
14.45 -0.064643412907533
14.46 -0.074602946805219
14.47 -0.084774244196913
14.48 -0.0913716623708
14.49 -0.106449639788914
14.5 -0.117732539528428
14.51 -0.122487706044957
14.52 -0.133457260278738
14.53 -0.126889127025581
14.54 -0.122865245308564
14.55 -0.107106246553954
14.56 -0.089619440738186
14.57 -0.080424159219645
14.58 -0.091342552200489
14.59 -0.099338512696606
14.6 -0.111918718221613
14.61 -0.119982198745597
14.62 -0.130597553813842
14.63 -0.132359311819744
14.64 -0.127928269686585
14.65 -0.128060296834954
14.66 -0.128590991890318
14.67 -0.110195537597563
14.68 -0.026715452818361
14.69 -0.068199778122108
14.7 -0.034326632970329
14.71 -0.054648371531046
14.72 -0.042695212279617
14.73 -0.047073148834797
14.74 -0.038801883242777
14.75 -0.033433540683039
14.76 -0.026496138416572
14.77 -0.020189412269821
14.78 -0.002080606956922
14.79 0.028570222152089
14.8 0.048124338722393
14.81 0.044210680021147
14.82 0.060464179080912
14.83 0.080241679519376
14.84 0.080061981185342
14.85 0.098106470337035
14.86 0.106139868166554
14.87 0.107404357830953
14.88 0.119205046571148
14.89 0.115477282297976
14.9 0.115263288915568
14.91 0.117420921476392
14.92 0.113809210093232
14.93 0.117801250993473
14.94 0.118979926623322
14.95 0.118521037398891
14.96 0.121756740395305
14.97 0.118181471070732
14.98 0.12127268722776
14.99 0.122842030485769
15.0 0.12487742696487
15.01 0.12654999114523
15.02 0.122238579045484
15.03 0.113460234118555
15.04 0.102512356487889
15.05 0.086561701982214
15.06 0.070939244996343
15.07 0.058332253331359
15.08 0.048960874992283
15.09 0.047909727315194
15.1 0.049363652171313
15.11 0.048003256893883
15.12 0.043213915116269
15.13 0.033774289285539
15.14 0.017015152001977
15.15 0.002380286201828
15.16 -0.012765468316095
15.17 -0.027901189312205
15.18 -0.038563554537846
15.19 -0.048438263915502
15.2 -0.055434339207974
15.21 -0.059034019031936
15.22 -0.062648423174396
15.23 -0.066278842190971
15.24 -0.068872815067932
15.25 -0.069827779417646
15.26 -0.069376372767948
15.27 -0.066803993652326
15.28 -0.061424879021174
15.29 -0.053303197806644
15.3 -0.04978588408551
15.31 -0.05639822579386
15.32 -0.0654852379434
15.33 -0.071553847443732
15.34 -0.075397259737616
15.35 -0.073075346302636
15.36 -0.07040775215373
15.37 -0.060263337881391
15.38 -0.044096397195673
15.39 -0.025211067534408
15.4 -0.010334361558279
15.41 -0.00324442011077
15.42 -0.000950053025723
15.43 0.000532831095682
15.44 0.001163416578809
15.45 0.003218812192655
15.46 0.010947348826808
15.47 0.017190729439554
15.48 0.017602164440191
15.49 0.016571173842989
15.5 0.023146245596917
15.51 0.033086445751525
15.52 0.039662601415752
15.53 0.050644432629006
15.54 0.063722089137317
15.55 0.074250724477502
15.56 0.084785198834683
15.57 0.096717126800265
15.58 0.109666431166423
15.59 0.120122716669546
15.6 0.126498996186093
15.61 0.130648066405645
15.62 0.13635134519356
15.63 0.144552036203776
15.64 0.152792530380403
15.65 0.155121236278672
15.66 0.158237613873884
15.67 0.160955947433224
15.68 0.163013948342922
15.69 0.168188873900507
15.7 0.177975910881618
15.71 0.184293197486388
15.72 0.097382997353535
15.73 0.024995210186467
15.74 0.073522807397868
15.75 0.019762299163432
15.76 0.057146183524754
15.77 0.026070542492591
15.78 0.018336550342803
15.79 0.022482226192251
15.8 0.002104137911879
15.81 -0.000420451093978
15.82 -0.00815261731265
15.83 -0.040206319343588
15.84 -0.077851138219727
15.85 -0.095244311769809
15.86 -0.078157117420897
15.87 -0.065110006333995
15.88 -0.081622330602404
15.89 -0.085784437705853
15.9 -0.082444760287069
15.91 -0.1200085691725
15.92 -0.112219675642525
15.93 -0.136458199261338
15.94 -0.143014634134138
15.95 -0.143122077811672
15.96 -0.154701054454512
15.97 -0.139234197597411
15.98 -0.136378861903988
15.99 -0.117435147064294
16.0 -0.103882853775553
16.01 -0.124041418016866
16.02 -0.121446595669442
16.03 -0.065616758788313
16.04 -0.081114735589973
16.05 -0.060949883919348
16.06 -0.074521538837299
16.07 -0.064320256262127
16.08 -0.060304863030948
16.09 -0.049874655699641
16.1 -0.047628666623298
16.11 -0.034887148463395
16.12 -0.035887834591327
16.13 -0.026645159117982
16.14 -0.01386245305637
16.15 0.002317291371847
16.16 -4.3963531404e-05
16.17 0.00197603956862
16.18 0.016343724712767
16.19 0.023374606526914
16.2 0.03571507789231
16.21 0.044116992524341
16.22 0.045556340977547
16.23 0.050584514728753
16.24 0.049838141093661
16.25 0.048628346961826
16.26 0.051344966631808
16.27 0.058707514128426
16.28 0.070399305416904
16.29 0.083224106054942
16.3 0.09854051174101
16.31 0.111365598617096
16.32 0.120815184691548
16.33 0.128693100192213
16.34 0.136974694329121
16.35 0.143429305739418
16.36 0.144942647581754
16.37 0.147760750056269
16.38 0.15074039129737
16.39 0.14998699804698
16.4 0.147886354864645
16.41 0.143076419598954
16.42 0.136044574222648
16.43 0.131597325907453
16.44 0.123321245898521
16.45 0.079864255090503
16.46 0.071296564806678
16.47 0.083798701150814
16.48 0.065261783304444
16.49 0.073922055214848
16.5 0.060402004697266
16.51 0.050927934400638
16.52 0.042967019564485
16.53 0.02044054719741
16.54 0.005273929961718
16.55 -0.01160957409542
16.56 -0.031068903779647
16.57 -0.044788753615912
16.58 -0.050414024914183
16.59 -0.046242905785714
16.6 -0.04589800462517
16.61 -0.055345715737529
16.62 -0.061390082921765
16.63 -0.067854269638365
16.64 -0.081921375899237
16.65 -0.094441784179149
16.66 -0.106185061277073
16.67 -0.112560005226148
16.68 -0.115619221107166
16.69 -0.123813294432303
16.7 -0.126083010538835
16.71 -0.128586676971367
16.72 -0.137408542754529
16.73 -0.140421809606916
16.74 -0.147531042349728
16.75 -0.153367902735266
16.76 -0.153215839778746
16.77 -0.154615372041577
16.78 -0.150966336061918
16.79 -0.136899355502199
16.8 -0.052068961826914
16.81 -0.028002654547629
16.82 -0.042500675464539
16.83 -0.030660031101066
16.84 -0.047411447192869
16.85 -0.036504140716355
16.86 -0.050304487184092
16.87 -0.042382111871737
16.88 -0.051240206799892
16.89 -0.046353245481816
16.9 -0.039119622428907
16.91 -0.015724926609656
16.92 0.01988920715149
16.93 0.011241052878548
16.94 -0.023381174791979
16.95 0.007379210198044
16.96 0.012080813957042
16.97 0.038728367349008
16.98 0.040077979579274
16.99 0.051531788339767
17.0 0.052968390809473
17.01 0.062384748971239
17.02 0.055220514904204
17.03 0.054128057770865
17.04 0.034722090982973
17.05 0.03603937970408
17.06 0.025004673106239
17.07 0.058605447031469
17.08 0.083003795645369
17.09 0.073059018549002
17.1 0.083755084799233
17.11 0.096091397222551
17.12 0.097407510736504
17.13 0.118378099392048
17.14 0.131925661051276
17.15 0.132849131488303
17.16 0.128194212966858
17.17 0.100678181847936
17.18 0.003504909093646
17.19 0.033751511276952
17.2 0.013941413479019
17.21 0.034091635859268
17.22 0.017347894861202
17.23 0.030895897577364
17.24 0.028603689015955
17.25 0.03370776591943
17.26 0.036981294015806
17.27 0.027074439460607
17.28 0.015387221638873
17.29 -0.025489701473029
17.3 -0.060871038993516
17.31 -0.070175519434807
17.32 -0.069765349829131
17.33 -0.098752935916823
17.34 -0.116714552107533
17.35 -0.117377639436278
17.36 -0.138177164409135
17.37 -0.139042654670834
17.38 -0.135842322300196
17.39 -0.140032540721694
17.4 -0.127910198534968
17.41 -0.126062163045389
17.42 -0.128895617006126
17.43 -0.128400092441773
17.44 -0.135865055811859
17.45 -0.136783496236267
17.46 -0.140565593061528
17.47 -0.161322777941553
17.48 -0.157714024705573
17.49 -0.127305589208545
17.5 -0.051829860169576
17.51 -0.051572381920953
17.52 -0.039864070657136
17.53 -0.014857180224218
17.54 -0.014329033336261
17.55 0.002364568965287
17.56 0.018529350540317
17.57 0.025646683518688
17.58 0.03703271894813
17.59 0.048886916311138
17.6 0.066763851878102
17.61 0.091768725617172
17.62 0.110685163591573
17.63 0.114108493960359
17.64 0.108899391499487
17.65 0.109260608841012
17.66 0.11347375621336
17.67 0.110100388672397
17.68 0.101650879488225
17.69 0.100154023119381
17.7 0.089209412707182
17.71 0.087247086738204
17.72 0.088204010335612
17.73 0.089027607920519
17.74 0.093545583178313
17.75 0.097670268852649
17.76 0.10072978979227
17.77 0.101429389766407
17.78 0.100433089428584
17.79 0.089525949315609
17.8 0.082761285323059
17.81 0.062676477175135
17.82 0.041439310565849
17.83 0.011681012637648
17.84 -0.012047235721887
17.85 -0.019490884566625
17.86 -0.015454644805684
17.87 -0.033333447839266
17.88 -0.006405001009186
17.89 -0.018131447234241
17.9 -0.004329067234749
17.91 -0.005440474077727
17.92 -0.005208765377284
17.93 -0.002047067770441
17.94 -0.014383969626103
17.95 -0.000257169261638
17.96 0.043401286868111
17.97 0.041388980906781
17.98 0.034455850500421
17.99 0.016275079643415
18.0 0.008636097814091
18.01 0.005276080902506
18.02 -0.010964199270248
18.03 -0.017820112055315
18.04 -0.028492156924161
18.05 -0.031503508820041
18.06 -0.009611777759953
18.07 0.01156032207501
18.08 0.013782926395673
18.09 0.013117342031281
18.1 -0.010123107809406
18.11 -0.017743225236742
18.12 -0.023050230028567
18.13 -0.02944945095345
18.14 -0.016926258640115
18.15 0.005545049754812
18.16 0.006773706594635
18.17 0.038711570645623
18.18 0.045384240353846
18.19 0.053552110816385
18.2 0.053122841020454
18.21 0.047521527362676
18.22 0.048376140981118
18.23 0.050463452011747
18.24 0.056981074041081
18.25 0.056930098888182
18.26 0.064560163811716
18.27 0.05934441221696
18.28 0.016200319820919
18.29 0.010502425074783
18.3 0.00866883863704
18.31 -0.001367350212581
18.32 0.004842382941459
18.33 -0.002780670563065
18.34 -0.002595323754895
18.35 -0.003410031458546
18.36 -0.008717178249125
18.37 -0.013060615041926
18.38 -0.024136393697159
18.39 -0.03757522171358
18.4 -0.042562604018562
18.41 -0.031976333275362
18.42 -0.02191379695713
18.43 -0.029785309239257
18.44 -0.031995714290987
18.45 -0.040472783729534
18.46 -0.041513936441198
18.47 -0.037832496281337
18.48 -0.037982407711133
18.49 -0.048433524248631
18.5 -0.052894586430445
18.51 -0.045678345638594
18.52 -0.036538731534786
18.53 -0.035436401898409
18.54 -0.043640360098458
18.55 -0.037671515634452
18.56 -0.045631483128872
18.57 -0.045895889550164
18.58 -0.054503344987501
18.59 -0.064021949728765
18.6 -0.065970581850559
18.61 -0.056779220842128
18.62 -0.039384807558662
18.63 -0.035497988693958
18.64 -0.01057874697263
18.65 -0.020810274166614
18.66 -0.016597280144208
18.67 -0.021789666744874
18.68 -0.029659045887539
18.69 -0.03717494810481
18.7 -0.048563649885523
18.71 -0.048709517248192
18.72 -0.038763784313319
18.73 -0.023969718868221
18.74 -0.01827616186111
18.75 -0.005186158385539
18.76 -0.00582795581384
18.77 -0.003638847036526
18.78 0.009558852595444
18.79 0.006327488366389
18.8 0.003553751596774
18.81 -0.005350958981916
18.82 -0.007106202686245
18.83 -0.008602599059924
18.84 -0.006441853792445
18.85 -0.004085613819251
18.86 0.004411134979605
18.87 0.009677914904348
18.88 0.013856868841943
18.89 0.009903822056544
18.9 0.029454517717285
18.91 0.05536719964088
18.92 0.044312424785304
18.93 0.044392607765909
18.94 0.047641611550274
18.95 0.039142370023368
18.96 0.038293925929012
18.97 0.040038777147873
18.98 0.04167163517343
18.99 0.046224739645445
19.0 0.044477138036731
19.01 0.043734096732572
19.02 0.063716134841323
19.03 0.03878282447076
19.04 0.000152197447264
19.05 -0.014628671718553
19.06 -0.014525034694465
19.07 -0.029131137398932
19.08 -0.038580257547258
19.09 -0.038504040075465
19.1 -0.04801187052832
19.11 -0.05385849310649
19.12 -0.057031109365125
19.13 -0.067466691094068
19.14 -0.072235476390522
19.15 -0.085128735149181
19.16 -0.092303742335066
19.17 -0.094327521798379
19.18 -0.098940190211879
19.19 -0.10204649632829
19.2 -0.098781365706913
19.21 -0.095039563707314
19.22 -0.075419188027183
19.23 -0.037335268113579
19.24 -0.016980312650682
19.25 -0.021313403826049
19.26 -0.015527789592572
19.27 -0.019224463179299
19.28 -0.021791849508549
19.29 -0.019970965601716
19.3 -0.022563080577877
19.31 -0.016316518269568
19.32 -0.00205518998499
19.33 0.013156183055603
19.34 0.034454656380401
19.35 0.048569313940493
19.36 0.052332047728867
19.37 0.057684913814594
19.38 0.067130726726018
19.39 0.07362914864988
19.4 0.081992546405799
19.41 0.091077555647365
19.42 0.093505070733095
19.43 0.097353411643261
19.44 0.09822583971371
19.45 0.097200014056985
19.46 0.094802817236621
19.47 0.091759624276613
19.48 0.089613386709939
19.49 0.087017816326886
19.5 0.084367149571773
19.51 0.083421230915339
19.52 0.089186395960695
19.53 0.09517895579486
19.54 0.076575629021041
19.55 0.06514520592376
19.56 0.068386191370379
19.57 0.065734170013338
19.58 0.067572105734701
19.59 0.06044258055893
19.6 0.059000210709412
19.61 0.056139452600711
19.62 0.05905192698798
19.63 0.059564962108232
19.64 0.060627579777184
19.65 0.052960949485375
19.66 0.063372967333688
19.67 0.070940463783752
19.68 0.06735300883518
19.69 0.06049569818123
19.7 0.055017564609068
19.71 0.049068005651341
19.72 0.037547048857784
19.73 0.017735463121864
19.74 0.007561122880416
19.75 0.002697482324326
19.76 -0.002345382339886
19.77 -0.002700299843252
19.78 -0.001828324530811
19.79 -0.045167170453212
19.8 -0.055333336232281
19.81 -0.056780806031409
19.82 -0.079516631778006
19.83 -0.087248886086693
19.84 -0.10103640101835
19.85 -0.114623583642751
19.86 -0.109563021473192
19.87 -0.10634438101351
19.88 -0.101843439350111
19.89 -0.08827159483891
19.9 -0.066460894656473
19.91 -0.0317792483163
19.92 -0.071556282583707
19.93 -0.063398817785054
19.94 -0.082489814190829
19.95 -0.09006369948469
19.96 -0.093717955664106
19.97 -0.097547191082722
19.98 -0.094386623738958
19.99 -0.085031454566333
20.0 -0.069967376126086
20.01 -0.045735147011409
20.02 -0.025418060994205
20.03 -0.047129566371243
20.04 -0.047752177165629
20.05 -0.063741082819034
20.06 -0.059585944938397
20.07 -0.03961887934597
20.08 -0.021583800023175
20.09 -0.016533874221878
20.1 -0.000657879272039
20.11 -0.000783421945428
20.12 0.001378364721071
20.13 -0.003994628575595
20.14 -0.015202328409884
20.15 0.021361033906635
20.16 0.031461453918135
20.17 0.027384917820033
20.18 0.053018043108822
20.19 0.062307579492877
20.2 0.069663741430121
20.21 0.073010016027299
20.22 0.062031449734586
20.23 0.054862600442414
20.24 0.034693850132214
20.25 -0.006356353493692
20.26 0.003526336649154
20.27 0.01493654464336
20.28 0.026739260185428
20.29 0.027836406325932
20.3 0.035753141163097
20.31 0.046875447054395
20.32 0.05017214637646
20.33 0.049004868744371
20.34 0.042145932321359
20.35 0.017310095978855
20.36 -0.014774856230319
20.37 -0.015062988166537
20.38 -0.014389726278311
20.39 -0.023298855376934
20.4 -0.022950973828976
20.41 -0.024990696596014
20.42 -0.023908670049815
20.43 -0.016841778640723
20.44 -0.018964182065551
20.45 -0.020613119340369
20.46 -0.014829639487936
20.47 -0.033162479167213
20.48 -0.032602622868254
20.49 -0.03741876635547
20.5 -0.048276505078947
20.51 -0.055797619757174
20.52 -0.065678320722141
20.53 -0.071805323090243
20.54 -0.074316057978696
20.55 -0.077039231437571
20.56 -0.074038269590633
20.57 -0.065959626664282
20.58 -0.057900674867194
20.59 -0.048772151200633
20.6 -0.010680093331218
20.61 -0.024557635690492
20.62 -0.012833956976809
20.63 -0.024853916313962
20.64 -0.017815597807315
20.65 -0.025900624669493
20.66 -0.022860325569487
20.67 -0.024641210422651
20.68 -0.022592233184029
20.69 -0.012025133087273
20.7 0.006739643438632
20.71 0.026775235714687
20.72 0.027671219899884
20.73 0.029805930336547
20.74 0.039985450700422
20.75 0.040280187665558
20.76 0.040320823709079
20.77 0.040892644883707
20.78 0.036176955838069
20.79 0.032389703992466
20.8 0.029117470962675
20.81 0.031846781433511
20.82 0.031622107809018
20.83 0.033140306300633
20.84 0.034461075848591
20.85 0.035435927591709
20.86 0.037972146134841
20.87 0.041229452085198
20.88 0.039613244609138
20.89 0.037426477314521
20.9 0.040292097945659
20.91 0.041066809158276
20.92 0.036783523579832
20.93 0.034449414530992
20.94 0.032650362728651
20.95 0.019639939830552
20.96 0.004443908011798
20.97 0.01574470250526
20.98 0.001261786067733
20.99 -0.001087401969182
21.0 -0.008403835732287
21.01 -0.01089893808999
21.02 -0.015763293505395
21.03 -0.018204228564826
21.04 -0.023852532104815
21.05 -0.030305608111141
21.06 -0.04095861625126
21.07 -0.044125716588559
21.08 -0.041420412789819
21.09 -0.047511719730264
21.1 -0.053136692067982
21.11 -0.052114691107545
21.12 -0.056537239246764
21.13 -0.054102663215883
21.14 -0.052149081203476
21.15 -0.046988103075519
21.16 -0.044892780786108
21.17 -0.039767538197987
21.18 -0.035255248415352
21.19 -0.032775737426421
21.2 -0.029041449880465
21.21 -0.02462909074338
21.22 -0.019426019439137
21.23 -0.01654086630611
21.24 -0.014224356972065
21.25 -0.009281443912705
21.26 -0.001660403699536
21.27 0.006570580987257
21.28 0.013387211484211
21.29 0.020461712514879
21.3 0.027331430246163
21.31 0.033561068908863
21.32 0.041519615703398
21.33 0.048608858237153
21.34 0.053462986569224
21.35 0.057173840732822
21.36 0.062944792133008
21.37 0.069186391792895
21.38 0.073069890917115
21.39 0.074857083179447
21.4 0.074384113629561
21.41 0.072150886206731
21.42 0.07124137486053
21.43 0.080237856633876
21.44 0.083532865606325
21.45 0.066962559627055
21.46 0.021154023456589
21.47 0.014743310989856
21.48 0.033255417881987
21.49 0.008397951744999
21.5 0.018294071333797
21.51 0.010570311970619
21.52 0.006773983670247
21.53 0.011020469869196
21.54 0.009629217700666
21.55 0.013595849826329
21.56 0.006038996820858
21.57 -0.003809622193223
21.58 0.010013110187139
21.59 0.019422105173723
21.6 0.011719534235471
21.61 0.011192683186338
21.62 0.007745055582635
21.63 0.004288476772885
21.64 -0.001478908578632
21.65 -0.002038135871606
21.66 -0.00178947979672
21.67 0.001630228438987
21.68 0.017821128078186
21.69 0.020758687767903
21.7 0.018664406586598
21.71 0.01553006178459
21.72 0.01110687975757
21.73 0.005026904801919
21.74 0.003041756069213
21.75 0.015779817538685
21.76 0.027277797894223
21.77 0.022691715367664
21.78 0.015611909349731
21.79 0.019176629487024
21.8 0.012380750822414
21.81 0.002338031351037
21.82 -0.005981361320261
21.83 -0.015935393572668
21.84 -0.027731168644635
21.85 -0.02426749586841
21.86 -0.020544074269236
21.87 -0.016640396898097
21.88 -0.017622420261995
21.89 -0.006586472048701
21.9 -0.018997802553186
21.91 -0.011970540515778
21.92 -0.016014015963784
21.93 -0.01769472004499
21.94 -0.025754575498545
21.95 -0.035726704646658
21.96 -0.039355091843934
21.97 -0.039422667555171
21.98 -0.023852632499506
21.99 -0.016201557701112
22.0 -0.011481847402707
22.01 -0.013456974602087
22.02 -0.008078911685649
22.03 -0.008797196748748
22.04 -0.017094092444404
22.05 -0.020072526832699
22.06 -0.02001557855265
22.07 -0.013342791307007
22.08 -0.006215552728055
22.09 0.001576913618401
22.1 0.008497474477198
22.11 0.01488976835953
22.12 0.019064972292542
22.13 0.0187181584694
22.14 0.010484041388247
22.15 -0.00324634209251
22.16 -0.012826884236255
22.17 -0.016087565062723
22.18 -0.017512698380496
22.19 -0.02047890796289
22.2 -0.020795609678147
22.21 -0.017126816974609
22.22 -0.014045465252219
22.23 -0.014793262614007
22.24 -0.020121019333058
22.25 -0.027277572853674
22.26 -0.034580686598801
22.27 -0.035550535232101
22.28 -0.034539524319113
22.29 -0.036279386872038
22.3 -0.034303387467942
22.31 -0.036321149007663
22.32 -0.042246597798516
22.33 -0.042137168282141
22.34 -0.044722202969365
22.35 -0.048701084449773
22.36 -0.048719327379869
22.37 -0.048892841875954
22.38 -0.045266292524898
22.39 -0.033110401300209
22.4 -0.025160699271002
22.41 -0.022528646007734
22.42 -0.022302157163645
22.43 -0.017906283073816
22.44 -0.016287635183269
22.45 -0.016579359060704
22.46 -0.01789878571518
22.47 -0.022378983220246
22.48 -0.026143918362076
22.49 -0.028370242179482
22.5 -0.031694077692434
22.51 -0.032430939078263
22.52 -0.026645475140744
22.53 -0.023083576801034
22.54 -0.017981797062695
22.55 -0.012933594311909
22.56 -0.007725590996795
22.57 -0.004853539403574
22.58 -0.004678192889262
22.59 -0.006644504741586
22.6 -0.009363557511035
22.61 -0.005735132713599
22.62 -0.003799095614707
22.63 -0.00496116537415
22.64 0.004294008252159
22.65 0.007499601516681
22.66 0.010550575874914
22.67 0.01539534038471
22.68 0.017146977807179
22.69 0.019557764428832
22.7 0.019475551928745
22.71 0.022312452545139
22.72 0.023136520558074
22.73 0.025700319772604
22.74 0.028328862270473
22.75 0.034461950611103
22.76 0.036553067883292
22.77 0.037290452206148
22.78 0.039315718241434
22.79 0.038534220703041
22.8 0.03351668118391
22.81 0.032944581516188
22.82 0.033498482761499
22.83 0.023686579241155
22.84 0.016353242047783
22.85 0.009255194512365
22.86 0.00719280667581
22.87 0.003859996089317
22.88 0.005170578064615
22.89 0.002861136116807
22.9 0.002041609405372
22.91 0.002378549280941
22.92 0.005537715248164
22.93 0.005796647239781
22.94 0.002462755493254
22.95 -0.002048534944342
22.96 0.002083104945434
22.97 -0.000210773477923
22.98 -0.003595716800124
22.99 -0.00376245958157
23.0 -0.006365472852256
23.01 -0.005139077437804
23.02 -0.001089436168672
23.03 0.003152913729865
23.04 0.011236929376339
23.05 0.021274749031521
23.06 0.031915331995746
23.07 0.037052996258995
23.08 0.038474593238779
23.09 0.035876186332489
23.1 0.035741492218595
23.11 0.035316377179923
23.12 0.037076651651914
23.13 0.040341277891589
23.14 0.041385238324444
23.15 0.042614665024369
23.16 0.044013621061836
23.17 0.047839266326595
23.18 0.049027964657365
23.19 0.048211855509274
23.2 0.050080900141321
23.21 0.052813918910814
23.22 0.05251307038714
23.23 0.048735264884886
23.24 0.033660642358881
23.25 0.016285708120947
23.26 0.009250392273404
23.27 0.010837704718644
23.28 0.005716600480128
23.29 0.00402502883727
23.3 0.006391497779728
23.31 0.005065650074689
23.32 0.00532502002395
23.33 0.000154186120369
23.34 -0.008873454864817
23.35 -0.019192165970772
23.36 -0.029074883639883
23.37 -0.030665648395223
23.38 -0.029289538628613
23.39 -0.031471054343872
23.4 -0.032977287575948
23.41 -0.031589866802599
23.42 -0.02780535967872
23.43 -0.023538751000749
23.44 -0.018163840255976
23.45 -0.019599733826657
23.46 -0.020179949461678
23.47 -0.023123562701916
23.48 -0.026578646522559
23.49 -0.02920981286656
23.5 -0.033197392601649
23.51 -0.034766250937782
23.52 -0.033028094066275
23.53 -0.026428310771278
23.54 -0.019764950951258
23.55 -0.007702454108506
23.56 -0.004504452547197
23.57 -0.006826711258024
23.58 -0.004288197902744
23.59 -0.004960754580839
23.6 -0.005697055607899
23.61 -0.002272510388209
23.62 -0.001142339178612
23.63 0.002997136961552
23.64 0.006867093043323
23.65 0.013456959006014
23.66 0.017491192251669
23.67 0.016763157936886
23.68 0.017043235742078
23.69 0.019686700647708
23.7 0.016282488158067
23.71 0.011704432896028
23.72 0.013261385056124
23.73 0.015541613656737
23.74 0.018405017903934
23.75 0.022017083453296
23.76 0.023569565062633
23.77 0.024297218609291
23.78 0.023012121031407
23.79 0.017822422434655
23.8 0.008626927113502
23.81 -0.001740925581882
23.82 -0.010120411364756
23.83 -0.014358928631875
23.84 -0.015232113586023
23.85 -0.013454295703591
23.86 -0.008942767371881
23.87 -0.006673949142556
23.88 -0.003985823520221
23.89 -0.002903132477919
23.9 -0.003696727263378
23.91 -0.005864271280148
23.92 -0.009413311310008
23.93 -0.014687316334284
23.94 -0.021230828840232
23.95 -0.025654292711873
23.96 -0.027425037471888
23.97 -0.030649270730715
23.98 -0.029400439039884
23.99 -0.026419043881001
24.0 -0.022563610257203
24.01 -0.023523567352029
24.02 -0.019963834953836
24.03 -0.020808890473254
24.04 -0.020341035176102
24.05 -0.02333900170254
24.06 -0.0231392584396
24.07 -0.023073541220001
24.08 -0.016339600456288
24.09 -0.010604042509766
24.1 -0.005860839927284
24.11 -0.003352273592864
24.12 -0.003665067339915
24.13 -0.002332247180297
24.14 -0.00157972844887
24.15 -0.002084545353141
24.16 -0.00252645252542
24.17 -0.003120953213778
24.18 -0.002418889960448
24.19 -0.002337605824907
24.2 -0.002252953637823
24.21 -0.001087585774047
24.22 0.002277188607295
24.23 0.006171197768769
24.24 0.009270071929469
24.25 0.009789924962106
24.26 0.006582866663024
24.27 0.001182236560897
24.28 -0.006015766855328
24.29 -0.011349891090406
24.3 -0.015083861933234
24.31 -0.015630700798486
24.32 -0.013059933172176
24.33 -0.00988519897528
24.34 -0.009549015831891
24.35 -0.012796192473322
24.36 -0.01753597093471
24.37 -0.021094816844866
24.38 -0.024220790205034
24.39 -0.026113944666602
24.4 -0.025700243038598
24.41 -0.024345799045693
24.42 -0.02246124544326
24.43 -0.019152703184821
24.44 -0.010239533917486
24.45 -0.001952032642057
24.46 -0.002510924958635
24.47 -0.000397579868594
24.48 -0.00025781660599
24.49 -0.002108935821165
24.5 -0.004548758850854
24.51 -0.006550801196004
24.52 -0.007624201105886
24.53 -0.005716255985123
24.54 0.001027713282596
24.55 0.011519257163557
24.56 0.016180030023745
24.57 0.020027764152151
24.58 0.022627891458993
24.59 0.022042125999062
24.6 0.022185135242556
24.61 0.0207124378355
24.62 0.019311873701771
24.63 0.019861995141385
24.64 0.021323630209567
24.65 0.020591706687824
24.66 0.029176536790916
24.67 0.031560604509974
24.68 0.032378313499002
24.69 0.035830680371636
24.7 0.035982845556143
24.71 0.033051323504284
24.72 0.018466660816674
24.73 -0.011251579221428
24.74 -0.009142424185012
24.75 -0.014774160456207
24.76 -0.014616020148732
24.77 -0.01031001520974
24.78 -0.01009813156307
24.79 -0.009974321028084
24.8 -0.007865757185556
24.81 -0.006414803724729
24.82 -0.010390394435009
24.83 -0.019027019064627
24.84 -0.023231469447116
24.85 -0.012739401118378
24.86 -0.017615721450588
24.87 -0.017286900879177
24.88 -0.015377231742405
24.89 -0.017850873713151
24.9 -0.013752895749234
24.91 -0.010374907620723
24.92 -0.005712621590489
24.93 -0.000105494148125
24.94 0.007971830504061
 
 
 
 
 
 
 
 
 
 
 
 
 
 
 
 
 
 
 
 
 
 
 
 
 
 
 
 
 
 
 
 
 
 
 
 
 
 
 
 
 
 
 
 
 
 
 
 
 
 
 
 
 
 
 
 
 
 
 
 
 
 
 
 
 
 
 
 
 
 
 
 
 
 
 
 
 
 
 
 
 
 
 
 
 
 
 
 
 
 
 
 
 
 
 
 
 
 
 
 
 
 
 
 
 
 
 
 
 
 
 
 
 
 
 
 
 
 
 
 
 
 
 
 
 
 
 
 
 
 
 
 
 
 
 
 
 
 
 
 
 
 
 
 
 
 
 
 
 
 
 
 
 
 
 
 
 
 
 
 
 
 
 
 
 
 
 
 
 
 
 
 
 
 
 
 
 
 
 
 
 
 
 
 
 
 
 
 
 
 
 
 
 
 
 
 
 
 
 
 
 
 
 
 
 
 
 
 
 
 
 
 
 
 
 
 
 
 
 
 
 
 
 
 
 
 
 
 
 
 
 
 
 
 
 
 
 
 
 
 
 
 
 
 
 
 
 
 
 
 
 
 
 
 
 
 
 
 
 
 
 
 
 
 
 
 
 
 
 
 
 
 
 
 
 
 
 
 
 
 
 
 
 
 
 
 
 
 
 
 
 
 
 
 
 
 
 
 
 
 
 
 
 
 
 
 
 
 
 
 
 
 
 
 
 
 
 
 
 
 
 
 
 
 
 
 
 
 
 
 
 
 
 
 
 
 
 
 
 
 
 
 
 
 
 
 
 
 
 
 
 
 
 
 
 
 
 
 
 
 
 
 
 
 
 
 
 
 
 
 
 
 
 
 
 
 
 
 
 
 
 
 
 
 
 
 
 
 
 
 
 
 
 
 
 
 
 
 
 
 
 
 
 
 
 
 
 
 
 
 
 
 
 
 
 
 
 
 
 
 
 
 
 
 
 
 
 
 
 
 
 
 
 
 
 
 
 
 
 
 
 
 
 
 
 
 
 
 
 
 
 
 
 
 
 
 
 
 
 
 
 
 
 
 
 
 
 
 
 
 
 
 
 
 
 
 
 
 
 
 
 
 
 
 
 
 
 
 
 
 
 
 
 
 
 
 
 
 
 
 
 
 
 
 
 
 
 
 
 
 
 
 
 
 
 
 
 
 
 
 
 
 
 
 
 
 
 
 
 
 
 
 
 
 
 
 
 
 
 
 
 
 
 
 
 
 
 
 
 
 
 
 
 
 
 
 
 
 
 
 
 
 
 
 
 
 
 
 
 
 
 
 
 
 
 
 
 
 
 
 
 
 
 
 
 
 
 
 
 
 
 
 
 
 
 
 
 
 
 
 
 
 
 
 
 
 
 
 
 
 
 
 
 
 
 
 
 
 
 
 
 
 
 
 
 
 
 
 
 
 
 
 
 
 
 
 
 
 
 
 
 
 
 
 
 
 
 
 
 
 
 
 
 
 
 
 
 
 
 
 
 
 
 
 
 
 
 
 
 
 
 
 
 
 
 
 
 
 
 
 
 
 
 
 
 
 
 
 
 
 
 
 
 
 
 
 
 
 
 
 
 
 
 
 
 
 
 
 
 
 
 
 
 
 
 
 
 
 
 
 
 
 
 
 
 
 
 
 
 
 
 
 
 
 
 
 
 
 
 
 
 
 
 
 
 
 
 
 
 
 
 
 
 
 
 
 
 
 
 
 
 
 
 
 
 
 
 
 
 
 
 
 
 
 
 
 
 
 
 
 
 
 
 
 
 
 
 
 
 
 
 
 
 
 
 
 
 
 
 
 
 
 
 
 
 
 
 
 
 
 
 
 
 
 
 
 
 
 
 
 
 
 
 
 
 
 
 
 
 
 
 
 
 
 
 
 
 
 
 
 
 
 
 
 
 
 
 
 
 
 
 
 
 
 
 
 
 
 
 
 
 
 
 
 
 
 
 
 
 
 
 
 
 
 
 
 
 
 
 
 
 
 
 
 
 
 
 
 
 
 
 
 
 
 
 
 
 
 
 
 
 
 
 
 
 
 
 
 
 
 
 
 
 
 
 
 
 
 
 
 
 
 
 
 
 
 
 
 
 
 
 
 
 
 
 
 
 
 
 
 
 
 
 
 
 
 
 
 
 
 
 
 
 
 
 
 
 
 
 
 
 
 
 
 
 
 
 
 
 
 
 
 
 
 
 
 
 
 
 
 
 
 
 
 
 
 
 
 
 
 
 
 
 
 
 
 
 
 
 
 
 
 
 
 
 
 
 
 
 
 
 
 
 
 
 
 
 
 
 
 
 
 
 
 
 
 
 
 
 
 
 
 
 
 
 
 
 
 
 
 
 
 
 
 
 
 
 
 
 
 
 
 
 
 
 
 
 
 
 
 
 
 
 
 
 
 
 
 
 
 
 
 
 
 
 
 
 
 
 
 
 
 
 
 
 
 
 
 
 
 
 
 
 
 
 
 
 
 
 
 
 
 
 
 
 
 
 
 
 
 
 
 
 
 
 
 
 
 
 
 
 
 
 
 
 
 
 
 
 
 
 
 
 
 
 
 
 
 
 
 
 
 
 
 
 
 
 
 
 
 
 
 
 
 
 
 
 
 
 
 
 
 
 
 
 
 
 
 
 
 
 
 
 
 
 
 
 
 
 
 
 
 
 
 
 
 
 
 
 
 
 
 
 
 
 
 
 
 
 
 
 
 
 
 
 
 
 
 
 
 
 
 
 
 
 
 
 
 
 
 
 
 
 
 
 
 
 
 
 
 
 
 
 
 
 
 
 
 
 
 
 
 
 
 
 
 
 
 
 
 
 
 
 
 
 
 
 
 
 
 
 
 
 
 
 
 
 
 
 
 
 
 
 
 
 
 
 
 
 
 
 
 
 
 
 
 
 
 
 
 
 
 
 
 
 
 
 
 
 
 
 
 
 
 
 
 
 
 
 
 
 
 
 
 
 
 
 
 
 
 
 
 
 
 
 
 
 
 
 
 
 
 
 
 
 
 
 
 
 
 
 
 
 
 
 
 
 
 
 
 
 
 
 
 
 
 
 
 
 
 
 
 
 
 
 
 
 
 
 
 
 
 
 
 
 
 
 
 
 
 
 
 
 
 
 
 
 
 
 
 
 
 
 
 
 
 
 
 
 
 
 
 
 
 
 
 
 
 
 
 
 
 
 
 
 
 
 
 
 
 
 
 
 
 
 
 
 
 
 
 
 
 
 
 
 
 
 
 
 
 
 
 
 
 
 
 
 
 
 
 
 
 
 
 
 
 
 
 
 
 
 
 
 
 
 
 
 
 
 
 
 
 
 
 
 
 
 
 
 
 
 
 
 
 
 
 
 
 
 
 
 
 
 
 
 
 
 
 
 
 
 
 
 
 
 
 
 
 
 
 
 
 
 
 
 
 
 
 
 
 
 
 
 
 
 
 
 
 
 
 
 
 
 
 
 
 
 
 
 
 
 
 
 
 
 
 
 
 
 
 
 
 
 
 
 
 
 
 
 
 
 
 
 
 
 
 
 
 
 
 
 
 
 
 
 
 
 
 
 
 
 
 
 
 
 
 
 
 
 
 
 
 
 
 
 
 
 
 
 
 
 
 
 
 
 
 
 
 
 
 
 
 
 
 
 
 
 
 
 
 
 
 
 
 
 
 
 
 
 
 
 
 
 
 
 
 
 
 
 
 
 
 
 
 
 
 
 
 
 
 
 
 
 
 
 
 
 
 
 
 
 
 
 
 
 
 
 
 
 
 
 
 
 
 
 
 
 
 
 
 
 
 
 
 
 
 
 
 
 
 
 
 
 
 
 
 
 
 
 
 
 
 
 
 
 
 
 
 
 
 
 
 
 
 
 
 
 
 
 
 
 
 
 
 
 
 
 
 
 
 
 
 
 
 
 
 
 
 
 
 
 
 
 
 
 
 
 
 
 
 
 
 
 
 
 
 
 
 
 
 
 
 
 
 
 
 
 
 
 
 
 
 
 
 
 
 
 
 
 
 
 
 
 
 
 
 
 
 
 
 
 
 
 
 
 
 
 
 
 
 
 
 
 
 
 
 
 
 
 
 
 
 
 
 
 
 
 
 
 
 
 
 
 
 
 
 
 
 
 
 
 
 
 
 
 
 
 
 
 
 
 
 
 
 
 
 
 
 
 
 
 
 
 
 
 
 
 
 
 
 
 
 
 
 
 
 
 
 
 
 
 
 
 
 
 
 
 
 
 
 
 
 
 
 
 
 
 
 
 
 
 
 
 
 
 
 
 
 
 
 
 
 
 
 
 
 
 
 
 
 
 
 
 
 
 
 
 
 
 
 
 
 
 
 
 
 
 
 
 
 
 
 
 
 
 
 
 
 
 
 
 
 
 
 
 
 
 
 
 
 
 
 
 
 
 
 
 
 
 
 
 
 
 
 
 
 
 
 
 
 
 
 
 
 
 
 
 
 
 
 
 
 
 
 
 
 
 
 
 
 
 
 
 
 
 
 
 
 
 
 
 
 
 
 
 
 
 
 
 
 
 
 
 
 
 
 
 
 
 
 
 
 
 
 
 
 
 
 
 
 
 
 
 
 
 
 
 
 
 
 
 
 
 
 
 
 
 
 
 
 
 
 
 
 
 
 
 
 
 
 
 
 
 
 
 
 
 
 
 
 
 
 
 
 
 
 
 
 
 
 
 
 
 
 
 
 
 
 
 
 
 
 
 
 
 
 
 
 
 
 
 
 
 
 
 
 
 
 
 
 
 
 
 
 
 
 
 
 
 
 
 
 
 
 
 
 
 
 
 
 
 
 
 
 
 
 
 
 
 
 
 
 
 
 
 
 
 
 
 
 
 
 
 
 
 
 
 
 
 
 
 
 
 
 
 
 
 
 
 
 
 
 
 
 
 
 
 
 
 
 
 
 
 
 
 
 
 
 
 
 
 
 
 
 
 
 
 
 
 
 
 
 
 
 
 
 
 
 
 
 
 
 
 
 
 
 
 
 
 
 
 
 
 
 
 
 
 
 
 
 
 
 
 
 
 
 
 
 
 
 
 
 
 
 
 
 
 
 
 
 
 
 
 
 
 
 
 
 
 
 
 
 
 
 
 
 
 
 
 
 
 
 
 
 
 
 
 
 
 
 
 
 
 
 
 
 
 
 
 
 
 
 
 
 
 
 
 
 
 
 
 
 
 
 
 
 
 
 
 
 
 
 
 
 
 
 
 
 
 
 
 
 
 
 
 
 
 
 
 
 
 
 
 
 
 
 
 
 
 
 
 
 
 
 
 
 
 
 
 
 
 
 
 
 
 
 
 
 
 
 
 
 
 
 
 
 
 
 
 
 
 
 
 
 
 
 
 
 
 
 
 
 
 
 
 
 
 
 
 
 
 
 
 
 
 
 
 
 
 
 
 
 
 
 
 
 
 
 
 
 
 
 
 
 
 
 
 
 
 
 
 
 
 
 
 
 
 
 
 
 
 
 
 
 
 
 
 
 
 
 
 
 
 
 
 
 
 
 
 
 
 
 
 
 
 
 
 
 
 
 
 
 
 
 
 
 
 
 
 
 
 
 
 
 
 
 
 
 
 
 
 
 
 
 
 
 
 
 
 
 
 
 
 
 
 
 
 
 
 
 
 
 
 
 
 
 
 
 
 
 
 
 
 
 
 
 
 
 
 
 
 
 
 
 
 
 
 
 
 
 
 
 
 
 
 
 
 
 
 
 
 
 
 
 
 
 
 
 
 
 
 
 
 
 
 
 
 
 
 
 
 
 
 
 
 
 
 
 
 
 
 
 
 
 
 
 
 
 
 
 
 
 
 
 
 
 
 
 
 
 
 
 
 
 
 
 
 
 
 
 
 
 
 
 
 
 
 
 
 
 
 
 
 
 
 
 
 
 
 
 
 
 
 
 
 
 
 
 
 
 
 
 
 
 
 
 
 
 
 
 
 
 
 
 
 
 
 
 
 
 
 
 
 
 
 
 
 
 
 
 
 
 
 
 
 
 
 
 
 
 
 
 
 
 
 
 
 
 
 
 
 
 
 
 
 
 
 
 
 
 
 
 
 
 
 
 
 
 
 
 
 
 
 
 
 
 
 
 
 
 
 
 
 
 
 
 
 
 
 
 
 
 
 
 
 
 
 
 
 
 
 
 
 
 
 
 
 
 
 
 
 
 
 
 
 
 
 
 
 
 
 
 
 
 
 
 
 
 
 
 
 
 
 
 
 
 
 
 
 
 
 
 
 
 
 
 
 
 
 
 
 
 
 
 
 
 
 
 
 
 
 
 
 
 
 
 
 
 
 
 
 
 
 
 
 
 
 
 
 
 
 
 
 
 
 
 
 
 
 
 
 
 
 
 
 
 
 
 
 
 
 
 
 
 
 
 
 
 
 
 
 
 
 
 
 
 
 
 
 
 
 
 
 
 
 
 
 
 
 
 
 
 
 
 
 
 
 
 
 
 
 
 
 
 
 
 
 
 
 
 
 
 
 
 
 
 
 
 
 
 
 
 
 
 
 
 
 
 
 
 
 
 
 
 
 
 
 
 
 
 
 
 
 
 
 
 
 
 
 
 
 
 
 
 
 
 
 
 
 
 
 
 
 
 
 
 
 
 
 
 
 
 
 
 
 
 
 
 
 
 
 
 
 
 
 
 
 
 
 
 
 
 
 
 
 
 
 
 
 
 
 
 
 
 
 
 
 
 
 
 
 
 
 
 
 
 
 
 
 
 
 
 
 
 
 
 
 
 
 
 
 
 
 
 
 
 
 
 
 
 
 
 
 
 
 
 
 
 
 
 
 
 
 
 
 
 
 
 
 
 
 
 
 
 
 
 
 
 
 
 
 
 
 
 
 
 
 
 
 
 
 
 
 
 
 
 
 
 
 
 
 
 
 
 
 
 
 
 
 
 
 
 
 
 
 
 
 
 
 
 
 
 
 
 
 
 
 
 
 
 
 
 
 
 
 
 
 
 
 
 
 
 
 
 
 
 
 
 
 
 
 
 
 
 
 
 
 
 
 
 
 
 
 
 
 
 
 
 
 
 
 
 
 
 
 
 
 
 
 
 
 
 
 
 
 
 
 
 
 
 
 
 
 
 
 
 
 
 
 
 
 
 
 
 
 
 
 
 
 
 
 
 
 
 
 
 
 
 
 
 
 
 
 
 
 
 
 
 
 
 
 
 
 
 
 
 
 
 
 
 
 
 
 
 
 
 
 
 
 
 
 
 
 
 
 
 
 
 
 
 
 
 
 
 
 
 
 
 
 
 
 
 
 
 
 
 
 
 
 
 
 
 
 
 
 
 
 
 
 
 
 
 
 
 
 
 
 
 
 
 
 
 
 
 
 
 
 
 
 
 
 
 
 
 
 
 
 
 
 
 
 
 
 
 
 
 
 
 
 
 
 
 
 
 
 
 
 
 
 
 
 
 
 
 
 
 
 
 
 
 
 
 
 
 
 
 
 
 
 
 
 
 
 
 
 
 
 
 
 
 
 
 
 
 
 
 
 
 
 
 
 
 
 
 
 
 
 
 
 
 
 
 
 
 
 
 
 
 
 
 
 
 
 
 
 
 
 
 
 
 
 
 
 
 
 
 
 
 
 
 
 
 
 
 
 
 
 
 
 
 
 
 
 
 
 
 
 
 
 
 
 
 
 
 
 
 
 
 
 
 
 
 
 
 
 
 
 
 
 
 
 
 
 
 
 
 
 
 
 
 
 
 
 
 
 
 
 
 
 
 
 
 
 
 
 
 
 
 
 
 
 
 
 
 
 
 
 
 
 
 
 
 
 
 
 
 
 
 
 
 
 
 
 
 
 
 
 
 
 
 
 
 
 
 
 
 
 
 
 
 
 
 
 
 
 
 
 
 
 
 
 
 
 
 
 
 
 
 
 
 
 
 
 
 
 
 
 
 
 
 
 
 
 
 
 
 
 
 
 
 
 
 
 
 
 
 
 
 
 
 
 
 
 
 
 
 
 
 
 
 
 
 
 
 
 
 
 
 
 
 
 
 
 
 
 
 
 
 
 
 
 
 
 
 
 
 
 
 
 
 
 
 
 
 
 
 
 
 
 
 
 
 
 
 
 
 
 
 
 
 
 
 
 
 
 
 
 
 
 
 
 
 
 
 
 
 
 
 
 
 
 
 
 
 
 
 
 
 
 
 
 
 
 
 
 
 
 
 
 
 
 
 
 
 
 
 
 
 
 
 
 
 
 
 
 
 
 
 
 
 
 
 
 
 
 
 
 
 
 
 
 
 
 
 
 
 
 
 
 
 
 
 
 
 
 
 
 
 
 
 
 
 
 
 
 
 
 
 
 
 
 
 
 
 
 
 
 
 
 
 
 
 
 
 
 
 
 
 
 
 
 
 
 
 
 
 
 
 
 
 
 
 
 
 
 
 
 
 
 
 
 
 
 
 
 
 
 
 
 
 
 
 
 
 
 
 
 
 
 
 
 
 
 
 
 
 
 
 
 
 
 
 
 
 
 
 
 
 
 
 
 
 
 
 
 
 
 
 
 
 
 
 
 
 
 
 
 
 
 
 
 
 
 
 
 
 
 
 
 
 
 
 
 
 
 
 
 
 
 
 
 
 
 
 
 
 
 
 
 
 
 
 
 
 
 
 
 
 
 
 
 
 
 
 
 
 
 
 
 
 
 
 
 
 
 
 
 
 
 
 
 
 
 
 
 
 
 
 
 
 
 
 
 
 
 
 
 
 
 
 
 
 
 
 
 
 
 
 
 
 
 
 
 
 
 
 
 
 
 
 
 
 
 
 
 
 
 
 
 
 
 
 
 
 
 
 
 
 
 
 
 
 
 
 
 
 
 
 
 
 
 
 
 
 
 
 
 
 
 
 
 
 
 
 
 
 
 
 
 
 
 
 
 
 
 
 
 
 
 
 
 
 
 
 
 
 
 
 
 
 
 
 
 
 
 
 
 
 
 
 
 
 
 
 
 
 
 
 
 
 
 
 
 
 
 
 
 
 
 
 
 
 
 
 
 
 
 
 
 
 
 
 
 
 
 
 
 
 
 
 
 
 
 
 
 
 
 
 
 
 
 
 
 
 
 
 
 
 
 
 
 
 
 
 
 
 
 
 
 
 
 
 
 
 
 
 
 
 
 
 
 
 
 
 
 
 
 
 
 
 
 
 
 
 
 
 
 
 
 
 
 
 
 
 
 
 
 
 
 
 
 
 
 
 
 
 
 
 
 
 
 
 
 
 
 
 
 
 
 
 
 
 
 
 
 
 
 
 
 
 
 
 
 
 
 
 
 
 
 
 
 
 
 
 
 
 
 
 
 
 
 
 
 
 
 
 
 
 
 
 
 
 
 
 
 
 
 
 
 
 
 
 
 
 
 
 
 
 
 
 
 
 
 
 
 
 
 
 
 
 
 
 
 
 
 
 
 
 
 
 
 
 
 
 
 
 
 
 
 
 
 
 
 
 
 
 
 
 
 
 
 
 
 
 
 
 
 
 
 
 
 
 
 
 
 
 
 
 
 
 
 
 
 
 
 
 
 
 
 
 
 
 
 
 
 
 
 
 
 
 
 
 
 
 
 
 
 
 
 
 
 
 
 
 
 
 
 
 
 
 
 
 
 
 
 
 
 
 
 
 
 
 
 
 
 
 
 
 
 
 
 
 
 
 
 
 
 
 
 
 
 
 
 
 
 
 
 
 
 
 
 
 
 
 
 
 
 
 
 
 
 
 
 
 
 
 
 
 
 
 
 
 
 
 
 
 
 
 
 
 
 
 
 
 
 
 
 
 
 
 
 
 
 
 
 
 
 
 
 
 
 
 
 
 
 
 
 
 
 
 
 
 
 
 
 
 
 
 
 
 
 
 
 
 
 
 
 
 
 
 
 
 
 
 
 
 
 
 
 
 
 
 
 
 
 
 
 
 
 
 
 
 
 
 
 
 
 
 
 
 
 
 
 
 
 
 
 
 
 
 
 
 
 
 
 
 
 
 
 
 
 
 
 
 
 
 
 
 
 
 
 
 
 
 
 
 
 
 
 
 
 
 
 
 
 
 
 
 
 
 
 
 
 
 
 
 
 
 
 
 
 
 
 
 
 
 
 
 
 
 
 
 
 
 
 
 
 
 
 
 
 
 
 
 
 
 
 
 
 
 
 
 
 
 
 
 
 
 
 
 
 
 
 
 
 
 
 
 
 
 
 
 
 
 
 
 
 
 
 
 
 
 
 
 
 
 
 
 
 
 
 
 
 
 
 
 
 
 
 
 
 
 
 
 
 
 
 
 
 
 
 
 
 
 
 
 
 
 
 
 
 
 
 
 
 
 
 
 
 
 
 
 
 
 
 
 
 
 
 
 
 
 
 
 
 
 
 
 
 
 
 
 
 
 
 
 
 
 
 
 
 
 
 
 
 
 
 
 
 
 
 
 
 
 
 
 
 
 
 
 
 
 
 
 
 
 
 
 
 
 
 
 
 
 
 
 
 
 
 
 
 
 
 
 
 
 
 
 
 
 
 
 
 
 
 
 
 
 
 
 
 
 
 
 
 
 
 
 
 
 
 
 
 
 
 
 
 
 
 
 
 
 
 
 
 
 
 
 
 
 
 
 
 
 
 
 
 
 
 
 
 
 
 
 
 
 
 
 
 
 
 
 
 
 
 
 
 
 
 
 
 
 
 
 
 
 
 
 
 
 
 
 
 
 
 
 
 
 
 
 
 
 
 
 
 
 
 
 
 
 
 
 
 
 
 
 
 
 
 
 
 
 
 
 
 
 
 
 
 
 
 
 
 
 
 
 
 
 
 
 
 
 
 
 
 
 
 
 
 
 
 
 
 
 
 
 
 
 
 
 
 
 
 
 
 
 
 
 
 
 
 
 
 
 
 
 
 
 
 
 
 
 
 
 
 
 
 
 
 
 
 
 
 
 
 
 
 
 
 
 
 
 
 
 
 
 
 
 
 
 
 
 
 
 
 
 
 
 
 
 
 
 
 
 
 
 
 
 
 
 
 
 
 
 
 
 
 
 
 
 
 
 
 
 
 
 
 
 
 
 
 
 
 
 
 
 
 
 
 
 
 
 
 
 
 
 
 
 
 
 
 
 
 
 
 
 
 
 
 
 
 
 
 
 
 
 
 
 
 
 
 
 
 
 
 
 
 
 
 
 
 
 
 
 
 
 
 
 
 
 
 
 
 
 
 
 
 
 
 
 
 
 
 
 
 
 
 
 
 
 
 
 
 
 
 
 
 
 
 
 
 
 
 
 
 
 
 
 
 
 
 
 
 
 
 
 
 
 
 
 
 
 
 
 
 
 
 
 
 
 
 
 
 
 
 
 
 
 
 
 
 
 
 
 
 
 
 
 
 
 
 
 
 
 
 
 
 
 
 
 
 
 
 
 
 
 
 
 
 
 
 
 
 
 
 
 
 
 
 
 
 
 
 
 
 
 
 
 
 
 
 
 
 
 
 
 
 
 
 
 
 
 
 
 
 
 
 
 
 
 
 
 
 
 
 
 
 
 
 
 
 
 
 
 
 
 
 
 
 
 
 
 
 
 
 
 
 
 
 
 
 
 
 
 
 
 
 
 
 
 
 
 
 
 
 
 
 
 
 
 
 
 
 
 
 
 
 
 
 
 
 
 
 
 
 
 
 
 
 
 
 
 
 
 
 
 
 
 
 
 
 
 
 
 
 
 
 
 
 
 
 
 
 
 
 
 
 
 
 
 
 
 
 
 
 
 
 
 
 
 
 
 
 
 
 
 
 
 
 
 
 
 
 
 
 
 
 
 
 
 
 
 
 
 
 
 
 
 
 
 
 
 
 
 
 
 
 
 
 
 
 
 
 
 
 
 
 
 
 
 
 
 
 
 
 
 
 
 
 
 
 
 
 
 
 
 
 
 
 
 
 
 
 
 
 
 
 
 
 
 
 
 
 
 
 
 
 
 
 
 
 
 
 
 
 
 
 
 
 
 
 
 
 
 
 
 
 
 
 
 
 
 
 
 
 
 
 
 
 
 
 
 
 
 
 
 
 
 
 
 
 
 
 
 
 
 
 
 
 
 
 
 
 
 
 
 
 
 
 
 
 
 
 
 
 
 
 
 
 
 
 
 
 
 
 
 
 
 
 
 
 
 
 
 
 
 
 
 
 
 
 
 
 
 
 
 
 
 
 
 
 
 
 
 
 
 
 
 
 
 
 
 
 
 
 
 
 
 
 
 
 
 
 
 
 
 
 
 
 
 
 
 
 
 
 
 
 
 
 
 
 
 
 
 
 
 
 
 
 
 
 
 
 
 
 
 
 
 
 
 
 
 
 
 
 
 
 
 
 
 
 
 
 
 
 
 
 
 
 
 
 
 
 
 
 
 
 
 
 
 
 
 
 
 
 
 
 
 
 
 
 
 
 
 
 
 
 
 
 
 
 
 
 
 
 
 
 
 
 
 
 
 
 
 
 
 
 
 
 
 
 
 
 
 
 
 
 
 
 
 
 
 
 
 
 
 
 
 
 
 
 
 
 
 
 
 
 
 
 
 
 
 
 
 
 
 
 
 
 
 
 
 
 
 
 
 
 
 
 
 
 
 
 
 
 
 
 
 
 
 
 
 
 
 
 
 
 
 
 
 
 
 
 
 
 
 
 
 
 
 
 
 
 
 
 
 
 
 
 
 
 
 
 
 
 
 
 
 
 
 
 
 
 
 
 
 
 
 
 
 
 
 
 
 
 
 
 
 
 
 
 
 
 
 
 
 
 
 
 
 
 
 
 
 
 
 
 
 
 
 
 
 
 
 
 
 
 
 
 
 
 
 
 
 
 
 
 
