0.0 0.0
0.01 2.33624228e-07
0.02 2.35025832e-07
0.03 2.38937067e-07
0.04 2.47553741e-07
0.05 2.76881257e-07
0.06 3.69435057e-07
0.07 5.40995784e-07
0.08 6.12286379e-07
0.09 2.27421171e-07
0.1 -7.07356823e-07
0.11 -1.68836708e-06
0.12 -2.18966274e-06
0.13 -3.044986974e-06
0.14 -5.550264306e-06
0.15 -7.922164482e-06
0.16 -7.37078527e-06
0.17 -4.949412893e-06
0.18 -3.68465474e-06
0.19 -5.464696058e-06
0.2 -6.888826003e-06
0.21 -1.675567595e-06
0.22 7.426899672e-06
0.23 1.5615870096e-05
0.24 1.8571524361e-05
0.25 5.637548061e-06
0.26 -1.6211670143e-05
0.27 -2.4689780989e-05
0.28 -2.0253675335e-05
0.29 -1.6644483908e-05
0.3 -1.1961780945e-05
0.31 1.066071742e-06
0.32 1.3117017707e-05
0.33 3.02007199e-06
0.34 -2.3385199248e-05
0.35 -3.8051272887e-05
0.36 -2.5063642893e-05
0.37 2.534941543e-06
0.38 5.426080161e-06
0.39 -3.6260869583e-05
0.4 -0.000109292513993
0.41 -0.000160094447675
0.42 -0.000108453710221
0.43 1.259319092e-05
0.44 7.1084268549e-05
0.45 5.2913317066e-05
0.46 4.893735213e-05
0.47 6.8439041697e-05
0.48 8.6065176258e-05
0.49 7.289708448e-05
0.5 -3.6992406075e-05
0.51 -0.000172299452234
0.52 -0.000198077090426
0.53 -0.000145902161203
0.54 -0.000123059694847
0.55 -0.00016332726385
0.56 -0.000188859247906
0.57 -8.2673668549e-05
0.58 5.0371681477e-05
0.59 6.2583358292e-05
0.6 5.92241319e-07
0.61 -7.140928561e-06
0.62 8.8060362674e-05
0.63 0.00017534778724
0.64 0.000157103885822
0.65 -1.2121847729e-05
0.66 -0.000266119094642
0.67 -0.000281419549034
0.68 -7.6956474519e-05
0.69 -7.2364404623e-05
0.7 -0.000206406419769
0.71 -0.000119357751792
0.72 1.1504435504e-05
0.73 -8.9643427713e-05
0.74 -0.000157715034209
0.75 -2.8739360374e-05
0.76 8.8740866576e-05
0.77 1.7368394839e-05
0.78 -0.000156434456544
0.79 -0.000283940731528
0.8 -0.000401900284068
0.81 -0.000440929696154
0.82 -0.000249208709146
0.83 -4.4900817819e-05
0.84 -3.3670313281e-05
0.85 7.4774102163e-05
0.86 0.000306302764581
0.87 0.000174701536658
0.88 -0.000171488542013
0.89 -0.000180279268316
0.9 -4.6511506309e-05
0.91 -2.4146529362e-05
0.92 4.773659741e-05
0.93 3.8311483499e-05
0.94 -0.000207834559218
0.95 -0.000463847421081
0.96 -0.000586316738674
0.97 -0.000435253829789
0.98 -0.000201153474225
0.99 -0.000137693920041
1.0 -5.9188095127e-05
1.01 8.1257413323e-05
1.02 0.000133377845529
1.03 0.000307061774241
1.04 0.000708771244146
1.05 0.000796065952587
1.06 0.000274837514944
1.07 -0.00019704561793
1.08 -2.9619136569e-05
1.09 0.000101254512346
1.1 -0.000408973302163
1.11 -0.000921676684052
1.12 -0.000577009246566
1.13 1.3461688893e-05
1.14 5.4952906296e-05
1.15 3.9770311748e-05
1.16 0.000395763941555
1.17 0.000597147099508
1.18 0.000539505853451
1.19 0.000650332484681
1.2 0.000641089863256
1.21 0.000313274287655
1.22 -0.000104969109197
1.23 -0.000107933187807
1.24 0.000230217657456
1.25 -0.000137226804605
1.26 -0.001182326158151
1.27 -0.001361740726644
1.28 -0.000804198816388
1.29 -0.001060181260854
1.3 -0.001731787926192
1.31 -0.00137425782414
1.32 -0.000218927308295
1.33 0.00052637354863
1.34 0.00067854170232
1.35 0.000828256509922
1.36 0.001025034603297
1.37 0.000550619005964
1.38 -6.4856066987e-05
1.39 -5.7045651872e-05
1.4 -0.000417294037366
1.41 -0.001409616552539
1.42 -0.001874581986062
1.43 -0.001728919365083
1.44 -0.001781820781272
1.45 -0.001945603066073
1.46 -0.001408743738961
1.47 0.000170990899077
1.48 0.001069825903654
1.49 0.000650681579415
1.5 0.000627516672436
1.51 0.00166612871691
1.52 0.002567562069242
1.53 0.002733153657753
1.54 0.002570843719549
1.55 0.001637720748275
1.56 -0.000182556516575
1.57 -0.001285240621968
1.58 -0.000905087819967
1.59 -0.000801759021215
1.6 -0.001686310933039
1.61 -0.002127383108121
1.62 -0.001414232604271
1.63 -5.9369474054e-05
1.64 0.001192225305374
1.65 0.001858716495872
1.66 0.002372755766678
1.67 0.002742315831441
1.68 0.001992299625519
1.69 0.000490549110058
1.7 -0.000515247742767
1.71 -0.001062495781507
1.72 -0.001707621028913
1.73 -0.001794314765382
1.74 -0.001526110755662
1.75 -0.001992136611324
1.76 -0.002614948371511
1.77 -0.00206442433321
1.78 -0.001032143814707
1.79 -0.000560633368975
1.8 -0.000334246554595
1.81 -0.000180649469128
1.82 1.5069258723e-05
1.83 0.000337373924576
1.84 0.000720938994221
1.85 0.001205868648574
1.86 0.001676103260235
1.87 0.001263057713235
1.88 -6.3283466196e-05
1.89 -0.000860714428135
1.9 -0.001454203851444
1.91 -0.0020759931525
1.92 -0.001544736127252
1.93 -0.00037978316689
1.94 -0.000168547509346
1.95 -0.000258689947814
1.96 0.000560117002192
1.97 0.001938720331373
1.98 0.003291213402758
1.99 0.004173990841719
2.0 0.003197896311511
2.01 0.001160802676117
2.02 0.000464638624716
2.03 0.000333668207085
2.04 -0.000928443420898
2.05 -0.002049347416507
2.06 -0.001748264473849
2.07 -0.001082548947706
2.08 -0.000620010678405
2.09 -0.000194666190602
2.1 -0.000342635213525
2.11 -0.000891194791373
2.12 -0.000308506038942
2.13 0.000819268220083
2.14 0.000944828278224
2.15 0.000274239150921
2.16 -0.000551693561799
2.17 -0.000647583220001
2.18 -0.000103714429082
2.19 -0.000325899606745
2.2 -0.001162238177041
2.21 -0.001445508616137
2.22 -0.001432902307617
2.23 -0.002353096447366
2.24 -0.002996698074371
2.25 -0.001788831850556
2.26 -0.000302024227375
2.27 0.000371424194199
2.28 0.001155796210627
2.29 0.002163150579425
2.3 0.002416989421526
2.31 0.002339786390941
2.32 0.002378537046307
2.33 0.002012070551322
2.34 0.00110324984626
2.35 -0.00036081954549
2.36 -0.002019495795155
2.37 -0.002952099701868
2.38 -0.00313429325933
2.39 -0.002642642188065
2.4 -0.000816762743213
2.41 0.001402280326414
2.42 0.001809846647728
2.43 0.001607500011423
2.44 0.00248065490513
2.45 0.003377345478318
2.46 0.003347429393499
2.47 0.003245562883253
2.48 0.002862947400708
2.49 0.001126219121156
2.5 -0.00156151280901
2.51 -0.003462960817844
2.52 -0.00379890239468
2.53 -0.003108039052049
2.54 -0.001944256324371
2.55 -0.000920817630828
2.56 -5.4998538053e-05
2.57 0.000813838050812
2.58 0.001099679490179
2.59 0.001229413660782
2.6 0.001895832153723
2.61 0.002033776741932
2.62 0.000821120542548
2.63 -0.001374229642156
2.64 -0.003368143796009
2.65 -0.004517189868418
2.66 -0.004606353720891
2.67 -0.004134986792952
2.68 -0.003428038147528
2.69 -0.002302492763568
2.7 -0.001379004458226
2.71 -0.000221961762042
2.72 0.00245439906419
2.73 0.004492801999943
2.74 0.004570698234022
2.75 0.00463726251187
2.76 0.005151826662873
2.77 0.004633260264875
2.78 0.00289576866048
2.79 0.000878190052522
2.8 -0.002207141102503
2.81 -0.006353577522369
2.82 -0.008209004411159
2.83 -0.0079305883702
2.84 -0.007017227302844
2.85 -0.004436220294281
2.86 -0.000677160182134
2.87 0.003366012713429
2.88 0.006369694020567
2.89 0.007316074122334
2.9 0.006310811156624
2.91 0.00474398237424
2.92 0.003160580165779
2.93 0.001172170549203
2.94 -0.001868113641131
2.95 -0.006340469851394
2.96 -0.011591342272519
2.97 -0.014024805872012
2.98 -0.012413480152274
2.99 -0.009612671062836
3.0 -0.00742062770455
3.01 -0.005735897024913
3.02 -0.004138214612543
3.03 -0.002444741741179
3.04 0.000911458843415
3.05 0.005801446583379
3.06 0.00890917259669
3.07 0.010711906308168
3.08 0.010476235372572
3.09 0.006181070281875
3.1 -0.001209903887435
3.11 -0.008613964501414
3.12 -0.011997358169035
3.13 -0.010664886959259
3.14 -0.007850618086652
3.15 -0.005383905292111
3.16 -0.004925423782302
3.17 -0.00604532453079
3.18 -0.00493063967777
3.19 -6.7523472786e-05
3.2 0.00578017036734
3.21 0.008591646446406
3.22 0.00913811050481
3.23 0.00833679653427
3.24 0.005924271183345
3.25 0.002269346587086
3.26 -0.001661862441852
3.27 -0.00261436175954
3.28 -0.00036620308475
3.29 0.000964701822304
3.3 0.000168777113393
3.31 -0.003159031469801
3.32 -0.007732821378577
3.33 -0.009174302389445
3.34 -0.005602069910565
3.35 0.000838774981448
3.36 0.005607340225894
3.37 0.005575960795069
3.38 0.003351115110993
3.39 -0.000198645673127
3.4 -0.001660413578983
3.41 0.000617416639652
3.42 0.003060690919903
3.43 0.004174096650156
3.44 0.003504669127636
3.45 0.000622690776931
3.46 -0.004314979765613
3.47 -0.009466475497105
3.48 -0.011756033080451
3.49 -0.009491014728531
3.5 -0.00536383569485
3.51 -0.003380100295353
3.52 -0.004420600292715
3.53 -0.00567203633665
3.54 -0.003265647113445
3.55 0.004172231323304
3.56 0.013765245956963
3.57 0.019093034696509
3.58 0.018708190435689
3.59 0.012817236716594
3.6 0.006475658684868
3.61 0.002081451066241
3.62 -0.001521489081393
3.63 -0.003026300896104
3.64 -0.002438005521391
3.65 -0.003378171317264
3.66 -0.006433807328878
3.67 -0.010595056706903
3.68 -0.011836414958663
3.69 -0.006395730483477
3.7 0.001305876361355
3.71 0.007440140496981
3.72 0.011593592930725
3.73 0.016604153921135
3.74 0.020915121099272
3.75 0.02143214180109
3.76 0.020566748239694
3.77 0.018118544732674
3.78 0.012303467838808
3.79 0.000564774621364
3.8 -0.010703937771239
3.81 -0.018337942836073
3.82 -0.023011109818118
3.83 -0.023522360184787
3.84 -0.019240412655454
3.85 -0.014323355647606
3.86 -0.008539654949008
3.87 0.00436230898818
3.88 0.021971176441308
3.89 0.037751228893407
3.9 0.043295513674397
3.91 0.039570543008526
3.92 0.027594730936488
3.93 0.009681357765103
3.94 -0.011358429482365
3.95 -0.023970008262919
3.96 -0.02804285920751
3.97 -0.026351322895439
3.98 -0.024732890412995
3.99 -0.023358472179323
4.0 -0.020820633848296
4.01 -0.011952080091616
4.02 0.002006295523802
4.03 0.018018067901857
4.04 0.030067152237797
4.05 0.03338230941313
4.06 0.028712662532974
4.07 0.020720812874249
4.08 0.009215100582661
4.09 -0.002351424517992
4.1 -0.007736071325129
4.11 -0.010748258845415
4.12 -0.012932132462783
4.13 -0.018184855124248
4.14 -0.020800950702962
4.15 -0.015749588339283
4.16 -0.002020682887563
4.17 0.014711269360985
4.18 0.027924993307914
4.19 0.032045345655729
4.2 0.027385154641529
4.21 0.017658828057718
4.22 0.00167396574141
4.23 -0.008703791457812
4.24 -0.014766662963722
4.25 -0.01761633871366
4.26 -0.017468297064996
4.27 -0.016848293327068
4.28 -0.015820173561063
4.29 -0.012334369918635
4.3 -0.005571155303211
4.31 0.004142917349858
4.32 0.017885790163918
4.33 0.028243959507616
4.34 0.031975952577409
4.35 0.031955576521842
4.36 0.026141771736259
4.37 0.017570506341986
4.38 0.011106375315964
4.39 0.010302686102861
4.4 0.012751150262471
4.41 0.0082726259106
4.42 -0.005388628021294
4.43 -0.027394877821574
4.44 -0.03958545893267
4.45 -0.044504020423474
4.46 -0.046111274782564
4.47 -0.036762280319769
4.48 -0.023758258111256
4.49 0.001267849387449
4.5 0.031942502858422
4.51 0.050147949751048
4.52 0.065278818142101
4.53 0.074949535316428
4.54 0.075382182909799
4.55 0.074592235715104
4.56 0.068194291683351
4.57 0.055182648650507
4.58 0.040297163471184
4.59 0.001072976088421
4.6 -0.050803596122381
4.61 -0.060305719035887
4.62 -0.079243395305111
4.63 -0.084724732256137
4.64 -0.093501189328282
4.65 -0.08270230198005
4.66 -0.072742793504992
4.67 -0.055127945263933
4.68 -0.04099630995091
4.69 -0.019612185738368
4.7 0.012792045906014
4.71 0.045786423664463
4.72 0.050556992709011
4.73 0.07292508518296
4.74 0.092231695564898
4.75 0.102850567231496
4.76 0.094803973596084
4.77 0.08780500693904
4.78 0.083208990028174
4.79 0.085140955685749
4.8 0.071440955516377
4.81 0.048984649432103
4.82 0.027534325016889
4.83 0.024554674059143
4.84 -0.001191809352487
4.85 -0.021399050221145
4.86 -0.020552929572044
4.87 -0.009492755388539
4.88 0.011353118462315
4.89 0.039190815444293
4.9 0.061573759405019
4.91 0.078392887532589
4.92 0.096362787797566
4.93 0.071813633393828
4.94 0.052453604038735
4.95 0.052178594557545
4.96 0.055917260347465
4.97 0.055963197211372
4.98 0.058221655157219
4.99 0.048031928436444
5.0 0.025876702638006
5.01 0.005729365810591
5.02 -0.014370338968313
5.03 -0.021101948566364
5.04 -0.002992228174925
5.05 0.019819834928127
5.06 0.031673463698012
5.07 0.030905497989274
5.08 0.020534638455838
5.09 0.002879417532034
5.1 -0.018970272484173
5.11 -0.044273309746061
5.12 -0.069880963276271
5.13 -0.0948606400663
5.14 -0.11803686038262
5.15 -0.135534909908052
5.16 -0.148673133047114
5.17 -0.152410257674941
5.18 -0.14138677797558
5.19 -0.124858222108872
5.2 -0.114705986185784
5.21 -0.110940946043225
5.22 -0.103430203623942
5.23 -0.094871316667004
5.24 -0.094626690008545
5.25 -0.09395933179367
5.26 -0.08852562391006
5.27 -0.069234715875099
5.28 0.041982066307105
5.29 -0.009792415374936
5.3 0.037427499055918
5.31 0.018574315139705
5.32 0.021281095595925
5.33 -0.01017009543594
5.34 0.00451663347656
5.35 0.006620242702651
5.36 0.006486177192609
5.37 0.010548407254363
5.38 0.014633121127177
5.39 0.00959698770015
5.4 -0.001368991677996
5.41 -0.028143256641263
5.42 -0.053962908199644
5.43 -0.069743485252887
5.44 -0.077278220744891
5.45 -0.063769304276928
5.46 -0.02918308146572
5.47 -0.005644484625916
5.48 -0.01910677450065
5.49 0.018356642616573
5.5 0.04746759108368
5.51 0.071057816034429
5.52 0.099761913347328
5.53 0.114563420046174
5.54 0.117433981860121
5.55 0.111620100552088
5.56 0.062065636613663
5.57 0.011776697750691
5.58 -0.012710453322813
5.59 -0.046377820031426
5.6 -0.075212468204881
5.61 -0.072652484648965
5.62 -0.06637483900459
5.63 -0.072288038460303
5.64 -0.07608855579485
5.65 -0.079441405656091
5.66 -0.075383985993486
5.67 -0.055504335227945
5.68 -0.045752386296912
5.69 -0.043253951633012
5.7 -0.042290530097945
5.71 -0.05337522131375
5.72 -0.064966035904499
5.73 -0.079470097175273
5.74 -0.101744929546549
5.75 -0.118275926829016
5.76 -0.124443912863781
5.77 -0.118621559467728
5.78 -0.105698290221823
5.79 -0.094320326716108
5.8 -0.067536776739601
5.81 -0.091532828664064
5.82 -0.09143621452169
5.83 -0.099395616989121
5.84 -0.101773512290526
5.85 -0.096523028701464
5.86 -0.046253816873961
5.87 -0.027343669399635
5.88 -0.027850460554329
5.89 -0.028920936103488
5.9 -0.048717409234248
5.91 -0.075451437085682
5.92 -0.110529473568533
5.93 -0.166201158841126
5.94 -0.158161950633964
5.95 -0.167319567202819
5.96 -0.128480591838972
5.97 -0.107022311411526
5.98 -0.058286041455594
5.99 -0.034537003059816
6.0 -0.020368223317665
6.01 0.035076719148376
6.02 0.100725691029356
6.03 0.128917332452098
6.04 0.188749700532661
6.05 0.194414970960303
6.06 0.219203967993035
6.07 0.24552245307332
6.08 0.228347675641565
6.09 0.227882727343633
6.1 0.214587584588436
6.11 0.181869804794955
6.12 0.157362495810852
6.13 0.159065740211319
6.14 0.162912687679441
6.15 0.162222975615692
6.16 0.163894765063768
6.17 0.177947517149062
6.18 0.184778148089502
6.19 0.162017293760193
6.2 -0.095753396699638
6.21 -0.012749646027335
6.22 -0.125456939899601
6.23 -0.009883531057152
6.24 -0.066222337975274
6.25 0.007682359137626
6.26 0.042205698109648
6.27 0.029348601555399
6.28 0.068135991930393
6.29 0.055785353791703
6.3 0.082488664061504
6.31 0.105461540262435
6.32 0.127390157763544
6.33 0.179721970915121
6.34 0.201436785191402
6.35 0.192960264167418
6.36 0.198693358887964
6.37 0.198670756197757
6.38 0.172768017495427
6.39 0.131385662805944
6.4 0.010135372948893
6.41 0.070653937037394
6.42 -0.012745726260294
6.43 -0.007703451800866
6.44 -0.028620340199332
6.45 -0.047701214047525
6.46 -0.047563265645756
6.47 -0.073902068598748
6.48 -0.085254328836474
6.49 -0.124055789431139
6.5 -0.100175788316566
6.51 -0.084797399196244
6.52 -0.052718494315272
6.53 -0.100808426286506
6.54 -0.185553329872979
6.55 -0.135263139289644
6.56 -0.136894027165313
6.57 -0.133401273049334
6.58 -0.048362511341037
6.59 0.089913709922906
6.6 0.062158806615123
6.61 0.116654247248537
6.62 0.083093643943823
6.63 0.124927612281076
6.64 0.071339596566445
6.65 0.095442842833338
6.66 0.01702839597805
6.67 -0.016493618607301
6.68 -0.118512830411824
6.69 -0.076288609983438
6.7 -0.125296843633387
6.71 -0.089750102418053
6.72 -0.093617973355505
6.73 -0.086754961567871
6.74 -0.068007117249877
6.75 -0.030269856868051
6.76 -0.029538281698762
6.77 0.005658282348305
6.78 0.115535314967524
6.79 0.170549837764599
6.8 0.123530244767095
6.81 0.172340759523883
6.82 0.202110218420509
6.83 0.175906128651434
6.84 0.200846166506878
6.85 0.192580800474729
6.86 0.141835292752323
6.87 0.129670282052254
6.88 0.130796564591716
6.89 0.10995591593854
6.9 0.097634873521342
6.91 0.098971644310742
6.92 0.099942732858106
6.93 0.1072593145512
6.94 0.106147307454493
6.95 0.079965182505474
6.96 0.070626650090152
6.97 0.078040963173532
6.98 0.087464214835626
6.99 0.100927479757777
7.0 0.115644720697014
7.01 0.155039148354027
7.02 0.173630030400774
7.03 0.170680490841416
7.04 0.178202168913124
7.05 0.183234269215767
7.06 0.171953051451459
7.07 0.165856063917034
7.08 0.078032514856871
7.09 -0.023803045528718
7.1 -0.060909489245363
7.11 -0.106613827217143
7.12 -0.190953950990181
7.13 -0.25876068883753
7.14 -0.315807724020171
7.15 -0.360989702418878
7.16 -0.364467469238076
7.17 -0.376574908966169
7.18 -0.459065638111066
7.19 -0.473774097190628
7.2 -0.440495987823449
7.21 -0.379827717956179
7.22 -0.326536978529089
7.23 -0.317437560291116
7.24 -0.311582964920163
7.25 -0.285628392624008
7.26 -0.244583445274667
7.27 -0.209615789717214
7.28 -0.116252967745535
7.29 0.129435600469828
7.3 0.085646254237349
7.31 0.089280596666841
7.32 0.036319812075591
7.33 0.059276241263776
7.34 -0.004178476395152
7.35 0.016723518410823
7.36 -0.038147387159692
7.37 -0.035030504152285
7.38 -0.028079195637128
7.39 -0.038041193209752
7.4 -0.019266687708163
7.41 -0.023069360934816
7.42 -0.036526729294523
7.43 -0.043437081968218
7.44 -0.057734526446861
7.45 -0.070308013902341
7.46 -0.075598073106901
7.47 -0.076156483790874
7.48 -0.0622609998012
7.49 -0.028455791113431
7.5 0.020240018220529
7.51 0.079382547710548
7.52 0.136753277718023
7.53 0.169333115902192
7.54 0.168415704047798
7.55 0.154704395858898
7.56 0.154504585551645
7.57 0.168245229355843
7.58 0.174956469313975
7.59 0.165000246368278
7.6 0.153378318284864
7.61 0.154345403215778
7.62 0.158244505111244
7.63 0.134854893146159
7.64 -0.05177105249579
7.65 0.03670112822938
7.66 0.004373393077322
7.67 -0.01472752682846
7.68 -0.049644697529717
7.69 -0.072067316659358
7.7 -0.071762226888098
7.71 -0.074617965380173
7.72 -0.066732224992296
7.73 -0.050854270644762
7.74 -0.03039594560681
7.75 0.000861020837552
7.76 0.03706914853844
7.77 0.068765543956199
7.78 0.090385399164208
7.79 0.098064837968571
7.8 0.090557548158956
7.81 0.068398743354507
7.82 0.035112717230035
7.83 -0.001849339769308
7.84 -0.035926774037572
7.85 -0.062331401735031
7.86 -0.075533354138154
7.87 -0.076661299952018
7.88 -0.080795075676502
7.89 -0.158926589173067
7.9 -0.105646317697089
7.91 -0.115152146260898
7.92 -0.123094795692204
7.93 -0.164180509979271
7.94 -0.218703122676841
7.95 -0.245268797686674
7.96 -0.254082753248353
7.97 -0.284536150497891
7.98 -0.251403828637432
7.99 -0.274023965975889
8.0 -0.263316187691154
8.01 -0.231442349261879
8.02 -0.364580756773721
8.03 -0.401427253451495
8.04 -0.320005590182278
8.05 -0.308510032949636
8.06 -0.316570591906026
8.07 -0.258410934432168
8.08 -0.185583054543315
8.09 0.054994809242764
8.1 -0.046765612460287
8.11 0.134748294366231
8.12 0.001964114305427
8.13 0.093408988021448
8.14 0.030885239904837
8.15 0.08545641166479
8.16 0.097227325681709
8.17 0.130804203591485
8.18 0.175164551203722
8.19 0.188731534086757
8.2 0.229699889127072
8.21 0.258542768411219
8.22 0.256153134002612
8.23 0.244673655689435
8.24 0.22059935437582
8.25 0.19402776193608
8.26 0.180612730340097
8.27 0.169098641817011
8.28 0.158848704417827
8.29 0.172694055037929
8.3 0.212285444125381
8.31 0.266967045477108
8.32 0.297669813066798
8.33 0.298063576249911
8.34 0.291772459488116
8.35 0.303740615606102
8.36 0.327061589384049
8.37 0.322983938054145
8.38 0.319508368414497
8.39 0.327105381163198
8.4 0.321241650430506
8.41 0.307275567619822
8.42 0.281096929892836
8.43 -0.100276428371875
8.44 0.106699016150128
8.45 0.027221471619822
8.46 0.024845531396855
8.47 0.061724434514762
8.48 0.0021714737681
8.49 -0.026179844990914
8.5 -0.033175391817374
8.51 -0.049877625407353
8.52 -0.057853463388433
8.53 -0.055655996271984
8.54 -0.052181279593473
8.55 -0.054540472213126
8.56 -0.064720588144246
8.57 -0.076321072918533
8.58 -0.088638257018458
8.59 -0.107992898000244
8.6 -0.132908209629452
8.61 -0.15672368433764
8.62 -0.179565983357666
8.63 -0.204052260823441
8.64 -0.226051972169151
8.65 -0.237971558971806
8.66 -0.236777434437056
8.67 -0.226063949199654
8.68 -0.213855941968545
8.69 -0.208264290624414
8.7 -0.211262894836893
8.71 -0.216018969285824
8.72 -0.213918741616432
8.73 -0.202400370630541
8.74 -0.188747240854954
8.75 -0.113967021038615
8.76 0.012804315921784
8.77 -0.008299474739922
8.78 -0.027143264443529
8.79 -2.7314385911e-05
8.8 0.000998885273379
8.81 -0.005240740978625
8.82 -0.00384927894973
8.83 -0.009646882898466
8.84 -0.0224172777429
8.85 -0.035780073160583
8.86 -0.051495480341962
8.87 -0.069400805003704
8.88 -0.084244798603564
8.89 -0.094310505024621
8.9 -0.100828570756033
8.91 -0.101462717122106
8.92 -0.092802076058761
8.93 -0.074194573231855
8.94 -0.044608608161395
8.95 -0.003098572368556
8.96 0.045499746311588
8.97 0.092182878834365
8.98 0.131505200215819
8.99 0.162502353930461
9.0 0.184341730673821
9.01 0.196888025544962
9.02 0.20391353155133
9.03 0.211208316092208
9.04 0.221889012459443
9.05 0.23555957701466
9.06 0.248743560738272
9.07 0.258670783076411
9.08 0.238057233385739
9.09 0.241653565119037
9.1 0.267022701327949
9.11 0.251331640167131
9.12 0.246772494619555
9.13 0.245359386258993
9.14 0.256619182345572
9.15 0.078911113993203
9.16 9.7448982209e-05
9.17 0.056635072113401
9.18 -0.000616239415032
9.19 -0.026616318855673
9.2 -0.061243722991671
9.21 -0.068696010195045
9.22 -0.094527879453456
9.23 -0.113038251407318
9.24 -0.138802541786727
9.25 -0.163108008619332
9.26 -0.162233139725791
9.27 -0.151582677806244
9.28 -0.135288275588381
9.29 -0.104358708887287
9.3 -0.071758414194799
9.31 -0.045839159766857
9.32 -0.015712004745789
9.33 0.014234745206255
9.34 0.021715755963243
9.35 -0.000442661234347
9.36 -0.039196689173116
9.37 -0.079600336836077
9.38 -0.114181976144048
9.39 -0.148104361629697
9.4 -0.196789703755031
9.41 -0.265473201776119
9.42 -0.331919992027222
9.43 -0.375382437726399
9.44 -0.401133503279786
9.45 -0.417355482003823
9.46 -0.422866062460798
9.47 -0.41994498133801
9.48 -0.404131157678977
9.49 -0.358497757072804
9.5 -0.203854013974572
9.51 -0.214870912266902
9.52 -0.034866130454704
9.53 0.000180327628875
9.54 0.029480089171619
9.55 0.037353004155265
9.56 0.104404650367744
9.57 0.089080692311256
9.58 0.135880137693488
9.59 0.158322012361724
9.6 0.16426442192756
9.61 0.201960427232134
9.62 0.222966116849235
9.63 0.23792570322661
9.64 0.261210762100923
9.65 0.271502378259509
9.66 0.267915670698988
9.67 0.257520910819827
9.68 0.235815687982853
9.69 0.206321083008128
9.7 0.19054654378962
9.71 0.182516978154248
9.72 0.179420735830536
9.73 0.177230354352289
9.74 0.162185554316195
9.75 0.124421568768874
9.76 0.07686670845232
9.77 0.042622667141465
9.78 -0.024647621858856
9.79 0.006257792969275
9.8 0.002670175900416
9.81 0.034388862109794
9.82 0.035307532471914
9.83 0.063991088994542
9.84 0.107833020729163
9.85 0.132577198456711
9.86 0.171370956429663
9.87 0.181491871033836
9.88 0.176000685034426
9.89 0.182490508469435
9.9 0.177311104623328
9.91 0.151366302727928
9.92 0.112407462638487
9.93 0.074374628147865
9.94 0.048203702483644
9.95 0.019120759649426
9.96 -0.024840928535181
9.97 -0.069005161201638
9.98 -0.101912254669632
9.99 -0.125181159599496
10.0 -0.132334406391277
10.01 -0.115249359546159
10.02 -0.083840901048423
10.03 -0.05634491473393
10.04 -0.039512153696858
10.05 -0.029585833206403
10.06 -0.023118368566402
10.07 -0.020016861536282
10.08 -0.023293195753799
10.09 -0.03569213476487
10.1 -0.049245235968622
10.11 -0.061609898076868
10.12 -0.093029711896264
10.13 -0.124824038386448
10.14 -0.156594285388614
10.15 -0.187322026504768
10.16 -0.107800993605834
10.17 0.031568670030741
10.18 -0.010787145801442
10.19 0.017697170420222
10.2 0.052617482036827
10.21 0.057142608485494
10.22 0.090065915327568
10.23 0.124387269651367
10.24 0.152751718248469
10.25 0.190004405764528
10.26 0.218512877941462
10.27 0.212914451074688
10.28 0.18087190342835
10.29 0.138072526509255
10.3 0.034491905712835
10.31 -0.359398314779294
10.32 -0.106208665485625
10.33 -0.325752180193488
10.34 -0.180972058008337
10.35 -0.244917697392475
10.36 -0.178070252989535
10.37 -0.172657567757619
10.38 -0.118710940030015
10.39 -0.092054112162702
10.4 -0.025237810735726
10.41 0.06694051289878
10.42 0.108188077432405
10.43 0.165165379998838
10.44 0.202036480971724
10.45 0.224935208714693
10.46 0.259549906223956
10.47 0.280136719051916
10.48 0.270356992251872
10.49 0.241816359616999
10.5 0.12519227747878
10.51 0.050604582411033
10.52 0.079435357345718
10.53 0.006263921420886
10.54 -0.064791463144596
10.55 -0.077961206037326
10.56 -0.115382895992177
10.57 -0.168702425254871
10.58 -0.19279474089649
10.59 -0.194587555599438
10.6 -0.19094785658108
10.61 -0.163583317432107
10.62 -0.165115919659554
10.63 -0.116567085863888
10.64 -0.215330182664368
10.65 -0.174711355158372
10.66 -0.129138250661256
10.67 -0.151605731354345
10.68 -0.084314239799355
10.69 -0.004992360060104
10.7 0.062561819402949
10.71 0.109653001272882
10.72 0.120946185648188
10.73 0.11197983605307
10.74 0.050386394965866
10.75 0.038143691277975
10.76 -0.04486887132034
10.77 -0.092124754671772
10.78 -0.122967320221819
10.79 -0.130931798434138
10.8 -0.176121962499437
10.81 -0.202937824966433
10.82 -0.215528454592799
10.83 -0.227328718382235
10.84 -0.242370666558746
10.85 -0.265853490718376
10.86 -0.27562438801432
10.87 -0.27828317133248
10.88 -0.228952965827492
10.89 -0.111176021578473
10.9 -0.182741262293277
10.91 -0.195023710186559
10.92 0.144596719809472
10.93 -0.056349002399537
10.94 0.1537237583923
10.95 0.008949571601178
10.96 0.120592464067681
10.97 0.053700148026569
10.98 0.106025918289823
10.99 0.063078531768938
11.0 0.075605917096802
11.01 0.061111197869298
11.02 0.06128691804942
11.03 0.073988091274851
11.04 0.05925138955548
11.05 0.070803405237695
11.06 0.071978737933303
11.07 0.061282858125833
11.08 0.073181862967947
11.09 0.087136372150471
11.1 0.106944951711557
11.11 0.138959864512555
11.12 0.171089800657563
11.13 0.199597652121698
11.14 0.229393897009588
11.15 0.246714675985303
11.16 0.251415603770892
11.17 0.259826728045249
11.18 0.2723066840932
11.19 0.279470961471752
11.2 0.279494173327526
11.21 0.270884503545637
11.22 0.252752034247309
11.23 0.236734626779219
11.24 0.239887801333584
11.25 0.259715932761951
11.26 0.271015426687678
11.27 0.258791459724472
11.28 0.238877056832558
11.29 0.155395931542843
11.3 0.039417251897802
11.31 0.079411491738621
11.32 0.048952086113138
11.33 0.016090530829161
11.34 0.007357435643817
11.35 -0.007101038487835
11.36 -0.032422103852837
11.37 -0.055090627437987
11.38 -0.073895624946384
11.39 -0.096260932196264
11.4 -0.117959726919928
11.41 -0.136728248525995
11.42 -0.15482600703504
11.43 -0.16723227880943
11.44 -0.166525469832535
11.45 -0.1504290459166
11.46 -0.121804048377719
11.47 -0.095224566206246
11.48 -0.080471323492047
11.49 -0.089351765585665
11.5 -0.113800798231771
11.51 -0.133384236176174
11.52 -0.135360348642113
11.53 -0.122737969158729
11.54 -0.105864392363378
11.55 -0.092524441738611
11.56 -0.086126632455851
11.57 -0.086880227996867
11.58 -0.097867208992191
11.59 -0.104579595562118
11.6 -0.10376422288191
11.61 -0.112708072337517
11.62 -0.142289670727275
11.63 -0.145279382892292
11.64 -0.157348923254434
11.65 -0.163536625409015
11.66 -0.168300849962062
11.67 -0.167661083566443
11.68 -0.140435123777455
11.69 -0.106516153792679
11.7 -0.069649422588679
11.71 -0.043926685037404
11.72 -0.034874694198221
11.73 -0.020473689964967
11.74 0.005376968977028
11.75 0.040669321234982
11.76 0.084185814256386
11.77 0.124011169199135
11.78 0.154998463001617
11.79 0.182849230505582
11.8 0.207356211971673
11.81 0.225972259212351
11.82 0.239556826398173
11.83 0.246294006808052
11.84 0.24468393764163
11.85 0.239350347959832
11.86 0.235201200024814
11.87 0.232300812045436
11.88 0.228895552071658
11.89 0.22369629115114
11.9 0.216217762163281
11.91 0.208827254327251
11.92 0.20625251151119
11.93 0.210553930442273
11.94 0.218474305167401
11.95 0.22319693700051
11.96 0.220497480007355
11.97 0.207659859050873
11.98 0.152124890422246
11.99 -0.020297895444467
12.0 0.098884689365198
12.01 0.029774313763778
12.02 0.095349658759192
12.03 0.076102555715715
12.04 0.075422600040524
12.05 0.063659588525616
12.06 0.035887590221467
12.07 0.025979483553062
12.08 0.00956455109675
12.09 -0.009635567761402
12.1 -0.023102194648633
12.11 -0.036537478628069
12.12 -0.048544897942229
12.13 -0.056677517536186
12.14 -0.062229038714592
12.15 -0.067351333807623
12.16 -0.07608666681671
12.17 -0.09185637259907
12.18 -0.114166577066083
12.19 -0.138835945966921
12.2 -0.158414528067818
12.21 -0.166282368682555
12.22 -0.164540449080023
12.23 -0.163205954385936
12.24 -0.167849700185451
12.25 -0.172774167123628
12.26 -0.170728738554796
12.27 -0.165226497711679
12.28 -0.167360007027962
12.29 -0.181219949100174
12.3 -0.198587875196164
12.31 -0.211108783973093
12.32 -0.223615190592838
12.33 -0.239103607587863
12.34 -0.274086338450678
12.35 -0.281097326598904
12.36 -0.283168695446144
12.37 -0.276349516885788
12.38 -0.27368461494906
12.39 -0.24545490783037
12.4 -0.212834260785128
12.41 -0.184729864575855
12.42 -0.180444244626221
12.43 -0.171852012710037
12.44 -0.151500350351457
12.45 -0.121539882442558
12.46 -0.094792277943602
12.47 -0.077439159857937
12.48 -0.064255627346466
12.49 -0.046099182182
12.5 -0.034952325691156
12.51 -0.032725065813562
12.52 -0.024238088329029
12.53 -0.010840683701941
12.54 0.000808137278068
12.55 0.012786142676099
12.56 0.027052954587679
12.57 0.046039404320431
12.58 0.071512864782254
12.59 0.099861425484996
12.6 0.126710486298789
12.61 0.149165289173797
12.62 0.163899684734306
12.63 0.170496257285733
12.64 0.173125655606916
12.65 0.176032839492051
12.66 0.180830889515645
12.67 0.186838771452333
12.68 0.19089864111946
12.69 0.188962877334232
12.7 0.179711433146251
12.71 0.165576155261904
12.72 0.150587465509903
12.73 0.13878102227862
12.74 0.131741797538425
12.75 0.126274273952733
12.76 0.049008830771586
12.77 -0.050649757139717
12.78 0.007552416465804
12.79 -0.031245833143964
12.8 -0.007905801129111
12.81 0.001339976506517
12.82 0.011144488137426
12.83 0.028494293433599
12.84 0.038425182243789
12.85 0.047760155178192
12.86 0.057673275860376
12.87 0.067652248672796
12.88 0.077706227818722
12.89 0.08765484242654
12.9 0.096264832541412
12.91 0.099647127917832
12.92 0.092104421875451
12.93 0.069063267755423
12.94 0.033018151296981
12.95 -0.006871365071844
12.96 -0.043148500880985
12.97 -0.072167055645141
12.98 -0.089692076701016
12.99 -0.093400008647771
13.0 -0.09068051095611
13.01 -0.094482601685474
13.02 -0.108166281339007
13.03 -0.122497338861249
13.04 -0.130195225369402
13.05 -0.133771543149867
13.06 -0.137590108160674
13.07 -0.143581774156398
13.08 -0.154142080988755
13.09 -0.167887018820023
13.1 -0.175060542861853
13.11 -0.169139140288661
13.12 -0.151440532283483
13.13 -0.051343422350934
13.14 -0.050221746192988
13.15 -0.015420124275966
13.16 -0.0465977453762
13.17 -0.001296297496394
13.18 -0.016626004821576
13.19 -0.005467680385894
13.2 -0.017929835569096
13.21 -0.019745136520962
13.22 -0.018062540839893
13.23 -0.028886586906269
13.24 -0.040092586632814
13.25 -0.054628421990298
13.26 -0.071364559953862
13.27 -0.086548960343853
13.28 -0.083375091122735
13.29 -0.073422599115252
13.3 -0.063003152596281
13.31 -0.041372920909838
13.32 -0.001138908506822
13.33 0.043804735919523
13.34 0.04076244270524
13.35 0.038546753257128
13.36 0.057798218640188
13.37 0.059200890836787
13.38 0.059863971259708
13.39 0.063772925320374
13.4 0.062534260135673
13.41 0.062661419009897
13.42 0.066557476261304
13.43 0.071311386656644
13.44 0.079415917100275
13.45 0.08647080562537
13.46 0.091595888497682
13.47 0.095624524899248
13.48 0.090610578072464
13.49 0.069870139101303
13.5 -0.047673587083839
13.51 0.011278580576316
13.52 -0.057751702849779
13.53 -0.019976805800445
13.54 -0.048255294629537
13.55 -0.043373843882312
13.56 -0.047827578008469
13.57 -0.051834477729721
13.58 -0.047836321460134
13.59 -0.054864262968016
13.6 -0.049068832402166
13.61 -0.050018930095786
13.62 -0.037292879278212
13.63 -0.033839684902723
13.64 -0.030514480369448
13.65 -0.027529537940662
13.66 -0.031508235636243
13.67 -0.03712789132197
13.68 -0.053901497096182
13.69 -0.081292898546634
13.7 -0.098022026353517
13.71 -0.084472836484847
13.72 -0.057624642102326
13.73 -0.041059733827777
13.74 -0.037886231562165
13.75 -0.024640907549289
13.76 -0.034226046450758
13.77 -0.026077809498996
13.78 -0.034253057386664
13.79 -0.029140801724146
13.8 -0.031535801636533
13.81 -0.030237803189901
13.82 -0.012741137617279
13.83 -0.007475187094224
13.84 -0.015945406890718
13.85 -0.015253903248044
13.86 -0.003987991862295
13.87 0.003405103340463
13.88 0.011602668328123
13.89 0.02629914754848
13.9 0.045988276747372
13.91 0.066420080009929
13.92 0.076992504245953
13.93 0.078047225851872
13.94 0.08170046989442
13.95 0.083510486385685
13.96 0.08110111883584
13.97 0.075491557555061
13.98 0.071205781793237
13.99 0.067892464900693
14.0 0.065309678050111
14.01 0.066114532404279
14.02 0.070031520735093
14.03 0.073375883254447
14.04 0.073711982621558
14.05 0.068380141931994
14.06 0.066384792940848
14.07 0.069146195455317
14.08 0.066296228092437
14.09 0.0688123492474
14.1 0.068104109419892
14.11 0.062186302357941
14.12 0.057889945593907
14.13 0.054668173919352
14.14 0.051843965121513
14.15 0.052383688991077
14.16 0.050961270228767
14.17 0.04859689857701
14.18 0.046425200656639
14.19 0.042809689994122
14.2 0.041049780118176
14.21 0.03996286327802
14.22 0.037475969914254
14.23 0.034617943192337
14.24 0.031253959458365
14.25 0.025811595573375
14.26 0.01531366803027
14.27 -0.000843684040085
14.28 -0.020968176015653
14.29 -0.041952499785112
14.3 -0.056466245739548
14.31 -0.063366351438451
14.32 -0.071943615012239
14.33 -0.075672384994129
14.34 -0.076152295799588
14.35 -0.079941144283617
14.36 -0.075866786552885
14.37 -0.07178819839817
14.38 -0.06657324016674
14.39 -0.055291444749314
14.4 -0.044793625802681
14.41 -0.033924349823272
14.42 -0.026760432384601
14.43 -0.028167415135154
14.44 -0.035246378480947
14.45 -0.047626553950447
14.46 -0.061994404403671
14.47 -0.072934739304403
14.48 -0.081724482537424
14.49 -0.093032104552035
14.5 -0.109513194373082
14.51 -0.121586176673017
14.52 -0.116271125493262
14.53 -0.10588409398802
14.54 -0.112470739374232
14.55 -0.110081110526319
14.56 -0.112683134958725
14.57 -0.106603820001244
14.58 -0.114670772679616
14.59 -0.115811807992693
14.6 -0.116126129995627
14.61 -0.11807176663681
14.62 -0.122520836568843
14.63 -0.122199518626401
14.64 -0.103930949864933
14.65 -0.050860184593229
14.66 -0.064676053153061
14.67 -0.045754260553746
14.68 -0.04304567588353
14.69 -0.028567277002436
14.7 -0.022642168435199
14.71 -0.014958974803684
14.72 -0.019158347252935
14.73 -0.011645304961304
14.74 -0.014764230964841
14.75 -0.010116469865092
14.76 -0.011692358039684
14.77 -0.003522164136246
14.78 0.007975129139362
14.79 0.019834292315475
14.8 0.032525844405284
14.81 0.04405140091142
14.82 0.061734143471066
14.83 0.08508116327675
14.84 0.099512477716502
14.85 0.09347949691011
14.86 0.084245329430201
14.87 0.089185385630106
14.88 0.091012516259249
14.89 0.082902068716236
14.9 0.082038655993815
14.91 0.081789758078082
14.92 0.073551439794744
14.93 0.068940561550041
14.94 0.069521019078979
14.95 0.069168175084803
14.96 0.073560912395631
14.97 0.082451456196047
14.98 0.102398036765553
14.99 0.108237186378717
15.0 0.116664282449093
15.01 0.107925536863396
15.02 0.099544503714773
15.03 0.087416012291924
15.04 0.081127155949055
15.05 0.075568960108211
15.06 0.076583919012042
15.07 0.070949518335451
15.08 0.065611056370115
15.09 0.051910325874506
15.1 0.033426743332
15.11 0.017099670759202
15.12 0.002269862970164
15.13 -0.005768403946242
15.14 -0.013301073250188
15.15 -0.021911250077326
15.16 -0.028615027309936
15.17 -0.035062307423987
15.18 -0.042688053515179
15.19 -0.048928588622714
15.2 -0.051056709906119
15.21 -0.04993474093751
15.22 -0.044767546632201
15.23 -0.033948069886522
15.24 -0.020815537853808
15.25 -0.00900413845868
15.26 -0.00026413054792
15.27 0.002130940317947
15.28 -0.002662275207724
15.29 -0.011393640627882
15.3 -0.02869706243509
15.31 -0.040333990410151
15.32 -0.049675118271937
15.33 -0.053272211131268
15.34 -0.058634178700092
15.35 -0.053627178619066
15.36 -0.051943200874134
15.37 -0.04994164616345
15.38 -0.046098368746862
15.39 -0.039556579147254
15.4 -0.032858326224638
15.41 -0.024861742396413
15.42 -0.009206103476276
15.43 0.011086629783261
15.44 0.017318233054742
15.45 0.010100491023738
15.46 0.009192632303316
15.47 0.013265469722273
15.48 0.016667114976211
15.49 0.025845418386161
15.5 0.038678123909063
15.51 0.049614602498244
15.52 0.061965087167546
15.53 0.075997306030622
15.54 0.09059078183789
15.55 0.104787888859114
15.56 0.116004686404983
15.57 0.125219138086999
15.58 0.133984024322345
15.59 0.140949318106442
15.6 0.147203946990715
15.61 0.153949181947935
15.62 0.153122007005516
15.63 0.139495238696356
15.64 0.134973824912958
15.65 0.140733924185869
15.66 0.148117262783871
15.67 0.144828056175238
15.68 0.117827767305261
15.69 -0.070029132604738
15.7 0.037802041219008
15.71 -0.064295577955671
15.72 0.002291476997165
15.73 -0.04920308347107
15.74 -0.024432257251511
15.75 -0.036686992293014
15.76 -0.034742098975022
15.77 -0.030175355283305
15.78 -0.025927575831411
15.79 -0.012366560957065
15.8 -0.001866953482177
15.81 0.01529986560629
15.82 0.030233536370237
15.83 0.042103844537612
15.84 0.050547794843113
15.85 0.048740320166951
15.86 0.039554276246209
15.87 0.020694237151991
15.88 -0.012598688215883
15.89 -0.051659120326626
15.9 -0.077570675190352
15.91 -0.082415337704052
15.92 -0.089033022741374
15.93 -0.116200972624299
15.94 -0.142971214282904
15.95 -0.153731513090239
15.96 -0.155570013918328
15.97 -0.154402237203697
15.98 -0.14424834167002
15.99 -0.115894868684189
16.0 -0.092993199126381
16.01 -0.068816204919718
16.02 -0.039231411978936
16.03 -0.038404125210041
16.04 -0.02714551679615
16.05 -0.022807012403459
16.06 -0.027332489969226
16.07 -0.032856755772992
16.08 -0.034542994519543
16.09 -0.034096795000355
16.1 -0.045814492086004
16.11 -0.050662858521901
16.12 -0.055576910702571
16.13 -0.05252531565097
16.14 -0.043376969096349
16.15 -0.03531811329985
16.16 -0.026636315349256
16.17 -0.015116194035557
16.18 0.004147659874397
16.19 0.019318299064232
16.2 0.019365675495696
16.21 0.020040007569215
16.22 0.034405081560565
16.23 0.052378039169028
16.24 0.066404865831347
16.25 0.083962304921993
16.26 0.101463231142937
16.27 0.112997105362882
16.28 0.123791932381108
16.29 0.130131979986954
16.3 0.131172281024178
16.31 0.1352568991205
16.32 0.140547820587043
16.33 0.143349698340172
16.34 0.143461988657383
16.35 0.137380305468227
16.36 0.124752285406463
16.37 0.109579343992583
16.38 0.095530107532661
16.39 0.085178961651335
16.4 0.078133847288936
16.41 0.069908001360534
16.42 0.002052790565569
16.43 0.025154198081207
16.44 -0.003434270967881
16.45 0.023125485656933
16.46 0.009146520805896
16.47 0.022079697525136
16.48 0.015413159223125
16.49 0.019474399390702
16.5 0.021489437910383
16.51 0.023967887223538
16.52 0.030708642907016
16.53 0.034466257662029
16.54 0.041086006985978
16.55 0.045705279490582
16.56 0.045713652093117
16.57 0.037593631918153
16.58 0.022004823858142
16.59 0.0038962032775
16.6 -0.0162539260757
16.61 -0.038617052828552
16.62 -0.057930235643354
16.63 -0.068885944366173
16.64 -0.077287118784325
16.65 -0.092892201409556
16.66 -0.111854511796438
16.67 -0.125235813900572
16.68 -0.136481677282707
16.69 -0.151061541949631
16.7 -0.163233666397127
16.71 -0.167017017238184
16.72 -0.164740228235665
16.73 -0.158367890261038
16.74 -0.147048099690565
16.75 -0.12926273250759
16.76 -0.094192024540883
16.77 0.029584993355701
16.78 -0.029868844660045
16.79 0.009835444067438
16.8 -0.000344086963259
16.81 0.009615138336132
16.82 0.008483742625858
16.83 0.011861688379203
16.84 0.001686994789985
16.85 -0.004162069628453
16.86 -0.019539347505579
16.87 -0.030551406681417
16.88 -0.052759196855542
16.89 -0.077764932600933
16.9 -0.107959416046392
16.91 -0.113697355879146
16.92 -0.098407340236475
16.93 -0.089559381874174
16.94 -0.063671555456125
16.95 -0.02913309382738
16.96 0.019427213340197
16.97 0.031790965006014
16.98 0.035376322555434
16.99 0.070357437996426
17.0 0.077003439656167
17.01 0.08355218632163
17.02 0.092908963731128
17.03 0.093105643541505
17.04 0.092657377588065
17.05 0.089955391937995
17.06 0.085377056367235
17.07 0.070468374602685
17.08 0.066582414497968
17.09 0.090968411679795
17.1 0.104845557038531
17.11 0.105610123284215
17.12 0.106324731816302
17.13 0.091054796880705
17.14 0.03573736212591
17.15 -0.006031495088205
17.16 -0.004572212479444
17.17 0.014792412983589
17.18 -0.013132931865975
17.19 0.007249322198622
17.2 -0.023156830011419
17.21 -0.005352114518228
17.22 -0.014522605837999
17.23 0.001843615976678
17.24 -0.005488433475614
17.25 -0.001491248352751
17.26 0.001885354746534
17.27 -0.001442009420429
17.28 -0.007689898686954
17.29 -0.021324862768433
17.3 -0.03198889652232
17.31 -0.048192331197912
17.32 -0.067799556457805
17.33 -0.094868514559649
17.34 -0.118999167633967
17.35 -0.118962150919253
17.36 -0.102604723254027
17.37 -0.097646258383972
17.38 -0.109772543729848
17.39 -0.11397647293552
17.4 -0.105899250851723
17.41 -0.106892775450141
17.42 -0.10948769441107
17.43 -0.101216918161663
17.44 -0.100874500896705
17.45 -0.099971932278002
17.46 -0.079741924460249
17.47 0.024417312304093
17.48 -0.010730398144871
17.49 0.017952840915381
17.5 -0.005092213834658
17.51 0.007166900679397
17.52 0.019855873307237
17.53 0.031187210158245
17.54 0.038475171703598
17.55 0.045807774480833
17.56 0.045234937762585
17.57 0.04219777650682
17.58 0.038636417666202
17.59 0.03186884364065
17.6 0.025484904654471
17.61 0.017191825552052
17.62 0.00618571310795
17.63 -0.001790386365461
17.64 -0.002879468834736
17.65 0.003375346610908
17.66 0.013327444894409
17.67 0.019799429574674
17.68 0.017519216550879
17.69 0.022728755648056
17.7 0.04645854189364
17.71 0.057751036284114
17.72 0.084175833529478
17.73 0.096962573423992
17.74 0.120836710253318
17.75 0.128218350883224
17.76 0.141786789992052
17.77 0.142348886442647
17.78 0.133425641781243
17.79 0.108860527243834
17.8 0.063973306965762
17.81 0.018679912411289
17.82 -0.011103960718757
17.83 -0.030616263255904
17.84 -0.042175221409124
17.85 -0.045620420416931
17.86 -0.050700667911358
17.87 -0.047921325368457
17.88 -0.03194281639843
17.89 -0.022519020704562
17.9 -0.001831810960726
17.91 0.033852323808178
17.92 0.081838371069691
17.93 0.095937917821676
17.94 0.108343643579359
17.95 0.100365596786492
17.96 0.093762561888343
17.97 0.064068481139696
17.98 0.036915053119711
17.99 0.021670835780031
18.0 0.002279475665684
18.01 -0.026371511803757
18.02 -0.053462791801573
18.03 -0.073589885995572
18.04 -0.07043119633387
18.05 -0.05771338092653
18.06 -0.058664510451037
18.07 -0.085214054763593
18.08 -0.057773642330362
18.09 -0.045390993531939
18.1 -0.018315980871271
18.11 0.011506735611456
18.12 0.02456948398821
18.13 0.076436853193882
18.14 0.083499625087258
18.15 0.11283827257028
18.16 0.093952867784203
18.17 0.109768455625592
18.18 0.088210750602569
18.19 0.097849545884294
18.2 0.085380755844105
18.21 0.085124101436441
18.22 0.062576743242164
18.23 0.032623312137904
18.24 -0.032740539571792
18.25 -0.057669242762489
18.26 -0.069796828968617
18.27 -0.091283478428552
18.28 -0.082679335784476
18.29 -0.077615208493939
18.3 -0.061471214066567
18.31 -0.056050493235147
18.32 -0.051899263575996
18.33 -0.039199779570403
18.34 -0.026204386747105
18.35 -0.012169935943666
18.36 0.03219774209336
18.37 0.049161590974237
18.38 0.063538269209961
18.39 0.077144119164977
18.4 0.078400182930035
18.41 0.069811862538957
18.42 0.053454517041539
18.43 0.015685968339662
18.44 -0.004874828165422
18.45 -0.001309275685001
18.46 -0.040203310404665
18.47 -0.052433193530122
18.48 -0.078468153814069
18.49 -0.079031223844471
18.5 -0.099941386579901
18.51 -0.096646898009264
18.52 -0.101180211902002
18.53 -0.092062237197819
18.54 -0.080720258815597
18.55 -0.075153123159238
18.56 -0.080544080549308
18.57 -0.062578569674495
18.58 -0.042825846875779
18.59 -0.027335071619679
18.6 0.027726974032451
18.61 0.028470522122724
18.62 0.032865925957433
18.63 0.027823820732446
18.64 0.014314110433738
18.65 0.002471428702563
18.66 -0.006513568460997
18.67 -0.029039791414312
18.68 -0.03682023068935
18.69 -0.049318261979899
18.7 -0.062984697934487
18.71 -0.069669553961999
18.72 -0.072636813999303
18.73 -0.075158631752007
18.74 -0.068387635951635
18.75 -0.047635277766565
18.76 -0.019841906054876
18.77 0.004099721830381
18.78 0.003269913385521
18.79 0.010995811485129
18.8 0.017398443930042
18.81 0.024473880689281
18.82 0.024534567425644
18.83 0.025570699022959
18.84 0.025427866937426
18.85 0.021973123838531
18.86 0.026204296498011
18.87 0.038965514814059
18.88 0.037073733385476
18.89 0.036777558814504
18.9 0.027846301359944
18.91 0.0221328026766
18.92 0.019400001458166
18.93 0.017307907830253
18.94 0.021100846919113
18.95 0.024701939386501
18.96 0.025399748376802
18.97 0.027851548099231
18.98 0.031041191915101
18.99 0.030039044921861
19.0 0.01836506619752
19.01 -0.01993490749777
19.02 -0.030752975039771
19.03 -0.030192608388894
19.04 -0.039493518275342
19.05 -0.027585567554991
19.06 -0.034245690611316
19.07 -0.052378333488109
19.08 -0.056030539374464
19.09 -0.057951656118293
19.1 -0.0592428115612
19.11 -0.060745736430916
19.12 -0.046605190546198
19.13 -0.047351285363304
19.14 -0.044770262205654
19.15 -0.041862679989737
19.16 -0.036881187345745
19.17 -0.033859500655656
19.18 -0.035335223546389
19.19 -0.034876098006528
19.2 0.000372257919878
19.21 0.020339588969891
19.22 0.012257224375123
19.23 0.006219204626513
19.24 -0.008338466964595
19.25 -0.011418385151088
19.26 -0.023745189134969
19.27 -0.023101010369568
19.28 -0.027415520099481
19.29 -0.026996981775165
19.3 -0.028842776047851
19.31 -0.028256768610724
19.32 -0.027935255545934
19.33 -0.022984432749841
19.34 -0.011759743661692
19.35 0.00600764679257
19.36 0.031045640188952
19.37 0.057151722211258
19.38 0.081559098259879
19.39 0.099132712526141
19.4 0.10486273857265
19.41 0.103990219707254
19.42 0.101644200350033
19.43 0.097030074808839
19.44 0.090439074916679
19.45 0.084543781393966
19.46 0.077597162983361
19.47 0.069459483376212
19.48 0.065155536383758
19.49 0.062479109271248
19.5 0.056138884619641
19.51 0.032398955742162
19.52 0.031250475804563
19.53 0.022216496270743
19.54 0.03610680680648
19.55 0.047407104074516
19.56 0.057404898498957
19.57 0.060629547224324
19.58 0.068243614683844
19.59 0.075930405903004
19.6 0.086255768308788
19.61 0.095134650077752
19.62 0.100910884195945
19.63 0.109640753141241
19.64 0.112663095102408
19.65 0.108407118551671
19.66 0.092216822382803
19.67 0.075271452366039
19.68 0.057192068963137
19.69 0.034222872073806
19.7 0.016219581606712
19.71 -0.006651850236209
19.72 -0.026170265494626
19.73 -0.042945212100305
19.74 -0.064334993841286
19.75 -0.087946705552685
19.76 -0.079881447362752
19.77 -0.097702223392179
19.78 -0.086905577350931
19.79 -0.088757733355641
19.8 -0.079187533837728
19.81 -0.067879349456307
19.82 -0.05875703241077
19.83 -0.044051335913368
19.84 -0.031932403930995
19.85 -0.015982480005287
19.86 0.00296834083229
19.87 0.026510755881916
19.88 0.02910447329255
19.89 0.007404947764027
19.9 0.000346078150904
19.91 -0.017852690282534
19.92 -0.027558155453605
19.93 -0.04936086029458
19.94 -0.064860113255522
19.95 -0.087346515845607
19.96 -0.090344605943216
19.97 -0.099025925288829
19.98 -0.111160453447174
19.99 -0.119407669710637
20.0 -0.120845172988868
20.01 -0.129640360398573
20.02 -0.134312719101106
20.03 -0.110324868705162
20.04 -0.046068260901304
20.05 -0.007114478245705
20.06 -0.014709204783643
20.07 0.009407544567286
20.08 0.019401639706932
20.09 0.028535933056346
20.1 0.043587969383667
20.11 0.040970466789248
20.12 0.062854506205037
20.13 0.056233853474306
20.14 0.058014553779189
20.15 0.061893491411222
20.16 0.04682604365389
20.17 0.041448651316691
20.18 0.022595751664989
20.19 -0.00032958353365
20.2 -0.018621133121141
20.21 -0.039556659791952
20.22 -0.041910927270809
20.23 -0.031447312440839
20.24 -0.031448872541768
20.25 -0.027177261259097
20.26 -0.019254158160267
20.27 -0.010828140525486
20.28 -0.000514285553672
20.29 0.019481399550974
20.3 0.041750630582379
20.31 0.056165875434284
20.32 0.053406745056354
20.33 0.049681833964837
20.34 0.058335539327092
20.35 0.056416781817808
20.36 0.046386947784427
20.37 0.033160602906083
20.38 0.012336982254712
20.39 -0.019101980105163
20.4 -0.040934416590365
20.41 -0.030511011585534
20.42 -0.049020636994124
20.43 -0.044568790258323
20.44 -0.042071381220624
20.45 -0.042488108774143
20.46 -0.040298704055353
20.47 -0.043951586693654
20.48 -0.051722169786546
20.49 -0.057693334948757
20.5 -0.061651390910898
20.51 -0.064476394538597
20.52 -0.063400311437693
20.53 -0.060285837263671
20.54 -0.053321189720536
20.55 -0.042408386878506
20.56 -0.027685295419712
20.57 -0.000428795608044
20.58 -0.004120922031926
20.59 0.007951800996482
20.6 0.01074986514618
20.61 0.014350009408549
20.62 0.005300036125951
20.63 0.001152745858604
20.64 -0.002828990766173
20.65 -0.011621425173189
20.66 -0.020695545481654
20.67 -0.023107910589207
20.68 -0.0257653165951
20.69 -0.024790374468193
20.7 -0.022222288468792
20.71 -0.020186563841702
20.72 -0.015184874918047
20.73 -0.001827026091467
20.74 0.014572750343862
20.75 0.023933247377797
20.76 0.022660050722069
20.77 0.021297447251011
20.78 0.034048790529109
20.79 0.030816717464063
20.8 0.033774205817877
20.81 0.031903103300253
20.82 0.031176409334406
20.83 0.035461403135537
20.84 0.038713926857686
20.85 0.043260230010237
20.86 0.043697001708309
20.87 0.049261263154703
20.88 0.048889371062712
20.89 0.04457900371147
20.9 0.046092390746637
20.91 0.037146904101955
20.92 0.010037396410267
20.93 0.009938412641734
20.94 0.005349778811128
20.95 -0.003497663824908
20.96 -0.013589581308023
20.97 -0.019093208087436
20.98 -0.023944567249508
20.99 -0.023776425005724
21.0 -0.023884109656121
21.01 -0.020479961063639
21.02 -0.021115794619929
21.03 -0.018240540422778
21.04 -0.015332835726456
21.05 -0.012957909746872
21.06 -0.013098122354398
21.07 -0.013572128773402
21.08 -0.01690957377482
21.09 -0.022405102277543
21.1 -0.027377647847883
21.11 -0.026882345757391
21.12 -0.02412658209854
21.13 -0.032407328183318
21.14 -0.032344900885909
21.15 -0.033475600689498
21.16 -0.034875638442227
21.17 -0.033045353723739
21.18 -0.030778913349921
21.19 -0.026307772504462
21.2 -0.027287229079199
21.21 -0.027090992785666
21.22 -0.024453160649819
21.23 -0.01612259610846
21.24 -0.009851981686328
21.25 -0.002688379782171
21.26 0.006738442852391
21.27 0.014171549121984
21.28 0.024242648752676
21.29 0.033066504770202
21.3 0.041419522781389
21.31 0.050856423006827
21.32 0.058192575244084
21.33 0.061711026303502
21.34 0.064054986569373
21.35 0.063078811691489
21.36 0.062197405834711
21.37 0.058901674523
21.38 0.06269232745291
21.39 0.053262438818614
21.4 0.050655512223088
21.41 0.048162165258886
21.42 0.036538335826671
21.43 -0.022302238826079
21.44 -0.004046352299583
21.45 -0.021148236716782
21.46 -0.013938694463519
21.47 -0.014555724550383
21.48 -0.010242869321615
21.49 -0.00174367462413
21.5 0.004404966493777
21.51 0.019347875375186
21.52 0.029868870686608
21.53 0.047919871794942
21.54 0.071872848361912
21.55 0.080896319286129
21.56 0.078662086329773
21.57 0.08331872849648
21.58 0.07640523320707
21.59 0.052777434669369
21.6 0.021265206728857
21.61 0.010634836905181
21.62 0.00483459457995
21.63 -0.009312280001563
21.64 -0.025260174275248
21.65 -0.025627464080794
21.66 -0.033026063465564
21.67 -0.034253268366169
21.68 -0.036914926351118
21.69 -0.03032385974566
21.7 -0.025901264371747
21.71 -0.002477085131075
21.72 0.023816376429289
21.73 0.044030965177232
21.74 0.039201091022189
21.75 0.047068838948723
21.76 0.048665878143642
21.77 0.044740245049408
21.78 0.032525792880701
21.79 0.021778725537987
21.8 0.00660747933006
21.81 -0.011690220303033
21.82 -0.021218464958462
21.83 -0.034983535576225
21.84 -0.049083142553211
21.85 -0.044254965002193
21.86 -0.050160134572637
21.87 -0.043269370431353
21.88 -0.032613053498327
21.89 -0.027429886426407
21.9 -0.005941237959173
21.91 -0.009983751702637
21.92 -0.006773466494113
21.93 0.002875475607631
21.94 0.002889338008105
21.95 0.013626573419987
21.96 0.008193838080856
21.97 0.014273322839922
21.98 -0.003641700175596
21.99 -0.005147424502786
22.0 -0.017329749403408
22.01 -0.018217998124932
22.02 -0.025411157719191
22.03 -0.026589993397218
22.04 -0.027798430036683
22.05 -0.025554110774402
22.06 -0.022080903236842
22.07 -0.018514835240169
22.08 -0.013790173839068
22.09 -0.003113636497846
22.1 0.002238475791501
22.11 0.007777983814625
22.12 0.008028897273161
22.13 0.001019931833643
22.14 -0.003911769554435
22.15 -0.005722802134104
22.16 -0.013157992942429
22.17 -0.021878730113847
22.18 -0.027510106879716
22.19 -0.026565579587062
22.2 -0.028405368377791
22.21 -0.029042351038811
22.22 -0.028816342658359
22.23 -0.025262732199646
22.24 -0.017435017706969
22.25 -0.014517316726122
22.26 -0.012122455130302
22.27 -0.008587533143279
22.28 -0.022027655941643
22.29 -0.026756784072392
22.3 -0.029653879088787
22.31 -0.03765236023798
22.32 -0.037747721829823
22.33 -0.046437862424239
22.34 -0.049802539452438
22.35 -0.044507656409148
22.36 -0.039899222743969
22.37 -0.033601180266567
22.38 -0.030551500088557
22.39 -0.02550531116281
22.4 -0.018411466489901
22.41 -0.014234493588916
22.42 -0.007380665994552
22.43 -0.007540046324273
22.44 -0.013272764996415
22.45 -0.024169423066562
22.46 -0.03275212378521
22.47 -0.045330721589473
22.48 -0.048422170903164
22.49 -0.05029379642005
22.5 -0.047214487586676
22.51 -0.042735565277446
22.52 -0.032150509578413
22.53 -0.020318265025
22.54 -0.012976405821328
22.55 -0.001814975814697
22.56 0.006241908332955
22.57 0.012957525457086
22.58 0.020282894725335
22.59 0.021467315709519
22.6 0.021746405950016
22.61 0.015865722648504
22.62 0.011479771010451
22.63 0.002663530323027
22.64 0.001189382990109
22.65 -0.002913904537729
22.66 -0.004725954989839
22.67 -0.007818568520733
22.68 -0.00620616958848
22.69 -0.002550295026286
22.7 0.003383062370459
22.71 0.009655201670829
22.72 0.016230730023911
22.73 0.023514636843119
22.74 0.031615272411836
22.75 0.038004250455836
22.76 0.040286879813341
22.77 0.042641741640023
22.78 0.044261443859583
22.79 0.040475547353663
22.8 0.030916992631784
22.81 0.021642967690321
22.82 0.012524268665474
22.83 0.001333334140057
22.84 -0.005435726367533
22.85 -0.007898442184182
22.86 -0.009247191336215
22.87 -0.007800270185624
22.88 -0.004645675346854
22.89 0.001457445317646
22.9 0.008503446215351
22.91 0.016479856206865
22.92 0.022824665448486
22.93 0.029104080530368
22.94 0.028501946817912
22.95 0.028537480757776
22.96 0.02551475348534
22.97 0.013549122304776
22.98 0.003421682330722
22.99 0.002180756100279
23.0 0.000402895030131
23.01 2.6209359678e-05
23.02 0.006935347005746
23.03 0.012267627695518
23.04 0.017571393206993
23.05 0.019650156682281
23.06 0.021161769028046
23.07 0.026143903325785
23.08 0.032839983846358
23.09 0.037746417005543
23.1 0.040161916007183
23.11 0.038777117741172
23.12 0.034335527285253
23.13 0.032821630039176
23.14 0.032036387535993
23.15 0.030407075362111
23.16 0.03174311251633
23.17 0.037920507844996
23.18 0.042819873983466
23.19 0.043811179915083
23.2 0.045094252486683
23.21 0.039512050034968
23.22 0.013129611547705
23.23 0.011537603183139
23.24 0.010251962231307
23.25 0.00559475269277
23.26 0.008405856733026
23.27 0.004223695171652
23.28 0.004172139833668
23.29 0.003253485190255
23.3 0.001895278675576
23.31 0.0033162627511
23.32 0.001645045884314
23.33 0.001970650044944
23.34 0.00247866734077
23.35 0.003485596464816
23.36 0.000796760192156
23.37 -0.005059474068415
23.38 -0.011572425330019
23.39 -0.017435141038375
23.4 -0.017929976102677
23.41 -0.012952289492513
23.42 -0.013220552353744
23.43 -0.017349879128456
23.44 -0.018512733853506
23.45 -0.023169051870178
23.46 -0.026775667299669
23.47 -0.032016901024366
23.48 -0.036367497725738
23.49 -0.041548188372041
23.5 -0.040101992413108
23.51 -0.038798798286977
23.52 -0.023473863881609
23.53 -0.016812289223337
23.54 -0.01471642125174
23.55 -0.004643193147012
23.56 0.002501882839799
23.57 0.008602861255824
23.58 0.013256904343417
23.59 0.016256353072386
23.6 0.015573423965839
23.61 0.01272602760867
23.62 0.007818566623249
23.63 0.003680998755685
23.64 -0.00053979669929
23.65 -0.00258871333571
23.66 -0.004384836947521
23.67 -0.007432233541768
23.68 -0.008500045029551
23.69 -0.005338568485908
23.7 -0.002719022690383
23.71 0.001287530318553
23.72 0.010499710734307
23.73 0.01653089905117
23.74 0.021439067006242
23.75 0.026967628211113
23.76 0.024166350596861
23.77 0.022020051970961
23.78 0.016648622444532
23.79 0.00826124374484
23.8 0.000331600625677
23.81 -0.00610431151244
23.82 -0.009121475207762
23.83 -0.012585273085338
23.84 -0.015425949009492
23.85 -0.013791448044499
23.86 -0.008216179324452
23.87 -0.003386459440938
23.88 0.001227293324917
23.89 0.005475839935678
23.9 0.005029103432862
23.91 0.001414726396236
23.92 -0.003255390707816
23.93 -0.010823448061035
23.94 -0.019594688166785
23.95 -0.026580745721375
23.96 -0.032100423801326
23.97 -0.033449373367783
23.98 -0.034291603860185
23.99 -0.03132310698741
24.0 -0.027996513135745
24.01 -0.02534221575538
24.02 -0.02040837263203
24.03 -0.016616787892789
24.04 -0.010613582838556
24.05 -0.004068568838591
24.06 -8.9609697496e-05
24.07 0.00269646164634
24.08 0.002916567958472
24.09 0.000215117996486
24.1 -0.002544277453282
24.11 -0.003995334582573
24.12 -0.004063908889089
24.13 -0.007887092364076
24.14 -0.013094205896458
24.15 -0.018464715584012
24.16 -0.021666820383207
24.17 -0.022965831914843
24.18 -0.023348419028201
24.19 -0.018572503290819
24.2 -0.009150266658857
24.21 0.000341315454391
24.22 0.007253358303953
24.23 0.009700263489798
24.24 0.010453808289432
24.25 0.008621766585375
24.26 0.005708013643337
24.27 0.003270076771044
24.28 0.000326220278641
24.29 -0.002126655940273
24.3 -0.006416831048109
24.31 -0.012947392815912
24.32 -0.02097458678051
24.33 -0.026934267744614
24.34 -0.028344507853321
24.35 -0.027921829147656
24.36 -0.024858844599909
24.37 -0.020698388739197
24.38 -0.018283288877603
24.39 -0.016658398893646
24.4 -0.014085719523927
24.41 -0.006901882506275
24.42 0.003203381356884
24.43 0.007117160066393
24.44 0.012703628389747
24.45 0.01389219091173
24.46 0.011378318001709
24.47 0.005685180724641
24.48 -0.00160273315583
24.49 -0.008431976579579
24.5 -0.013566775302642
24.51 -0.014511183592514
24.52 -0.014754688040198
24.53 -0.01307406363839
24.54 -0.009832954144904
24.55 -0.007052027570516
24.56 -0.001948356145746
24.57 0.006745339389203
24.58 0.018190865472115
24.59 0.026949680763069
24.6 0.0270299964324
24.61 0.034641049977567
24.62 0.035332632211499
24.63 0.034599360563283
24.64 0.035726107383657
24.65 0.034359169068112
24.66 0.033791378403072
24.67 0.031907333414809
24.68 0.026224481236635
24.69 0.012027014171582
24.7 -0.017466072805848
24.71 -0.017857043866241
24.72 -0.026324009666144
24.73 -0.025121503678855
24.74 -0.026176057442766
24.75 -0.024487901044523
24.76 -0.023439991580283
24.77 -0.018302145896844
24.78 -0.01153494076293
24.79 -0.001520813113438
24.8 0.011586064805476
24.81 0.025995169851162
24.82 0.030324115335458
24.83 0.028015154596506
24.84 0.029598386246433
24.85 0.021919843483283
24.86 -0.000597129140876
24.87 -0.009100057023012
24.88 -0.005638859643176
24.89 -0.01152192076444
24.9 -0.014023730153973
24.91 -0.014404946896629
24.92 -0.01604726651814
24.93 -0.012991668480799
24.94 -0.003103213866717
 
 
 
 
 
 
 
 
 
 
 
 
 
 
 
 
 
 
 
 
 
 
 
 
 
 
 
 
 
 
 
 
 
 
 
 
 
 
 
 
 
 
 
 
 
 
 
 
 
 
 
 
 
 
 
 
 
 
 
 
 
 
 
 
 
 
 
 
 
 
 
 
 
 
 
 
 
 
 
 
 
 
 
 
 
 
 
 
 
 
 
 
 
 
 
 
 
 
 
 
 
 
 
 
 
 
 
 
 
 
 
 
 
 
 
 
 
 
 
 
 
 
 
 
 
 
 
 
 
 
 
 
 
 
 
 
 
 
 
 
 
 
 
 
 
 
 
 
 
 
 
 
 
 
 
 
 
 
 
 
 
 
 
 
 
 
 
 
 
 
 
 
 
 
 
 
 
 
 
 
 
 
 
 
 
 
 
 
 
 
 
 
 
 
 
 
 
 
 
 
 
 
 
 
 
 
 
 
 
 
 
 
 
 
 
 
 
 
 
 
 
 
 
 
 
 
 
 
 
 
 
 
 
 
 
 
 
 
 
 
 
 
 
 
 
 
 
 
 
 
 
 
 
 
 
 
 
 
 
 
 
 
 
 
 
 
 
 
 
 
 
 
 
 
 
 
 
 
 
 
 
 
 
 
 
 
 
 
 
 
 
 
 
 
 
 
 
 
 
 
 
 
 
 
 
 
 
 
 
 
 
 
 
 
 
 
 
 
 
 
 
 
 
 
 
 
 
 
 
 
 
 
 
 
 
 
 
 
 
 
 
 
 
 
 
 
 
 
 
 
 
 
 
 
 
 
 
 
 
 
 
 
 
 
 
 
 
 
 
 
 
 
 
 
 
 
 
 
 
 
 
 
 
 
 
 
 
 
 
 
 
 
 
 
 
 
 
 
 
 
 
 
 
 
 
 
 
 
 
 
 
 
 
 
 
 
 
 
 
 
 
 
 
 
 
 
 
 
 
 
 
 
 
 
 
 
 
 
 
 
 
 
 
 
 
 
 
 
 
 
 
 
 
 
 
 
 
 
 
 
 
 
 
 
 
 
 
 
 
 
 
 
 
 
 
 
 
 
 
 
 
 
 
 
 
 
 
 
 
 
 
 
 
 
 
 
 
 
 
 
 
 
 
 
 
 
 
 
 
 
 
 
 
 
 
 
 
 
 
 
 
 
 
 
 
 
 
 
 
 
 
 
 
 
 
 
 
 
 
 
 
 
 
 
 
 
 
 
 
 
 
 
 
 
 
 
 
 
 
 
 
 
 
 
 
 
 
 
 
 
 
 
 
 
 
 
 
 
 
 
 
 
 
 
 
 
 
 
 
 
 
 
 
 
 
 
 
 
 
 
 
 
 
 
 
 
 
 
 
 
 
 
 
 
 
 
 
 
 
 
 
 
 
 
 
 
 
 
 
 
 
 
 
 
 
 
 
 
 
 
 
 
 
 
 
 
 
 
 
 
 
 
 
 
 
 
 
 
 
 
 
 
 
 
 
 
 
 
 
 
 
 
 
 
 
 
 
 
 
 
 
 
 
 
 
 
 
 
 
 
 
 
 
 
 
 
 
 
 
 
 
 
 
 
 
 
 
 
 
 
 
 
 
 
 
 
 
 
 
 
 
 
 
 
 
 
 
 
 
 
 
 
 
 
 
 
 
 
 
 
 
 
 
 
 
 
 
 
 
 
 
 
 
 
 
 
 
 
 
 
 
 
 
 
 
 
 
 
 
 
 
 
 
 
 
 
 
 
 
 
 
 
 
 
 
 
 
 
 
 
 
 
 
 
 
 
 
 
 
 
 
 
 
 
 
 
 
 
 
 
 
 
 
 
 
 
 
 
 
 
 
 
 
 
 
 
 
 
 
 
 
 
 
 
 
 
 
 
 
 
 
 
 
 
 
 
 
 
 
 
 
 
 
 
 
 
 
 
 
 
 
 
 
 
 
 
 
 
 
 
 
 
 
 
 
 
 
 
 
 
 
 
 
 
 
 
 
 
 
 
 
 
 
 
 
 
 
 
 
 
 
 
 
 
 
 
 
 
 
 
 
 
 
 
 
 
 
 
 
 
 
 
 
 
 
 
 
 
 
 
 
 
 
 
 
 
 
 
 
 
 
 
 
 
 
 
 
 
 
 
 
 
 
 
 
 
 
 
 
 
 
 
 
 
 
 
 
 
 
 
 
 
 
 
 
 
 
 
 
 
 
 
 
 
 
 
 
 
 
 
 
 
 
 
 
 
 
 
 
 
 
 
 
 
 
 
 
 
 
 
 
 
 
 
 
 
 
 
 
 
 
 
 
 
 
 
 
 
 
 
 
 
 
 
 
 
 
 
 
 
 
 
 
 
 
 
 
 
 
 
 
 
 
 
 
 
 
 
 
 
 
 
 
 
 
 
 
 
 
 
 
 
 
 
 
 
 
 
 
 
 
 
 
 
 
 
 
 
 
 
 
 
 
 
 
 
 
 
 
 
 
 
 
 
 
 
 
 
 
 
 
 
 
 
 
 
 
 
 
 
 
 
 
 
 
 
 
 
 
 
 
 
 
 
 
 
 
 
 
 
 
 
 
 
 
 
 
 
 
 
 
 
 
 
 
 
 
 
 
 
 
 
 
 
 
 
 
 
 
 
 
 
 
 
 
 
 
 
 
 
 
 
 
 
 
 
 
 
 
 
 
 
 
 
 
 
 
 
 
 
 
 
 
 
 
 
 
 
 
 
 
 
 
 
 
 
 
 
 
 
 
 
 
 
 
 
 
 
 
 
 
 
 
 
 
 
 
 
 
 
 
 
 
 
 
 
 
 
 
 
 
 
 
 
 
 
 
 
 
 
 
 
 
 
 
 
 
 
 
 
 
 
 
 
 
 
 
 
 
 
 
 
 
 
 
 
 
 
 
 
 
 
 
 
 
 
 
 
 
 
 
 
 
 
 
 
 
 
 
 
 
 
 
 
 
 
 
 
 
 
 
 
 
 
 
 
 
 
 
 
 
 
 
 
 
 
 
 
 
 
 
 
 
 
 
 
 
 
 
 
 
 
 
 
 
 
 
 
 
 
 
 
 
 
 
 
 
 
 
 
 
 
 
 
 
 
 
 
 
 
 
 
 
 
 
 
 
 
 
 
 
 
 
 
 
 
 
 
 
 
 
 
 
 
 
 
 
 
 
 
 
 
 
 
 
 
 
 
 
 
 
 
 
 
 
 
 
 
 
 
 
 
 
 
 
 
 
 
 
 
 
 
 
 
 
 
 
 
 
 
 
 
 
 
 
 
 
 
 
 
 
 
 
 
 
 
 
 
 
 
 
 
 
 
 
 
 
 
 
 
 
 
 
 
 
 
 
 
 
 
 
 
 
 
 
 
 
 
 
 
 
 
 
 
 
 
 
 
 
 
 
 
 
 
 
 
 
 
 
 
 
 
 
 
 
 
 
 
 
 
 
 
 
 
 
 
 
 
 
 
 
 
 
 
 
 
 
 
 
 
 
 
 
 
 
 
 
 
 
 
 
 
 
 
 
 
 
 
 
 
 
 
 
 
 
 
 
 
 
 
 
 
 
 
 
 
 
 
 
 
 
 
 
 
 
 
 
 
 
 
 
 
 
 
 
 
 
 
 
 
 
 
 
 
 
 
 
 
 
 
 
 
 
 
 
 
 
 
 
 
 
 
 
 
 
 
 
 
 
 
 
 
 
 
 
 
 
 
 
 
 
 
 
 
 
 
 
 
 
 
 
 
 
 
 
 
 
 
 
 
 
 
 
 
 
 
 
 
 
 
 
 
 
 
 
 
 
 
 
 
 
 
 
 
 
 
 
 
 
 
 
 
 
 
 
 
 
 
 
 
 
 
 
 
 
 
 
 
 
 
 
 
 
 
 
 
 
 
 
 
 
 
 
 
 
 
 
 
 
 
 
 
 
 
 
 
 
 
 
 
 
 
 
 
 
 
 
 
 
 
 
 
 
 
 
 
 
 
 
 
 
 
 
 
 
 
 
 
 
 
 
 
 
 
 
 
 
 
 
 
 
 
 
 
 
 
 
 
 
 
 
 
 
 
 
 
 
 
 
 
 
 
 
 
 
 
 
 
 
 
 
 
 
 
 
 
 
 
 
 
 
 
 
 
 
 
 
 
 
 
 
 
 
 
 
 
 
 
 
 
 
 
 
 
 
 
 
 
 
 
 
 
 
 
 
 
 
 
 
 
 
 
 
 
 
 
 
 
 
 
 
 
 
 
 
 
 
 
 
 
 
 
 
 
 
 
 
 
 
 
 
 
 
 
 
 
 
 
 
 
 
 
 
 
 
 
 
 
 
 
 
 
 
 
 
 
 
 
 
 
 
 
 
 
 
 
 
 
 
 
 
 
 
 
 
 
 
 
 
 
 
 
 
 
 
 
 
 
 
 
 
 
 
 
 
 
 
 
 
 
 
 
 
 
 
 
 
 
 
 
 
 
 
 
 
 
 
 
 
 
 
 
 
 
 
 
 
 
 
 
 
 
 
 
 
 
 
 
 
 
 
 
 
 
 
 
 
 
 
 
 
 
 
 
 
 
 
 
 
 
 
 
 
 
 
 
 
 
 
 
 
 
 
 
 
 
 
 
 
 
 
 
 
 
 
 
 
 
 
 
 
 
 
 
 
 
 
 
 
 
 
 
 
 
 
 
 
 
 
 
 
 
 
 
 
 
 
 
 
 
 
 
 
 
 
 
 
 
 
 
 
 
 
 
 
 
 
 
 
 
 
 
 
 
 
 
 
 
 
 
 
 
 
 
 
 
 
 
 
 
 
 
 
 
 
 
 
 
 
 
 
 
 
 
 
 
 
 
 
 
 
 
 
 
 
 
 
 
 
 
 
 
 
 
 
 
 
 
 
 
 
 
 
 
 
 
 
 
 
 
 
 
 
 
 
 
 
 
 
 
 
 
 
 
 
 
 
 
 
 
 
 
 
 
 
 
 
 
 
 
 
 
 
 
 
 
 
 
 
 
 
 
 
 
 
 
 
 
 
 
 
 
 
 
 
 
 
 
 
 
 
 
 
 
 
 
 
 
 
 
 
 
 
 
 
 
 
 
 
 
 
 
 
 
 
 
 
 
 
 
 
 
 
 
 
 
 
 
 
 
 
 
 
 
 
 
 
 
 
 
 
 
 
 
 
 
 
 
 
 
 
 
 
 
 
 
 
 
 
 
 
 
 
 
 
 
 
 
 
 
 
 
 
 
 
 
 
 
 
 
 
 
 
 
 
 
 
 
 
 
 
 
 
 
 
 
 
 
 
 
 
 
 
 
 
 
 
 
 
 
 
 
 
 
 
 
 
 
 
 
 
 
 
 
 
 
 
 
 
 
 
 
 
 
 
 
 
 
 
 
 
 
 
 
 
 
 
 
 
 
 
 
 
 
 
 
 
 
 
 
 
 
 
 
 
 
 
 
 
 
 
 
 
 
 
 
 
 
 
 
 
 
 
 
 
 
 
 
 
 
 
 
 
 
 
 
 
 
 
 
 
 
 
 
 
 
 
 
 
 
 
 
 
 
 
 
 
 
 
 
 
 
 
 
 
 
 
 
 
 
 
 
 
 
 
 
 
 
 
 
 
 
 
 
 
 
 
 
 
 
 
 
 
 
 
 
 
 
 
 
 
 
 
 
 
 
 
 
 
 
 
 
 
 
 
 
 
 
 
 
 
 
 
 
 
 
 
 
 
 
 
 
 
 
 
 
 
 
 
 
 
 
 
 
 
 
 
 
 
 
 
 
 
 
 
 
 
 
 
 
 
 
 
 
 
 
 
 
 
 
 
 
 
 
 
 
 
 
 
 
 
 
 
 
 
 
 
 
 
 
 
 
 
 
 
 
 
 
 
 
 
 
 
 
 
 
 
 
 
 
 
 
 
 
 
 
 
 
 
 
 
 
 
 
 
 
 
 
 
 
 
 
 
 
 
 
 
 
 
 
 
 
 
 
 
 
 
 
 
 
 
 
 
 
 
 
 
 
 
 
 
 
 
 
 
 
 
 
 
 
 
 
 
 
 
 
 
 
 
 
 
 
 
 
 
 
 
 
 
 
 
 
 
 
 
 
 
 
 
 
 
 
 
 
 
 
 
 
 
 
 
 
 
 
 
 
 
 
 
 
 
 
 
 
 
 
 
 
 
 
 
 
 
 
 
 
 
 
 
 
 
 
 
 
 
 
 
 
 
 
 
 
 
 
 
 
 
 
 
 
 
 
 
 
 
 
 
 
 
 
 
 
 
 
 
 
 
 
 
 
 
 
 
 
 
 
 
 
 
 
 
 
 
 
 
 
 
 
 
 
 
 
 
 
 
 
 
 
 
 
 
 
 
 
 
 
 
 
 
 
 
 
 
 
 
 
 
 
 
 
 
 
 
 
 
 
 
 
 
 
 
 
 
 
 
 
 
 
 
 
 
 
 
 
 
 
 
 
 
 
 
 
 
 
 
 
 
 
 
 
 
 
 
 
 
 
 
 
 
 
 
 
 
 
 
 
 
 
 
 
 
 
 
 
 
 
 
 
 
 
 
 
 
 
 
 
 
 
 
 
 
 
 
 
 
 
 
 
 
 
 
 
 
 
 
 
 
 
 
 
 
 
 
 
 
 
 
 
 
 
 
 
 
 
 
 
 
 
 
 
 
 
 
 
 
 
 
 
 
 
 
 
 
 
 
 
 
 
 
 
 
 
 
 
 
 
 
 
 
 
 
 
 
 
 
 
 
 
 
 
 
 
 
 
 
 
 
 
 
 
 
 
 
 
 
 
 
 
 
 
 
 
 
 
 
 
 
 
 
 
 
 
 
 
 
 
 
 
 
 
 
 
 
 
 
 
 
 
 
 
 
 
 
 
 
 
 
 
 
 
 
 
 
 
 
 
 
 
 
 
 
 
 
 
 
 
 
 
 
 
 
 
 
 
 
 
 
 
 
 
 
 
 
 
 
 
 
 
 
 
 
 
 
 
 
 
 
 
 
 
 
 
 
 
 
 
 
 
 
 
 
 
 
 
 
 
 
 
 
 
 
 
 
 
 
 
 
 
 
 
 
 
 
 
 
 
 
 
 
 
 
 
 
 
 
 
 
 
 
 
 
 
 
 
 
 
 
 
 
 
 
 
 
 
 
 
 
 
 
 
 
 
 
 
 
 
 
 
 
 
 
 
 
 
 
 
 
 
 
 
 
 
 
 
 
 
 
 
 
 
 
 
 
 
 
 
 
 
 
 
 
 
 
 
 
 
 
 
 
 
 
 
 
 
 
 
 
 
 
 
 
 
 
 
 
 
 
 
 
 
 
 
 
 
 
 
 
 
 
 
 
 
 
 
 
 
 
 
 
 
 
 
 
 
 
 
 
 
 
 
 
 
 
 
 
 
 
 
 
 
 
 
 
 
 
 
 
 
 
 
 
 
 
 
 
 
 
 
 
 
 
 
 
 
 
 
 
 
 
 
 
 
 
 
 
 
 
 
 
 
 
 
 
 
 
 
 
 
 
 
 
 
 
 
 
 
 
 
 
 
 
 
 
 
 
 
 
 
 
 
 
 
 
 
 
 
 
 
 
 
 
 
 
 
 
 
 
 
 
 
 
 
 
 
 
 
 
 
 
 
 
 
 
 
 
 
 
 
 
 
 
 
 
 
 
 
 
 
 
 
 
 
 
 
 
 
 
 
 
 
 
 
 
 
 
 
 
 
 
 
 
 
 
 
 
 
 
 
 
 
 
 
 
 
 
 
 
 
 
 
 
 
 
 
 
 
 
 
 
 
 
 
 
 
 
 
 
 
 
 
 
 
 
 
 
 
 
 
 
 
 
 
 
 
 
 
 
 
 
 
 
 
 
 
 
 
 
 
 
 
 
 
 
 
 
 
 
 
 
 
 
 
 
 
 
 
 
 
 
 
 
 
 
 
 
 
 
 
 
 
 
 
 
 
 
 
 
 
 
 
 
 
 
 
 
 
 
 
 
 
 
 
 
 
 
 
 
 
 
 
 
 
 
 
 
 
 
 
 
 
 
 
 
 
 
 
 
 
 
 
 
 
 
 
 
 
 
 
 
 
 
 
 
 
 
 
 
 
 
 
 
 
 
 
 
 
 
 
 
 
 
 
 
 
 
 
 
 
 
 
 
 
 
 
 
 
 
 
 
 
 
 
 
 
 
 
 
 
 
 
 
 
 
 
 
 
 
 
 
 
 
 
 
 
 
 
 
 
 
 
 
 
 
 
 
 
 
 
 
 
 
 
 
 
 
 
 
 
 
 
 
 
 
 
 
 
 
 
 
 
 
 
 
 
 
 
 
 
 
 
 
 
 
 
 
 
 
 
 
 
 
 
 
 
 
 
 
 
 
 
 
 
 
 
 
 
 
 
 
 
 
 
 
 
 
 
 
 
 
 
 
 
 
 
 
 
 
 
 
 
 
 
 
 
 
 
 
 
 
 
 
 
 
 
 
 
 
 
 
 
 
 
 
 
 
 
 
 
 
 
 
 
 
 
 
 
 
 
 
 
 
 
 
 
 
 
 
 
 
 
 
 
 
 
 
 
 
 
 
 
 
 
 
 
 
 
 
 
 
 
 
 
 
 
 
 
 
 
 
 
 
 
 
 
 
 
 
 
 
 
 
 
 
 
 
 
 
 
 
 
 
 
 
 
 
 
 
 
 
 
 
 
 
 
 
 
 
 
 
 
 
 
 
 
 
 
 
 
 
 
 
 
 
 
 
 
 
 
 
 
 
 
 
 
 
 
 
 
 
 
 
 
 
 
 
 
 
 
 
 
 
 
 
 
 
 
 
 
 
 
 
 
 
 
 
 
 
 
 
 
 
 
 
 
 
 
 
 
 
 
 
 
 
 
 
 
 
 
 
 
 
 
 
 
 
 
 
 
 
 
 
 
 
 
 
 
 
 
 
 
 
 
 
 
 
 
 
 
 
 
 
 
 
 
 
 
 
 
 
 
 
 
 
 
 
 
 
 
 
 
 
 
 
 
 
 
 
 
 
 
 
 
 
 
 
 
 
 
 
 
 
 
 
 
 
 
 
 
 
 
 
 
 
 
 
 
 
 
 
 
 
 
 
 
 
 
 
 
 
 
 
 
 
 
 
 
 
 
 
 
 
 
 
 
 
 
 
 
 
 
 
 
 
 
 
 
 
 
 
 
 
 
 
 
 
 
 
 
 
 
 
 
 
 
 
 
 
 
 
 
 
 
 
 
 
 
 
 
 
 
 
 
 
 
 
 
 
 
 
 
 
 
 
 
 
 
 
 
 
 
 
 
 
 
 
 
 
 
 
 
 
 
 
 
 
 
 
 
 
 
 
 
 
 
 
 
 
 
 
 
 
 
 
 
 
 
 
 
 
 
 
 
 
 
 
 
 
 
 
 
 
 
 
 
 
 
 
 
 
 
 
 
 
 
 
 
 
 
 
 
 
 
 
 
 
 
 
 
 
 
 
 
 
 
 
 
 
 
 
 
 
 
 
 
 
 
 
 
 
 
 
 
 
 
 
 
 
 
 
 
 
 
 
 
 
 
 
 
 
 
 
 
 
 
 
 
 
 
 
 
 
 
 
 
 
 
 
 
 
 
 
 
 
 
 
 
 
 
 
 
 
 
 
 
 
 
 
 
 
 
 
 
 
 
 
 
 
 
 
 
 
 
 
 
 
 
 
 
 
 
 
 
 
 
 
 
 
 
 
 
 
 
 
 
 
 
 
 
 
 
 
 
 
 
 
 
 
 
 
 
 
 
 
 
 
 
 
 
 
 
 
 
 
 
 
 
 
 
 
 
 
 
 
 
 
 
 
 
 
 
 
 
 
 
 
 
 
 
 
 
 
 
 
 
 
 
 
 
 
 
 
 
 
 
 
 
 
 
 
 
 
 
 
 
 
 
 
 
 
 
 
 
 
 
 
 
 
 
 
 
 
 
 
 
 
 
 
 
 
 
 
 
 
 
 
 
 
 
 
 
 
 
 
 
 
 
 
 
 
 
 
 
 
 
 
 
 
 
 
 
 
 
 
 
 
 
 
 
 
 
 
 
 
 
 
 
 
 
 
 
 
 
 
 
 
 
 
 
 
 
 
 
 
 
 
 
 
 
 
 
 
 
 
 
 
 
 
 
 
 
 
 
 
 
 
 
 
 
 
 
 
 
 
 
 
 
 
 
 
 
 
 
 
 
 
 
 
 
 
 
 
 
 
 
 
 
 
 
 
 
 
 
 
 
 
 
 
 
 
 
 
 
 
 
 
 
 
 
 
 
 
 
 
 
 
 
 
 
 
 
 
 
 
 
 
 
 
 
 
 
 
 
 
 
 
 
 
 
 
 
 
 
 
 
 
 
 
 
 
 
 
 
 
 
 
 
 
 
 
 
 
 
 
 
 
 
 
 
 
 
 
 
 
 
 
 
 
 
 
 
 
 
 
 
 
 
 
 
 
 
 
 
 
 
 
 
 
 
 
 
 
 
 
 
 
 
 
 
 
 
 
 
 
 
 
 
 
 
 
 
 
 
 
 
 
 
 
 
 
 
 
 
 
 
 
 
 
 
 
 
 
 
 
 
 
 
 
 
 
 
 
 
 
 
 
 
 
 
 
 
 
 
 
 
 
 
 
 
 
 
 
 
 
 
 
 
 
 
 
 
 
 
 
 
 
 
 
 
 
 
 
 
 
 
 
 
 
 
 
 
 
 
 
 
 
 
 
 
 
 
 
 
 
 
 
 
 
 
 
 
 
 
 
 
 
 
 
 
 
 
 
 
 
 
 
 
 
 
 
 
 
 
 
 
 
 
 
 
 
 
 
 
 
 
 
 
 
 
 
 
 
 
 
 
 
 
 
 
 
 
 
 
 
 
 
 
 
 
 
 
 
 
 
 
 
 
 
 
 
 
 
 
 
 
 
 
 
 
 
 
 
 
 
 
 
 
 
 
 
 
 
 
 
 
 
 
 
 
 
 
 
 
 
 
 
 
 
 
 
 
 
 
 
 
 
 
 
 
 
 
 
 
 
 
 
 
 
 
 
 
 
 
 
 
 
 
 
 
 
 
 
 
 
 
 
 
 
 
 
 
 
 
 
 
 
 
 
 
 
 
 
 
 
 
 
 
 
 
 
 
 
 
 
 
 
 
 
 
 
 
 
 
 
 
 
 
 
 
 
 
 
 
 
 
 
 
 
 
 
 
 
 
 
 
 
 
 
 
 
 
 
 
 
 
 
 
 
 
 
 
 
 
 
 
 
 
 
 
 
 
 
 
 
 
 
 
 
 
 
 
 
 
 
 
 
 
 
 
 
 
 
 
 
 
 
 
 
 
 
 
 
 
 
 
 
 
 
 
 
 
 
 
 
 
 
 
 
 
 
 
 
 
 
 
 
 
 
 
 
 
 
 
 
 
 
 
 
 
 
 
 
 
 
 
 
 
 
 
 
 
 
 
 
 
 
 
 
 
 
 
 
 
 
 
 
 
 
 
 
 
 
 
 
 
 
 
 
 
 
 
 
 
 
 
 
 
 
 
 
 
 
 
 
 
 
 
 
 
 
 
 
 
 
 
 
 
 
 
 
 
 
 
 
 
 
 
 
 
 
 
 
 
 
 
 
 
 
 
 
 
 
 
 
 
 
 
 
 
 
 
 
 
 
 
 
 
 
 
 
 
 
 
 
 
 
 
 
 
 
 
 
 
 
 
 
 
 
 
 
 
 
 
 
 
 
 
 
 
 
 
 
 
 
 
 
 
 
 
 
 
 
 
 
 
 
 
 
 
 
 
 
 
 
 
 
 
 
 
 
 
 
 
 
 
 
 
 
 
 
 
 
 
 
 
 
 
 
 
 
 
 
 
 
 
 
 
 
 
 
 
 
 
 
 
 
 
 
 
 
 
 
 
 
 
 
 
 
 
 
 
 
 
 
 
 
 
 
 
 
 
 
 
 
 
 
 
 
 
 
 
 
 
 
 
 
 
 
 
 
 
 
 
 
 
 
 
 
 
 
 
 
 
 
 
 
 
 
 
 
 
 
 
 
 
 
 
 
 
 
 
 
 
 
 
 
 
 
 
 
 
 
 
 
 
 
 
 
 
 
 
 
 
 
 
 
 
 
 
 
 
 
 
 
 
 
 
 
 
 
 
 
 
 
 
 
 
 
 
 
 
 
 
 
 
 
 
 
 
 
 
 
 
 
 
 
 
 
 
 
 
 
 
 
 
 
 
 
 
 
 
 
 
 
 
 
 
 
 
 
 
 
 
 
 
 
 
 
 
 
 
 
 
 
 
 
 
 
 
 
 
 
 
 
 
 
 
 
 
 
 
 
 
 
 
 
 
 
 
 
 
 
 
 
 
 
 
 
 
 
 
 
 
 
 
 
 
 
 
 
 
 
 
 
 
 
 
 
 
 
 
 
 
 
 
 
 
 
 
 
 
 
 
 
 
 
 
 
 
 
 
 
 
 
 
 
 
 
 
 
 
 
 
 
 
 
 
 
 
 
 
 
 
 
 
 
 
 
 
 
 
 
 
 
 
 
 
 
 
 
 
 
 
 
 
 
 
 
 
 
 
 
 
 
 
 
 
 
 
 
 
 
 
 
 
 
 
 
 
 
 
 
 
 
 
 
 
 
 
 
 
 
 
 
 
 
 
 
 
 
 
 
 
 
 
 
 
 
 
 
 
 
 
 
 
 
 
 
 
 
 
 
 
 
 
 
 
 
 
 
 
 
 
 
 
 
 
 
 
 
 
 
 
 
 
 
 
 
 
 
 
 
 
 
 
 
 
 
 
 
 
 
 
 
 
 
 
 
