0.0 0.0
0.01 2.33431083e-07
0.02 2.33944492e-07
0.03 2.35946826e-07
0.04 2.38144101e-07
0.05 2.38311799e-07
0.06 2.3358139e-07
0.07 2.27668649e-07
0.08 2.32148524e-07
0.09 2.42809085e-07
0.1 2.63923392e-07
0.11 3.40613445e-07
0.12 4.24982406e-07
0.13 3.10365805e-07
0.14 -2.38164693e-07
0.15 -1.17464818e-06
0.16 -2.015217681e-06
0.17 -2.646467675e-06
0.18 -3.994622626e-06
0.19 -6.584007556e-06
0.2 -8.770604296e-06
0.21 -8.644378502e-06
0.22 -7.393666065e-06
0.23 -8.128240144e-06
0.24 -1.1159420651e-05
0.25 -1.1958130077e-05
0.26 -5.369629659e-06
0.27 5.86647717e-06
0.28 1.2545888726e-05
0.29 9.276319891e-06
0.3 -3.765227191e-06
0.31 -1.6196581855e-05
0.32 -1.2238273793e-05
0.33 1.565053035e-06
0.34 5.677631746e-06
0.35 6.64444976e-07
0.36 -4.204053402e-06
0.37 -9.29738161e-06
0.38 -1.8724235574e-05
0.39 -3.2028488968e-05
0.4 -3.5335500243e-05
0.41 -1.7413766004e-05
0.42 -4.40072241e-07
0.43 -2.2120296998e-05
0.44 -8.5971565949e-05
0.45 -0.000145786656189
0.46 -0.000144663432048
0.47 -6.5349065315e-05
0.48 2.2835351156e-05
0.49 1.8242486707e-05
0.5 -5.2279813414e-05
0.51 -6.4261553621e-05
0.52 1.4751931407e-05
0.53 0.000111214859901
0.54 0.000127041964423
0.55 9.643429492e-06
0.56 -0.000123934605765
0.57 -0.000105571614939
0.58 -8.274937392e-06
0.59 -4.046226598e-06
0.6 -0.000105840856228
0.61 -0.000215942861092
0.62 -0.000210153031209
0.63 -0.000101255619785
0.64 -6.2126353626e-05
0.65 -0.00010894084146
0.66 -9.448931751e-05
0.67 9.699685903e-06
0.68 0.000113322190033
0.69 0.000103172633061
0.7 -3.5612121668e-05
0.71 -0.000148079050424
0.72 -6.7580291989e-05
0.73 9.9307451812e-05
0.74 5.9174581138e-05
0.75 -0.000116391619769
0.76 -0.000139576667768
0.77 -9.4024347738e-05
0.78 -0.000137474925671
0.79 -0.000142788143405
0.8 -6.6652454063e-05
0.81 -4.1259578846e-05
0.82 -0.00012409836494
0.83 -0.000320750963733
0.84 -0.000472393737205
0.85 -0.000388893168511
0.86 -0.000222396521401
0.87 -0.000167338586057
0.88 -0.000235173832853
0.89 -0.000288958411327
0.9 -0.000133352382995
0.91 7.3937194393e-05
0.92 2.730582912e-06
0.93 -0.000142823785558
0.94 2.826279687e-06
0.95 0.000206132440182
0.96 0.000282504481367
0.97 0.00034839214838
0.98 0.000217016134012
0.99 -0.000125125245472
1.0 -0.000283337121947
1.01 -0.000271242076506
1.02 -0.000210923032214
1.03 -4.9900050012e-05
1.04 -0.00010789803732
1.05 -0.000404209308412
1.06 -0.000427552867119
1.07 -0.000138791023669
1.08 0.000271538099616
1.09 0.00058096999345
1.1 0.000392683915894
1.11 -7.8981805176e-05
1.12 -0.000119656897857
1.13 0.00035358974408
1.14 0.000686845530357
1.15 0.000356996841744
1.16 -0.000323558446269
1.17 -0.000450597100342
1.18 2.8936192017e-05
1.19 0.00026145737247
1.2 5.7671933475e-05
1.21 -5.3890705184e-05
1.22 1.4737886125e-05
1.23 0.000178821144273
1.24 0.000410094539848
1.25 0.0004905340924
1.26 0.000433929594978
1.27 0.000385894031455
1.28 0.000220038210984
1.29 6.8668241509e-05
1.3 -9.2348803027e-05
1.31 -0.000683931020723
1.32 -0.001116889976402
1.33 -0.001087660560835
1.34 -0.001418767313156
1.35 -0.001994673879322
1.36 -0.001945618501791
1.37 -0.001329699016796
1.38 -0.00071572928995
1.39 -0.000566440993266
1.4 -0.000831108660471
1.41 -0.000669979192678
1.42 3.0315594737e-05
1.43 0.000506302700594
1.44 0.000651535134936
1.45 0.000506899729852
1.46 1.014544995e-06
1.47 -0.000299304729675
1.48 -0.000393928329423
1.49 -0.000645714800501
1.5 -0.000715569349411
1.51 -0.00053951045665
1.52 -0.000365986595231
1.53 -0.000201026652384
1.54 -0.000246130686282
1.55 3.067522469e-05
1.56 0.001320908949586
1.57 0.002642162613063
1.58 0.003019816983268
1.59 0.002581783735976
1.6 0.001771599820454
1.61 0.001230732335465
1.62 0.001542635447139
1.63 0.002084938319037
1.64 0.001473229094773
1.65 -0.000218594485528
1.66 -0.001668149946107
1.67 -0.001874572116117
1.68 -0.00083285996952
1.69 0.000252976890894
1.7 -0.000115883105181
1.71 -0.001192195008747
1.72 -0.001261154907842
1.73 -0.000805805666412
1.74 -0.000570353563888
1.75 -0.000293338576891
1.76 -0.000312955224692
1.77 -0.000919137144963
1.78 -0.001533818475728
1.79 -0.0018833700847
1.8 -0.002114906217301
1.81 -0.002133753926759
1.82 -0.001962798519802
1.83 -0.002032600921538
1.84 -0.002087523379033
1.85 -0.001698523601145
1.86 -0.001104865718995
1.87 -0.000516961354903
1.88 0.000246442518423
1.89 0.000993349000268
1.9 0.001530506349532
1.91 0.002075097269253
1.92 0.002170602975993
1.93 0.001783591149317
1.94 0.001594549282888
1.95 0.00158515766941
1.96 0.001392081007509
1.97 0.001439189271697
1.98 0.001405962065287
1.99 0.000466104959632
2.0 -0.00030747255227
2.01 5.0344565681e-05
2.02 0.001072388369226
2.03 0.002259039807878
2.04 0.002567628264301
2.05 0.001119983656997
2.06 -0.000323113494072
2.07 0.000451641026154
2.08 0.001581076496769
2.09 0.000837366043481
2.1 -0.00078169171764
2.11 -0.001785219726775
2.12 -0.001947948599688
2.13 -0.001535585339955
2.14 -0.001427437978232
2.15 -0.002266589604345
2.16 -0.002955547431622
2.17 -0.002432921535573
2.18 -0.001516838468065
2.19 -0.001152676452301
2.2 -0.001150473297803
2.21 -0.001090902972755
2.22 -0.00099956510352
2.23 -0.000478971829197
2.24 0.000100983654823
2.25 9.4847427727e-05
2.26 -0.000122521494631
2.27 -0.00053380706843
2.28 -0.001186673826446
2.29 -0.001222270026641
2.3 -0.000127520836993
2.31 0.000962662627701
2.32 0.000989178949211
2.33 0.000628765697175
2.34 0.000807312613801
2.35 0.001842370975284
2.36 0.00311383117221
2.37 0.00362128445431
2.38 0.003151438459155
2.39 0.002343599371914
2.4 0.001486267720415
2.41 0.000264852984857
2.42 -0.000375942544259
2.43 -0.000426211387124
2.44 -0.000775536921028
2.45 -0.001156180427908
2.46 -0.001422067696706
2.47 -0.001909810084158
2.48 -0.001804146870275
2.49 -0.000450678659864
2.5 0.00086507666211
2.51 0.001452154331937
2.52 0.001882889547724
2.53 0.001731645687519
2.54 0.000976788716175
2.55 0.000221657255859
2.56 -0.000255240742949
2.57 -0.000322033419942
2.58 -3.9029231349e-05
2.59 -0.000226498351887
2.6 -0.001137845385424
2.61 -0.001683214138407
2.62 -0.001277914761345
2.63 -0.000613004246687
2.64 -0.000330329972589
2.65 -6.7780044518e-05
2.66 4.0131713098e-05
2.67 -0.000686224174861
2.68 -0.001996915283326
2.69 -0.002937716384883
2.7 -0.002886009418701
2.71 -0.002625056887331
2.72 -0.003190415520239
2.73 -0.004267069396756
2.74 -0.00468832067214
2.75 -0.003714994358289
2.76 -0.001962131000915
2.77 0.000438629888818
2.78 0.002290302495276
2.79 0.002889563396335
2.8 0.003967280148193
2.81 0.0059847175357
2.82 0.007569977889487
2.83 0.008173639368739
2.84 0.00713135947134
2.85 0.003713080739194
2.86 -2.0565375496e-05
2.87 -0.001324506004656
2.88 -0.001317971022164
2.89 -0.002400850925187
2.9 -0.003780394076742
2.91 -0.004623630916273
2.92 -0.004782608060873
2.93 -0.003434046369869
2.94 -0.002114748745037
2.95 -0.002139590435004
2.96 -0.001951891324875
2.97 -0.001003348931514
2.98 -0.000707332476703
2.99 -0.001778251360358
3.0 -0.004239421152235
3.01 -0.007551162826981
3.02 -0.009125719327713
3.03 -0.009053431579523
3.04 -0.009305121996886
3.05 -0.009636976275834
3.06 -0.011160185628366
3.07 -0.011716795689887
3.08 -0.009425558406874
3.09 -0.004327340492112
3.1 0.001963151390949
3.11 0.005861134371565
3.12 0.007732994467869
3.13 0.008513101998493
3.14 0.008641232188747
3.15 0.007661122967902
3.16 0.006491829242042
3.17 0.005780079563316
3.18 0.006208319913416
3.19 0.006180291671504
3.2 0.002597670963515
3.21 -0.002737747431708
3.22 -0.007189336149406
3.23 -0.007442131762363
3.24 -0.004079209313203
3.25 -0.001615131182871
3.26 -0.001863496854829
3.27 -0.003007515943902
3.28 -0.003237385851348
3.29 -0.002259157788216
3.3 -0.00039348702516
3.31 0.000980629469355
3.32 0.001486683444459
3.33 0.002196139941573
3.34 0.001890771226735
3.35 0.000315978324163
3.36 -0.002077031519648
3.37 -0.003623113133317
3.38 -0.002915086130034
3.39 -9.359601401e-06
3.4 0.003162531696069
3.41 0.003575239306936
3.42 0.000606374368776
3.43 -0.002721262219054
3.44 -0.003377731584466
3.45 -0.000191114611333
3.46 0.004937087517922
3.47 0.006894725258191
3.48 0.004508352066483
3.49 0.001429070904269
3.5 -0.001311191682004
3.51 -0.003497028559604
3.52 -0.004651327152567
3.53 -0.005931933576096
3.54 -0.006446673937061
3.55 -0.00740791679933
3.56 -0.009505404267132
3.57 -0.012619334579276
3.58 -0.012603292748041
3.59 -0.007642868465469
3.6 0.001124870346047
3.61 0.007715819499389
3.62 0.009214008349758
3.63 0.009261418161665
3.64 0.009583858035086
3.65 0.012111959213473
3.66 0.016671728278928
3.67 0.018984179192676
3.68 0.017645233045289
3.69 0.014526382571173
3.7 0.009649056931555
3.71 0.003037459983746
3.72 -0.001606863955125
3.73 -0.003387611416706
3.74 -0.003007167129626
3.75 -0.002453674530549
3.76 -0.004216022512848
3.77 -0.004719619162572
3.78 -0.000270605963338
3.79 0.006463242321192
3.8 0.009937815992106
3.81 0.010887442582481
3.82 0.010877697431744
3.83 0.009360498193594
3.84 0.005627319909089
3.85 -2.565396536e-06
3.86 -0.003041229994604
3.87 -0.005111659197406
3.88 -0.008585265330026
3.89 -0.013162139154241
3.9 -0.018952628813187
3.91 -0.01983166074252
3.92 -0.009690713916247
3.93 0.004709956544585
3.94 0.014619954737547
3.95 0.018159471911984
3.96 0.019237742472224
3.97 0.018549126663928
3.98 0.017511981711018
3.99 0.015328889106677
4.0 0.011086125063648
4.01 0.009250553456595
4.02 0.004798899759555
4.03 -0.004655503117218
4.04 -0.015543988902927
4.05 -0.023682032752006
4.06 -0.022139347570873
4.07 -0.013324250763449
4.08 -0.005409545815667
4.09 -0.002636227815435
4.1 -0.00149074136603
4.11 -0.00023911039449
4.12 0.001980068681438
4.13 0.006590960344552
4.14 0.010685061681212
4.15 0.012228281749691
4.16 0.009556836052307
4.17 0.002556280683467
4.18 -0.004006507090948
4.19 -0.005704924262459
4.2 -0.00027884096126
4.21 0.009513494302268
4.22 0.015614251404888
4.23 0.015177002738928
4.24 0.011729054077115
4.25 0.011625471564162
4.26 0.013823689701754
4.27 0.010573511193869
4.28 0.004718532947899
4.29 0.002591151724335
4.3 -0.002078987996428
4.31 -0.007443126863717
4.32 -0.012328320868758
4.33 -0.018926661233289
4.34 -0.022629276574702
4.35 -0.017936917641231
4.36 -0.015271660422099
4.37 -0.008520011046577
4.38 0.002341992576111
4.39 0.01007570337277
4.4 0.014007255120166
4.41 0.017832450675358
4.42 0.020652806277196
4.43 0.027805757265665
4.44 0.034766695182711
4.45 0.03642838416556
4.46 0.035053107024736
4.47 0.021188633166952
4.48 -0.000779971299772
4.49 -0.014304870687947
4.5 -0.01407459852372
4.51 -0.019154456498229
4.52 -0.026537556596682
4.53 -0.033661192176182
4.54 -0.038532825315242
4.55 -0.01641871479117
4.56 0.007965592973359
4.57 0.010515422830245
4.58 0.023585854117831
4.59 0.033938865853023
4.6 0.048184230136318
4.61 0.067089789113463
4.62 0.076335210861771
4.63 0.074372806941501
4.64 0.071321814179223
4.65 0.041958612952587
4.66 0.001438944755011
4.67 -6.5910170971e-05
4.68 -0.017074485502212
4.69 -0.031370082028125
4.7 -0.048536798714246
4.71 -0.082415595558966
4.72 -0.101226218517046
4.73 -0.102468858658944
4.74 -0.100337378559986
4.75 -0.09563303506377
4.76 -0.06766186413293
4.77 -0.048482428599678
4.78 -0.029099065777684
4.79 -0.007779499511868
4.8 0.013555486291472
4.81 0.040133821146814
4.82 0.074302453139346
4.83 0.098346155212192
4.84 0.118697871890489
4.85 0.135220908859949
4.86 0.142612113256849
4.87 0.141709922681832
4.88 0.139736158930965
4.89 0.139038518749881
4.9 0.136784809938516
4.91 0.116436455502695
4.92 0.104134952732976
4.93 0.104935368395126
4.94 0.098443601943765
4.95 0.098249883971702
4.96 0.086358512957838
4.97 0.062635527091352
4.98 0.042658411326433
4.99 0.033878895148788
5.0 0.020376680871586
5.01 0.031494977651128
5.02 0.025885915641021
5.03 0.01626195863324
5.04 0.000614107474406
5.05 -0.012845607092428
5.06 -0.03487258246589
5.07 -0.045403267528985
5.08 -0.04798579776145
5.09 -0.054267983211686
5.1 -0.044495380674026
5.11 -0.037634087960342
5.12 -0.033752515098952
5.13 -0.047724440894374
5.14 -0.056236259499882
5.15 -0.065465752066893
5.16 -0.066455332626678
5.17 -0.060858942355032
5.18 -0.062470452990582
5.19 -0.081424142703716
5.2 -0.111808010787734
5.21 -0.12630561918813
5.22 -0.150819193817828
5.23 -0.157024306065457
5.24 -0.157903426621923
5.25 -0.155415775901041
5.26 -0.161220509107063
5.27 -0.164300856203867
5.28 -0.16854953932279
5.29 -0.178543013451937
5.3 -0.173969876084068
5.31 -0.168071267520247
5.32 -0.141324821452049
5.33 -0.075556882510182
5.34 -0.032730404991033
5.35 -0.051781610030378
5.36 -0.029653645231641
5.37 -0.018803285006245
5.38 -0.002264237212141
5.39 0.052848615991405
5.4 0.084758379767462
5.41 0.085392928786563
5.42 0.098406460854292
5.43 0.11391056715369
5.44 0.114047885642153
5.45 0.119929665908053
5.46 0.12546041821086
5.47 0.115479060346525
5.48 0.089374464461758
5.49 0.062999329655341
5.5 0.058879535856992
5.51 0.0563642700567
5.52 0.043070129582184
5.53 0.017820246846216
5.54 -0.006882178073039
5.55 -0.010378546567017
5.56 0.009296144973642
5.57 0.02260976992057
5.58 0.030007290748953
5.59 0.031535914036175
5.6 0.027271711286275
5.61 0.019590847560296
5.62 -0.009273843212187
5.63 -0.010640238168359
5.64 -0.007609983225173
5.65 -0.013137159829566
5.66 -0.01588915375445
5.67 -0.060821817961214
5.68 -0.093960926475817
5.69 -0.091864193813022
5.7 -0.10172429943152
5.71 -0.103835747484352
5.72 -0.106537349404357
5.73 -0.115107254637211
5.74 -0.122697266815653
5.75 -0.117935522921622
5.76 -0.12206036234806
5.77 -0.135964639594536
5.78 -0.138238564495882
5.79 -0.148424651524969
5.8 -0.1496037260157
5.81 -0.148481544388443
5.82 -0.150577597004668
5.83 -0.147934145307192
5.84 -0.146657264411198
5.85 -0.111783684339512
5.86 -0.118145675797809
5.87 -0.129253142414644
5.88 -0.122776339318797
5.89 -0.116095343445722
5.9 -0.085286798741894
5.91 -0.043753074774784
5.92 -0.03060233107597
5.93 -0.030213659420807
5.94 -0.023665570458765
5.95 -0.020504964999964
5.96 -0.014825382310211
5.97 -0.0156022967993
5.98 -0.041335169670175
5.99 -0.081765531777531
6.0 -0.055522803471769
6.01 -0.063903636160575
6.02 -0.052219902284522
6.03 -0.049799061484362
6.04 -0.048259424194257
6.05 -0.052161811804668
6.06 -0.013734640527105
6.07 0.002582159577067
6.08 0.032607965968658
6.09 0.056914265065774
6.1 0.110023714330287
6.11 0.172963654284983
6.12 0.186433283281441
6.13 0.213497591290254
6.14 0.236417083705219
6.15 0.24426625554533
6.16 0.258403103083196
6.17 0.289361217810708
6.18 0.320317349525111
6.19 0.326814511556694
6.2 0.323075180486821
6.21 0.327817888384937
6.22 0.334246775899336
6.23 0.337847200649923
6.24 0.345216694593846
6.25 0.317703661845891
6.26 0.143072630014911
6.27 0.125243949961177
6.28 0.157214517771439
6.29 0.123807330220414
6.3 0.09893879177646
6.31 0.077007983648743
6.32 -0.016924861698328
6.33 -0.073964154720334
6.34 -0.041766881980802
6.35 -0.051960942636475
6.36 -0.091720510482187
6.37 -0.084084875620813
6.38 -0.077684126139616
6.39 -0.079759180041798
6.4 -0.015109344272152
6.41 -0.009892675870724
6.42 -0.02415296862295
6.43 -0.011352858374758
6.44 -0.005937132297633
6.45 0.013387765032107
6.46 0.055236895204316
6.47 0.058638263189071
6.48 0.043742101469509
6.49 0.031930549471149
6.5 0.025728694849241
6.51 0.009904904234178
6.52 0.006606990759935
6.53 -0.017590216159807
6.54 -0.046884720664228
6.55 -0.066958708789047
6.56 -0.073301916338288
6.57 -0.08181309839861
6.58 -0.085468763367279
6.59 -0.076962811593428
6.6 -0.080356995366684
6.61 -0.124950804545385
6.62 -0.152554205804084
6.63 -0.221038145289655
6.64 -0.196992815514782
6.65 -0.112443548470968
6.66 0.078211773611426
6.67 -0.017600784786992
6.68 -0.013672561195671
6.69 -0.011339774623891
6.7 -0.058492429053302
6.71 -0.005727987620007
6.72 0.096206974275321
6.73 0.067008073975794
6.74 0.015175592580198
6.75 0.014182177648978
6.76 0.009317679828962
6.77 0.012238055424355
6.78 0.016296405553629
6.79 -0.007481364676495
6.8 -0.015723714049816
6.81 0.001064251414698
6.82 0.032277032646749
6.83 0.033210703922283
6.84 0.06310484282836
6.85 0.075425234871858
6.86 0.077825848118405
6.87 0.098933759610567
6.88 0.15570737467985
6.89 0.18965276416992
6.9 0.187241776908829
6.91 0.213184148483453
6.92 0.20320564158914
6.93 0.198619645580446
6.94 0.225242644268058
6.95 0.234035162807274
6.96 0.241672524027026
6.97 0.250471754795297
6.98 0.237635454503446
6.99 0.248448572947228
7.0 0.216604019945814
7.01 0.176132226750107
7.02 0.15174309911837
7.03 0.168773513860418
7.04 0.142517839228345
7.05 0.152005249121598
7.06 0.132313125775259
7.07 0.089395609857848
7.08 0.097189474719401
7.09 0.086358228987116
7.1 0.084768855517175
7.11 0.097277611361725
7.12 0.079111899782976
7.13 0.072960474647862
7.14 0.044184836067978
7.15 -0.032034354669097
7.16 -0.072778158964221
7.17 -0.09158939833976
7.18 -0.121265094579361
7.19 -0.162181600505038
7.2 -0.201589963247779
7.21 -0.26144816840616
7.22 -0.326096005607391
7.23 -0.368685462849965
7.24 -0.403465275088689
7.25 -0.439854642895296
7.26 -0.487661862470541
7.27 -0.529234967588436
7.28 -0.561860040948455
7.29 -0.577315011246826
7.3 -0.576290401889851
7.31 -0.563941912116056
7.32 -0.555975420565296
7.33 -0.560122387333398
7.34 -0.56764690300457
7.35 -0.479707832063586
7.36 -0.286085331475922
7.37 -0.325722367564014
7.38 -0.319628772035618
7.39 -0.242059731733013
7.4 -0.210776820364081
7.41 -0.170099481327306
7.42 -0.058473206187915
7.43 0.039872425192815
7.44 0.046272864535139
7.45 0.042917847928058
7.46 0.096486381585215
7.47 0.149516334148226
7.48 0.173046241745154
7.49 0.19382550859634
7.5 0.223336832904159
7.51 0.250113798666327
7.52 0.260717553392125
7.53 0.264102751470571
7.54 0.274141555075665
7.55 0.285348656730546
7.56 0.294576602719968
7.57 0.308904879053291
7.58 0.328052442426319
7.59 0.354755484857023
7.6 0.350881747890797
7.61 0.354207413004868
7.62 0.34929330755015
7.63 0.343525889087461
7.64 0.336243747001908
7.65 0.325680852313821
7.66 0.292332642905594
7.67 0.272972288358741
7.68 0.245227285287954
7.69 0.184470464698773
7.7 0.13948808366951
7.71 0.11607666349649
7.72 0.083534862541219
7.73 0.041212077046074
7.74 -0.008669126879339
7.75 -0.06297868927268
7.76 -0.11256453999906
7.77 -0.1486464518588
7.78 -0.171276349654045
7.79 -0.184044891914999
7.8 -0.205813247859629
7.81 -0.228098674384944
7.82 -0.237871449774873
7.83 -0.239552436874785
7.84 -0.23583988451495
7.85 -0.222281091928055
7.86 -0.199642686864851
7.87 -0.194235083314445
7.88 -0.193575436062577
7.89 -0.195199268011168
7.9 -0.182455473664399
7.91 -0.162274477387647
7.92 -0.12745836560947
7.93 -0.120647446115889
7.94 -0.105932805449248
7.95 -0.111383635390779
7.96 -0.088555651871011
7.97 -0.085168598400331
7.98 -0.083618327487442
7.99 -0.10238424774915
8.0 -0.175993020775251
8.01 -0.184475179813918
8.02 -0.184516647236455
8.03 -0.186684324252777
8.04 -0.192711328550048
8.05 -0.225147011915989
8.06 -0.259071932104586
8.07 -0.273207282609508
8.08 -0.228825790096624
8.09 -0.272090472546465
8.1 -0.326485020871913
8.11 -0.341236664927829
8.12 -0.341137815215719
8.13 -0.388056273112241
8.14 -0.317652757206111
8.15 -0.228412721878218
8.16 -0.051804672220413
8.17 -0.177024855587394
8.18 -0.088200684844687
8.19 -0.128022150963483
8.2 -0.12573563347188
8.21 -0.034944296693644
8.22 0.094924042934227
8.23 0.167929378467154
8.24 0.145949286977733
8.25 0.220035599179571
8.26 0.270018637025578
8.27 0.269826067032086
8.28 0.336820472064231
8.29 0.379823673446092
8.3 0.38519285355412
8.31 0.42832812451303
8.32 0.455844518332711
8.33 0.459804185492164
8.34 0.475477324926102
8.35 0.495424888212408
8.36 0.503856075087379
8.37 0.511475687468802
8.38 0.522953726115972
8.39 0.530159627155919
8.4 0.537482361975713
8.41 0.544383078892083
8.42 0.527885716354048
8.43 0.540041704492184
8.44 0.502029413843969
8.45 0.509116910319939
8.46 0.475135816566319
8.47 0.42351328555172
8.48 0.324690989783621
8.49 0.252126876875742
8.5 0.234716336725667
8.51 0.224261705373011
8.52 0.176486905103932
8.53 0.100871937683729
8.54 0.02275347251689
8.55 -0.043683363135662
8.56 -0.10109534303949
8.57 -0.1483557760802
8.58 -0.177339376657804
8.59 -0.20489947802174
8.6 -0.245991870753359
8.61 -0.287251293304261
8.62 -0.31696617996375
8.63 -0.337813628148568
8.64 -0.360057831233803
8.65 -0.391330032730328
8.66 -0.423166252961169
8.67 -0.445223351190489
8.68 -0.463165685287082
8.69 -0.482976727707915
8.7 -0.499547844638343
8.71 -0.508534203354192
8.72 -0.51237611246027
8.73 -0.512832012714958
8.74 -0.511236194585055
8.75 -0.507875492523581
8.76 -0.501430289551392
8.77 -0.476683310800279
8.78 -0.446411164174473
8.79 -0.398062638451157
8.8 -0.343943926270343
8.81 -0.287910792443636
8.82 -0.224830539996377
8.83 -0.170553430469281
8.84 -0.129406810057375
8.85 -0.088062294652487
8.86 -0.038763630360854
8.87 0.015731904727476
8.88 0.068560798501674
8.89 0.112566315009417
8.9 0.145963130351489
8.91 0.17312969287908
8.92 0.194413616246605
8.93 0.211158410159347
8.94 0.227360406647949
8.95 0.241594701578993
8.96 0.250311657060868
8.97 0.252978474790642
8.98 0.252671214176088
8.99 0.25500915102743
9.0 0.249331344754326
9.01 0.243014110896739
9.02 0.247108883131169
9.03 0.257898133786914
9.04 0.255997990205083
9.05 0.256324273806205
9.06 0.25486378785349
9.07 0.253095576019053
9.08 0.246926511181352
9.09 0.243315747625111
9.1 0.295524794141923
9.11 0.312574155984536
9.12 0.297361012132456
9.13 0.267002427852312
9.14 0.240122621375557
9.15 0.242585934578407
9.16 0.277478683776303
9.17 0.274599978958281
9.18 0.256739837766207
9.19 0.234615665843103
9.2 0.166126544634944
9.21 0.102549372506992
9.22 0.081206813559405
9.23 0.097891881044115
9.24 0.075555460214866
9.25 0.018274170867978
9.26 -0.026794353800837
9.27 -0.086306394330912
9.28 -0.142538697569962
9.29 -0.160664805449666
9.3 -0.176758473816039
9.31 -0.217648257562753
9.32 -0.262534245829686
9.33 -0.289058778694989
9.34 -0.302912375172619
9.35 -0.322133238587309
9.36 -0.337694950750677
9.37 -0.34052575327984
9.38 -0.341891178944276
9.39 -0.342515648397784
9.4 -0.313298147001009
9.41 -0.273983922445606
9.42 -0.27078613919025
9.43 -0.277865461668315
9.44 -0.27551367899941
9.45 -0.271081091109819
9.46 -0.253968357897378
9.47 -0.25983195130034
9.48 -0.282268025003472
9.49 -0.297734005677636
9.5 -0.317875169126889
9.51 -0.338461937930797
9.52 -0.339054514574195
9.53 -0.301852571380382
9.54 -0.341819009945387
9.55 -0.374503810902332
9.56 -0.387204803093028
9.57 -0.173957165054181
9.58 -0.159152262641938
9.59 -0.130629499566236
9.6 -0.10510420269278
9.61 -0.129756161513844
9.62 -0.060087399573275
9.63 0.033650552340469
9.64 0.117347978484999
9.65 0.155024539937466
9.66 0.168528217195076
9.67 0.227083752540798
9.68 0.27062003412974
9.69 0.30449389687953
9.7 0.355615067443585
9.71 0.395598516064718
9.72 0.425266329053164
9.73 0.460122152649802
9.74 0.484436114864198
9.75 0.502490631149728
9.76 0.522978606039647
9.77 0.534363294810516
9.78 0.539171263470385
9.79 0.543396856641925
9.8 0.544681789698797
9.81 0.530397766911032
9.82 0.472162445536823
9.83 0.376720700539937
9.84 0.318819150280015
9.85 0.296550284931809
9.86 0.275932340599702
9.87 0.231877574436993
9.88 0.172532382636837
9.89 0.11243071045507
9.9 0.056669704164737
9.91 0.017439958749457
9.92 0.003594470781931
9.93 -0.000742550850736
9.94 -0.015422589569145
9.95 -0.040942754605181
9.96 -0.063765681555316
9.97 -0.080808386509218
9.98 -0.098693125357131
9.99 -0.115234407967073
10.0 -0.130564934513832
10.01 -0.152709999708082
10.02 -0.178528399067688
10.03 -0.198016881460401
10.04 -0.213357774764745
10.05 -0.23034999608425
10.06 -0.247386808976718
10.07 -0.261686294729285
10.08 -0.271860495289058
10.09 -0.277137351529328
10.1 -0.276128719484395
10.11 -0.262249039883286
10.12 -0.210940799763998
10.13 -0.181882912025677
10.14 -0.194955042325668
10.15 -0.196559941455602
10.16 -0.178581759086994
10.17 -0.150197218373869
10.18 -0.11186865248205
10.19 -0.08852783156454
10.2 -0.097313118346259
10.21 -0.080256754040833
10.22 -0.020069609385488
10.23 -0.018224199486541
10.24 0.063394571497314
10.25 0.042205388499024
10.26 0.032324102802554
10.27 0.087194075838422
10.28 0.123143284528104
10.29 0.162298537783494
10.3 0.187492271160252
10.31 0.236785105754011
10.32 0.280627569349354
10.33 0.269111156849132
10.34 0.284352265261054
10.35 0.31663390872335
10.36 0.299775047410425
10.37 0.110557768702041
10.38 0.019003626675733
10.39 0.117619379149411
10.4 0.058284593745101
10.41 0.056186552484436
10.42 0.067009418025839
10.43 -0.046649844516269
10.44 -0.172804623495805
10.45 -0.171295005823105
10.46 -0.131104136413723
10.47 -0.170341401288554
10.48 -0.119082521140033
10.49 -0.063031723833781
10.5 -0.060437081978892
10.51 -0.048651446797546
10.52 -0.007153703592243
10.53 0.00427763871526
10.54 0.05085646401689
10.55 0.099379829492815
10.56 0.090698450675177
10.57 0.10611011929615
10.58 0.137075437389065
10.59 0.137984236043688
10.6 0.097019159203528
10.61 0.047257003807911
10.62 0.026297810043167
10.63 -0.015657173783922
10.64 -0.014759387906436
10.65 -0.041631381060746
10.66 -0.0864657496719
10.67 -0.13395007425312
10.68 -0.147980598166277
10.69 -0.17522095715159
10.7 -0.187855666913082
10.71 -0.169771207820094
10.72 -0.183120868327088
10.73 -0.240477452227774
10.74 -0.297197391098779
10.75 -0.288310693524438
10.76 -0.21318323968501
10.77 -0.039373680437829
10.78 -0.062238510459663
10.79 -0.09185844827915
10.8 -0.095706893919665
10.81 -0.13550696256442
10.82 -0.117684284563588
10.83 -0.018705472065302
10.84 -0.051666393924568
10.85 -0.033592089646288
10.86 -0.061329450618408
10.87 -0.090812827297027
10.88 -0.129310002354084
10.89 -0.151206197841973
10.9 -0.185191444854577
10.91 -0.184603532392489
10.92 -0.198891760201737
10.93 -0.221767577062118
10.94 -0.230502348958331
10.95 -0.232727799352048
10.96 -0.205724751808015
10.97 -0.188409231173452
10.98 -0.119835572859893
10.99 -0.083630748317238
11.0 -0.082938576212084
11.01 -0.054974716328352
11.02 -0.014771620948533
11.03 0.019286169682015
11.04 0.074930209250856
11.05 0.117620400687641
11.06 0.130678209605131
11.07 0.148496485855456
11.08 0.170753069912825
11.09 0.186621372347872
11.1 0.206009378998132
11.11 0.227665002498972
11.12 0.242124716285384
11.13 0.250191762199397
11.14 0.261503139494825
11.15 0.273229037323504
11.16 0.278057687125591
11.17 0.285752172658094
11.18 0.299651485671522
11.19 0.310482520580969
11.2 0.318785954616363
11.21 0.328903255567026
11.22 0.338789213419341
11.23 0.345887841010908
11.24 0.350836975127224
11.25 0.3537887717667
11.26 0.359682301342768
11.27 0.360500101437996
11.28 0.35896858079352
11.29 0.358603416548572
11.3 0.344825604992902
11.31 0.312137547710447
11.32 0.321999440173134
11.33 0.3008956311879
11.34 0.238197711540815
11.35 0.185912560132198
11.36 0.134902613963658
11.37 0.10624911935211
11.38 0.100874558235551
11.39 0.070788856801164
11.4 0.007085050797839
11.41 -0.045741134775349
11.42 -0.081091664790097
11.43 -0.116574935829765
11.44 -0.147748323208176
11.45 -0.176422445699711
11.46 -0.211226294174321
11.47 -0.249251069481024
11.48 -0.283606251269396
11.49 -0.311745902558781
11.5 -0.33731489468298
11.51 -0.351889820863041
11.52 -0.369469404861054
11.53 -0.379418789495604
11.54 -0.386764076642819
11.55 -0.391943895785135
11.56 -0.391798704550437
11.57 -0.377535795020468
11.58 -0.374966800961279
11.59 -0.371104565197362
11.6 -0.355303781407636
11.61 -0.318159406977416
11.62 -0.263716347387148
11.63 -0.221311517030635
11.64 -0.201409481774494
11.65 -0.183461174063621
11.66 -0.157379844188263
11.67 -0.123365613265043
11.68 -0.08615934773058
11.69 -0.06393452436154
11.7 -0.052056537579417
11.71 -0.038989946508927
11.72 -0.023437688986393
11.73 -0.007401208313103
11.74 0.007641901325027
11.75 0.024518876654855
11.76 0.042925738791116
11.77 0.062801835369182
11.78 0.083210733360741
11.79 0.097858708975598
11.8 0.106725702948621
11.81 0.116526616271965
11.82 0.132664788555742
11.83 0.158075990309423
11.84 0.190622011220435
11.85 0.223337491076078
11.86 0.251403777842738
11.87 0.274134187730889
11.88 0.293232901101738
11.89 0.311339291138471
11.9 0.32925946175298
11.91 0.346100714471184
11.92 0.360948694460977
11.93 0.373097503126005
11.94 0.383268572572473
11.95 0.392494371701471
11.96 0.400170075210277
11.97 0.406508370354624
11.98 0.408960301194547
11.99 0.3991826297536
12.0 0.390404892068121
12.01 0.375149408216015
12.02 0.36066775187587
12.03 0.313274871563345
12.04 0.223618398131267
12.05 0.17621947214763
12.06 0.181567653753339
12.07 0.168060604289449
12.08 0.123446929777238
12.09 0.083477194569519
12.1 0.035822770009544
12.11 -0.023556078005442
12.12 -0.059364177763869
12.13 -0.067746198756238
12.14 -0.088349519679006
12.15 -0.129177804613182
12.16 -0.160280961096209
12.17 -0.175480945677745
12.18 -0.198036522771108
12.19 -0.229830156251152
12.2 -0.251934157751735
12.21 -0.265804202591405
12.22 -0.283946796916701
12.23 -0.30302151646534
12.24 -0.315941664378836
12.25 -0.326026010553237
12.26 -0.33770707835372
12.27 -0.348378285815274
12.28 -0.35440167349398
12.29 -0.357344922969664
12.3 -0.35929525014749
12.31 -0.358980885041304
12.32 -0.355770624335271
12.33 -0.337730511688132
12.34 -0.322156862020701
12.35 -0.31331104925222
12.36 -0.307816713418898
12.37 -0.305497659048796
12.38 -0.290516429344689
12.39 -0.273425924881672
12.4 -0.259716502900344
12.41 -0.240523233606271
12.42 -0.235301143198322
12.43 -0.231027127960937
12.44 -0.223228917968219
12.45 -0.201177253191699
12.46 -0.176329781699151
12.47 -0.152388664872702
12.48 -0.13488844470514
12.49 -0.128666234963293
12.5 -0.115315089626675
12.51 -0.092009898819033
12.52 -0.060866829996801
12.53 -0.033451718445221
12.54 -0.010645785937271
12.55 0.006322800856539
12.56 0.020345896416096
12.57 0.03877002591006
12.58 0.058883829128673
12.59 0.07715133404484
12.6 0.093844659162419
12.61 0.110616140949941
12.62 0.128338281983036
12.63 0.14571486386947
12.64 0.163214002353787
12.65 0.182365701059283
12.66 0.201885039284034
12.67 0.220711346974843
12.68 0.238837900284107
12.69 0.255406615713089
12.7 0.269594890340516
12.71 0.280573968875258
12.72 0.289534515274491
12.73 0.299433438711206
12.74 0.309295622288845
12.75 0.318816182705856
12.76 0.326232755888459
12.77 0.329831581408055
12.78 0.326541790640197
12.79 0.30316519956222
12.8 0.2643019407163
12.81 0.208696859985716
12.82 0.15257561378314
12.83 0.130854965349651
12.84 0.123618101273189
12.85 0.091901873997295
12.86 0.042226442453034
12.87 -0.003614651405063
12.88 -0.039931704140947
12.89 -0.071271406945948
12.9 -0.087745924941684
12.91 -0.090544696522589
12.92 -0.100182515084898
12.93 -0.118110634597923
12.94 -0.127860714645849
12.95 -0.127116001694142
12.96 -0.126964333099289
12.97 -0.129291099057133
12.98 -0.120333662340799
12.99 -0.116459280327493
13.0 -0.122607263718007
13.01 -0.128786008070222
13.02 -0.131002054138913
13.03 -0.130103135336712
13.04 -0.123791570863503
13.05 -0.125961246180207
13.06 -0.122140397749985
13.07 -0.122219203556953
13.08 -0.143513405094828
13.09 -0.152939160662021
13.1 -0.127873083840487
13.11 -0.140504520159592
13.12 -0.126228727320166
13.13 -0.138599497291561
13.14 -0.147384665879467
13.15 -0.137326050297464
13.16 -0.136830962322447
13.17 -0.14619898147963
13.18 -0.163542295603595
13.19 -0.119623267750941
13.2 -0.031058064835793
13.21 -0.083555495325668
13.22 -0.026849777134551
13.23 -0.068420217531049
13.24 -0.036046173440501
13.25 -0.005166669043102
13.26 0.045816476924842
13.27 0.028242185097771
13.28 0.035584729922278
13.29 0.051530980885547
13.3 0.036297925505035
13.31 0.046059925162138
13.32 0.021862508749399
13.33 0.015757441341526
13.34 0.018770569218747
13.35 0.022383483389692
13.36 0.032789019697758
13.37 0.021316310400771
13.38 0.026534001723957
13.39 0.018383403324828
13.4 0.029248798556093
13.41 0.037391977632894
13.42 0.043594869202552
13.43 0.052628383683031
13.44 0.046101062760207
13.45 0.055364277501737
13.46 0.061202085306779
13.47 0.064730390534676
13.48 0.06716183005085
13.49 0.072915814858203
13.5 0.081213165156758
13.51 0.091688290741053
13.52 0.106474678831264
13.53 0.110339771065605
13.54 0.10625859943933
13.55 0.101484432474988
13.56 0.004018058407047
13.57 0.017836406131023
13.58 0.040195126384756
13.59 0.011490218510258
13.6 0.027261379404214
13.61 -0.016285355535452
13.62 -0.08030758749296
13.63 -0.089730446033499
13.64 -0.079905037264199
13.65 -0.106541200872687
13.66 -0.107675739834894
13.67 -0.110574996382952
13.68 -0.124956689696649
13.69 -0.121052247928404
13.7 -0.128569616204874
13.71 -0.135282391925734
13.72 -0.139269711201472
13.73 -0.142600876734227
13.74 -0.146127898302604
13.75 -0.143829243044516
13.76 -0.139698699066428
13.77 -0.121933212165103
13.78 -0.08503875661707
13.79 -0.078633901367391
13.8 -0.073835392915733
13.81 -0.063238903684271
13.82 -0.052112539711404
13.83 -0.023283858779459
13.84 0.003156645565778
13.85 0.012863466866704
13.86 0.018436061329384
13.87 0.030269625763091
13.88 0.040064833336943
13.89 0.052024603923093
13.9 0.062038258562623
13.91 0.063179602545806
13.92 0.067005137312222
13.93 0.078047698817136
13.94 0.090125184065818
13.95 0.100062882645548
13.96 0.107741179709564
13.97 0.112677860333507
13.98 0.115717521545283
13.99 0.121661334425488
14.0 0.128880525952191
14.01 0.132467074662988
14.02 0.134282812915488
14.03 0.134520710502176
14.04 0.134143385885923
14.05 0.128197777232482
14.06 0.120684429577395
14.07 0.115609394236261
14.08 0.110902674911663
14.09 0.102602595103118
14.1 0.088751855119526
14.11 0.074150481059672
14.12 0.062704693781401
14.13 0.056093350320722
14.14 0.049093540460374
14.15 0.041577454585528
14.16 0.032172632583081
14.17 0.021794149295271
14.18 0.013724022987552
14.19 0.00874963596533
14.2 0.004976030861661
14.21 0.002959381191909
14.22 0.002147116041988
14.23 1.7545108306e-05
14.24 -0.002864173280071
14.25 -0.00391774892155
14.26 -0.0043864934176
14.27 -0.001222383718235
14.28 0.004282070595652
14.29 0.00767305968877
14.3 0.007492444202543
14.31 0.002704917794957
14.32 -0.006468654672331
14.33 -0.012708515360577
14.34 -0.014095018552911
14.35 -0.009402274795534
14.36 -0.0272496401787
14.37 -0.054884941412758
14.38 -0.061794621491421
14.39 -0.071680352883781
14.4 -0.079765948690565
14.41 -0.078777062552292
14.42 -0.092779231968559
14.43 -0.110351520802091
14.44 -0.115365731265741
14.45 -0.113111291080364
14.46 -0.113996678711742
14.47 -0.111747185784502
14.48 -0.100893769325118
14.49 -0.102600193520902
14.5 -0.099951546739364
14.51 -0.104645904196028
14.52 -0.103952520362242
14.53 -0.100566242356139
14.54 -0.103586435278204
14.55 -0.105632111093728
14.56 -0.110331047398724
14.57 -0.112700990014318
14.58 -0.110353020454992
14.59 -0.105907930077045
14.6 -0.113364341208145
14.61 -0.118361377895027
14.62 -0.11856493806897
14.63 -0.118230235444032
14.64 -0.111627699100857
14.65 -0.11181426621709
14.66 -0.113717869283179
14.67 -0.116237631110135
14.68 -0.112784318119509
14.69 -0.128561456825491
14.7 -0.088074862238834
14.71 -0.056915860864994
14.72 -0.07011616335574
14.73 -0.043128777015406
14.74 -0.056295438398307
14.75 -0.033905978215339
14.76 -0.002682880196527
14.77 0.02352192396685
14.78 0.012014966353431
14.79 0.035346007536858
14.8 0.037710960612637
14.81 0.042512103890479
14.82 0.058669923232547
14.83 0.056428014835303
14.84 0.074691796791238
14.85 0.08108507590828
14.86 0.095173273142066
14.87 0.105887717112133
14.88 0.114438664286024
14.89 0.123549011763683
14.9 0.131253982471936
14.91 0.139363279359377
14.92 0.144215868152923
14.93 0.148546606199394
14.94 0.149937339475485
14.95 0.153227866341546
14.96 0.155673923113598
14.97 0.151256975241371
14.98 0.141998342595864
14.99 0.130013898597976
15.0 0.118660701866358
15.01 0.115954126214885
15.02 0.112537330278078
15.03 0.108636277765084
15.04 0.101019957779149
15.05 0.089125322784968
15.06 0.077202754310301
15.07 0.070547472186547
15.08 0.06184086721975
15.09 0.057841054412737
15.1 0.052609393336886
15.11 0.046147298680189
15.12 0.039866120214412
15.13 0.031424438127627
15.14 0.019695585648741
15.15 0.00965378863316
15.16 -0.001575165655662
15.17 -0.012344153189698
15.18 -0.020804336574898
15.19 -0.028407095190178
15.2 -0.038573791506016
15.21 -0.049569271338592
15.22 -0.061891777496875
15.23 -0.075058474674906
15.24 -0.08563773071631
15.25 -0.094176775013389
15.26 -0.101544215985769
15.27 -0.106605056046628
15.28 -0.108504221263058
15.29 -0.107976266689076
15.3 -0.101108594125356
15.31 -0.085538194177189
15.32 -0.07413514547348
15.33 -0.07041864978332
15.34 -0.068152509752941
15.35 -0.061505826215802
15.36 -0.049416842085013
15.37 -0.03438223019666
15.38 -0.024124911570923
15.39 -0.023114355416131
15.4 -0.019557388530922
15.41 -0.015423201772491
15.42 -0.011845742589926
15.43 -0.008191549100485
15.44 -0.003507609812512
15.45 0.001829980163698
15.46 0.007766168528355
15.47 0.015231565825921
15.48 0.021902471259727
15.49 0.029052125875818
15.5 0.035721693838196
15.51 0.036372530969519
15.52 0.036413868511559
15.53 0.040844334649999
15.54 0.050039437906207
15.55 0.059802554353921
15.56 0.06964312407027
15.57 0.077197428804321
15.58 0.083195360073649
15.59 0.091451774993036
15.6 0.104491338912518
15.61 0.116622081814978
15.62 0.12972087387505
15.63 0.143495334077286
15.64 0.15543457083739
15.65 0.166332815613697
15.66 0.174781359846828
15.67 0.184474872373274
15.68 0.191024593958308
15.69 0.196627388312464
15.7 0.19875682451814
15.71 0.199884555092994
15.72 0.203056495171941
15.73 0.205314602056738
15.74 0.172992943280678
15.75 0.057233194225396
15.76 0.087781661100834
15.77 0.078844266891786
15.78 0.044275171329214
15.79 0.04924317282724
15.8 -0.006184489715901
15.81 -0.084458455214676
15.82 -0.086078335571288
15.83 -0.077705880337252
15.84 -0.118486339821833
15.85 -0.12440761743909
15.86 -0.119236813057759
15.87 -0.136797724260166
15.88 -0.14131916442166
15.89 -0.133320316788248
15.9 -0.128632589067176
15.91 -0.128336521958708
15.92 -0.122145004875503
15.93 -0.1231370087251
15.94 -0.120929469516212
15.95 -0.111202734043883
15.96 -0.112149521036622
15.97 -0.111043522004873
15.98 -0.119694919492144
15.99 -0.124546809701625
16.0 -0.130877721739941
16.01 -0.132443252545313
16.02 -0.126102887989261
16.03 -0.127192990944256
16.04 -0.140579330336597
16.05 -0.128742507103909
16.06 -0.081759903759765
16.07 -0.084430254308518
16.08 -0.055016400201615
16.09 -0.063515105009986
16.1 -0.048384358494846
16.11 -0.028269615729747
16.12 0.003772036102976
16.13 -0.001243065180078
16.14 0.010945190296747
16.15 0.022645087652672
16.16 0.021280236045851
16.17 0.03038294920719
16.18 0.021692941722439
16.19 0.027212612882584
16.2 0.027209587277804
16.21 0.039982350396548
16.22 0.039274209631006
16.23 0.042386995872073
16.24 0.043698243577828
16.25 0.045276352653191
16.26 0.047349973720536
16.27 0.048780461132033
16.28 0.054661235478787
16.29 0.061313119161533
16.3 0.073289136464714
16.31 0.088382330606503
16.32 0.096875967078432
16.33 0.10542193433261
16.34 0.115074278621621
16.35 0.124921760452213
16.36 0.137213421248356
16.37 0.150336931592559
16.38 0.163186968113915
16.39 0.175446602607122
16.4 0.18643828400068
16.41 0.193676667453905
16.42 0.196312676922479
16.43 0.193939189735012
16.44 0.187211361539904
16.45 0.169256522382254
16.46 0.153357619056262
16.47 0.12482190031234
16.48 0.09302710810176
16.49 0.089313124254835
16.5 0.068944932173546
16.51 0.036775527936385
16.52 0.01968933098616
16.53 -0.007412319909826
16.54 -0.038252580142646
16.55 -0.043419650833539
16.56 -0.049322560924644
16.57 -0.06506147370841
16.58 -0.072028266617078
16.59 -0.075676609987285
16.6 -0.082657288738209
16.61 -0.085896526686892
16.62 -0.084512096440005
16.63 -0.086454061488178
16.64 -0.086280563804132
16.65 -0.090298153711665
16.66 -0.092758658626932
16.67 -0.095688263733593
16.68 -0.094652342957509
16.69 -0.094175637071491
16.7 -0.090481649440339
16.71 -0.107585298642984
16.72 -0.118922277090429
16.73 -0.123569153970167
16.74 -0.139197483493636
16.75 -0.140824640836463
16.76 -0.144678224645663
16.77 -0.155313437748527
16.78 -0.161933578897261
16.79 -0.170964187053702
16.8 -0.172566899735491
16.81 -0.173241026630281
16.82 -0.161045752172341
16.83 -0.041639764750483
16.84 -0.09828704665012
16.85 -0.070626118893853
16.86 -0.065051277227481
16.87 -0.067280356999233
16.88 -0.006558078265203
16.89 0.041494302468114
16.9 0.04381326361103
16.91 0.034556092603952
16.92 0.062519158823081
16.93 0.0516797613653
16.94 0.051013276173149
16.95 0.046648918708284
16.96 0.012598530347464
16.97 0.020323244080033
16.98 0.026639461197908
16.99 0.034651723301879
17.0 0.030446428390694
17.01 0.01287205924285
17.02 0.004358159548308
17.03 0.019220786916693
17.04 0.036102459029472
17.05 0.050067587711863
17.06 0.061405431373623
17.07 0.058108005401485
17.08 0.05398542995449
17.09 0.053140753204296
17.1 0.082136463321718
17.11 0.10559880284414
17.12 0.105800779431607
17.13 0.091617970221358
17.14 0.101758287198642
17.15 0.098416449857054
17.16 0.117963891254798
17.17 0.138936735619663
17.18 0.141401999052747
17.19 0.140759944040739
17.2 0.111000512967112
17.21 0.020303914937303
17.22 0.076950958187252
17.23 0.043759948448455
17.24 0.064933683796738
17.25 0.043092497622111
17.26 7.1842833328e-05
17.27 -0.04425659363968
17.28 -0.046438509246098
17.29 -0.036384331469442
17.3 -0.071397545724934
17.31 -0.058597594422921
17.32 -0.072249112053112
17.33 -0.07975229437723
17.34 -0.080434675640029
17.35 -0.102265893458088
17.36 -0.110973124794127
17.37 -0.127389637165319
17.38 -0.137856482651539
17.39 -0.144359594280566
17.4 -0.152603906543668
17.41 -0.157829603773528
17.42 -0.162578028703374
17.43 -0.166165817068192
17.44 -0.168547568532312
17.45 -0.175488705209991
17.46 -0.179909197489808
17.47 -0.174929128008197
17.48 -0.165665519064676
17.49 -0.155097124332553
17.5 -0.146676950238318
17.51 -0.120429302691886
17.52 -0.073453241545748
17.53 -0.041250800777877
17.54 -0.045131243346535
17.55 -0.029552952896724
17.56 -0.003947600171443
17.57 0.019862442333714
17.58 0.061631172367113
17.59 0.09579740909082
17.6 0.102535613278297
17.61 0.110878467711022
17.62 0.131312044591274
17.63 0.143650067614247
17.64 0.147116654704216
17.65 0.156988720642879
17.66 0.165163150130891
17.67 0.165332482801728
17.68 0.165301631773043
17.69 0.15813720365647
17.7 0.141993979745483
17.71 0.12317070089614
17.72 0.108573271151541
17.73 0.092691467691708
17.74 0.080786179968531
17.75 0.066787639189618
17.76 0.052959450209385
17.77 0.044453441874202
17.78 0.038972006150688
17.79 0.039280168862834
17.8 0.047364216549208
17.81 0.056855217164729
17.82 0.061929059123399
17.83 0.065843574952365
17.84 0.056460207660342
17.85 0.041973686955172
17.86 0.023322203439165
17.87 0.023060158221363
17.88 0.025284161793273
17.89 0.022150325068359
17.9 -0.017977733088837
17.91 -0.043112484166835
17.92 -0.05308435473068
17.93 -0.066912610038508
17.94 -0.056149897917886
17.95 -0.056221404560186
17.96 -0.061153980861269
17.97 -0.050696919528731
17.98 0.006413893281857
17.99 0.005859258074196
18.0 0.005561201480577
18.01 0.01628548928385
18.02 0.024758637556428
18.03 0.045105916443669
18.04 0.071194435125693
18.05 0.066601419731616
18.06 0.04756200520698
18.07 0.031884597437461
18.08 0.015825925552226
18.09 0.005929993988992
18.1 0.004565428686232
18.11 -0.004634424915562
18.12 -0.029277836296442
18.13 -0.060754104696232
18.14 -0.071300892420861
18.15 -0.070130772440626
18.16 -0.06306489929301
18.17 -0.029915682671274
18.18 -0.006767162668383
18.19 -0.003672432239043
18.2 0.015887230347295
18.21 0.019167031881537
18.22 0.03556129275323
18.23 0.071723183854065
18.24 0.099887054906006
18.25 0.114168691655112
18.26 0.129521120418409
18.27 0.136906677203392
18.28 0.127808591779921
18.29 0.118551048247167
18.3 0.066762387182743
18.31 0.046520765897883
18.32 0.045690358883589
18.33 0.032014170648956
18.34 0.015354846291682
18.35 -0.015014790003027
18.36 -0.058512581850583
18.37 -0.083887900115169
18.38 -0.08678569379965
18.39 -0.094790456516583
18.4 -0.101577138056555
18.41 -0.100311922679992
18.42 -0.094357571982071
18.43 -0.075026010711462
18.44 -0.058673926806106
18.45 -0.054375104701383
18.46 -0.047171484273853
18.47 -0.038197221176242
18.48 -0.021576213474002
18.49 0.00141809118578
18.5 0.015913365998649
18.51 0.013967352188902
18.52 0.001370769615786
18.53 -0.009977148567775
18.54 -0.018262656735614
18.55 -0.0216752243283
18.56 -0.029284754298959
18.57 -0.041276541558696
18.58 -0.057955977159384
18.59 -0.074580602788421
18.6 -0.083614446791531
18.61 -0.098960494124254
18.62 -0.10294490875486
18.63 -0.094428348678754
18.64 -0.067015777943005
18.65 -0.055360600831324
18.66 -0.046707299641385
18.67 -0.036446762761884
18.68 -0.04278838371465
18.69 -0.017082479403055
18.7 0.003652605474924
18.71 0.014082238863757
18.72 0.020083258014643
18.73 0.019477294162197
18.74 0.009309567232022
18.75 0.007314717691908
18.76 -0.001348552828186
18.77 -0.006254814370777
18.78 -0.010372028062085
18.79 -0.020244256779677
18.8 -0.018920307254648
18.81 -0.020472293100583
18.82 -0.023664773605459
18.83 -0.023651489109567
18.84 -0.019206004394514
18.85 -0.010597517528984
18.86 0.000804305500675
18.87 0.007735199001817
18.88 0.011018874881371
18.89 0.017980121863118
18.9 0.023752377934389
18.91 0.025427130672845
18.92 0.027718388602371
18.93 0.046811477949255
18.94 0.070628607532281
18.95 0.069344719028315
18.96 0.05521877865703
18.97 0.054172579485565
18.98 0.050270083572452
18.99 0.050031253537716
19.0 0.07166786148342
19.01 0.06718957725661
19.02 0.059530767132372
19.03 0.05147287243567
19.04 0.046479792667277
19.05 0.021455218606321
19.06 -0.001032062901963
19.07 -0.013924136262738
19.08 -0.015400525459479
19.09 -0.022263913696427
19.1 -0.039426999745642
19.11 -0.059122106460787
19.12 -0.084292114667131
19.13 -0.09904401354633
19.14 -0.104018802053841
19.15 -0.107867845682748
19.16 -0.10941196373678
19.17 -0.11069696011217
19.18 -0.114573340087141
19.19 -0.120557659128852
19.2 -0.125257725788604
19.21 -0.125027956363528
19.22 -0.113890921719138
19.23 -0.098320693464565
19.24 -0.077312424096666
19.25 -0.047565705585208
19.26 -0.027937990321358
19.27 -0.025055975624034
19.28 -0.017019212485493
19.29 0.000921537692294
19.3 0.01852017901665
19.31 0.038110884931229
19.32 0.053957419391708
19.33 0.053132448612005
19.34 0.05093258376094
19.35 0.055268004659143
19.36 0.055206729832057
19.37 0.054802355249053
19.38 0.056384567334074
19.39 0.056092077827461
19.4 0.057654685768803
19.41 0.058804651792254
19.42 0.068735477258092
19.43 0.080679026337311
19.44 0.08623410790922
19.45 0.095959714087702
19.46 0.100078631390314
19.47 0.101577884838058
19.48 0.1069610392566
19.49 0.115454012399573
19.5 0.119297263664494
19.51 0.119585167412701
19.52 0.122606579117201
19.53 0.116421602735658
19.54 0.111248213380894
19.55 0.102141254982449
19.56 0.083602773680604
19.57 0.061462351691463
19.58 0.058418795352388
19.59 0.053256645348438
19.6 0.047808647378713
19.61 0.041430916061758
19.62 0.023617349083536
19.63 0.015287257066512
19.64 0.018839678645552
19.65 0.029005222215358
19.66 0.036525065140409
19.67 0.048290249504464
19.68 0.055368312361901
19.69 0.066312520274458
19.7 0.071636840961998
19.71 0.075628516373471
19.72 0.078387275994634
19.73 0.082551506350078
19.74 0.078955231443872
19.75 0.056437673780185
19.76 0.034791401206863
19.77 0.020196943652364
19.78 0.004773444218207
19.79 -0.006608274460396
19.8 -0.019126628115771
19.81 -0.050754279060929
19.82 -0.092201022507009
19.83 -0.109150040821056
19.84 -0.114734505622133
19.85 -0.129232143058325
19.86 -0.136161188181862
19.87 -0.138450950057414
19.88 -0.153172244016782
19.89 -0.167091109073141
19.9 -0.161431206265893
19.91 -0.149577966019548
19.92 -0.130453893589708
19.93 -0.083905251344529
19.94 -0.080258200215641
19.95 -0.085735869169321
19.96 -0.069138021916497
19.97 -0.060766679035475
19.98 -0.038075757158733
19.99 -0.009936407442994
20.0 -0.017276799108569
20.01 -0.017250478464458
20.02 -0.019620768998489
20.03 -0.028745908588049
20.04 -0.039987623048817
20.05 -0.048576594628578
20.06 -0.058562576319227
20.07 -0.067134982757502
20.08 -0.070940981448986
20.09 -0.059910789416738
20.1 -0.042863492516811
20.11 -0.037299182025668
20.12 -0.03359698168855
20.13 -0.026846958742404
20.14 -0.018419636214151
20.15 -0.00264268644985
20.16 0.011202037278801
20.17 0.026726734745797
20.18 0.058566115952323
20.19 0.081491287514803
20.2 0.077627191670012
20.21 0.08005290775661
20.22 0.087681259240415
20.23 0.085501136224029
20.24 0.096268346949561
20.25 0.1078398935082
20.26 0.090027782794931
20.27 0.054304068753952
20.28 0.042178844739888
20.29 0.045067345512273
20.3 0.028378323118353
20.31 0.022069312727733
20.32 0.001401988153989
20.33 -0.018654565875765
20.34 -0.02509125910266
20.35 -0.017793873791558
20.36 -0.015518983611525
20.37 -0.019018600227358
20.38 -0.014822495413244
20.39 -0.013477089952083
20.4 -0.00316899103238
20.41 -0.000515017085467
20.42 -0.003996905690638
20.43 -0.01102733458184
20.44 -0.017102139704166
20.45 -0.017840283269273
20.46 -0.019311589636495
20.47 -0.026641670087447
20.48 -0.025682966426091
20.49 -0.028764131116735
20.5 -0.047010905059736
20.51 -0.053932918915152
20.52 -0.050535398995556
20.53 -0.061534086753437
20.54 -0.057561182072572
20.55 -0.066711539861909
20.56 -0.079205258637165
20.57 -0.085303276319337
20.58 -0.087356233139009
20.59 -0.089167040139587
20.6 -0.089483725708165
20.61 -0.076813612026148
20.62 -0.041219726780942
20.63 -0.04001465297901
20.64 -0.041190766592021
20.65 -0.028395215004003
20.66 -0.022805614560298
20.67 0.006615259948237
20.68 0.02830048928944
20.69 0.031279669635611
20.7 0.029913667256285
20.71 0.036456935036223
20.72 0.035161110525687
20.73 0.037773039286695
20.74 0.039771072167584
20.75 0.041202796713302
20.76 0.042133760749687
20.77 0.039637609017796
20.78 0.038298692323407
20.79 0.038009385781362
20.8 0.036344893819783
20.81 0.035002730834275
20.82 0.033578561851131
20.83 0.034459312044622
20.84 0.032818607984128
20.85 0.031817173492714
20.86 0.028412736924207
20.87 0.027552921676079
20.88 0.030826225415312
20.89 0.035718552191274
20.9 0.03672142318365
20.91 0.036553981764242
20.92 0.039263217396942
20.93 0.040174002064681
20.94 0.042253534406208
20.95 0.043004508801027
20.96 0.04120317679027
20.97 0.031456562315549
20.98 0.01297348991256
20.99 0.015982814326197
21.0 0.008500520522631
21.01 -0.004613613299598
21.02 -0.011293519917814
21.03 -0.030036353273286
21.04 -0.041671706652087
21.05 -0.042645634891381
21.06 -0.04976918580506
21.07 -0.059374646768685
21.08 -0.05911687138575
21.09 -0.064477597365493
21.1 -0.06483656800062
21.11 -0.064599233454543
21.12 -0.064971335489189
21.13 -0.062841490157055
21.14 -0.060475273355482
21.15 -0.055729902607042
21.16 -0.049537514483778
21.17 -0.043840097358455
21.18 -0.039349693631795
21.19 -0.034454488677524
21.2 -0.02847032214843
21.21 -0.023307840789611
21.22 -0.018065294187021
21.23 -0.01187152834032
21.24 -0.007033098845498
21.25 -0.002487862352833
21.26 -0.000886908250455
21.27 0.000684887154643
21.28 0.00582323497711
21.29 0.013819065104177
21.3 0.020469644842402
21.31 0.025068836119264
21.32 0.029494298574309
21.33 0.034958534258609
21.34 0.042723771182442
21.35 0.052246696035293
21.36 0.060630155333886
21.37 0.067215424067952
21.38 0.075182423496788
21.39 0.083755925372013
21.4 0.08874305020692
21.41 0.092618722328274
21.42 0.094938227567797
21.43 0.095594077483954
21.44 0.094815014808591
21.45 0.095806638136261
21.46 0.100592137472189
21.47 0.08786492543007
21.48 0.045922553199922
21.49 0.018901025959391
21.5 0.024406514751355
21.51 0.020448215213416
21.52 0.004381115422804
21.53 -0.007714788888834
21.54 -0.037940822722291
21.55 -0.057372715534575
21.56 -0.043585414525415
21.57 -0.045185746792697
21.58 -0.044674441226093
21.59 -0.023915269218614
21.6 -0.005841881711806
21.61 0.000961189162097
21.62 0.005666518705208
21.63 0.016260836747477
21.64 0.025760907318729
21.65 0.040005206394704
21.66 0.049415084276451
21.67 0.051322567490356
21.68 0.042930254086779
21.69 0.037467332596851
21.7 0.030838816663692
21.71 0.023132491568177
21.72 0.01479672469399
21.73 0.006092262764059
21.74 -0.005538855042756
21.75 -0.015597783120172
21.76 -0.020403533630268
21.77 -0.016076069247463
21.78 -0.000492704649815
21.79 0.006820728197712
21.8 -0.000694151406237
21.81 0.000868836240188
21.82 0.006456473852339
21.83 0.010704298167808
21.84 0.021871035325179
21.85 0.018201940736017
21.86 0.004467029145632
21.87 -0.000105690135039
21.88 -0.00760454824659
21.89 -0.022358811830578
21.9 -0.02307881060541
21.91 -0.025606721036393
21.92 -0.03726887219221
21.93 -0.049675146668469
21.94 -0.045805237334338
21.95 -0.048395357921622
21.96 -0.041891636111504
21.97 -0.042233667705027
21.98 -0.044331922374708
21.99 -0.037586167136211
22.0 -0.022292665958957
22.01 -0.013797205344375
22.02 -0.009769352248425
22.03 -0.005371094967278
22.04 -0.004355449370686
22.05 0.002903921335836
22.06 0.003855511215448
22.07 0.006128177585893
22.08 0.005433971811782
22.09 0.007404625222846
22.1 0.005306998591375
22.11 0.001462845239945
22.12 0.000201579507342
22.13 0.000511283711259
22.14 0.006285192870425
22.15 0.008244480054251
22.16 0.005427614707983
22.17 -0.001159659277357
22.18 -0.006463529625009
22.19 -0.00507361352156
22.2 -0.004056880329982
22.21 -0.006749115259127
22.22 -0.017253387458784
22.23 -0.026747666725893
22.24 -0.033199818517466
22.25 -0.035149088614919
22.26 -0.038493942247593
22.27 -0.042381919335286
22.28 -0.045800954170467
22.29 -0.045895967914416
22.3 -0.043227289845636
22.31 -0.043222503081387
22.32 -0.040171370755123
22.33 -0.038612752399787
22.34 -0.043748163138458
22.35 -0.042544819088722
22.36 -0.040222313443884
22.37 -0.041370027621542
22.38 -0.039658369787206
22.39 -0.042706976934299
22.4 -0.045366852140591
22.41 -0.038017152044201
22.42 -0.030864327195762
22.43 -0.032450142726598
22.44 -0.027206201523335
22.45 -0.023925883690327
22.46 -0.016775450816454
22.47 -0.007601152802608
22.48 -0.00182787215925
22.49 -0.004018177104747
22.5 -0.004373719173696
22.51 -0.009774599792107
22.52 -0.017053411883585
22.53 -0.020306861828291
22.54 -0.019582495150938
22.55 -0.024163875678819
22.56 -0.028542752989631
22.57 -0.033053458454835
22.58 -0.034847466423751
22.59 -0.028765814169536
22.6 -0.020983857119956
22.61 -0.015131372955809
22.62 -0.00794001645888
22.63 0.000341921438797
22.64 0.007248370140751
22.65 0.011986191170605
22.66 0.019384223732325
22.67 0.02928690321895
22.68 0.031083334453826
22.69 0.033453741611514
22.7 0.033763537027575
22.71 0.030161038436571
22.72 0.03114101788451
22.73 0.030816082253643
22.74 0.02964567249457
22.75 0.0278716740173
22.76 0.029298672973329
22.77 0.026997275287881
22.78 0.026256026024811
22.79 0.028727054141768
22.8 0.031097229774054
22.81 0.034868503182338
22.82 0.033808308366155
22.83 0.034207636540303
22.84 0.038472015414435
22.85 0.038717320874585
22.86 0.026661281755947
22.87 0.018433642410839
22.88 0.012505581222424
22.89 0.00741040706991
22.9 0.004467720909975
22.91 -0.003456925634204
22.92 -0.016433499690194
22.93 -0.020235338719985
22.94 -0.021361833144441
22.95 -0.022173853448398
22.96 -0.01906748086757
22.97 -0.013727166445026
22.98 -0.00849573492327
22.99 -0.003590745298471
23.0 -0.001208167267324
23.01 0.002826383180181
23.02 0.007641774533645
23.03 0.012043506480529
23.04 0.017643794756337
23.05 0.020757161237716
23.06 0.021673453521625
23.07 0.025970222388976
23.08 0.030834982234032
23.09 0.034856526346822
23.1 0.037513708404456
23.11 0.03927700237671
23.12 0.040556886047838
23.13 0.04390958459782
23.14 0.049669743320179
23.15 0.054021754150897
23.16 0.055597631505234
23.17 0.053638904668449
23.18 0.050979576046434
23.19 0.048806402297363
23.2 0.050020257944794
23.21 0.049641298551163
23.22 0.051602311648038
23.23 0.052476243231634
23.24 0.049286046829133
23.25 0.043304654148369
23.26 0.032074554287309
23.27 0.017569364955917
23.28 0.011713592539148
23.29 0.013775985783583
23.3 0.010230190969816
23.31 -0.001965084639151
23.32 -0.012963290882247
23.33 -0.023655452661257
23.34 -0.029585333436486
23.35 -0.027054584912476
23.36 -0.028775151294777
23.37 -0.032790281754901
23.38 -0.033825031705435
23.39 -0.035110436044036
23.4 -0.036398619425276
23.41 -0.034890600811327
23.42 -0.034249255538695
23.43 -0.033947673210693
23.44 -0.030521822382976
23.45 -0.026489498807169
23.46 -0.021746563953656
23.47 -0.0204188076971
23.48 -0.019529166073249
23.49 -0.018159020193032
23.5 -0.016584380802128
23.51 -0.016035575796768
23.52 -0.018221341817993
23.53 -0.023169507152549
23.54 -0.025809130090638
23.55 -0.027302556176705
23.56 -0.0259604267437
23.57 -0.021010249366235
23.58 -0.016454185146738
23.59 -0.021874854910989
23.6 -0.016105424468924
23.61 -0.010320781914638
23.62 -0.001893540604723
23.63 0.010693050553106
23.64 0.017602404471642
23.65 0.017998614838128
23.66 0.024407207592875
23.67 0.026145102117464
23.68 0.027751824716254
23.69 0.031125061962068
23.7 0.032585475459499
23.71 0.031457174879606
23.72 0.027113997798572
23.73 0.018628831844765
23.74 0.013912109438605
23.75 0.013819717610559
23.76 0.01405143811149
23.77 0.013737467537621
23.78 0.010862026578229
23.79 0.006783225764794
23.8 0.006849705496584
23.81 0.007311406654381
23.82 0.005839996102317
23.83 0.004769974560265
23.84 0.000752367702682
23.85 -0.002757526974885
23.86 -0.008615088995818
23.87 -0.012344967090974
23.88 -0.015380946536524
23.89 -0.017861963960689
23.9 -0.021102966629423
23.91 -0.021527173719068
23.92 -0.023013238746416
23.93 -0.020204663168735
23.94 -0.017120669546362
23.95 -0.015932373205136
23.96 -0.01615213077581
23.97 -0.01701291412399
23.98 -0.017963930198044
23.99 -0.020496302094608
24.0 -0.021641821902614
24.01 -0.023073918144782
24.02 -0.024285170532766
24.03 -0.026877940468594
24.04 -0.032686643731445
24.05 -0.032872202505163
24.06 -0.032416233718671
24.07 -0.028497948767798
24.08 -0.026674377062881
24.09 -0.022439150246181
24.1 -0.017364756833535
24.11 -0.009622275741955
24.12 -0.005393551329108
24.13 -0.000450104754752
24.14 0.003718716659049
24.15 0.008349703499577
24.16 0.012840851426359
24.17 0.015448834477714
24.18 0.01591440077909
24.19 0.013895124175836
24.2 0.008959212987637
24.21 0.004834848755412
24.22 0.000287033928764
24.23 -0.002160418974109
24.24 -0.004430527550831
24.25 -0.0047494516933
24.26 -0.005519517480837
24.27 -0.006356318299465
24.28 -0.007998452480033
24.29 -0.00886109488009
24.3 -0.007794389811923
24.31 -0.006673882971445
24.32 -0.00535353401676
24.33 -0.005882045081936
24.34 -0.006554337396338
24.35 -0.008587403309536
24.36 -0.012338706547417
24.37 -0.016235313379612
24.38 -0.023384664169203
24.39 -0.025084685080008
24.4 -0.02707457774259
24.41 -0.028126670224518
24.42 -0.029746647610974
24.43 -0.030591627770771
24.44 -0.033188152960618
24.45 -0.03153494388921
24.46 -0.023117839015737
24.47 -0.011388526632377
24.48 -0.006331420043762
24.49 -0.000976981308128
24.5 0.003680354898736
24.51 0.008131356812961
24.52 0.015733553231083
24.53 0.01986533392433
24.54 0.019364672276119
24.55 0.019932302750817
24.56 0.019222288767495
24.57 0.017471725015907
24.58 0.015882452891757
24.59 0.013950497042601
24.6 0.012799921505969
24.61 0.012404829785038
24.62 0.013780310966732
24.63 0.01642758044876
24.64 0.018503222131034
24.65 0.021646717121449
24.66 0.024305883279689
24.67 0.024952177152509
24.68 0.028397918505224
24.69 0.037309228379977
24.7 0.038246545085307
24.71 0.038883555959985
24.72 0.041346813627557
24.73 0.038455997256976
24.74 0.029407535275252
24.75 0.005085509674778
24.76 -0.000415412102029
24.77 -0.000548289923718
24.78 -0.006330696862929
24.79 -0.013089767625675
24.8 -0.03149118142465
24.81 -0.049938100919873
24.82 -0.050661203022905
24.83 -0.047743902116382
24.84 -0.048521334112653
24.85 -0.039293557013235
24.86 -0.031312916192137
24.87 -0.023239123179127
24.88 -0.019082912839145
24.89 -0.014729817924284
24.9 -0.005265795054104
24.91 0.002078036343697
24.92 0.010765463377499
24.93 0.017633083286914
24.94 0.018486659344564
 
 
 
 
 
 
 
 
 
 
 
 
 
 
 
 
 
 
 
 
 
 
 
 
 
 
 
 
 
 
 
 
 
 
 
 
 
 
 
 
 
 
 
 
 
 
 
 
 
 
 
 
 
 
 
 
 
 
 
 
 
 
 
 
 
 
 
 
 
 
 
 
 
 
 
 
 
 
 
 
 
 
 
 
 
 
 
 
 
 
 
 
 
 
 
 
 
 
 
 
 
 
 
 
 
 
 
 
 
 
 
 
 
 
 
 
 
 
 
 
 
 
 
 
 
 
 
 
 
 
 
 
 
 
 
 
 
 
 
 
 
 
 
 
 
 
 
 
 
 
 
 
 
 
 
 
 
 
 
 
 
 
 
 
 
 
 
 
 
 
 
 
 
 
 
 
 
 
 
 
 
 
 
 
 
 
 
 
 
 
 
 
 
 
 
 
 
 
 
 
 
 
 
 
 
 
 
 
 
 
 
 
 
 
 
 
 
 
 
 
 
 
 
 
 
 
 
 
 
 
 
 
 
 
 
 
 
 
 
 
 
 
 
 
 
 
 
 
 
 
 
 
 
 
 
 
 
 
 
 
 
 
 
 
 
 
 
 
 
 
 
 
 
 
 
 
 
 
 
 
 
 
 
 
 
 
 
 
 
 
 
 
 
 
 
 
 
 
 
 
 
 
 
 
 
 
 
 
 
 
 
 
 
 
 
 
 
 
 
 
 
 
 
 
 
 
 
 
 
 
 
 
 
 
 
 
 
 
 
 
 
 
 
 
 
 
 
 
 
 
 
 
 
 
 
 
 
 
 
 
 
 
 
 
 
 
 
 
 
 
 
 
 
 
 
 
 
 
 
 
 
 
 
 
 
 
 
 
 
 
 
 
 
 
 
 
 
 
 
 
 
 
 
 
 
 
 
 
 
 
 
 
 
 
 
 
 
 
 
 
 
 
 
 
 
 
 
 
 
 
 
 
 
 
 
 
 
 
 
 
 
 
 
 
 
 
 
 
 
 
 
 
 
 
 
 
 
 
 
 
 
 
 
 
 
 
 
 
 
 
 
 
 
 
 
 
 
 
 
 
 
 
 
 
 
 
 
 
 
 
 
 
 
 
 
 
 
 
 
 
 
 
 
 
 
 
 
 
 
 
 
 
 
 
 
 
 
 
 
 
 
 
 
 
 
 
 
 
 
 
 
 
 
 
 
 
 
 
 
 
 
 
 
 
 
 
 
 
 
 
 
 
 
 
 
 
 
 
 
 
 
 
 
 
 
 
 
 
 
 
 
 
 
 
 
 
 
 
 
 
 
 
 
 
 
 
 
 
 
 
 
 
 
 
 
 
 
 
 
 
 
 
 
 
 
 
 
 
 
 
 
 
 
 
 
 
 
 
 
 
 
 
 
 
 
 
 
 
 
 
 
 
 
 
 
 
 
 
 
 
 
 
 
 
 
 
 
 
 
 
 
 
 
 
 
 
 
 
 
 
 
 
 
 
 
 
 
 
 
 
 
 
 
 
 
 
 
 
 
 
 
 
 
 
 
 
 
 
 
 
 
 
 
 
 
 
 
 
 
 
 
 
 
 
 
 
 
 
 
 
 
 
 
 
 
 
 
 
 
 
 
 
 
 
 
 
 
 
 
 
 
 
 
 
 
 
 
 
 
 
 
 
 
 
 
 
 
 
 
 
 
 
 
 
 
 
 
 
 
 
 
 
 
 
 
 
 
 
 
 
 
 
 
 
 
 
 
 
 
 
 
 
 
 
 
 
 
 
 
 
 
 
 
 
 
 
 
 
 
 
 
 
 
 
 
 
 
 
 
 
 
 
 
 
 
 
 
 
 
 
 
 
 
 
 
 
 
 
 
 
 
 
 
 
 
 
 
 
 
 
 
 
 
 
 
 
 
 
 
 
 
 
 
 
 
 
 
 
 
 
 
 
 
 
 
 
 
 
 
 
 
 
 
 
 
 
 
 
 
 
 
 
 
 
 
 
 
 
 
 
 
 
 
 
 
 
 
 
 
 
 
 
 
 
 
 
 
 
 
 
 
 
 
 
 
 
 
 
 
 
 
 
 
 
 
 
 
 
 
 
 
 
 
 
 
 
 
 
 
 
 
 
 
 
 
 
 
 
 
 
 
 
 
 
 
 
 
 
 
 
 
 
 
 
 
 
 
 
 
 
 
 
 
 
 
 
 
 
 
 
 
 
 
 
 
 
 
 
 
 
 
 
 
 
 
 
 
 
 
 
 
 
 
 
 
 
 
 
 
 
 
 
 
 
 
 
 
 
 
 
 
 
 
 
 
 
 
 
 
 
 
 
 
 
 
 
 
 
 
 
 
 
 
 
 
 
 
 
 
 
 
 
 
 
 
 
 
 
 
 
 
 
 
 
 
 
 
 
 
 
 
 
 
 
 
 
 
 
 
 
 
 
 
 
 
 
 
 
 
 
 
 
 
 
 
 
 
 
 
 
 
 
 
 
 
 
 
 
 
 
 
 
 
 
 
 
 
 
 
 
 
 
 
 
 
 
 
 
 
 
 
 
 
 
 
 
 
 
 
 
 
 
 
 
 
 
 
 
 
 
 
 
 
 
 
 
 
 
 
 
 
 
 
 
 
 
 
 
 
 
 
 
 
 
 
 
 
 
 
 
 
 
 
 
 
 
 
 
 
 
 
 
 
 
 
 
 
 
 
 
 
 
 
 
 
 
 
 
 
 
 
 
 
 
 
 
 
 
 
 
 
 
 
 
 
 
 
 
 
 
 
 
 
 
 
 
 
 
 
 
 
 
 
 
 
 
 
 
 
 
 
 
 
 
 
 
 
 
 
 
 
 
 
 
 
 
 
 
 
 
 
 
 
 
 
 
 
 
 
 
 
 
 
 
 
 
 
 
 
 
 
 
 
 
 
 
 
 
 
 
 
 
 
 
 
 
 
 
 
 
 
 
 
 
 
 
 
 
 
 
 
 
 
 
 
 
 
 
 
 
 
 
 
 
 
 
 
 
 
 
 
 
 
 
 
 
 
 
 
 
 
 
 
 
 
 
 
 
 
 
 
 
 
 
 
 
 
 
 
 
 
 
 
 
 
 
 
 
 
 
 
 
 
 
 
 
 
 
 
 
 
 
 
 
 
 
 
 
 
 
 
 
 
 
 
 
 
 
 
 
 
 
 
 
 
 
 
 
 
 
 
 
 
 
 
 
 
 
 
 
 
 
 
 
 
 
 
 
 
 
 
 
 
 
 
 
 
 
 
 
 
 
 
 
 
 
 
 
 
 
 
 
 
 
 
 
 
 
 
 
 
 
 
 
 
 
 
 
 
 
 
 
 
 
 
 
 
 
 
 
 
 
 
 
 
 
 
 
 
 
 
 
 
 
 
 
 
 
 
 
 
 
 
 
 
 
 
 
 
 
 
 
 
 
 
 
 
 
 
 
 
 
 
 
 
 
 
 
 
 
 
 
 
 
 
 
 
 
 
 
 
 
 
 
 
 
 
 
 
 
 
 
 
 
 
 
 
 
 
 
 
 
 
 
 
 
 
 
 
 
 
 
 
 
 
 
 
 
 
 
 
 
 
 
 
 
 
 
 
 
 
 
 
 
 
 
 
 
 
 
 
 
 
 
 
 
 
 
 
 
 
 
 
 
 
 
 
 
 
 
 
 
 
 
 
 
 
 
 
 
 
 
 
 
 
 
 
 
 
 
 
 
 
 
 
 
 
 
 
 
 
 
 
 
 
 
 
 
 
 
 
 
 
 
 
 
 
 
 
 
 
 
 
 
 
 
 
 
 
 
 
 
 
 
 
 
 
 
 
 
 
 
 
 
 
 
 
 
 
 
 
 
 
 
 
 
 
 
 
 
 
 
 
 
 
 
 
 
 
 
 
 
 
 
 
 
 
 
 
 
 
 
 
 
 
 
 
 
 
 
 
 
 
 
 
 
 
 
 
 
 
 
 
 
 
 
 
 
 
 
 
 
 
 
 
 
 
 
 
 
 
 
 
 
 
 
 
 
 
 
 
 
 
 
 
 
 
 
 
 
 
 
 
 
 
 
 
 
 
 
 
 
 
 
 
 
 
 
 
 
 
 
 
 
 
 
 
 
 
 
 
 
 
 
 
 
 
 
 
 
 
 
 
 
 
 
 
 
 
 
 
 
 
 
 
 
 
 
 
 
 
 
 
 
 
 
 
 
 
 
 
 
 
 
 
 
 
 
 
 
 
 
 
 
 
 
 
 
 
 
 
 
 
 
 
 
 
 
 
 
 
 
 
 
 
 
 
 
 
 
 
 
 
 
 
 
 
 
 
 
 
 
 
 
 
 
 
 
 
 
 
 
 
 
 
 
 
 
 
 
 
 
 
 
 
 
 
 
 
 
 
 
 
 
 
 
 
 
 
 
 
 
 
 
 
 
 
 
 
 
 
 
 
 
 
 
 
 
 
 
 
 
 
 
 
 
 
 
 
 
 
 
 
 
 
 
 
 
 
 
 
 
 
 
 
 
 
 
 
 
 
 
 
 
 
 
 
 
 
 
 
 
 
 
 
 
 
 
 
 
 
 
 
 
 
 
 
 
 
 
 
 
 
 
 
 
 
 
 
 
 
 
 
 
 
 
 
 
 
 
 
 
 
 
 
 
 
 
 
 
 
 
 
 
 
 
 
 
 
 
 
 
 
 
 
 
 
 
 
 
 
 
 
 
 
 
 
 
 
 
 
 
 
 
 
 
 
 
 
 
 
 
 
 
 
 
 
 
 
 
 
 
 
 
 
 
 
 
 
 
 
 
 
 
 
 
 
 
 
 
 
 
 
 
 
 
 
 
 
 
 
 
 
 
 
 
 
 
 
 
 
 
 
 
 
 
 
 
 
 
 
 
 
 
 
 
 
 
 
 
 
 
 
 
 
 
 
 
 
 
 
 
 
 
 
 
 
 
 
 
 
 
 
 
 
 
 
 
 
 
 
 
 
 
 
 
 
 
 
 
 
 
 
 
 
 
 
 
 
 
 
 
 
 
 
 
 
 
 
 
 
 
 
 
 
 
 
 
 
 
 
 
 
 
 
 
 
 
 
 
 
 
 
 
 
 
 
 
 
 
 
 
 
 
 
 
 
 
 
 
 
 
 
 
 
 
 
 
 
 
 
 
 
 
 
 
 
 
 
 
 
 
 
 
 
 
 
 
 
 
 
 
 
 
 
 
 
 
 
 
 
 
 
 
 
 
 
 
 
 
 
 
 
 
 
 
 
 
 
 
 
 
 
 
 
 
 
 
 
 
 
 
 
 
 
 
 
 
 
 
 
 
 
 
 
 
 
 
 
 
 
 
 
 
 
 
 
 
 
 
 
 
 
 
 
 
 
 
 
 
 
 
 
 
 
 
 
 
 
 
 
 
 
 
 
 
 
 
 
 
 
 
 
 
 
 
 
 
 
 
 
 
 
 
 
 
 
 
 
 
 
 
 
 
 
 
 
 
 
 
 
 
 
 
 
 
 
 
 
 
 
 
 
 
 
 
 
 
 
 
 
 
 
 
 
 
 
 
 
 
 
 
 
 
 
 
 
 
 
 
 
 
 
 
 
 
 
 
 
 
 
 
 
 
 
 
 
 
 
 
 
 
 
 
 
 
 
 
 
 
 
 
 
 
 
 
 
 
 
 
 
 
 
 
 
 
 
 
 
 
 
 
 
 
 
 
 
 
 
 
 
 
 
 
 
 
 
 
 
 
 
 
 
 
 
 
 
 
 
 
 
 
 
 
 
 
 
 
 
 
 
 
 
 
 
 
 
 
 
 
 
 
 
 
 
 
 
 
 
 
 
 
 
 
 
 
 
 
 
 
 
 
 
 
 
 
 
 
 
 
 
 
 
 
 
 
 
 
 
 
 
 
 
 
 
 
 
 
 
 
 
 
 
 
 
 
 
 
 
 
 
 
 
 
 
 
 
 
 
 
 
 
 
 
 
 
 
 
 
 
 
 
 
 
 
 
 
 
 
 
 
 
 
 
 
 
 
 
 
 
 
 
 
 
 
 
 
 
 
 
 
 
 
 
 
 
 
 
 
 
 
 
 
 
 
 
 
 
 
 
 
 
 
 
 
 
 
 
 
 
 
 
 
 
 
 
 
 
 
 
 
 
 
 
 
 
 
 
 
 
 
 
 
 
 
 
 
 
 
 
 
 
 
 
 
 
 
 
 
 
 
 
 
 
 
 
 
 
 
 
 
 
 
 
 
 
 
 
 
 
 
 
 
 
 
 
 
 
 
 
 
 
 
 
 
 
 
 
 
 
 
 
 
 
 
 
 
 
 
 
 
 
 
 
 
 
 
 
 
 
 
 
 
 
 
 
 
 
 
 
 
 
 
 
 
 
 
 
 
 
 
 
 
 
 
 
 
 
 
 
 
 
 
 
 
 
 
 
 
 
 
 
 
 
 
 
 
 
 
 
 
 
 
 
 
 
 
 
 
 
 
 
 
 
 
 
 
 
 
 
 
 
 
 
 
 
 
 
 
 
 
 
 
 
 
 
 
 
 
 
 
 
 
 
 
 
 
 
 
 
 
 
 
 
 
 
 
 
 
 
 
 
 
 
 
 
 
 
 
 
 
 
 
 
 
 
 
 
 
 
 
 
 
 
 
 
 
 
 
 
 
 
 
 
 
 
 
 
 
 
 
 
 
 
 
 
 
 
 
 
 
 
 
 
 
 
 
 
 
 
 
 
 
 
 
 
 
 
 
 
 
 
 
 
 
 
 
 
 
 
 
 
 
 
 
 
 
 
 
 
 
 
 
 
 
 
 
 
 
 
 
 
 
 
 
 
 
 
 
 
 
 
 
 
 
 
 
 
 
 
 
 
 
 
 
 
 
 
 
 
 
 
 
 
 
 
 
 
 
 
 
 
 
 
 
 
 
 
 
 
 
 
 
 
 
 
 
 
 
 
 
 
 
 
 
 
 
 
 
 
 
 
 
 
 
 
 
 
 
 
 
 
 
 
 
 
 
 
 
 
 
 
 
 
 
 
 
 
 
 
 
 
 
 
 
 
 
 
 
 
 
 
 
 
 
 
 
 
 
 
 
 
 
 
 
 
 
 
 
 
 
 
 
 
 
 
 
 
 
 
 
 
 
 
 
 
 
 
 
 
 
 
 
 
 
 
 
 
 
 
 
 
 
 
 
 
 
 
 
 
 
 
 
 
 
 
 
 
 
 
 
 
 
 
 
 
 
 
 
 
 
 
 
 
 
 
 
 
 
 
 
 
 
 
 
 
 
 
 
 
 
 
 
 
 
 
 
 
 
 
 
 
 
 
 
 
 
 
 
 
 
 
 
 
 
 
 
 
 
 
 
 
 
 
 
 
 
 
 
 
 
 
 
 
 
 
 
 
 
 
 
 
 
 
 
 
 
 
 
 
 
 
 
 
 
 
 
 
 
 
 
 
 
 
 
 
 
 
 
 
 
 
 
 
 
 
 
 
 
 
 
 
 
 
 
 
 
 
 
 
 
 
 
 
 
 
 
 
 
 
 
 
 
 
 
 
 
 
 
 
 
 
 
 
 
 
 
 
 
 
 
 
 
 
 
 
 
 
 
 
 
 
 
 
 
 
 
 
 
 
 
 
 
 
 
 
 
 
 
 
 
 
 
 
 
 
 
 
 
 
 
 
 
 
 
 
 
 
 
 
 
 
 
 
 
 
 
 
 
 
 
 
 
 
 
 
 
 
 
 
 
 
 
 
 
 
 
 
 
 
 
 
 
 
 
 
 
 
 
 
 
 
 
 
 
 
 
 
 
 
 
 
 
 
 
 
 
 
 
 
 
 
 
 
 
 
 
 
 
 
 
 
 
 
 
 
 
 
 
 
 
 
 
 
 
 
 
 
 
 
 
 
 
 
 
 
 
 
 
 
 
 
 
 
 
 
 
 
 
 
 
 
 
 
 
 
 
 
 
 
 
 
 
 
 
 
 
 
 
 
 
 
 
 
 
 
 
 
 
 
 
 
 
 
 
 
 
 
 
 
 
 
 
 
 
 
 
 
 
 
 
 
 
 
 
 
 
 
 
 
 
 
 
 
 
 
 
 
 
 
 
 
 
 
 
 
 
 
 
 
 
 
 
 
 
 
 
 
 
 
 
 
 
 
 
 
 
 
 
 
 
 
 
 
 
 
 
 
 
 
 
 
 
 
 
 
 
 
 
 
 
 
 
 
 
 
 
 
 
 
 
 
 
 
 
 
 
 
 
 
 
 
 
 
 
 
 
 
 
 
 
 
 
 
 
 
 
 
 
 
 
 
 
 
 
 
 
 
 
 
 
 
 
 
 
 
 
 
 
 
 
 
 
 
 
 
 
 
 
 
 
 
 
 
 
 
 
 
 
 
 
 
 
 
 
 
 
 
 
 
 
 
 
 
 
 
 
 
 
 
 
 
 
 
 
 
 
 
 
 
 
 
 
 
 
 
 
 
 
 
 
 
 
 
 
 
 
 
 
 
 
 
 
 
 
 
 
 
 
 
 
 
 
 
 
 
 
 
 
 
 
 
 
 
 
 
 
 
 
 
 
 
 
 
 
 
 
 
 
 
 
 
 
 
 
 
 
 
 
 
 
 
 
 
 
 
 
 
 
 
 
 
 
 
 
 
 
 
 
 
 
 
 
 
 
 
 
 
 
 
 
 
 
 
 
 
 
 
 
 
 
 
 
 
 
 
 
 
 
 
 
 
 
 
 
 
 
 
 
 
 
 
 
 
 
 
 
 
 
 
 
 
 
 
 
 
 
 
 
 
 
 
 
 
 
 
 
 
 
 
 
 
 
 
 
 
 
 
 
 
 
 
 
 
 
 
 
 
 
 
 
 
 
 
 
 
 
 
 
 
 
 
 
 
 
 
 
 
 
 
 
 
 
 
 
 
 
 
 
 
 
 
 
 
 
 
 
 
 
 
 
 
 
 
 
 
 
 
 
 
 
 
 
 
 
 
 
 
 
 
 
 
 
 
 
 
 
 
 
 
 
 
 
 
 
 
 
 
 
 
 
 
 
 
 
 
 
 
 
 
 
 
 
 
 
 
 
 
 
 
 
 
 
 
 
 
 
 
 
 
 
 
 
 
 
 
 
 
 
 
 
 
 
 
 
 
 
 
 
 
 
 
 
 
 
 
 
 
 
 
 
 
 
 
 
 
 
 
 
 
 
 
 
 
 
 
 
 
 
 
 
 
 
 
 
 
 
 
 
 
 
 
 
 
 
 
 
 
 
 
 
 
 
 
 
 
 
 
 
 
 
 
 
 
 
 
 
 
 
 
 
 
 
 
 
 
 
 
 
 
 
 
 
 
 
 
 
 
 
 
 
 
 
 
 
 
 
 
 
 
 
 
 
 
 
 
 
 
 
 
 
 
 
 
 
 
 
 
 
 
 
 
 
 
 
 
 
 
 
 
 
 
 
 
 
 
 
 
 
 
 
 
 
 
 
 
 
 
 
 
 
 
 
 
 
 
 
 
 
 
 
 
 
 
 
 
 
 
 
 
 
 
 
 
 
 
 
 
 
 
 
 
 
 
 
 
 
 
 
 
 
 
 
 
 
 
 
 
 
 
 
 
 
 
 
 
 
 
 
 
 
 
 
 
 
 
 
 
 
 
 
 
 
 
 
 
 
 
 
 
 
 
 
 
 
 
 
 
 
 
 
 
 
 
 
 
 
 
 
 
 
 
 
 
 
 
 
 
 
 
 
 
 
 
 
 
 
 
 
 
 
 
 
 
 
 
 
 
 
 
 
 
 
 
 
 
 
 
 
 
 
 
 
 
 
 
 
 
 
 
 
 
 
 
 
 
 
 
 
 
 
 
 
 
 
 
 
 
 
 
 
 
 
 
 
 
 
 
 
 
 
 
 
 
 
 
 
 
 
 
 
 
 
 
 
 
 
 
 
 
 
 
 
 
 
 
 
 
 
 
 
 
 
 
 
 
 
 
 
 
 
 
 
 
 
 
 
 
 
 
 
 
 
 
 
 
 
 
 
 
 
 
 
 
 
 
 
 
 
 
 
 
 
 
 
 
 
 
 
 
 
 
 
 
 
 
 
 
 
 
 
 
 
 
 
 
 
 
 
 
 
 
 
 
 
 
 
 
 
 
 
 
 
 
 
 
 
 
 
 
 
 
 
 
 
 
 
 
 
 
 
 
 
 
 
 
 
 
 
 
 
 
 
 
 
 
 
 
 
 
 
 
 
 
 
 
 
 
 
 
 
 
 
 
 
 
 
 
 
 
 
 
 
 
 
 
 
 
 
 
 
 
 
 
 
 
 
 
 
 
 
 
 
 
 
 
 
 
 
 
 
 
 
 
 
 
 
 
 
 
 
 
 
 
 
 
 
 
 
 
 
 
 
 
 
 
 
 
 
 
 
 
 
 
 
 
 
 
 
 
 
 
 
 
 
 
 
 
 
 
 
 
 
 
 
 
 
 
 
 
 
 
 
 
 
 
 
 
 
 
 
 
 
 
 
 
 
 
 
 
 
 
 
 
 
 
 
 
 
 
 
 
 
 
 
 
 
 
 
 
 
 
 
 
 
 
 
 
 
 
 
 
 
 
 
 
 
 
 
 
 
 
 
 
 
 
 
 
 
 
 
 
 
 
 
 
 
 
 
 
 
 
 
 
 
 
 
 
 
 
 
 
 
 
 
 
 
 
 
 
 
 
 
 
 
 
 
 
 
 
 
 
 
 
 
 
 
 
 
 
 
 
 
 
 
 
 
 
 
 
 
 
 
 
 
 
 
 
 
 
 
 
 
 
 
 
 
 
 
 
 
 
 
 
 
 
 
 
 
 
 
 
 
 
 
 
 
 
 
 
 
 
 
 
 
 
 
 
 
 
 
 
 
 
 
 
 
 
 
 
 
 
 
 
 
 
 
 
 
 
 
 
 
 
 
 
 
 
 
 
 
 
 
 
 
 
 
 
 
 
 
 
 
 
 
 
 
 
 
 
 
 
 
 
 
 
 
 
 
 
 
 
 
 
 
 
 
 
 
 
 
 
 
 
 
 
 
 
 
 
 
 
 
 
 
 
 
 
 
 
 
 
 
 
 
 
 
 
 
 
 
 
 
 
 
 
 
 
 
 
 
 
 
 
 
 
 
 
 
 
 
 
 
 
 
 
 
 
 
 
 
 
 
 
 
 
 
 
 
 
 
 
 
 
 
 
 
 
 
 
 
 
 
 
 
 
 
 
 
 
 
 
 
 
 
 
 
 
 
 
 
 
 
 
 
 
 
 
 
 
 
 
 
 
 
 
 
 
 
 
 
 
 
 
 
 
 
 
 
 
 
 
 
 
 
 
 
 
 
 
 
 
 
 
 
 
 
 
 
 
 
 
 
 
 
 
 
 
 
 
 
 
 
 
 
 
 
 
 
 
 
 
 
 
 
 
 
 
 
 
 
 
 
 
 
 
 
 
 
 
 
 
 
 
 
 
 
 
 
 
 
 
 
 
 
 
 
 
 
 
 
 
 
 
 
 
 
 
 
 
 
 
 
 
 
 
 
 
 
 
 
 
 
 
 
 
 
 
 
 
 
 
 
 
 
 
 
 
 
 
 
 
 
 
 
 
 
 
 
 
 
 
 
 
 
 
 
 
 
 
 
 
 
 
 
 
 
 
 
 
 
 
 
 
 
 
 
 
 
 
 
 
 
 
 
 
 
 
 
 
 
 
 
 
 
 
 
 
 
 
 
 
 
 
 
 
 
 
 
 
 
 
 
 
 
 
 
 
 
 
 
 
 
 
 
 
 
 
 
 
 
 
 
 
 
 
 
 
 
 
 
 
 
 
 
 
 
 
 
 
 
 
 
 
 
 
 
 
 
 
 
 
 
 
 
 
 
 
 
 
 
 
 
 
 
 
 
 
 
 
 
 
 
 
 
 
 
 
 
 
 
 
 
 
 
 
 
 
 
 
 
 
 
 
 
 
 
 
 
 
 
 
 
 
 
 
 
 
 
 
 
 
 
 
 
 
 
 
 
 
 
 
 
 
 
 
 
 
 
 
 
 
 
 
 
 
 
 
 
 
 
 
 
 
 
 
 
 
 
 
 
 
 
 
 
 
 
 
 
 
 
 
 
 
 
 
 
 
 
 
 
 
 
 
 
 
 
 
 
 
 
 
 
 
 
 
 
 
 
 
 
 
 
 
 
 
 
 
 
 
 
 
 
 
 
 
 
 
 
 
 
 
 
 
 
 
 
 
 
 
 
 
 
 
 
 
 
 
 
 
 
 
 
 
 
 
 
 
 
 
 
 
 
 
 
 
 
 
 
 
 
 
 
 
 
 
 
 
 
 
 
 
 
 
 
 
 
 
 
 
 
 
 
 
 
 
 
 
 
 
 
 
 
 
 
 
 
 
 
 
 
 
 
 
 
 
 
 
 
 
 
 
 
 
 
 
 
 
 
 
 
 
 
 
 
 
 
 
 
 
 
 
 
 
 
 
 
 
 
 
 
 
 
 
 
 
 
 
 
 
 
 
 
 
 
 
 
 
 
 
 
 
 
 
 
 
 
 
 
 
 
 
 
 
 
 
 
 
 
 
 
 
 
 
 
 
 
 
 
 
 
 
 
 
 
 
 
 
 
 
 
 
 
 
 
 
 
 
 
 
 
 
 
 
 
 
 
 
 
 
 
 
 
 
 
 
 
 
 
 
 
 
 
 
 
 
 
 
 
 
 
 
 
 
 
 
 
 
 
 
 
 
 
 
 
 
 
 
 
 
 
 
 
 
 
 
 
 
 
 
 
 
 
 
 
 
 
