0.0 0.0
0.01 2.33660082e-07
0.02 2.34742392e-07
0.03 2.3681791e-07
0.04 2.38968996e-07
0.05 2.39451778e-07
0.06 2.42391526e-07
0.07 2.68461916e-07
0.08 3.52675492e-07
0.09 4.86751004e-07
0.1 5.16131886e-07
0.11 1.52424549e-07
0.12 -7.02851955e-07
0.13 -1.672977805e-06
0.14 -2.321802041e-06
0.15 -3.190847134e-06
0.16 -5.315995669e-06
0.17 -7.588927446e-06
0.18 -7.329414077e-06
0.19 -4.905275394e-06
0.2 -3.579415541e-06
0.21 -5.179006958e-06
0.22 -7.212597698e-06
0.23 -4.013952157e-06
0.24 4.240708429e-06
0.25 1.1386132397e-05
0.26 1.2947438388e-05
0.27 2.108914182e-06
0.28 -1.8191631403e-05
0.29 -2.7290114858e-05
0.3 -2.0611733327e-05
0.31 -1.3949734858e-05
0.32 -9.159172935e-06
0.33 3.523401859e-06
0.34 1.9241547613e-05
0.35 1.8600206891e-05
0.36 -4.183849687e-06
0.37 -2.7988048065e-05
0.38 -3.4895960203e-05
0.39 -2.8121903088e-05
0.4 -2.8097610627e-05
0.41 -5.3617868734e-05
0.42 -0.000100214032174
0.43 -0.000131639608734
0.44 -8.6512082608e-05
0.45 1.8634375195e-05
0.46 6.4835211768e-05
0.47 2.7535829501e-05
0.48 8.529009509e-06
0.49 4.1079755707e-05
0.5 7.1768619205e-05
0.51 5.1638587546e-05
0.52 -7.0387475811e-05
0.53 -0.000237259622345
0.54 -0.000268836021625
0.55 -0.000140020328616
0.56 -5.835125686e-06
0.57 1.6046351288e-05
0.58 -3.9553081924e-05
0.59 -2.5236813866e-05
0.6 6.4385301212e-05
0.61 5.9585632959e-05
0.62 -4.3903359259e-05
0.63 -0.000125371950731
0.64 -0.000125339483276
0.65 -3.9085814044e-05
0.66 5.6183840083e-05
0.67 2.804980833e-05
0.68 -0.00014993326927
0.69 -0.000216441308036
0.7 -5.7730215624e-05
0.71 -1.3111805386e-05
0.72 -0.000145084998081
0.73 -0.000118046794064
0.74 3.5628765183e-05
0.75 2.7008529872e-05
0.76 -4.2189349703e-05
0.77 3.1622572345e-05
0.78 5.122277639e-05
0.79 -0.000138276922561
0.8 -0.000346862366447
0.81 -0.000386541148201
0.82 -0.00038576832931
0.83 -0.000414398608876
0.84 -0.000248318101146
0.85 -5.382050388e-06
0.86 -1.2068536652e-05
0.87 1.4943392121e-05
0.88 0.00030521551688
0.89 0.000253913513129
0.9 -0.000253214149864
0.91 -0.000467470065935
0.92 -0.000335150333471
0.93 -0.000267291690164
0.94 -5.8046413704e-05
0.95 0.000263690372654
0.96 0.000241971161469
0.97 -3.8490626259e-05
0.98 -0.000211217250628
0.99 -0.000188384013021
1.0 -0.00017453744734
1.01 -0.000364341541522
1.02 -0.000363056331814
1.03 -2.9973258513e-05
1.04 0.000217462138356
1.05 0.000501788653762
1.06 0.000911779736056
1.07 0.000747461567398
1.08 -0.000134422848534
1.09 -0.000713533319275
1.1 -0.000496159402654
1.11 -0.000135949801438
1.12 -0.000251495057015
1.13 -0.000526930407786
1.14 -0.000259206880903
1.15 0.000474808076169
1.16 0.000812503691812
1.17 0.000730668351944
1.18 0.000638263505036
1.19 0.000241391368381
1.2 -0.000242939107644
1.21 -0.000112890799072
1.22 0.000254934954708
1.23 0.000157336013462
1.24 -8.7451960609e-05
1.25 -1.8729008724e-05
1.26 0.000376838465718
1.27 0.000295887412862
1.28 -0.000606003371223
1.29 -0.001104979719937
1.3 -0.000875222035609
1.31 -0.001154510789382
1.32 -0.001728234183914
1.33 -0.001309754497882
1.34 -0.000235168727496
1.35 0.000459168095543
1.36 0.000608152194316
1.37 0.000481484101126
1.38 0.000178588063953
1.39 -0.000499091744737
1.4 -0.001261152453831
1.41 -0.001263270929229
1.42 -0.001161037905085
1.43 -0.001691370746461
1.44 -0.001534459586556
1.45 -0.000387831758359
1.46 0.000171798308887
1.47 -3.7161387846e-05
1.48 1.3436526285e-05
1.49 0.000485141891014
1.5 0.00064390881168
1.51 8.5033444508e-05
1.52 -1.213656876e-06
1.53 0.000983064730695
1.54 0.001873587541486
1.55 0.002078342051433
1.56 0.002090549156696
1.57 0.001478763819368
1.58 -1.0824281743e-05
1.59 -0.000843907627636
1.6 -0.000220532604651
1.61 3.368354354e-05
1.62 -0.000792427414679
1.63 -0.001064118720897
1.64 0.000102178806176
1.65 0.001839650672732
1.66 0.002975966283528
1.67 0.00274652066977
1.68 0.001530102216334
1.69 9.6206984834e-05
1.7 -0.001089882674888
1.71 -0.001831232801514
1.72 -0.002056293141872
1.73 -0.002304943155785
1.74 -0.002431338464407
1.75 -0.001844556201169
1.76 -0.000599243051213
1.77 5.0138083752e-05
1.78 -0.000234432478997
1.79 -0.000888485075657
1.8 -0.001492744352771
1.81 -0.002052782882645
1.82 -0.002271467967277
1.83 -0.001746148220589
1.84 -0.000615415549204
1.85 0.000348222397058
1.86 0.000889030859939
1.87 0.001407008230192
1.88 0.001678254258603
1.89 0.000980491998878
1.9 -0.000296150186635
1.91 -0.001092022042279
1.92 -0.001375597683547
1.93 -0.001514015077523
1.94 -0.000364512634923
1.95 0.001577242002858
1.96 0.002386127743758
1.97 0.002337626843388
1.98 0.002595516774058
1.99 0.002888739118145
2.0 0.00275940815904
2.01 0.002227613108391
2.02 0.00076662462773
2.03 -0.001070060993996
2.04 -0.001229149903748
2.05 2.3421324303e-05
2.06 0.000337834290882
2.07 -0.000554908345005
2.08 -0.00099925195929
2.09 -0.000483989467629
2.1 0.000193805973842
2.11 0.000514365532333
2.12 0.000208975034868
2.13 -0.001025492335222
2.14 -0.002181963136529
2.15 -0.001705501706679
2.16 -0.000585231640827
2.17 -0.000641789591864
2.18 -0.001404387108041
2.19 -0.001350863340678
2.2 -0.000609663931047
2.21 -0.000682285075363
2.22 -0.001076435334136
2.23 -0.001063753345053
2.24 -0.001492555636378
2.25 -0.002357754279403
2.26 -0.002309278021686
2.27 -0.000724727231756
2.28 0.000828146950519
2.29 0.001437884279203
2.3 0.001915353886274
2.31 0.002360958329747
2.32 0.002374158468915
2.33 0.002134269972033
2.34 0.00177353588218
2.35 0.000923994179924
2.36 -0.000245313962349
2.37 -0.001108610429183
2.38 -0.001356093398516
2.39 -0.000822285569402
2.4 -0.000205860104088
2.41 0.000161946351088
2.42 0.001030240957279
2.43 0.002130573641379
2.44 0.002110520711907
2.45 0.001391987642882
2.46 0.001402675707667
2.47 0.001279948769457
2.48 0.000403474293885
2.49 -0.000166060143628
2.5 -0.00014603681686
2.51 -0.000413833451765
2.52 -0.001280687108403
2.53 -0.001982697578889
2.54 -0.001811715071837
2.55 -0.001234292531274
2.56 -0.000796690658051
2.57 0.000111350126564
2.58 0.001284311788506
2.59 0.001986692465206
2.6 0.002015206741751
2.61 0.001519095167319
2.62 0.000577182655768
2.63 -0.000855033186297
2.64 -0.002348374072279
2.65 -0.003615674704385
2.66 -0.0044260263365
2.67 -0.00403685571494
2.68 -0.003006028462979
2.69 -0.002195179784298
2.7 -0.001779059868179
2.71 -0.001200162424895
2.72 -0.000648748119454
2.73 -0.00022700386413
2.74 0.001169869934666
2.75 0.00240810498927
2.76 0.001595670935664
2.77 0.001180187210033
2.78 0.002497934715816
2.79 0.003634481229509
2.8 0.003361746753958
2.81 0.002190347584735
2.82 -1.4930738013e-05
2.83 -0.003557393123759
2.84 -0.005266652528466
2.85 -0.003572612402071
2.86 -0.001684505029826
2.87 5.9124213718e-05
2.88 0.002490496728912
2.89 0.005293443095481
2.9 0.007295504973471
2.91 0.006463945963805
2.92 0.003137860010155
2.93 -0.001486494514697
2.94 -0.00616397510737
2.95 -0.008758874372994
2.96 -0.008685911680362
2.97 -0.008459303289896
2.98 -0.009144583069619
2.99 -0.008280786462321
3.0 -0.005392990046351
3.01 -0.003545556407651
3.02 -0.003277003772222
3.03 -0.004348416395297
3.04 -0.005855009019833
3.05 -0.006891671170168
3.06 -0.004628024818978
3.07 0.000230399648532
3.08 0.003962695103327
3.09 0.005325538216397
3.1 0.006381716905533
3.11 0.00470986694774
3.12 1.0015766111e-05
3.13 -0.005755181879557
3.14 -0.009387833825851
3.15 -0.008579199255748
3.16 -0.004808967055381
3.17 0.000603936247404
3.18 0.006257830690316
3.19 0.007859627333091
3.2 0.007563682466322
3.21 0.007142245367172
3.22 0.005667639233456
3.23 0.001075989651933
3.24 -0.004435668908266
3.25 -0.005882403723092
3.26 -0.003904620542105
3.27 -0.001759742075003
3.28 6.8261384338e-05
3.29 0.000902250995069
3.3 0.000968590645076
3.31 0.000328983891228
3.32 -0.000587025647376
3.33 -0.002243101025158
3.34 -0.00573018493824
3.35 -0.007645951365105
3.36 -0.004616013976087
3.37 0.001269876253437
3.38 0.006257976199137
3.39 0.007973748772036
3.4 0.006386596424145
3.41 0.002788692625432
3.42 -0.001265434683485
3.43 -0.002258417934235
3.44 -0.002723322374817
3.45 -0.003350440849311
3.46 -0.001906198748142
3.47 0.000712553015824
3.48 0.002831366943513
3.49 0.00113766930947
3.5 -0.003056655858908
3.51 -0.006923256123781
3.52 -0.009380336913427
3.53 -0.010007482053319
3.54 -0.008804467794765
3.55 -0.005909669499992
3.56 -0.001146768996752
3.57 0.006218793247871
3.58 0.013193837341894
3.59 0.014592149499978
3.6 0.010943117373368
3.61 0.004866403071472
3.62 -0.000144685011098
3.63 -0.002853279674465
3.64 -0.003183738051539
3.65 -0.00256239221864
3.66 0.000614153301282
3.67 0.005043585479717
3.68 0.009697316950272
3.69 0.010581506827094
3.7 0.007360078402901
3.71 0.00506156249139
3.72 0.002693408037881
3.73 -6.222744677e-05
3.74 0.000298412233244
3.75 0.006369979026956
3.76 0.014916499731286
3.77 0.018751317200566
3.78 0.018023562772726
3.79 0.013623640441052
3.8 0.004310620141529
3.81 -0.00774096636214
3.82 -0.018472802358158
3.83 -0.021332608491441
3.84 -0.020794532165508
3.85 -0.01585118611555
3.86 -0.006793973924056
3.87 0.002317848109714
3.88 0.008113258565801
3.89 0.01421508830703
3.9 0.024022063518309
3.91 0.029622110789378
3.92 0.023277079385245
3.93 0.013479352504265
3.94 0.003201399668026
3.95 -0.006185265870885
3.96 -0.017076777368062
3.97 -0.022868241673437
3.98 -0.019053138402147
3.99 -0.013062420700686
4.0 -0.006169371903639
4.01 0.002042599039722
4.02 0.008578656828992
4.03 0.011054927549382
4.04 0.013823434308176
4.05 0.01600409244869
4.06 0.014109412443392
4.07 0.005823370071589
4.08 -0.001451370126425
4.09 -0.004673598865112
4.1 -0.006196085420514
4.11 -0.008374480739708
4.12 -0.008956777201681
4.13 -0.008994439233926
4.14 -0.009390194041803
4.15 -0.008992923195984
4.16 -0.003952803861457
4.17 0.004193327968697
4.18 0.013204526016024
4.19 0.022829672337792
4.2 0.027100417621132
4.21 0.024609839919444
4.22 0.020859294714847
4.23 0.012039761995773
4.24 -0.000288769379787
4.25 -0.016111826027347
4.26 -0.021284588312125
4.27 -0.023822882137336
4.28 -0.017382957425145
4.29 -0.005590088313337
4.3 0.005489536366403
4.31 0.011789933601867
4.32 0.011396904053031
4.33 0.009626789701087
4.34 0.007632837199934
4.35 0.006762458904568
4.36 0.002507281922367
4.37 0.003013147725505
4.38 0.006194063089415
4.39 0.006009859472102
4.4 0.008831593012022
4.41 0.0152192854735
4.42 0.017719829727677
4.43 0.016438113467027
4.44 0.009901764701414
4.45 -0.009149980226059
4.46 -0.025021273434296
4.47 -0.022411137529194
4.48 -0.024660670923431
4.49 -0.021923171211726
4.5 -0.012444905121765
4.51 0.000976115729586
4.52 0.026534144950533
4.53 0.054711894437377
4.54 0.056005087348452
4.55 0.059420796749484
4.56 0.04188136643457
4.57 0.028068317405773
4.58 0.024292502565178
4.59 0.017823223036673
4.6 0.011060146271704
4.61 0.007850207925376
4.62 -0.009154802007365
4.63 -0.044692840397529
4.64 -0.022699073518297
4.65 -0.029124573593033
4.66 -0.02453982290369
4.67 -0.034384906218683
4.68 -0.032237655986527
4.69 -0.039498488647099
4.7 -0.034211617510744
4.71 -0.024485604674294
4.72 -0.012304763014539
4.73 0.000586282239955
4.74 0.006607422349038
4.75 0.000311183120953
4.76 0.023470174266546
4.77 0.028217632266379
4.78 0.032042309620483
4.79 0.038688023555205
4.8 0.045090791041036
4.81 0.048985498579597
4.82 0.053358159238621
4.83 0.052631061937421
4.84 0.045843261318618
4.85 0.052365044662999
4.86 0.064052771540288
4.87 0.068412478030872
4.88 0.060911914496091
4.89 0.062429335074364
4.9 0.081496231471817
4.91 0.101569939664098
4.92 0.120432339366761
4.93 0.130073689422936
4.94 0.12231169037667
4.95 0.098652782261274
4.96 0.06029369759581
4.97 0.042431137429008
4.98 0.034490833015056
4.99 0.025123766867746
5.0 0.013124182050191
5.01 0.014966226949147
5.02 0.017083636893874
5.03 0.008695460931239
5.04 0.001452506991154
5.05 -0.004368667220422
5.06 -0.010053756824555
5.07 -0.009607162127507
5.08 -0.009264102779779
5.09 -0.015219111993522
5.1 -0.022674923991563
5.11 -0.030482074909848
5.12 -0.038244871317212
5.13 -0.049129862566882
5.14 -0.061874970782941
5.15 -0.083050461776053
5.16 -0.112761686184974
5.17 -0.136429413857519
5.18 -0.152609958018275
5.19 -0.155809465748983
5.2 -0.149396994921662
5.21 -0.133959936547199
5.22 -0.112061201621618
5.23 -0.097572717186646
5.24 -0.097388990323462
5.25 -0.101803591191437
5.26 -0.107397307963205
5.27 -0.110900988846447
5.28 -0.116579882324827
5.29 -0.121979279306229
5.3 -0.092203395129764
5.31 -0.048412154432531
5.32 -0.073362663448362
5.33 -0.030165321310744
5.34 -0.043751161452546
5.35 -0.006509456225988
5.36 -0.001476366941623
5.37 0.010966487606778
5.38 0.020038828801075
5.39 0.011973522775839
5.4 0.020001494026786
5.41 0.022002611902473
5.42 0.036438693214524
5.43 0.057840252854484
5.44 0.060176986436715
5.45 0.042186843924272
5.46 0.009189574132733
5.47 0.028019499379546
5.48 0.020643343939576
5.49 0.034160114368698
5.5 0.030410753600659
5.51 0.042157562396733
5.52 0.065719035878437
5.53 0.082840024486036
5.54 0.096550143595217
5.55 0.108142086658574
5.56 0.091726008863374
5.57 0.058231951751762
5.58 0.013437970991362
5.59 -0.028704198200106
5.6 -0.057497475034426
5.61 -0.068837927655437
5.62 -0.078183446377349
5.63 -0.080978209389714
5.64 -0.050392312015821
5.65 -0.042175598278541
5.66 -0.025939082723114
5.67 -0.030438371484947
5.68 -0.031068066449396
5.69 -0.03649310371175
5.7 -0.054291921566363
5.71 -0.075098162901582
5.72 -0.10485578231603
5.73 -0.114158124949797
5.74 -0.119246849036119
5.75 -0.129087064470927
5.76 -0.134218230609583
5.77 -0.140927076862631
5.78 -0.145014026962784
5.79 -0.137392708698489
5.8 -0.129039075775651
5.81 -0.128037760442592
5.82 -0.092929458464583
5.83 -0.091940571296867
5.84 -0.100965258851127
5.85 -0.109083591723232
5.86 -0.109472551639475
5.87 -0.116189125013046
5.88 -0.087181485192436
5.89 -0.059243191236555
5.9 -0.055530517436097
5.91 -0.047452769721958
5.92 -0.042137053014968
5.93 -0.041575196013037
5.94 -0.045325074068928
5.95 -0.088813492710398
5.96 -0.147439821512079
5.97 -0.130062013876866
5.98 -0.12894199323707
5.99 -0.094848331369543
6.0 -0.036845353027527
6.01 0.02489549208842
6.02 0.027706242703289
6.03 0.055369681866858
6.04 0.086461623850619
6.05 0.091927263121926
6.06 0.07106510255434
6.07 0.118029200921037
6.08 0.098729843765833
6.09 0.132806921642164
6.1 0.151850522043508
6.11 0.155659549828144
6.12 0.189175810024975
6.13 0.209521173898065
6.14 0.22458218637807
6.15 0.229754279214315
6.16 0.221122375244395
6.17 0.226516400661939
6.18 0.241781466491113
6.19 0.245861300415607
6.2 0.240464187647976
6.21 0.245123648676618
6.22 0.246159666068836
6.23 9.0809901005e-05
6.24 0.076828039785993
6.25 0.057480946236032
6.26 0.055651127128043
6.27 0.110812474830123
6.28 0.072988749550227
6.29 0.116336408100645
6.3 0.11156876827508
6.31 0.085998698910742
6.32 0.110112675225195
6.33 0.100508124034125
6.34 0.085392506995795
6.35 0.084106447347582
6.36 0.050766542222306
6.37 0.019645703661675
6.38 0.037571832291271
6.39 0.024529961707868
6.4 0.009214689018156
6.41 0.007503384967572
6.42 -0.003797664498681
6.43 -0.002627558814999
6.44 -0.001251309064911
6.45 -0.024336923993811
6.46 -0.046813017654802
6.47 -0.032805601090958
6.48 -0.041892613103935
6.49 0.003722009939436
6.5 -0.024629897574645
6.51 -0.041015379202727
6.52 -0.05218622603226
6.53 -0.046099454721685
6.54 -0.059369071168649
6.55 -0.031318714631243
6.56 -0.004591892050057
6.57 -0.058198227863109
6.58 -0.177200347896333
6.59 -0.186165573034636
6.6 -0.132552615651961
6.61 -0.124385451414995
6.62 -0.047255533360157
6.63 0.090355096499219
6.64 -0.001202603273617
6.65 0.074487668147723
6.66 0.019157668851562
6.67 0.062173591362377
6.68 0.02014651774964
6.69 0.027255042338504
6.7 -0.051663079167138
6.71 -0.122391325950949
6.72 -0.139435548699529
6.73 -0.154595465567854
6.74 -0.137796630943237
6.75 -0.027522856248307
6.76 0.043447648405746
6.77 0.041494516662569
6.78 0.101256665951602
6.79 0.125375144654855
6.8 0.111795437932317
6.81 0.139668392287468
6.82 0.086038344757705
6.83 0.062536654506412
6.84 0.089430022307595
6.85 0.074323091339926
6.86 0.126560425958957
6.87 0.115645799167517
6.88 0.139859616846965
6.89 0.170048758345328
6.9 0.167542422297492
6.91 0.18832388580924
6.92 0.195163981908273
6.93 0.184802871171347
6.94 0.180373959148043
6.95 0.17226930701659
6.96 0.161987321537323
6.97 0.144454265458609
6.98 0.083709323102471
6.99 0.132667050285919
7.0 0.135699358892719
7.01 0.171667574226666
7.02 0.185259746258908
7.03 0.191709978012321
7.04 0.19445624804808
7.05 0.185551137952921
7.06 0.160719997978273
7.07 0.163486659345323
7.08 0.140843023145738
7.09 0.117648714708795
7.1 0.062023437047803
7.11 -0.01759139443929
7.12 -0.06778484272131
7.13 -0.110727362857476
7.14 -0.118151964606677
7.15 -0.161539915163603
7.16 -0.207691004465223
7.17 -0.241070945005417
7.18 -0.279000541062315
7.19 -0.284476023496244
7.2 -0.309305178431004
7.21 -0.349817072099424
7.22 -0.397564028474791
7.23 -0.43153699553032
7.24 -0.41022827510605
7.25 -0.37952709563875
7.26 -0.366667453016154
7.27 -0.378618461967342
7.28 -0.393569816249747
7.29 -0.394903930913546
7.3 -0.382488143095942
7.31 -0.360684447900155
7.32 -0.211767559856245
7.33 -0.018247666780761
7.34 -0.174512061757588
7.35 -0.084452114731432
7.36 -0.159783882394726
7.37 -0.170688550725453
7.38 -0.187036431971124
7.39 -0.21119847483924
7.4 -0.194495934169408
7.41 -0.173795281541447
7.42 -0.147682417886372
7.43 -0.109625393613698
7.44 -0.071948610791654
7.45 -0.025863193655504
7.46 0.037541554107996
7.47 0.10563520658187
7.48 0.154035331600314
7.49 0.162708495502557
7.5 0.144905985222003
7.51 0.143785797312904
7.52 0.173232043091452
7.53 0.200736982600531
7.54 0.208076268936104
7.55 0.217969133321479
7.56 0.242882375479455
7.57 0.261963557580416
7.58 0.263362493951898
7.59 0.262643000275162
7.6 0.270789008047473
7.61 0.280069217034448
7.62 0.28477445677616
7.63 0.28820205216426
7.64 0.29144721284378
7.65 0.236649749517197
7.66 0.128843396579368
7.67 0.069845487873868
7.68 0.090469974200003
7.69 0.06128070875195
7.7 0.031128171236278
7.71 0.016497331745342
7.72 0.004034048475422
7.73 -0.013759410298452
7.74 -0.02826680516174
7.75 -0.037993274134843
7.76 -0.054443658181445
7.77 -0.068239508956684
7.78 -0.069295786876535
7.79 -0.070480134125131
7.8 -0.076834077624215
7.81 -0.076336300351803
7.82 -0.067130593852855
7.83 -0.060725199266253
7.84 -0.066465844149411
7.85 -0.099073632763647
7.86 -0.155372285795993
7.87 -0.185513819425384
7.88 -0.206019336937455
7.89 -0.215476661668427
7.9 -0.192720382994376
7.91 -0.187546235508965
7.92 -0.148994830386249
7.93 -0.116352970427968
7.94 -0.084363330038447
7.95 -0.083984478969504
7.96 -0.100967427415946
7.97 -0.187243041663169
7.98 -0.202109617700095
7.99 -0.255018549711631
8.0 -0.264280331830653
8.01 -0.2568920699897
8.02 -0.254143366916046
8.03 -0.232598123946302
8.04 -0.162292561110023
8.05 -0.16413222788493
8.06 -0.243612412561163
8.07 -0.306849342812683
8.08 -0.314520652271236
8.09 -0.281614498171754
8.1 -0.276531426224636
8.11 -0.300146327699162
8.12 -0.156098073878108
8.13 -0.066525065128397
8.14 -0.071564398226534
8.15 -0.033531839609609
8.16 -0.054748341169335
8.17 0.038870580057217
8.18 0.028049883382592
8.19 0.053037231101442
8.2 0.074891447999391
8.21 0.067964816764375
8.22 0.109244362873667
8.23 0.132263579024167
8.24 0.132050707037761
8.25 0.178628121405925
8.26 0.25614502164209
8.27 0.317203931927671
8.28 0.341248047198356
8.29 0.327685605194997
8.3 0.317715476493825
8.31 0.328445980957169
8.32 0.344293166667442
8.33 0.347719621189321
8.34 0.356139588544454
8.35 0.379880996898708
8.36 0.39880386038371
8.37 0.405180119558486
8.38 0.418619780181764
8.39 0.438517100396807
8.4 0.454098631959946
8.41 0.464640481687158
8.42 0.472419998464198
8.43 0.470098515895255
8.44 0.463206121884504
8.45 0.290673487895314
8.46 0.156460134505131
8.47 0.212664707897743
8.48 0.170343330632655
8.49 0.111051309755994
8.5 0.098447695506518
8.51 0.084377457221574
8.52 0.044406400192051
8.53 0.009557384424134
8.54 0.000967117938804
8.55 -0.014062060831664
8.56 -0.046435197611596
8.57 -0.0746468799483
8.58 -0.102846745539166
8.59 -0.145879002101412
8.6 -0.19463867579516
8.61 -0.233343671292582
8.62 -0.258692114560512
8.63 -0.277186491645111
8.64 -0.299880767285475
8.65 -0.331816174022437
8.66 -0.36376203819882
8.67 -0.383700729043732
8.68 -0.391667165550615
8.69 -0.395747187818775
8.7 -0.399840004375517
8.71 -0.401183570119428
8.72 -0.397742020181493
8.73 -0.389224148025452
8.74 -0.3804891077815
8.75 -0.372543733440125
8.76 -0.32808962188389
8.77 -0.261732906307251
8.78 -0.179655476205224
8.79 -0.143857333931148
8.8 -0.144549083378242
8.81 -0.148271350328674
8.82 -0.131571471241558
8.83 -0.103797535575055
8.84 -0.088267624493221
8.85 -0.075586430644852
8.86 -0.051819329198557
8.87 -0.024973638235393
8.88 -0.004057137855508
8.89 0.013954044774371
8.9 0.032246853534572
8.91 0.048599790898911
8.92 0.062629388142239
8.93 0.077243949916613
8.94 0.091966431104169
8.95 0.102747856716767
8.96 0.109659059974092
8.97 0.119469646809106
8.98 0.139174463166891
8.99 0.170079567946443
9.0 0.209221432795258
9.01 0.261804575111183
9.02 0.304704676395597
9.03 0.31765646811587
9.04 0.312874325843282
9.05 0.304267969107455
9.06 0.292494236145907
9.07 0.28198429674921
9.08 0.258008643170822
9.09 0.22905096047219
9.1 0.20972653619523
9.11 0.212349789727279
9.12 0.224200099794037
9.13 0.244716966883772
9.14 0.272201368611068
9.15 0.267983140143711
9.16 0.264360819112429
9.17 0.207284784032934
9.18 0.064693726248591
9.19 0.085320316801493
9.2 0.105691849957939
9.21 0.014790621154065
9.22 0.007931368509328
9.23 -0.020521800090451
9.24 -0.055168611162839
9.25 -0.052972188678488
9.26 -0.078854689802175
9.27 -0.109142324684523
9.28 -0.120476578456809
9.29 -0.142958547702641
9.3 -0.173388345012675
9.31 -0.195834749306146
9.32 -0.213569183861793
9.33 -0.216077064228178
9.34 -0.193227204946079
9.35 -0.167715971653438
9.36 -0.15832452265698
9.37 -0.151778629921049
9.38 -0.139824241700489
9.39 -0.151299734748374
9.4 -0.190477201091377
9.41 -0.249375973457194
9.42 -0.283023194351498
9.43 -0.341028839715783
9.44 -0.370987312257678
9.45 -0.405542442745984
9.46 -0.399768656941184
9.47 -0.416605858849088
9.48 -0.381917833757169
9.49 -0.297424999776609
9.5 -0.307066965120762
9.51 -0.353261583761489
9.52 -0.266349352600708
9.53 -0.211564626811547
9.54 -0.066577874242547
9.55 -0.063970803908232
9.56 -0.074028035182666
9.57 -0.083134439435293
9.58 -0.060299758888492
9.59 -0.053109568393719
9.6 -0.018967794854731
9.61 0.025205380135618
9.62 0.058725999304535
9.63 0.106438805052159
9.64 0.142369403949401
9.65 0.156643163951949
9.66 0.19372265550581
9.67 0.260140827550799
9.68 0.325272750033508
9.69 0.363389588792774
9.7 0.366706273384481
9.71 0.352279526351696
9.72 0.347696815119145
9.73 0.353041916791048
9.74 0.349016305450753
9.75 0.335406864356807
9.76 0.326773739313979
9.77 0.320641129909388
9.78 0.30502812437698
9.79 0.284184091513349
9.8 0.205423691965334
9.81 0.138798260742838
9.82 0.206271198924124
9.83 0.212396118839711
9.84 0.215649864506588
9.85 0.223259773099688
9.86 0.212153224458106
9.87 0.215459088006366
9.88 0.222302645537734
9.89 0.214912995105362
9.9 0.200049637590318
9.91 0.174846492164725
9.92 0.134981135050347
9.93 0.08984009808242
9.94 0.041454552880843
9.95 -0.015439617752944
9.96 -0.070337204967854
9.97 -0.107902424935156
9.98 -0.131844467647358
9.99 -0.156090893718021
10.0 -0.184933793710967
10.01 -0.210937301005857
10.02 -0.224355375078259
10.03 -0.222525595679656
10.04 -0.209794251450505
10.05 -0.188504295182461
10.06 -0.158429243188775
10.07 -0.125511250532051
10.08 -0.09940840393507
10.09 -0.082352284147191
10.1 -0.046392902135104
10.11 -0.082291750959539
10.12 -0.105746212582906
10.13 -0.144283926115375
10.14 -0.168344386136292
10.15 -0.201009666172975
10.16 -0.219269637086946
10.17 -0.234019914412354
10.18 -0.19809568654218
10.19 -0.084614593921446
10.2 0.001575190518821
10.21 0.021164457154618
10.22 0.071344073402135
10.23 0.128603215618801
10.24 0.127210855237849
10.25 0.134074311412983
10.26 0.159114342729279
10.27 0.164257606616994
10.28 0.168109637711824
10.29 0.166422960502779
10.3 0.163555177457424
10.31 0.164133388904558
10.32 0.155127836883226
10.33 0.114009368481173
10.34 -0.190382107700111
10.35 -0.039286315846853
10.36 -0.136179600396416
10.37 -0.070224114244001
10.38 -0.04790480479119
10.39 -0.081530933608486
10.4 -0.005068807839821
10.41 -0.015274866453632
10.42 0.010446908566871
10.43 0.073448560444083
10.44 0.11069804460288
10.45 0.167500805031849
10.46 0.189829946675007
10.47 0.154499550487129
10.48 0.050171303766661
10.49 0.057246243589715
10.5 0.075601250076287
10.51 0.026629133408504
10.52 0.01003292081853
10.53 -0.0004085131983
10.54 -0.003975903794968
10.55 -0.001452162816775
10.56 -0.036625885985488
10.57 -0.06726730403517
10.58 -0.056118413987862
10.59 -0.035860881938109
10.6 -0.083810576239821
10.61 -0.062602002071137
10.62 -0.064092096019264
10.63 -0.066069226297533
10.64 -0.073144222145678
10.65 -0.086981553668849
10.66 -0.061579990683193
10.67 -0.046223634904164
10.68 -0.066049815492132
10.69 -0.188538902351916
10.7 -0.183453890696985
10.71 -0.13861862334238
10.72 -0.159313221757335
10.73 -0.117883793926092
10.74 0.040223005033871
10.75 -0.025298903641205
10.76 -0.00798739543401
10.77 -0.050053504127287
10.78 -0.065197534814393
10.79 -0.11826333982498
10.8 -0.137633296835357
10.81 -0.150783039356363
10.82 -0.157002641019369
10.83 -0.211269010479946
10.84 -0.243226614536055
10.85 -0.254592551022781
10.86 -0.155034938565918
10.87 -0.132522736843039
10.88 -0.165199407985139
10.89 -0.129983738714361
10.9 -0.149087155403439
10.91 -0.150490751707381
10.92 -0.125950884406691
10.93 -0.130755724683335
10.94 -0.116388014111281
10.95 -0.048789807992467
10.96 -0.004627508384833
10.97 -0.026975751783759
10.98 -0.013514081347067
10.99 -0.023743076897509
11.0 0.011374910011808
11.01 -0.006386035543484
11.02 0.012387698427008
11.03 0.023879696804578
11.04 0.021255937255758
11.05 0.047762926542792
11.06 0.073451768664732
11.07 0.099888787039021
11.08 0.13558657656984
11.09 0.164059450805737
11.1 0.183862263256001
11.11 0.19247966237864
11.12 0.195698848945155
11.13 0.212276932218102
11.14 0.233544079810262
11.15 0.246582982981424
11.16 0.262896022058092
11.17 0.285966974731836
11.18 0.30116084667483
11.19 0.30993459816521
11.2 0.324012925618732
11.21 0.33189194532941
11.22 0.330356169508479
11.23 0.333601835100436
11.24 0.335075482350102
11.25 0.320403874372539
11.26 0.301010471998855
11.27 0.286240489569263
11.28 0.277459429566565
11.29 0.287642398611883
11.3 0.277605184133887
11.31 0.206177713272705
11.32 0.147145159604985
11.33 0.121600329183811
11.34 0.134032209464707
11.35 0.113628736939311
11.36 0.081897717761309
11.37 0.064698556317209
11.38 0.043343004832866
11.39 0.007920273743708
11.4 -0.032157133775732
11.41 -0.068815994757544
11.42 -0.097025687682986
11.43 -0.123360308589653
11.44 -0.16245765481739
11.45 -0.209786331820838
11.46 -0.245655561984327
11.47 -0.263008484267996
11.48 -0.250179998752513
11.49 -0.248184256772531
11.5 -0.240041581417035
11.51 -0.227224754788902
11.52 -0.219544025609878
11.53 -0.219257709675216
11.54 -0.224280209284475
11.55 -0.234507048201355
11.56 -0.247161906998774
11.57 -0.254451498653383
11.58 -0.253468512338866
11.59 -0.254350180998638
11.6 -0.239580415495791
11.61 -0.23474549751847
11.62 -0.217461270243927
11.63 -0.192813105402203
11.64 -0.173304397937238
11.65 -0.165372426441651
11.66 -0.152324733242321
11.67 -0.135326063448226
11.68 -0.129091502488412
11.69 -0.127517736487884
11.7 -0.117777970969917
11.71 -0.094033533217725
11.72 -0.05407037194106
11.73 -0.010700201407081
11.74 0.02048065608864
11.75 0.041128457588306
11.76 0.059912999082543
11.77 0.082348952492647
11.78 0.11065078699839
11.79 0.141200059065014
11.8 0.168524969109137
11.81 0.19119821113199
11.82 0.209963111677243
11.83 0.225931270558424
11.84 0.239660115202058
11.85 0.249429539300201
11.86 0.254719248848203
11.87 0.259043673321811
11.88 0.265193640023692
11.89 0.272244646370503
11.9 0.278980667578084
11.91 0.28507990591421
11.92 0.289200528498658
11.93 0.290323365249291
11.94 0.290579651351157
11.95 0.291948956831711
11.96 0.295736329895315
11.97 0.302284481884492
11.98 0.311519295362302
11.99 0.319533622525144
12.0 0.324715801286654
12.01 0.177814111402101
12.02 0.168318896514444
12.03 0.196222386300942
12.04 0.143001093444062
12.05 0.140105684743024
12.06 0.138465541399409
12.07 0.099096992765551
12.08 0.079197972029735
12.09 0.064484416238914
12.1 0.033894384216095
12.11 0.010334684529775
12.12 -0.011451617544184
12.13 -0.04801810179057
12.14 -0.092111473083454
12.15 -0.134764780201816
12.16 -0.167532066975906
12.17 -0.179692323748483
12.18 -0.17979900566436
12.19 -0.188308256223274
12.2 -0.206427700066146
12.21 -0.21995231186579
12.22 -0.225373156923832
12.23 -0.232006857152355
12.24 -0.244320773120572
12.25 -0.256178788695667
12.26 -0.262886610098046
12.27 -0.268652967011903
12.28 -0.27712133600904
12.29 -0.283533996590722
12.3 -0.28352448458271
12.31 -0.28149947697213
12.32 -0.289149991177325
12.33 -0.294621631582104
12.34 -0.305878921046169
12.35 -0.307886301021426
12.36 -0.31055720026506
12.37 -0.300364026024582
12.38 -0.292393149498672
12.39 -0.280272570380279
12.4 -0.278013034901079
12.41 -0.248304442080126
12.42 -0.213669204445622
12.43 -0.176417474424771
12.44 -0.152210773099033
12.45 -0.146025951363933
12.46 -0.141855761346493
12.47 -0.134495557238088
12.48 -0.116368126952436
12.49 -0.098337807516231
12.5 -0.08079445929905
12.51 -0.063047096927169
12.52 -0.046896809892056
12.53 -0.029151317949367
12.54 -0.013284241082797
12.55 0.001779029507357
12.56 0.022359333095195
12.57 0.045468780644603
12.58 0.063921667681208
12.59 0.077802261939549
12.6 0.092350134419888
12.61 0.110964394254919
12.62 0.13422938472425
12.63 0.160055290010373
12.64 0.183630253183826
12.65 0.202243933897206
12.66 0.216698700345892
12.67 0.227304884819859
12.68 0.23464265819354
12.69 0.24088741579564
12.7 0.246333151864609
12.71 0.249203580412323
12.72 0.248673149259196
12.73 0.245208871242759
12.74 0.237336830216354
12.75 0.225905204573137
12.76 0.213156943057093
12.77 0.202108427213434
12.78 0.15383777930495
12.79 0.063457045235397
12.8 0.082358658306862
12.81 0.102320570572251
12.82 0.073960603159143
12.83 0.073771280741773
12.84 0.079349188106631
12.85 0.069050100657879
12.86 0.065842516949295
12.87 0.065178384301147
12.88 0.054986285673529
12.89 0.038867200468184
12.9 0.019255107569327
12.91 -0.003858970837447
12.92 -0.02749724430047
12.93 -0.046139601393244
12.94 -0.053874190222371
12.95 -0.053203447304512
12.96 -0.057448060074539
12.97 -0.07597898669779
12.98 -0.104654956294919
12.99 -0.130397149724849
13.0 -0.145708832979799
13.01 -0.154668126454886
13.02 -0.153334117126574
13.03 -0.148397782490538
13.04 -0.140460422506886
13.05 -0.131681778169318
13.06 -0.118191675892402
13.07 -0.111186254822811
13.08 -0.114586205624335
13.09 -0.115477906997451
13.1 -0.122754273788909
13.11 -0.139775614056082
13.12 -0.160695092735218
13.13 -0.17582430949441
13.14 -0.17798019905434
13.15 -0.172694687989391
13.16 -0.040548892464157
13.17 -0.069253404810671
13.18 -0.025409338231339
13.19 -0.036355660729322
13.2 -0.018829997202354
13.21 -0.023269334009568
13.22 -0.028138813508295
13.23 -0.027871712555395
13.24 -0.037076376064678
13.25 -0.033887483987486
13.26 -0.042530532140209
13.27 -0.052805256019202
13.28 -0.046823929609877
13.29 -0.021973367576895
13.3 0.003972281496873
13.31 -0.013939057207295
13.32 0.021740234528442
13.33 0.030716676759453
13.34 0.041876320116912
13.35 0.056447129090346
13.36 0.054180718886767
13.37 0.055422795515025
13.38 0.049131524263817
13.39 0.041998774489696
13.4 0.038269028191412
13.41 0.012345405184547
13.42 0.036273004223877
13.43 0.037927120614193
13.44 0.042057161871914
13.45 0.067691291323084
13.46 0.076452835143075
13.47 0.097882347170275
13.48 0.110173516728601
13.49 0.109487883008016
13.5 0.112598931830126
13.51 0.104221310983746
13.52 0.069817251475604
13.53 -0.057960193804349
13.54 -0.004625947581498
13.55 -0.036768731151267
13.56 -0.019144898830853
13.57 -0.023014772933822
13.58 -0.026655322514903
13.59 -0.005488856116967
13.6 -0.018256877229158
13.61 -0.004252932040529
13.62 -0.012395969000312
13.63 -0.017167248270059
13.64 -0.027051523102661
13.65 -0.062318525086596
13.66 -0.101507143643722
13.67 -0.116378998404731
13.68 -0.104373853481641
13.69 -0.110952916005156
13.7 -0.126821784618876
13.71 -0.116029409143045
13.72 -0.115861600509079
13.73 -0.121954803457818
13.74 -0.104890743517635
13.75 -0.072049646226128
13.76 -0.061142242298524
13.77 -0.057744766148009
13.78 -0.055024524075186
13.79 -0.052974923860353
13.8 -0.050556714740741
13.81 -0.048497746238836
13.82 -0.046100489583456
13.83 -0.04332990480088
13.84 -0.034423813710542
13.85 -0.017168467975787
13.86 0.005411363250539
13.87 0.023797849692425
13.88 0.037847948086689
13.89 0.050250455115902
13.9 0.059104766990316
13.91 0.067393514543792
13.92 0.074335957876053
13.93 0.080135635351592
13.94 0.088095768220024
13.95 0.094260175624956
13.96 0.097752760494561
13.97 0.101260111897358
13.98 0.105845299405301
13.99 0.108999829492857
14.0 0.108527223257716
14.01 0.103540774205992
14.02 0.097478878467151
14.03 0.09495418698363
14.04 0.098180054330617
14.05 0.09934849258343
14.06 0.097439244774794
14.07 0.095052142489634
14.08 0.089218953211883
14.09 0.084533728216419
14.1 0.080925215549448
14.11 0.076793335873333
14.12 0.072019999505063
14.13 0.061590229350252
14.14 0.048913698319472
14.15 0.039478214619955
14.16 0.033677932525809
14.17 0.029960521998835
14.18 0.028375302632326
14.19 0.026592579094636
14.2 0.02376788395488
14.21 0.0211078672869
14.22 0.018076438539796
14.23 0.015824537267759
14.24 0.015501311513581
14.25 0.014624708397724
14.26 0.010508874604498
14.27 0.004760415159787
14.28 -0.000607088640914
14.29 -0.009969157649106
14.3 -0.020001164305214
14.31 -0.023545971443637
14.32 -0.027731989078468
14.33 -0.055787224355761
14.34 -0.049008208359685
14.35 -0.062793533965456
14.36 -0.062358850202706
14.37 -0.064578642386199
14.38 -0.067772614965125
14.39 -0.065521461688751
14.4 -0.069515028779253
14.41 -0.068662607749265
14.42 -0.069322360251084
14.43 -0.06714537932135
14.44 -0.057035141360857
14.45 -0.052799032238302
14.46 -0.058913177726473
14.47 -0.08217505269143
14.48 -0.089541687119492
14.49 -0.111379520722734
14.5 -0.115059599118731
14.51 -0.131367344162755
14.52 -0.130831159524545
14.53 -0.133217475563914
14.54 -0.122286854032316
14.55 -0.107508046156432
14.56 -0.085735284149404
14.57 -0.08864657882797
14.58 -0.092026450361463
14.59 -0.096176857360891
14.6 -0.106180097895357
14.61 -0.122809085037536
14.62 -0.126302201197647
14.63 -0.129989224940954
14.64 -0.136829582232052
14.65 -0.137562636031002
14.66 -0.134319683981799
14.67 -0.052613664845007
14.68 -0.056512180027168
14.69 -0.034112777128676
14.7 -0.045990229355166
14.71 -0.039108344049261
14.72 -0.041716557096389
14.73 -0.041095076438595
14.74 -0.036279932886169
14.75 -0.030764146119445
14.76 -0.023893148382359
14.77 -0.015828271470657
14.78 -0.010515643589782
14.79 0.011829483990061
14.8 0.043531416142247
14.81 0.05948238745801
14.82 0.061527224372701
14.83 0.078789955378461
14.84 0.093614635829632
14.85 0.093830138158707
14.86 0.107342212191218
14.87 0.111916608980936
14.88 0.108309834763527
14.89 0.113411219122678
14.9 0.109311632433809
14.91 0.108752732060691
14.92 0.112430913711422
14.93 0.107535996090251
14.94 0.107728334509057
14.95 0.109685115277262
14.96 0.107137822287345
14.97 0.110263879408077
14.98 0.115662834662388
14.99 0.123185369992639
15.0 0.126874422767816
15.01 0.127647018382873
15.02 0.120437113775345
15.03 0.110422758464695
15.04 0.097660704715598
15.05 0.083559442326193
15.06 0.071641421203419
15.07 0.059934559103385
15.08 0.052686270076603
15.09 0.048360010301042
15.1 0.046557473260809
15.11 0.043905769424809
15.12 0.038299788210246
15.13 0.026597356749528
15.14 0.014456550317101
15.15 -7.4603036751e-05
15.16 -0.014687490439473
15.17 -0.028253388957483
15.18 -0.042573098692369
15.19 -0.052432040676914
15.2 -0.058103744443646
15.21 -0.062136621010411
15.22 -0.063716641375139
15.23 -0.063355635328376
15.24 -0.061833196103637
15.25 -0.059333984373879
15.26 -0.055617821333059
15.27 -0.050750727076159
15.28 -0.045746081870551
15.29 -0.039953201003776
15.3 -0.043033623426552
15.31 -0.053363621694144
15.32 -0.063275755564756
15.33 -0.071052408384625
15.34 -0.07241243601151
15.35 -0.073124364752062
15.36 -0.069643044306225
15.37 -0.060139308702694
15.38 -0.047037052806491
15.39 -0.031792297369325
15.4 -0.015925091430627
15.41 -0.002470576807412
15.42 0.002770198569769
15.43 0.002612076041498
15.44 0.002735563806089
15.45 0.007478445535992
15.46 0.014054611205408
15.47 0.015493769611698
15.48 0.011770106148345
15.49 0.013925297313719
15.5 0.024177073784957
15.51 0.033658528451281
15.52 0.043565554690407
15.53 0.055930519167662
15.54 0.067999893105318
15.55 0.078861379573443
15.56 0.090509095181403
15.57 0.10215550278066
15.58 0.114146835687096
15.59 0.126249736873893
15.6 0.133740910264228
15.61 0.136976206623454
15.62 0.140131716985432
15.63 0.145492451326582
15.64 0.15030931417948
15.65 0.150172410875098
15.66 0.150481985956901
15.67 0.152489192412504
15.68 0.157704561553291
15.69 0.166913617787034
15.7 0.175163141364943
15.71 0.153550305054219
15.72 -0.021598573574528
15.73 0.078017990848995
15.74 0.004396505953149
15.75 0.044259415124506
15.76 0.024702665597654
15.77 0.010845364545668
15.78 0.023327233292257
15.79 0.000691681497898
15.8 -3.6813333558e-05
15.81 0.002105285616031
15.82 -0.005881736760971
15.83 -0.010884490342742
15.84 -0.031695640226601
15.85 -0.064530225819183
15.86 -0.075120742703771
15.87 -0.058322818127649
15.88 -0.053626244392398
15.89 -0.075496087296415
15.9 -0.086954170416162
15.91 -0.097883400719555
15.92 -0.122401827266472
15.93 -0.134385392085193
15.94 -0.14377358776476
15.95 -0.155626384636362
15.96 -0.149394243233441
15.97 -0.15742746002138
15.98 -0.133684008708165
15.99 -0.116739220437384
16.0 -0.130694263878984
16.01 -0.114157457138625
16.02 -0.081072659826628
16.03 -0.071659118883758
16.04 -0.053063588267448
16.05 -0.062209954001634
16.06 -0.060946993763619
16.07 -0.059826154798571
16.08 -0.053182708126972
16.09 -0.056415811529621
16.1 -0.045488020886529
16.11 -0.036486573343009
16.12 -0.028910790524306
16.13 -0.036512710762422
16.14 -0.031793134420189
16.15 -0.01479067201834
16.16 0.000545709864858
16.17 0.001658127376308
16.18 0.012052536081156
16.19 0.028219222032016
16.2 0.033539119892394
16.21 0.043385796436564
16.22 0.046216741882792
16.23 0.043278369306121
16.24 0.049082236045246
16.25 0.053846641193006
16.26 0.06127931993714
16.27 0.069721916314171
16.28 0.078173573344192
16.29 0.092000920191505
16.3 0.1046169155232
16.31 0.115878818255103
16.32 0.125326438134845
16.33 0.132314898447165
16.34 0.14000423494756
16.35 0.147410140291313
16.36 0.150932959115438
16.37 0.148633062567705
16.38 0.144011536209052
16.39 0.138061472631229
16.4 0.130081635086061
16.41 0.122601927685194
16.42 0.117720483175618
16.43 0.115304070785133
16.44 0.092645397081761
16.45 0.052160712062964
16.46 0.077905382370047
16.47 0.056728916221897
16.48 0.066008179943855
16.49 0.060379040234612
16.5 0.051905837256207
16.51 0.052353369952348
16.52 0.037373877507871
16.53 0.029580102423922
16.54 0.015126603962087
16.55 -0.002555820564621
16.56 -0.013553877696574
16.57 -0.027856681903322
16.58 -0.039483882045228
16.59 -0.040488075780113
16.6 -0.038901147022216
16.61 -0.045918532510809
16.62 -0.059557171128289
16.63 -0.069100889488933
16.64 -0.078145250692838
16.65 -0.093522355769247
16.66 -0.107236707265353
16.67 -0.116616174601575
16.68 -0.123051992228824
16.69 -0.129323975585136
16.7 -0.138155799957568
16.71 -0.140365179561626
16.72 -0.140937585214586
16.73 -0.147838034837402
16.74 -0.150198983681123
16.75 -0.149756986210195
16.76 -0.152738388495226
16.77 -0.14806450239383
16.78 -0.140458104955052
16.79 -0.10497387224924
16.8 0.020897694753618
16.81 -0.052866541276619
16.82 -0.005203060922057
16.83 -0.041403254557176
16.84 -0.020125104502287
16.85 -0.040891653384409
16.86 -0.034420832764797
16.87 -0.043169487948881
16.88 -0.045980951656197
16.89 -0.048621193245989
16.9 -0.05338647652563
16.91 -0.047634951263173
16.92 -0.030164483222149
16.93 -0.005902762149736
16.94 -0.022249666378001
16.95 -0.001283650983312
16.96 0.028991797556845
16.97 0.02358878370983
16.98 0.056319734500748
16.99 0.038912401041497
17.0 0.069324456760464
17.01 0.057601682848979
17.02 0.076887403647765
17.03 0.059464267631723
17.04 0.046842940004302
17.05 0.022896980033413
17.06 0.047816333054587
17.07 0.077280285574392
17.08 0.060134556081011
17.09 0.080891455780557
17.1 0.089070414415518
17.11 0.0865858391413
17.12 0.109921510789918
17.13 0.120203375901455
17.14 0.128369556460125
17.15 0.135120510117098
17.16 0.116719034588709
17.17 0.052682112055525
17.18 -0.005563292507803
17.19 0.011996235846303
17.2 0.016098985981823
17.21 0.018441065146872
17.22 0.019187786795929
17.23 0.021460650938279
17.24 0.020944445199551
17.25 0.030997583902682
17.26 0.022945871209007
17.27 0.028528792075041
17.28 0.020555257551678
17.29 0.001138548769484
17.3 -0.038052608200287
17.31 -0.080509864049357
17.32 -0.089638990460763
17.33 -0.094075547992756
17.34 -0.12222796321679
17.35 -0.132188290577905
17.36 -0.129471991086855
17.37 -0.140421424487596
17.38 -0.133082600874491
17.39 -0.122756935603134
17.4 -0.12578965317785
17.41 -0.121575722388965
17.42 -0.124820625466093
17.43 -0.129843060711667
17.44 -0.122100697389948
17.45 -0.124889288759793
17.46 -0.132582951070906
17.47 -0.136843281967117
17.48 -0.153421410418026
17.49 -0.073183748724423
17.5 -0.048903359084941
17.51 -0.052443494464496
17.52 -0.018144652819251
17.53 -0.014572109663732
17.54 -0.000226281470068
17.55 0.01512978921767
17.56 0.021280091171146
17.57 0.034291894362624
17.58 0.040435280280315
17.59 0.044232267019584
17.6 0.054425117404349
17.61 0.069334325307296
17.62 0.089072410504011
17.63 0.1039469855543
17.64 0.102219007366202
17.65 0.092538786375968
17.66 0.089817968722614
17.67 0.091632091343859
17.68 0.085426616078183
17.69 0.079855449179385
17.7 0.078333117098673
17.71 0.079537782919972
17.72 0.085274203587849
17.73 0.090415682909669
17.74 0.096789312669297
17.75 0.104857323717458
17.76 0.110150235968189
17.77 0.117228222514401
17.78 0.113103002557092
17.79 0.10640644684778
17.8 0.087374604418094
17.81 0.059429483434875
17.82 0.029570541745657
17.83 -0.005232131435652
17.84 -0.014722539621581
17.85 -0.035397480979983
17.86 -0.038879520239517
17.87 -0.021640532656737
17.88 -0.03268743109348
17.89 -0.010174378851912
17.9 -0.012984137997039
17.91 -0.001062642904486
17.92 0.010023578262879
17.93 0.010499086101487
17.94 0.02322817861419
17.95 0.043549288542766
17.96 0.048733518487761
17.97 0.042724282319604
17.98 0.043973384228375
17.99 0.023948745540572
18.0 0.006490363412601
18.01 -0.003954211253927
18.02 -0.011787870304855
18.03 -0.035562755389549
18.04 -0.04558618222138
18.05 -0.052314784701211
18.06 -0.033356551448375
18.07 0.008190957535555
18.08 0.020140585722694
18.09 -0.009150556327041
18.1 -0.015521949753063
18.11 -0.015631688958697
18.12 -0.024553310986761
18.13 -0.01205631686416
18.14 0.017008763876572
18.15 0.024375417228829
18.16 0.033243105645161
18.17 0.051832857277614
18.18 0.047917758515908
18.19 0.062436426579884
18.2 0.062567187976354
18.21 0.063060376080997
18.22 0.055357380273827
18.23 0.054795420915352
18.24 0.047304524417136
18.25 0.040693332853035
18.26 0.025892762340181
18.27 0.009687660362505
18.28 -0.00257284010739
18.29 -0.003967030743589
18.3 -0.0069257564749
18.31 -0.007158927470913
18.32 -0.013902315395913
18.33 -0.008195991986641
18.34 -0.0124524634312
18.35 -0.008498789790217
18.36 -0.003041328678229
18.37 -0.001959282816373
18.38 0.00253079486241
18.39 -0.000620824588812
18.4 -0.010244021926297
18.41 -0.019726221165826
18.42 -0.014059479439492
18.43 -0.016404645834959
18.44 -0.030528212364994
18.45 -0.032789192084384
18.46 -0.036294192154039
18.47 -0.034607497449771
18.48 -0.046508945488246
18.49 -0.06202741629215
18.5 -0.065392439113482
18.51 -0.065306442707183
18.52 -0.048857537205314
18.53 -0.046900331628151
18.54 -0.042744747522518
18.55 -0.046383102530604
18.56 -0.047462525612704
18.57 -0.055362210473305
18.58 -0.061262220469876
18.59 -0.058725254440721
18.6 -0.045160007956994
18.61 -0.032618690335919
18.62 -0.028060334918794
18.63 -0.016089667536207
18.64 -0.003921547567843
18.65 -0.018072361632641
18.66 -0.010192966318834
18.67 -0.020911882307541
18.68 -0.025385879358782
18.69 -0.042342885179477
18.7 -0.051650128146843
18.71 -0.060149957974837
18.72 -0.053029997667341
18.73 -0.047032954189671
18.74 -0.020139402346309
18.75 -0.013671399739925
18.76 -0.004120377282139
18.77 -0.000407666210675
18.78 0.010133762198767
18.79 0.010643819335645
18.8 0.003249520927461
18.81 0.003009391069627
18.82 -0.000384150110841
18.83 -0.000722658471365
18.84 -0.003412254290332
18.85 -0.000241989822089
18.86 0.007156488288183
18.87 0.010234548379196
18.88 0.004091964347824
18.89 0.01981098683621
18.9 0.054659386473942
18.91 0.043849484935575
18.92 0.040060705010839
18.93 0.041999916023067
18.94 0.034042287741083
18.95 0.03422623417938
18.96 0.035218418356088
18.97 0.036222122807993
18.98 0.04350775942563
18.99 0.045878217913199
19.0 0.042480065626249
19.01 0.040032178997209
19.02 0.039919397913942
19.03 0.022233082024372
19.04 -0.004034312841674
19.05 -0.011785029272076
19.06 -0.021704627834447
19.07 -0.032145091951569
19.08 -0.041493576120651
19.09 -0.048647241405152
19.1 -0.052265042863941
19.11 -0.054341276932076
19.12 -0.055703006180682
19.13 -0.061290958968994
19.14 -0.060672579140171
19.15 -0.071624514760405
19.16 -0.084998670532297
19.17 -0.096286151084964
19.18 -0.094094340531634
19.19 -0.088219937437024
19.2 -0.088346899256832
19.21 -0.078315594787334
19.22 -0.046844004178149
19.23 -0.021463292028454
19.24 -0.020457434484924
19.25 -0.017095438353228
19.26 -0.01349418849204
19.27 -0.020630151243767
19.28 -0.018580981009835
19.29 -0.023578367350888
19.3 -0.027394450218775
19.31 -0.022768380567819
19.32 -0.014978207325976
19.33 0.001426327429786
19.34 0.019298114480726
19.35 0.038751379743749
19.36 0.05356283791526
19.37 0.060017510360287
19.38 0.070811716291034
19.39 0.083095832604692
19.4 0.089501709253231
19.41 0.096946683865482
19.42 0.100842331466394
19.43 0.098639079823069
19.44 0.098443335836309
19.45 0.095652505593216
19.46 0.091210900056656
19.47 0.087774113522128
19.48 0.084562321536925
19.49 0.082033536095485
19.5 0.078377934958865
19.51 0.075634772335323
19.52 0.077332716704293
19.53 0.080992928655094
19.54 0.057634531186354
19.55 0.069011833852311
19.56 0.062829357953754
19.57 0.071087158768462
19.58 0.063947546974343
19.59 0.063868686073577
19.6 0.060386715785733
19.61 0.064158799077067
19.62 0.066049737160641
19.63 0.071663153829748
19.64 0.072968523884359
19.65 0.070414759824087
19.66 0.067934121077127
19.67 0.071430139666763
19.68 0.065423928133667
19.69 0.05782561393338
19.7 0.054064489975664
19.71 0.039863956136938
19.72 0.019944535613329
19.73 0.001529666539236
19.74 -0.005729924128658
19.75 -0.012539021144402
19.76 -0.012753191510643
19.77 -0.001602581488725
19.78 -0.037497690323214
19.79 -0.05454773181311
19.8 -0.051108961722064
19.81 -0.073418822049982
19.82 -0.072844702889333
19.83 -0.078692363227756
19.84 -0.091707472634602
19.85 -0.093593720786979
19.86 -0.097465097999347
19.87 -0.093626395591803
19.88 -0.081853183117823
19.89 -0.069250753621401
19.9 -0.014650232695786
19.91 -0.033535854997247
19.92 -0.051103228590227
19.93 -0.070360581968382
19.94 -0.077026827814746
19.95 -0.090917123127438
19.96 -0.098844931593928
19.97 -0.09793200216131
19.98 -0.098511859321585
19.99 -0.095418643890781
20.0 -0.084902675940685
20.01 -0.07375593185046
20.02 -0.03593455381904
20.03 -0.046383173728303
20.04 -0.05986235354919
20.05 -0.059105744729755
20.06 -0.045873838215561
20.07 -0.025384837231629
20.08 -0.016868081640056
20.09 -0.005419257416445
20.1 0.004470065650435
20.11 0.007876842906582
20.12 0.006418237889063
20.13 -0.001214227456836
20.14 0.022048212862112
20.15 0.036738593296689
20.16 0.022669893449006
20.17 0.040032669295408
20.18 0.039528746909567
20.19 0.051991086956162
20.2 0.063556323562683
20.21 0.054501011104135
20.22 0.049997149277661
20.23 0.035495189736808
20.24 0.007261225574161
20.25 -0.00675023263778
20.26 -0.008287701489016
20.27 -0.002621697802656
20.28 0.02320845786472
20.29 0.029497224767149
20.3 0.036986827563092
20.31 0.04886724245396
20.32 0.057226893545213
20.33 0.058367674438915
20.34 0.047075835086685
20.35 0.032497120365783
20.36 0.005863441136799
20.37 -0.018972885441438
20.38 -0.013203778078802
20.39 -0.023228766940013
20.4 -0.030368184099132
20.41 -0.028174801645678
20.42 -0.028539901747551
20.43 -0.021475740202218
20.44 -0.020628544175964
20.45 -0.016175247167294
20.46 -0.028295988788712
20.47 -0.035174364536129
20.48 -0.032915397088408
20.49 -0.041676911082213
20.5 -0.046924142955042
20.51 -0.058425271824525
20.52 -0.067394462959972
20.53 -0.071778138798305
20.54 -0.076768100906158
20.55 -0.075715715512837
20.56 -0.071541067070252
20.57 -0.061042272435205
20.58 -0.045233496897016
20.59 -0.009397342103708
20.6 -0.018986386382499
20.61 -0.008972172453945
20.62 -0.013713125187432
20.63 -0.013327286025572
20.64 -0.017699932397548
20.65 -0.020164844293884
20.66 -0.023153996100065
20.67 -0.025432947263976
20.68 -0.027210433087581
20.69 -0.022706706751607
20.7 -0.007017139573714
20.71 0.014561268967166
20.72 0.030856794130493
20.73 0.030265166638848
20.74 0.032707910115284
20.75 0.039256675571858
20.76 0.038183299554755
20.77 0.039553007232517
20.78 0.033936246429989
20.79 0.032831934844226
20.8 0.030843221769476
20.81 0.030505467123864
20.82 0.031299348763192
20.83 0.031230365137507
20.84 0.035756093989414
20.85 0.036713730247433
20.86 0.041976738214664
20.87 0.041821149593435
20.88 0.041694531403448
20.89 0.04075136413834
20.9 0.04065469953967
20.91 0.038644376166587
20.92 0.036083860973333
20.93 0.035000577954472
20.94 0.028676119647889
20.95 0.001602765451864
20.96 0.012217299538866
20.97 0.001993911117786
20.98 -0.000454437455922
20.99 -0.00643065768528
21.0 -0.011317134209318
21.01 -0.014678424169509
21.02 -0.016059969068427
21.03 -0.01921132491505
21.04 -0.020458601977858
21.05 -0.025785120241642
21.06 -0.032234676344424
21.07 -0.039755784233866
21.08 -0.041305847084711
21.09 -0.039905482359511
21.1 -0.047666681714089
21.11 -0.050452269641974
21.12 -0.049243755594039
21.13 -0.052244572129248
21.14 -0.047385945468718
21.15 -0.046172753291497
21.16 -0.04248039249852
21.17 -0.038211343824455
21.18 -0.035416106851022
21.19 -0.032299402882891
21.2 -0.027969480993547
21.21 -0.023815264643544
21.22 -0.020085117694118
21.23 -0.019710510594157
21.24 -0.015993447655321
21.25 -0.008664445244981
21.26 0.000568008348367
21.27 0.007631936703635
21.28 0.014832093865768
21.29 0.023365827942767
21.3 0.029381857485358
21.31 0.036036870869913
21.32 0.044444672965333
21.33 0.051672430778943
21.34 0.057429821918853
21.35 0.061308213363473
21.36 0.064467235799199
21.37 0.067083568102041
21.38 0.069761581091589
21.39 0.069936154785931
21.4 0.068151814962385
21.41 0.064672158584411
21.42 0.075167872725724
21.43 0.078140751285892
21.44 0.065789225072397
21.45 0.039224913383335
21.46 -0.004182763297697
21.47 0.029087908828448
21.48 0.008062145855451
21.49 0.015703144376641
21.5 0.013655201007945
21.51 0.007719458803705
21.52 0.013209502700867
21.53 0.01060622883265
21.54 0.017846052396795
21.55 0.025162179698561
21.56 0.031547898996758
21.57 0.030481468270268
21.58 0.015056456039106
21.59 0.019138612792761
21.6 0.023400872225003
21.61 0.009130099719953
21.62 0.006664856405192
21.63 0.003447029967903
21.64 -0.005913216919248
21.65 -0.01119057190004
21.66 -0.012504104213893
21.67 -0.009442328061375
21.68 0.00226147270962
21.69 0.015524990506478
21.7 0.015363194854288
21.71 0.011808810587812
21.72 0.006495950510298
21.73 0.005951666349367
21.74 0.014297883848638
21.75 0.030383275420915
21.76 0.035429410663125
21.77 0.023556635129184
21.78 0.02336234657736
21.79 0.02170917087144
21.8 0.009966327990965
21.81 0.002509698598746
21.82 -0.008301931557499
21.83 -0.022215096521712
21.84 -0.032129796153447
21.85 -0.035746667463631
21.86 -0.03268376154576
21.87 -0.019588492014372
21.88 -0.008492681178298
21.89 -0.022177360392408
21.9 -0.011409576110605
21.91 -0.007879752195772
21.92 -0.010720389072567
21.93 -0.013518081122056
21.94 -0.023143479276889
21.95 -0.027068646338917
21.96 -0.031079950671305
21.97 -0.031000010879133
21.98 -0.023199714139066
21.99 -0.01057137064648
22.0 -0.009792450173429
22.01 -0.012059688523148
22.02 -0.013427389629668
22.03 -0.012943133955852
22.04 -0.01949861687729
22.05 -0.02259216520884
22.06 -0.020270612178137
22.07 -0.017919958541827
22.08 -0.01248934852677
22.09 5.781237142e-06
22.1 0.009995091876124
22.11 0.017028539487439
22.12 0.022604824633359
22.13 0.018472873804935
22.14 0.009420918837656
22.15 -0.007276969321448
22.16 -0.014766124544014
22.17 -0.016968170963785
22.18 -0.018913822180468
22.19 -0.024126627608214
22.2 -0.024376736661328
22.21 -0.019470294677052
22.22 -0.016229381181129
22.23 -0.015918565923502
22.24 -0.017730420822291
22.25 -0.02369782833679
22.26 -0.029391088774556
22.27 -0.03260286031357
22.28 -0.033686411622694
22.29 -0.031604056462743
22.3 -0.030290466591178
22.31 -0.03975036013117
22.32 -0.041925620693008
22.33 -0.041362324264454
22.34 -0.046747182759201
22.35 -0.048365039717051
22.36 -0.05035256353181
22.37 -0.04952401523865
22.38 -0.042784905331251
22.39 -0.029507185184737
22.4 -0.02506267325912
22.41 -0.019202141330728
22.42 -0.017139026313619
22.43 -0.017055761201889
22.44 -0.013295182922528
22.45 -0.014465851004772
22.46 -0.020238155807145
22.47 -0.025704100517756
22.48 -0.032402638285288
22.49 -0.038042272272058
22.5 -0.038556042636875
22.51 -0.031094575964974
22.52 -0.030764552599017
22.53 -0.022530735598268
22.54 -0.018033554451563
22.55 -0.010212831820342
22.56 -0.003936883629107
22.57 0.000773807099147
22.58 0.002617154881614
22.59 -0.000302957441867
22.6 -0.001987275345473
22.61 -0.004835145883164
22.62 -0.004065594199134
22.63 8.664443222e-05
22.64 0.00479332512222
22.65 0.003945159633339
22.66 0.008981793361676
22.67 0.009230895715394
22.68 0.013219787670319
22.69 0.013202110269418
22.7 0.016573398169802
22.71 0.018455326792464
22.72 0.023514130759353
22.73 0.025680536118175
22.74 0.028182330212214
22.75 0.033471287437661
22.76 0.038868120542024
22.77 0.040450169191576
22.78 0.040932183569722
22.79 0.038703769228149
22.8 0.037181430161048
22.81 0.034774783235098
22.82 0.025723570823886
22.83 0.020267764074326
22.84 0.008136148650616
22.85 0.007823785834538
22.86 7.9534468928e-05
22.87 0.002615349280507
22.88 0.000997557098909
22.89 0.003131927489274
22.9 0.002454315923694
22.91 0.004505220240808
22.92 0.00751265541629
22.93 0.011844148410822
22.94 0.011263019222773
22.95 0.008194142147931
22.96 0.004112610609804
22.97 0.002741072506074
22.98 -0.002249430109293
22.99 -0.004278287649994
23.0 -0.006154609211814
23.01 -0.004646660457075
23.02 -0.002284666405099
23.03 0.002845417791252
23.04 0.011104279093694
23.05 0.02246035653863
23.06 0.031180630420206
23.07 0.037217835614003
23.08 0.037635666310945
23.09 0.036378715035956
23.1 0.036621809489501
23.11 0.0363161692552
23.12 0.038256630305462
23.13 0.03847028521879
23.14 0.039283645303198
23.15 0.038620039638068
23.16 0.040410373603207
23.17 0.044472701167548
23.18 0.047704374235628
23.19 0.049450030101
23.2 0.052521871650029
23.21 0.052279263558238
23.22 0.050834448669033
23.23 0.040976863446942
23.24 0.024042166586161
23.25 0.011591439837148
23.26 0.013106535494072
23.27 0.008078722277407
23.28 0.002913899003804
23.29 0.004968870763093
23.3 0.003102194455303
23.31 0.004653096210632
23.32 0.006500054721716
23.33 0.003543646806537
23.34 -0.002818901272933
23.35 -0.013568748946415
23.36 -0.024658341923503
23.37 -0.030099377872693
23.38 -0.029420070772966
23.39 -0.028328615277982
23.4 -0.030578004535003
23.41 -0.029918798776932
23.42 -0.024894392602724
23.43 -0.019879907571991
23.44 -0.01867928327244
23.45 -0.018212008284145
23.46 -0.021003894206957
23.47 -0.024113252619442
23.48 -0.028772921399177
23.49 -0.032228967094074
23.5 -0.036303812478153
23.51 -0.03800323911176
23.52 -0.034934823168124
23.53 -0.026935538115101
23.54 -0.015038270877268
23.55 -0.002703208620583
23.56 -0.006283133288123
23.57 -0.00192423286821
23.58 -0.000874044977288
23.59 -0.001456324882149
23.6 0.00111897045565
23.61 0.000533907657995
23.62 0.001124970959897
23.63 0.001692944246635
23.64 0.004045493348611
23.65 0.008265739120946
23.66 0.013934724986663
23.67 0.016211494960925
23.68 0.01436619643004
23.69 0.013297112650103
23.7 0.010876386212041
23.71 0.006386797330001
23.72 0.012064386193536
23.73 0.016043885275895
23.74 0.020352490552092
23.75 0.023868915015559
23.76 0.025087905902652
23.77 0.02533609910234
23.78 0.023220010084282
23.79 0.017310375848736
23.8 0.010359428457667
23.81 -0.002841847436534
23.82 -0.013553908861495
23.83 -0.01820125845396
23.84 -0.017389763369939
23.85 -0.014003847941977
23.86 -0.009579543286824
23.87 -0.0054413229381
23.88 -0.00207067409998
23.89 0.000125838271795
23.9 -0.00011734687673
23.91 -0.002042187527868
23.92 -0.005905953842556
23.93 -0.014384558923836
23.94 -0.021081546844016
23.95 -0.027451876787384
23.96 -0.030960261864068
23.97 -0.032022560060986
23.98 -0.031189784307046
23.99 -0.027670073776499
24.0 -0.026394625090914
24.01 -0.021630378280946
24.02 -0.021332021707637
24.03 -0.017503464342812
24.04 -0.019384033595553
24.05 -0.019113462825065
24.06 -0.019945208796959
24.07 -0.016838364430795
24.08 -0.013776449707651
24.09 -0.00893534100595
24.1 -0.003673407216676
24.11 -0.00247668007521
24.12 -0.002878558422582
24.13 -0.004032387266089
24.14 -0.002708241210132
24.15 -0.004506768027269
24.16 -0.006887857333319
24.17 -0.008444100071438
24.18 -0.008124251609287
24.19 -0.006604822616976
24.2 -0.004931193635181
24.21 -0.001299020810011
24.22 0.004325565036843
24.23 0.008503140842622
24.24 0.011097741008386
24.25 0.010727545783137
24.26 0.007721141297593
24.27 0.002647745084401
24.28 -0.004679201073424
24.29 -0.010801042801758
24.3 -0.014731784040974
24.31 -0.015910971035041
24.32 -0.014387315636913
24.33 -0.013081959356133
24.34 -0.012864505387515
24.35 -0.015852583148312
24.36 -0.018752354963754
24.37 -0.021117261975472
24.38 -0.023820837257844
24.39 -0.024237887448128
24.4 -0.024205278608792
24.41 -0.023113924161024
24.42 -0.020492550890524
24.43 -0.014414132846643
24.44 -0.001127864288501
24.45 0.001211980544763
24.46 0.003487730897297
24.47 0.00171591551959
24.48 -0.000252403188151
24.49 -0.003315792189975
24.5 -0.007311702354336
24.51 -0.009170969320686
24.52 -0.010544211251997
24.53 -0.009086636407254
24.54 -0.004138031726794
24.55 0.005284672416455
24.56 0.016547832063368
24.57 0.01881803462724
24.58 0.022686078954632
24.59 0.024430527175208
24.6 0.023888012136439
24.61 0.023315788120012
24.62 0.021557311791334
24.63 0.022033015425296
24.64 0.02082260186595
24.65 0.025867061170568
24.66 0.030245032875074
24.67 0.030442051153354
24.68 0.033808275800979
24.69 0.035167743417775
24.7 0.033060860838845
24.71 0.026209875497604
24.72 -0.004163453357627
24.73 -0.012203057438346
24.74 -0.013409844077652
24.75 -0.018189664752595
24.76 -0.016227811619402
24.77 -0.015637159217475
24.78 -0.010567201549481
24.79 -0.00935101958596
24.8 -0.005591823497328
24.81 -0.001234544587245
24.82 0.002160452604776
24.83 -0.00179029754716
24.84 -0.01024996635323
24.85 -0.014818940936173
24.86 -0.011919862952801
24.87 -0.015527052308764
24.88 -0.016004791956451
24.89 -0.01502181381409
24.9 -0.014575297692532
24.91 -0.011510783204372
24.92 -0.010746662029542
24.93 -0.003446118088188
24.94 0.001548699616731
 
 
 
 
 
 
 
 
 
 
 
 
 
 
 
 
 
 
 
 
 
 
 
 
 
 
 
 
 
 
 
 
 
 
 
 
 
 
 
 
 
 
 
 
 
 
 
 
 
 
 
 
 
 
 
 
 
 
 
 
 
 
 
 
 
 
 
 
 
 
 
 
 
 
 
 
 
 
 
 
 
 
 
 
 
 
 
 
 
 
 
 
 
 
 
 
 
 
 
 
 
 
 
 
 
 
 
 
 
 
 
 
 
 
 
 
 
 
 
 
 
 
 
 
 
 
 
 
 
 
 
 
 
 
 
 
 
 
 
 
 
 
 
 
 
 
 
 
 
 
 
 
 
 
 
 
 
 
 
 
 
 
 
 
 
 
 
 
 
 
 
 
 
 
 
 
 
 
 
 
 
 
 
 
 
 
 
 
 
 
 
 
 
 
 
 
 
 
 
 
 
 
 
 
 
 
 
 
 
 
 
 
 
 
 
 
 
 
 
 
 
 
 
 
 
 
 
 
 
 
 
 
 
 
 
 
 
 
 
 
 
 
 
 
 
 
 
 
 
 
 
 
 
 
 
 
 
 
 
 
 
 
 
 
 
 
 
 
 
 
 
 
 
 
 
 
 
 
 
 
 
 
 
 
 
 
 
 
 
 
 
 
 
 
 
 
 
 
 
 
 
 
 
 
 
 
 
 
 
 
 
 
 
 
 
 
 
 
 
 
 
 
 
 
 
 
 
 
 
 
 
 
 
 
 
 
 
 
 
 
 
 
 
 
 
 
 
 
 
 
 
 
 
 
 
 
 
 
 
 
 
 
 
 
 
 
 
 
 
 
 
 
 
 
 
 
 
 
 
 
 
 
 
 
 
 
 
 
 
 
 
 
 
 
 
 
 
 
 
 
 
 
 
 
 
 
 
 
 
 
 
 
 
 
 
 
 
 
 
 
 
 
 
 
 
 
 
 
 
 
 
 
 
 
 
 
 
 
 
 
 
 
 
 
 
 
 
 
 
 
 
 
 
 
 
 
 
 
 
 
 
 
 
 
 
 
 
 
 
 
 
 
 
 
 
 
 
 
 
 
 
 
 
 
 
 
 
 
 
 
 
 
 
 
 
 
 
 
 
 
 
 
 
 
 
 
 
 
 
 
 
 
 
 
 
 
 
 
 
 
 
 
 
 
 
 
 
 
 
 
 
 
 
 
 
 
 
 
 
 
 
 
 
 
 
 
 
 
 
 
 
 
 
 
 
 
 
 
 
 
 
 
 
 
 
 
 
 
 
 
 
 
 
 
 
 
 
 
 
 
 
 
 
 
 
 
 
 
 
 
 
 
 
 
 
 
 
 
 
 
 
 
 
 
 
 
 
 
 
 
 
 
 
 
 
 
 
 
 
 
 
 
 
 
 
 
 
 
 
 
 
 
 
 
 
 
 
 
 
 
 
 
 
 
 
 
 
 
 
 
 
 
 
 
 
 
 
 
 
 
 
 
 
 
 
 
 
 
 
 
 
 
 
 
 
 
 
 
 
 
 
 
 
 
 
 
 
 
 
 
 
 
 
 
 
 
 
 
 
 
 
 
 
 
 
 
 
 
 
 
 
 
 
 
 
 
 
 
 
 
 
 
 
 
 
 
 
 
 
 
 
 
 
 
 
 
 
 
 
 
 
 
 
 
 
 
 
 
 
 
 
 
 
 
 
 
 
 
 
 
 
 
 
 
 
 
 
 
 
 
 
 
 
 
 
 
 
 
 
 
 
 
 
 
 
 
 
 
 
 
 
 
 
 
 
 
 
 
 
 
 
 
 
 
 
 
 
 
 
 
 
 
 
 
 
 
 
 
 
 
 
 
 
 
 
 
 
 
 
 
 
 
 
 
 
 
 
 
 
 
 
 
 
 
 
 
 
 
 
 
 
 
 
 
 
 
 
 
 
 
 
 
 
 
 
 
 
 
 
 
 
 
 
 
 
 
 
 
 
 
 
 
 
 
 
 
 
 
 
 
 
 
 
 
 
 
 
 
 
 
 
 
 
 
 
 
 
 
 
 
 
 
 
 
 
 
 
 
 
 
 
 
 
 
 
 
 
 
 
 
 
 
 
 
 
 
 
 
 
 
 
 
 
 
 
 
 
 
 
 
 
 
 
 
 
 
 
 
 
 
 
 
 
 
 
 
 
 
 
 
 
 
 
 
 
 
 
 
 
 
 
 
 
 
 
 
 
 
 
 
 
 
 
 
 
 
 
 
 
 
 
 
 
 
 
 
 
 
 
 
 
 
 
 
 
 
 
 
 
 
 
 
 
 
 
 
 
 
 
 
 
 
 
 
 
 
 
 
 
 
 
 
 
 
 
 
 
 
 
 
 
 
 
 
 
 
 
 
 
 
 
 
 
 
 
 
 
 
 
 
 
 
 
 
 
 
 
 
 
 
 
 
 
 
 
 
 
 
 
 
 
 
 
 
 
 
 
 
 
 
 
 
 
 
 
 
 
 
 
 
 
 
 
 
 
 
 
 
 
 
 
 
 
 
 
 
 
 
 
 
 
 
 
 
 
 
 
 
 
 
 
 
 
 
 
 
 
 
 
 
 
 
 
 
 
 
 
 
 
 
 
 
 
 
 
 
 
 
 
 
 
 
 
 
 
 
 
 
 
 
 
 
 
 
 
 
 
 
 
 
 
 
 
 
 
 
 
 
 
 
 
 
 
 
 
 
 
 
 
 
 
 
 
 
 
 
 
 
 
 
 
 
 
 
 
 
 
 
 
 
 
 
 
 
 
 
 
 
 
 
 
 
 
 
 
 
 
 
 
 
 
 
 
 
 
 
 
 
 
 
 
 
 
 
 
 
 
 
 
 
 
 
 
 
 
 
 
 
 
 
 
 
 
 
 
 
 
 
 
 
 
 
 
 
 
 
 
 
 
 
 
 
 
 
 
 
 
 
 
 
 
 
 
 
 
 
 
 
 
 
 
 
 
 
 
 
 
 
 
 
 
 
 
 
 
 
 
 
 
 
 
 
 
 
 
 
 
 
 
 
 
 
 
 
 
 
 
 
 
 
 
 
 
 
 
 
 
 
 
 
 
 
 
 
 
 
 
 
 
 
 
 
 
 
 
 
 
 
 
 
 
 
 
 
 
 
 
 
 
 
 
 
 
 
 
 
 
 
 
 
 
 
 
 
 
 
 
 
 
 
 
 
 
 
 
 
 
 
 
 
 
 
 
 
 
 
 
 
 
 
 
 
 
 
 
 
 
 
 
 
 
 
 
 
 
 
 
 
 
 
 
 
 
 
 
 
 
 
 
 
 
 
 
 
 
 
 
 
 
 
 
 
 
 
 
 
 
 
 
 
 
 
 
 
 
 
 
 
 
 
 
 
 
 
 
 
 
 
 
 
 
 
 
 
 
 
 
 
 
 
 
 
 
 
 
 
 
 
 
 
 
 
 
 
 
 
 
 
 
 
 
 
 
 
 
 
 
 
 
 
 
 
 
 
 
 
 
 
 
 
 
 
 
 
 
 
 
 
 
 
 
 
 
 
 
 
 
 
 
 
 
 
 
 
 
 
 
 
 
 
 
 
 
 
 
 
 
 
 
 
 
 
 
 
 
 
 
 
 
 
 
 
 
 
 
 
 
 
 
 
 
 
 
 
 
 
 
 
 
 
 
 
 
 
 
 
 
 
 
 
 
 
 
 
 
 
 
 
 
 
 
 
 
 
 
 
 
 
 
 
 
 
 
 
 
 
 
 
 
 
 
 
 
 
 
 
 
 
 
 
 
 
 
 
 
 
 
 
 
 
 
 
 
 
 
 
 
 
 
 
 
 
 
 
 
 
 
 
 
 
 
 
 
 
 
 
 
 
 
 
 
 
 
 
 
 
 
 
 
 
 
 
 
 
 
 
 
 
 
 
 
 
 
 
 
 
 
 
 
 
 
 
 
 
 
 
 
 
 
 
 
 
 
 
 
 
 
 
 
 
 
 
 
 
 
 
 
 
 
 
 
 
 
 
 
 
 
 
 
 
 
 
 
 
 
 
 
 
 
 
 
 
 
 
 
 
 
 
 
 
 
 
 
 
 
 
 
 
 
 
 
 
 
 
 
 
 
 
 
 
 
 
 
 
 
 
 
 
 
 
 
 
 
 
 
 
 
 
 
 
 
 
 
 
 
 
 
 
 
 
 
 
 
 
 
 
 
 
 
 
 
 
 
 
 
 
 
 
 
 
 
 
 
 
 
 
 
 
 
 
 
 
 
 
 
 
 
 
 
 
 
 
 
 
 
 
 
 
 
 
 
 
 
 
 
 
 
 
 
 
 
 
 
 
 
 
 
 
 
 
 
 
 
 
 
 
 
 
 
 
 
 
 
 
 
 
 
 
 
 
 
 
 
 
 
 
 
 
 
 
 
 
 
 
 
 
 
 
 
 
 
 
 
 
 
 
 
 
 
 
 
 
 
 
 
 
 
 
 
 
 
 
 
 
 
 
 
 
 
 
 
 
 
 
 
 
 
 
 
 
 
 
 
 
 
 
 
 
 
 
 
 
 
 
 
 
 
 
 
 
 
 
 
 
 
 
 
 
 
 
 
 
 
 
 
 
 
 
 
 
 
 
 
 
 
 
 
 
 
 
 
 
 
 
 
 
 
 
 
 
 
 
 
 
 
 
 
 
 
 
 
 
 
 
 
 
 
 
 
 
 
 
 
 
 
 
 
 
 
 
 
 
 
 
 
 
 
 
 
 
 
 
 
 
 
 
 
 
 
 
 
 
 
 
 
 
 
 
 
 
 
 
 
 
 
 
 
 
 
 
 
 
 
 
 
 
 
 
 
 
 
 
 
 
 
 
 
 
 
 
 
 
 
 
 
 
 
 
 
 
 
 
 
 
 
 
 
 
 
 
 
 
 
 
 
 
 
 
 
 
 
 
 
 
 
 
 
 
 
 
 
 
 
 
 
 
 
 
 
 
 
 
 
 
 
 
 
 
 
 
 
 
 
 
 
 
 
 
 
 
 
 
 
 
 
 
 
 
 
 
 
 
 
 
 
 
 
 
 
 
 
 
 
 
 
 
 
 
 
 
 
 
 
 
 
 
 
 
 
 
 
 
 
 
 
 
 
 
 
 
 
 
 
 
 
 
 
 
 
 
 
 
 
 
 
 
 
 
 
 
 
 
 
 
 
 
 
 
 
 
 
 
 
 
 
 
 
 
 
 
 
 
 
 
 
 
 
 
 
 
 
 
 
 
 
 
 
 
 
 
 
 
 
 
 
 
 
 
 
 
 
 
 
 
 
 
 
 
 
 
 
 
 
 
 
 
 
 
 
 
 
 
 
 
 
 
 
 
 
 
 
 
 
 
 
 
 
 
 
 
 
 
 
 
 
 
 
 
 
 
 
 
 
 
 
 
 
 
 
 
 
 
 
 
 
 
 
 
 
 
 
 
 
 
 
 
 
 
 
 
 
 
 
 
 
 
 
 
 
 
 
 
 
 
 
 
 
 
 
 
 
 
 
 
 
 
 
 
 
 
 
 
 
 
 
 
 
 
 
 
 
 
 
 
 
 
 
 
 
 
 
 
 
 
 
 
 
 
 
 
 
 
 
 
 
 
 
 
 
 
 
 
 
 
 
 
 
 
 
 
 
 
 
 
 
 
 
 
 
 
 
 
 
 
 
 
 
 
 
 
 
 
 
 
 
 
 
 
 
 
 
 
 
 
 
 
 
 
 
 
 
 
 
 
 
 
 
 
 
 
 
 
 
 
 
 
 
 
 
 
 
 
 
 
 
 
 
 
 
 
 
 
 
 
 
 
 
 
 
 
 
 
 
 
 
 
 
 
 
 
 
 
 
 
 
 
 
 
 
 
 
 
 
 
 
 
 
 
 
 
 
 
 
 
 
 
 
 
 
 
 
 
 
 
 
 
 
 
 
 
 
 
 
 
 
 
 
 
 
 
 
 
 
 
 
 
 
 
 
 
 
 
 
 
 
 
 
 
 
 
 
 
 
 
 
 
 
 
 
 
 
 
 
 
 
 
 
 
 
 
 
 
 
 
 
 
 
 
 
 
 
 
 
 
 
 
 
 
 
 
 
 
 
 
 
 
 
 
 
 
 
 
 
 
 
 
 
 
 
 
 
 
 
 
 
 
 
 
 
 
 
 
 
 
 
 
 
 
 
 
 
 
 
 
 
 
 
 
 
 
 
 
 
 
 
 
 
 
 
 
 
 
 
 
 
 
 
 
 
 
 
 
 
 
 
 
 
 
 
 
 
 
 
 
 
 
 
 
 
 
 
 
 
 
 
 
 
 
 
 
 
 
 
 
 
 
 
 
 
 
 
 
 
 
 
 
 
 
 
 
 
 
 
 
 
 
 
 
 
 
 
 
 
 
 
 
 
 
 
 
 
 
 
 
 
 
 
 
 
 
 
 
 
 
 
 
 
 
 
 
 
 
 
 
 
 
 
 
 
 
 
 
 
 
 
 
 
 
 
 
 
 
 
 
 
 
 
 
 
 
 
 
 
 
 
 
 
 
 
 
 
 
 
 
 
 
 
 
 
 
 
 
 
 
 
 
 
 
 
 
 
 
 
 
 
 
 
 
 
 
 
 
 
 
 
 
 
 
 
 
 
 
 
 
 
 
 
 
 
 
 
 
 
 
 
 
 
 
 
 
 
 
 
 
 
 
 
 
 
 
 
 
 
 
 
 
 
 
 
 
 
 
 
 
 
 
 
 
 
 
 
 
 
 
 
 
 
 
 
 
 
 
 
 
 
 
 
 
 
 
 
 
 
 
 
 
 
 
 
 
 
 
 
 
 
 
 
 
 
 
 
 
 
 
 
 
 
 
 
 
 
 
 
 
 
 
 
 
 
 
 
 
 
 
 
 
 
 
 
 
 
 
 
 
 
 
 
 
 
 
 
 
 
 
 
 
 
 
 
 
 
 
 
 
 
 
 
 
 
 
 
 
 
 
 
 
 
 
 
 
 
 
 
 
 
 
 
 
 
 
 
 
 
 
 
 
 
 
 
 
 
 
 
 
 
 
 
 
 
 
 
 
 
 
 
 
 
 
 
 
 
 
 
 
 
 
 
 
 
 
 
 
 
 
 
 
 
 
 
 
 
 
 
 
 
 
 
 
 
 
 
 
 
 
 
 
 
 
 
 
 
 
 
 
 
 
 
 
 
 
 
 
 
 
 
 
 
 
 
 
 
 
 
 
 
 
 
 
 
 
 
 
 
 
 
 
 
 
 
 
 
 
 
 
 
 
 
 
 
 
 
 
 
 
 
 
 
 
 
 
 
 
 
 
 
 
 
 
 
 
 
 
 
 
 
 
 
 
 
 
 
 
 
 
 
 
 
 
 
 
 
 
 
 
 
 
 
 
 
 
 
 
 
 
 
 
 
 
 
 
 
 
 
 
 
 
 
 
 
 
 
 
 
 
 
 
 
 
 
 
 
 
 
 
 
 
 
 
 
 
 
 
 
 
 
 
 
 
 
 
 
 
 
 
 
 
 
 
 
 
 
 
 
 
 
 
 
 
 
 
 
 
 
 
 
 
 
 
 
 
 
 
 
 
 
 
 
 
 
 
 
 
 
 
 
 
 
 
 
 
 
 
 
 
 
 
 
 
 
 
 
 
 
 
 
 
 
 
 
 
 
 
 
 
 
 
 
 
 
 
 
 
 
 
 
 
 
 
 
 
 
 
 
 
 
 
 
 
 
 
 
 
 
 
 
 
 
 
 
 
 
 
 
 
 
 
 
 
 
 
 
 
 
 
 
 
 
 
 
 
 
 
 
 
 
 
 
 
 
 
 
 
 
 
 
 
 
 
 
 
 
 
 
 
 
 
 
 
 
 
 
 
 
 
 
 
 
 
 
 
 
 
 
 
 
 
 
 
 
 
 
 
 
 
 
 
 
 
 
 
 
 
 
 
 
 
 
 
 
 
 
 
 
 
 
 
 
 
 
 
 
 
 
 
 
 
 
 
 
 
 
 
 
 
 
 
 
 
 
 
 
 
 
 
 
 
 
 
 
 
 
 
 
 
 
 
 
 
 
 
 
 
 
 
 
 
 
 
 
 
 
 
 
 
 
 
 
 
 
 
 
 
 
 
 
 
 
 
 
 
 
 
 
 
 
 
 
 
 
 
 
 
 
 
 
 
 
 
 
 
 
 
 
 
 
 
 
 
 
 
 
 
 
 
 
 
 
 
 
 
 
 
 
 
 
 
 
 
 
 
 
 
 
 
 
 
 
 
 
 
 
 
 
 
 
 
 
 
 
 
 
 
 
 
 
 
 
 
 
 
 
 
 
 
 
 
 
 
 
 
 
 
 
 
 
 
 
 
 
 
 
 
 
 
 
 
 
 
 
 
 
 
 
 
 
 
 
 
 
 
 
 
 
 
 
 
 
 
 
 
 
 
 
 
 
 
 
 
 
 
 
 
 
 
 
 
 
 
 
 
 
 
 
 
 
 
 
 
 
 
 
 
 
 
 
 
 
 
 
 
 
 
 
 
 
 
 
 
 
 
 
 
 
 
 
 
 
 
 
 
 
 
 
 
 
 
 
 
 
 
 
 
 
 
 
 
 
 
 
 
 
 
 
 
 
 
 
 
 
 
 
 
 
 
 
 
 
 
 
 
 
 
 
 
 
 
 
 
 
 
 
 
 
 
 
 
 
 
 
 
 
 
 
 
 
 
 
 
 
 
 
 
 
 
 
 
 
 
 
 
 
 
 
 
 
 
 
 
 
 
 
 
 
 
 
 
 
 
 
 
 
 
 
 
 
 
 
 
 
 
 
 
 
 
 
 
 
 
 
 
 
 
 
 
 
 
 
 
 
 
 
 
 
 
 
 
 
 
 
 
 
 
 
 
 
 
 
 
 
 
 
 
 
 
 
 
 
 
 
 
 
 
 
 
 
 
 
 
 
 
 
 
 
 
 
 
 
 
 
 
 
 
 
 
 
 
 
 
 
 
 
 
 
 
 
 
 
 
 
 
 
 
 
 
 
 
 
 
 
 
 
 
 
 
 
 
 
 
 
 
 
 
 
 
 
 
 
 
 
 
 
 
 
 
 
 
 
 
 
 
 
 
 
 
 
 
 
 
 
 
 
 
 
 
 
 
 
 
 
 
 
 
 
 
 
 
 
 
 
 
 
 
 
 
 
 
 
 
 
 
 
 
 
 
 
 
 
 
 
 
 
 
 
 
 
 
 
 
 
 
 
 
 
 
 
 
 
 
 
 
 
 
 
 
 
 
 
 
 
 
 
 
 
 
 
 
 
 
 
 
 
 
 
 
 
 
 
 
 
 
 
 
 
 
 
 
 
 
 
 
 
 
 
 
 
 
 
 
 
 
 
 
 
 
 
 
 
 
 
 
 
 
 
 
 
 
 
 
 
 
 
 
 
 
 
 
 
 
 
 
 
 
 
 
 
 
 
 
 
 
 
 
 
 
 
 
 
 
 
 
 
 
 
 
 
 
 
 
 
 
 
 
 
 
 
 
 
 
 
 
 
 
 
 
 
 
 
 
 
 
 
 
 
 
 
 
 
 
 
 
 
 
 
 
 
 
 
 
 
 
 
 
 
 
 
 
 
 
 
 
 
 
 
 
 
 
 
 
 
 
 
 
 
 
 
 
 
 
 
 
 
 
 
 
 
 
 
 
 
 
 
 
 
 
 
 
 
 
 
 
 
 
 
 
 
 
 
 
 
 
 
 
 
 
 
 
 
 
 
 
 
 
 
 
 
 
 
 
 
 
 
 
 
 
 
 
 
 
 
 
 
 
 
 
 
 
 
 
 
 
 
 
 
 
 
 
 
 
 
 
 
 
 
 
 
 
 
 
 
 
 
 
 
 
 
 
 
 
 
 
 
 
 
 
 
 
 
 
 
 
 
 
 
 
 
 
 
 
 
 
 
 
 
 
 
 
 
 
 
 
 
 
 
 
 
 
 
 
 
 
 
 
 
 
 
 
 
 
 
 
 
 
 
 
 
 
 
 
 
 
 
 
 
 
 
 
 
 
 
 
 
 
 
 
 
 
 
 
 
 
 
 
 
 
 
 
 
 
 
 
 
 
 
 
 
 
 
 
 
 
 
 
 
 
 
 
 
 
 
 
 
 
 
 
 
 
 
 
 
 
 
 
 
 
 
 
 
 
 
 
 
 
 
 
 
 
 
 
 
 
 
 
 
 
 
 
 
 
 
 
 
 
 
 
 
 
 
 
 
 
 
 
 
 
 
 
 
 
 
 
 
 
 
 
 
 
 
 
 
 
 
 
 
 
 
 
 
 
 
 
 
 
 
 
 
 
 
 
 
 
 
 
 
 
 
 
 
 
 
 
 
 
 
 
 
 
 
 
 
 
 
 
 
 
 
 
 
 
 
 
 
 
 
 
 
 
 
 
 
 
 
 
 
 
 
 
 
 
 
 
 
 
 
 
 
 
 
 
 
 
 
 
 
 
 
 
 
 
 
 
 
 
 
 
 
 
 
 
 
 
 
 
 
 
 
 
 
 
 
 
 
 
 
 
 
 
 
 
 
 
 
 
 
 
 
 
 
 
 
 
 
 
 
 
 
 
 
 
 
 
 
 
 
 
 
 
 
 
 
 
 
 
 
 
 
 
 
 
 
 
 
 
 
 
 
 
 
 
 
 
 
 
 
 
 
 
 
 
 
 
 
 
 
 
 
 
 
 
 
 
 
 
 
 
 
 
 
 
 
 
 
 
 
 
 
 
 
 
 
 
 
 
 
 
 
 
 
 
 
 
 
 
 
 
 
 
 
 
 
 
 
 
 
 
 
 
 
 
 
 
 
 
 
 
 
 
 
 
 
 
 
 
 
 
 
 
 
 
 
 
 
 
 
 
 
 
 
 
 
 
 
 
 
 
 
 
 
 
 
 
 
 
 
 
 
 
 
 
 
 
 
 
 
 
 
 
 
 
 
 
 
 
 
 
 
 
 
 
 
 
 
 
 
 
 
 
 
 
 
 
 
 
 
 
 
 
 
 
 
 
 
 
 
 
 
 
 
 
 
 
 
 
 
 
 
 
 
 
 
 
 
 
 
 
 
 
 
 
 
 
 
 
 
 
 
 
 
 
 
 
 
 
 
 
 
 
 
 
 
 
 
 
 
 
 
 
 
 
 
 
 
 
 
 
 
 
 
 
 
 
 
 
 
 
 
 
 
 
 
 
 
 
 
 
 
 
 
 
 
 
 
 
 
 
 
 
 
 
 
 
 
 
 
 
 
 
 
 
 
 
 
 
 
 
 
 
 
 
 
 
 
 
 
 
 
 
 
 
 
 
 
 
 
 
 
 
 
 
 
 
 
 
 
 
 
 
 
 
 
 
 
 
 
 
 
 
 
 
 
 
 
 
 
 
 
 
 
 
 
 
 
 
 
 
 
 
 
 
 
 
 
 
 
 
 
 
 
 
 
 
 
 
 
 
 
 
 
 
 
 
 
 
 
 
 
 
 
 
 
 
 
 
 
 
 
 
 
 
 
 
 
 
 
 
 
 
 
 
 
 
 
 
 
 
 
 
 
 
 
 
 
 
 
 
 
 
 
 
 
 
 
 
 
 
 
 
 
 
 
 
 
 
 
 
 
 
 
 
 
 
 
 
 
 
 
 
 
 
 
 
 
 
 
 
 
 
 
 
 
 
 
 
 
 
 
 
 
 
 
 
 
 
 
 
 
 
 
 
 
 
 
 
 
 
 
 
 
 
 
 
 
 
 
 
 
 
 
 
 
 
 
 
 
 
 
 
 
 
 
 
 
 
 
 
 
 
 
 
 
 
 
 
 
 
 
 
 
 
 
 
 
 
 
 
 
 
 
 
 
 
 
 
 
 
 
 
 
 
 
 
 
 
 
 
 
 
 
 
 
 
 
 
 
 
 
 
 
 
 
 
 
 
 
 
 
 
 
 
 
 
 
 
 
 
 
 
 
 
 
 
 
 
 
 
 
 
 
 
 
 
 
 
 
 
 
 
 
 
 
 
 
 
 
 
 
 
 
 
 
 
 
 
 
 
 
 
 
 
 
 
 
 
 
 
 
 
 
 
 
 
 
 
 
 
 
 
 
 
 
 
 
 
 
 
 
 
 
 
 
 
 
 
 
 
 
 
 
 
 
 
 
 
 
 
 
 
 
 
 
 
 
 
 
 
 
 
 
 
 
 
 
 
 
 
 
 
 
 
 
 
 
 
 
 
 
 
 
 
 
 
 
 
 
 
 
 
 
 
 
 
 
 
 
 
 
 
 
 
 
 
 
 
 
 
 
 
 
 
 
 
 
 
 
 
 
 
 
 
 
 
 
 
 
 
 
 
 
 
 
 
 
 
 
 
 
 
 
 
 
 
 
 
 
 
 
 
 
 
 
 
 
 
 
 
 
 
 
 
 
 
 
 
 
 
 
 
 
 
 
 
 
 
 
 
 
 
 
 
 
 
 
 
 
 
 
 
 
 
 
 
 
 
 
 
 
 
 
 
 
 
 
 
 
 
 
 
 
 
 
 
 
 
 
 
 
 
 
 
 
 
 
 
 
 
 
 
 
 
 
 
 
 
 
 
 
 
 
 
 
 
 
 
 
 
 
 
 
 
 
 
 
 
 
 
 
 
 
 
 
 
 
 
 
 
 
 
 
 
 
 
 
 
 
 
 
 
 
 
 
 
 
 
 
 
 
 
 
 
 
 
 
 
 
 
 
 
 
 
 
 
 
 
 
 
 
 
 
 
 
 
 
 
 
 
 
 
 
 
 
 
 
 
 
 
 
 
 
