0.0 0.0
0.01 2.33697818e-07
0.02 2.34700758e-07
0.03 2.35774552e-07
0.04 2.3607124e-07
0.05 2.34568838e-07
0.06 2.32225847e-07
0.07 2.33060561e-07
0.08 2.28086001e-07
0.09 2.12433698e-07
0.1 2.11836553e-07
0.11 2.46597075e-07
0.12 3.30866859e-07
0.13 4.18422787e-07
0.14 3.01742912e-07
0.15 -1.81865416e-07
0.16 -1.015910455e-06
0.17 -2.03041426e-06
0.18 -3.238257263e-06
0.19 -5.252013345e-06
0.2 -8.248006258e-06
0.21 -1.0517734559e-05
0.22 -1.0621117716e-05
0.23 -1.0201909797e-05
0.24 -1.1190960356e-05
0.25 -1.2010346371e-05
0.26 -9.428649509e-06
0.27 -2.618241134e-06
0.28 5.642027263e-06
0.29 1.1664022121e-05
0.3 1.4007189713e-05
0.31 9.875800813e-06
0.32 -8.45556668e-07
0.33 -8.584637845e-06
0.34 -1.2161141019e-05
0.35 -2.0259595899e-05
0.36 -2.2341567871e-05
0.37 -6.964417339e-06
0.38 5.708527119e-06
0.39 -3.340421532e-06
0.4 -1.97742302e-05
0.41 -2.5333915013e-05
0.42 -2.4491824208e-05
0.43 -3.2061021317e-05
0.44 -5.4548955391e-05
0.45 -8.9134742354e-05
0.46 -0.000123675398973
0.47 -0.000137384384848
0.48 -0.000111220554579
0.49 -6.1381651541e-05
0.5 -3.4084091468e-05
0.51 -8.625379669e-06
0.52 7.0541335213e-05
0.53 0.000147877802148
0.54 0.00014251599033
0.55 8.7490735977e-05
0.56 1.442624751e-05
0.57 -7.6273274287e-05
0.58 -0.000120666770564
0.59 -0.00012836927572
0.6 -0.000185447295989
0.61 -0.000234175993239
0.62 -0.000183030980454
0.63 -8.9872958946e-05
0.64 -5.4830522909e-05
0.65 -9.0987043041e-05
0.66 -0.00010426811004
0.67 -2.7741364884e-05
0.68 5.5364139925e-05
0.69 7.7281179712e-05
0.7 7.7681978145e-05
0.71 5.5737968326e-05
0.72 -1.260578231e-06
0.73 -1.982250331e-05
0.74 -7.209439426e-06
0.75 -0.000121991664006
0.76 -0.000244670264156
0.77 -0.000113738138379
0.78 9.182267363e-06
0.79 -0.000156665373482
0.8 -0.000222708954613
0.81 1.313519755e-06
0.82 3.0611143301e-05
0.83 -0.000225181965242
0.84 -0.000344213293158
0.85 -0.000316354075911
0.86 -0.000404373162063
0.87 -0.000535568669148
0.88 -0.000470254876029
0.89 -0.000284733503531
0.9 -0.000159456491389
0.91 5.3543485166e-05
0.92 0.000318991546227
0.93 0.000247381937439
0.94 7.736888641e-06
0.95 0.000115259089066
0.96 0.000224719459023
0.97 -1.6626527645e-05
0.98 -8.788430857e-06
0.99 0.000295584381505
1.0 0.000181108913927
1.01 -0.000158422268264
1.02 -0.000186931792915
1.03 -0.000231268927025
1.04 -0.000479893024413
1.05 -0.000621454637796
1.06 -0.000523788309166
1.07 -0.000264764674425
1.08 1.9758886086e-05
1.09 0.000335374544905
1.1 0.000706272857353
1.11 0.000766024404217
1.12 0.000455209827901
1.13 0.000339325256791
1.14 0.000427980071082
1.15 0.000116230029743
1.16 -0.00047931102685
1.17 -0.00060793727226
1.18 -0.000166297854425
1.19 0.00013448425518
1.2 -6.7378280344e-05
1.21 -8.6436606456e-05
1.22 0.000407055403278
1.23 0.00059165981623
1.24 0.00023287679889
1.25 0.00022662205611
1.26 0.00053194508874
1.27 0.00041488658729
1.28 0.000178124184698
1.29 0.000285847018485
1.3 0.000320649452385
1.31 -0.00012337587218
1.32 -0.000888202238441
1.33 -0.001323539361646
1.34 -0.001437297181723
1.35 -0.002145678524105
1.36 -0.002925463073852
1.37 -0.002438981392338
1.38 -0.001341049186909
1.39 -0.000940761315567
1.4 -0.000589416259158
1.41 0.000348310210702
1.42 0.001098096357581
1.43 0.001005862682412
1.44 0.000551676511605
1.45 0.000435509860538
1.46 0.000289079518869
1.47 -0.000385770363453
1.48 -0.000770112788776
1.49 -0.000566893892622
1.5 -0.000811428122362
1.51 -0.001215396893921
1.52 -0.000807795856857
1.53 -0.000182733888057
1.54 -0.000130616873238
1.55 -0.000103640219018
1.56 0.000662707872564
1.57 0.001966972095767
1.58 0.00278711365387
1.59 0.003099996044191
1.6 0.003581258887644
1.61 0.003633507603636
1.62 0.002542060879031
1.63 0.001348651599533
1.64 0.000730718456017
1.65 -0.000470741711533
1.66 -0.002126912163173
1.67 -0.002526463352185
1.68 -0.001784592154461
1.69 -0.001292913139878
1.7 -0.000937017014662
1.71 -0.000254996390119
1.72 0.000346592853439
1.73 0.000698652176709
1.74 0.000392145091863
1.75 -0.00064570285147
1.76 -0.001324221617736
1.77 -0.001479594178778
1.78 -0.001926564470875
1.79 -0.002257134761711
1.8 -0.001835678836064
1.81 -0.001592741716658
1.82 -0.001982047348419
1.83 -0.002113573513126
1.84 -0.001950142729148
1.85 -0.002139882854759
1.86 -0.002076073006557
1.87 -0.001301729535083
1.88 -0.000367713168077
1.89 0.000530715147879
1.9 0.001777048803883
1.91 0.002965068973159
1.92 0.003599190296078
1.93 0.003474579706179
1.94 0.002729790504443
1.95 0.001892887775665
1.96 0.000951878820915
1.97 -0.000113794241135
1.98 -0.000440807363155
1.99 0.000137246016719
2.0 0.000169225399674
2.01 9.8418573835e-05
2.02 0.00113902535444
2.03 0.002142153201
2.04 0.002180851975938
2.05 0.002118983624818
2.06 0.001841801442424
2.07 0.000961333631039
2.08 0.000768390675479
2.09 0.000626060931031
2.1 -0.001040755562276
2.11 -0.002394163168926
2.12 -0.001780283639029
2.13 -0.001416082350766
2.14 -0.002397050170571
2.15 -0.002666820882689
2.16 -0.002117608766503
2.17 -0.00226608029452
2.18 -0.00244929241896
2.19 -0.001717873785058
2.2 -0.001209960342179
2.21 -0.001286349518357
2.22 -0.000732395824349
2.23 0.000160876657185
2.24 0.000367217738045
2.25 0.000204374821171
2.26 0.000187964287479
2.27 0.000151413867697
2.28 -0.000450025043385
2.29 -0.001401037892518
2.3 -0.001619568239747
2.31 -0.000816123052881
2.32 -6.9082195557e-05
2.33 0.000272333189459
2.34 0.001406386989175
2.35 0.003108072151553
2.36 0.003917256807098
2.37 0.003867361792739
2.38 0.003854752351795
2.39 0.003592253936384
2.4 0.002527417945531
2.41 0.001143752162636
2.42 -0.000391470126527
2.43 -0.001684730049855
2.44 -0.002381499837107
2.45 -0.002833600758415
2.46 -0.002674691676056
2.47 -0.001713756685364
2.48 -0.000980110001673
2.49 -0.000560571779871
2.5 0.000632202185237
2.51 0.001698876153549
2.52 0.001683144107369
2.53 0.002040434053867
2.54 0.002797118666352
2.55 0.002146601910607
2.56 0.000487529552633
2.57 -0.000526397614595
2.58 -0.001151074129522
2.59 -0.00210502433743
2.6 -0.002649533793715
2.61 -0.002207031421266
2.62 -0.001225209851569
2.63 -0.000333945057333
2.64 0.000261189685648
2.65 0.000548248278337
2.66 0.00074736057446
2.67 0.000628891679739
2.68 -0.000550492777511
2.69 -0.002296381254938
2.7 -0.003518807477623
2.71 -0.004105335460036
2.72 -0.004807621924276
2.73 -0.005469562833986
2.74 -0.005147186993709
2.75 -0.003935961527765
2.76 -0.002648933004315
2.77 -0.001338613891151
2.78 0.000919172253636
2.79 0.003522853305709
2.8 0.004964265046292
2.81 0.006572585307624
2.82 0.009010459649485
2.83 0.009964191444974
2.84 0.008904984071877
2.85 0.007459146122179
2.86 0.004725663967027
2.87 -5.9578118821e-05
2.88 -0.004002079531878
2.89 -0.00618555628503
2.9 -0.008626673508523
2.91 -0.009767827708969
2.92 -0.006962400534904
2.93 -0.00323599217993
2.94 -0.000881657240555
2.95 0.001008411940044
2.96 0.002227707092405
2.97 0.001814268185192
2.98 0.000234187689335
2.99 -0.00182137557178
3.0 -0.004385098442057
3.01 -0.00722558108164
3.02 -0.009905832589878
3.03 -0.011075709767251
3.04 -0.011190331252563
3.05 -0.011936016364396
3.06 -0.011816094061205
3.07 -0.010795319102775
3.08 -0.009804345314787
3.09 -0.00781149804094
3.1 -0.00374103935276
3.11 0.002028883444584
3.12 0.007080202037852
3.13 0.01200071918904
3.14 0.016633838174235
3.15 0.018043695960276
3.16 0.01409391006491
3.17 0.007987138548074
3.18 0.003282235264094
3.19 -0.000964345641749
3.2 -0.004165620102937
3.21 -0.006010199181914
3.22 -0.00548262544116
3.23 -0.004575676580043
3.24 -0.00401199267321
3.25 -0.002789762348083
3.26 -0.002478949654345
3.27 -0.003455696315629
3.28 -0.003211741656057
3.29 -0.001299081093541
3.3 -0.000633223658999
3.31 -0.000725413112105
3.32 0.00054966666823
3.33 0.002349652070485
3.34 0.003334428872523
3.35 0.003214164679154
3.36 0.002146738255688
3.37 -0.00030501239164
3.38 -0.003600951997054
3.39 -0.005513561024059
3.4 -0.00486794124946
3.41 -0.002218139382541
3.42 0.000793939536579
3.43 0.003106029299207
3.44 0.004756511867611
3.45 0.004863735992377
3.46 0.003340118936255
3.47 0.001984382196919
3.48 0.000929550389406
3.49 -0.000213820222423
3.5 0.000608445358527
3.51 0.001738890003994
3.52 -0.000348122448762
3.53 -0.004044510700519
3.54 -0.007175128923471
3.55 -0.009710529628346
3.56 -0.012662876924647
3.57 -0.015031779225094
3.58 -0.015391392753947
3.59 -0.012997742309423
3.6 -0.007261478401332
3.61 0.000726055170594
3.62 0.00933603053474
3.63 0.01558736946186
3.64 0.021004157867564
3.65 0.023651792113998
3.66 0.021757087386851
3.67 0.017694874764108
3.68 0.013886938806284
3.69 0.010393043656826
3.7 0.007661846116738
3.71 0.006318754699375
3.72 0.003174333569684
3.73 -0.000755890640651
3.74 -0.004007781203304
3.75 -0.00664874227094
3.76 -0.009187512230908
3.77 -0.010873084184576
3.78 -0.007866361757729
3.79 0.000304828231842
3.8 0.008733575058142
3.81 0.01385954154177
3.82 0.018878145567762
3.83 0.023330761333024
3.84 0.020318455883801
3.85 0.009251609847753
3.86 -0.002401697507642
3.87 -0.010731155373144
3.88 -0.018890204289416
3.89 -0.026586164002545
3.9 -0.027626278796744
3.91 -0.023156166325355
3.92 -0.017346549871627
3.93 -0.006229805754432
3.94 0.009563823893539
3.95 0.021791293212206
3.96 0.029152687494965
3.97 0.036069032115953
3.98 0.039192887858864
3.99 0.030130625138685
4.0 0.015216940699939
4.01 0.003117599639656
4.02 -0.005436678456747
4.03 -0.014659053854631
4.04 -0.023449729204072
4.05 -0.025225877766222
4.06 -0.02322895950506
4.07 -0.02051593256472
4.08 -0.015067840205474
4.09 -0.007259749891463
4.1 5.1296483345e-05
4.11 0.006407450888615
4.12 0.012842667706609
4.13 0.014717483935492
4.14 0.013455210430301
4.15 0.010834751910718
4.16 0.008600878617935
4.17 0.004628249905758
4.18 -0.001338953595701
4.19 -0.005586885425548
4.2 -0.006809561319879
4.21 -0.004763556389319
4.22 0.00131024732003
4.23 0.010169849620604
4.24 0.018016016800781
4.25 0.024895765541422
4.26 0.029890812514811
4.27 0.028455755988602
4.28 0.01518648791176
4.29 9.6696350524e-05
4.3 -0.007354443514868
4.31 -0.016234898418946
4.32 -0.027146022365685
4.33 -0.028957940728868
4.34 -0.023375019792915
4.35 -0.020845559687234
4.36 -0.01628058670142
4.37 -0.009808766351596
4.38 -0.001959554366281
4.39 0.00688814899835
4.4 0.014724799331722
4.41 0.020450830398833
4.42 0.027399477533907
4.43 0.032520055967521
4.44 0.035541959361956
4.45 0.038334515284779
4.46 0.037579875494402
4.47 0.035354368321267
4.48 0.023818190699349
4.49 0.002925832793888
4.5 -0.01533388952948
4.51 -0.026476117335894
4.52 -0.044761210712385
4.53 -0.06024375972656
4.54 -0.056980069365546
4.55 -0.043802415395941
4.56 -0.019776425045599
4.57 0.009416478422503
4.58 0.025700805636661
4.59 0.051329656703195
4.6 0.076265707495683
4.61 0.082952378380897
4.62 0.084307245637328
4.63 0.0867052069229
4.64 0.078713484376677
4.65 0.068029390523267
4.66 0.040237787685859
4.67 -0.000394808409729
4.68 -0.013049045201737
4.69 -0.03764880478136
4.7 -0.078451614844011
4.71 -0.095279931964535
4.72 -0.101309411883611
4.73 -0.112949251322791
4.74 -0.117743594689752
4.75 -0.11536578430625
4.76 -0.104831386021276
4.77 -0.075045705355199
4.78 -0.046937286375171
4.79 -0.019102657095875
4.8 0.022212652773803
4.81 0.056612516343792
4.82 0.080695069996277
4.83 0.103962162239291
4.84 0.128316161484325
4.85 0.141037937005928
4.86 0.152504901790008
4.87 0.161482099711156
4.88 0.16393617709417
4.89 0.158527618504362
4.9 0.148396772993194
4.91 0.136528694691004
4.92 0.108260308564831
4.93 0.084900220148991
4.94 0.082957498220741
4.95 0.074257007771043
4.96 0.06625331870992
4.97 0.072411837314347
4.98 0.072009312414371
4.99 0.057164408603515
5.0 0.049780159033023
5.01 0.02371854272457
5.02 0.011685846606621
5.03 -0.003973751114931
5.04 -0.01378102483427
5.05 -0.026916743222646
5.06 -0.020026802438366
5.07 -0.032395347414413
5.08 -0.041250771477975
5.09 -0.049097104589744
5.1 -0.055813364276661
5.11 -0.06076435138865
5.12 -0.060120592213347
5.13 -0.052088448925497
5.14 -0.049820572094374
5.15 -0.047038392318641
5.16 -0.043183893601995
5.17 -0.051044728940503
5.18 -0.063616944414243
5.19 -0.071593798125352
5.2 -0.086037120624
5.21 -0.121576495979208
5.22 -0.133177129569796
5.23 -0.146173767262986
5.24 -0.171760152425687
5.25 -0.192043188575446
5.26 -0.19612716141783
5.27 -0.195904898864617
5.28 -0.185348388145154
5.29 -0.17523925134758
5.3 -0.166551000189891
5.31 -0.150178767836505
5.32 -0.13999259373151
5.33 -0.131612203972213
5.34 -0.085567403746259
5.35 -0.041547924204847
5.36 -0.043006760783607
5.37 -0.011007010036054
5.38 0.052916720417654
5.39 0.064000404974254
5.4 0.067992558396774
5.41 0.093301515006689
5.42 0.105233331864306
5.43 0.112145036043375
5.44 0.127712532326878
5.45 0.132079240204142
5.46 0.135510914580654
5.47 0.14107163065984
5.48 0.125854274101045
5.49 0.095356923919228
5.5 0.064828517700622
5.51 0.048713370452642
5.52 0.023687082210195
5.53 -0.007773252243322
5.54 -0.024528634569691
5.55 -0.024763669441309
5.56 -0.018765690012695
5.57 -0.000578701568049
5.58 0.011831666123865
5.59 0.032956855682964
5.6 0.054520966957786
5.61 0.065097236690641
5.62 0.051930357375207
5.63 0.016012174796559
5.64 -0.006589523393207
5.65 -0.024001703476268
5.66 -0.059102617255588
5.67 -0.079647588046276
5.68 -0.090288812702755
5.69 -0.106114082096079
5.7 -0.096069356935234
5.71 -0.098364307349337
5.72 -0.118447043736835
5.73 -0.118209717488801
5.74 -0.116200422818098
5.75 -0.122807446579381
5.76 -0.124460915040842
5.77 -0.128810901221677
5.78 -0.134490696502961
5.79 -0.13947515908925
5.8 -0.145843883580568
5.81 -0.152982991166168
5.82 -0.15696999914057
5.83 -0.161845768474655
5.84 -0.162039729597772
5.85 -0.154961265740601
5.86 -0.120881598358363
5.87 -0.110846301102674
5.88 -0.119478692553105
5.89 -0.08894250985049
5.9 -0.075042268186385
5.91 -0.080145188806201
5.92 -0.066273265480449
5.93 -0.033762636012177
5.94 -0.02451302200339
5.95 -0.007995499197787
5.96 0.012654634901461
5.97 0.029060694191908
5.98 0.009348620559904
5.99 -0.027845300682894
6.0 -0.070764430431672
6.01 -0.070170647213489
6.02 -0.10084610238765
6.03 -0.13427497029281
6.04 -0.10230368438563
6.05 -0.055111363761565
6.06 -0.039746346398389
6.07 0.00084714763684
6.08 0.057102020560222
6.09 0.086323178716021
6.1 0.097376829877142
6.11 0.126658903807814
6.12 0.189023970979073
6.13 0.211327709876452
6.14 0.217824037437228
6.15 0.246116624683612
6.16 0.290966435974169
6.17 0.313979124405762
6.18 0.318603250061426
6.19 0.336335645061296
6.2 0.347842537701409
6.21 0.349274296578301
6.22 0.351598958925023
6.23 0.352299417868832
6.24 0.351881942050908
6.25 0.349049859185618
6.26 0.30322644013381
6.27 0.180639629096004
6.28 0.129954775185988
6.29 0.140498072513848
6.3 0.060774144930246
6.31 -0.051369499466053
6.32 -0.052665428431533
6.33 -0.033242864273296
6.34 -0.072350276668351
6.35 -0.084526564476674
6.36 -0.07436540098512
6.37 -0.087739046060137
6.38 -0.103113262184484
6.39 -0.082742535287675
6.4 -0.084073221502242
6.41 -0.031051990813509
6.42 -0.019130973638529
6.43 -0.010575246041723
6.44 0.024488750256377
6.45 0.064393244008
6.46 0.045432953203591
6.47 0.057795502139455
6.48 0.058683234738904
6.49 0.054609828726593
6.5 0.026471620185772
6.51 0.029269290620892
6.52 0.011115325374887
6.53 -0.016535068115121
6.54 -0.037641969065522
6.55 -0.062096056162783
6.56 -0.079657092350185
6.57 -0.093129499637114
6.58 -0.103368070587811
6.59 -0.112025215530116
6.6 -0.106098494435472
6.61 -0.089473783179232
6.62 -0.117447486349228
6.63 -0.138340276737914
6.64 -0.139795258251943
6.65 -0.193839938910415
6.66 -0.179137504882996
6.67 -0.005129715670485
6.68 -0.049055720847876
6.69 -0.088135269377806
6.7 0.044603988661558
6.71 0.144162077415594
6.72 0.08097115766093
6.73 0.112896473536535
6.74 0.094556165751531
6.75 0.032932586147473
6.76 0.014265568026465
6.77 -0.009509692248868
6.78 -0.035783150882095
6.79 -0.068084568556194
6.8 -0.056303394606145
6.81 -0.026660248218871
6.82 0.006881865461545
6.83 0.04111090437835
6.84 0.063172465886434
6.85 0.10125308172272
6.86 0.130878345270973
6.87 0.119493371429793
6.88 0.124535555275371
6.89 0.155778603875389
6.9 0.177121279034023
6.91 0.181972239538494
6.92 0.18481283540041
6.93 0.232868860764927
6.94 0.243472293254406
6.95 0.259924214984418
6.96 0.264163132941434
6.97 0.268733214696345
6.98 0.265024392485158
6.99 0.258659625792543
7.0 0.235830000974822
7.01 0.216258711398836
7.02 0.167451078965213
7.03 0.131923092773825
7.04 0.13932185353192
7.05 0.105173577189099
7.06 0.082830589743201
7.07 0.098497548421819
7.08 0.098179329189622
7.09 0.099519723842135
7.1 0.100134057654073
7.11 0.093326775283489
7.12 0.093072309924661
7.13 0.072868869768557
7.14 0.057002691109934
7.15 0.04831407820104
7.16 -0.013395997554335
7.17 -0.071199568843267
7.18 -0.097356920531898
7.19 -0.136899488159918
7.2 -0.208997941408969
7.21 -0.274291010659327
7.22 -0.308928435829522
7.23 -0.35713084495783
7.24 -0.400761195604721
7.25 -0.437061017842373
7.26 -0.475262048463697
7.27 -0.518135625081837
7.28 -0.560177594123313
7.29 -0.592459999781148
7.3 -0.618788357489228
7.31 -0.631768330591005
7.32 -0.632450109611048
7.33 -0.631725330703484
7.34 -0.639847158967687
7.35 -0.608442150455695
7.36 -0.496072969270294
7.37 -0.320496558167148
7.38 -0.285443398827036
7.39 -0.278800646856054
7.4 -0.159520338253657
7.41 -0.01300641666219
7.42 0.006216148248939
7.43 -0.01112348380411
7.44 0.034790153284727
7.45 0.089761210056812
7.46 0.109716028538544
7.47 0.117205578240979
7.48 0.152755824499547
7.49 0.192647655054781
7.5 0.214131312819471
7.51 0.241225749224582
7.52 0.27127606427133
7.53 0.293861666946544
7.54 0.313100854066651
7.55 0.326070861414885
7.56 0.335152551881249
7.57 0.340427501475976
7.58 0.342705378860033
7.59 0.341712002291164
7.6 0.336465358040621
7.61 0.339821100419307
7.62 0.329263392626715
7.63 0.349087939812638
7.64 0.355709679793598
7.65 0.341594144445342
7.66 0.333875799584969
7.67 0.310212624683285
7.68 0.286506591133221
7.69 0.244840852501742
7.7 0.180757823320231
7.71 0.105500522437509
7.72 0.074725113510825
7.73 0.033023837953394
7.74 -0.021810608012509
7.75 -0.074435411843524
7.76 -0.113616177379331
7.77 -0.130884951261032
7.78 -0.166554728252571
7.79 -0.201417587414902
7.8 -0.231676080598333
7.81 -0.251382774919698
7.82 -0.265459577327283
7.83 -0.281372426013496
7.84 -0.28256423094797
7.85 -0.273312498933574
7.86 -0.239618273578167
7.87 -0.207443912477331
7.88 -0.180915652477688
7.89 -0.157361899665163
7.9 -0.134801790150072
7.91 -0.127838316847801
7.92 -0.132679065930645
7.93 -0.133797713324046
7.94 -0.133351798371535
7.95 -0.126557190300263
7.96 -0.121944167261733
7.97 -0.097671189260396
7.98 -0.064695529044491
7.99 -0.064029770584648
8.0 -0.07564397796
8.01 -0.131162708520146
8.02 -0.154643672425441
8.03 -0.168588690808943
8.04 -0.23528441091259
8.05 -0.28822561802085
8.06 -0.290218809681413
8.07 -0.292496872211145
8.08 -0.3042030206272
8.09 -0.257279220601909
8.1 -0.267141719714546
8.11 -0.306909352462127
8.12 -0.303302557978161
8.13 -0.271637011613258
8.14 -0.32808701392178
8.15 -0.412708509480883
8.16 -0.317545577618715
8.17 -0.109933346937878
8.18 -0.185926675315718
8.19 -0.178613278017207
8.2 -0.024775807894812
8.21 0.091344359116046
8.22 0.050775931961502
8.23 0.130412376946669
8.24 0.164203382504885
8.25 0.182754990342301
8.26 0.2406965314481
8.27 0.283283329710579
8.28 0.32836412890045
8.29 0.356397223297528
8.3 0.415409186943387
8.31 0.4424641698751
8.32 0.45733272196415
8.33 0.496937825398054
8.34 0.520598854745813
8.35 0.528653478515227
8.36 0.541254934852105
8.37 0.543580328207607
8.38 0.547376480990224
8.39 0.547615343818472
8.4 0.538224803866208
8.41 0.551174832952647
8.42 0.521080815015891
8.43 0.518359007438218
8.44 0.517684661280719
8.45 0.517094130107036
8.46 0.499100301777124
8.47 0.468884030097384
8.48 0.427693620377137
8.49 0.344856413133007
8.5 0.260218296157425
8.51 0.203750879401503
8.52 0.159227040458065
8.53 0.085399084512053
8.54 0.003266370122918
8.55 -0.058861936088387
8.56 -0.086689071423319
8.57 -0.113092722315778
8.58 -0.166659810607345
8.59 -0.227203427856534
8.6 -0.270623368430366
8.61 -0.295634930102711
8.62 -0.325099947503489
8.63 -0.36286308441536
8.64 -0.393860377841977
8.65 -0.412730782687473
8.66 -0.427632215942754
8.67 -0.445351403839456
8.68 -0.46618764617515
8.69 -0.482626161995192
8.7 -0.494983037620177
8.71 -0.507805598085083
8.72 -0.521306032914705
8.73 -0.532604449747591
8.74 -0.540336804479998
8.75 -0.542420825520472
8.76 -0.540484688066272
8.77 -0.533512900444706
8.78 -0.489869958086416
8.79 -0.448049874144781
8.8 -0.391053506472288
8.81 -0.327439873486238
8.82 -0.25270066325276
8.83 -0.182752219155898
8.84 -0.117924623829483
8.85 -0.065432798540895
8.86 -0.018081539519253
8.87 0.032089891010148
8.88 0.079387856776581
8.89 0.120791088194565
8.9 0.150486197688509
8.91 0.176900127392308
8.92 0.205735083207059
8.93 0.234940414066519
8.94 0.259099012003497
8.95 0.273050609398577
8.96 0.280653156654138
8.97 0.287019348824164
8.98 0.289450039925337
8.99 0.278176964379541
9.0 0.258639262430741
9.01 0.242310633018486
9.02 0.227092696407542
9.03 0.218761462314612
9.04 0.226071246409505
9.05 0.239298478544368
9.06 0.248921500184229
9.07 0.273243023827921
9.08 0.27426882388192
9.09 0.283528677628556
9.1 0.268525773977235
9.11 0.290534042159425
9.12 0.296947531959219
9.13 0.270380147885926
9.14 0.267407070764489
9.15 0.26890743027433
9.16 0.259328892345433
9.17 0.259614814755336
9.18 0.241458882191676
9.19 0.231436296088401
9.2 0.234448125508269
9.21 0.18956214705163
9.22 0.123200171440775
9.23 0.083997187930931
9.24 0.068688020530891
9.25 0.019307101870063
9.26 -0.065736790832687
9.27 -0.100528689879439
9.28 -0.10647190663315
9.29 -0.134342031549748
9.3 -0.185102056151139
9.31 -0.224892181187973
9.32 -0.248260535979565
9.33 -0.28314747107468
9.34 -0.319391130997416
9.35 -0.344434771628106
9.36 -0.363969680896374
9.37 -0.38198316754461
9.38 -0.392541335435874
9.39 -0.390705255900499
9.4 -0.374722139917215
9.41 -0.331242807848836
9.42 -0.279071707967139
9.43 -0.24699795194115
9.44 -0.227292069409261
9.45 -0.199335796960169
9.46 -0.190786330696208
9.47 -0.217108679898484
9.48 -0.257367315267145
9.49 -0.299770986487739
9.5 -0.325712941718699
9.51 -0.357641065625228
9.52 -0.380844924749897
9.53 -0.383532711977862
9.54 -0.357071578370269
9.55 -0.345457046220935
9.56 -0.370821382662935
9.57 -0.344619821928116
9.58 -0.17783846628725
9.59 -0.145650729657393
9.6 -0.181110265065002
9.61 -0.084742320164906
9.62 0.013350726899019
9.63 0.061992699537481
9.64 0.075641565242698
9.65 0.127968072239895
9.66 0.161737523118311
9.67 0.202257159353605
9.68 0.255401957871439
9.69 0.29488846979389
9.7 0.343764296481565
9.71 0.384930771631819
9.72 0.423662306575578
9.73 0.468194489172458
9.74 0.504109898205903
9.75 0.535591107658177
9.76 0.560603250693753
9.77 0.578173266375437
9.78 0.594162669835949
9.79 0.601325008087367
9.8 0.596940555580522
9.81 0.582380443509634
9.82 0.535805288809906
9.83 0.476271654631495
9.84 0.383350793275196
9.85 0.305532388020314
9.86 0.247320907198808
9.87 0.193540722164451
9.88 0.129258331318629
9.89 0.068587344445462
9.9 0.032255269258255
9.91 0.013646032241882
9.92 -0.003804117660203
9.93 -0.028966010750953
9.94 -0.046333614585263
9.95 -0.054184927442755
9.96 -0.066542368879433
9.97 -0.08030180930957
9.98 -0.089082074940786
9.99 -0.096413369445373
10.0 -0.109916875788637
10.01 -0.126688953000327
10.02 -0.149544336018754
10.03 -0.178609329720635
10.04 -0.205658308803927
10.05 -0.228361173413634
10.06 -0.250743800610995
10.07 -0.277913993826304
10.08 -0.304289021295843
10.09 -0.320243121994485
10.1 -0.324989133004665
10.11 -0.322013734059491
10.12 -0.300042499121504
10.13 -0.23928341843936
10.14 -0.193209501568389
10.15 -0.164311987200832
10.16 -0.131609511765115
10.17 -0.083723867852149
10.18 -0.066443260615481
10.19 -0.079948719488168
10.2 -0.094175826839398
10.21 -0.097650036742816
10.22 -0.089431337228604
10.23 -0.045988565346545
10.24 -0.044137706044583
10.25 0.002455173117164
10.26 0.081746478763358
10.27 0.088193617321096
10.28 0.111829490995914
10.29 0.180592300674313
10.3 0.227048633344556
10.31 0.224970956325573
10.32 0.251199646566049
10.33 0.290644790405328
10.34 0.310821004943183
10.35 0.32774405611785
10.36 0.335340738653535
10.37 0.34465692220373
10.38 0.217315740081387
10.39 0.070682765184964
10.4 0.123698906552093
10.41 0.06712341051671
10.42 -0.113082900934478
10.43 -0.17291145118238
10.44 -0.113547898498183
10.45 -0.190965485941991
10.46 -0.210213914036787
10.47 -0.17888764441658
10.48 -0.191154274667076
10.49 -0.162525430596618
10.5 -0.08210077270994
10.51 -0.065799050804855
10.52 -0.019946838558514
10.53 0.051340798766512
10.54 0.100995535842204
10.55 0.104217372572273
10.56 0.136027891217923
10.57 0.135105797567701
10.58 0.1432092458246
10.59 0.151164146596565
10.6 0.150466855377509
10.61 0.089510526811598
10.62 0.052197808804428
10.63 0.03563344812092
10.64 -0.018927768116149
10.65 -0.083451517622246
10.66 -0.106249681714067
10.67 -0.133757175401257
10.68 -0.171099990594368
10.69 -0.188548759765565
10.7 -0.198736091176227
10.71 -0.209212598138815
10.72 -0.2051695827081
10.73 -0.206470694257684
10.74 -0.235547369640517
10.75 -0.245369287489679
10.76 -0.284750824654383
10.77 -0.246877619075989
10.78 -0.082751685448361
10.79 -0.118115891726358
10.8 -0.141946168320287
10.81 -0.055379355081583
10.82 0.066950158159205
10.83 -0.01581907573133
10.84 0.009824768804581
10.85 -0.040204848853511
10.86 -0.044489618596824
10.87 -0.083396415612765
10.88 -0.128926864278675
10.89 -0.160043275395676
10.9 -0.1682906629254
10.91 -0.203728577459731
10.92 -0.223013566497873
10.93 -0.239807895780313
10.94 -0.241599038159691
10.95 -0.256914831034232
10.96 -0.248591280415594
10.97 -0.222203911100306
10.98 -0.187956429193093
10.99 -0.136251734723481
11.0 -0.073757477760735
11.01 -0.039104812304637
11.02 -0.001831456580199
11.03 0.05884569877551
11.04 0.091515034388978
11.05 0.107782017627744
11.06 0.134604230193008
11.07 0.154471468338033
11.08 0.171999841782649
11.09 0.195805052897101
11.1 0.216137711300545
11.11 0.225341052552681
11.12 0.2421506287359
11.13 0.260545595636417
11.14 0.26875188870327
11.15 0.27684075240598
11.16 0.28895822454262
11.17 0.29656576791525
11.18 0.301025654913908
11.19 0.307620384488241
11.2 0.315209999409464
11.21 0.321105006380002
11.22 0.328304419639903
11.23 0.3372565151923
11.24 0.347324656612191
11.25 0.357715963929872
11.26 0.364503481075685
11.27 0.370344159355852
11.28 0.377363364249762
11.29 0.37948841971305
11.3 0.374020827009756
11.31 0.3542588055048
11.32 0.318258237867039
11.33 0.31389370653941
11.34 0.285259088916756
11.35 0.206372399808567
11.36 0.155647334807907
11.37 0.130617462018092
11.38 0.087618926617826
11.39 0.039502154877481
11.4 -0.000786339210243
11.41 -0.0436490656216
11.42 -0.078796141657261
11.43 -0.101348507083013
11.44 -0.129174989881397
11.45 -0.168839365390674
11.46 -0.208826912834448
11.47 -0.241324137309131
11.48 -0.273377325478962
11.49 -0.308198892328604
11.5 -0.343121275969055
11.51 -0.374168286773412
11.52 -0.390159968771451
11.53 -0.408444702887068
11.54 -0.426674255623212
11.55 -0.432542272477604
11.56 -0.435356025385573
11.57 -0.430834421367742
11.58 -0.39436057543017
11.59 -0.374367857827866
11.6 -0.356172919697069
11.61 -0.323595702067058
11.62 -0.277397544962305
11.63 -0.240637851792796
11.64 -0.212087417249163
11.65 -0.188188734838058
11.66 -0.151118342577189
11.67 -0.111461712946582
11.68 -0.080553024649894
11.69 -0.057148816780024
11.7 -0.037529224526521
11.71 -0.021385229352767
11.72 -0.005688733737752
11.73 0.009528702869668
11.74 0.018459551473107
11.75 0.022789882295655
11.76 0.029166210064986
11.77 0.041927079862999
11.78 0.058974397113113
11.79 0.07736574587458
11.8 0.095979229780356
11.81 0.114369985209712
11.82 0.135609534084565
11.83 0.159982225792395
11.84 0.185410827258528
11.85 0.210535955684177
11.86 0.235220071562801
11.87 0.260154017627852
11.88 0.285627067591583
11.89 0.312230722192212
11.9 0.338740202077265
11.91 0.362716413181271
11.92 0.38290065044529
11.93 0.398761567519741
11.94 0.409906147132002
11.95 0.416956713624111
11.96 0.421523712294566
11.97 0.422474807803689
11.98 0.420584112302457
11.99 0.414760938864605
12.0 0.397440279566474
12.01 0.385612742798978
12.02 0.366127904129217
12.03 0.342855614226687
12.04 0.299741831175848
12.05 0.228030609765402
12.06 0.171153099682768
12.07 0.153462753885624
12.08 0.116426192697534
12.09 0.046040178765995
12.1 -0.006919041095024
12.11 -0.013388784768881
12.12 -0.023844458393989
12.13 -0.064789265040248
12.14 -0.10311618899224
12.15 -0.119925607874423
12.16 -0.141331075991666
12.17 -0.178039401147233
12.18 -0.20785831990908
12.19 -0.228214540559575
12.2 -0.252165798479334
12.21 -0.279219882338156
12.22 -0.299773015379203
12.23 -0.314861325347523
12.24 -0.330762154017582
12.25 -0.345046888159143
12.26 -0.353611572854642
12.27 -0.359580041487665
12.28 -0.365220382090994
12.29 -0.368841049389588
12.3 -0.36889719335585
12.31 -0.367108956170971
12.32 -0.364971890062914
12.33 -0.360967004278517
12.34 -0.337581142749113
12.35 -0.32281142358165
12.36 -0.305022994401832
12.37 -0.286753044765681
12.38 -0.272224495512607
12.39 -0.265862214411181
12.4 -0.254323581974849
12.41 -0.254339774435114
12.42 -0.242206630957913
12.43 -0.237243797830006
12.44 -0.227020958754237
12.45 -0.215710628011181
12.46 -0.191223328264881
12.47 -0.167458011454282
12.48 -0.146595513850119
12.49 -0.125428363348355
12.5 -0.103042741035485
12.51 -0.082102748056731
12.52 -0.059844561059439
12.53 -0.03781416133915
12.54 -0.020150891443057
12.55 -0.003023974139345
12.56 0.017119484169523
12.57 0.03787607587412
12.58 0.060200723948932
12.59 0.081467911547923
12.6 0.099000719629133
12.61 0.114630458147838
12.62 0.130543910601667
12.63 0.14751391644722
12.64 0.163780844133162
12.65 0.177370526345302
12.66 0.191668252263551
12.67 0.209311524963942
12.68 0.2295084262756
12.69 0.248734839107518
12.7 0.26684525945507
12.71 0.28486694804606
12.72 0.301911094333252
12.73 0.316592799303583
12.74 0.328509180412633
12.75 0.33704219387156
12.76 0.342508544444902
12.77 0.344139267793349
12.78 0.343788436042343
12.79 0.336234325145152
12.8 0.308860053755185
12.81 0.266751712695897
12.82 0.215047744201476
12.83 0.14981412662586
12.84 0.096183056968886
12.85 0.059945521583094
12.86 0.01873199212733
12.87 -0.031589492506878
12.88 -0.06487720609724
12.89 -0.072785382376045
12.9 -0.081311615409771
12.91 -0.10494831651193
12.92 -0.124715453368818
12.93 -0.129565789476734
12.94 -0.133134845815674
12.95 -0.14126024179097
12.96 -0.145008604924088
12.97 -0.14027492328361
12.98 -0.133730054436851
12.99 -0.122568955395518
13.0 -0.113562638573403
13.01 -0.110756846851384
13.02 -0.111217531804669
13.03 -0.113436392019253
13.04 -0.125057411809407
13.05 -0.133396544870959
13.06 -0.139161293751075
13.07 -0.141742759348575
13.08 -0.137837800354218
13.09 -0.144066261624084
13.1 -0.143450130786142
13.11 -0.122771809259352
13.12 -0.135490888018493
13.13 -0.135069804340813
13.14 -0.135769669335702
13.15 -0.133114665294909
13.16 -0.143423628042324
13.17 -0.133302493326123
13.18 -0.150054627054399
13.19 -0.155725286690264
13.2 -0.145028077334382
13.21 -0.021796495388121
13.22 -0.103212764837487
13.23 -0.037499549115645
13.24 0.003412613977635
13.25 0.041269799568517
13.26 0.019619457451861
13.27 0.058469628092355
13.28 0.038059259311337
13.29 0.059505918730639
13.3 0.046916576724419
13.31 0.052279052547291
13.32 0.042481918749746
13.33 0.023832463731183
13.34 0.014586214467322
13.35 0.006108600584456
13.36 0.006270052210615
13.37 0.003846761242761
13.38 0.01033606322687
13.39 0.028179345666896
13.4 0.038375108292024
13.41 0.045849728750109
13.42 0.054313957707839
13.43 0.056008997625437
13.44 0.054509893758511
13.45 0.049825636307979
13.46 0.052036189287655
13.47 0.059388654340821
13.48 0.059012960631809
13.49 0.05852488432591
13.5 0.076105420328606
13.51 0.087028172344973
13.52 0.095460202019146
13.53 0.10701118331021
13.54 0.118895920213878
13.55 0.127444600629821
13.56 0.123953707570023
13.57 0.047811562553651
13.58 0.019094282005117
13.59 0.046311267010616
13.6 -0.029608219295783
13.61 -0.086566555698156
13.62 -0.064558707410392
13.63 -0.081005805241173
13.64 -0.099307285368478
13.65 -0.089642515958232
13.66 -0.112818948456624
13.67 -0.113796245118838
13.68 -0.119311825387844
13.69 -0.129709619279609
13.7 -0.133154898867639
13.71 -0.136214550953766
13.72 -0.143058465143609
13.73 -0.145100268045901
13.74 -0.146119706326276
13.75 -0.149246083986477
13.76 -0.146562343012887
13.77 -0.145379049533511
13.78 -0.125858681596564
13.79 -0.090477287928163
13.8 -0.075743997418412
13.81 -0.059519036505159
13.82 -0.025702521631641
13.83 -0.002737744784456
13.84 0.002799986069315
13.85 0.013261205446855
13.86 0.022184071269803
13.87 0.028254295833887
13.88 0.036822642670398
13.89 0.046909671647284
13.9 0.057293698454836
13.91 0.06783057083333
13.92 0.072902670884422
13.93 0.078745582518344
13.94 0.090612148215135
13.95 0.101643550218099
13.96 0.105382329243259
13.97 0.108294911854156
13.98 0.117326290642572
13.99 0.12672493700224
14.0 0.132029532782153
14.01 0.135352258404282
14.02 0.139112762610037
14.03 0.1419547069388
14.04 0.14300325487049
14.05 0.139338964870733
14.06 0.130782132577551
14.07 0.120757100198607
14.08 0.111899352222539
14.09 0.100155575806786
14.1 0.087050640094708
14.11 0.0747250572349
14.12 0.064944988094994
14.13 0.055454565647343
14.14 0.046635593877557
14.15 0.037673373328065
14.16 0.029612465950163
14.17 0.022897183982572
14.18 0.015440604015847
14.19 0.008530138149574
14.2 0.003287379647531
14.21 -0.001757342250679
14.22 -0.006306172130878
14.23 -0.007627312777308
14.24 -0.00690263865006
14.25 -0.005888688419774
14.26 -0.003745067406815
14.27 -0.000756613295061
14.28 0.002872910643314
14.29 0.00682830309331
14.3 0.008887041643233
14.31 0.00934283829378
14.32 0.00716336460004
14.33 -0.000892177255407
14.34 -0.010304315489367
14.35 -0.015492683784276
14.36 -0.019387097736285
14.37 -0.037484438072674
14.38 -0.06194175297942
14.39 -0.067706034345827
14.4 -0.068620934733072
14.41 -0.092554011603967
14.42 -0.111103029721897
14.43 -0.113756751679974
14.44 -0.120048662745574
14.45 -0.1261809237651
14.46 -0.12564463934245
14.47 -0.123200541979905
14.48 -0.115521355735714
14.49 -0.102292408256141
14.5 -0.095848082874854
14.51 -0.088389918573727
14.52 -0.085809529466522
14.53 -0.087860983142954
14.54 -0.096512975205019
14.55 -0.106285808345526
14.56 -0.119362069532933
14.57 -0.122013818431256
14.58 -0.126758827480088
14.59 -0.122460720863605
14.6 -0.112119940704687
14.61 -0.10968258947442
14.62 -0.110359457844774
14.63 -0.101979691398373
14.64 -0.104552961415993
14.65 -0.11383758555991
14.66 -0.119480024902295
14.67 -0.121531948349896
14.68 -0.122510055728733
14.69 -0.120828409837035
14.7 -0.126199328251621
14.71 -0.096836616723636
14.72 -0.045350698683651
14.73 -0.074962994990835
14.74 -0.03348159545081
14.75 -0.002716109900388
14.76 0.007713983114701
14.77 0.007802512494651
14.78 0.027782519142602
14.79 0.02327347869413
14.8 0.040902753723234
14.81 0.043521807066948
14.82 0.053464805630846
14.83 0.06165935654796
14.84 0.068458077478403
14.85 0.078533758423036
14.86 0.08962788774105
14.87 0.099616856350919
14.88 0.112028570751636
14.89 0.122768760955902
14.9 0.135152749005128
14.91 0.145686066726165
14.92 0.153969286699236
14.93 0.159113839207474
14.94 0.162008879560312
14.95 0.162733896269843
14.96 0.160599065404979
14.97 0.156709889295864
14.98 0.148226347125422
14.99 0.136324521224515
15.0 0.124974445162924
15.01 0.112263579437141
15.02 0.104100190940469
15.03 0.09674854863327
15.04 0.091173198503926
15.05 0.088139496419357
15.06 0.086353094508468
15.07 0.080604773125408
15.08 0.074193059779944
15.09 0.063754270796007
15.1 0.051192352014474
15.11 0.041885622075491
15.12 0.030369066532296
15.13 0.023525281439264
15.14 0.017501946533521
15.15 0.012146838198051
15.16 0.005339854473873
15.17 -0.001316421614142
15.18 -0.011970443731396
15.19 -0.023560446613666
15.2 -0.035718639216092
15.21 -0.049295446476428
15.22 -0.063689209174019
15.23 -0.076434616789118
15.24 -0.088084093990966
15.25 -0.098733486414879
15.26 -0.107133665155049
15.27 -0.114747758829422
15.28 -0.119822809503012
15.29 -0.121272275017143
15.3 -0.118321690787299
15.31 -0.107452932774428
15.32 -0.088241059430977
15.33 -0.070295209108004
15.34 -0.057135805867896
15.35 -0.042807620776088
15.36 -0.031105284210513
15.37 -0.026025180118358
15.38 -0.026423574636379
15.39 -0.025909236404637
15.4 -0.025530683268399
15.41 -0.023395650246069
15.42 -0.014596046982147
15.43 -0.009924414061624
15.44 -0.004369130292849
15.45 0.002141433931097
15.46 0.011676492631211
15.47 0.016675454032338
15.48 0.021494091639971
15.49 0.027230655147198
15.5 0.034489367707267
15.51 0.04121921328125
15.52 0.042667447543184
15.53 0.043607623213438
15.54 0.04883702598717
15.55 0.055761054068153
15.56 0.05984385236005
15.57 0.064025666125887
15.58 0.075938296506259
15.59 0.088168306604818
15.6 0.099810332147074
15.61 0.113859271801423
15.62 0.128514866990681
15.63 0.142780208377629
15.64 0.155188994754219
15.65 0.168422751952119
15.66 0.179156086877538
15.67 0.189104375334974
15.68 0.197646404212742
15.69 0.203797209376469
15.7 0.208032460070551
15.71 0.209394544718503
15.72 0.209234118058248
15.73 0.209939334003468
15.74 0.206675358572253
15.75 0.173186682231257
15.76 0.077491923828729
15.77 0.075927996365137
15.78 0.075799589463042
15.79 -0.019073687482042
15.8 -0.069133986119025
15.81 -0.043352734525046
15.82 -0.081322644498483
15.83 -0.107726378706975
15.84 -0.105825448464343
15.85 -0.123416404824353
15.86 -0.146852296637045
15.87 -0.147434818742671
15.88 -0.148993424027275
15.89 -0.159577202702034
15.9 -0.150078508053665
15.91 -0.135934368934626
15.92 -0.126935973223783
15.93 -0.114557380064343
15.94 -0.104334557835199
15.95 -0.095665878808961
15.96 -0.096577474270025
15.97 -0.104654321661243
15.98 -0.113426263354267
15.99 -0.123634066139124
16.0 -0.135361273344961
16.01 -0.144223362550019
16.02 -0.146942583297489
16.03 -0.139002917840781
16.04 -0.134980093993406
16.05 -0.139825627251064
16.06 -0.120252408336246
16.07 -0.069191810561482
16.08 -0.07649233347356
16.09 -0.061472050566892
16.1 -0.030806365065556
16.11 -0.006432720985703
16.12 -0.004160840893788
16.13 0.010375488180366
16.14 0.012278549239404
16.15 0.020994341129797
16.16 0.032157415754365
16.17 0.031131061845749
16.18 0.033556784718125
16.19 0.030517130248143
16.2 0.033488274233049
16.21 0.031324201020029
16.22 0.032739589555165
16.23 0.034225240033224
16.24 0.03840475185575
16.25 0.043124802317414
16.26 0.05296276120589
16.27 0.055237377990931
16.28 0.055259926125245
16.29 0.060537463991788
16.3 0.067812325313344
16.31 0.073433890342502
16.32 0.083174562155599
16.33 0.093368068633572
16.34 0.107834887717698
16.35 0.124296499948473
16.36 0.139942515607916
16.37 0.154116799381159
16.38 0.16731733848821
16.39 0.180278629343945
16.4 0.190720237019835
16.41 0.199637177653558
16.42 0.205769061186371
16.43 0.209121879924643
16.44 0.208672199300554
16.45 0.199257352318541
16.46 0.176239859557986
16.47 0.153948243300456
16.48 0.119024999852777
16.49 0.074017252976154
16.5 0.050621528609626
16.51 0.033862424938531
16.52 -0.00407342483854
16.53 -0.025628184901675
16.54 -0.027437417376177
16.55 -0.042846955370652
16.56 -0.059564326702052
16.57 -0.064754919603465
16.58 -0.075396436862191
16.59 -0.08641411918835
16.6 -0.089409792908182
16.61 -0.094043730122871
16.62 -0.097248110701695
16.63 -0.093671369320981
16.64 -0.090557500975834
16.65 -0.087093449174861
16.66 -0.085726797526349
16.67 -0.083941367089243
16.68 -0.087481936238961
16.69 -0.092409520062288
16.7 -0.096945575681496
16.71 -0.097179017922728
16.72 -0.109343570664459
16.73 -0.122786321283245
16.74 -0.123805071425659
16.75 -0.130632128120822
16.76 -0.146030768360494
16.77 -0.159283239746962
16.78 -0.166876005282371
16.79 -0.173583174482743
16.8 -0.182808989803325
16.81 -0.186306147955175
16.82 -0.187185660506182
16.83 -0.171376215069767
16.84 -0.073063214524599
16.85 -0.087153777120629
16.86 -0.080581673777548
16.87 0.008976730688748
16.88 0.036776103583302
16.89 0.020055589740644
16.9 0.051328994395408
16.91 0.053498106949372
16.92 0.05459780974598
16.93 0.067665644759875
16.94 0.065033233490142
16.95 0.062552599942421
16.96 0.050817840990667
16.97 0.018762103763777
16.98 0.015213769341432
16.99 0.010757561334836
17.0 -0.001205945603773
17.01 -0.006373621757329
17.02 0.007099547181075
17.03 0.021981335858899
17.04 0.033538058106422
17.05 0.048412135143468
17.06 0.057420614090646
17.07 0.070984869211734
17.08 0.071001226886409
17.09 0.070172098862922
17.1 0.069613650648483
17.11 0.084329418145937
17.12 0.091012982246295
17.13 0.088984602772272
17.14 0.094372348021298
17.15 0.109556199013591
17.16 0.125522540937003
17.17 0.125765597947362
17.18 0.140117474375125
17.19 0.144170913097207
17.2 0.153989304863051
17.21 0.129707963259728
17.22 0.050599163528754
17.23 0.077781473885936
17.24 0.054203504162831
17.25 -0.015732860961732
17.26 -0.039481611673804
17.27 -0.027933303872309
17.28 -0.046603048685414
17.29 -0.052432747511871
17.3 -0.054670723591207
17.31 -0.06786905515624
17.32 -0.070224270252062
17.33 -0.077394609213991
17.34 -0.083319528811984
17.35 -0.090718978538056
17.36 -0.103100903856028
17.37 -0.114574638067442
17.38 -0.128045412537834
17.39 -0.141722424682004
17.4 -0.155675384504857
17.41 -0.171206266480031
17.42 -0.179191129626133
17.43 -0.186431705797288
17.44 -0.186139842909084
17.45 -0.184161467546095
17.46 -0.17974012284486
17.47 -0.175043716364694
17.48 -0.16479993748629
17.49 -0.153595279326139
17.5 -0.150532260136711
17.51 -0.142162424219519
17.52 -0.116775212380042
17.53 -0.073885568396354
17.54 -0.040712155585088
17.55 -0.029246794205814
17.56 0.002337816997319
17.57 0.053325327268683
17.58 0.072654923609628
17.59 0.078002714833021
17.6 0.099834797311162
17.61 0.124064850095966
17.62 0.132907908784328
17.63 0.146461649290366
17.64 0.162209370471501
17.65 0.169790507414321
17.66 0.174463876109621
17.67 0.17915965724243
17.68 0.179990949865823
17.69 0.174142775877839
17.7 0.16106813479731
17.71 0.141539619366829
17.72 0.118912998778022
17.73 0.096048887384056
17.74 0.07098394117976
17.75 0.050670463344049
17.76 0.036783058703353
17.77 0.026489439691794
17.78 0.022471210742182
17.79 0.025499371335462
17.8 0.03401995651041
17.81 0.047063393609739
17.82 0.062221839883115
17.83 0.073819652657629
17.84 0.083845565823045
17.85 0.07949072090045
17.86 0.060573028610336
17.87 0.034334096117583
17.88 0.018339294417825
17.89 0.00180592170632
17.9 -0.018955161040106
17.91 -0.048447327298162
17.92 -0.064770226268254
17.93 -0.057083142816313
17.94 -0.064585230876698
17.95 -0.08342301274416
17.96 -0.081899287025117
17.97 -0.073795609766363
17.98 -0.050759627092029
17.99 -0.006606605149647
18.0 0.017065564856401
18.01 0.023537102483777
18.02 0.061739761155266
18.03 0.086986715304289
18.04 0.083708833066248
18.05 0.074356118899533
18.06 0.070047817257804
18.07 0.04905886769276
18.08 0.027682143850474
18.09 0.004243072818743
18.1 -0.012415670195811
18.11 -0.026013323757563
18.12 -0.035678715906261
18.13 -0.051689735433115
18.14 -0.066395926980632
18.15 -0.069340432866737
18.16 -0.067970326124724
18.17 -0.076361148299934
18.18 -0.062884633889229
18.19 -0.01856599122512
18.2 -0.009982953028204
18.21 0.029455407702922
18.22 0.065851694562557
18.23 0.088323889862038
18.24 0.105411949412801
18.25 0.126955815277111
18.26 0.128623890465008
18.27 0.140783132590804
18.28 0.147362282435467
18.29 0.144964979098842
18.3 0.131357028667678
18.31 0.084246275832694
18.32 0.051200663024135
18.33 0.035028693880649
18.34 -0.007767819629512
18.35 -0.052849830623141
18.36 -0.069070402768273
18.37 -0.080113189883898
18.38 -0.09554478453764
18.39 -0.105535305439749
18.4 -0.110572719944758
18.41 -0.117080596069423
18.42 -0.116990669679731
18.43 -0.105144958833239
18.44 -0.081199876575025
18.45 -0.059180978518626
18.46 -0.042936542597326
18.47 -0.021057965668522
18.48 0.001760830144068
18.49 0.010097682324509
18.5 0.016279143805628
18.51 0.022757185718038
18.52 0.021148695606417
18.53 0.006720301843655
18.54 -0.00418626634737
18.55 -0.01337708970254
18.56 -0.031881246624925
18.57 -0.054009085450961
18.58 -0.066218574636139
18.59 -0.073734374328826
18.6 -0.086367548900378
18.61 -0.09538613792641
18.62 -0.103928408825572
18.63 -0.109349539461618
18.64 -0.107049844823021
18.65 -0.083049290088342
18.66 -0.066886430815373
18.67 -0.051175017293521
18.68 -0.016247109368933
18.69 0.00404057927014
18.7 0.015843251846636
18.71 0.032939689805767
18.72 0.031891998876678
18.73 0.028096179040661
18.74 0.022763759679482
18.75 0.014193510936728
18.76 0.001728615690902
18.77 -0.009791652822287
18.78 -0.022599520556839
18.79 -0.024320678710967
18.8 -0.034105336644738
18.81 -0.029794928244415
18.82 -0.024551610247752
18.83 -0.021992687802017
18.84 -0.020701758082325
18.85 -0.009816350222842
18.86 -0.002505921285021
18.87 0.00282266786369
18.88 0.00781696826051
18.89 0.018214464787054
18.9 0.026964293253597
18.91 0.034606487472856
18.92 0.033963712736704
18.93 0.035955635602149
18.94 0.048258313871776
18.95 0.066486970802725
18.96 0.06972255581488
18.97 0.059314044280682
18.98 0.066097806229287
18.99 0.081229365464635
19.0 0.067067057483002
19.01 0.054065409648554
19.02 0.055200856920704
19.03 0.050992958064424
19.04 0.043510801594559
19.05 0.041615252047351
19.06 0.027611832706582
19.07 0.002990692378421
19.08 -0.016552936943174
19.09 -0.027106753263749
19.1 -0.049685830411636
19.11 -0.075240007847276
19.12 -0.087074386955958
19.13 -0.09263056638963
19.14 -0.103996837084635
19.15 -0.11560834002532
19.16 -0.121263214247284
19.17 -0.122265742243894
19.18 -0.123185240487938
19.19 -0.124832468405025
19.2 -0.124522423675342
19.21 -0.118239999497056
19.22 -0.118286470605178
19.23 -0.112980146457861
19.24 -0.098865069223746
19.25 -0.079713971105572
19.26 -0.051015389859374
19.27 -0.019596375982819
19.28 -0.0003183348559
19.29 0.02019466400076
19.3 0.043816382935823
19.31 0.056409936326015
19.32 0.054833506008077
19.33 0.057173783438289
19.34 0.059564388314803
19.35 0.055363389961583
19.36 0.054678308917549
19.37 0.054526030957177
19.38 0.051862378974386
19.39 0.051896002865977
19.4 0.054802184367831
19.41 0.05824475261541
19.42 0.059611235207666
19.43 0.066304951917713
19.44 0.082672782057547
19.45 0.088288222437133
19.46 0.095502545101532
19.47 0.10936236848455
19.48 0.119995541279316
19.49 0.125172600143204
19.5 0.129421506119359
19.51 0.130639592872393
19.52 0.127800907931885
19.53 0.12322000969769
19.54 0.115315340818826
19.55 0.105703354624029
19.56 0.095174007132771
19.57 0.077521341116399
19.58 0.053888797901445
19.59 0.04674227426006
19.6 0.038556241098762
19.61 0.021813808386163
19.62 0.015240505401737
19.63 0.015223299933844
19.64 0.01487008323866
19.65 0.018629652569307
19.66 0.026965768064767
19.67 0.034114576615182
19.68 0.048509358786151
19.69 0.063380950660163
19.7 0.079752921510437
19.71 0.088779852111679
19.72 0.094521248222509
19.73 0.096430553762643
19.74 0.094764574004653
19.75 0.080542328123402
19.76 0.053265927621473
19.77 0.028535166058635
19.78 0.010134784762931
19.79 -0.014921998803695
19.8 -0.041205744698955
19.81 -0.054933985506548
19.82 -0.069562674481649
19.83 -0.099161817329977
19.84 -0.119845777500825
19.85 -0.12318220196029
19.86 -0.138146738610975
19.87 -0.165310522661307
19.88 -0.176206538822962
19.89 -0.172937003760339
19.9 -0.177473766752148
19.91 -0.178241107798865
19.92 -0.157917898609112
19.93 -0.132242122264739
19.94 -0.087909810181456
19.95 -0.064409293309498
19.96 -0.054132475831279
19.97 -0.020372695810173
19.98 0.001525600433268
19.99 -0.010897000079908
20.0 -0.01126427641551
20.01 -0.015173678801882
20.02 -0.023123896723946
20.03 -0.027006803636005
20.04 -0.035333041375157
20.05 -0.043339746580342
20.06 -0.052200756977315
20.07 -0.061401417683447
20.08 -0.074401912899142
20.09 -0.082843458526817
20.1 -0.076595006505158
20.11 -0.058627889164441
20.12 -0.048920528525399
20.13 -0.033101338128932
20.14 -0.002325552549959
20.15 0.014210344654713
20.16 0.021954808797361
20.17 0.030833050940244
20.18 0.039521200935159
20.19 0.057436242116371
20.2 0.07889235255661
20.21 0.080724102731642
20.22 0.085268348472167
20.23 0.111052650345591
20.24 0.124680631134427
20.25 0.117630292037027
20.26 0.114562527784604
20.27 0.097483674005893
20.28 0.065053547883787
20.29 0.035651938108925
20.3 0.026635837054764
20.31 -0.006134858091351
20.32 -0.031241252246407
20.33 -0.034783272592396
20.34 -0.031919468846673
20.35 -0.030114665284553
20.36 -0.02398346700971
20.37 -0.012770923603612
20.38 -0.00978965023305
20.39 -0.003348384543784
20.4 -0.000314240271905
20.41 0.003968372010985
20.42 -0.000785690580172
20.43 -0.007294372638019
20.44 -0.010894394083872
20.45 -0.016677697165883
20.46 -0.022648458253591
20.47 -0.029622725423734
20.48 -0.035091321540956
20.49 -0.034697693932234
20.5 -0.032224013638149
20.51 -0.046518402290334
20.52 -0.051124078146744
20.53 -0.047560740351058
20.54 -0.057336029359075
20.55 -0.073307929565162
20.56 -0.076404477242656
20.57 -0.085451534144692
20.58 -0.089994907114311
20.59 -0.098289399358862
20.6 -0.098176313991267
20.61 -0.101438870037632
20.62 -0.084175539300175
20.63 -0.050300994110923
20.64 -0.037591969945989
20.65 -0.029727391452774
20.66 0.007633338091606
20.67 0.026997679267403
20.68 0.026584051406554
20.69 0.034172747640491
20.7 0.038798969181025
20.71 0.039526520764277
20.72 0.0411461175836
20.73 0.039417223030427
20.74 0.038370184360162
20.75 0.039224930186557
20.76 0.037329103987077
20.77 0.039375490304916
20.78 0.039572719985028
20.79 0.039658399454206
20.8 0.041392526985606
20.81 0.039350348978335
20.82 0.034587970502151
20.83 0.032027273560724
20.84 0.032239579928101
20.85 0.028653031838606
20.86 0.025883184736547
20.87 0.026294095435485
20.88 0.028621549340876
20.89 0.030568311750705
20.9 0.034442557437957
20.91 0.037699987249593
20.92 0.039711450905085
20.93 0.043275530945648
20.94 0.046213782913156
20.95 0.046032501610993
20.96 0.044036800152114
20.97 0.041218693819196
20.98 0.033133778385932
20.99 0.013440729220021
21.0 0.010232103026778
21.01 0.001388217897995
21.02 -0.024038131939249
21.03 -0.03256691412005
21.04 -0.035982241777678
21.05 -0.049207723515307
21.06 -0.056389149665849
21.07 -0.05995820000117
21.08 -0.066337511203877
21.09 -0.067414194007367
21.1 -0.069150476629514
21.11 -0.068482623192302
21.12 -0.066597573635398
21.13 -0.064772958661216
21.14 -0.061276334031879
21.15 -0.057315075524332
21.16 -0.052421677139289
21.17 -0.046725064617408
21.18 -0.040296317179881
21.19 -0.034718356164948
21.2 -0.028108188703641
21.21 -0.020981107274727
21.22 -0.015842091966717
21.23 -0.012153074848038
21.24 -0.006411303761461
21.25 -0.001562635612859
21.26 0.001370207730168
21.27 0.003216370534645
21.28 0.00562744487395
21.29 0.010240666777812
21.3 0.015631386654091
21.31 0.019933500939411
21.32 0.025259172989637
21.33 0.033632495130577
21.34 0.043129282365667
21.35 0.051235626465299
21.36 0.05846757264754
21.37 0.067139157644493
21.38 0.07533345735952
21.39 0.082336143731626
21.4 0.09066109929158
21.41 0.096945414533899
21.42 0.101169586251564
21.43 0.103971374976421
21.44 0.105187308701209
21.45 0.102359911116082
21.46 0.097999837487491
21.47 0.096872937510802
21.48 0.083515796587961
21.49 0.045228655787256
21.5 0.018146488180513
21.51 0.016996958554331
21.52 -0.003306138506872
21.53 -0.044589423239752
21.54 -0.052731546766442
21.55 -0.043685597055905
21.56 -0.056327381636296
21.57 -0.059806940149745
21.58 -0.052425122165793
21.59 -0.046987020491782
21.6 -0.027975747282748
21.61 -0.005565732728021
21.62 0.011822181072263
21.63 0.025322071879963
21.64 0.045597848498256
21.65 0.057651777482433
21.66 0.060248340172971
21.67 0.056162725024011
21.68 0.054926183486921
21.69 0.044901301026813
21.7 0.033995879259248
21.71 0.023428209767187
21.72 0.013530861303733
21.73 0.001256438471807
21.74 -0.007916260844989
21.75 -0.015480073553645
21.76 -0.023259985464627
21.77 -0.027647045303177
21.78 -0.025776333531709
21.79 -0.010854856207694
21.8 0.00010258649679
21.81 0.001158617738058
21.82 0.015837592794409
21.83 0.035012910720973
21.84 0.030107738778388
21.85 0.023065473908943
21.86 0.021129116562285
21.87 0.00746963307886
21.88 -0.008237783953314
21.89 -0.018331335626628
21.9 -0.034464411492269
21.91 -0.042111710842923
21.92 -0.042752319791339
21.93 -0.049251627735795
21.94 -0.057288538987117
21.95 -0.046943961765838
21.96 -0.04143463297162
21.97 -0.046973676118219
21.98 -0.043970594225813
21.99 -0.036650206449553
22.0 -0.031662277083269
22.01 -0.022721657510551
22.02 -0.014383717055799
22.03 -0.005043895444021
22.04 0.004964826557864
22.05 0.011903081373837
22.06 0.016252394959954
22.07 0.014794923752289
22.08 0.00983979027825
22.09 0.00523291811561
22.1 0.002831380114156
22.11 -0.00335470413076
22.12 -0.007010810008426
22.13 -0.004823831223111
22.14 0.000595973642793
22.15 0.004706900249905
22.16 0.009198700331808
22.17 0.011885463540553
22.18 0.008912735068819
22.19 0.002764758753621
22.2 -0.003267884079785
22.21 -0.010271609273493
22.22 -0.021621928249579
22.23 -0.030971991426156
22.24 -0.034795451269203
22.25 -0.036635900968721
22.26 -0.040584021046234
22.27 -0.04501959133151
22.28 -0.046289408335581
22.29 -0.046733523292244
22.3 -0.047234218917445
22.31 -0.046168802530396
22.32 -0.044462018758167
22.33 -0.040904794431366
22.34 -0.03635872636662
22.35 -0.038906620550547
22.36 -0.038094736203662
22.37 -0.03450874702701
22.38 -0.0411657100869
22.39 -0.045507262528604
22.4 -0.04509012720877
22.41 -0.046944499747254
22.42 -0.04323324414638
22.43 -0.034206672872429
22.44 -0.03231474153627
22.45 -0.023465232643635
22.46 -0.011712588035902
22.47 -0.004954796721031
22.48 -0.001199994780333
22.49 0.00473675107129
22.5 0.00417988302109
22.51 0.001423253547188
22.52 -0.005674878019952
22.53 -0.016076618507818
22.54 -0.026099046142864
22.55 -0.031362407867065
22.56 -0.039173186155415
22.57 -0.04387599759315
22.58 -0.0399760801478
22.59 -0.034370711482731
22.6 -0.027090940562351
22.61 -0.018218744259909
22.62 -0.00821482682756
22.63 0.001277601324498
22.64 0.011250463043157
22.65 0.018440252889926
22.66 0.022392253276977
22.67 0.027251266023779
22.68 0.035317145673977
22.69 0.035772213567602
22.7 0.034213881884673
22.71 0.038151270342645
22.72 0.037407415150748
22.73 0.032288333886505
22.74 0.028675125885516
22.75 0.026410725705052
22.76 0.023728487170617
22.77 0.02183551880744
22.78 0.023499105794001
22.79 0.024826185059294
22.8 0.030431174272501
22.81 0.033721684245937
22.82 0.038065539043976
22.83 0.038638265389138
22.84 0.039453263846496
22.85 0.042773395074231
22.86 0.040147908423622
22.87 0.026264993434961
22.88 0.017026238648513
22.89 0.012902306471944
22.9 -0.000781095459463
22.91 -0.014704051389402
22.92 -0.019701142939855
22.93 -0.02460133536369
22.94 -0.028393805327531
22.95 -0.027355661317121
22.96 -0.02579167271911
22.97 -0.020455808233824
22.98 -0.013362185999881
22.99 -0.004335278797023
23.0 0.00316043444713
23.01 0.009113347090704
23.02 0.013616922393876
23.03 0.017926104029696
23.04 0.017574090347496
23.05 0.018448178240925
23.06 0.019546510972784
23.07 0.02134752173492
23.08 0.024700757011609
23.09 0.031778004902555
23.1 0.037537825614772
23.11 0.042005542696781
23.12 0.046416921972405
23.13 0.049874686697752
23.14 0.051991745899867
23.15 0.053162328738895
23.16 0.05371960338547
23.17 0.054206973398728
23.18 0.053539641323123
23.19 0.052911559352926
23.2 0.051079226755513
23.21 0.050631392332776
23.22 0.047783339120636
23.23 0.046915633848976
23.24 0.048811558690229
23.25 0.047923529113184
23.26 0.043762212183198
23.27 0.035503126233333
23.28 0.022816543413024
23.29 0.009545394736873
23.3 0.001775090683668
23.31 -0.00972295214515
23.32 -0.023548071718191
23.33 -0.028076231626824
23.34 -0.025951296510876
23.35 -0.030362375131211
23.36 -0.032955184526104
23.37 -0.032341721506833
23.38 -0.033663098522288
23.39 -0.035066039919568
23.4 -0.035027458319823
23.41 -0.036159857041633
23.42 -0.03593911723807
23.43 -0.036029943700384
23.44 -0.035546913514513
23.45 -0.031271621872825
23.46 -0.025731088970001
23.47 -0.02034992489956
23.48 -0.016074711823827
23.49 -0.012206234584955
23.5 -0.008913565205251
23.51 -0.010110451187545
23.52 -0.014035810976515
23.53 -0.018970825291543
23.54 -0.025839171701734
23.55 -0.031157359748887
23.56 -0.034497062138962
23.57 -0.034427366446552
23.58 -0.028951988618779
23.59 -0.019641090883334
23.6 -0.018362757749564
23.61 -0.007398187191796
23.62 0.005065720470406
23.63 0.008355893558676
23.64 0.012746011567505
23.65 0.022636488236169
23.66 0.025332966739707
23.67 0.029679888572512
23.68 0.033578037055
23.69 0.035015785203299
23.7 0.034860399905273
23.71 0.034038565407189
23.72 0.031108835628078
23.73 0.025927933201009
23.74 0.017373758761372
23.75 0.011246517957576
23.76 0.008155999059593
23.77 0.004057454560336
23.78 0.001452904944581
23.79 0.004576916770554
23.8 0.008076700866808
23.81 0.011258387295719
23.82 0.01284162782618
23.83 0.011255869975478
23.84 0.007587514152559
23.85 0.001232395355093
23.86 -0.006038760082176
23.87 -0.013977944101248
23.88 -0.02178516225332
23.89 -0.024517223640997
23.9 -0.027194994432009
23.91 -0.028710288963233
23.92 -0.025640553462137
23.93 -0.021345487120488
23.94 -0.017493837139994
23.95 -0.013499161734307
23.96 -0.010371302981343
23.97 -0.011030721838971
23.98 -0.012317414485958
23.99 -0.015868083288541
24.0 -0.021247423333931
24.01 -0.026883225217635
24.02 -0.0292441522876
24.03 -0.031413205233994
24.04 -0.033088273234063
24.05 -0.034909105949628
24.06 -0.032298352622483
24.07 -0.029619534442013
24.08 -0.029541315145584
24.09 -0.027521539959661
24.1 -0.020482404422609
24.11 -0.014702356989936
24.12 -0.006668410583583
24.13 -0.000961974423686
24.14 0.00801250343876
24.15 0.01351323846391
24.16 0.017713188759914
24.17 0.019438501227097
24.18 0.020851825156869
24.19 0.018459986425059
24.2 0.014136760770612
24.21 0.008382531702498
24.22 0.002216485280909
24.23 -0.004486934532438
24.24 -0.010459113738223
24.25 -0.013273958329153
24.26 -0.013132410583969
24.27 -0.010887541090615
24.28 -0.00786093338168
24.29 -0.004581479938458
24.3 -0.002023860794207
24.31 -0.001253542709295
24.32 -0.00303719180069
24.33 -0.005643889597752
24.34 -0.008405172649399
24.35 -0.010468825317859
24.36 -0.012581828032194
24.37 -0.01501165842058
24.38 -0.017547044848029
24.39 -0.022253910385665
24.4 -0.026550526918661
24.41 -0.029614954661211
24.42 -0.033825622620305
24.43 -0.037352564316237
24.44 -0.03639554441037
24.45 -0.035978585706713
24.46 -0.031928618720785
24.47 -0.022840328857858
24.48 -0.009056557461559
24.49 -0.002413077466639
24.5 0.0073882606679
24.51 0.020004688779797
24.52 0.025728019881372
24.53 0.026063924276895
24.54 0.026244660721588
24.55 0.023099084655414
24.56 0.018828733864181
24.57 0.015151313679618
24.58 0.011626674664529
24.59 0.01016099930738
24.6 0.009661221684254
24.61 0.011005995747499
24.62 0.012629395368354
24.63 0.015334544150816
24.64 0.01857947818461
24.65 0.021083097408053
24.66 0.023917999121364
24.67 0.027147199021902
24.68 0.028495272801383
24.69 0.030530835176459
24.7 0.037968716135724
24.71 0.040790214978886
24.72 0.039189827566027
24.73 0.045165802025181
24.74 0.047459386900354
24.75 0.034757947877959
24.76 0.008796323921116
24.77 -0.000229838987798
24.78 -0.008041205975787
24.79 -0.033594044301201
24.8 -0.050230651378314
24.81 -0.049002922894789
24.82 -0.053577084022668
24.83 -0.056490890855948
24.84 -0.053771514767084
24.85 -0.049768775880503
24.86 -0.041409799481939
24.87 -0.030321720807322
24.88 -0.017615969957002
24.89 -0.008028428085428
24.9 0.0009247472146
24.91 0.010612761942794
24.92 0.015772913917737
24.93 0.016081768656711
24.94 0.020153093424191
 
 
 
 
 
 
 
 
 
 
 
 
 
 
 
 
 
 
 
 
 
 
 
 
 
 
 
 
 
 
 
 
 
 
 
 
 
 
 
 
 
 
 
 
 
 
 
 
 
 
 
 
 
 
 
 
 
 
 
 
 
 
 
 
 
 
 
 
 
 
 
 
 
 
 
 
 
 
 
 
 
 
 
 
 
 
 
 
 
 
 
 
 
 
 
 
 
 
 
 
 
 
 
 
 
 
 
 
 
 
 
 
 
 
 
 
 
 
 
 
 
 
 
 
 
 
 
 
 
 
 
 
 
 
 
 
 
 
 
 
 
 
 
 
 
 
 
 
 
 
 
 
 
 
 
 
 
 
 
 
 
 
 
 
 
 
 
 
 
 
 
 
 
 
 
 
 
 
 
 
 
 
 
 
 
 
 
 
 
 
 
 
 
 
 
 
 
 
 
 
 
 
 
 
 
 
 
 
 
 
 
 
 
 
 
 
 
 
 
 
 
 
 
 
 
 
 
 
 
 
 
 
 
 
 
 
 
 
 
 
 
 
 
 
 
 
 
 
 
 
 
 
 
 
 
 
 
 
 
 
 
 
 
 
 
 
 
 
 
 
 
 
 
 
 
 
 
 
 
 
 
 
 
 
 
 
 
 
 
 
 
 
 
 
 
 
 
 
 
 
 
 
 
 
 
 
 
 
 
 
 
 
 
 
 
 
 
 
 
 
 
 
 
 
 
 
 
 
 
 
 
 
 
 
 
 
 
 
 
 
 
 
 
 
 
 
 
 
 
 
 
 
 
 
 
 
 
 
 
 
 
 
 
 
 
 
 
 
 
 
 
 
 
 
 
 
 
 
 
 
 
 
 
 
 
 
 
 
 
 
 
 
 
 
 
 
 
 
 
 
 
 
 
 
 
 
 
 
 
 
 
 
 
 
 
 
 
 
 
 
 
 
 
 
 
 
 
 
 
 
 
 
 
 
 
 
 
 
 
 
 
 
 
 
 
 
 
 
 
 
 
 
 
 
 
 
 
 
 
 
 
 
 
 
 
 
 
 
 
 
 
 
 
 
 
 
 
 
 
 
 
 
 
 
 
 
 
 
 
 
 
 
 
 
 
 
 
 
 
 
 
 
 
 
 
 
 
 
 
 
 
 
 
 
 
 
 
 
 
 
 
 
 
 
 
 
 
 
 
 
 
 
 
 
 
 
 
 
 
 
 
 
 
 
 
 
 
 
 
 
 
 
 
 
 
 
 
 
 
 
 
 
 
 
 
 
 
 
 
 
 
 
 
 
 
 
 
 
 
 
 
 
 
 
 
 
 
 
 
 
 
 
 
 
 
 
 
 
 
 
 
 
 
 
 
 
 
 
 
 
 
 
 
 
 
 
 
 
 
 
 
 
 
 
 
 
 
 
 
 
 
 
 
 
 
 
 
 
 
 
 
 
 
 
 
 
 
 
 
 
 
 
 
 
 
 
 
 
 
 
 
 
 
 
 
 
 
 
 
 
 
 
 
 
 
 
 
 
 
 
 
 
 
 
 
 
 
 
 
 
 
 
 
 
 
 
 
 
 
 
 
 
 
 
 
 
 
 
 
 
 
 
 
 
 
 
 
 
 
 
 
 
 
 
 
 
 
 
 
 
 
 
 
 
 
 
 
 
 
 
 
 
 
 
 
 
 
 
 
 
 
 
 
 
 
 
 
 
 
 
 
 
 
 
 
 
 
 
 
 
 
 
 
 
 
 
 
 
 
 
 
 
 
 
 
 
 
 
 
 
 
 
 
 
 
 
 
 
 
 
 
 
 
 
 
 
 
 
 
 
 
 
 
 
 
 
 
 
 
 
 
 
 
 
 
 
 
 
 
 
 
 
 
 
 
 
 
 
 
 
 
 
 
 
 
 
 
 
 
 
 
 
 
 
 
 
 
 
 
 
 
 
 
 
 
 
 
 
 
 
 
 
 
 
 
 
 
 
 
 
 
 
 
 
 
 
 
 
 
 
 
 
 
 
 
 
 
 
 
 
 
 
 
 
 
 
 
 
 
 
 
 
 
 
 
 
 
 
 
 
 
 
 
 
 
 
 
 
 
 
 
 
 
 
 
 
 
 
 
 
 
 
 
 
 
 
 
 
 
 
 
 
 
 
 
 
 
 
 
 
 
 
 
 
 
 
 
 
 
 
 
 
 
 
 
 
 
 
 
 
 
 
 
 
 
 
 
 
 
 
 
 
 
 
 
 
 
 
 
 
 
 
 
 
 
 
 
 
 
 
 
 
 
 
 
 
 
 
 
 
 
 
 
 
 
 
 
 
 
 
 
 
 
 
 
 
 
 
 
 
 
 
 
 
 
 
 
 
 
 
 
 
 
 
 
 
 
 
 
 
 
 
 
 
 
 
 
 
 
 
 
 
 
 
 
 
 
 
 
 
 
 
 
 
 
 
 
 
 
 
 
 
 
 
 
 
 
 
 
 
 
 
 
 
 
 
 
 
 
 
 
 
 
 
 
 
 
 
 
 
 
 
 
 
 
 
 
 
 
 
 
 
 
 
 
 
 
 
 
 
 
 
 
 
 
 
 
 
 
 
 
 
 
 
 
 
 
 
 
 
 
 
 
 
 
 
 
 
 
 
 
 
 
 
 
 
 
 
 
 
 
 
 
 
 
 
 
 
 
 
 
 
 
 
 
 
 
 
 
 
 
 
 
 
 
 
 
 
 
 
 
 
 
 
 
 
 
 
 
 
 
 
 
 
 
 
 
 
 
 
 
 
 
 
 
 
 
 
 
 
 
 
 
 
 
 
 
 
 
 
 
 
 
 
 
 
 
 
 
 
 
 
 
 
 
 
 
 
 
 
 
 
 
 
 
 
 
 
 
 
 
 
 
 
 
 
 
 
 
 
 
 
 
 
 
 
 
 
 
 
 
 
 
 
 
 
 
 
 
 
 
 
 
 
 
 
 
 
 
 
 
 
 
 
 
 
 
 
 
 
 
 
 
 
 
 
 
 
 
 
 
 
 
 
 
 
 
 
 
 
 
 
 
 
 
 
 
 
 
 
 
 
 
 
 
 
 
 
 
 
 
 
 
 
 
 
 
 
 
 
 
 
 
 
 
 
 
 
 
 
 
 
 
 
 
 
 
 
 
 
 
 
 
 
 
 
 
 
 
 
 
 
 
 
 
 
 
 
 
 
 
 
 
 
 
 
 
 
 
 
 
 
 
 
 
 
 
 
 
 
 
 
 
 
 
 
 
 
 
 
 
 
 
 
 
 
 
 
 
 
 
 
 
 
 
 
 
 
 
 
 
 
 
 
 
 
 
 
 
 
 
 
 
 
 
 
 
 
 
 
 
 
 
 
 
 
 
 
 
 
 
 
 
 
 
 
 
 
 
 
 
 
 
 
 
 
 
 
 
 
 
 
 
 
 
 
 
 
 
 
 
 
 
 
 
 
 
 
 
 
 
 
 
 
 
 
 
 
 
 
 
 
 
 
 
 
 
 
 
 
 
 
 
 
 
 
 
 
 
 
 
 
 
 
 
 
 
 
 
 
 
 
 
 
 
 
 
 
 
 
 
 
 
 
 
 
 
 
 
 
 
 
 
 
 
 
 
 
 
 
 
 
 
 
 
 
 
 
 
 
 
 
 
 
 
 
 
 
 
 
 
 
 
 
 
 
 
 
 
 
 
 
 
 
 
 
 
 
 
 
 
 
 
 
 
 
 
 
 
 
 
 
 
 
 
 
 
 
 
 
 
 
 
 
 
 
 
 
 
 
 
 
 
 
 
 
 
 
 
 
 
 
 
 
 
 
 
 
 
 
 
 
 
 
 
 
 
 
 
 
 
 
 
 
 
 
 
 
 
 
 
 
 
 
 
 
 
 
 
 
 
 
 
 
 
 
 
 
 
 
 
 
 
 
 
 
 
 
 
 
 
 
 
 
 
 
 
 
 
 
 
 
 
 
 
 
 
 
 
 
 
 
 
 
 
 
 
 
 
 
 
 
 
 
 
 
 
 
 
 
 
 
 
 
 
 
 
 
 
 
 
 
 
 
 
 
 
 
 
 
 
 
 
 
 
 
 
 
 
 
 
 
 
 
 
 
 
 
 
 
 
 
 
 
 
 
 
 
 
 
 
 
 
 
 
 
 
 
 
 
 
 
 
 
 
 
 
 
 
 
 
 
 
 
 
 
 
 
 
 
 
 
 
 
 
 
 
 
 
 
 
 
 
 
 
 
 
 
 
 
 
 
 
 
 
 
 
 
 
 
 
 
 
 
 
 
 
 
 
 
 
 
 
 
 
 
 
 
 
 
 
 
 
 
 
 
 
 
 
 
 
 
 
 
 
 
 
 
 
 
 
 
 
 
 
 
 
 
 
 
 
 
 
 
 
 
 
 
 
 
 
 
 
 
 
 
 
 
 
 
 
 
 
 
 
 
 
 
 
 
 
 
 
 
 
 
 
 
 
 
 
 
 
 
 
 
 
 
 
 
 
 
 
 
 
 
 
 
 
 
 
 
 
 
 
 
 
 
 
 
 
 
 
 
 
 
 
 
 
 
 
 
 
 
 
 
 
 
 
 
 
 
 
 
 
 
 
 
 
 
 
 
 
 
 
 
 
 
 
 
 
 
 
 
 
 
 
 
 
 
 
 
 
 
 
 
 
 
 
 
 
 
 
 
 
 
 
 
 
 
 
 
 
 
 
 
 
 
 
 
 
 
 
 
 
 
 
 
 
 
 
 
 
 
 
 
 
 
 
 
 
 
 
 
 
 
 
 
 
 
 
 
 
 
 
 
 
 
 
 
 
 
 
 
 
 
 
 
 
 
 
 
 
 
 
 
 
 
 
 
 
 
 
 
 
 
 
 
 
 
 
 
 
 
 
 
 
 
 
 
 
 
 
 
 
 
 
 
 
 
 
 
 
 
 
 
 
 
 
 
 
 
 
 
 
 
 
 
 
 
 
 
 
 
 
 
 
 
 
 
 
 
 
 
 
 
 
 
 
 
 
 
 
 
 
 
 
 
 
 
 
 
 
 
 
 
 
 
 
 
 
 
 
 
 
 
 
 
 
 
 
 
 
 
 
 
 
 
 
 
 
 
 
 
 
 
 
 
 
 
 
 
 
 
 
 
 
 
 
 
 
 
 
 
 
 
 
 
 
 
 
 
 
 
 
 
 
 
 
 
 
 
 
 
 
 
 
 
 
 
 
 
 
 
 
 
 
 
 
 
 
 
 
 
 
 
 
 
 
 
 
 
 
 
 
 
 
 
 
 
 
 
 
 
 
 
 
 
 
 
 
 
 
 
 
 
 
 
 
 
 
 
 
 
 
 
 
 
 
 
 
 
 
 
 
 
 
 
 
 
 
 
 
 
 
 
 
 
 
 
 
 
 
 
 
 
 
 
 
 
 
 
 
 
 
 
 
 
 
 
 
 
 
 
 
 
 
 
 
 
 
 
 
 
 
 
 
 
 
 
 
 
 
 
 
 
 
 
 
 
 
 
 
 
 
 
 
 
 
 
 
 
 
 
 
 
 
 
 
 
 
 
 
 
 
 
 
 
 
 
 
 
 
 
 
 
 
 
 
 
 
 
 
 
 
 
 
 
 
 
 
 
 
 
 
 
 
 
 
 
 
 
 
 
 
 
 
 
 
 
 
 
 
 
 
 
 
 
 
 
 
 
 
 
 
 
 
 
 
 
 
 
 
 
 
 
 
 
 
 
 
 
 
 
 
 
 
 
 
 
 
 
 
 
 
 
 
 
 
 
 
 
 
 
 
 
 
 
 
 
 
 
 
 
 
 
 
 
 
 
 
 
 
 
 
 
 
 
 
 
 
 
 
 
 
 
 
 
 
 
 
 
 
 
 
 
 
 
 
 
 
 
 
 
 
 
 
 
 
 
 
 
 
 
 
 
 
 
 
 
 
 
 
 
 
 
 
 
 
 
 
 
 
 
 
 
 
 
 
 
 
 
 
 
 
 
 
 
 
 
 
 
 
 
 
 
 
 
 
 
 
 
 
 
 
 
 
 
 
 
 
 
 
 
 
 
 
 
 
 
 
 
 
 
 
 
 
 
 
 
 
 
 
 
 
 
 
 
 
 
 
 
 
 
 
 
 
 
 
 
 
 
 
 
 
 
 
 
 
 
 
 
 
 
 
 
 
 
 
 
 
 
 
 
 
 
 
 
 
 
 
 
 
 
 
 
 
 
 
 
 
 
 
 
 
 
 
 
 
 
 
 
 
 
 
 
 
 
 
 
 
 
 
 
 
 
 
 
 
 
 
 
 
 
 
 
 
 
 
 
 
 
 
 
 
 
 
 
 
 
 
 
 
 
 
 
 
 
 
 
 
 
 
 
 
 
 
 
 
 
 
 
 
 
 
 
 
 
 
 
 
 
 
 
 
 
 
 
 
 
 
 
 
 
 
 
 
 
 
 
 
 
 
 
 
 
 
 
 
 
 
 
 
 
 
 
 
 
 
 
 
 
 
 
 
 
 
 
 
 
 
 
 
 
 
 
 
 
 
 
 
 
 
 
 
 
 
 
 
 
 
 
 
 
 
 
 
 
 
 
 
 
 
 
 
 
 
 
 
 
 
 
 
 
 
 
 
 
 
 
 
 
 
 
 
 
 
 
 
 
 
 
 
 
 
 
 
 
 
 
 
 
 
 
 
 
 
 
 
 
 
 
 
 
 
 
 
 
 
 
 
 
 
 
 
 
 
 
 
 
 
 
 
 
 
 
 
 
 
 
 
 
 
 
 
 
 
 
 
 
 
 
 
 
 
 
 
 
 
 
 
 
 
 
 
 
 
 
 
 
 
 
 
 
 
 
 
 
 
 
 
 
 
 
 
 
 
 
 
 
 
 
 
 
 
 
 
 
 
 
 
 
 
 
 
 
 
 
 
 
 
 
 
 
 
 
 
 
 
 
 
 
 
 
 
 
 
 
 
 
 
 
 
 
 
 
 
 
 
 
 
 
 
 
 
 
 
 
 
 
 
 
 
 
 
 
 
 
 
 
 
 
 
 
 
 
 
 
 
 
 
 
 
 
 
 
 
 
 
 
 
 
 
 
 
 
 
 
 
 
 
 
 
 
 
 
 
 
 
 
 
 
 
 
 
 
 
 
 
 
 
 
 
 
 
 
 
 
 
 
 
 
 
 
 
 
 
 
 
 
 
 
 
 
 
 
 
 
 
 
 
 
 
 
 
 
 
 
 
 
 
 
 
 
 
 
 
 
 
 
 
 
 
 
 
 
 
 
 
 
 
 
 
 
 
 
 
 
 
 
 
 
 
 
 
 
 
 
 
 
 
 
 
 
 
 
 
 
 
 
 
 
 
 
 
 
 
 
 
 
 
 
 
 
 
 
 
 
 
 
 
 
 
 
 
 
 
 
 
 
 
 
 
 
 
 
 
 
 
 
 
 
 
 
 
 
 
 
 
 
 
 
 
 
 
 
 
 
 
 
 
 
 
 
 
 
 
 
 
 
 
 
 
 
 
 
 
 
 
 
 
 
 
 
 
 
 
 
 
 
 
 
 
 
 
 
 
 
 
 
 
 
 
 
 
 
 
 
 
 
 
 
 
 
 
 
 
 
 
 
 
 
 
 
 
 
 
 
 
 
 
 
 
 
 
 
 
 
 
 
 
 
 
 
 
 
 
 
 
 
 
 
 
 
 
 
 
 
 
 
 
 
 
 
 
 
 
 
 
 
 
 
 
 
 
 
 
 
 
 
 
 
 
 
 
 
 
 
 
 
 
 
 
 
 
 
 
 
 
 
 
 
 
 
 
 
 
 
 
 
 
 
 
 
 
 
 
 
 
 
 
 
 
 
 
 
 
 
 
 
 
 
 
 
 
 
 
 
 
 
 
 
 
 
 
 
 
 
 
 
 
 
 
 
 
 
 
 
 
 
 
 
 
 
 
 
 
 
 
 
 
 
 
 
 
 
 
 
 
 
 
 
 
 
 
 
 
 
 
 
 
 
 
 
 
 
 
 
 
 
 
 
 
 
 
 
 
 
 
 
 
 
 
 
 
 
 
 
 
 
 
 
 
 
 
 
 
 
 
 
 
 
 
 
 
 
 
 
 
 
 
 
 
 
 
 
 
 
 
 
 
 
 
 
 
 
 
 
 
 
 
 
 
 
 
 
 
 
 
 
 
 
 
 
 
 
 
 
 
 
 
 
 
 
 
 
 
 
 
 
 
 
 
 
 
 
 
 
 
 
 
 
 
 
 
 
 
 
 
 
 
 
 
 
 
 
 
 
 
 
 
 
 
 
 
 
 
 
 
 
 
 
 
 
 
 
 
 
 
 
 
 
 
 
 
 
 
 
 
 
 
 
 
 
 
 
 
 
 
 
 
 
 
 
 
 
 
 
 
 
 
 
 
 
 
 
 
 
 
 
 
 
 
 
 
 
 
 
 
 
 
 
 
 
 
 
 
 
 
 
 
 
 
 
 
 
 
 
 
 
 
 
 
 
 
 
 
 
 
 
 
 
 
 
 
 
 
 
 
 
 
 
 
 
 
 
 
 
 
 
 
 
 
 
 
 
 
 
 
 
 
 
 
 
 
 
 
 
 
 
 
 
 
 
 
 
 
 
 
 
 
 
 
 
 
 
 
 
 
 
 
 
 
 
 
 
 
 
 
 
 
 
 
 
 
 
 
 
 
 
 
 
 
 
 
 
 
 
 
 
 
 
 
 
 
 
 
 
 
 
 
 
 
 
 
 
 
 
 
 
 
 
 
 
 
 
 
 
 
 
 
 
 
 
 
 
 
 
 
 
 
 
 
 
 
 
 
 
 
 
 
 
 
 
 
 
 
 
 
 
 
 
 
 
 
 
 
 
 
 
 
 
 
 
 
 
 
 
 
 
 
 
 
 
 
 
 
 
 
 
 
 
 
 
 
 
 
 
 
 
 
 
 
 
 
 
 
 
 
 
 
 
 
 
 
 
 
 
 
 
 
 
 
 
 
 
 
 
 
 
 
 
 
 
 
 
 
 
 
 
 
 
 
 
 
 
 
 
 
 
 
 
 
 
 
 
 
 
 
 
 
 
 
 
 
 
 
 
 
 
 
 
 
 
 
 
 
 
 
 
 
 
 
 
 
 
 
 
 
 
 
 
 
 
 
 
 
 
 
 
 
 
 
 
 
 
 
 
 
 
 
 
 
 
 
 
 
 
 
 
 
 
 
 
 
 
 
 
 
 
 
 
 
 
 
 
 
 
 
 
 
 
 
 
 
 
 
 
 
 
 
 
 
 
 
 
 
 
 
 
 
 
 
 
 
 
 
 
 
 
 
 
 
 
 
 
 
 
 
 
 
 
 
 
 
 
 
 
 
 
 
 
 
 
 
 
 
 
 
 
 
 
 
 
 
 
 
 
 
 
 
 
 
 
 
 
 
 
 
 
 
 
 
 
 
 
 
 
 
 
 
 
 
 
 
 
 
 
 
 
 
 
 
 
 
 
 
 
 
 
 
 
 
 
 
 
 
 
 
 
 
 
 
 
 
 
 
 
 
 
 
 
 
 
 
 
 
 
 
 
 
 
 
 
 
 
 
 
 
 
 
 
 
 
 
 
 
 
 
 
 
 
 
 
 
 
 
 
 
 
 
 
 
 
 
 
 
 
 
 
 
 
 
 
 
 
 
 
 
 
 
 
 
 
 
 
 
 
 
 
 
 
 
 
 
 
 
 
 
 
 
 
 
 
 
 
 
 
 
 
 
 
 
 
 
 
 
 
 
 
 
 
 
 
 
 
 
 
 
 
 
 
 
 
 
 
 
 
 
 
 
 
 
 
 
 
 
 
 
 
 
 
 
 
 
 
 
 
 
 
 
 
 
 
 
 
 
 
 
 
 
 
 
 
 
 
 
 
 
 
 
 
 
 
 
 
 
 
 
 
 
 
 
 
 
 
 
 
 
 
 
 
 
 
 
 
 
 
 
 
 
 
 
 
 
 
 
 
 
 
 
 
 
 
 
 
 
 
 
 
 
 
 
 
 
 
 
 
 
 
 
 
 
 
 
 
 
 
 
 
 
 
 
 
 
 
 
 
 
 
 
 
 
 
 
 
 
 
 
 
 
 
 
 
 
 
 
 
 
 
 
 
 
 
 
 
 
 
 
 
 
 
 
 
 
 
 
 
 
 
 
 
 
 
 
 
 
 
 
 
 
 
 
 
 
 
 
 
 
 
 
 
 
 
 
 
 
 
 
 
 
 
 
 
 
 
 
 
 
 
 
 
 
 
 
 
 
 
 
 
 
 
 
 
 
 
 
 
 
 
 
 
 
 
 
 
 
 
 
 
 
 
 
 
 
 
 
 
 
 
 
 
 
 
 
 
 
 
 
 
 
 
 
 
 
 
 
 
 
 
 
 
 
 
 
 
 
 
 
 
 
 
 
 
 
 
 
 
 
 
 
 
 
 
 
 
 
 
 
 
 
 
 
 
 
 
 
 
 
 
 
 
 
 
 
 
 
 
 
 
 
 
 
 
 
 
 
 
 
 
 
 
 
 
 
 
 
 
 
 
 
 
 
 
 
 
 
 
 
 
 
 
 
 
 
 
 
 
 
 
 
 
 
 
 
 
 
 
 
 
 
 
 
 
 
 
 
 
 
 
 
 
 
 
 
 
 
 
 
 
 
 
 
 
 
 
 
 
 
 
 
 
 
 
 
 
 
 
 
 
 
 
 
 
 
 
 
 
 
 
 
 
 
 
 
 
 
 
 
 
 
 
 
 
 
 
 
 
 
 
 
 
 
 
 
 
 
 
 
 
 
 
 
 
 
 
 
 
 
 
 
 
 
 
 
 
 
 
 
 
 
 
 
 
 
 
 
 
 
 
 
 
 
 
 
 
 
 
 
 
 
 
 
 
 
 
 
 
 
 
 
 
 
 
 
 
 
 
 
 
 
 
 
 
 
 
 
 
 
 
 
 
 
 
 
 
 
 
 
 
 
 
 
 
 
 
 
 
 
 
 
 
 
 
 
 
 
 
 
 
 
 
 
 
 
 
 
 
 
 
 
 
 
 
 
 
 
 
 
 
 
 
 
 
 
 
 
 
 
 
 
 
 
 
 
 
 
 
 
 
 
 
 
 
 
 
 
 
 
 
 
 
 
 
 
 
 
 
 
 
 
 
 
 
 
 
 
 
 
 
 
 
 
 
 
 
 
 
 
 
 
 
 
 
 
 
 
 
 
 
 
 
 
 
 
 
 
 
 
 
 
 
 
 
 
 
 
 
 
 
 
 
 
 
 
 
 
 
 
 
 
 
 
 
 
 
 
 
 
 
 
 
 
 
 
 
 
 
 
 
 
 
 
 
 
 
 
 
 
 
 
 
 
 
 
 
 
 
 
 
 
 
 
 
 
 
 
 
 
 
 
 
 
 
 
 
 
 
 
 
 
 
 
 
 
 
 
 
 
 
 
 
 
 
 
 
 
 
 
 
 
 
 
 
 
 
 
 
 
 
 
 
 
 
 
 
 
 
 
 
 
 
 
 
 
 
 
 
 
 
 
 
 
 
 
 
 
 
 
 
 
 
 
 
 
 
 
 
 
 
 
 
 
 
 
 
 
 
 
 
 
 
 
 
 
 
 
 
 
 
 
 
 
 
 
 
 
 
 
 
 
 
 
 
 
 
 
 
 
 
 
 
 
 
 
 
 
 
 
 
 
 
 
 
 
 
 
 
 
 
 
 
 
 
 
 
 
 
 
 
 
 
 
 
 
 
 
 
 
 
 
 
 
 
 
 
 
 
 
 
 
 
 
 
 
 
 
 
 
 
 
 
 
 
 
 
 
 
 
 
 
 
 
 
 
 
 
 
 
 
 
 
 
 
 
 
 
 
 
 
 
 
 
 
 
 
 
 
 
 
 
 
 
 
 
 
 
 
 
 
 
 
 
 
 
 
 
 
 
 
 
 
 
 
 
 
 
 
 
 
 
 
 
 
 
 
 
 
 
 
 
 
 
 
 
 
 
 
 
 
 
 
 
 
 
 
 
 
 
 
 
 
 
 
 
 
 
 
 
 
 
 
 
 
 
 
 
 
 
 
 
 
 
 
 
 
 
 
 
 
 
 
 
 
 
 
 
 
 
 
 
 
 
 
 
 
 
 
 
 
 
 
 
 
 
 
 
 
 
 
 
 
 
 
 
 
 
 
 
 
 
 
 
 
 
 
 
 
 
 
 
 
 
 
 
 
 
 
 
 
 
 
 
 
 
 
 
 
 
 
 
 
 
 
 
 
 
 
 
 
 
 
 
 
 
 
 
 
 
 
 
 
 
 
 
 
 
 
 
 
 
 
 
 
 
 
 
 
 
 
 
 
 
 
 
 
 
 
 
 
 
 
 
 
 
 
 
 
 
 
 
 
 
 
 
 
 
 
 
 
 
 
 
 
 
 
 
 
 
 
 
 
 
 
 
 
 
 
 
 
 
 
 
 
 
 
 
 
 
 
 
 
 
 
 
 
 
 
 
 
 
 
 
 
 
 
 
 
 
 
 
 
 
 
 
 
 
 
 
 
 
 
 
 
 
 
 
 
 
 
 
 
 
 
 
 
 
 
 
 
 
 
 
 
 
 
 
 
 
 
 
 
 
 
 
 
 
 
 
 
 
 
 
 
 
 
 
 
 
 
 
 
 
 
 
 
 
 
 
 
 
 
 
 
 
 
 
 
 
 
 
 
 
 
 
 
 
 
 
 
 
 
 
 
 
 
 
 
 
 
 
 
 
 
 
 
 
 
 
 
 
 
 
 
 
 
 
