0.0 0.0
0.01 2.33268766e-07
0.02 2.32990181e-07
0.03 2.34102659e-07
0.04 2.37152602e-07
0.05 2.40897047e-07
0.06 2.41210071e-07
0.07 2.32975897e-07
0.08 2.28444916e-07
0.09 2.29245828e-07
0.1 2.11288331e-07
0.11 1.96056856e-07
0.12 2.21385836e-07
0.13 3.26837938e-07
0.14 5.2602745e-07
0.15 5.12375965e-07
0.16 -1.4142604e-07
0.17 -1.592913527e-06
0.18 -3.505129312e-06
0.19 -5.123114055e-06
0.2 -6.705909393e-06
0.21 -9.725095621e-06
0.22 -1.3586905237e-05
0.23 -1.4633020056e-05
0.24 -1.1326860609e-05
0.25 -8.000147969e-06
0.26 -8.84984556e-06
0.27 -1.036211556e-05
0.28 -4.627272705e-06
0.29 1.0809713207e-05
0.3 2.7002296482e-05
0.31 3.0578669627e-05
0.32 1.5692986721e-05
0.33 -1.4217183896e-05
0.34 -3.9771817335e-05
0.35 -3.7311859481e-05
0.36 -1.8648585496e-05
0.37 -7.394879768e-06
0.38 4.514439112e-06
0.39 1.9776845579e-05
0.4 1.2497774195e-05
0.41 -2.5688643015e-05
0.42 -6.306047272e-05
0.43 -6.2850729605e-05
0.44 -3.3252424825e-05
0.45 -2.457146159e-05
0.46 -7.5997464264e-05
0.47 -0.000170797753024
0.48 -0.000234097719863
0.49 -0.000183862766998
0.5 -1.9266145559e-05
0.51 0.00013171662293
0.52 0.000140125561313
0.53 8.172220254e-05
0.54 0.000101518927554
0.55 0.000158942895169
0.56 0.000141353525435
0.57 1.4301005679e-05
0.58 -0.000198258658795
0.59 -0.000345304743677
0.6 -0.000272880677318
0.61 -0.000120132976069
0.62 -9.704914098e-05
0.63 -0.000149737409162
0.64 -0.000139417978767
0.65 -4.7708296151e-05
0.66 6.705477291e-06
0.67 -5.9982972446e-05
0.68 -9.2814344204e-05
0.69 2.9073864903e-05
0.7 0.000183565917739
0.71 0.000236352368615
0.72 0.000128389879021
0.73 -0.000103432706336
0.74 -0.000256978966633
0.75 -0.000166584382102
0.76 -1.6413478266e-05
0.77 -0.000123536136268
0.78 -0.000238942342374
0.79 -4.9284586405e-05
0.8 1.4394723664e-05
0.81 -0.000205854659897
0.82 -0.000183778870652
0.83 7.6347564162e-05
0.84 8.614735411e-06
0.85 -0.000403380100579
0.86 -0.000693255594951
0.87 -0.00070358475439
0.88 -0.000580593982238
0.89 -0.000374815742858
0.9 -6.7245931632e-05
0.91 0.000153907070967
0.92 0.00023422709194
0.93 0.00044136539408
0.94 0.000505968555166
0.95 2.9972028993e-05
0.96 -0.000364138844169
0.97 -0.000108847427644
0.98 0.000184794329903
0.99 0.000198965054377
1.0 0.000399070697947
1.01 0.000427926916847
1.02 -0.000188615919967
1.03 -0.000751148679404
1.04 -0.000766362744868
1.05 -0.00057554472087
1.06 -0.000426480942243
1.07 -0.000382104965101
1.08 -0.000241302318246
1.09 0.000183357135212
1.1 0.000691228893236
1.11 0.001216284930366
1.12 0.001392119949188
1.13 0.000632800889671
1.14 -0.00041159044727
1.15 -0.000583298385476
1.16 -7.7737199206e-05
1.17 -1.127891309e-05
1.18 -0.000570828983855
1.19 -0.000706983477778
1.2 1.503223676e-05
1.21 0.000626479996569
1.22 0.00046393533428
1.23 0.00029304543931
1.24 0.00052095476983
1.25 0.000396605679168
1.26 3.7346763065e-05
1.27 0.000267077781424
1.28 0.000622652574294
1.29 0.000460328357671
1.3 0.000184812592864
1.31 6.8750151788e-05
1.32 -0.000213275998111
1.33 -0.001112596702019
1.34 -0.002294886749386
1.35 -0.002578451425141
1.36 -0.002335566166627
1.37 -0.002888217701629
1.38 -0.003039126974515
1.39 -0.001435302423691
1.4 0.000560939922459
1.41 0.001323241709551
1.42 0.001228044447848
1.43 0.001102285121644
1.44 0.000920125618442
1.45 0.000353300439943
1.46 -0.000171211896766
1.47 -0.000144354966123
1.48 -0.000357137290561
1.49 -0.001120976773336
1.5 -0.001225470426332
1.51 -0.00084809774629
1.52 -0.001031592298659
1.53 -0.000953739146956
1.54 -6.111966878e-05
1.55 0.000703538256258
1.56 0.000682045606608
1.57 0.00058409515327
1.58 0.001823799189435
1.59 0.004057246056802
1.6 0.005200751171989
1.61 0.004829543364453
1.62 0.003552877997869
1.63 0.001329889881654
1.64 -0.000925446881864
1.65 -0.001553929814442
1.66 -0.001038876114894
1.67 -0.001737224661287
1.68 -0.00332221192823
1.69 -0.003244077230578
1.7 -0.001382899225598
1.71 0.000732864526159
1.72 0.001953875697778
1.73 0.001652982609059
1.74 0.000463879427568
1.75 -0.000590922170054
1.76 -0.001749104309088
1.77 -0.002625744658424
1.78 -0.0022814721569
1.79 -0.001641492561341
1.8 -0.001731811103212
1.81 -0.001869954281625
1.82 -0.001631975528139
1.83 -0.001785256748437
1.84 -0.002327067468752
1.85 -0.002377201057023
1.86 -0.002203152744713
1.87 -0.00206700333834
1.88 -0.001121741946104
1.89 0.000513424858087
1.9 0.002066882831986
1.91 0.003342699822775
1.92 0.004298435031673
1.93 0.00461786048607
1.94 0.003922999867374
1.95 0.002147927032355
1.96 0.000109723621009
1.97 -0.000974805865823
1.98 -0.001319350914451
1.99 -0.000998691333012
2.0 0.000446093314311
2.01 0.001749114860493
2.02 0.001207532293703
2.03 0.000657963936093
2.04 0.001757242018453
2.05 0.003040376645955
2.06 0.003433498184985
2.07 0.002499578197038
2.08 6.045182645e-05
2.09 -0.001811655833323
2.1 -0.001081041322283
2.11 -0.000330727493574
2.12 -0.001950639374346
2.13 -0.003211345474588
2.14 -0.002526742919167
2.15 -0.001940314521538
2.16 -0.002195533160247
2.17 -0.002172405909058
2.18 -0.002208882532545
2.19 -0.002664263341032
2.2 -0.002151939172579
2.21 -0.000621467524858
2.22 9.5957696003e-05
2.23 -4.2131888641e-05
2.24 0.000205198189904
2.25 0.000572306710628
2.26 0.000541617229563
2.27 0.000235968191921
2.28 -0.00018055867004
2.29 -0.000711544790141
2.3 -0.001941433069463
2.31 -0.002987064105464
2.32 -0.001876598399224
2.33 0.000918285223516
2.34 0.002997246903859
2.35 0.003394347356261
2.36 0.003702179115974
2.37 0.004338396326946
2.38 0.004365158616531
2.39 0.003991401530272
2.4 0.003316259543178
2.41 0.00189879282128
2.42 -0.000203185563776
2.43 -0.00239062355063
2.44 -0.003980746025274
2.45 -0.004079738392168
2.46 -0.002942881050615
2.47 -0.001826619055303
2.48 -0.000528008280503
2.49 0.000451166924581
2.5 0.000286627022467
2.51 0.000449221578396
2.52 0.002007106056762
2.53 0.003144515226369
2.54 0.003030215398285
2.55 0.002970511542376
2.56 0.002254536799565
2.57 -0.000300727949178
2.58 -0.002957047918734
2.59 -0.003816133305688
2.6 -0.003114518330434
2.61 -0.002114771161888
2.62 -0.001260865446169
2.63 -0.000351145727053
2.64 0.000558861281249
2.65 0.001201631296895
2.66 0.001234373933888
2.67 0.000772252869262
2.68 0.000262540994802
2.69 -0.000884955034447
2.7 -0.003489488973503
2.71 -0.006029953743452
2.72 -0.006721924563598
2.73 -0.005626374166775
2.74 -0.004465197088657
2.75 -0.004109041126443
2.76 -0.003467414576436
2.77 -0.002030842719314
2.78 -4.1351767072e-05
2.79 0.00271793185447
2.8 0.00628638300713
2.81 0.008726564907282
2.82 0.008731086076076
2.83 0.009283524118228
2.84 0.010781178880673
2.85 0.010178115648953
2.86 0.007190819455453
2.87 0.002258782269105
2.88 -0.004788942867163
2.89 -0.011226230069015
2.9 -0.012754972895952
2.91 -0.010377307436725
2.92 -0.008123006318701
2.93 -0.004920359461909
2.94 0.00030429972998
2.95 0.00389564002637
2.96 0.004908141413013
2.97 0.003700382751934
2.98 0.000608343052842
2.99 -0.00253356376599
3.0 -0.005073295305412
3.01 -0.006926483811832
3.02 -0.008976584287008
3.03 -0.012025205021588
3.04 -0.0142358079318
3.05 -0.013464959147976
3.06 -0.011200208399778
3.07 -0.010014036457333
3.08 -0.009163571287411
3.09 -0.008996159843396
3.1 -0.008059132127143
3.11 -0.002813054563323
3.12 0.006354212611585
3.13 0.016447662070831
3.14 0.021763973964392
3.15 0.02253930432749
3.16 0.020130048196582
3.17 0.011863275236397
3.18 0.000329943944966
3.19 -0.008215226722043
3.2 -0.009979401441758
3.21 -0.006785407173914
3.22 -0.002938448074477
3.23 -0.001944585714026
3.24 -0.00296379447065
3.25 -0.005082854462622
3.26 -0.005305936640739
3.27 -0.002091325866611
3.28 -0.000916991303476
3.29 -0.001918414865139
3.3 -0.002003973821329
3.31 -0.000850437957812
3.32 0.000343324823097
3.33 0.001504021556394
3.34 0.003674187252256
3.35 0.005519922625354
3.36 0.00512691651816
3.37 0.002208595901921
3.38 -0.003013337272727
3.39 -0.008574716005395
3.4 -0.011452513794847
3.41 -0.008242622923666
3.42 0.000380354846163
3.43 0.009157943971185
3.44 0.012207794189189
3.45 0.008387029693462
3.46 0.001764924679132
3.47 -0.003281279578511
3.48 -0.003585893960848
3.49 0.000516006090635
3.5 0.00357749763048
3.51 0.003344986509039
3.52 0.002356665918767
3.53 -0.001100449411863
3.54 -0.007603331591969
3.55 -0.012985712113723
3.56 -0.015658581619228
3.57 -0.015374800348016
3.58 -0.014965681469972
3.59 -0.01537185578476
3.6 -0.0131854990117
3.61 -0.006143440015513
3.62 0.007373092889947
3.63 0.022093721729521
3.64 0.030779371179833
3.65 0.03029400993002
3.66 0.024751115845087
3.67 0.016629294495271
3.68 0.009277791833148
3.69 0.006877065783722
3.7 0.007018954700614
3.71 0.007863276867456
3.72 0.007065496879519
3.73 0.00326335107389
3.74 -0.004519507567949
3.75 -0.011494880028277
3.76 -0.013801147488108
3.77 -0.012328105432615
3.78 -0.009332128320078
3.79 -0.005937016368089
3.8 0.003251819836276
3.81 0.017816602537797
3.82 0.027894016058703
3.83 0.029486608504496
3.84 0.026125353972193
3.85 0.018240444889312
3.86 0.002196112119409
3.87 -0.01775749032793
3.88 -0.030540720441377
3.89 -0.032566745775405
3.9 -0.029888634408361
3.91 -0.0262483810611
3.92 -0.018786014637056
3.93 -0.010802884589191
3.94 0.000182940956539
3.95 0.020256540472288
3.96 0.040993875761428
3.97 0.050235053903601
3.98 0.047417018459042
3.99 0.038113288145908
4.0 0.022787458771837
4.01 0.000125673302075
4.02 -0.018728951065697
4.03 -0.025503593993283
4.04 -0.02296291996725
4.05 -0.021174075181888
4.06 -0.024659649308249
4.07 -0.024930142521289
4.08 -0.022346615703178
4.09 -0.013419812822631
4.1 0.001938677968812
4.11 0.013760678643467
4.12 0.019679515984902
4.13 0.019075765410847
4.14 0.015381885132697
4.15 0.009852518461457
4.16 0.005303789792158
4.17 0.004137904775496
4.18 0.003454989785473
4.19 -0.00146808000596
4.2 -0.010641375918422
4.21 -0.015640157808929
4.22 -0.011215797132041
4.23 0.004366661519277
4.24 0.02464929429621
4.25 0.038154797894475
4.26 0.039458054716672
4.27 0.033183647647546
4.28 0.022796705578175
4.29 0.007254739423251
4.3 -0.015991284573798
4.31 -0.031025522015639
4.32 -0.030281188735329
4.33 -0.029948834271736
4.34 -0.02919548135576
4.35 -0.021238470111157
4.36 -0.014609550638394
4.37 -0.00960279850889
4.38 -0.004038742126648
4.39 0.001987425810597
4.4 0.013725228495078
4.41 0.025525431132502
4.42 0.032420213220457
4.43 0.03521777231481
4.44 0.035591072903446
4.45 0.036261173606506
4.46 0.038219374800841
4.47 0.040809142002627
4.48 0.036631470425829
4.49 0.023661581536551
4.5 -0.009084681758476
4.51 -0.046645795868184
4.52 -0.062874021250318
4.53 -0.062506407151521
4.54 -0.064597434451806
4.55 -0.059861965400817
4.56 -0.038749603078008
4.57 -0.005727662947165
4.58 0.044237221917175
4.59 0.073272490436183
4.6 0.079143594084641
4.61 0.090247819330048
4.62 0.093071964892972
4.63 0.086301865656343
4.64 0.08481587236817
4.65 0.073714826250369
4.66 0.060664767371536
4.67 0.032100401509061
4.68 -0.027891871796551
4.69 -0.073286984291905
4.7 -0.076733986554449
4.71 -0.093375754252915
4.72 -0.111563889130677
4.73 -0.113216004480404
4.74 -0.124212154122746
4.75 -0.125194578471044
4.76 -0.119263745554962
4.77 -0.104836813915525
4.78 -0.058751461159162
4.79 -0.00878122658715
4.8 0.030044291175219
4.81 0.059096475488609
4.82 0.08992761876716
4.83 0.110477905933501
4.84 0.12518876385761
4.85 0.144450335110055
4.86 0.160196093110924
4.87 0.168419052418078
4.88 0.17534678759805
4.89 0.172918614079478
4.9 0.159369483086858
4.91 0.134587755711833
4.92 0.114636907175594
4.93 0.092763298185693
4.94 0.056575432924457
4.95 0.049415065376617
4.96 0.06409822562249
4.97 0.073989524998828
4.98 0.087968398900312
4.99 0.083027547909276
5.0 0.058808154828699
5.01 0.022205836261826
5.02 0.003182392859075
5.03 -0.027561961711184
5.04 -0.020782968329599
5.05 -0.022759130988169
5.06 -0.022256699842381
5.07 -0.022641951324599
5.08 -0.029640315364966
5.09 -0.043688805860277
5.1 -0.064273243361706
5.11 -0.075700928941919
5.12 -0.076924118070301
5.13 -0.066442759567341
5.14 -0.039131740606307
5.15 -0.025393048955938
5.16 -0.031831474642982
5.17 -0.045938640069148
5.18 -0.065101565712547
5.19 -0.081269821984145
5.2 -0.089587702519742
5.21 -0.0902083307408
5.22 -0.11445256146644
5.23 -0.162711780438672
5.24 -0.178543726914633
5.25 -0.201766875473313
5.26 -0.215945357445966
5.27 -0.21445057522823
5.28 -0.203756891579139
5.29 -0.173836916951078
5.3 -0.145356635506405
5.31 -0.140749309551988
5.32 -0.140292539390204
5.33 -0.138493372658759
5.34 -0.134209490471464
5.35 -0.093573732634839
5.36 -0.001486259862136
5.37 0.047690617364382
5.38 0.035301993874588
5.39 0.058888415645824
5.4 0.085000165418694
5.41 0.083162599422327
5.42 0.104395758088685
5.43 0.120990843624948
5.44 0.125442758739345
5.45 0.140778980411214
5.46 0.144997451108685
5.47 0.141110634395854
5.48 0.143145373338117
5.49 0.127609307708185
5.5 0.085349730333013
5.51 0.026705220979262
5.52 -0.010632997672435
5.53 -0.012973103000826
5.54 -0.019392383592661
5.55 -0.028738389453339
5.56 -0.035583963427936
5.57 -0.030390482683842
5.58 0.003832065450726
5.59 0.043323208698532
5.6 0.06613621277793
5.61 0.086434764178915
5.62 0.084102180291801
5.63 0.059754444336494
5.64 -0.004374582168766
5.65 -0.069514244685998
5.66 -0.082060710650322
5.67 -0.084759358065377
5.68 -0.090411985384982
5.69 -0.083581083917689
5.7 -0.106790583382799
5.71 -0.120362820204738
5.72 -0.102073004980443
5.73 -0.118087583491338
5.74 -0.119304503596365
5.75 -0.124523514453107
5.76 -0.127400618725177
5.77 -0.126335459735426
5.78 -0.129851305949177
5.79 -0.134198203310181
5.8 -0.144026144670172
5.81 -0.153795679280172
5.82 -0.163060809877696
5.83 -0.168809464763906
5.84 -0.16791691690255
5.85 -0.165266353934758
5.86 -0.151423379152843
5.87 -0.116607200931498
5.88 -0.061704649248782
5.89 -0.078614945194061
5.9 -0.09607295338945
5.91 -0.084034069748988
5.92 -0.084278680975914
5.93 -0.056597703267533
5.94 -0.025263466259591
5.95 0.022246235189783
5.96 0.024690666820393
5.97 0.031797724896761
5.98 0.034748058797585
5.99 0.017477223289603
6.0 -0.036099393031629
6.01 -0.121688551684514
6.02 -0.159352200780655
6.03 -0.131720077003065
6.04 -0.137125275547871
6.05 -0.095632749385679
6.06 -0.027203720341819
6.07 0.031147261990409
6.08 0.049376309997183
6.09 0.084827363614655
6.1 0.121854411882113
6.11 0.134192821351806
6.12 0.142821658797334
6.13 0.177390148341389
6.14 0.250100034963991
6.15 0.280757260516427
6.16 0.288201793201834
6.17 0.306505990855279
6.18 0.328456719017764
6.19 0.341042411316442
6.2 0.349708944271025
6.21 0.362888305331348
6.22 0.365748251741725
6.23 0.359228056914976
6.24 0.351366443568666
6.25 0.341093586985177
6.26 0.338789766844473
6.27 0.317089288491455
6.28 0.182288235771181
6.29 0.003484463511597
6.3 -0.036270681276965
6.31 -0.000634806404214
6.32 -0.046771130909298
6.33 -0.068937511582485
6.34 -0.081665572257358
6.35 -0.06393412220727
6.36 -0.09837603389305
6.37 -0.086783130708313
6.38 -0.080195907901932
6.39 -0.109854688583917
6.4 -0.092606071158795
6.41 -0.088387817734703
6.42 -0.039014804703943
6.43 0.058387235196005
6.44 0.040598133287636
6.45 0.057245814597844
6.46 0.056102325407024
6.47 0.061933564284398
6.48 0.052843219459599
6.49 0.057714132693771
6.5 0.058810073704144
6.51 0.028068364833819
6.52 -0.004539911198207
6.53 -0.006882853155625
6.54 -0.037255661266702
6.55 -0.05043712418024
6.56 -0.082033223794284
6.57 -0.1111958742426
6.58 -0.114260155459658
6.59 -0.120658392538155
6.6 -0.114776481112649
6.61 -0.108887465262761
6.62 -0.079226022923417
6.63 -0.077040853658379
6.64 -0.14589186490684
6.65 -0.161698951622491
6.66 -0.201823295785437
6.67 -0.265575640486224
6.68 -0.133863961774632
6.69 0.154800677306135
6.7 0.068247473801288
6.71 0.087820066671764
6.72 0.152133072789297
6.73 0.100128077338395
6.74 0.127974669251582
6.75 0.090204553893792
6.76 0.017371142095753
6.77 -0.050294099190669
6.78 -0.089833919796175
6.79 -0.07272103984869
6.8 -0.0698707375844
6.81 -0.050666603517383
6.82 -0.01031977487078
6.83 0.037011840744395
6.84 0.092535994060668
6.85 0.115525580324924
6.86 0.126486210721791
6.87 0.149382631625579
6.88 0.148824556726535
6.89 0.116061113010071
6.9 0.130334955208722
6.91 0.176245142765639
6.92 0.209878457791668
6.93 0.24267622099059
6.94 0.238788368013477
6.95 0.278297802667172
6.96 0.275437687058204
6.97 0.276440438006323
6.98 0.283586781419561
6.99 0.25397165575085
7.0 0.255557443506893
7.01 0.214096565886795
7.02 0.197359335814707
7.03 0.152417574436271
7.04 0.079367328145561
7.05 0.07427397948208
7.06 0.090606057453092
7.07 0.080082991484408
7.08 0.112396944524765
7.09 0.106684374318606
7.1 0.110969996617332
7.11 0.099075844137457
7.12 0.080665199741271
7.13 0.07935847642651
7.14 0.069548737364911
7.15 0.04571759849408
7.16 0.031325424167232
7.17 -0.006713250001828
7.18 -0.105283366896489
7.19 -0.182499990067946
7.2 -0.218182223342436
7.21 -0.256422800157625
7.22 -0.305166250284125
7.23 -0.350655700215489
7.24 -0.397371725281333
7.25 -0.445501966015905
7.26 -0.484624887794972
7.27 -0.514910936562417
7.28 -0.549570115847257
7.29 -0.584409689477602
7.3 -0.62307456656269
7.31 -0.658993292907164
7.32 -0.68400761919441
7.33 -0.688850577360846
7.34 -0.658321657303655
7.35 -0.612502658837281
7.36 -0.563616250125269
7.37 -0.498022323415547
7.38 -0.286984157457312
7.39 -0.095224156786731
7.4 -0.056053808486768
7.41 -0.081027998300264
7.42 -0.026029422566804
7.43 0.040599052796049
7.44 0.066489506674691
7.45 0.062097161234814
7.46 0.100898644434886
7.47 0.134949891344947
7.48 0.150143432321332
7.49 0.17243195323338
7.5 0.206406207430759
7.51 0.24289522870229
7.52 0.273078497439361
7.53 0.306589059203578
7.54 0.334097787493902
7.55 0.350192621731599
7.56 0.35641827732015
7.57 0.356715780755015
7.58 0.339345258004889
7.59 0.333438941064769
7.6 0.326578367635727
7.61 0.334086775914144
7.62 0.344774807440338
7.63 0.338947215502498
7.64 0.337762765515291
7.65 0.355360079946197
7.66 0.352087379655395
7.67 0.346945988175611
7.68 0.313421924955536
7.69 0.240822431547364
7.7 0.207469390543449
7.71 0.132802626618505
7.72 0.056020287991962
7.73 -0.011689610335803
7.74 -0.039640351683353
7.75 -0.0570139849583
7.76 -0.090928162883105
7.77 -0.135848280369252
7.78 -0.177283605759352
7.79 -0.206126429435666
7.8 -0.235701604244023
7.81 -0.264711776947022
7.82 -0.282892548221449
7.83 -0.294557294648109
7.84 -0.29837908361176
7.85 -0.295720484692959
7.86 -0.275345374113613
7.87 -0.224563668560406
7.88 -0.163118191704329
7.89 -0.120320477511658
7.9 -0.107280488198232
7.91 -0.112970321416598
7.92 -0.129004713388229
7.93 -0.150208091688938
7.94 -0.155941761834731
7.95 -0.139912007285839
7.96 -0.118024032215188
7.97 -0.092661225648182
7.98 -0.093922330251492
7.99 -0.051835219533092
8.0 -0.027082959926397
8.01 -0.043393462847685
8.02 -0.110890521835268
8.03 -0.247685506508056
8.04 -0.265287504064645
8.05 -0.283890474066894
8.06 -0.31888847000382
8.07 -0.311621246632948
8.08 -0.306127481961849
8.09 -0.303628274210384
8.1 -0.256779381843373
8.11 -0.208644200860374
8.12 -0.259738304849374
8.13 -0.347893741876858
8.14 -0.336179282560079
8.15 -0.322597404308618
8.16 -0.392719535296264
8.17 -0.404315898779753
8.18 -0.200991209055846
8.19 0.070767482210389
8.2 -0.010625930927595
8.21 0.025259600914465
8.22 0.10713299534544
8.23 0.088810671889204
8.24 0.149482236489234
8.25 0.19551092043298
8.26 0.23653732156567
8.27 0.264897656928096
8.28 0.327213557686936
8.29 0.366622569686945
8.3 0.404606065427669
8.31 0.449867211553638
8.32 0.475383334108404
8.33 0.519332293494008
8.34 0.524328087483245
8.35 0.548204973216386
8.36 0.561045135043407
8.37 0.566523277697816
8.38 0.550053738997231
8.39 0.557732230756817
8.4 0.539253695609797
8.41 0.521504396524265
8.42 0.525717984864644
8.43 0.530119150777908
8.44 0.513848938544263
8.45 0.509494555550398
8.46 0.506847932330743
8.47 0.503665270661156
8.48 0.458811506078065
8.49 0.412155488397308
8.5 0.310098150387363
8.51 0.187065834359466
8.52 0.083995342851645
8.53 0.033339988023256
8.54 0.020832391384799
8.55 -0.013715452204449
8.56 -0.071195174416481
8.57 -0.140511769855455
8.58 -0.182085083688732
8.59 -0.217941497401737
8.6 -0.256546324420648
8.61 -0.311704513173098
8.62 -0.347885124131457
8.63 -0.377015213234706
8.64 -0.39532445928448
8.65 -0.421525833966378
8.66 -0.437882637091829
8.67 -0.453979483548023
8.68 -0.461452433785046
8.69 -0.476055581574175
8.7 -0.490349087018079
8.71 -0.510760928824575
8.72 -0.524199199726037
8.73 -0.540344458712067
8.74 -0.550169787860609
8.75 -0.558194082192763
8.76 -0.557302134391503
8.77 -0.547287653883555
8.78 -0.527063696863624
8.79 -0.472397624671592
8.8 -0.406156262130398
8.81 -0.334040321198201
8.82 -0.261981109769116
8.83 -0.192530365481953
8.84 -0.116009875046509
8.85 -0.04921308584279
8.86 0.010045706602834
8.87 0.047145410888696
8.88 0.078160188952289
8.89 0.107799844003834
8.9 0.148402739450676
8.91 0.185491423731623
8.92 0.220419437715545
8.93 0.243440672459713
8.94 0.265749618131347
8.95 0.283944164473688
8.96 0.299444715283793
8.97 0.304074646022977
8.98 0.301326092128596
8.99 0.29094681950167
9.0 0.269693282569351
9.01 0.241309151957232
9.02 0.2115958428047
9.03 0.20002063748724
9.04 0.198344357626453
9.05 0.220148333082139
9.06 0.263919367518992
9.07 0.282520735254041
9.08 0.299911605907109
9.09 0.302394119387536
9.1 0.2735247795968
9.11 0.267647780026204
9.12 0.242708525253218
9.13 0.31504234337633
9.14 0.307518525334761
9.15 0.273682983719089
9.16 0.264474222265243
9.17 0.203945811308481
9.18 0.246065792915424
9.19 0.239547657562779
9.2 0.247117130935968
9.21 0.237363590409107
9.22 0.19183470768643
9.23 0.103022009027181
9.24 -0.007885254472683
9.25 -0.042367186577333
9.26 -0.03243787269656
9.27 -0.059636994110546
9.28 -0.110673747900378
9.29 -0.158549269934426
9.3 -0.176271789175203
9.31 -0.210464616926502
9.32 -0.251109955526474
9.33 -0.286313300771156
9.34 -0.317098842011799
9.35 -0.351363784996268
9.36 -0.383490714586411
9.37 -0.399457061228768
9.38 -0.412546553157218
9.39 -0.413652630610946
9.4 -0.406375091213081
9.41 -0.36398568892837
9.42 -0.308980159771599
9.43 -0.226067301547576
9.44 -0.167498612263316
9.45 -0.156984327239584
9.46 -0.172041845433706
9.47 -0.19976935204415
9.48 -0.244548867395487
9.49 -0.28956512114014
9.5 -0.347566249372733
9.51 -0.382845781383572
9.52 -0.39354420133981
9.53 -0.409771429531454
9.54 -0.39527797056736
9.55 -0.364355714344554
9.56 -0.28938429927668
9.57 -0.311274921630078
9.58 -0.362120160337294
9.59 -0.262925333538696
9.6 -0.050864925551044
9.61 0.010052912762375
9.62 -0.012784446733068
9.63 0.048469936815065
9.64 0.075763824001623
9.65 0.106560427798303
9.66 0.165405802363737
9.67 0.202571172382919
9.68 0.242485823597591
9.69 0.294303717404313
9.7 0.338514934010632
9.71 0.380859293076628
9.72 0.427247869352136
9.73 0.470755966275469
9.74 0.506932571432277
9.75 0.547673764741676
9.76 0.581789892544448
9.77 0.602618575903987
9.78 0.616233238922243
9.79 0.620558633902149
9.8 0.617705375692482
9.81 0.600552882947622
9.82 0.567116285084954
9.83 0.514211488016512
9.84 0.43283686038194
9.85 0.33348694101743
9.86 0.211417062070677
9.87 0.134144389394303
9.88 0.089139039172508
9.89 0.072028922964424
9.9 0.04776353716804
9.91 0.010739670278377
9.92 -0.021559884456022
9.93 -0.042282728093637
9.94 -0.056414950785122
9.95 -0.070362462947993
9.96 -0.071988027030382
9.97 -0.071871649377918
9.98 -0.078966627507526
9.99 -0.089632781775451
10.0 -0.104588761178055
10.01 -0.119935802564347
10.02 -0.139688718253945
10.03 -0.16182172180817
10.04 -0.192071936128732
10.05 -0.228915144496825
10.06 -0.265373532306887
10.07 -0.290755833379594
10.08 -0.311288356349264
10.09 -0.32877985096449
10.1 -0.344728626914067
10.11 -0.350743817320699
10.12 -0.342089637803118
10.13 -0.302159533657929
10.14 -0.20964899924301
10.15 -0.115262910387551
10.16 -0.064144993874105
10.17 -0.062375310905058
10.18 -0.074698699443792
10.19 -0.067316058133548
10.2 -0.081711742689979
10.21 -0.098366570836622
10.22 -0.119502761456788
10.23 -0.112605773199234
10.24 -0.05120241868197
10.25 0.013628323364682
10.26 0.03489531938306
10.27 0.108863454743917
10.28 0.187151165069516
10.29 0.160560143242559
10.3 0.195469731388553
10.31 0.23819790450162
10.32 0.264706656078765
10.33 0.283046438741332
10.34 0.312916081961711
10.35 0.332202476080806
10.36 0.357103303164729
10.37 0.364003934062662
10.38 0.362030964537663
10.39 0.296946830592825
10.4 -0.010056138811897
10.41 -0.142954070670253
10.42 -0.08542234814217
10.43 -0.13187937151946
10.44 -0.184653262622523
10.45 -0.186991691010058
10.46 -0.16974971034385
10.47 -0.232675008910889
10.48 -0.218228503418856
10.49 -0.18921702071451
10.5 -0.176767957814427
10.51 -0.031035907520444
10.52 0.026721694207797
10.53 0.062596896086216
10.54 0.093794319812619
10.55 0.127950303835581
10.56 0.147854621344864
10.57 0.156101848386714
10.58 0.161290941454118
10.59 0.136314186567365
10.6 0.140895105158401
10.61 0.143823017377166
10.62 0.116794558954256
10.63 0.009552438846571
10.64 -0.04343620300943
10.65 -0.074073304864564
10.66 -0.13076409057819
10.67 -0.151626607517984
10.68 -0.165600353648262
10.69 -0.185933237001562
10.7 -0.206098873706764
10.71 -0.221686483137698
10.72 -0.228884664425206
10.73 -0.22237307290927
10.74 -0.194983745882862
10.75 -0.205820753906832
10.76 -0.253044320465182
10.77 -0.269372128073247
10.78 -0.33564208903332
10.79 -0.2060701486566
10.8 0.072030233301604
10.81 0.007213547542838
10.82 0.02883998048248
10.83 0.044012931760291
10.84 0.017384332721807
10.85 -0.017302523584977
10.86 -0.061923694130216
10.87 -0.109412827848374
10.88 -0.098547637300165
10.89 -0.151978040463373
10.9 -0.181177577932195
10.91 -0.216037540925037
10.92 -0.228048863963377
10.93 -0.246510471861277
10.94 -0.259623928082442
10.95 -0.252377579027126
10.96 -0.26087347623706
10.97 -0.25209816330054
10.98 -0.223322485377802
10.99 -0.16101585079157
11.0 -0.092936713403058
11.01 -0.012279237868168
11.02 0.051758516880266
11.03 0.057082002922133
11.04 0.080430385711013
11.05 0.111300338620172
11.06 0.132109669544396
11.07 0.157642228212874
11.08 0.183741316606971
11.09 0.198819348866686
11.1 0.208447223029928
11.11 0.236113821575313
11.12 0.243068757510432
11.13 0.257199443227501
11.14 0.271093768210375
11.15 0.287718772724568
11.16 0.290879424385419
11.17 0.300247150350669
11.18 0.304822381934855
11.19 0.307315737651744
11.2 0.311032080414288
11.21 0.316348047740503
11.22 0.325532399818232
11.23 0.333592767285754
11.24 0.346295047643228
11.25 0.356257210487648
11.26 0.37027799779904
11.27 0.37868612075425
11.28 0.38354827059293
11.29 0.383883266152835
11.3 0.384932820596825
11.31 0.378669603100833
11.32 0.354995834708439
11.33 0.294695742930131
11.34 0.248558085674835
11.35 0.257102848807947
11.36 0.205431150818081
11.37 0.121054458979703
11.38 0.058335376945586
11.39 0.013695387852393
11.4 -0.012806421153014
11.41 -0.03273159312534
11.42 -0.057050178318605
11.43 -0.10055326803091
11.44 -0.13829062227179
11.45 -0.169704668180699
11.46 -0.198155634017862
11.47 -0.236172007763871
11.48 -0.273488820714705
11.49 -0.309896949323998
11.5 -0.343036814253225
11.51 -0.375740248865236
11.52 -0.407352364801788
11.53 -0.425470651137445
11.54 -0.443021094244473
11.55 -0.447629153238742
11.56 -0.451638218155813
11.57 -0.444603822413398
11.58 -0.427704771640827
11.59 -0.382565357982617
11.6 -0.3278483180951
11.61 -0.308257541642676
11.62 -0.294497171714686
11.63 -0.272238794603553
11.64 -0.222147650434526
11.65 -0.169730650620665
11.66 -0.133879516262036
11.67 -0.112071821079145
11.68 -0.087037216191994
11.69 -0.058276257323291
11.7 -0.030188127091964
11.71 -0.005797127004327
11.72 0.007868328013176
11.73 0.013981013078145
11.74 0.017963441600697
11.75 0.024865101496277
11.76 0.028859960400258
11.77 0.033557314179074
11.78 0.042468702453979
11.79 0.061226181330999
11.8 0.088752663933392
11.81 0.119524913659178
11.82 0.146352055427017
11.83 0.16612209518476
11.84 0.182555988724732
11.85 0.200923004108183
11.86 0.224180216760194
11.87 0.252493590186167
11.88 0.284482247067282
11.89 0.315412051694557
11.9 0.344335852852284
11.91 0.369942983582831
11.92 0.392345346403602
11.93 0.409848888073495
11.94 0.422847304169318
11.95 0.429752188498412
11.96 0.43123938918019
11.97 0.427093714955829
11.98 0.424006968160564
11.99 0.416187724985212
12.0 0.410879591443692
12.01 0.387915119551744
12.02 0.36283485205917
12.03 0.346985616360892
12.04 0.320527956946711
12.05 0.290163086344199
12.06 0.211917205215916
12.07 0.102944208882308
12.08 0.043513568908121
12.09 0.035480124979986
12.1 0.032519501362688
12.11 -0.007009462907352
12.12 -0.047994576621652
12.13 -0.063736257721656
12.14 -0.08269106808755
12.15 -0.12003700101574
12.16 -0.15336501196623
12.17 -0.174147162264682
12.18 -0.201026912730113
12.19 -0.232273216067974
12.2 -0.259768172116424
12.21 -0.280127289382399
12.22 -0.303567902677094
12.23 -0.324050157451216
12.24 -0.339820527230598
12.25 -0.349889929447472
12.26 -0.360072199448032
12.27 -0.366491572983802
12.28 -0.369576998393205
12.29 -0.370545380677023
12.3 -0.372101513234051
12.31 -0.37159125342914
12.32 -0.369189474941242
12.33 -0.364871953567826
12.34 -0.35882187365479
12.35 -0.330151825034783
12.36 -0.293609606767538
12.37 -0.276592817641153
12.38 -0.257014181927416
12.39 -0.258168853125372
12.4 -0.258690451559016
12.41 -0.257911813225558
12.42 -0.253353783644865
12.43 -0.240990922335101
12.44 -0.224271148791602
12.45 -0.212266635903782
12.46 -0.20214809863249
12.47 -0.187130517194582
12.48 -0.153636031305911
12.49 -0.120303482335357
12.5 -0.089890125091064
12.51 -0.071295352406782
12.52 -0.056746732317554
12.53 -0.049118877201711
12.54 -0.027889767914028
12.55 -0.006104107084859
12.56 0.018285883295027
12.57 0.041636945173263
12.58 0.060651354204262
12.59 0.081191511082262
12.6 0.099898577476969
12.61 0.120822529005166
12.62 0.134779349491646
12.63 0.149057618563095
12.64 0.160018051562174
12.65 0.175588689682524
12.66 0.190843180614078
12.67 0.206546081186114
12.68 0.222513722151238
12.69 0.242983229945877
12.7 0.266110127292366
12.71 0.288580353494526
12.72 0.309356699007505
12.73 0.325247462667155
12.74 0.337985066269337
12.75 0.343755485442608
12.76 0.349505691973174
12.77 0.348230666649965
12.78 0.348283081335584
12.79 0.343939293862463
12.8 0.334436609168492
12.81 0.302998012856658
12.82 0.241460233893644
12.83 0.169902051204482
12.84 0.087164114084812
12.85 0.015585828993605
12.86 -0.022495363058547
12.87 -0.030979380019819
12.88 -0.042225450688822
12.89 -0.07434987059409
12.9 -0.101547802624944
12.91 -0.113934590235639
12.92 -0.120325334202267
12.93 -0.134660426979209
12.94 -0.144334436412738
12.95 -0.145761277907379
12.96 -0.146326297285105
12.97 -0.147435138054787
12.98 -0.142984815017109
12.99 -0.129143314099398
13.0 -0.112423896952386
13.01 -0.094083606580623
13.02 -0.092371486386058
13.03 -0.10673042700372
13.04 -0.125377430371092
13.05 -0.142981942477458
13.06 -0.152672437903789
13.07 -0.145944983771506
13.08 -0.146885589404194
13.09 -0.130153120647228
13.1 -0.129775532976136
13.11 -0.146439152482117
13.12 -0.135618465259862
13.13 -0.120132778805774
13.14 -0.134029277543992
13.15 -0.128835713535013
13.16 -0.146595159135055
13.17 -0.14493779082137
13.18 -0.145983522372866
13.19 -0.135483648009691
13.2 -0.156597249890212
13.21 -0.156361850479775
13.22 -0.063122048913489
13.23 0.055266007619027
13.24 -0.035803848397468
13.25 0.065596368857081
13.26 0.017725226993376
13.27 0.054806448727255
13.28 0.055388864149324
13.29 0.047143028852345
13.3 0.063653052549023
13.31 0.047901659927639
13.32 0.051843466257201
13.33 0.038074521875121
13.34 0.017105902799203
13.35 -0.007180424893772
13.36 -0.021029847424783
13.37 -0.007450089067579
13.38 0.010330665821478
13.39 0.031300228980168
13.4 0.043276579322106
13.41 0.058683085735627
13.42 0.056299133941757
13.43 0.056170022061867
13.44 0.057718881773227
13.45 0.051759771640019
13.46 0.052424356244819
13.47 0.040073149875123
13.48 0.058872262763238
13.49 0.068228605620873
13.5 0.067324607907993
13.51 0.077022715195764
13.52 0.092436694777273
13.53 0.107149997466374
13.54 0.125069949662904
13.55 0.13350758632205
13.56 0.14249243790837
13.57 0.13682815520655
13.58 0.072173170269744
13.59 -0.07106646220093
13.6 -0.070239691436598
13.61 -0.03898015975415
13.62 -0.100834024467778
13.63 -0.070787023181572
13.64 -0.092404496175153
13.65 -0.104758714302589
13.66 -0.10014947786728
13.67 -0.114963954306455
13.68 -0.12513931784545
13.69 -0.127073272494022
13.7 -0.136655977121601
13.71 -0.142776627023348
13.72 -0.13963392409713
13.73 -0.146256417594198
13.74 -0.147099719087025
13.75 -0.147819640171943
13.76 -0.152731483876977
13.77 -0.148760409872534
13.78 -0.145362407622125
13.79 -0.126539608377338
13.8 -0.074125081356489
13.81 -0.025248990301468
13.82 -0.012944354408797
13.83 -0.006370194424875
13.84 0.0075245325699
13.85 0.013100102623273
13.86 0.020795418416705
13.87 0.031120022916413
13.88 0.03583431111696
13.89 0.044650895016145
13.9 0.052432151809158
13.91 0.065007051351448
13.92 0.079478111316501
13.93 0.089407517687956
13.94 0.090615404198388
13.95 0.091433494827928
13.96 0.102127432835726
13.97 0.113787601642328
13.98 0.120894212476603
13.99 0.124785386785263
14.0 0.131592646883258
14.01 0.138298345964123
14.02 0.142513928658943
14.03 0.145029069190557
14.04 0.145047170769743
14.05 0.144534889609791
14.06 0.140438628202399
14.07 0.126324956162565
14.08 0.108920041581463
14.09 0.09391214975438
14.1 0.085698400848646
14.11 0.077839440757864
14.12 0.067175238130915
14.13 0.054987587281352
14.14 0.04329564889192
14.15 0.034531703206452
14.16 0.028527028877343
14.17 0.02269147670891
14.18 0.017494095748937
14.19 0.010697804154685
14.2 0.001757259114829
14.21 -0.005347522916841
14.22 -0.009669662686827
14.23 -0.011668486586892
14.24 -0.011060195299117
14.25 -0.006253484631941
14.26 -0.001678904705248
14.27 0.000781935993297
14.28 0.002105649479624
14.29 0.003669303333639
14.3 0.008433628936985
14.31 0.013535875110442
14.32 0.014475899565069
14.33 0.009791658308991
14.34 -0.004484693034566
14.35 -0.022860477506059
14.36 -0.033552749400306
14.37 -0.032507752657536
14.38 -0.03377496009566
14.39 -0.057785835969566
14.4 -0.092929038971892
14.41 -0.100724861045549
14.42 -0.103926344044425
14.43 -0.120470280185179
14.44 -0.12457417661776
14.45 -0.128109911394524
14.46 -0.133200595195812
14.47 -0.129273757208526
14.48 -0.123468900694454
14.49 -0.108819994053551
14.5 -0.090644814975963
14.51 -0.074513453737396
14.52 -0.074738155800675
14.53 -0.079080777666077
14.54 -0.095143589407426
14.55 -0.108474117574803
14.56 -0.120357027752323
14.57 -0.132609624471119
14.58 -0.13417555180451
14.59 -0.128952227501288
14.6 -0.124631491192528
14.61 -0.100935963741127
14.62 -0.091616888046964
14.63 -0.096192415770726
14.64 -0.10754969614148
14.65 -0.111868359703301
14.66 -0.120715625187535
14.67 -0.127896150240616
14.68 -0.128613931239289
14.69 -0.125611057393546
14.7 -0.116448441988965
14.71 -0.115355757013975
14.72 -0.114154536517785
14.73 -0.027696138256703
14.74 0.003933811790104
14.75 -0.022533109946375
14.76 0.024100941001261
14.77 0.000869708412192
14.78 0.027229723090573
14.79 0.028002735246119
14.8 0.034409282419095
14.81 0.048009751740205
14.82 0.05045260526289
14.83 0.063287090697768
14.84 0.068989455890849
14.85 0.077438223141882
14.86 0.085187935610962
14.87 0.096004790405608
14.88 0.110545625385861
14.89 0.123024571569682
14.9 0.138584772084063
14.91 0.147396555766287
14.92 0.158768640859649
14.93 0.16434858386438
14.94 0.168132727378058
14.95 0.167926783129013
14.96 0.163865875259633
14.97 0.156432097564295
14.98 0.150369928968747
14.99 0.142594916705647
15.0 0.129355586945748
15.01 0.112334020418366
15.02 0.096890057637452
15.03 0.085292693192367
15.04 0.086138220494791
15.05 0.08801029810706
15.06 0.091473875138949
15.07 0.090420051311315
15.08 0.079355860045134
15.09 0.068159437824908
15.1 0.051246975524662
15.11 0.035999740100369
15.12 0.025164453385258
15.13 0.01870234639658
15.14 0.014523635610381
15.15 0.01373770995551
15.16 0.010593469622724
15.17 0.003854658998767
15.18 -0.00667345151247
15.19 -0.020251294853666
15.2 -0.036696962044696
15.21 -0.051167693461602
15.22 -0.064060952973251
15.23 -0.076744012256115
15.24 -0.089082180577502
15.25 -0.100347374107334
15.26 -0.110755635317862
15.27 -0.118643917923357
15.28 -0.123477426499165
15.29 -0.126980087102258
15.3 -0.126363821891072
15.31 -0.119366070726635
15.32 -0.103144345801479
15.33 -0.074015846617254
15.34 -0.042741209915718
15.35 -0.025229955940267
15.36 -0.022448456630165
15.37 -0.024640863542709
15.38 -0.028351707918852
15.39 -0.029559375909655
15.4 -0.027948726584871
15.41 -0.02347230618269
15.42 -0.020378761519761
15.43 -0.013274177970354
15.44 -0.000700264843384
15.45 0.004375344384784
15.46 0.011262555802582
15.47 0.015975892977334
15.48 0.022849861761514
15.49 0.028095443440029
15.5 0.032205551335414
15.51 0.038229943345929
15.52 0.047049724934694
15.53 0.052878248254654
15.54 0.050682427668162
15.55 0.046951950992777
15.56 0.051798135244953
15.57 0.062218673139583
15.58 0.072198405176718
15.59 0.084921071509832
15.6 0.100839623837821
15.61 0.114013125049846
15.62 0.128214520313135
15.63 0.14143819019856
15.64 0.156555890304163
15.65 0.169918814546325
15.66 0.18182123498212
15.67 0.192007321325053
15.68 0.20014400609171
15.69 0.20632451190503
15.7 0.211655852241055
15.71 0.214265086476742
15.72 0.214149099703774
15.73 0.210024022301448
15.74 0.205159646967333
15.75 0.200698195593581
15.76 0.184633817795021
15.77 0.073124521774909
15.78 -0.045898393890165
15.79 -0.022368677054447
15.8 -0.023522861787609
15.81 -0.079784180154591
15.82 -0.078002288200265
15.83 -0.085365743108433
15.84 -0.126268331429455
15.85 -0.130158416318752
15.86 -0.139900987300534
15.87 -0.153975207916615
15.88 -0.167186403794958
15.89 -0.158881449911316
15.9 -0.162085089197573
15.91 -0.153444926043292
15.92 -0.125397899702135
15.93 -0.106036032888803
15.94 -0.090090055778678
15.95 -0.088719390083249
15.96 -0.092350767131695
15.97 -0.095689793098199
15.98 -0.111381003729786
15.99 -0.124960708978557
16.0 -0.137430023376463
16.01 -0.149443389353979
16.02 -0.153891730705749
16.03 -0.157368585942734
16.04 -0.141870750372148
16.05 -0.11871274537166
16.06 -0.117916532812798
16.07 -0.124525791635358
16.08 -0.077574181938028
16.09 -0.021555059320162
16.1 -0.030596932708266
16.11 -0.006115673423374
16.12 -0.003002132902825
16.13 0.009413188128283
16.14 0.021525621692644
16.15 0.02238646167505
16.16 0.027652174465439
16.17 0.031240022848243
16.18 0.041326322641992
16.19 0.039029247221929
16.2 0.034886924912346
16.21 0.025261213233689
16.22 0.02532426864257
16.23 0.028661880538436
16.24 0.039378869583244
16.25 0.045932694052284
16.26 0.04915519695226
16.27 0.055775064602633
16.28 0.065458440446186
16.29 0.062030717673362
16.3 0.062029710684946
16.31 0.064629511139337
16.32 0.073066890147876
16.33 0.089754698993699
16.34 0.106206017143378
16.35 0.124570960631822
16.36 0.141204916463679
16.37 0.157755125848451
16.38 0.171267184459114
16.39 0.181859093041558
16.4 0.192037503509958
16.41 0.200844140340803
16.42 0.209387039550095
16.43 0.215166350886938
16.44 0.21777201337855
16.45 0.214325720545126
16.46 0.198547161863437
16.47 0.163898823288302
16.48 0.121588086527961
16.49 0.085595232304729
16.5 0.037509588917072
16.51 -0.001772919527144
16.52 -0.005376966728175
16.53 -0.012276391265283
16.54 -0.036691185975834
16.55 -0.045501217365917
16.56 -0.0533789159172
16.57 -0.071006116695867
16.58 -0.079363281375824
16.59 -0.084535712127328
16.6 -0.095873446232918
16.61 -0.098845359932959
16.62 -0.099294750528758
16.63 -0.101584950431561
16.64 -0.095330921501995
16.65 -0.085229529013035
16.66 -0.078215015185019
16.67 -0.075920921820825
16.68 -0.083703799639299
16.69 -0.090317108934856
16.7 -0.102997771561629
16.71 -0.106843207194024
16.72 -0.103372904600439
16.73 -0.105058681437128
16.74 -0.117723725186714
16.75 -0.13754823030178
16.76 -0.146423558533747
16.77 -0.155679554766175
16.78 -0.172230462453208
16.79 -0.17711489205107
16.8 -0.184529183243344
16.81 -0.191104191611092
16.82 -0.191634049551747
16.83 -0.193367911739468
16.84 -0.181760588385126
16.85 -0.082435991815103
16.86 0.041182916486561
16.87 -0.004978805640237
16.88 0.017274206859452
16.89 0.052770828416794
16.9 0.032675584685248
16.91 0.059582017107935
16.92 0.066988277862043
16.93 0.059727847891896
16.94 0.076410897636673
16.95 0.067220960375121
16.96 0.065254416053154
16.97 0.048876267359153
16.98 0.005549152135342
16.99 -0.02985003534691
17.0 -0.024782474080223
17.01 -0.00260349435239
17.02 0.012083196066961
17.03 0.023176341689606
17.04 0.034388379066119
17.05 0.042231461564901
17.06 0.057798856140699
17.07 0.071883436254286
17.08 0.081669263902863
17.09 0.088318469365358
17.1 0.075193048662783
17.11 0.060363695639788
17.12 0.06166598114315
17.13 0.099434471227892
17.14 0.105287428266953
17.15 0.116102991612172
17.16 0.119074204587726
17.17 0.122095762334297
17.18 0.139938033251559
17.19 0.140658403809181
17.2 0.157560597787474
17.21 0.165877807879165
17.22 0.153427207642175
17.23 0.054605583542625
17.24 -0.050034917180811
17.25 0.001641322988792
17.26 -0.03035642980928
17.27 -0.046846706188026
17.28 -0.03450650550981
17.29 -0.060726766402409
17.3 -0.053390271463719
17.31 -0.064235510800022
17.32 -0.072741043716527
17.33 -0.074696702944248
17.34 -0.089017615910175
17.35 -0.087928566806619
17.36 -0.096219283157638
17.37 -0.107582815807249
17.38 -0.119633056573014
17.39 -0.144211745433891
17.4 -0.158690426194669
17.41 -0.175981718282991
17.42 -0.188235383339021
17.43 -0.194339135192135
17.44 -0.198006351145698
17.45 -0.191800655893601
17.46 -0.178856490641684
17.47 -0.167236952493219
17.48 -0.162660325993037
17.49 -0.161822399723541
17.5 -0.149341950320093
17.51 -0.140967368656947
17.52 -0.133539472550887
17.53 -0.11463573051908
17.54 -0.063632365470758
17.55 0.00699632587583
17.56 0.042483074584685
17.57 0.042514955702482
17.58 0.058161648849181
17.59 0.089677221888288
17.6 0.101741595800303
17.61 0.116334649390596
17.62 0.138846050132588
17.63 0.154190575604344
17.64 0.163410640181791
17.65 0.174443404117983
17.66 0.182322834761491
17.67 0.183543152514669
17.68 0.184232200600885
17.69 0.181844345052848
17.7 0.172317632223788
17.71 0.155026602988499
17.72 0.125422539083293
17.73 0.093401667374961
17.74 0.064412978587048
17.75 0.042696860026541
17.76 0.02567905814814
17.77 0.018135271611542
17.78 0.016342895501745
17.79 0.017035764670873
17.8 0.02657476695754
17.81 0.040271076667122
17.82 0.060327863811478
17.83 0.080522495393373
17.84 0.094752774404675
17.85 0.099401261724355
17.86 0.090622332793126
17.87 0.052839381152091
17.88 0.004594567904306
17.89 -0.029305656736809
17.9 -0.034875776007827
17.91 -0.033176014263546
17.92 -0.039585423549014
17.93 -0.069319407329115
17.94 -0.091320043975664
17.95 -0.079886520762922
17.96 -0.088423906178905
17.97 -0.085558500551742
17.98 -0.069895047582367
17.99 -0.04934825321773
18.0 0.016411999113907
18.01 0.075194557092474
18.02 0.090622623744323
18.03 0.07826382910525
18.04 0.090965064814403
18.05 0.084796428607405
18.06 0.076478025463074
18.07 0.060207430026927
18.08 0.036626866911019
18.09 0.006148910609817
18.1 -0.024915472352885
18.11 -0.045015855195037
18.12 -0.049525893348992
18.13 -0.044555584820112
18.14 -0.043396538552604
18.15 -0.063069412653721
18.16 -0.087479538274125
18.17 -0.092964981105623
18.18 -0.084777821246068
18.19 -0.070187733276701
18.2 0.003762037045761
18.21 0.052958838618966
18.22 0.070168678401201
18.23 0.108429702209769
18.24 0.107392775614448
18.25 0.120656752108708
18.26 0.1353477442192
18.27 0.141445457855159
18.28 0.150832435446637
18.29 0.157276904623307
18.3 0.153318758844312
18.31 0.136056312951953
18.32 0.073630035317516
18.33 -0.00800216430317
18.34 -0.041023370779011
18.35 -0.04959565430826
18.36 -0.068705133966829
18.37 -0.085217681570399
18.38 -0.096122673587771
18.39 -0.108863944224194
18.4 -0.118832553652509
18.41 -0.122112481097991
18.42 -0.123603645738372
18.43 -0.120379175013082
18.44 -0.104622519919852
18.45 -0.069651215177635
18.46 -0.026128516872468
18.47 -0.000311901053812
18.48 0.006582911142994
18.49 0.014361288988646
18.5 0.018187125124442
18.51 0.018472557836916
18.52 0.025957473833534
18.53 0.027671014833607
18.54 0.014983039800084
18.55 -0.021235033163819
18.56 -0.041218677877869
18.57 -0.055359581935065
18.58 -0.069437648519732
18.59 -0.079420096506814
18.6 -0.086714122226037
18.61 -0.089917910078124
18.62 -0.102992090158531
18.63 -0.110941516460864
18.64 -0.122013024153698
18.65 -0.120566936648831
18.66 -0.088828175753763
18.67 -0.032491604316956
18.68 -0.006725164497296
18.69 0.015828852613946
18.7 0.034926876240711
18.71 0.02686811770084
18.72 0.037070838938372
18.73 0.038716834136887
18.74 0.028293509436356
18.75 0.021694128541584
18.76 -0.001776208788804
18.77 -0.010339124321336
18.78 -0.026975977110257
18.79 -0.034793110589681
18.8 -0.036326009291303
18.81 -0.034203353555922
18.82 -0.032913613972587
18.83 -0.018860436759763
18.84 -0.011559414135997
18.85 -0.011044813488221
18.86 -0.011068720583316
18.87 -0.000512622032804
18.88 0.010026655377023
18.89 0.019988069677224
18.9 0.026208536013208
18.91 0.035502560045157
18.92 0.041712732705697
18.93 0.044018015757767
18.94 0.037758091236251
18.95 0.040092557841367
18.96 0.062471420624387
18.97 0.08983371318183
18.98 0.09711751096172
18.99 0.070130476411905
19.0 0.062243633457603
19.01 0.060196183978159
19.02 0.041772249971554
19.03 0.04703153178019
19.04 0.047291786371131
19.05 0.04850850237701
19.06 0.040442488732489
19.07 0.026504935194921
19.08 -0.008637773890719
19.09 -0.050884103217585
19.1 -0.068224466825783
19.11 -0.07181393682881
19.12 -0.08089810856141
19.13 -0.095195560918957
19.14 -0.106149369941194
19.15 -0.114543269160185
19.16 -0.125542806958663
19.17 -0.132637655980213
19.18 -0.131960482327259
19.19 -0.124850096039439
19.2 -0.117559697360516
19.21 -0.117534077447677
19.22 -0.118038827728817
19.23 -0.116156740875265
19.24 -0.116775077988574
19.25 -0.09657293199258
19.26 -0.066984214519707
19.27 -0.02557918308197
19.28 0.020227157967307
19.29 0.046981837224611
19.3 0.051661055118888
19.31 0.052998703045711
19.32 0.059195628756889
19.33 0.061765958310557
19.34 0.05834687909895
19.35 0.060321659204325
19.36 0.055603285281218
19.37 0.049512439186749
19.38 0.051395767057787
19.39 0.049946523164298
19.4 0.052992274711027
19.41 0.055590763100893
19.42 0.061828010652531
19.43 0.065877421934099
19.44 0.066407125908303
19.45 0.081901323327824
19.46 0.103508140444715
19.47 0.112224576753572
19.48 0.12432394913208
19.49 0.13159782767736
19.5 0.133820889746846
19.51 0.135228540075864
19.52 0.131601022431122
19.53 0.12593001825537
19.54 0.116775594636188
19.55 0.108436482891519
19.56 0.095894538305779
19.57 0.084563172476185
19.58 0.068942370376763
19.59 0.038809163637566
19.6 0.014742238298858
19.61 0.016266064891075
19.62 0.016571082123277
19.63 0.015280770242349
19.64 0.016935071338061
19.65 0.01262388851455
19.66 0.01657326741212
19.67 0.028219985547394
19.68 0.045766106573788
19.69 0.062768412840942
19.7 0.082102366913383
19.71 0.096484610078431
19.72 0.107638684036362
19.73 0.105054888296672
19.74 0.097359636432898
19.75 0.086677521698375
19.76 0.073581769903699
19.77 0.042708719734475
19.78 -0.000829120370565
19.79 -0.029000652938192
19.8 -0.045460541903775
19.81 -0.062126201087577
19.82 -0.072236637096634
19.83 -0.078984254800306
19.84 -0.098594902512967
19.85 -0.139237892248001
19.86 -0.162230282902501
19.87 -0.164358357721585
19.88 -0.173128218229795
19.89 -0.186197541456363
19.9 -0.186592313345125
19.91 -0.180733278127549
19.92 -0.178087033185571
19.93 -0.152665269354923
19.94 -0.116377243930249
19.95 -0.059302337563894
19.96 -0.000603949534741
19.97 0.001727980859114
19.98 -0.007599126076391
19.99 0.002055928617149
20.0 -0.011131301904401
20.01 -0.01709197403179
20.02 -0.023517900345362
20.03 -0.030444876030017
20.04 -0.031331870483371
20.05 -0.039001328716535
20.06 -0.047146363965188
20.07 -0.061824212773176
20.08 -0.073734434889931
20.09 -0.085537704551187
20.1 -0.098120478907981
20.11 -0.091365741194756
20.12 -0.056344977843389
20.13 -0.014020649906232
20.14 0.002996724295492
20.15 0.018272844345047
20.16 0.033742511560963
20.17 0.035104220237373
20.18 0.038361571256196
20.19 0.040732232956077
20.2 0.050904216302318
20.21 0.087213903838859
20.22 0.11642799584372
20.23 0.117592053400881
20.24 0.117425042427978
20.25 0.128402409223122
20.26 0.127304492284567
20.27 0.115339957407328
20.28 0.094817063822952
20.29 0.043280781438435
20.3 -0.006291413802431
20.31 -0.03345504529775
20.32 -0.02659208949917
20.33 -0.039962876935614
20.34 -0.044545643629518
20.35 -0.033357035084865
20.36 -0.030383110295636
20.37 -0.011896524287323
20.38 -0.002999417763854
20.39 0.006690705451262
20.4 0.002191849612944
20.41 -0.001019364106093
20.42 -0.000406014530918
20.43 0.000651644313707
20.44 -0.005895878002601
20.45 -0.017773312797979
20.46 -0.025842676777766
20.47 -0.033668877304779
20.48 -0.035418369681871
20.49 -0.039072473437799
20.5 -0.039935553973414
20.51 -0.030142549374455
20.52 -0.036719768384072
20.53 -0.056847149053181
20.54 -0.064098853962719
20.55 -0.066809583016006
20.56 -0.075891054045432
20.57 -0.086514146981538
20.58 -0.091182161799883
20.59 -0.101786856720042
20.6 -0.103201279034551
20.61 -0.10628000366589
20.62 -0.10271645243968
20.63 -0.087705037674724
20.64 -0.038642311465746
20.65 0.014476193009351
20.66 0.016177671980336
20.67 0.018598622648092
20.68 0.035285260256005
20.69 0.03364210356374
20.7 0.041467691085619
20.71 0.043933952151415
20.72 0.041577806186264
20.73 0.043725465566194
20.74 0.036493849078425
20.75 0.036183391086813
20.76 0.034639175648986
20.77 0.038614307661824
20.78 0.04061236110601
20.79 0.043493792202313
20.8 0.041695125752201
20.81 0.039416323927911
20.82 0.039136780096505
20.83 0.033141800004252
20.84 0.02609183928417
20.85 0.026199353679523
20.86 0.027290938411349
20.87 0.02734775342115
20.88 0.025970282845939
20.89 0.027253704011754
20.9 0.031770545504007
20.91 0.037491361222015
20.92 0.044574896364206
20.93 0.046172783253237
20.94 0.044606255337123
20.95 0.047086618350596
20.96 0.046227015254556
20.97 0.045040467475207
20.98 0.039648562070722
20.99 0.030038112161346
21.0 0.006698081846336
21.01 -0.019646197735392
21.02 -0.013757857151541
21.03 -0.028575251688304
21.04 -0.045034534046162
21.05 -0.047170161610912
21.06 -0.059635816431066
21.07 -0.06304466663862
21.08 -0.067706855718911
21.09 -0.069969895116852
21.1 -0.070645840492229
21.11 -0.070563330752701
21.12 -0.068516460756629
21.13 -0.064779704197798
21.14 -0.061110574774203
21.15 -0.058104628137611
21.16 -0.053745505408072
21.17 -0.04908933011545
21.18 -0.041733842252517
21.19 -0.033661105215889
21.2 -0.026374233111597
21.21 -0.021149190271417
21.22 -0.01540755358237
21.23 -0.009654995012165
21.24 -0.006740675230244
21.25 -0.003423860117556
21.26 0.002210193363788
21.27 0.006380185119605
21.28 0.008683476347915
21.29 0.007776381005995
21.3 0.009026282012076
21.31 0.016281833994439
21.32 0.025861734268575
21.33 0.034569472285433
21.34 0.042197412361898
21.35 0.050593136508774
21.36 0.059809469127845
21.37 0.066787538348539
21.38 0.074908707047983
21.39 0.08293668530884
21.4 0.09053225709737
21.41 0.097624081899616
21.42 0.105272917965649
21.43 0.108905804206735
21.44 0.109419017088134
21.45 0.107058661029315
21.46 0.100532431269378
21.47 0.091461579750934
21.48 0.086698572056175
21.49 0.083270523635467
21.5 0.047201065688195
21.51 -0.017460132841113
21.52 -0.045088609918241
21.53 -0.034940488675379
21.54 -0.041094412945793
21.55 -0.058917758154793
21.56 -0.059007694576451
21.57 -0.056063658463715
21.58 -0.065903791556887
21.59 -0.052909023809705
21.6 -0.044091905459953
21.61 -0.019107479312769
21.62 0.019085030465953
21.63 0.043004077312079
21.64 0.059201793776067
21.65 0.058618684517344
21.66 0.063244061494219
21.67 0.064412597042965
21.68 0.057450847062986
21.69 0.049815952625874
21.7 0.038607545863054
21.71 0.021976616329697
21.72 0.009322351071683
21.73 -0.00129950896106
21.74 -0.008244765621076
21.75 -0.015891209384955
21.76 -0.023411614812178
21.77 -0.029038091262251
21.78 -0.035901920236941
21.79 -0.033613757138025
21.8 -0.012953507402253
21.81 0.021589108430533
21.82 0.034364655547729
21.83 0.027839664563351
21.84 0.035367420839782
21.85 0.036574901786725
21.86 0.022300151944565
21.87 0.012614926398577
21.88 -0.003600104442608
21.89 -0.023408815777019
21.9 -0.03744836806596
21.91 -0.047681420786462
21.92 -0.057201165327784
21.93 -0.051241880795356
21.94 -0.043995732735393
21.95 -0.051296952942399
21.96 -0.056318926766683
21.97 -0.040080025636218
21.98 -0.038868000556958
21.99 -0.037372617241887
22.0 -0.037633943509907
22.01 -0.031624875048101
22.02 -0.017909392622952
22.03 -0.002382427881355
22.04 0.011475449234259
22.05 0.017824629292715
22.06 0.021995101434236
22.07 0.019097815586667
22.08 0.015703549702884
22.09 0.004607755281194
22.1 -0.004188752872276
22.11 -0.007004515564635
22.12 -0.006063353947066
22.13 -0.007296496476375
22.14 -0.006802765319349
22.15 0.001795491717292
22.16 0.01106869630568
22.17 0.019720052952277
22.18 0.020716022803422
22.19 0.012312343854837
22.2 -0.005112991651551
22.21 -0.020168620457569
22.22 -0.024852220472754
22.23 -0.027954974007918
22.24 -0.03372828806335
22.25 -0.041224930383882
22.26 -0.043631125609495
22.27 -0.043673621608449
22.28 -0.045495709132896
22.29 -0.047983940595355
22.3 -0.049211286751483
22.31 -0.049052860962909
22.32 -0.046695749929679
22.33 -0.041561587526455
22.34 -0.037744987615407
22.35 -0.030542004481959
22.36 -0.03121047829139
22.37 -0.04091347457152
22.38 -0.039898488345207
22.39 -0.042284023971998
22.4 -0.048462531391702
22.41 -0.049226226177623
22.42 -0.049800629635666
22.43 -0.045071657090785
22.44 -0.029116374130535
22.45 -0.016767337253734
22.46 -0.013932481395062
22.47 -0.004355638167281
22.48 0.001229645969203
22.49 0.006704695344017
22.5 0.00924869181168
22.51 0.009358427748763
22.52 0.000815761682035
22.53 -0.01144632633341
22.54 -0.02800609039248
22.55 -0.042944469059218
22.56 -0.046996553639695
22.57 -0.04389663319533
22.58 -0.043373981032614
22.59 -0.038564505299319
22.6 -0.030578760713948
22.61 -0.020093656664544
22.62 -0.007670628228882
22.63 0.003070507236813
22.64 0.013030716302547
22.65 0.020252718102541
22.66 0.027439098697345
22.67 0.029714124243734
22.68 0.029314534798377
22.69 0.034888677455948
22.7 0.042630746919997
22.71 0.040455318597388
22.72 0.037787348211722
22.73 0.036727248728946
22.74 0.029011194884135
22.75 0.02340328578465
22.76 0.019718289954406
22.77 0.018980586165865
22.78 0.022110413958213
22.79 0.024100932670069
22.8 0.028916854037832
22.81 0.032795421839253
22.82 0.039021341828793
22.83 0.043414805131813
22.84 0.04341052956378
22.85 0.040830603068398
22.86 0.038655660983877
22.87 0.040648908842644
22.88 0.029213508121381
22.89 0.003823221545526
22.9 -0.007656401483539
22.91 -0.014674180976147
22.92 -0.023733345265194
22.93 -0.027225280922246
22.94 -0.029869445840942
22.95 -0.031440664791908
22.96 -0.02949577320248
22.97 -0.024364326634986
22.98 -0.016544781148056
22.99 -0.005615705056373
23.0 0.005348133203633
23.01 0.015378213279433
23.02 0.018953495738003
23.03 0.018870466847676
23.04 0.017816159933562
23.05 0.017807934234898
23.06 0.016556665551821
23.07 0.019800537859697
23.08 0.023083092115621
23.09 0.027368204292434
23.1 0.035775041162171
23.11 0.045405989287504
23.12 0.051483557028558
23.13 0.053912006269929
23.14 0.053004500838305
23.15 0.051614502159219
23.16 0.051612732101424
23.17 0.053661600348749
23.18 0.055665541534009
23.19 0.056377242947725
23.2 0.053615574035898
23.21 0.049033540097814
23.22 0.045307361665744
23.23 0.045302580097469
23.24 0.044482445802601
23.25 0.048565068877384
23.26 0.052598074453647
23.27 0.047187349516696
23.28 0.033618306568543
23.29 0.011037083230402
23.3 -0.012869209782849
23.31 -0.023106371212222
23.32 -0.021239116871893
23.33 -0.023546591839361
23.34 -0.030675881542795
23.35 -0.032338897766365
23.36 -0.031748976214066
23.37 -0.035163045762568
23.38 -0.033088668739789
23.39 -0.033411127993337
23.4 -0.034924532853711
23.41 -0.035622757184816
23.42 -0.037959030379595
23.43 -0.037700120901176
23.44 -0.036261182531849
23.45 -0.034725355803966
23.46 -0.029919566553359
23.47 -0.021534640536357
23.48 -0.012296240036827
23.49 -0.006381136207783
23.5 -0.006184413914668
23.51 -0.007355618349836
23.52 -0.010825182119636
23.53 -0.017365578176821
23.54 -0.024600106109861
23.55 -0.032941016847621
23.56 -0.039981531910701
23.57 -0.041335063377222
23.58 -0.037966697935323
23.59 -0.026703513055742
23.6 -0.008791248706902
23.61 0.000895380118433
23.62 -0.001673025635068
23.63 0.009106707304449
23.64 0.014458858478627
23.65 0.018921208297126
23.66 0.027846753979071
23.67 0.033705519912778
23.68 0.035678313760851
23.69 0.037347121167715
23.7 0.03608779819631
23.71 0.034724805486221
23.72 0.032271177597559
23.73 0.029384811971288
23.74 0.023618625390691
23.75 0.012482123077411
23.76 -0.000265112920904
23.77 -0.004629491584883
23.78 -0.001459029493569
23.79 0.002980509075812
23.8 0.008932231866609
23.81 0.014271625137215
23.82 0.016084453035238
23.83 0.016286426349052
23.84 0.011286876944399
23.85 0.003550768860238
23.86 -0.005450228114879
23.87 -0.015696327764989
23.88 -0.022376227373279
23.89 -0.030672940600995
23.9 -0.032930434783075
23.91 -0.029603875259206
23.92 -0.027595267549232
23.93 -0.022611007964348
23.94 -0.017376439153215
23.95 -0.012099614677979
23.96 -0.00814160944809
23.97 -0.006194157296673
23.98 -0.00773353259032
23.99 -0.014590470638235
24.0 -0.020678879244466
24.01 -0.028180548886252
24.02 -0.034164099502432
24.03 -0.035719469309309
24.04 -0.033768272554317
24.05 -0.031033423365267
24.06 -0.032123881844631
24.07 -0.034584325657303
24.08 -0.029675774889091
24.09 -0.02757438891666
24.1 -0.023680517641155
24.11 -0.018794291648786
24.12 -0.008529203519467
24.13 0.001378204596548
24.14 0.010565390526469
24.15 0.015533366761386
24.16 0.02123579572811
24.17 0.021946688555118
24.18 0.022127174671492
24.19 0.020621822041788
24.2 0.017809191819416
24.21 0.011773047298045
24.22 0.002635796805381
24.23 -0.006175256582772
24.24 -0.013544060837869
24.25 -0.01831553444642
24.26 -0.018992690521047
24.27 -0.014718254541348
24.28 -0.006955034192739
24.29 -0.00063226783302
24.3 0.002340920935819
24.31 0.001357653208961
24.32 -0.001615710747756
24.33 -0.005571602816674
24.34 -0.009969676764587
24.35 -0.012293114746046
24.36 -0.013810729361522
24.37 -0.013405392983954
24.38 -0.015167244547462
24.39 -0.018728231203053
24.4 -0.024463581431606
24.41 -0.033609453074287
24.42 -0.037010090861785
24.43 -0.039015231560147
24.44 -0.039521773395124
24.45 -0.037645866975832
24.46 -0.033586971567077
24.47 -0.02970920569071
24.48 -0.019364269165153
24.49 -0.000286543197847
24.5 0.017775873518243
24.51 0.02271193274885
24.52 0.029286621301852
24.53 0.032107293620593
24.54 0.029276786576883
24.55 0.025339755173432
24.56 0.018226404708515
24.57 0.013098833212625
24.58 0.008807508089953
24.59 0.007728133316436
24.6 0.008147186127594
24.61 0.010081972691217
24.62 0.012648943201978
24.63 0.015262068263891
24.64 0.017698549644353
24.65 0.021085121279539
24.66 0.024599573541267
24.67 0.02704109373483
24.68 0.029850702069253
24.69 0.03193152826283
24.7 0.031450653730329
24.71 0.036597185066221
24.72 0.04746819097132
24.73 0.048154569904274
24.74 0.046578737038945
24.75 0.049189193641685
24.76 0.037454964255335
24.77 0.002849797890413
24.78 -0.039330555607839
24.79 -0.043018644092878
24.8 -0.045018983805517
24.81 -0.055173518784573
24.82 -0.054931797042415
24.83 -0.056982122293465
24.84 -0.058557783040359
24.85 -0.055039234681796
24.86 -0.048615723019013
24.87 -0.0347731902584
24.88 -0.018736023923495
24.89 -0.001719812873351
24.9 0.010231626255584
24.91 0.012460527292526
24.92 0.015211867503798
24.93 0.018603440811653
24.94 0.019498768059112
 
 
 
 
 
 
 
 
 
 
 
 
 
 
 
 
 
 
 
 
 
 
 
 
 
 
 
 
 
 
 
 
 
 
 
 
 
 
 
 
 
 
 
 
 
 
 
 
 
 
 
 
 
 
 
 
 
 
 
 
 
 
 
 
 
 
 
 
 
 
 
 
 
 
 
 
 
 
 
 
 
 
 
 
 
 
 
 
 
 
 
 
 
 
 
 
 
 
 
 
 
 
 
 
 
 
 
 
 
 
 
 
 
 
 
 
 
 
 
 
 
 
 
 
 
 
 
 
 
 
 
 
 
 
 
 
 
 
 
 
 
 
 
 
 
 
 
 
 
 
 
 
 
 
 
 
 
 
 
 
 
 
 
 
 
 
 
 
 
 
 
 
 
 
 
 
 
 
 
 
 
 
 
 
 
 
 
 
 
 
 
 
 
 
 
 
 
 
 
 
 
 
 
 
 
 
 
 
 
 
 
 
 
 
 
 
 
 
 
 
 
 
 
 
 
 
 
 
 
 
 
 
 
 
 
 
 
 
 
 
 
 
 
 
 
 
 
 
 
 
 
 
 
 
 
 
 
 
 
 
 
 
 
 
 
 
 
 
 
 
 
 
 
 
 
 
 
 
 
 
 
 
 
 
 
 
 
 
 
 
 
 
 
 
 
 
 
 
 
 
 
 
 
 
 
 
 
 
 
 
 
 
 
 
 
 
 
 
 
 
 
 
 
 
 
 
 
 
 
 
 
 
 
 
 
 
 
 
 
 
 
 
 
 
 
 
 
 
 
 
 
 
 
 
 
 
 
 
 
 
 
 
 
 
 
 
 
 
 
 
 
 
 
 
 
 
 
 
 
 
 
 
 
 
 
 
 
 
 
 
 
 
 
 
 
 
 
 
 
 
 
 
 
 
 
 
 
 
 
 
 
 
 
 
 
 
 
 
 
 
 
 
 
 
 
 
 
 
 
 
 
 
 
 
 
 
 
 
 
 
 
 
 
 
 
 
 
 
 
 
 
 
 
 
 
 
 
 
 
 
 
 
 
 
 
 
 
 
 
 
 
 
 
 
 
 
 
 
 
 
 
 
 
 
 
 
 
 
 
 
 
 
 
 
 
 
 
 
 
 
 
 
 
 
 
 
 
 
 
 
 
 
 
 
 
 
 
 
 
 
 
 
 
 
 
 
 
 
 
 
 
 
 
 
 
 
 
 
 
 
 
 
 
 
 
 
 
 
 
 
 
 
 
 
 
 
 
 
 
 
 
 
 
 
 
 
 
 
 
 
 
 
 
 
 
 
 
 
 
 
 
 
 
 
 
 
 
 
 
 
 
 
 
 
 
 
 
 
 
 
 
 
 
 
 
 
 
 
 
 
 
 
 
 
 
 
 
 
 
 
 
 
 
 
 
 
 
 
 
 
 
 
 
 
 
 
 
 
 
 
 
 
 
 
 
 
 
 
 
 
 
 
 
 
 
 
 
 
 
 
 
 
 
 
 
 
 
 
 
 
 
 
 
 
 
 
 
 
 
 
 
 
 
 
 
 
 
 
 
 
 
 
 
 
 
 
 
 
 
 
 
 
 
 
 
 
 
 
 
 
 
 
 
 
 
 
 
 
 
 
 
 
 
 
 
 
 
 
 
 
 
 
 
 
 
 
 
 
 
 
 
 
 
 
 
 
 
 
 
 
 
 
 
 
 
 
 
 
 
 
 
 
 
 
 
 
 
 
 
 
 
 
 
 
 
 
 
 
 
 
 
 
 
 
 
 
 
 
 
 
 
 
 
 
 
 
 
 
 
 
 
 
 
 
 
 
 
 
 
 
 
 
 
 
 
 
 
 
 
 
 
 
 
 
 
 
 
 
 
 
 
 
 
 
 
 
 
 
 
 
 
 
 
 
 
 
 
 
 
 
 
 
 
 
 
 
 
 
 
 
 
 
 
 
 
 
 
 
 
 
 
 
 
 
 
 
 
 
 
 
 
 
 
 
 
 
 
 
 
 
 
 
 
 
 
 
 
 
 
 
 
 
 
 
 
 
 
 
 
 
 
 
 
 
 
 
 
 
 
 
 
 
 
 
 
 
 
 
 
 
 
 
 
 
 
 
 
 
 
 
 
 
 
 
 
 
 
 
 
 
 
 
 
 
 
 
 
 
 
 
 
 
 
 
 
 
 
 
 
 
 
 
 
 
 
 
 
 
 
 
 
 
 
 
 
 
 
 
 
 
 
 
 
 
 
 
 
 
 
 
 
 
 
 
 
 
 
 
 
 
 
 
 
 
 
 
 
 
 
 
 
 
 
 
 
 
 
 
 
 
 
 
 
 
 
 
 
 
 
 
 
 
 
 
 
 
 
 
 
 
 
 
 
 
 
 
 
 
 
 
 
 
 
 
 
 
 
 
 
 
 
 
 
 
 
 
 
 
 
 
 
 
 
 
 
 
 
 
 
 
 
 
 
 
 
 
 
 
 
 
 
 
 
 
 
 
 
 
 
 
 
 
 
 
 
 
 
 
 
 
 
 
 
 
 
 
 
 
 
 
 
 
 
 
 
 
 
 
 
 
 
 
 
 
 
 
 
 
 
 
 
 
 
 
 
 
 
 
 
 
 
 
 
 
 
 
 
 
 
 
 
 
 
 
 
 
 
 
 
 
 
 
 
 
 
 
 
 
 
 
 
 
 
 
 
 
 
 
 
 
 
 
 
 
 
 
 
 
 
 
 
 
 
 
 
 
 
 
 
 
 
 
 
 
 
 
 
 
 
 
 
 
 
 
 
 
 
 
 
 
 
 
 
 
 
 
 
 
 
 
 
 
 
 
 
 
 
 
 
 
 
 
 
 
 
 
 
 
 
 
 
 
 
 
 
 
 
 
 
 
 
 
 
 
 
 
 
 
 
 
 
 
 
 
 
 
 
 
 
 
 
 
 
 
 
 
 
 
 
 
 
 
 
 
 
 
 
 
 
 
 
 
 
 
 
 
 
 
 
 
 
 
 
 
 
 
 
 
 
 
 
 
 
 
 
 
 
 
 
 
 
 
 
 
 
 
 
 
 
 
 
 
 
 
 
 
 
 
 
 
 
 
 
 
 
 
 
 
 
 
 
 
 
 
 
 
 
 
 
 
 
 
 
 
 
 
 
 
 
 
 
 
 
 
 
 
 
 
 
 
 
 
 
 
 
 
 
 
 
 
 
 
 
 
 
 
 
 
 
 
 
 
 
 
 
 
 
 
 
 
 
 
 
 
 
 
 
 
 
 
 
 
 
 
 
 
 
 
 
 
 
 
 
 
 
 
 
 
 
 
 
 
 
 
 
 
 
 
 
 
 
 
 
 
 
 
 
 
 
 
 
 
 
 
 
 
 
 
 
 
 
 
 
 
 
 
 
 
 
 
 
 
 
 
 
 
 
 
 
 
 
 
 
 
 
 
 
 
 
 
 
 
 
 
 
 
 
 
 
 
 
 
 
 
 
 
 
 
 
 
 
 
 
 
 
 
 
 
 
 
 
 
 
 
 
 
 
 
 
 
 
 
 
 
 
 
 
 
 
 
 
 
 
 
 
 
 
 
 
 
 
 
 
 
 
 
 
 
 
 
 
 
 
 
 
 
 
 
 
 
 
 
 
 
 
 
 
 
 
 
 
 
 
 
 
 
 
 
 
 
 
 
 
 
 
 
 
 
 
 
 
 
 
 
 
 
 
 
 
 
 
 
 
 
 
 
 
 
 
 
 
 
 
 
 
 
 
 
 
 
 
 
 
 
 
 
 
 
 
 
 
 
 
 
 
 
 
 
 
 
 
 
 
 
 
 
 
 
 
 
 
 
 
 
 
 
 
 
 
 
 
 
 
 
 
 
 
 
 
 
 
 
 
 
 
 
 
 
 
 
 
 
 
 
 
 
 
 
 
 
 
 
 
 
 
 
 
 
 
 
 
 
 
 
 
 
 
 
 
 
 
 
 
 
 
 
 
 
 
 
 
 
 
 
 
 
 
 
 
 
 
 
 
 
 
 
 
 
 
 
 
 
 
 
 
 
 
 
 
 
 
 
 
 
 
 
 
 
 
 
 
 
 
 
 
 
 
 
 
 
 
 
 
 
 
 
 
 
 
 
 
 
 
 
 
 
 
 
 
 
 
 
 
 
 
 
 
 
 
 
 
 
 
 
 
 
 
 
 
 
 
 
 
 
 
 
 
 
 
 
 
 
 
 
 
 
 
 
 
 
 
 
 
 
 
 
 
 
 
 
 
 
 
 
 
 
 
 
 
 
 
 
 
 
 
 
 
 
 
 
 
 
 
 
 
 
 
 
 
 
 
 
 
 
 
 
 
 
 
 
 
 
 
 
 
 
 
 
 
 
 
 
 
 
 
 
 
 
 
 
 
 
 
 
 
 
 
 
 
 
 
 
 
 
 
 
 
 
 
 
 
 
 
 
 
 
 
 
 
 
 
 
 
 
 
 
 
 
 
 
 
 
 
 
 
 
 
 
 
 
 
 
 
 
 
 
 
 
 
 
 
 
 
 
 
 
 
 
 
 
 
 
 
 
 
 
 
 
 
 
 
 
 
 
 
 
 
 
 
 
 
 
 
 
 
 
 
 
 
 
 
 
 
 
 
 
 
 
 
 
 
 
 
 
 
 
 
 
 
 
 
 
 
 
 
 
 
 
 
 
 
 
 
 
 
 
 
 
 
 
 
 
 
 
 
 
 
 
 
 
 
 
 
 
 
 
 
 
 
 
 
 
 
 
 
 
 
 
 
 
 
 
 
 
 
 
 
 
 
 
 
 
 
 
 
 
 
 
 
 
 
 
 
 
 
 
 
 
 
 
 
 
 
 
 
 
 
 
 
 
 
 
 
 
 
 
 
 
 
 
 
 
 
 
 
 
 
 
 
 
 
 
 
 
 
 
 
 
 
 
 
 
 
 
 
 
 
 
 
 
 
 
 
 
 
 
 
 
 
 
 
 
 
 
 
 
 
 
 
 
 
 
 
 
 
 
 
 
 
 
 
 
 
 
 
 
 
 
 
 
 
 
 
 
 
 
 
 
 
 
 
 
 
 
 
 
 
 
 
 
 
 
 
 
 
 
 
 
 
 
 
 
 
 
 
 
 
 
 
 
 
 
 
 
 
 
 
 
 
 
 
 
 
 
 
 
 
 
 
 
 
 
 
 
 
 
 
 
 
 
 
 
 
 
 
 
 
 
 
 
 
 
 
 
 
 
 
 
 
 
 
 
 
 
 
 
 
 
 
 
 
 
 
 
 
 
 
 
 
 
 
 
 
 
 
 
 
 
 
 
 
 
 
 
 
 
 
 
 
 
 
 
 
 
 
 
 
 
 
 
 
 
 
 
 
 
 
 
 
 
 
 
 
 
 
 
 
 
 
 
 
 
 
 
 
 
 
 
 
 
 
 
 
 
 
 
 
 
 
 
 
 
 
 
 
 
 
 
 
 
 
 
 
 
 
 
 
 
 
 
 
 
 
 
 
 
 
 
 
 
 
 
 
 
 
 
 
 
 
 
 
 
 
 
 
 
 
 
 
 
 
 
 
 
 
 
 
 
 
 
 
 
 
 
 
 
 
 
 
 
 
 
 
 
 
 
 
 
 
 
 
 
 
 
 
 
 
 
 
 
 
 
 
 
 
 
 
 
 
 
 
 
 
 
 
 
 
 
 
 
 
 
 
 
 
 
 
 
 
 
 
 
 
 
 
 
 
 
 
 
 
 
 
 
 
 
 
 
 
 
 
 
 
 
 
 
 
 
 
 
 
 
 
 
 
 
 
 
 
 
 
 
 
 
 
 
 
 
 
 
 
 
 
 
 
 
 
 
 
 
 
 
 
 
 
 
 
 
 
 
 
 
 
 
 
 
 
 
 
 
 
 
 
 
 
 
 
 
 
 
 
 
 
 
 
 
 
 
 
 
 
 
 
 
 
 
 
 
 
 
 
 
 
 
 
 
 
 
 
 
 
 
 
 
 
 
 
 
 
 
 
 
 
 
 
 
 
 
 
 
 
 
 
 
 
 
 
 
 
 
 
 
 
 
 
 
 
 
 
 
 
 
 
 
 
 
 
 
 
 
 
 
 
 
 
 
 
 
 
 
 
 
 
 
 
 
 
 
 
 
 
 
 
 
 
 
 
 
 
 
 
 
 
 
 
 
 
 
 
 
 
 
 
 
 
 
 
 
 
 
 
 
 
 
 
 
 
 
 
 
 
 
 
 
 
 
 
 
 
 
 
 
 
 
 
 
 
 
 
 
 
 
 
 
 
 
 
 
 
 
 
 
 
 
 
 
 
 
 
 
 
 
 
 
 
 
 
 
 
 
 
 
 
 
 
 
 
 
 
 
 
 
 
 
 
 
 
 
 
 
 
 
 
 
 
 
 
 
 
 
 
 
 
 
 
 
 
 
 
 
 
 
 
 
 
 
 
 
 
 
 
 
 
 
 
 
 
 
 
 
 
 
 
 
 
 
 
 
 
 
 
 
 
 
 
 
 
 
 
 
 
 
 
 
 
 
 
 
 
 
 
 
 
 
 
 
 
 
 
 
 
 
 
 
 
 
 
 
 
 
 
 
 
 
 
 
 
 
 
 
 
 
 
 
 
 
 
 
 
 
 
 
 
 
 
 
 
 
 
 
 
 
 
 
 
 
 
 
 
 
 
 
 
 
 
 
 
 
 
 
 
 
 
 
 
 
 
 
 
 
 
 
 
 
 
 
 
 
 
 
 
 
 
 
 
 
 
 
 
 
 
 
 
 
 
 
 
 
 
 
 
 
 
 
 
 
 
 
 
 
 
 
 
 
 
 
 
 
 
 
 
 
 
 
 
 
 
 
 
 
 
 
 
 
 
 
 
 
 
 
 
 
 
 
 
 
 
 
 
 
 
 
 
 
 
 
 
 
 
 
 
 
 
 
 
 
 
 
 
 
 
 
 
 
 
 
 
 
 
 
 
 
 
 
 
 
 
 
 
 
 
 
 
 
 
 
 
 
 
 
 
 
 
 
 
 
 
 
 
 
 
 
 
 
 
 
 
 
 
 
 
 
 
 
 
 
 
 
 
 
 
 
 
 
 
 
 
 
 
 
 
 
 
 
 
 
 
 
 
 
 
 
 
 
 
 
 
 
 
 
 
 
 
 
 
 
 
 
 
 
 
 
 
 
 
 
 
 
 
 
 
 
 
 
 
 
 
 
 
 
 
 
 
 
 
 
 
 
 
 
 
 
 
 
 
 
 
 
 
 
 
 
 
 
 
 
 
 
 
 
 
 
 
 
 
 
 
 
 
 
 
 
 
 
 
 
 
 
 
 
 
 
 
 
 
 
 
 
 
 
 
 
 
 
 
 
 
 
 
 
 
 
 
 
 
 
 
 
 
 
 
 
 
 
 
 
 
 
 
 
 
 
 
 
 
 
 
 
 
 
 
 
 
 
 
 
 
 
 
 
 
 
 
 
 
 
 
 
 
 
 
 
 
 
 
 
 
 
 
 
 
 
 
 
 
 
 
 
 
 
 
 
 
 
 
 
 
 
 
 
 
 
 
 
 
 
 
 
 
 
 
 
 
 
 
 
 
 
 
 
 
 
 
 
 
 
 
 
 
 
 
 
 
 
 
 
 
 
 
 
 
 
 
 
 
 
 
 
 
 
 
 
 
 
 
 
 
 
 
 
 
 
 
 
 
 
 
 
 
 
 
 
 
 
 
 
 
 
 
 
 
 
 
 
 
 
 
 
 
 
 
 
 
 
 
 
 
 
 
 
 
 
 
 
 
 
 
 
 
 
 
 
 
 
 
 
 
 
 
 
 
 
 
 
 
 
 
 
 
 
 
 
 
 
 
 
 
 
 
 
 
 
 
 
 
 
 
 
 
 
 
 
 
 
 
 
 
 
 
 
 
 
 
 
 
 
 
 
 
 
 
 
 
 
 
 
 
 
 
 
 
 
 
 
 
 
 
 
 
 
 
 
 
 
 
 
 
 
 
 
 
 
 
 
 
 
 
 
 
 
 
 
 
 
 
 
 
 
 
 
 
 
 
 
 
 
 
 
 
 
 
 
 
 
 
 
 
 
 
 
 
 
 
 
 
 
 
 
 
 
 
 
 
 
 
 
 
 
 
 
 
 
 
 
 
 
 
 
 
 
 
 
 
 
 
 
 
 
 
 
 
 
 
 
 
 
 
 
 
 
 
 
 
 
 
 
 
 
 
 
 
 
 
 
 
 
 
 
 
 
 
 
 
 
 
 
 
 
 
 
 
 
 
 
 
 
 
 
 
 
 
 
 
 
 
 
 
 
 
 
 
 
 
 
 
 
 
 
 
 
 
 
 
 
 
 
 
 
 
 
 
 
 
 
 
 
 
 
 
 
 
 
 
 
 
 
 
 
 
 
 
 
 
 
 
 
 
 
 
 
 
 
 
 
 
 
 
 
 
 
 
 
 
 
 
 
 
 
 
 
 
 
 
 
 
 
 
 
 
 
 
 
 
 
 
 
 
 
 
 
 
 
 
 
 
 
 
 
 
 
 
 
 
 
 
 
 
 
 
 
 
 
 
 
 
 
 
 
 
 
 
 
 
 
 
 
 
 
 
 
 
 
 
 
 
 
 
 
 
 
 
 
 
 
 
 
 
 
 
 
 
 
 
 
 
 
 
 
 
 
 
 
 
 
 
 
 
 
 
 
 
 
 
 
 
 
 
 
 
 
 
 
 
 
 
 
 
 
 
 
 
 
 
 
 
 
 
 
 
 
 
 
 
 
 
 
 
 
 
 
 
 
 
 
 
 
 
 
 
 
 
 
 
 
 
 
 
 
 
 
 
 
 
 
 
 
 
 
 
 
 
 
 
 
 
 
 
 
 
 
 
 
 
 
 
 
 
 
 
 
 
 
 
 
 
 
 
 
 
 
 
 
 
 
 
 
 
 
 
 
 
 
 
 
 
 
 
 
 
 
 
 
 
 
 
 
 
 
 
 
 
 
 
 
 
 
 
 
 
 
 
 
 
 
 
 
 
 
 
 
 
 
 
 
 
 
 
 
 
 
 
 
 
 
 
 
 
 
 
 
 
 
 
 
 
 
 
 
 
 
 
 
 
 
 
 
 
 
 
 
 
 
 
 
 
 
 
 
 
 
 
 
 
 
 
 
 
 
 
 
 
 
 
 
 
 
 
 
 
 
 
 
 
 
 
 
 
 
 
 
 
 
 
 
 
 
 
 
 
 
 
 
 
 
 
 
 
 
 
 
 
 
 
 
 
 
 
 
 
 
 
 
 
 
 
 
 
 
 
 
 
 
 
 
 
 
 
 
 
 
 
 
 
 
 
 
 
 
 
 
 
 
 
 
 
 
 
 
 
 
 
 
 
 
 
 
 
 
 
 
 
 
 
 
 
 
 
 
 
 
 
 
 
 
 
 
 
 
 
 
 
 
 
 
 
 
 
 
 
 
 
 
 
 
 
 
 
 
 
 
 
 
 
 
 
 
 
 
 
 
 
 
 
 
 
 
 
 
 
 
 
 
 
 
 
 
 
 
 
 
 
 
 
 
 
 
 
 
 
 
 
 
 
 
 
 
 
 
 
 
 
 
 
 
 
 
 
 
 
 
 
 
 
 
 
 
 
 
 
 
 
 
 
 
 
 
 
 
 
 
 
 
 
 
 
 
 
 
 
 
 
 
 
 
 
 
 
 
 
 
 
 
 
 
 
 
 
 
 
 
 
 
 
 
 
 
 
 
 
 
 
 
 
 
 
 
 
 
 
 
 
 
 
 
 
 
 
 
 
 
 
 
 
 
 
 
 
 
 
 
 
 
 
 
 
 
 
 
 
 
 
 
 
 
 
 
 
 
 
 
 
 
 
 
 
 
 
 
 
 
 
 
 
 
 
 
 
 
 
 
 
 
 
 
 
 
 
 
 
 
 
 
 
 
 
 
 
 
 
 
 
 
 
 
 
 
 
 
 
 
 
 
 
 
 
 
 
 
 
 
 
 
 
 
 
 
 
 
 
 
 
 
 
 
 
 
 
 
 
 
 
 
 
 
 
 
 
 
 
 
 
 
 
 
 
 
 
 
 
 
 
 
 
 
 
 
 
 
 
 
 
 
 
 
 
 
 
 
 
 
 
 
 
 
 
 
 
 
 
 
 
 
 
 
 
 
 
 
 
 
 
 
 
 
 
 
 
 
 
 
 
 
 
 
 
 
 
 
 
 
 
 
 
 
 
 
 
 
 
 
 
 
 
 
 
 
 
 
 
 
 
 
 
 
 
 
 
 
 
 
 
 
 
 
 
 
 
 
 
 
 
 
 
 
 
 
 
 
 
 
 
 
 
 
 
 
 
 
 
 
 
 
 
 
 
 
 
 
 
 
 
 
 
 
 
 
 
 
 
 
 
 
 
 
 
 
 
 
 
 
 
 
 
 
 
 
 
 
 
 
 
 
 
 
 
 
 
 
 
 
 
 
 
 
 
 
 
 
 
 
 
 
 
 
 
 
 
 
 
 
 
 
 
 
 
 
 
 
 
 
 
 
 
 
 
 
 
 
 
 
 
 
 
 
 
 
 
 
 
 
 
 
 
 
 
 
 
 
 
 
 
 
 
 
 
 
 
 
 
 
 
 
 
 
 
 
 
 
 
 
 
 
 
 
 
 
 
 
 
 
 
 
 
 
 
 
 
 
 
 
 
 
 
 
 
 
 
 
 
 
 
 
 
 
 
 
 
 
 
 
 
 
 
 
 
 
 
 
 
 
 
 
 
 
 
 
 
 
 
 
 
 
 
 
 
 
 
 
 
 
 
 
 
 
 
 
 
 
 
 
 
 
 
 
 
 
 
 
 
 
 
 
 
 
 
 
 
 
 
 
 
 
 
 
 
 
 
 
 
 
 
 
 
 
 
 
 
 
 
 
 
 
 
 
 
 
 
 
 
 
 
 
 
 
 
 
 
 
 
 
 
 
 
 
 
 
 
 
 
 
 
 
 
 
 
 
 
 
 
 
 
 
 
 
 
 
 
 
 
 
 
 
 
 
 
 
 
 
 
 
 
 
 
 
 
 
 
 
 
 
 
 
 
 
 
 
 
 
 
 
 
 
 
 
 
 
 
 
 
 
 
 
 
 
 
 
 
 
 
 
 
 
 
 
 
 
 
 
 
 
 
 
 
 
 
 
 
 
 
 
 
 
 
 
 
 
 
 
 
 
 
 
 
 
 
 
 
 
 
 
 
 
 
 
 
 
 
 
 
 
 
 
 
 
 
 
 
 
 
 
 
 
 
 
 
 
 
 
 
 
 
 
 
 
 
 
 
 
 
 
 
 
 
 
 
 
 
 
 
 
 
 
 
 
 
 
 
 
 
 
 
 
 
 
 
 
 
 
 
 
 
 
 
 
 
 
 
 
 
 
 
 
 
 
 
 
 
 
 
 
 
 
 
 
 
 
 
 
 
 
 
 
 
 
 
 
 
 
 
 
 
 
 
 
 
 
 
 
 
 
 
 
 
 
 
 
 
 
 
 
 
 
 
 
 
 
 
 
 
 
 
 
 
 
 
 
 
 
 
 
 
 
 
 
 
 
 
 
 
 
 
 
 
 
 
 
 
 
 
 
 
 
 
 
 
 
 
 
 
 
 
 
 
 
 
 
 
 
 
 
 
 
 
 
 
 
 
 
 
 
 
 
 
 
 
 
 
 
 
 
 
 
 
 
 
 
 
 
 
 
 
 
 
 
 
 
 
 
 
 
 
 
 
 
 
 
 
 
 
 
 
 
 
 
 
 
 
 
 
 
 
 
 
 
 
 
 
 
 
 
 
 
 
 
 
 
 
 
 
 
 
 
 
 
 
 
 
 
 
 
 
 
 
 
 
 
 
 
 
 
 
 
 
 
 
 
 
 
 
 
 
 
 
 
 
 
 
 
 
 
 
 
 
 
 
 
 
 
 
 
 
 
 
 
 
 
 
 
 
 
 
 
 
 
 
 
 
 
 
 
 
 
 
 
 
 
 
 
 
 
 
 
 
 
 
 
 
 
 
 
 
 
 
 
 
 
 
 
 
 
 
 
 
 
 
 
 
 
 
 
 
 
 
 
 
 
 
 
 
 
 
 
 
 
 
 
 
 
 
 
 
 
 
 
 
 
 
 
 
 
 
 
 
 
 
 
 
 
 
 
 
 
 
 
 
 
 
 
 
 
 
 
 
 
 
 
 
 
 
 
 
 
 
 
 
 
 
 
 
 
 
 
 
 
 
 
 
 
 
 
 
 
 
 
 
 
 
 
 
 
 
 
 
 
 
 
 
 
 
 
 
 
 
 
 
 
 
 
 
 
 
 
 
 
 
 
 
 
 
 
 
 
 
 
 
 
 
 
 
 
 
 
 
 
 
 
 
 
 
 
 
 
 
 
 
 
 
 
 
 
 
 
 
 
 
 
 
 
 
 
 
 
 
 
 
 
 
 
 
 
 
 
 
 
 
 
 
 
 
 
 
 
 
 
 
 
 
 
 
 
 
 
 
 
 
 
 
 
 
 
 
 
 
 
 
 
 
 
 
 
 
 
 
 
 
 
 
 
 
 
 
 
 
 
 
 
 
 
 
 
 
 
 
 
 
 
 
 
 
 
 
 
 
 
 
 
 
 
 
 
 
 
 
 
 
 
 
 
 
 
 
 
 
 
 
 
 
 
 
 
 
 
 
 
 
 
 
 
 
 
 
 
 
 
 
 
 
 
 
 
 
 
 
 
 
 
 
 
 
 
 
 
 
 
 
 
 
 
 
 
 
 
 
 
 
 
 
