0.0 0.0
0.01 2.42673544e-07
0.02 3.2040419e-07
0.03 5.13612905e-07
0.04 6.38872649e-07
0.05 3.97292818e-07
0.06 -4.02887583e-07
0.07 -1.194697505e-06
0.08 -1.233358731e-06
0.09 -1.899271721e-06
0.1 -4.367955143e-06
0.11 -6.22763974e-06
0.12 -6.037465683e-06
0.13 -3.949403362e-06
0.14 -2.826839897e-06
0.15 -5.918166493e-06
0.16 -7.180045147e-06
0.17 -3.363303405e-06
0.18 2.522573908e-06
0.19 1.2180428912e-05
0.2 1.7632485143e-05
0.21 5.611437404e-06
0.22 -1.1891584048e-05
0.23 -1.7860937218e-05
0.24 -1.3818289316e-05
0.25 -9.749515597e-06
0.26 -4.727512046e-06
0.27 8.787562264e-06
0.28 1.5914163582e-05
0.29 2.312103667e-06
0.3 -2.2236550478e-05
0.31 -3.8180529472e-05
0.32 -2.780538971e-05
0.33 -7.919879067e-06
0.34 -1.128659947e-06
0.35 -2.3233681545e-05
0.36 -8.7468491378e-05
0.37 -0.000137743421127
0.38 -8.9136679243e-05
0.39 8.707075081e-06
0.4 4.6464521229e-05
0.41 4.3554544695e-05
0.42 3.4010062268e-05
0.43 2.8536389859e-05
0.44 5.9233151418e-05
0.45 7.0356337607e-05
0.46 -1.6080158471e-05
0.47 -0.00011604195113
0.48 -0.000141025112888
0.49 -8.1880702931e-05
0.5 -2.4869770496e-05
0.51 -6.1140414236e-05
0.52 -0.000101116952855
0.53 -8.1525768965e-05
0.54 -5.7600417842e-05
0.55 -5.816047066e-05
0.56 -8.0293461091e-05
0.57 -6.9077357758e-05
0.58 -4.2862402641e-05
0.59 9.092879041e-06
0.6 9.761436646e-05
0.61 3.9885127807e-05
0.62 -0.000107223328823
0.63 -7.0378990017e-05
0.64 3.5791787326e-05
0.65 -4.6454636552e-05
0.66 -8.1927911309e-05
0.67 5.2883980891e-05
0.68 3.3141109366e-05
0.69 -0.000182779173279
0.7 -0.000261229660624
0.71 -9.1417216038e-05
0.72 2.0041733091e-05
0.73 -9.8301395409e-05
0.74 -0.000221757178155
0.75 -0.000274661193683
0.76 -0.000362701926044
0.77 -0.000338420757884
0.78 -0.00012979935077
0.79 -5.4697401572e-05
0.8 -9.7635161916e-05
0.81 0.000148497935243
0.82 0.000342772374169
0.83 5.7193969049e-05
0.84 -0.00019611049327
0.85 -0.000130093873813
0.86 -0.000156513081287
0.87 -8.9599209388e-05
0.88 0.000190586026203
0.89 0.000290040154421
0.9 7.4326380094e-05
0.91 -0.000278609971278
0.92 -0.000439441586202
0.93 -0.000365288842336
0.94 -0.00029719338031
0.95 -0.000238938717115
0.96 -0.00017450041005
0.97 -0.000303293480091
0.98 -0.000329082175444
0.99 4.9963700985e-05
1.0 0.000529285400643
1.01 0.000518493683167
1.02 8.1124620361e-05
1.03 -0.000173702390362
1.04 6.7845515441e-05
1.05 0.000314047731202
1.06 -1.0881981162e-05
1.07 -0.000409818854831
1.08 -0.000214651442496
1.09 0.000140255683583
1.1 8.3956939902e-05
1.11 0.000172094014667
1.12 0.000362306021172
1.13 0.000144528836225
1.14 -0.000198907919433
1.15 -0.000211980130151
1.16 0.000151918512198
1.17 0.000335042048937
1.18 1.6819781281e-05
1.19 1.6800397788e-05
1.2 0.00047442431589
1.21 0.000254694030241
1.22 -0.000394140452926
1.23 -0.000445247490424
1.24 -0.000416456205101
1.25 -0.001131561021594
1.26 -0.001778781981557
1.27 -0.001372441987503
1.28 -0.000388714752721
1.29 6.9856226165e-05
1.3 -3.9453197981e-05
1.31 0.000267337233497
1.32 0.000614919404632
1.33 0.000201076135381
1.34 -9.1121824601e-05
1.35 0.000254143407958
1.36 0.000199637162258
1.37 -0.000197110578773
1.38 -0.000424306442295
1.39 -0.000378881450116
1.4 -0.000461005756984
1.41 -0.000872036305627
1.42 -0.000780378782555
1.43 -0.000194716785761
1.44 -0.000220837497679
1.45 -0.00091699067384
1.46 -0.00090990065542
1.47 6.181630873e-06
1.48 0.000792454877567
1.49 0.001378431154286
1.5 0.001865094951492
1.51 0.001561998401607
1.52 0.000568289697577
1.53 7.845070306e-05
1.54 0.000346390844017
1.55 0.000287112063505
1.56 -0.000412713726266
1.57 -0.001234745135684
1.58 -0.001338976380983
1.59 -0.000545547631762
1.6 0.000201844696535
1.61 0.000358209213818
1.62 0.000355622356359
1.63 0.000257234272595
1.64 -0.000339719164593
1.65 -0.00087237453806
1.66 -0.00047516587674
1.67 1.4621502281e-05
1.68 -0.000190404687027
1.69 -0.000124539897731
1.7 0.000580811406539
1.71 0.000792037068776
1.72 0.000380339566485
1.73 -0.000262203430612
1.74 -0.000882282674978
1.75 -0.001380674789335
1.76 -0.001580668031496
1.77 -0.001152120308266
1.78 -0.000562943429538
1.79 -0.000297592932009
1.8 -0.000134308728094
1.81 0.000833361953063
1.82 0.001880076183641
1.83 0.001755362434404
1.84 0.001054483789318
1.85 0.000343383739776
1.86 -0.000801986815537
1.87 -0.001441393006227
1.88 -0.000787249710112
1.89 -3.041235617e-05
1.9 -0.000223865053031
1.91 -0.000399358104122
1.92 -0.000464214500335
1.93 -0.000224005196701
1.94 0.000893602892245
1.95 0.0015565356149
1.96 0.000418388726238
1.97 -0.000829756967848
1.98 -0.000405742542577
1.99 0.000187409154057
2.0 -0.000122173744002
2.01 -0.000156195910723
2.02 0.000514111715082
2.03 0.0005800814862
2.04 0.000385969888354
2.05 0.000696948447709
2.06 0.000203121827702
2.07 -0.00111643752251
2.08 -0.001646362064009
2.09 -0.001119169336774
2.1 -0.000272248780711
2.11 9.710135614e-06
2.12 0.000277596497182
2.13 0.000522242240772
2.14 0.000366618416738
2.15 0.000252686952868
2.16 0.000698787070042
2.17 0.001130108422363
2.18 0.000279910543199
2.19 -0.001408099995168
2.2 -0.002133557411332
2.21 -0.001352761625497
2.22 -0.000206550164168
2.23 0.000289863313191
2.24 0.00030050106887
2.25 0.000256331761055
2.26 0.000639538507255
2.27 0.000981200615481
2.28 0.000893372513085
2.29 0.000833132580835
2.3 0.000568106055122
2.31 -0.000418965066453
2.32 -0.001337279672043
2.33 -0.001286420168922
2.34 -0.001324194669224
2.35 -0.001361866560744
2.36 -0.000447365026509
2.37 0.0004172036022
2.38 7.6632645399e-05
2.39 -0.00028391323063
2.4 0.000114025294704
2.41 0.000330873271225
2.42 0.000444770061885
2.43 0.001188491654676
2.44 0.002211914513382
2.45 0.002231062375692
2.46 0.001052224216125
2.47 -2.4119839302e-05
2.48 -0.000242743434316
2.49 8.8195370445e-05
2.5 0.00053333832471
2.51 0.000597650936137
2.52 0.000629401018912
2.53 0.000307011313842
2.54 -0.000510829746752
2.55 -0.001172473210455
2.56 -0.000991141385319
2.57 -0.000410805582283
2.58 -0.000588459708567
2.59 -0.001638490758615
2.6 -0.002454572639456
2.61 -0.00226672293527
2.62 -0.00200045224124
2.63 -0.002044432272434
2.64 -0.001296667825576
2.65 -0.000529259312488
2.66 -0.001050110269183
2.67 -0.000772644250018
2.68 0.000958541319558
2.69 0.001749105858672
2.7 0.00136461608282
2.71 0.002143495179738
2.72 0.003621614168112
2.73 0.004169513867454
2.74 0.004334029082089
2.75 0.003821027254939
2.76 0.001097108155392
2.77 -0.00248652491206
2.78 -0.004184623944834
2.79 -0.004722087342536
2.8 -0.004700933815715
2.81 -0.004080469712056
2.82 -0.002932049098867
2.83 -0.001526772752394
2.84 -0.000398717851764
2.85 0.000281918739962
2.86 7.0025977743e-05
2.87 -0.000963633750203
2.88 -0.001708067211561
2.89 -0.001038088882271
2.9 -4.9484375622e-05
2.91 -0.001008648466806
2.92 -0.003039194363477
2.93 -0.004022397404608
2.94 -0.003737143214735
2.95 -0.002989816637206
2.96 -0.002173862392963
2.97 -0.002728882364246
2.98 -0.004835085453895
2.99 -0.00611658707061
3.0 -0.005034838909005
3.01 -0.001983089007936
3.02 0.002675995440542
3.03 0.00726950936221
3.04 0.008731402886843
3.05 0.006236028377815
3.06 0.002072443838472
3.07 -0.001643271941647
3.08 -0.003331752026167
3.09 -0.003371677235507
3.1 -0.001713846264431
3.11 -0.000502658652039
3.12 -0.002191511219913
3.13 -0.00572723218084
3.14 -0.008109824061655
3.15 -0.007602783553399
3.16 -0.006201835732349
3.17 -0.004466062173919
3.18 -0.002790108800612
3.19 -0.001723024019621
3.2 -0.00167661274604
3.21 -0.001899181516045
3.22 -0.000523048326498
3.23 0.002649978855846
3.24 0.006376321573555
3.25 0.008607938268688
3.26 0.008307994399716
3.27 0.005008460256571
3.28 -0.00076433390853
3.29 -0.004521245417722
3.3 -0.005176772142625
3.31 -0.002231313989977
3.32 0.002297991729315
3.33 0.004868462340481
3.34 0.001797186660192
3.35 -0.002741234478727
3.36 -0.00459510955769
3.37 -0.003109224786727
3.38 -0.000305751050459
3.39 0.00272929896087
3.4 0.003845610653779
3.41 0.002307217959978
3.42 -0.001183232149616
3.43 -0.004913025237956
3.44 -0.006687411067853
3.45 -0.006534195958489
3.46 -0.005201147243111
3.47 -0.004690000737629
3.48 -0.005488597292831
3.49 -0.006581435850811
3.5 -0.0057782484505
3.51 -0.00085198034837
3.52 0.006689832850489
3.53 0.013092620195708
3.54 0.014663248158167
3.55 0.011788158616954
3.56 0.007716026272266
3.57 0.004277328412601
3.58 0.002927770832762
3.59 0.004088376999535
3.6 0.005877398343281
3.61 0.005828459828477
3.62 0.002097540459732
3.63 -0.003578322292725
3.64 -0.006941351579219
3.65 -0.00771036962981
3.66 -0.008551144187863
3.67 -0.008637136163576
3.68 -0.004664979152725
3.69 0.00194244542103
3.7 0.007296966467658
3.71 0.010387723974521
3.72 0.012196798157545
3.73 0.01270161999293
3.74 0.011497381316013
3.75 0.007710929364799
3.76 0.001741744222606
3.77 -0.003654298263868
3.78 -0.007189159966295
3.79 -0.007174392086713
3.8 -0.006617449222687
3.81 -0.005770280983845
3.82 -0.004171005029631
3.83 0.001351123413234
3.84 0.012325758735898
3.85 0.020863230759023
3.86 0.024157020462258
3.87 0.019967898814076
3.88 0.011056798086562
3.89 0.000633017878985
3.9 -0.006231801586055
3.91 -0.008808471212371
3.92 -0.005191025869631
3.93 -0.000780059383506
3.94 0.001191356870798
3.95 -0.002025462892288
3.96 -0.006279128227064
3.97 -0.007995114204322
3.98 -0.007721057444117
3.99 -0.004985447535514
4.0 -0.001678078624741
4.01 0.002143359349845
4.02 0.002300839857761
4.03 -0.00025300644151
4.04 -0.001642697517002
4.05 0.001212655133136
4.06 0.006383559011884
4.07 0.010933568264823
4.08 0.011183289910118
4.09 0.007426241483834
4.1 0.003735326228579
4.11 0.003313757607893
4.12 0.007062168875756
4.13 0.011779723728677
4.14 0.013236795527976
4.15 0.013164978803901
4.16 0.008702230755688
4.17 -0.000971369836249
4.18 -0.009896455387531
4.19 -0.015403278723569
4.2 -0.016529240580041
4.21 -0.012821285751291
4.22 -0.007721929796572
4.23 -0.002615712416048
4.24 0.00047887940492
4.25 -0.001681428496311
4.26 -0.00440531701039
4.27 -0.00324307328546
4.28 0.001733986995709
4.29 0.008451360441398
4.3 0.015179483045422
4.31 0.016664234845615
4.32 0.013571243397651
4.33 0.012606691477129
4.34 0.016098059345833
4.35 0.024437430130703
4.36 0.031117228759397
4.37 0.031081163002446
4.38 0.015915312785989
4.39 -0.00378323390989
4.4 -0.022263978683018
4.41 -0.03544046715874
4.42 -0.042280922532682
4.43 -0.0396827411835
4.44 -0.028403274929934
4.45 -0.013003953831452
4.46 0.004240357013745
4.47 0.01890376353467
4.48 0.037435076903782
4.49 0.04870135432782
4.5 0.051754540392148
4.51 0.053020418910596
4.52 0.054919157011029
4.53 0.052473060672718
4.54 0.043839545084846
4.55 0.01874480907969
4.56 -0.002352063409175
4.57 -0.020343753756625
4.58 -0.035453610939533
4.59 -0.047534234434799
4.6 -0.057102417896757
4.61 -0.063434209532192
4.62 -0.067238905608647
4.63 -0.069255229851517
4.64 -0.064241100300126
4.65 -0.049196283764128
4.66 -0.02405932516679
4.67 -0.013985262684
4.68 -0.000625770909839
4.69 0.024860283577858
4.7 0.053605741008016
4.71 0.08119431449839
4.72 0.102711916658212
4.73 0.116073712677676
4.74 0.123755890274911
4.75 0.119474386775864
4.76 0.108894133179254
4.77 0.09683528097961
4.78 0.078169625491312
4.79 0.050671737073363
4.8 0.037888815858825
4.81 0.023269916870468
4.82 0.012894195005986
4.83 0.028286246706793
4.84 0.041222824557221
4.85 0.062222054131688
4.86 0.032002960272496
4.87 0.007824961070152
4.88 -0.015139390751237
4.89 -0.032802069346777
4.9 -0.03003225042614
4.91 -0.03176140952315
4.92 -0.024376338396959
4.93 -0.007857973895124
4.94 0.001800157796412
4.95 0.023382850565622
4.96 0.010302364930233
4.97 -0.001768006475579
4.98 0.007850137699698
4.99 0.026388621468865
5.0 0.045912738535114
5.01 0.051861178043252
5.02 0.047908085683502
5.03 0.03856126602745
5.04 0.025055779109011
5.05 0.007688990965252
5.06 -0.016065860264248
5.07 -0.044576430758551
5.08 -0.076927753091335
5.09 -0.1020355134191
5.1 -0.113528672999005
5.11 -0.106897292685077
5.12 -0.087528412676258
5.13 -0.062851988045091
5.14 -0.055592983613416
5.15 -0.057308045052776
5.16 -0.068181250328926
5.17 -0.083761200720081
5.18 -0.094204576762841
5.19 -0.095362341565842
5.2 -0.089288416167212
5.21 -0.079419428474437
5.22 -0.058054714362857
5.23 -0.023831580673537
5.24 0.005320092209252
5.25 0.016154705478162
5.26 0.026088204641644
5.27 0.030433436345895
5.28 0.040314130965633
5.29 0.045994831369519
5.3 0.051707919356549
5.31 0.057391186839953
5.32 0.0627075975797
5.33 0.050231273642187
5.34 0.030859030852633
5.35 0.005901127358491
5.36 -0.023579855951043
5.37 -0.047309593280768
5.38 -0.065029796562173
5.39 -0.072535654477556
5.4 -0.083659420222067
5.41 -0.074634320038414
5.42 -0.076639669690706
5.43 -0.0666509115822
5.44 -0.038670159122905
5.45 -0.011174601580797
5.46 0.009139666413956
5.47 0.019708732371398
5.48 0.018780274891869
5.49 0.00995431948984
5.5 -0.003703549762165
5.51 -0.019614772604781
5.52 -0.028428153002894
5.53 -0.025759066094825
5.54 -0.042008043318806
5.55 -0.042597397320302
5.56 -0.026753554535961
5.57 -0.010214855147651
5.58 -0.008448280188722
5.59 -0.018781648848155
5.6 -0.021341621574543
5.61 -0.027538325428908
5.62 -0.027948741797909
5.63 -0.028740453635978
5.64 -0.045369564540697
5.65 -0.065063582235975
5.66 -0.082079508469003
5.67 -0.090061001941056
5.68 -0.090249768852829
5.69 -0.095710293982837
5.7 -0.101264244925677
5.71 -0.094511245296209
5.72 -0.076344995842997
5.73 -0.050741473356324
5.74 -0.029871883134212
5.75 -0.026281376905686
5.76 -0.033444360221217
5.77 -0.043253246028366
5.78 -0.054995117889942
5.79 -0.06276753035294
5.8 -0.063028161366222
5.81 -0.060686188783483
5.82 -0.032278531389986
5.83 -0.005185345854276
5.84 0.003006440327659
5.85 -0.023601175847324
5.86 -0.056253833403306
5.87 -0.081864154852286
5.88 -0.118231522442901
5.89 -0.13654421622366
5.9 -0.141613341074561
5.91 -0.138361643930785
5.92 -0.129657255776953
5.93 -0.105176728440421
5.94 -0.061147923830048
5.95 -0.03066352781741
5.96 0.001616020927026
5.97 0.045354994784973
5.98 0.092085953914083
5.99 0.129847206781332
6.0 0.1650393496401
6.01 0.190805803044477
6.02 0.205759433924435
6.03 0.208362193725035
6.04 0.199835013327267
6.05 0.186903257093637
6.06 0.17088249448417
6.07 0.175012178583549
6.08 0.183650232312338
6.09 0.196490662974868
6.1 0.206986488055511
6.11 0.199621234267336
6.12 0.168602362404724
6.13 0.102538227571501
6.14 -0.052298209576092
6.15 -0.051128816790456
6.16 -0.092014210747068
6.17 -0.117255277167902
6.18 -0.108641681947742
6.19 -0.092036181879947
6.2 -0.058628711786524
6.21 -0.046194232426212
6.22 -0.037702916556944
6.23 -0.035701814925399
6.24 -0.046761947369848
6.25 -0.037816902587602
6.26 0.005210761771544
6.27 0.059109018155603
6.28 0.084934173237485
6.29 0.088672450099855
6.3 0.129855120894353
6.31 0.128713058965688
6.32 0.15232655936023
6.33 0.145408402129998
6.34 0.149958503148554
6.35 0.143105445433394
6.36 0.117829959756375
6.37 0.085066280727081
6.38 0.123208674334311
6.39 0.107474973610271
6.4 0.112027134741627
6.41 0.09250542474468
6.42 0.036310890435704
6.43 0.036271395427771
6.44 0.025945960576598
6.45 -0.026587260521572
6.46 -0.078266441794522
6.47 -0.133723487013619
6.48 -0.176086473464084
6.49 -0.169512628347272
6.5 -0.133232372699121
6.51 -0.095299345167874
6.52 -0.055241752627353
6.53 -0.010732184794825
6.54 0.00683005852094
6.55 0.016971854339983
6.56 0.061369680469065
6.57 0.095605267067104
6.58 0.095088437650478
6.59 0.091609352715572
6.6 0.068071450702689
6.61 0.048830009573213
6.62 0.034285176572744
6.63 -0.011636657569
6.64 -0.029668663533191
6.65 -0.049016327525217
6.66 -0.046253394806418
6.67 -0.03586828918683
6.68 -0.027423119925604
6.69 -0.013518407456712
6.7 -0.004769303003496
6.71 -0.00022703296778
6.72 0.011907291284292
6.73 0.045059286540191
6.74 0.068579929447706
6.75 0.08874081259966
6.76 0.107828495279059
6.77 0.140314861021252
6.78 0.147517699488241
6.79 0.133587653014278
6.8 0.119171122134053
6.81 0.09895734313593
6.82 0.080146919415463
6.83 0.073440401218434
6.84 0.086250955837912
6.85 0.118543258849402
6.86 0.143665292980081
6.87 0.135518218638821
6.88 0.106942216215293
6.89 0.081920165286219
6.9 0.076543624035185
6.91 0.059184731471124
6.92 0.045283325896407
6.93 0.035596539870349
6.94 0.072755992289416
6.95 0.082968125848432
6.96 0.113579381921415
6.97 0.087448864701524
6.98 0.070189935383903
6.99 0.089616000136098
7.0 0.100246492033493
7.01 0.112275786254282
7.02 0.134350068558241
7.03 0.090077465632767
7.04 -0.05233746657792
7.05 -0.119498885624351
7.06 -0.18945628218682
7.07 -0.24999380967706
7.08 -0.33411207082026
7.09 -0.389511902627387
7.1 -0.429781757997752
7.11 -0.433043165942161
7.12 -0.433682185311864
7.13 -0.419973006447171
7.14 -0.360141607170865
7.15 -0.3214924044077
7.16 -0.28885576479544
7.17 -0.254687953487119
7.18 -0.218207317631463
7.19 -0.177792201343624
7.2 -0.13075458848933
7.21 -0.074958230944457
7.22 0.112005831616761
7.23 0.030015556702575
7.24 0.090470136850967
7.25 0.075059116023669
7.26 0.093708494060893
7.27 0.086018693445413
7.28 0.082914705774553
7.29 0.073068173016455
7.3 0.065606685506451
7.31 0.084094917597591
7.32 0.125369750046834
7.33 0.186153362211782
7.34 0.21878194741708
7.35 0.20392026813586
7.36 0.178801837228812
7.37 0.133749811660888
7.38 0.082011993757723
7.39 0.0591231241214
7.4 0.048593063135549
7.41 0.043350510467063
7.42 0.054725153100167
7.43 0.068573065561376
7.44 0.075395486405807
7.45 0.078724470896639
7.46 0.07365359290732
7.47 0.057137044908192
7.48 0.034441695386734
7.49 0.010815212018335
7.5 -0.008924051736601
7.51 -0.022369627861208
7.52 -0.033320312059261
7.53 -0.046931733969369
7.54 -0.064893326409832
7.55 -0.087373454847887
7.56 -0.113444267923979
7.57 -0.138635695438584
7.58 -0.156179865174604
7.59 -0.161419584705548
7.6 -0.142769988235386
7.61 -0.127854067056021
7.62 -0.167729726436423
7.63 -0.200147063651268
7.64 -0.191820490536473
7.65 -0.176133690192875
7.66 -0.152269203877065
7.67 -0.123094316922593
7.68 -0.086387745385324
7.69 -0.041731768232417
7.7 0.005428552504924
7.71 0.046929857950382
7.72 0.070628832537198
7.73 0.072337418036073
7.74 0.055631178604259
7.75 0.02961621958562
7.76 0.010659789942716
7.77 0.006208653502463
7.78 0.009979609600342
7.79 0.018013993837851
7.8 0.030812089522252
7.81 0.047307796584869
7.82 0.067385158996962
7.83 0.090040761649239
7.84 0.107211356105679
7.85 0.106636376926588
7.86 0.079044224383738
7.87 0.023987761428243
7.88 -0.047435481457254
7.89 -0.115456200519067
7.9 -0.16787837047249
7.91 -0.204541686977494
7.92 -0.233630726396453
7.93 -0.26120537074761
7.94 -0.288843147724526
7.95 -0.313950781419138
7.96 -0.325739829206465
7.97 -0.315066131159447
7.98 -0.295061897360429
7.99 -0.281478654729165
8.0 -0.268035760699664
8.01 -0.244885991737999
8.02 -0.22062082469966
8.03 -0.099714140123678
8.04 -0.072549705688821
8.05 0.017756291467662
8.06 0.015874506486744
8.07 0.044804350112235
8.08 0.044204089506838
8.09 0.08937740510628
8.1 0.1400390281301
8.11 0.1789690619339
8.12 0.237020485980622
8.13 0.297942898328037
8.14 0.326364131258476
8.15 0.327603196842792
8.16 0.311809618132682
8.17 0.282628737741308
8.18 0.247659372084365
8.19 0.221426765090858
8.2 0.21233509489283
8.21 0.21205011825915
8.22 0.213697770717351
8.23 0.21902059940405
8.24 0.220829743621808
8.25 0.242501502253691
8.26 0.267430951667858
8.27 0.266272710267727
8.28 0.26312210304709
8.29 0.263923131129785
8.3 0.253026446648847
8.31 0.222795599187993
8.32 0.165073314322236
8.33 0.119794531238599
8.34 0.074266664719311
8.35 0.023345149308654
8.36 -0.037670676295712
8.37 -0.219695290019853
8.38 -0.099526853784715
8.39 -0.212449837306751
8.4 -0.128695077753923
8.41 -0.190517224459556
8.42 -0.158777167751707
8.43 -0.20208126922366
8.44 -0.195186435675527
8.45 -0.165784719579914
8.46 -0.16515083636235
8.47 -0.158816148585773
8.48 -0.166598623574351
8.49 -0.182874651537713
8.5 -0.179336070392035
8.51 -0.17875008907835
8.52 -0.192432973964211
8.53 -0.193121732201393
8.54 -0.176685336913663
8.55 -0.161252135495814
8.56 -0.146261283919724
8.57 -0.12478697093061
8.58 -0.1056223007099
8.59 -0.094947227896234
8.6 -0.081836009540039
8.61 -0.057320615222702
8.62 -0.028926915831103
8.63 -0.007295876256253
8.64 0.008037352055993
8.65 0.023417024394809
8.66 0.041220921846984
8.67 0.061430025022601
8.68 0.086987504406797
8.69 0.12067592245316
8.7 0.158498706397409
8.71 0.256718430810358
8.72 0.186944553510506
8.73 0.205207723870931
8.74 0.177893312250892
8.75 0.186709346062461
8.76 0.166727676309085
8.77 0.152785437785783
8.78 0.115678155945247
8.79 0.080860550108098
8.8 0.054978260091193
8.81 0.029107738769357
8.82 -0.000973729435307
8.83 -0.036394686922858
8.84 -0.05990803818617
8.85 -0.064385228953173
8.86 -0.05744695513902
8.87 -0.038475562396477
8.88 -0.01174167350847
8.89 0.010347753373347
8.9 0.024863380777967
8.91 0.03251721819885
8.92 0.030616677486468
8.93 0.021468626036485
8.94 0.010593545994793
8.95 -0.00162749794222
8.96 -0.01569704980765
8.97 -0.026720297210492
8.98 -0.028717380206277
8.99 -0.020200812720857
9.0 -0.002430033125712
9.01 0.023708513050673
9.02 0.05707570254184
9.03 0.093188284084433
9.04 0.12524867021354
9.05 0.146589902219542
9.06 0.153878644821381
9.07 0.147872833722903
9.08 0.130371009870837
9.09 0.101527067500813
9.1 0.003491579335168
9.11 -0.039810760824283
9.12 -0.074237601508614
9.13 -0.073520593721794
9.14 -0.088233510724916
9.15 -0.119160469690946
9.16 -0.153141836135627
9.17 -0.170926315556206
9.18 -0.17144131768925
9.19 -0.162931735728042
9.2 -0.155850058635056
9.21 -0.14698803322236
9.22 -0.112436969105577
9.23 -0.051648613799899
9.24 0.007061259803854
9.25 0.049408903105791
9.26 0.070334904586818
9.27 0.061353492530372
9.28 0.032463165138662
9.29 0.004341462073895
9.3 -0.025077497770338
9.31 -0.069616691221267
9.32 -0.125056615966802
9.33 -0.176321090611238
9.34 -0.215107235079253
9.35 -0.237749438210647
9.36 -0.241777245438292
9.37 -0.229390492473328
9.38 -0.206910683466983
9.39 -0.180488026105728
9.4 -0.150864575607811
9.41 -0.112503452826128
9.42 -0.119954790616877
9.43 -0.121633875993514
9.44 -0.090444208990507
9.45 -0.05633744888961
9.46 -0.03706581158726
9.47 0.023891156738323
9.48 0.064505753216853
9.49 0.088776974442276
9.5 0.111417679589179
9.51 0.113493450245506
9.52 0.153079541728062
9.53 0.191974611250128
9.54 0.231792400719771
9.55 0.277032459203014
9.56 0.305025947571528
9.57 0.311637771142207
9.58 0.307363100124107
9.59 0.293529994095942
9.6 0.271729799541556
9.61 0.245991198433516
9.62 0.213738733250068
9.63 0.173542305184738
9.64 0.132180689483529
9.65 0.093074124589747
9.66 0.052187218390349
9.67 0.009063254559606
9.68 -0.030732433761665
9.69 -0.064058056633772
9.7 -0.098245553528958
9.71 -0.119442622533417
9.72 -0.09118080512164
9.73 -0.096589126926741
9.74 -0.094257805826558
9.75 -0.089424815433009
9.76 -0.091786015981486
9.77 -0.123774955933017
9.78 -0.101080492008297
9.79 -0.054353704114691
9.8 -0.023108191650575
9.81 -0.010823856660229
9.82 -0.019790337208637
9.83 0.013853867839126
9.84 0.024985047020071
9.85 0.019822411148464
9.86 -0.029584094664707
9.87 -0.032847311320216
9.88 -0.055579722576141
9.89 -0.06987369690903
9.9 -0.084425051053383
9.91 -0.08020484528845
9.92 -0.061205104632841
9.93 -0.022831723912571
9.94 0.027732686664365
9.95 0.071439777098611
9.96 0.105062612691179
9.97 0.128550040675259
9.98 0.13853626897647
9.99 0.13869119940466
10.0 0.133282814708958
10.01 0.120644794284363
10.02 0.099022129324145
10.03 0.069140559088475
10.04 0.032902612853609
10.05 -0.004663815299627
10.06 -0.035677932562398
10.07 -0.053120263187254
10.08 -0.053104971124159
10.09 -0.035688832629438
10.1 -0.004724921883809
10.11 0.049397105103404
10.12 0.124598001871318
10.13 0.134726207566544
10.14 0.147656498666298
10.15 0.169911814898823
10.16 0.190216581802009
10.17 0.201602761771488
10.18 0.211621484568861
10.19 0.209685323152285
10.2 0.199338512278585
10.21 0.172606558886593
10.22 0.121970178613476
10.23 0.042529323301222
10.24 -0.063871790868955
10.25 -0.251829078174577
10.26 -0.208374148784521
10.27 -0.26223640674171
10.28 -0.239676623223158
10.29 -0.247698778645614
10.3 -0.216858312300618
10.31 -0.194398088589223
10.32 -0.154625164462656
10.33 -0.121605707757469
10.34 -0.10401742422762
10.35 -0.108161232815611
10.36 -0.08558614988811
10.37 -0.023901617297177
10.38 0.008121215220851
10.39 0.045977235706539
10.4 0.073384111136064
10.41 0.109543733776835
10.42 0.132628988695952
10.43 0.107934626218683
10.44 0.108164815296978
10.45 0.171914091530219
10.46 0.154011461436714
10.47 0.126134327026098
10.48 0.142526087403603
10.49 0.089042771522649
10.5 0.08383500020651
10.51 0.018143244448933
10.52 -0.012195932535732
10.53 -0.033802098366929
10.54 -0.052281043457803
10.55 -0.089419469638005
10.56 -0.154933218284393
10.57 -0.21619743208407
10.58 -0.232424004339719
10.59 -0.209777289558402
10.6 -0.185033970272216
10.61 -0.16345313695763
10.62 -0.138535206212719
10.63 -0.116466926240334
10.64 -0.06204195989195
10.65 -0.033907898505363
10.66 0.019185707207197
10.67 0.048789863225692
10.68 0.062225770581702
10.69 0.052627752336105
10.7 0.047636485772474
10.71 0.022552381957552
10.72 -0.004437287700198
10.73 -0.035910760660024
10.74 -0.046896891615681
10.75 -0.08297958494514
10.76 -0.10783565374997
10.77 -0.134575567272778
10.78 -0.166775050366639
10.79 -0.177033006744216
10.8 -0.213892682774734
10.81 -0.250068262516909
10.82 -0.23314187752195
10.83 -0.208403152763471
10.84 -0.18703118692393
10.85 -0.150902292572065
10.86 -0.027142407186002
10.87 -0.044883212483564
10.88 0.000872586763147
10.89 0.009360430899458
10.9 0.051965147641026
10.91 0.042269747695245
10.92 0.047880135499952
10.93 0.045268742084148
10.94 0.052934418149319
10.95 0.100843680831019
10.96 0.140864445812667
10.97 0.142444303298011
10.98 0.135125201609074
10.99 0.14045503048269
11.0 0.132695494339425
11.01 0.11853161619403
11.02 0.127093853876488
11.03 0.137008265824153
11.04 0.13438130063423
11.05 0.146857563793173
11.06 0.16876945640784
11.07 0.17197787909041
11.08 0.165262720949085
11.09 0.165876195961495
11.1 0.167015908805033
11.11 0.161427226492373
11.12 0.153974065653011
11.13 0.13330817282196
11.14 0.110869339367309
11.15 0.126170652041052
11.16 0.122366559573949
11.17 0.114480363100538
11.18 0.118263792719678
11.19 0.130063747948932
11.2 0.14065531189106
11.21 0.145457295237763
11.22 0.144308821819486
11.23 0.136196282125996
11.24 0.10845400577549
11.25 -0.018578270758745
11.26 -0.023206520950754
11.27 -0.045195136139792
11.28 -0.061666152265637
11.29 -0.087860373876397
11.3 -0.100259932818206
11.31 -0.125287395813106
11.32 -0.146656239501743
11.33 -0.170177565714425
11.34 -0.200341707969742
11.35 -0.216354712975103
11.36 -0.1982239431274
11.37 -0.149806378612111
11.38 -0.094693718880208
11.39 -0.054342604645556
11.4 -0.038191427175807
11.41 -0.044570654687181
11.42 -0.05785757399618
11.43 -0.057047308677509
11.44 -0.037305741612146
11.45 -0.012052823384737
11.46 0.007508947266657
11.47 0.021687088351336
11.48 0.032347993155894
11.49 0.03762828003473
11.5 0.038250396101261
11.51 0.040093751615865
11.52 0.047985044701481
11.53 0.06026891608458
11.54 0.070063522765359
11.55 0.070945715075473
11.56 0.061339020917072
11.57 0.043841311466158
11.58 0.021898618582112
11.59 -0.007441340340163
11.6 -0.03363455767048
11.61 -0.045468879648588
11.62 -0.064422533098781
11.63 -0.063596309729595
11.64 -0.031836239675815
11.65 -0.01869297244569
11.66 -0.028925248259799
11.67 -0.024535726347311
11.68 6.9630065196e-05
11.69 0.02435203208584
11.7 0.058816822411453
11.71 0.084758198343542
11.72 0.106797234175356
11.73 0.124386237685355
11.74 0.131928092336437
11.75 0.131917817076171
11.76 0.129181522645869
11.77 0.128223997827778
11.78 0.13066845036477
11.79 0.133593867111325
11.8 0.132895380750838
11.81 0.127116817329375
11.82 0.120101829858541
11.83 0.119541344024232
11.84 0.129333629703407
11.85 0.144513656938623
11.86 0.15563263133725
11.87 0.156730474993964
11.88 0.148341580124913
11.89 0.134750022203303
11.9 0.119944046368368
11.91 0.104493734284993
11.92 0.085298697165895
11.93 -0.003478718160982
11.94 0.014283335242746
11.95 -0.02382900295113
11.96 -0.020175951483598
11.97 -0.030005325018207
11.98 -0.033478775406163
11.99 -0.043922803622024
12.0 -0.056022265646723
12.01 -0.073717221907858
12.02 -0.096354226203157
12.03 -0.120212110319744
12.04 -0.12734391196748
12.05 -0.117095980889573
12.06 -0.1093976915564
12.07 -0.099913257212422
12.08 -0.083918623237976
12.09 -0.075123720670939
12.1 -0.069915673136436
12.11 -0.061105105571763
12.12 -0.061160527317303
12.13 -0.071335883702172
12.14 -0.074152148962838
12.15 -0.064779783169953
12.16 -0.05181600161707
12.17 -0.038253319632612
12.18 -0.025526778342978
12.19 -0.020967563818703
12.2 -0.02785999541341
12.21 -0.039797195958516
12.22 -0.050023906555203
12.23 -0.057706304805575
12.24 -0.063526626159174
12.25 -0.069244335235105
12.26 -0.078502733669515
12.27 -0.09286112247616
12.28 -0.109886255504645
12.29 -0.124261007787734
12.3 -0.130449926129101
12.31 -0.125652767601809
12.32 -0.111934614439192
12.33 -0.095678481643852
12.34 -0.083730709772034
12.35 -0.079643231125587
12.36 -0.082097600211003
12.37 -0.094707381044612
12.38 -0.114006915361576
12.39 -0.138168355498053
12.4 -0.125981236189801
12.41 -0.106051567238894
12.42 -0.078733124305421
12.43 -0.070337059466986
12.44 -0.05832350276413
12.45 -0.056133004862299
12.46 -0.046285521413924
12.47 -0.039760710949951
12.48 -0.038280894453842
12.49 -0.01798479084531
12.5 0.009979499801369
12.51 0.035011491108466
12.52 0.063836288280132
12.53 0.088177413445274
12.54 0.099706274052582
12.55 0.104887377693137
12.56 0.107596149473697
12.57 0.107328107739111
12.58 0.107655106455416
12.59 0.109327663294997
12.6 0.105888520123438
12.61 0.09250010419402
12.62 0.072524336690237
12.63 0.053863360919795
12.64 0.042740755624614
12.65 0.040430995312171
12.66 0.043033459138805
12.67 0.044171609037378
12.68 0.039141558381083
12.69 0.027346977713157
12.7 0.011065368803224
12.71 -0.022192347238749
12.72 -0.069826070959042
12.73 -0.089293114696191
12.74 -0.090856605971056
12.75 -0.088304640982521
12.76 -0.072889741159284
12.77 -0.057928894507656
12.78 -0.04221545534824
12.79 -0.028938157441266
12.8 -0.021113659901869
12.81 -0.0181381383591
12.82 -0.004819324630717
12.83 0.020942852398486
12.84 0.037337854892023
12.85 0.045332088730939
12.86 0.046074586885451
12.87 0.034425871653868
12.88 0.025055735505758
12.89 0.017370677987399
12.9 0.006645415284979
12.91 0.007720651495536
12.92 0.020267266496572
12.93 0.030628283087346
12.94 0.036603486624217
12.95 0.038581458678671
12.96 0.035442120906451
12.97 0.031139129836642
12.98 0.026128711139441
12.99 0.01238713006003
13.0 -0.014956202876573
13.01 -0.050177580343001
13.02 -0.080999860968327
13.03 -0.096819581854764
13.04 -0.095259798434212
13.05 -0.083108820340016
13.06 -0.069601907108606
13.07 -0.059021245541794
13.08 -0.0507659078058
13.09 -0.022378883460253
13.1 -0.03016722429604
13.11 -0.023857550663516
13.12 -0.019240449028234
13.13 -0.016890280778266
13.14 -0.023622237330619
13.15 -0.027105126299858
13.16 -0.022284889394958
13.17 -0.013630849225878
13.18 -0.016791433843924
13.19 -0.039968503235797
13.2 -0.060787551376428
13.21 -0.073729968502562
13.22 -0.072317517660466
13.23 -0.056399289735316
13.24 -0.046636112420254
13.25 -0.035118160574044
13.26 -0.024652937599
13.27 -0.020480043184962
13.28 -0.013676835665138
13.29 -0.009794816832424
13.3 -0.010868697972225
13.31 -0.013803913490793
13.32 -0.018266969087056
13.33 -0.018941779202739
13.34 -0.012060141302882
13.35 0.001486317498137
13.36 0.017553011011408
13.37 0.033063484176748
13.38 0.050949845720886
13.39 0.071916063507352
13.4 0.088689646470625
13.41 0.091866411642803
13.42 0.078522057905191
13.43 0.057408569329131
13.44 0.018402499512257
13.45 0.012226253095227
13.46 -0.013116346563966
13.47 -0.019240957705075
13.48 -0.033169798221225
13.49 -0.037363012744028
13.5 -0.042868452374547
13.51 -0.043834886153199
13.52 -0.05180649474123
13.53 -0.062141618065594
13.54 -0.069848159734849
13.55 -0.068669681681173
13.56 -0.060053626488361
13.57 -0.061376865335
13.58 -0.060751565653163
13.59 -0.060395488133117
13.6 -0.062309892798357
13.61 -0.055996950069045
13.62 -0.057963527764989
13.63 -0.058935209638356
13.64 -0.048907652283337
13.65 -0.038409403660894
13.66 -0.021144059137077
13.67 -0.002790756612369
13.68 0.008396125826407
13.69 0.020033859455821
13.7 0.028037851113623
13.71 0.030643882287474
13.72 0.033863806245206
13.73 0.033906315499147
13.74 0.020455097816343
13.75 -0.016097416059683
13.76 -0.009077273506927
13.77 0.023834390081562
13.78 0.008528038571092
13.79 0.004511129343779
13.8 0.01218219376629
13.81 0.014475092024651
13.82 0.015647557380501
13.83 0.017677942191886
13.84 0.022916172759925
13.85 0.029438798601367
13.86 0.037093657512182
13.87 0.041955494212984
13.88 0.042727970271948
13.89 0.03664465338713
13.9 0.027095733962992
13.91 0.019932373635703
13.92 0.014277631999145
13.93 0.01053486854067
13.94 0.011716179639252
13.95 0.021938593298211
13.96 0.024946285544497
13.97 0.027629583443899
13.98 0.031015962054033
13.99 0.033337371278249
14.0 0.033204470596709
14.01 0.031978352208159
14.02 0.03119918527246
14.03 0.031535443305103
14.04 0.032988495145035
14.05 0.034108552042596
14.06 0.03592348575119
14.07 0.03560743319625
14.08 0.036133877916867
14.09 0.035455856061088
14.1 0.040727932751674
14.11 0.048844574232451
14.12 0.055091409094168
14.13 0.054773496083684
14.14 0.055475700264463
14.15 0.057817916066082
14.16 0.0601386656505
14.17 0.061867384134739
14.18 0.063316792002379
14.19 0.062814188376855
14.2 0.05642302626183
14.21 0.043127134743918
14.22 0.024960638030562
14.23 0.005228903853002
14.24 -0.011245021957539
14.25 -0.023133191132406
14.26 -0.032675683352424
14.27 -0.041163715418462
14.28 -0.047818375551095
14.29 -0.051458183900913
14.3 -0.05235026239087
14.31 -0.051310555414547
14.32 -0.047857811411152
14.33 -0.042099793664735
14.34 -0.035914879967864
14.35 -0.033012845645981
14.36 -0.034010082062758
14.37 -0.038264980321518
14.38 -0.04576391573412
14.39 -0.055131604919231
14.4 -0.065096334422195
14.41 -0.073778735971139
14.42 -0.079554203798043
14.43 -0.080017128829847
14.44 -0.073717904276933
14.45 -0.065020863291251
14.46 -0.058129177038706
14.47 -0.053305547227575
14.48 -0.051701162174912
14.49 -0.054162973691516
14.5 -0.060428756954115
14.51 -0.071336450943563
14.52 -0.085477956585668
14.53 -0.098289756307809
14.54 -0.106804695651236
14.55 -0.109195320279884
14.56 -0.106398489255642
14.57 -0.103797388197794
14.58 -0.103536128363924
14.59 -0.100514084250063
14.6 -0.081905726471526
14.61 -0.061961687394122
14.62 -0.048124893017244
14.63 -0.046145224901831
14.64 -0.038405332735401
14.65 -0.036893992156341
14.66 -0.027411578382777
14.67 -0.016773949919377
14.68 -0.005993540046609
14.69 -0.00765542347684
14.7 -0.011431174542677
14.71 -0.007135733814288
14.72 0.003245938336372
14.73 0.01789495262388
14.74 0.032780997863212
14.75 0.044228569113454
14.76 0.054414822032619
14.77 0.059641721195013
14.78 0.057382432771572
14.79 0.052141098566907
14.8 0.045765836219043
14.81 0.039781797593082
14.82 0.03607261833964
14.83 0.03216693127176
14.84 0.026174755481173
14.85 0.019820417016169
14.86 0.0158462218903
14.87 0.015721035916338
14.88 0.020159848680282
14.89 0.0306198882355
14.9 0.044843719852732
14.91 0.058303656250711
14.92 0.065369084551485
14.93 0.064002497636175
14.94 0.058647143231965
14.95 0.054473358490113
14.96 0.051409328728541
14.97 0.047830305065206
14.98 0.044536578672428
14.99 0.042561898197036
15.0 0.041034170052009
15.01 0.04915446886419
15.02 0.058164253825591
15.03 0.071879972319542
15.04 0.066520206720599
15.05 0.052849578691278
15.06 0.038928906063978
15.07 0.024989012022707
15.08 0.013409713243948
15.09 0.000460708284033
15.1 -0.004667846941379
15.11 -0.012340255930615
15.12 -0.017534449452704
15.13 -0.018936668066544
15.14 -0.020337990914364
15.15 -0.017168358034387
15.16 -0.010649461990396
15.17 -0.00224927573314
15.18 0.008157443914986
15.19 0.016259580994719
15.2 0.019705691353597
15.21 0.019502155153506
15.22 0.015492684233455
15.23 0.009029165205924
15.24 0.002375445962045
15.25 -0.004068026799076
15.26 -0.009693410877005
15.27 -0.012702596829919
15.28 -0.011703694810232
15.29 -0.007552117504535
15.3 -0.003338420126266
15.31 -0.000948870024279
15.32 0.00055555328848
15.33 0.002021439495242
15.34 0.002584414544539
15.35 -0.006727068625676
15.36 -0.03017378092837
15.37 -0.020609678955027
15.38 -0.011305436775875
15.39 -0.01497975025993
15.4 -0.020435470513409
15.41 -0.01719961531722
15.42 -0.018538735479968
15.43 -0.008493108147656
15.44 0.000478606985438
15.45 0.013572027668863
15.46 0.027632674101503
15.47 0.043911238404141
15.48 0.064531401678738
15.49 0.081629895817281
15.5 0.094224819331701
15.51 0.102609921840694
15.52 0.10742122339819
15.53 0.113401865722537
15.54 0.121241101122721
15.55 0.12960187658666
15.56 0.13714559918778
15.57 0.122836396953781
15.58 0.136509769601614
15.59 0.141295766444091
15.6 0.127318546837285
15.61 0.105473783960117
15.62 0.080366095273438
15.63 0.027801279729008
15.64 0.006541195815809
15.65 -0.023013996724641
15.66 -0.022727570590711
15.67 -0.043112158694879
15.68 -0.050554792935599
15.69 -0.06156195921491
15.7 -0.064100825811204
15.71 -0.066417586554241
15.72 -0.069901639850669
15.73 -0.070717005570216
15.74 -0.057256519213675
15.75 -0.028189061460908
15.76 -0.010027860649872
15.77 0.001745439458178
15.78 0.011146190957036
15.79 0.009648555539309
15.8 0.014786432370334
15.81 0.015978754093765
15.82 0.00078927297198
15.83 -0.009945120862047
15.84 -0.01826079623335
15.85 -0.028881969523674
15.86 -0.031496059356676
15.87 -0.030949891476059
15.88 -0.03189599969597
15.89 -0.028959832529439
15.9 -0.023411930237271
15.91 -0.017176763789718
15.92 -0.009253614413701
15.93 -0.002746838279652
15.94 -0.002331930657462
15.95 -0.007123117672688
15.96 -0.015285666740501
15.97 -0.023881001839189
15.98 -0.030258668790257
15.99 -0.027547299108593
16.0 -0.029337009886092
16.01 -0.051640104007119
16.02 -0.043260826907681
16.03 -0.036086621085527
16.04 -0.035386222952098
16.05 -0.042141199557209
16.06 -0.041406684157588
16.07 -0.041404876435096
16.08 -0.034548153189667
16.09 -0.024669304154064
16.1 -0.019520538384688
16.11 -0.014092061811049
16.12 -0.016942970906958
16.13 -0.019958086320086
16.14 -0.022552650191032
16.15 -0.025064871709421
16.16 -0.017883051832323
16.17 -0.005985710929793
16.18 0.010240446031709
16.19 0.030588283531435
16.2 0.046725855605823
16.21 0.059190833435153
16.22 0.069987132265971
16.23 0.07923810874283
16.24 0.090929910525388
16.25 0.105135997213969
16.26 0.115407520625888
16.27 0.116189924085278
16.28 0.107036939850276
16.29 0.093725482000917
16.3 0.083205589927763
16.31 0.077310170993554
16.32 0.074673779844916
16.33 0.074913745599277
16.34 0.076603547880741
16.35 0.075857821653085
16.36 0.069393948844762
16.37 0.034236935243449
16.38 0.022287725173995
16.39 0.008942252186326
16.4 -0.001451823420905
16.41 -0.007358309930852
16.42 -0.014524804060163
16.43 -0.018698996631086
16.44 -0.021063186809394
16.45 -0.02388715989522
16.46 -0.028085749310078
16.47 -0.022440214533949
16.48 -0.007763000417151
16.49 0.005588548105485
16.5 0.019090404585755
16.51 0.022813045750965
16.52 0.023269876782677
16.53 0.02119293081494
16.54 0.010833185931504
16.55 0.004031922931484
16.56 -0.002146123834665
16.57 -0.009526616271819
16.58 -0.014957661845782
16.59 -0.023263915320971
16.6 -0.033327765031912
16.61 -0.042701413440429
16.62 -0.053687197319217
16.63 -0.065207850713857
16.64 -0.075186847194569
16.65 -0.083485831118611
16.66 -0.088170288533549
16.67 -0.087300557406209
16.68 -0.080074753624848
16.69 -0.071755335062531
16.7 -0.061348427820643
16.71 -0.047628721662456
16.72 -0.012384327472189
16.73 -0.011485739481525
16.74 -0.004649148021745
16.75 -0.005219599659548
16.76 -0.003060025766576
16.77 -0.004130203336954
16.78 -0.000272669925615
16.79 0.002133584479167
16.8 0.006052068473123
16.81 0.006542787335265
16.82 -0.007658414508611
16.83 -0.03021611646988
16.84 -0.055742925179791
16.85 -0.059871094198063
16.86 -0.067263545979751
16.87 -0.058603959331709
16.88 -0.045673119959753
16.89 -0.033318073498048
16.9 -0.034939495328331
16.91 -0.017470796406209
16.92 0.001707555697417
16.93 0.000672145314363
16.94 -0.002965636135997
16.95 -0.00299393469777
16.96 -0.002431141687763
16.97 0.001895118524102
16.98 0.004314942348727
16.99 0.005179618176684
17.0 0.012628096385265
17.01 0.031064085929059
17.02 0.058954150777689
17.03 0.089970053177376
17.04 0.110690180291461
17.05 0.109352227355987
17.06 0.092550005542987
17.07 0.074642811857269
17.08 0.04649734543949
17.09 0.038678072447123
17.1 0.02074168600664
17.11 0.013444736800854
17.12 0.00395188488699
17.13 -0.010890508133796
17.14 -0.01391910712487
17.15 -0.013123398924713
17.16 -0.010631535276687
17.17 -0.02327526461206
17.18 -0.032267999288578
17.19 -0.031352826287518
17.2 -0.020334921381585
17.21 -0.023365862601224
17.22 -0.028354007838955
17.23 -0.0449460877906
17.24 -0.061139943989433
17.25 -0.075515911579362
17.26 -0.087259331491985
17.27 -0.084633828040364
17.28 -0.075684504609686
17.29 -0.065216375296092
17.3 -0.057711493862988
17.31 -0.056458797981724
17.32 -0.056843962516317
17.33 -0.055300429756259
17.34 -0.051635752872301
17.35 -0.048007974964518
17.36 -0.045195808291009
17.37 -0.043266400984492
17.38 -0.042312142406761
17.39 -0.040942715269006
17.4 -0.03907693244401
17.41 -0.036460012291697
17.42 -0.01794809809162
17.43 0.014552688568513
17.44 0.0340092332514
17.45 0.044145532378431
17.46 0.051181459782014
17.47 0.065525855521263
17.48 0.071085448910775
17.49 0.074014104764725
17.5 0.072734691252337
17.51 0.074491243750492
17.52 0.069601267296969
17.53 0.055049204983554
17.54 0.040378914294084
17.55 0.020901506956509
17.56 -0.001077097721209
17.57 -0.01712539182524
17.58 -0.02854734517732
17.59 -0.034203491614406
17.6 -0.034835160774672
17.61 -0.037014526046352
17.62 -0.039650774877957
17.63 -0.038694056222162
17.64 -0.034301260897903
17.65 -0.025534021869465
17.66 -0.012617772656389
17.67 0.001512530975138
17.68 0.015635639273225
17.69 0.028451828756663
17.7 0.037389527906956
17.71 0.042975309355945
17.72 0.04761181931604
17.73 0.051214870140295
17.74 0.05337077576744
17.75 0.048392664865704
17.76 0.012087520720518
17.77 0.006577593851003
17.78 0.005817617438531
17.79 0.007369541956936
17.8 0.003230491739195
17.81 0.008301047124017
17.82 0.014641606071818
17.83 0.02507322719753
17.84 0.034217419710419
17.85 0.041499992107274
17.86 0.050636030964872
17.87 0.058021948689023
17.88 0.067051238880993
17.89 0.065545515062843
17.9 0.068208759723065
17.91 0.066790977253566
17.92 0.059471770649172
17.93 0.053071196881456
17.94 0.048963783124345
17.95 0.045745687302342
17.96 0.039536201065832
17.97 0.02232043948507
17.98 0.008780436048936
17.99 -0.00592062135055
18.0 0.001015119494714
18.01 -0.017632089693189
18.02 -0.056472684382388
18.03 -0.058904994607222
18.04 -0.058549141416265
18.05 -0.056627609192666
18.06 -0.042419036547996
18.07 -0.021875541367327
18.08 0.000910825966527
18.09 0.023211583044421
18.1 0.046152581987314
18.11 0.050698914155572
18.12 0.06242083266912
18.13 0.085362151085879
18.14 0.10589907911085
18.15 0.111515762184669
18.16 0.105212091422935
18.17 0.086553556172839
18.18 0.069181641007319
18.19 0.037304450719824
18.2 0.019727047467168
18.21 -0.002927221490332
18.22 -0.022770347757058
18.23 -0.043309159474449
18.24 -0.059479803818828
18.25 -0.069094770232157
18.26 -0.074822203812115
18.27 -0.079541328844021
18.28 -0.081978912464637
18.29 -0.079361937556791
18.3 -0.068033446751098
18.31 -0.052882394581891
18.32 -0.029267884843582
18.33 -0.011975421891792
18.34 0.015246202692381
18.35 0.025286111355504
18.36 0.038859332755899
18.37 0.036238726579047
18.38 0.047957840310077
18.39 0.048457388906718
18.4 0.051769549902567
18.41 0.036242275125161
18.42 0.020564179329931
18.43 0.003279077144178
18.44 -0.023880757799288
18.45 -0.022205419262893
18.46 -0.013201071946267
18.47 -0.025203187653207
18.48 -0.025651586328934
18.49 -0.057190068187488
18.5 -0.103352519404171
18.51 -0.101302294227208
18.52 -0.087404506858707
18.53 -0.083585665798811
18.54 -0.0304051746527
18.55 -0.047173103235409
18.56 -0.021362971095413
18.57 -0.021167199239371
18.58 -0.005564107390448
18.59 0.005851224983038
18.6 0.004654852693262
18.61 0.003312514216738
18.62 -0.003832488789575
18.63 0.000369203568007
18.64 -0.003145558042843
18.65 -0.007034695209241
18.66 -0.022992324261687
18.67 -0.012839179534691
18.68 -0.041058918258608
18.69 -0.032615667989584
18.7 -0.049430265949337
18.71 -0.032394355360899
18.72 -0.048747156390623
18.73 -0.033243291571566
18.74 -0.038820641666135
18.75 -0.028438506702859
18.76 -0.025696708537058
18.77 -0.01270331520301
18.78 -0.026771515402289
18.79 -0.012551964517201
18.8 -0.00019825084485
18.81 0.022534055199007
18.82 0.048185184082037
18.83 0.049640126350962
18.84 0.04590358319678
18.85 0.03752694448208
18.86 0.02800477878845
18.87 0.028679418959332
18.88 0.031003366633897
18.89 0.028060023830897
18.9 0.026060393224205
18.91 0.025126781075432
18.92 0.023303984165252
18.93 0.020460475667597
18.94 0.013220776750715
18.95 0.002099770799781
18.96 -0.019367878442055
18.97 -0.032714733182002
18.98 -0.039997926868482
18.99 -0.047811477344662
19.0 -0.052532928272327
19.01 -0.061295983773152
19.02 -0.062904418057537
19.03 -0.063751481728853
19.04 -0.065958953295911
19.05 -0.068974291392488
19.06 -0.06641614416239
19.07 -0.058053270514899
19.08 -0.050644258116095
19.09 -0.042146633391279
19.1 -0.030217820738233
19.11 -0.01759579928889
19.12 -0.009328743890535
19.13 -0.007608578421527
19.14 -0.006526105877517
19.15 0.008416425308642
19.16 0.032850393440207
19.17 0.043320768989825
19.18 0.042881821182683
19.19 0.038358526694179
19.2 0.035471067579971
19.21 0.025426472863013
19.22 0.015344214657198
19.23 0.009981162436549
19.24 0.004054927630513
19.25 -0.000319949352219
19.26 -0.0070739611957
19.27 -0.007636150826097
19.28 -0.011546996150046
19.29 -0.005925376952626
19.3 0.001666582466177
19.31 0.014915255340751
19.32 0.027136805011044
19.33 0.03769540887201
19.34 0.046218309188148
19.35 0.046150807444194
19.36 0.038012723102283
19.37 0.03495078643167
19.38 0.029026647359794
19.39 0.024395817812892
19.4 0.023636084049776
19.41 0.024275159848496
19.42 0.028492723084935
19.43 0.036674772011732
19.44 0.045158863470231
19.45 0.05191511865398
19.46 0.055469364492999
19.47 0.044704497061221
19.48 0.03252339383333
19.49 0.034192910655671
19.5 0.035124555449106
19.51 0.03369695753396
19.52 0.034466036916587
19.53 0.037357780839891
19.54 0.040656465566926
19.55 0.047425283590504
19.56 0.055653728002305
19.57 0.067472466524833
19.58 0.078601973473154
19.59 0.090926790627537
19.6 0.104113813994078
19.61 0.107737338084712
19.62 0.099553901943823
19.63 0.106256062857365
19.64 0.088808320667467
19.65 0.071888922140202
19.66 0.049352409050349
19.67 0.023127832529256
19.68 -0.010342760524661
19.69 -0.034696162201662
19.7 -0.05798141433079
19.71 -0.077218187956938
19.72 -0.090899847416186
19.73 -0.098794521320209
19.74 -0.095980704514814
19.75 -0.085718417190658
19.76 -0.072915751137175
19.77 -0.059983261084954
19.78 -0.047327593741948
19.79 -0.035390577282979
19.8 -0.01924472871303
19.81 0.009692471425896
19.82 0.013562250708271
19.83 0.018822585978964
19.84 0.023985445112949
19.85 0.02469191206789
19.86 0.020029287303183
19.87 0.016755944441058
19.88 0.002893891794121
19.89 -0.007779675628168
19.9 -0.023268533112581
19.91 -0.021504415193652
19.92 -0.018954064527115
19.93 -0.02286902118578
19.94 -0.036965357526062
19.95 -0.058567528239491
19.96 -0.085029583946524
19.97 -0.0929091174792
19.98 -0.085554548666754
19.99 -0.081262930505706
20.0 -0.078436333429215
20.01 -0.065399262633363
20.02 -0.048655172893804
20.03 -0.035667508010597
20.04 -0.024245348909606
20.05 -0.013579122768848
20.06 -0.001105993544591
20.07 0.008647298833877
20.08 0.02604571806551
20.09 0.047570812174955
20.1 0.063449915159961
20.11 0.059829002215456
20.12 0.037635280088984
20.13 0.019566906286277
20.14 0.007141470941662
20.15 -0.003082934972622
20.16 -0.008212712815791
20.17 -0.019284349387373
20.18 -0.021704370946214
20.19 -0.030410732202828
20.2 -0.032049690440223
20.21 -0.037181975633872
20.22 -0.037759216503569
20.23 -0.037375196118326
20.24 -0.034574214539849
20.25 -0.028124655366255
20.26 -0.017059708099573
20.27 -0.000763999113214
20.28 0.007384726848287
20.29 0.013966826878336
20.3 0.014973405714443
20.31 0.015952370101147
20.32 0.01711870206535
20.33 0.014292836863796
20.34 0.02444770776277
20.35 0.021001737645292
20.36 0.016066743965099
20.37 0.004742234016247
20.38 0.005603418068118
20.39 0.002806909803235
20.4 0.002267848492903
20.41 -0.005132914020402
20.42 -0.016983946346332
20.43 -0.029277678017843
20.44 -0.048231390484814
20.45 -0.06651836273382
20.46 -0.075258461047444
20.47 -0.068178052185131
20.48 -0.058523280037448
20.49 -0.047140054181927
20.5 -0.035172921697593
20.51 -0.023599995874678
20.52 -0.01379251100318
20.53 -0.004981304341037
20.54 -0.002038799282614
20.55 0.004374941684628
20.56 0.009453237444568
20.57 0.013349674192094
20.58 0.013848464375098
20.59 0.009817911709738
20.6 0.006715595768055
20.61 0.001631384928963
20.62 -0.001048334806066
20.63 0.000289751896893
20.64 0.002501683929811
20.65 0.005192736914788
20.66 0.000786404138257
20.67 -0.00345655313256
20.68 -0.008305284666694
20.69 -0.0086369402213
20.7 -0.009131904393813
20.71 -0.011964586077027
20.72 -0.012983628525066
20.73 -0.013204476193959
20.74 -0.012320273591268
20.75 -0.01410158631821
20.76 -0.01394815764106
20.77 -0.009790935092865
20.78 -0.000892120438266
20.79 0.014111774089297
20.8 0.026482011185186
20.81 0.035376302654077
20.82 0.039386511547245
20.83 0.04046510080399
20.84 0.041444609369211
20.85 0.042705890462752
20.86 0.039082653380761
20.87 0.025240408292309
20.88 0.021572925533224
20.89 0.015252915339236
20.9 0.011841380315635
20.91 0.002732517828519
20.92 -0.003204206208621
20.93 -0.012750254372216
20.94 -0.017156999044933
20.95 -0.022293843242155
20.96 -0.023713765506469
20.97 -0.024443921671531
20.98 -0.021262091409914
20.99 -0.018843204103993
21.0 -0.019088054057794
21.01 -0.017230529667339
21.02 -0.017904403126062
21.03 -0.014971933804204
21.04 -0.013565820299576
21.05 -0.010156890913531
21.06 -0.006020170307263
21.07 -0.004342458251479
21.08 -0.001742318147263
21.09 -0.000345638951024
21.1 0.001025114848137
21.11 0.000837405443572
21.12 -0.000212897651895
21.13 0.000338029107034
21.14 -0.000418895326465
21.15 -0.004641238090504
21.16 -0.014531386355214
21.17 -0.021434085459586
21.18 -0.018305048610157
21.19 -0.017288084424362
21.2 -0.011690772290346
21.21 -0.007411605816845
21.22 9.415097109e-06
21.23 0.00617299554923
21.24 0.014235525133518
21.25 0.022352409602607
21.26 0.031739563762457
21.27 0.039018600234076
21.28 0.045028892045506
21.29 0.048118645878138
21.3 0.048647064836228
21.31 0.048060671987774
21.32 0.043743885290466
21.33 0.041471293636951
21.34 0.037950524095665
21.35 0.033802076363284
21.36 0.02777383430363
21.37 0.018873843085485
21.38 -0.004652939881163
21.39 -0.008886830400125
21.4 -0.019106779739894
21.41 -0.023745446906572
21.42 -0.025679267077487
21.43 -0.027290895955881
21.44 -0.024028571342269
21.45 -0.019791587662376
21.46 -0.012773870544577
21.47 -0.004115356449484
21.48 0.014176538125998
21.49 0.03544774322037
21.5 0.043058729257991
21.51 0.053343618022716
21.52 0.059222676218671
21.53 0.066058086294451
21.54 0.065632371451139
21.55 0.068605908797263
21.56 0.060888493462282
21.57 0.056733707671943
21.58 0.048049775367021
21.59 0.041450205169066
21.6 0.027776850136141
21.61 0.018917273009072
21.62 0.024400192549023
21.63 0.018927122315881
21.64 -0.001769505568698
21.65 -0.024418291789522
21.66 -0.038553470310426
21.67 -0.020835786398446
21.68 0.000232613342026
21.69 -0.001061470432096
21.7 0.00087465166135
21.71 0.008601103273657
21.72 0.005484804411972
21.73 0.003389142211731
21.74 0.010570941433882
21.75 0.015183620202499
21.76 0.023140419444249
21.77 0.008890977510413
21.78 -0.009421969670835
21.79 -0.015612785808171
21.8 -0.013452469769533
21.81 -0.014266683767086
21.82 -0.020066380313151
21.83 -0.022118263612722
21.84 -0.014839624006746
21.85 -0.0101097182167
21.86 -0.014587769416226
21.87 -0.017534060322116
21.88 -0.020373230158067
21.89 -0.014792710324565
21.9 -0.015174731315792
21.91 -0.006623509875401
21.92 -0.000609251686733
21.93 0.006428772699213
21.94 0.010736314112415
21.95 0.015132779615226
21.96 0.010534814549926
21.97 0.002077323108081
21.98 0.003261138796301
21.99 0.002984660107724
22.0 -0.001540335233172
22.01 -0.008907273194584
22.02 -0.012239709350877
22.03 -0.019083925753232
22.04 -0.013108749486123
22.05 -0.010579469764886
22.06 -0.007016714936139
22.07 -0.013496825568495
22.08 -0.020292424536229
22.09 -0.025680130611601
22.1 -0.022679237178163
22.11 -0.021557168818234
22.12 -0.025108083710754
22.13 -0.028736849261153
22.14 -0.026501012518775
22.15 -0.025324416219605
22.16 -0.02118168395726
22.17 -0.020282825194238
22.18 -0.021131727888434
22.19 -0.021483899378336
22.2 -0.020476772859929
22.21 -0.021011761584177
22.22 -0.020286966934274
22.23 -0.022421010902012
22.24 -0.025604706561884
22.25 -0.027022597518148
22.26 -0.030941479882418
22.27 -0.033758742909357
22.28 -0.032606437608438
22.29 -0.027338465168886
22.3 -0.019148970150093
22.31 -0.014990303370384
22.32 -0.012995327155887
22.33 -0.012600498993886
22.34 -0.014400914436861
22.35 -0.013814441195167
22.36 -0.01814266079831
22.37 -0.012755099230641
22.38 -0.013741898394761
22.39 -0.015261724484638
22.4 -0.020876735633669
22.41 -0.027726038242
22.42 -0.036539251888389
22.43 -0.041991119904338
22.44 -0.040823786536563
22.45 -0.041031746926572
22.46 -0.037069247857492
22.47 -0.035885461278184
22.48 -0.03278608135143
22.49 -0.030133052481485
22.5 -0.025694141395751
22.51 -0.018027036610935
22.52 -0.014569166432084
22.53 -0.008195965610306
22.54 -0.004330865887006
22.55 0.002006723454154
22.56 0.006125121742086
22.57 0.009436014532074
22.58 0.011018223647488
22.59 0.010098701223979
22.6 0.008895815446152
22.61 0.009332668488596
22.62 0.009195268617969
22.63 0.008188184483676
22.64 0.008536926444358
22.65 0.007899333316958
22.66 0.007933858974422
22.67 0.005098985542117
22.68 0.006734463396166
22.69 0.007364232302687
22.7 0.011722850277117
22.71 0.015288789053769
22.72 0.013376991419265
22.73 0.013055675136555
22.74 0.01156947576276
22.75 0.010815072724884
22.76 0.01120655409421
22.77 0.009410609216928
22.78 0.007801899237982
22.79 0.005006894557173
22.8 0.002986600948394
22.81 0.001015709233965
22.82 -0.00067999736708
22.83 0.001224373769934
22.84 0.003689008867748
22.85 0.006008451511377
22.86 0.008157789922571
22.87 0.012509504691838
22.88 0.014792306839311
22.89 0.016159282318406
22.9 0.01751689444667
22.91 0.018877754869894
22.92 0.018878856255601
22.93 0.019302321631479
22.94 0.019471249760605
22.95 0.020711568322392
22.96 0.022963832700304
22.97 0.024847587385256
22.98 0.030948731545102
22.99 0.036642707491345
23.0 0.036161671762485
23.01 0.029848326751709
23.02 0.022436653176862
23.03 0.018791466356833
23.04 0.024988574003345
23.05 0.024794553401202
23.06 0.021769531106155
23.07 0.022489681171402
23.08 0.022024993482456
23.09 0.020605056155352
23.1 0.019105653826077
23.11 0.027713311513091
23.12 0.031809704576025
23.13 0.033433783683232
23.14 0.035748337135439
23.15 0.033271051708369
23.16 0.028534885304185
23.17 0.015127033614995
23.18 0.008842411607464
23.19 0.001658593576144
23.2 0.000939510947404
23.21 -5.1615743971e-05
23.22 0.001154447157236
23.23 0.002095586187176
23.24 0.004177127325531
23.25 0.005371295645793
23.26 0.004696856796871
23.27 0.002383550670237
23.28 0.001255378432669
23.29 0.001787663411363
23.3 0.003619887605447
23.31 0.00489273102638
23.32 0.005540586340252
23.33 0.005693002803932
23.34 0.005856090819486
23.35 0.007341996457093
23.36 0.008532130116508
23.37 0.009644113879351
23.38 0.009951722609047
23.39 0.008480513872679
23.4 0.006128411330701
23.41 0.000584231177397
23.42 -0.007690339732046
23.43 -0.017464498424437
23.44 -0.027048446255964
23.45 -0.032422471315316
23.46 -0.029144012647626
23.47 -0.02197677542362
23.48 -0.017550904886943
23.49 -0.019435195451085
23.5 -0.016904927492019
23.51 -0.014062063468228
23.52 -0.010700903226703
23.53 -0.005942108946755
23.54 -0.000500148265017
23.55 0.002736780821444
23.56 0.005762042848953
23.57 0.004401571987409
23.58 0.003486763593658
23.59 0.004640538461202
23.6 0.006712815055148
23.61 0.00586386035749
23.62 0.001986787807948
23.63 -0.002998753988385
23.64 -0.005283838492604
23.65 -0.006516768168392
23.66 -0.006743954690575
23.67 -0.003108910796893
23.68 0.000239297225857
23.69 -0.000485780850921
23.7 0.000506218594145
23.71 -0.001574916023714
23.72 -0.000890764891813
23.73 -0.001375699922251
23.74 -0.00125828476366
23.75 -0.003021139613376
23.76 -0.008271888579037
23.77 -0.006411130307025
23.78 -0.002452557992376
23.79 0.000113737837941
23.8 0.002061074051843
23.81 0.003630463663879
23.82 0.005432044363715
23.83 0.00666220015491
23.84 0.007671608255393
23.85 0.006882403817585
23.86 0.004535033703643
23.87 -0.001348846507556
23.88 -0.008668863440504
23.89 -0.015809640665751
23.9 -0.0178717124791
23.91 -0.017945165591687
23.92 -0.016862983309409
23.93 -0.01634377058667
23.94 -0.013734158332125
23.95 -0.012026048170135
23.96 -0.011747764539066
23.97 -0.012840953769709
23.98 -0.013685221606714
23.99 -0.014672011703566
24.0 -0.015061064555301
24.01 -0.014537667294645
24.02 -0.010668777559679
24.03 -0.005444357291583
24.04 -0.001540138989783
24.05 -0.0013046472108
24.06 -0.000477299073589
24.07 0.000772378009768
24.08 0.00030278356037
24.09 -0.001960340956698
24.1 -0.004924587083112
24.11 -0.009647418065364
24.12 -0.01495916994719
24.13 -0.019198170941209
24.14 -0.022034429304356
24.15 -0.019808126780857
24.16 -0.014640928241208
24.17 -0.009779210319692
24.18 -0.007588069822373
24.19 -0.009693122089942
24.2 -0.011183487689889
24.21 -0.012998468435291
24.22 -0.012833375519956
24.23 -0.013235723230808
24.24 -0.00981892870482
24.25 -0.004752669422475
24.26 0.000201723489544
24.27 -0.001988250136804
24.28 -0.007745553350078
24.29 -0.010973202927988
24.3 -0.014733601772564
24.31 -0.01572540765954
24.32 -0.014821524143813
24.33 -0.013924339082057
24.34 -0.014828406786818
24.35 -0.01621644380641
24.36 -0.015957660443989
24.37 -0.011113337296961
24.38 -0.00507864433725
24.39 0.002248957464695
24.4 0.009033704661402
24.41 0.0119702176762
24.42 0.010585398249435
24.43 0.006662301410256
24.44 0.003188967846499
24.45 0.000271036020243
24.46 -0.001585349276753
24.47 -0.002508072729236
24.48 -0.001849920522041
24.49 -0.000876832086647
24.5 -0.001046690559886
24.51 -0.001227153152663
24.52 -0.00172617575799
24.53 -0.001202060479345
24.54 -0.00011987936586
24.55 0.002572860308425
24.56 0.007240950790037
24.57 0.010764407328781
24.58 0.013368155913357
24.59 0.01582599994914
24.6 0.019276595088431
24.61 0.021935350851339
24.62 0.023912170178732
24.63 0.025344065850424
24.64 0.023947350024702
24.65 0.012138413802319
24.66 -0.002881919937575
24.67 -0.011253035465247
24.68 -0.016990236038572
24.69 -0.019746475428099
24.7 -0.021939352664139
24.71 -0.023223447032496
24.72 -0.02199318338105
24.73 -0.01961725527317
24.74 -0.014013846169129
24.75 -0.005294717597458
24.76 0.004421889578161
24.77 0.008244328753657
24.78 0.01201756196703
24.79 0.015182225020868
24.8 0.017118649575651
24.81 0.018094034039894
24.82 0.017534182706392
24.83 0.017983374817551
24.84 0.019812757023354
24.85 0.022660748693517
24.86 0.020379754320665
24.87 0.01697049202387
24.88 0.013373235184291
24.89 0.021390929543838
24.9 0.014876735458818
24.91 0.001784088800009
24.92 0.008993183304225
24.93 0.027772350473677
24.94 0.023744561536949
 
 
 
 
 
 
 
 
 
 
 
 
 
 
 
 
 
 
 
 
 
 
 
 
 
 
 
 
 
 
 
 
 
 
 
 
 
 
 
 
 
 
 
 
 
 
 
 
 
 
 
 
 
 
 
 
 
 
 
 
 
 
 
 
 
 
 
 
 
 
 
 
 
 
 
 
 
 
 
 
 
 
 
 
 
 
 
 
 
 
 
 
 
 
 
 
 
 
 
 
 
 
 
 
 
 
 
 
 
 
 
 
 
 
 
 
 
 
 
 
 
 
 
 
 
 
 
 
 
 
 
 
 
 
 
 
 
 
 
 
 
 
 
 
 
 
 
 
 
 
 
 
 
 
 
 
 
 
 
 
 
 
 
 
 
 
 
 
 
 
 
 
 
 
 
 
 
 
 
 
 
 
 
 
 
 
 
 
 
 
 
 
 
 
 
 
 
 
 
 
 
 
 
 
 
 
 
 
 
 
 
 
 
 
 
 
 
 
 
 
 
 
 
 
 
 
 
 
 
 
 
 
 
 
 
 
 
 
 
 
 
 
 
 
 
 
 
 
 
 
 
 
 
 
 
 
 
 
 
 
 
 
 
 
 
 
 
 
 
 
 
 
 
 
 
 
 
 
 
 
 
 
 
 
 
 
 
 
 
 
 
 
 
 
 
 
 
 
 
 
 
 
 
 
 
 
 
 
 
 
 
 
 
 
 
 
 
 
 
 
 
 
 
 
 
 
 
 
 
 
 
 
 
 
 
 
 
 
 
 
 
 
 
 
 
 
 
 
 
 
 
 
 
 
 
 
 
 
 
 
 
 
 
 
 
 
 
 
 
 
 
 
 
 
 
 
 
 
 
 
 
 
 
 
 
 
 
 
 
 
 
 
 
 
 
 
 
 
 
 
 
 
 
 
 
 
 
 
 
 
 
 
 
 
 
 
 
 
 
 
 
 
 
 
 
 
 
 
 
 
 
 
 
 
 
 
 
 
 
 
 
 
 
 
 
 
 
 
 
 
 
 
 
 
 
 
 
 
 
 
 
 
 
 
 
 
 
 
 
 
 
 
 
 
 
 
 
 
 
 
 
 
 
 
 
 
 
 
 
 
 
 
 
 
 
 
 
 
 
 
 
 
 
 
 
 
 
 
 
 
 
 
 
 
 
 
 
 
 
 
 
 
 
 
 
 
 
 
 
 
 
 
 
 
 
 
 
 
 
 
 
 
 
 
 
 
 
 
 
 
 
 
 
 
 
 
 
 
 
 
 
 
 
 
 
 
 
 
 
 
 
 
 
 
 
 
 
 
 
 
 
 
 
 
 
 
 
 
 
 
 
 
 
 
 
 
 
 
 
 
 
 
 
 
 
 
 
 
 
 
 
 
 
 
 
 
 
 
 
 
 
 
 
 
 
 
 
 
 
 
 
 
 
 
 
 
 
 
 
 
 
 
 
 
 
 
 
 
 
 
 
 
 
 
 
 
 
 
 
 
 
 
 
 
 
 
 
 
 
 
 
 
 
 
 
 
 
 
 
 
 
 
 
 
 
 
 
 
 
 
 
 
 
 
 
 
 
 
 
 
 
 
 
 
 
 
 
 
 
 
 
 
 
 
 
 
 
 
 
 
 
 
 
 
 
 
 
 
 
 
 
 
 
 
 
 
 
 
 
 
 
 
 
 
 
 
 
 
 
 
 
 
 
 
 
 
 
 
 
 
 
 
 
 
 
 
 
 
 
 
 
 
 
 
 
 
 
 
 
 
 
 
 
 
 
 
 
 
 
 
 
 
 
 
 
 
 
 
 
 
 
 
 
 
 
 
 
 
 
 
 
 
 
 
 
 
 
 
 
 
 
 
 
 
 
 
 
 
 
 
 
 
 
 
 
 
 
 
 
 
 
 
 
 
 
 
 
 
 
 
 
 
 
 
 
 
 
 
 
 
 
 
 
 
 
 
 
 
 
 
 
 
 
 
 
 
 
 
 
 
 
 
 
 
 
 
 
 
 
 
 
 
 
 
 
 
 
 
 
 
 
 
 
 
 
 
 
 
 
 
 
 
 
 
 
 
 
 
 
 
 
 
 
 
 
 
 
 
 
 
 
 
 
 
 
 
 
 
 
 
 
 
 
 
 
 
 
 
 
 
 
 
 
 
 
 
 
 
 
 
 
 
 
 
 
 
 
 
 
 
 
 
 
 
 
 
 
 
 
 
 
 
 
 
 
 
 
 
 
 
 
 
 
 
 
 
 
 
 
 
 
 
 
 
 
 
 
 
 
 
 
 
 
 
 
 
 
 
 
 
 
 
 
 
 
 
 
 
 
 
 
 
 
 
 
 
 
 
 
 
 
 
 
 
 
 
 
 
 
 
 
 
 
 
 
 
 
 
 
 
 
 
 
 
 
 
 
 
 
 
 
 
 
 
 
 
 
 
 
 
 
 
 
 
 
 
 
 
 
 
 
 
 
 
 
 
 
 
 
 
 
 
 
 
 
 
 
 
 
 
 
 
 
 
 
 
 
 
 
 
 
 
 
 
 
 
 
 
 
 
 
 
 
 
 
 
 
 
 
 
 
 
 
 
 
 
 
 
 
 
 
 
 
 
 
 
 
 
 
 
 
 
 
 
 
 
 
 
 
 
 
 
 
 
 
 
 
 
 
 
 
 
 
 
 
 
 
 
 
 
 
 
 
 
 
 
 
 
 
 
 
 
 
 
 
 
 
 
 
 
 
 
 
 
 
 
 
 
 
 
 
 
 
 
 
 
 
 
 
 
 
 
 
 
 
 
 
 
 
 
 
 
 
 
 
 
 
 
 
 
 
 
 
 
 
 
 
 
 
 
 
 
 
 
 
 
 
 
 
 
 
 
 
 
 
 
 
 
 
 
 
 
 
 
 
 
 
 
 
 
 
 
 
 
 
 
 
 
 
 
 
 
 
 
 
 
 
 
 
 
 
 
 
 
 
 
 
 
 
 
 
 
 
 
 
 
 
 
 
 
 
 
 
 
 
 
 
 
 
 
 
 
 
 
 
 
 
 
 
 
 
 
 
 
 
 
 
 
 
 
 
 
 
 
 
 
 
 
 
 
 
 
 
 
 
 
 
 
 
 
 
 
 
 
 
 
 
 
 
 
 
 
 
 
 
 
 
 
 
 
 
 
 
 
 
 
 
 
 
 
 
 
 
 
 
 
 
 
 
 
 
 
 
 
 
 
 
 
 
 
 
 
 
 
 
 
 
 
 
 
 
 
 
 
 
 
 
 
 
 
 
 
 
 
 
 
 
 
 
 
 
 
 
 
 
 
 
 
 
 
 
 
 
 
 
 
 
 
 
 
 
 
 
 
 
 
 
 
 
 
 
 
 
 
 
 
 
 
 
 
 
 
 
 
 
 
 
 
 
 
 
 
 
 
 
 
 
 
 
 
 
 
 
 
 
 
 
 
 
 
 
 
 
 
 
 
 
 
 
 
 
 
 
 
 
 
 
 
 
 
 
 
 
 
 
 
 
 
 
 
 
 
 
 
 
 
 
 
 
 
 
 
 
 
 
 
 
 
 
 
 
 
 
 
 
 
 
 
 
 
 
 
 
 
 
 
 
 
 
 
 
 
 
 
 
 
 
 
 
 
 
 
 
 
 
 
 
 
 
 
 
 
 
 
 
 
 
 
 
 
 
 
 
 
 
 
 
 
 
 
 
 
 
 
 
 
 
 
 
 
 
 
 
 
 
 
 
 
 
 
 
 
 
 
 
 
 
 
 
 
 
 
 
 
 
 
 
 
 
 
 
 
 
 
 
 
 
 
 
 
 
 
 
 
 
 
 
 
 
 
 
 
 
 
 
 
 
 
 
 
 
 
 
 
 
 
 
 
 
 
 
 
 
 
 
 
 
 
 
 
 
 
 
 
 
 
 
 
 
 
 
 
 
 
 
 
 
 
 
 
 
 
 
 
 
 
 
 
 
 
 
 
 
 
 
 
 
 
 
 
 
 
 
 
 
 
 
 
 
 
 
 
 
 
 
 
 
 
 
 
 
 
 
 
 
 
 
 
 
 
 
 
 
 
 
 
 
 
 
 
 
 
 
 
 
 
 
 
 
 
 
 
 
 
 
 
 
 
 
 
 
 
 
 
 
 
 
 
 
 
 
 
 
 
 
 
 
 
 
 
 
 
 
 
 
 
 
 
 
 
 
 
 
 
 
 
 
 
 
 
 
 
 
 
 
 
 
 
 
 
 
 
 
 
 
 
 
 
 
 
 
 
 
 
 
 
 
 
 
 
 
 
 
 
 
 
 
 
 
 
 
 
 
 
 
 
 
 
 
 
 
 
 
 
 
 
 
 
 
 
 
 
 
 
 
 
 
 
 
 
 
 
 
 
 
 
 
 
 
 
 
 
 
 
 
 
 
 
 
 
 
 
 
 
 
 
 
 
 
 
 
 
 
 
 
 
 
 
 
 
 
 
 
 
 
 
 
 
 
 
 
 
 
 
 
 
 
 
 
 
 
 
 
 
 
 
 
 
 
 
 
 
 
 
 
 
 
 
 
 
 
 
 
 
 
 
 
 
 
 
 
 
 
 
 
 
 
 
 
 
 
 
 
 
 
 
 
 
 
 
 
 
 
 
 
 
 
 
 
 
 
 
 
 
 
 
 
 
 
 
 
 
 
 
 
 
 
 
 
 
 
 
 
 
 
 
 
 
 
 
 
 
 
 
 
 
 
 
 
 
 
 
 
 
 
 
 
 
 
 
 
 
 
 
 
 
 
 
 
 
 
 
 
 
 
 
 
 
 
 
 
 
 
 
 
 
 
 
 
 
 
 
 
 
 
 
 
 
 
 
 
 
 
 
 
 
 
 
 
 
 
 
 
 
 
 
 
 
 
 
 
 
 
 
 
 
 
 
 
 
 
 
 
 
 
 
 
 
 
 
 
 
 
 
 
 
 
 
 
 
 
 
 
 
 
 
 
 
 
 
 
 
 
 
 
 
 
 
 
 
 
 
 
 
 
 
 
 
 
 
 
 
 
 
 
 
 
 
 
 
 
 
 
 
 
 
 
 
 
 
 
 
 
 
 
 
 
 
 
 
 
 
 
 
 
 
 
 
 
 
 
 
 
 
 
 
 
 
 
 
 
 
 
 
 
 
 
 
 
 
 
 
 
 
 
 
 
 
 
 
 
 
 
 
 
 
 
 
 
 
 
 
 
 
 
 
 
 
 
 
 
 
 
 
 
 
 
 
 
 
 
 
 
 
 
 
 
 
 
 
 
 
 
 
 
 
 
 
 
 
 
 
 
 
 
 
 
 
 
 
 
 
 
 
 
 
 
 
 
 
 
 
 
 
 
 
 
 
 
 
 
 
 
 
 
 
 
 
 
 
 
 
 
 
 
 
 
 
 
 
 
 
 
 
 
 
 
 
 
 
 
 
 
 
 
 
 
 
 
 
 
 
 
 
 
 
 
 
 
 
 
 
 
 
 
 
 
 
 
 
 
 
 
 
 
 
 
 
 
 
 
 
 
 
 
 
 
 
 
 
 
 
 
 
 
 
 
 
 
 
 
 
 
 
 
 
 
 
 
 
 
 
 
 
 
 
 
 
 
 
 
 
 
 
 
 
 
 
 
 
 
 
 
 
 
 
 
 
 
 
 
 
 
 
 
 
 
 
 
 
 
 
 
 
 
 
 
 
 
 
 
 
 
 
 
 
 
 
 
 
 
 
 
 
 
 
 
 
 
 
 
 
 
 
 
 
 
 
 
 
 
 
 
 
 
 
 
 
 
 
 
 
 
 
 
 
 
 
 
 
 
 
 
 
 
 
 
 
 
 
 
 
 
 
 
 
 
 
 
 
 
 
 
 
 
 
 
 
 
 
 
 
 
 
 
 
 
 
 
 
 
 
 
 
 
 
 
 
 
 
 
 
 
 
 
 
 
 
 
 
 
 
 
 
 
 
 
 
 
 
 
 
 
 
 
 
 
 
 
 
 
 
 
 
 
 
 
 
 
 
 
 
 
 
 
 
 
 
 
 
 
 
 
 
 
 
 
 
 
 
 
 
 
 
 
 
 
 
 
 
 
 
 
 
 
 
 
 
 
 
 
 
 
 
 
 
 
 
 
 
 
 
 
 
 
 
 
 
 
 
 
 
 
 
 
 
 
 
 
 
 
 
 
 
 
 
 
 
 
 
 
 
 
 
 
 
 
 
 
 
 
 
 
 
 
 
 
 
 
 
 
 
 
 
 
 
 
 
 
 
 
 
 
 
 
 
 
 
 
 
 
 
 
 
 
 
 
 
 
 
 
 
 
 
 
 
 
 
 
 
 
 
 
 
 
 
 
 
 
 
 
 
 
 
 
 
 
 
 
 
 
 
 
 
 
 
 
 
 
 
 
 
 
 
 
 
 
 
 
 
 
 
 
 
 
 
 
 
 
 
 
 
 
 
 
 
 
 
 
 
 
 
 
 
 
 
 
 
 
 
 
 
 
 
 
 
 
 
 
 
 
 
 
 
 
 
 
 
 
 
 
 
 
 
 
 
 
 
 
 
 
 
 
 
 
 
 
 
 
 
 
 
 
 
 
 
 
 
 
 
 
 
 
 
 
 
 
 
 
 
 
 
 
 
 
 
 
 
 
 
 
 
 
 
 
 
 
 
 
 
 
 
 
 
 
 
 
 
 
 
 
 
 
 
 
 
 
 
 
 
 
 
 
 
 
 
 
 
 
 
 
 
 
 
 
 
 
 
 
 
 
 
 
 
 
 
 
 
 
 
 
 
 
 
 
 
 
 
 
 
 
 
 
 
 
 
 
 
 
 
 
 
 
 
 
 
 
 
 
 
 
 
 
 
 
 
 
 
 
 
 
 
 
 
 
 
 
 
 
 
 
 
 
 
 
 
 
 
 
 
 
 
 
 
 
 
 
 
 
 
 
 
 
 
 
 
 
 
 
 
 
 
 
 
 
 
 
 
 
 
 
 
 
 
 
 
 
 
 
 
 
 
 
 
 
 
 
 
 
 
 
 
 
 
 
 
 
 
 
 
 
 
 
 
 
 
 
 
 
 
 
 
 
 
 
 
 
 
 
 
 
 
 
 
 
 
 
 
 
 
 
 
 
 
 
 
 
 
 
 
 
 
 
 
 
 
 
 
 
 
 
 
 
 
 
 
 
 
 
 
 
 
 
 
 
 
 
 
 
 
 
 
 
 
 
 
 
 
 
 
 
 
 
 
 
 
 
 
 
 
 
 
 
 
 
 
 
 
 
 
 
 
 
 
 
 
 
 
 
 
 
 
 
 
 
 
 
 
 
 
 
 
 
 
 
 
 
 
 
 
 
 
 
 
 
 
 
 
 
 
 
 
 
 
 
 
 
 
 
 
 
 
 
 
 
 
 
 
 
 
 
 
 
 
 
 
 
 
 
 
 
 
 
 
 
 
 
 
 
 
 
 
 
 
 
 
 
 
 
 
 
 
 
 
 
 
 
 
 
 
 
 
 
 
 
 
 
 
 
 
 
 
 
 
 
 
 
 
 
 
 
 
 
 
 
 
 
 
 
 
 
 
 
 
 
 
 
 
 
 
 
 
 
 
 
 
 
 
 
 
 
 
 
 
 
 
 
 
 
 
 
 
 
 
 
 
 
 
 
 
 
 
 
 
 
 
 
 
 
 
 
 
 
 
 
 
 
 
 
 
 
 
 
 
 
 
 
 
 
 
 
 
 
 
 
 
 
 
 
 
 
 
 
 
 
 
 
 
 
 
 
 
 
 
 
 
 
 
 
 
 
 
 
 
 
 
 
 
 
 
 
 
 
 
 
 
 
 
 
 
 
 
 
 
 
 
 
 
 
 
 
 
 
 
 
 
 
 
 
 
 
 
 
 
 
 
 
 
 
 
 
 
 
 
 
 
 
 
 
 
 
 
 
 
 
 
 
 
 
 
 
 
 
 
 
 
 
 
 
 
 
 
 
 
 
 
 
 
 
 
 
 
 
 
 
 
 
 
 
 
 
 
 
 
 
 
 
 
 
 
 
 
 
 
 
 
 
 
 
 
 
 
 
 
 
 
 
 
 
 
 
 
 
 
 
 
 
 
 
 
 
 
 
 
 
 
 
 
 
 
 
 
 
 
 
 
 
 
 
 
 
 
 
 
 
 
 
 
 
 
 
 
 
 
 
 
 
 
 
 
 
 
 
 
 
 
 
 
 
 
 
 
 
 
 
 
 
 
 
 
 
 
 
 
 
 
 
 
 
 
 
 
 
 
 
 
 
 
 
 
 
 
 
 
 
 
 
 
 
 
 
 
 
 
 
 
 
 
 
 
 
 
 
 
 
 
 
 
 
 
 
 
 
 
 
 
 
 
 
 
 
 
 
 
 
 
 
 
 
 
 
 
 
 
 
 
 
 
 
 
 
 
 
 
 
 
 
 
 
 
 
 
 
 
 
 
 
 
 
 
 
 
 
 
 
 
 
 
 
 
 
 
 
 
 
 
 
 
 
 
 
 
 
 
 
 
 
 
 
 
 
 
 
 
 
 
 
 
 
 
 
 
 
 
 
 
 
 
 
 
 
 
 
 
 
 
 
 
 
 
 
 
 
 
 
 
 
 
 
 
 
 
 
 
 
 
 
 
 
 
 
 
 
 
 
 
 
 
 
 
 
 
 
 
 
 
 
 
 
 
 
 
 
 
 
 
 
 
 
 
 
 
 
 
 
 
 
 
 
 
 
 
 
 
 
 
 
 
 
 
 
 
 
 
 
 
 
 
 
 
 
 
 
 
 
 
 
 
 
 
 
 
 
 
 
 
 
 
 
 
 
 
 
 
 
 
 
 
 
 
 
 
 
 
 
 
 
 
 
 
 
 
 
 
 
 
 
 
 
 
 
 
 
 
 
 
 
 
 
 
 
 
 
 
 
 
 
 
 
 
 
 
 
 
 
 
 
 
 
 
 
 
 
 
 
 
 
 
 
 
 
 
 
 
 
 
 
 
 
 
 
 
 
 
 
 
 
 
 
 
 
 
 
 
 
 
 
 
 
 
 
 
 
 
 
 
 
 
 
 
 
 
 
 
 
 
 
 
 
 
 
 
 
 
 
 
 
 
 
 
 
 
 
 
 
 
 
 
 
 
 
 
 
 
 
 
 
 
 
 
 
 
 
 
 
 
 
 
 
 
 
 
 
 
 
 
 
 
 
 
 
 
 
 
 
 
 
 
 
 
 
 
 
 
 
 
 
 
 
 
 
 
 
 
 
 
 
 
 
 
 
 
 
 
 
 
 
 
 
 
 
 
 
 
 
 
 
 
 
 
 
 
 
 
 
 
 
 
 
 
 
 
 
 
 
 
 
 
 
 
 
 
 
 
 
 
 
 
 
 
 
 
 
 
 
 
 
 
 
 
 
 
 
 
 
 
 
 
 
 
 
 
 
 
 
 
 
 
 
 
 
 
 
 
 
 
 
 
 
 
 
 
 
 
 
 
 
 
 
 
 
 
 
 
 
 
 
 
 
 
 
 
 
 
 
 
 
 
 
 
 
 
 
 
 
 
 
 
 
 
 
 
 
 
 
 
 
 
 
 
 
 
 
 
 
 
 
 
 
 
 
 
 
 
 
 
 
 
 
 
 
 
 
 
 
 
 
 
 
 
 
 
 
 
 
 
 
 
 
 
 
 
 
 
 
 
 
 
 
 
 
 
 
 
 
 
 
 
 
 
 
 
 
 
 
 
 
 
 
 
 
 
 
 
 
 
 
 
 
 
 
 
 
 
 
 
 
 
 
 
 
 
 
 
 
 
 
 
 
 
 
 
 
 
 
 
 
 
 
 
 
 
 
 
 
 
 
 
 
 
 
 
 
 
 
 
 
 
 
 
 
 
 
 
 
 
 
 
 
 
 
 
 
 
 
 
 
 
 
 
 
 
 
 
 
 
 
 
 
 
 
 
 
 
 
 
 
 
 
 
 
 
 
 
 
 
 
 
 
 
 
 
 
 
 
 
 
 
 
 
 
 
 
 
 
 
 
 
 
 
 
 
 
 
 
 
 
 
 
 
 
 
 
 
 
 
 
 
 
 
 
 
 
 
 
 
 
 
 
 
 
 
 
 
 
 
 
 
 
 
 
 
 
 
 
 
 
 
 
 
 
 
 
 
 
 
 
 
 
 
 
 
 
 
 
 
 
 
 
 
 
 
 
 
 
 
 
 
 
 
 
 
 
 
 
 
 
 
 
 
 
 
 
 
 
 
 
 
 
 
 
 
 
 
 
 
 
 
 
 
 
 
 
 
 
 
 
 
 
 
 
 
 
 
 
 
 
 
 
 
 
 
 
 
 
 
 
 
 
 
 
 
 
 
 
 
 
 
 
 
 
 
 
 
 
 
 
 
 
 
 
 
 
 
 
 
 
 
 
 
 
 
 
 
 
 
 
 
 
 
 
 
 
 
 
 
 
 
 
 
 
 
 
 
 
 
 
 
 
 
 
 
 
 
 
 
 
 
 
 
 
 
 
 
 
 
 
 
 
 
 
 
 
 
 
 
 
 
 
 
 
 
 
 
 
 
 
 
 
 
 
 
 
 
 
 
 
 
 
 
 
 
 
 
 
 
 
 
 
 
 
 
 
 
 
 
 
 
 
 
 
 
 
 
 
 
 
 
 
 
 
 
 
 
 
 
 
 
 
 
 
 
 
 
 
 
 
 
 
 
 
 
 
 
 
 
 
 
 
 
 
 
 
 
 
 
 
 
 
 
 
 
 
 
 
 
 
 
 
 
 
 
 
 
 
 
 
 
 
 
 
 
 
 
 
 
 
 
 
 
 
 
 
 
 
 
 
 
 
 
 
 
 
 
 
 
 
 
 
 
 
 
 
 
 
 
 
 
 
 
 
 
 
 
 
 
 
 
 
 
 
 
 
 
 
 
 
 
 
 
 
 
 
 
 
 
 
 
 
 
 
 
 
 
 
 
 
 
 
 
 
 
 
 
 
 
 
 
 
 
 
 
 
 
 
 
 
 
 
 
 
 
 
 
 
 
 
 
 
 
 
 
 
 
 
 
 
 
 
 
 
 
 
 
 
 
 
 
 
 
 
 
 
 
 
 
 
 
 
 
 
 
 
 
 
 
 
 
 
 
 
 
 
 
 
 
 
 
 
 
 
 
 
 
 
 
 
 
 
 
 
 
 
 
 
 
 
 
 
 
 
 
 
 
 
 
 
 
 
 
 
 
 
 
 
 
 
 
 
 
 
 
 
 
 
 
 
 
 
 
 
 
 
 
 
 
 
 
 
 
 
 
 
 
 
 
 
 
 
 
 
 
 
 
 
 
 
 
 
 
 
 
 
 
 
 
 
 
 
 
 
 
 
 
 
 
 
 
 
 
 
 
 
 
 
 
 
 
 
 
 
 
 
 
 
 
 
 
 
 
 
 
 
 
 
 
 
 
 
 
 
 
 
 
 
 
 
 
 
 
 
 
 
 
 
 
 
 
 
 
 
 
 
 
 
 
 
 
 
 
 
 
 
 
 
 
 
 
 
 
 
 
 
 
 
 
 
 
 
 
 
 
 
 
 
 
 
 
 
 
 
 
 
 
 
 
 
 
 
 
 
 
 
 
 
 
 
 
 
 
 
 
 
 
 
 
 
 
 
 
 
 
 
 
 
 
 
 
 
 
 
 
 
 
 
 
 
 
 
 
 
 
 
 
 
 
 
 
 
 
 
 
 
 
 
 
 
 
 
 
 
 
 
 
 
 
 
 
 
 
 
 
 
 
 
 
 
 
 
 
 
 
 
 
 
 
 
 
 
 
 
 
 
 
 
 
 
 
 
 
 
 
 
 
 
 
 
 
 
 
 
 
 
 
 
 
 
 
 
 
 
 
 
 
 
 
 
 
 
 
 
 
 
 
 
 
 
 
 
 
 
 
 
 
 
 
 
 
 
 
 
 
 
 
 
 
 
 
 
 
 
 
 
 
 
 
 
 
 
 
 
 
 
 
 
 
 
 
 
 
 
 
 
 
 
 
 
 
 
 
 
 
 
 
 
 
 
 
 
 
 
 
 
 
 
 
 
 
 
 
 
 
 
 
 
 
 
 
 
 
 
 
 
 
 
 
 
 
 
 
 
 
 
 
 
 
 
 
 
 
 
 
 
 
 
 
 
 
 
 
 
 
 
 
 
 
 
 
 
 
 
 
 
 
 
 
 
 
 
 
 
 
 
 
 
 
 
 
 
 
 
 
 
 
 
 
 
 
 
 
 
 
 
 
 
 
 
 
 
 
 
 
 
 
 
 
 
 
 
 
 
 
 
 
 
 
 
 
 
 
 
 
 
 
 
 
 
 
 
 
 
 
 
 
 
 
 
 
 
 
 
 
 
 
 
 
 
 
 
 
 
 
 
 
 
 
 
 
 
 
 
 
 
 
 
 
 
 
 
 
 
 
 
 
 
 
 
 
 
 
 
 
 
 
 
 
 
 
 
 
 
 
 
 
 
 
 
 
 
 
 
 
 
 
 
 
 
 
 
 
 
 
 
 
 
 
 
 
 
 
 
 
 
 
 
 
 
 
 
 
 
 
 
 
 
 
 
 
 
 
 
 
 
 
 
 
 
 
 
 
 
 
 
 
 
 
 
 
 
 
 
 
 
 
 
 
 
 
 
 
 
 
 
 
 
 
 
 
 
 
 
 
 
 
 
 
 
 
 
 
 
 
 
 
 
 
 
 
 
 
 
 
 
 
 
 
 
 
 
 
 
 
 
 
 
 
 
 
 
 
 
 
 
 
 
 
 
 
 
 
 
 
 
 
 
 
 
