0.0 0.0
0.01 2.33923168e-07
0.02 2.37649853e-07
0.03 2.58840188e-07
0.04 3.42385257e-07
0.05 5.07640154e-07
0.06 5.96506157e-07
0.07 3.3073019e-07
0.08 -3.80787285e-07
0.09 -1.147920168e-06
0.1 -1.499305007e-06
0.11 -2.401161529e-06
0.12 -4.833861824e-06
0.13 -6.791879273e-06
0.14 -6.500144782e-06
0.15 -5.075209544e-06
0.16 -4.439057838e-06
0.17 -6.438406441e-06
0.18 -7.111489456e-06
0.19 -2.290284494e-06
0.2 4.22937795e-06
0.21 1.1784557452e-05
0.22 1.6551154037e-05
0.23 7.522579968e-06
0.24 -7.929087857e-06
0.25 -1.3198893527e-05
0.26 -1.2814356494e-05
0.27 -1.4595622443e-05
0.28 -1.2883252491e-05
0.29 -1.048587745e-06
0.3 8.285059969e-06
0.31 -8.05399473e-07
0.32 -1.9904300258e-05
0.33 -3.1328689229e-05
0.34 -2.4363353536e-05
0.35 -1.0148315724e-05
0.36 -1.2159115568e-05
0.37 -3.5975562398e-05
0.38 -8.2881143452e-05
0.39 -0.000115938721414
0.4 -7.5535599784e-05
0.41 -5.89667123e-07
0.42 1.7117860624e-05
0.43 7.225321469e-06
0.44 2.8832987974e-05
0.45 5.748181626e-05
0.46 9.2451124002e-05
0.47 9.7181194094e-05
0.48 6.399141922e-06
0.49 -0.000104667897717
0.5 -0.000133535705647
0.51 -0.00011523773102
0.52 -0.000101777415959
0.53 -0.000130016827906
0.54 -0.000145430193519
0.55 -9.7929983888e-05
0.56 -7.0843162923e-05
0.57 -9.8160387196e-05
0.58 -0.000109269110352
0.59 -4.4358952536e-05
0.6 6.63817827e-05
0.61 0.000146859949252
0.62 0.000181311871472
0.63 9.2254114831e-05
0.64 -6.2640608923e-05
0.65 -5.2120938868e-05
0.66 3.048808117e-06
0.67 -0.000148872178969
0.68 -0.000276978182248
0.69 -0.000140418214281
0.7 -5.1993326344e-05
0.71 -0.000149328472777
0.72 -0.000166641325527
0.73 -3.3211603528e-05
0.74 3.1233275032e-05
0.75 -7.8016880989e-05
0.76 -0.000194427370756
0.77 -0.000242052179603
0.78 -0.000312354173667
0.79 -0.000298411305098
0.8 -0.000125950776121
0.81 -6.6089168806e-05
0.82 -0.000136754824602
0.83 2.8086944118e-05
0.84 0.000244355428612
0.85 7.0932357234e-05
0.86 -0.000108836997919
0.87 -2.4883891895e-05
0.88 -6.2291830666e-05
0.89 -0.000104163842136
0.9 0.000132391597735
0.91 0.000196541468541
0.92 9.893241085e-06
0.93 -0.000201239507818
0.94 -0.000414944090234
0.95 -0.000533216944802
0.96 -0.000551627023069
0.97 -0.000523647332254
0.98 -0.000361144933178
0.99 -0.000156323743961
1.0 2.3973662868e-05
1.01 0.00041100101648
1.02 0.000792946405703
1.03 0.000726423727565
1.04 0.000232971005289
1.05 -0.000102692684209
1.06 -1.4683072187e-05
1.07 0.000174962283833
1.08 -7.4688840609e-05
1.09 -0.000416054997805
1.1 -0.000192168610187
1.11 6.285535038e-05
1.12 -0.000218281375163
1.13 -0.000310157430363
1.14 8.3039638277e-05
1.15 0.000119238762574
1.16 -1.978456375e-06
1.17 0.000178212253042
1.18 0.000463438522122
1.19 0.000620873029314
1.2 0.000548810983031
1.21 0.000490725194659
1.22 0.000576880668029
1.23 1.8612861967e-05
1.24 -0.000982721803342
1.25 -0.001087804079825
1.26 -0.000817046513759
1.27 -0.00137959868001
1.28 -0.001986886079225
1.29 -0.001493221730275
1.3 -0.000454687814989
1.31 0.000201086927666
1.32 0.000319452805725
1.33 0.000563982539588
1.34 0.000924717981239
1.35 0.000619725295685
1.36 0.000219939567851
1.37 0.000428742305479
1.38 0.000291992800462
1.39 -0.000395883567251
1.4 -0.000675033105097
1.41 -0.000798422890321
1.42 -0.0012078819264
1.43 -0.00175002421786
1.44 -0.001762182220927
1.45 -0.001151554139436
1.46 -0.000818887801904
1.47 -0.000953805556884
1.48 -0.000416478227486
1.49 0.001197352259331
1.5 0.002445268927099
1.51 0.00283914480929
1.52 0.002906577120544
1.53 0.002235316463001
1.54 0.000797905714349
1.55 -1.2812547433e-05
1.56 -8.9581549692e-05
1.57 -0.000632258416013
1.58 -0.001608604291448
1.59 -0.0021778662317
1.6 -0.001965346531321
1.61 -0.000935374651692
1.62 4.3597060649e-05
1.63 0.000437936826622
1.64 0.000900140422756
1.65 0.001259235851713
1.66 0.000858535095
1.67 0.000358995985044
1.68 0.00071597518316
1.69 0.001153721328606
1.7 0.00074786032336
1.71 4.0957251023e-05
1.72 -0.000381273981867
1.73 -0.00111090514757
1.74 -0.001925058176557
1.75 -0.002039915248517
1.76 -0.001947408004466
1.77 -0.002170146098894
1.78 -0.002141001965962
1.79 -0.001225502558184
1.8 0.000141452826811
1.81 0.001157579271624
1.82 0.001753575323329
1.83 0.002002872515472
1.84 0.001940282890733
1.85 0.001118945399633
1.86 0.000169886343469
1.87 -0.000428746146223
1.88 -0.001075516968567
1.89 -0.001551685636246
1.9 -0.001090019421938
1.91 -0.000539979794252
1.92 -0.000682706466647
1.93 -0.000829144952623
1.94 -0.000466251470519
1.95 2.9116358764e-05
1.96 0.001088833329411
1.97 0.001940540791921
1.98 0.001510620691873
1.99 0.000959948903344
2.0 0.001688960399125
2.01 0.002098735324732
2.02 0.001031090098258
2.03 6.278016434e-06
2.04 -0.000320845714324
2.05 -0.000922270283728
2.06 -0.001633016278315
2.07 -0.00133628356896
2.08 -0.001065819222116
2.09 -0.001318638540553
2.1 -0.000836916291399
2.11 9.7647179641e-05
2.12 0.000357875622226
2.13 0.000358714784411
2.14 0.000778853419372
2.15 0.001275380177103
2.16 0.001003013671228
2.17 0.000297687351908
2.18 -0.000347540633624
2.19 -0.000713948023353
2.2 -0.001000079267015
2.21 -0.001927333194701
2.22 -0.002638638118152
2.23 -0.002068967871435
2.24 -0.000852539865845
2.25 -0.000236635995133
2.26 0.000195738987885
2.27 0.000839062736945
2.28 0.001277133651941
2.29 0.001556074412729
2.3 0.001785611747389
2.31 0.001942547698891
2.32 0.001533875783987
2.33 0.000359852233687
2.34 -0.000902695392717
2.35 -0.001395636808554
2.36 -0.001795490168853
2.37 -0.00217296525348
2.38 -0.001648607317996
2.39 -0.000911774602873
2.4 -0.001001380262035
2.41 -0.000609816821368
2.42 0.000976459420789
2.43 0.002389319801497
2.44 0.002945891512136
2.45 0.003416933055031
2.46 0.003674771337684
2.47 0.003023634167704
2.48 0.001415591360923
2.49 -4.1418190656e-05
2.5 -0.001022013405839
2.51 -0.001804368650941
2.52 -0.002370264038699
2.53 -0.00247127585986
2.54 -0.001952588804233
2.55 -0.000930676575386
2.56 -0.000154005795339
2.57 0.000334297161775
2.58 0.000816511822818
2.59 0.001151408792546
2.6 0.000485300473734
2.61 -0.000853847908884
2.62 -0.001536207481279
2.63 -0.001591867370812
2.64 -0.001917401402397
2.65 -0.002647689513625
2.66 -0.002947765026947
2.67 -0.002911846927269
2.68 -0.003196074634954
2.69 -0.002242581945351
2.7 0.000512304421249
2.71 0.002468514422773
2.72 0.003119732323636
2.73 0.004322733389072
2.74 0.005838121610254
2.75 0.006052630453506
2.76 0.005454953412119
2.77 0.004140823032589
2.78 0.000622421877055
2.79 -0.00389500493646
2.8 -0.00653027470767
2.81 -0.007918597628215
2.82 -0.00835413390667
2.83 -0.006918904938158
2.84 -0.004280526413255
2.85 -0.001532759909545
2.86 0.000958956977475
2.87 0.002792279781657
2.88 0.003711679595794
2.89 0.003738860689613
2.9 0.003385059993473
2.91 0.002898043506363
2.92 0.00189743282139
2.93 -0.000481356657363
2.94 -0.003396850380369
2.95 -0.005302487169322
2.96 -0.006746480621866
2.97 -0.008374526989422
2.98 -0.009820008207495
2.99 -0.010592200261595
3.0 -0.010190512088885
3.01 -0.007640482077719
3.02 -0.002922611767381
3.03 0.002523247224967
3.04 0.007714506336161
3.05 0.012102068903078
3.06 0.01329447217999
3.07 0.010118381693595
3.08 0.00437334695622
3.09 -0.001995644284324
3.1 -0.005984929345116
3.11 -0.007807630213892
3.12 -0.008298120774189
3.13 -0.007666938749047
3.14 -0.007726758785125
3.15 -0.008108818857042
3.16 -0.007486874812341
3.17 -0.005153035385083
3.18 -0.003976246682559
3.19 -0.002742914257142
3.2 -0.000606800332496
3.21 0.003018502831547
3.22 0.006379313376601
3.23 0.00842409231725
3.24 0.008930810882754
3.25 0.008255562098024
3.26 0.006341120935403
3.27 0.003520172211967
3.28 -0.000780556735895
3.29 -0.004838125459506
3.3 -0.007368473122431
3.31 -0.007169187148754
3.32 -0.005030594174686
3.33 -0.001084876678663
3.34 0.001598282785306
3.35 0.002923980080383
3.36 0.00196412906752
3.37 8.1531564282e-05
3.38 -0.000706332509673
3.39 -0.000354725971292
3.4 0.000175256806102
3.41 0.00160779250944
3.42 0.003032662409395
3.43 0.003139032043763
3.44 0.001206811100057
3.45 -0.002343165686974
3.46 -0.006015084516727
3.47 -0.008697515339311
3.48 -0.010639804609469
3.49 -0.011585621110703
3.5 -0.011059317733648
3.51 -0.007702113582763
3.52 -0.001382011520207
3.53 0.006669325584366
3.54 0.012932166043715
3.55 0.01571446022412
3.56 0.014621386676248
3.57 0.011432616903527
3.58 0.008933767994568
3.59 0.00781689028487
3.6 0.005915176407024
3.61 0.004560198672129
3.62 0.00307741302765
3.63 0.000369303961416
3.64 -0.004632730740762
3.65 -0.009804742652007
3.66 -0.012276313502262
3.67 -0.012018754817862
3.68 -0.011461653294984
3.69 -0.009832283812335
3.7 -0.003663194770141
3.71 0.006337886722663
3.72 0.016696197851574
3.73 0.024235463013074
3.74 0.027292013997847
3.75 0.025105839361146
3.76 0.018106418012644
3.77 0.006682483339765
3.78 -0.003449975719888
3.79 -0.009953530612693
3.8 -0.013762820766652
3.81 -0.014783221248174
3.82 -0.014230484686552
3.83 -0.014173690307439
3.84 -0.012710458411476
3.85 -0.005622413690365
3.86 0.007421877170501
3.87 0.019066889812566
3.88 0.026385600744175
3.89 0.029196243362161
3.9 0.026740175868369
3.91 0.020362453368415
3.92 0.01054281564251
3.93 0.002022927036932
3.94 -0.004888095953111
3.95 -0.01189617434289
3.96 -0.018212594696934
3.97 -0.025014816126275
3.98 -0.028190911170563
3.99 -0.024068846259008
4.0 -0.015126473168133
4.01 -0.005400931465724
4.02 0.004103998524997
4.03 0.012544428697884
4.04 0.018501929187907
4.05 0.022015064692281
4.06 0.02353044020338
4.07 0.021858659764755
4.08 0.017085934590874
4.09 0.009470361980173
4.1 -0.000235966046176
4.11 -0.011388401581136
4.12 -0.018661670271387
4.13 -0.016583200158098
4.14 -0.007891097700337
4.15 0.003291398486109
4.16 0.010003967523527
4.17 0.013836826993158
4.18 0.014732231927123
4.19 0.012270069769574
4.2 0.006498392493995
4.21 0.001780007154474
4.22 -0.004220300290932
4.23 -0.010529608640596
4.24 -0.012270155358074
4.25 -0.012406392965542
4.26 -0.010936437063651
4.27 -0.00922296206853
4.28 -0.008557200182044
4.29 -0.006633663815443
4.3 -0.000920199297799
4.31 0.006273032669666
4.32 0.015612179671193
4.33 0.025395307785322
4.34 0.031198581286906
4.35 0.033790847696068
4.36 0.034087459310254
4.37 0.031980106346005
4.38 0.02742072400696
4.39 0.017152135276427
4.4 -0.003118911368861
4.41 -0.022976440878787
4.42 -0.033750774611856
4.43 -0.04425982603738
4.44 -0.049587023540774
4.45 -0.047858091158076
4.46 -0.036724563904477
4.47 -0.017936035291486
4.48 0.006820176213424
4.49 0.025650908895245
4.5 0.047028961125664
4.51 0.06510413185093
4.52 0.071276214081648
4.53 0.073652034856678
4.54 0.075177298621336
4.55 0.070113561217238
4.56 0.061305812764585
4.57 0.027633824718908
4.58 -0.000788819102993
4.59 -0.020762630199825
4.6 -0.049288384608423
4.61 -0.076302359162715
4.62 -0.095054325987763
4.63 -0.099499034247151
4.64 -0.103547174106903
4.65 -0.095789133083007
4.66 -0.082771766606406
4.67 -0.054318997866655
4.68 -0.004885059143698
4.69 0.011410117788909
4.7 0.038520373432263
4.71 0.059264520180684
4.72 0.086908989724543
4.73 0.104318022330863
4.74 0.118130825834862
4.75 0.130236470626918
4.76 0.132511563736996
4.77 0.12736081883037
4.78 0.107390407744261
4.79 0.081041253256943
4.8 0.064361952536441
4.81 0.034063415354359
4.82 0.00520010348797
4.83 -0.004643236215221
4.84 -0.011444235226452
4.85 -0.003474516975984
4.86 0.002840264928765
4.87 0.010074359706394
4.88 0.015178636300162
4.89 0.012892784025296
4.9 0.009657810636557
4.91 0.00140073427339
4.92 0.000699346332393
4.93 0.019375188580759
4.94 0.035269924998043
4.95 0.046099540273722
4.96 0.054019046158289
4.97 0.046785016977747
4.98 0.035778569935763
4.99 0.020771667636393
5.0 0.016042926614701
5.01 0.021779621641129
5.02 0.028190417995004
5.03 0.029983999639981
5.04 0.026764774593418
5.05 0.014621173359409
5.06 0.00775009496142
5.07 0.001306415608965
5.08 -0.006127205761835
5.09 -0.020149105419501
5.1 -0.044927394384576
5.11 -0.070444443573416
5.12 -0.09682032288398
5.13 -0.118936726229108
5.14 -0.12991668957997
5.15 -0.121549713473742
5.16 -0.110117769325473
5.17 -0.110654711026716
5.18 -0.102756842575965
5.19 -0.102819989392621
5.2 -0.10517336573381
5.21 -0.103575651420378
5.22 -0.104902143276074
5.23 -0.101833433002071
5.24 -0.090096144956734
5.25 -0.018262849114665
5.26 -0.016736775254388
5.27 0.016560605042092
5.28 0.031163336983213
5.29 0.05422543001955
5.3 0.048353246082102
5.31 0.056455244766077
5.32 0.051893060161226
5.33 0.050419126377948
5.34 0.043720578765383
5.35 0.02552673639122
5.36 0.009297462441201
5.37 -0.011250641697686
5.38 -0.026951567147355
5.39 -0.052654742734259
5.4 -0.066892636004937
5.41 -0.073266685140163
5.42 -0.073953035107709
5.43 -0.075310405463074
5.44 -0.081898645942118
5.45 -0.079735800797114
5.46 -0.072459184679016
5.47 -0.049292722825945
5.48 -0.0104565104394
5.49 0.038700746106083
5.5 0.074479121766653
5.51 0.075019344599831
5.52 0.084516501420603
5.53 0.083627468697309
5.54 0.048511652141787
5.55 0.027630275451286
5.56 0.010224648131354
5.57 -0.006387982939323
5.58 -0.021736746435471
5.59 -0.025427233250393
5.6 -0.02598331396152
5.61 -0.043323840514647
5.62 -0.063210675914259
5.63 -0.072988781517064
5.64 -0.073245503288519
5.65 -0.070000073791862
5.66 -0.073138344437258
5.67 -0.077392568649307
5.68 -0.081952854816323
5.69 -0.083879123156827
5.7 -0.077237075067416
5.71 -0.07103834289006
5.72 -0.069824279213039
5.73 -0.069247910855841
5.74 -0.067919880760558
5.75 -0.06334116275615
5.76 -0.055809923332292
5.77 -0.055089695976068
5.78 -0.068343214387341
5.79 -0.080480615404322
5.8 -0.089313855004758
5.81 -0.07876886801051
5.82 -0.094843545112179
5.83 -0.092815936058998
5.84 -0.040388961303785
5.85 -0.030132022777383
5.86 -0.025190571658487
5.87 -0.021589788765293
5.88 -0.037612965732165
5.89 -0.062568891675563
5.9 -0.10225696502242
5.91 -0.131344007120221
5.92 -0.150979868492698
5.93 -0.16225707404122
5.94 -0.165920443578262
5.95 -0.143199822275039
5.96 -0.092229052865744
5.97 -0.050402952477948
5.98 -0.014946733395406
5.99 0.038151278108281
6.0 0.079441183703749
6.01 0.111602634781209
6.02 0.143851391628832
6.03 0.18274026178807
6.04 0.205202052450826
6.05 0.231747152751333
6.06 0.252915307988135
6.07 0.254332330692387
6.08 0.244996746172474
6.09 0.228465152754104
6.1 0.220090923487229
6.11 0.215666739101815
6.12 0.202019420582694
6.13 0.182940186149091
6.14 0.166532185453273
6.15 0.141807490253383
6.16 0.090002459014418
6.17 -0.149173117818998
6.18 -0.013798379600097
6.19 -0.142398848108687
6.2 -0.046275174101464
6.21 -0.128902274319966
6.22 -0.06830772725225
6.23 -0.0661933674135
6.24 -0.043234600624115
6.25 -0.020889228269946
6.26 -0.026541753529399
6.27 0.010146734979829
6.28 0.031494648212003
6.29 0.079454196540655
6.3 0.146135335467912
6.31 0.13619709000226
6.32 0.160572266965794
6.33 0.180940551182942
6.34 0.184175594581738
6.35 0.203103616328767
6.36 0.191476996042328
6.37 0.186587405051732
6.38 0.176759067804765
6.39 0.146991040789102
6.4 0.136882287342192
6.41 0.10848360953455
6.42 0.069748621849678
6.43 0.018251059584582
6.44 -0.030218015546138
6.45 -0.065770458012285
6.46 -0.098119888678294
6.47 -0.107406877585576
6.48 -0.120579677034703
6.49 -0.148187791275361
6.5 -0.167573086099569
6.51 -0.185189027273035
6.52 -0.194271231949687
6.53 -0.165235271051819
6.54 -0.114774679186408
6.55 -0.049770032177514
6.56 0.022531969062227
6.57 0.038827700503828
6.58 0.041231421636534
6.59 0.107058594998088
6.6 0.118353089881985
6.61 0.135108367094969
6.62 0.119283113760717
6.63 0.098500797910622
6.64 0.064049472194689
6.65 -0.013274619977292
6.66 -0.031860776482716
6.67 -0.059010073681783
6.68 -0.081655496539097
6.69 -0.102069092769776
6.7 -0.08597920076173
6.71 -0.087289537459072
6.72 -0.038259710116788
6.73 -0.025352019223192
6.74 0.009703144677611
6.75 0.029925936099953
6.76 0.051956522790994
6.77 0.05476000202262
6.78 0.078002728305584
6.79 0.088700450581901
6.8 0.119012493427059
6.81 0.176944150738169
6.82 0.2114458760881
6.83 0.202839105373803
6.84 0.186895496217735
6.85 0.192063268094078
6.86 0.173441968262442
6.87 0.142270688112536
6.88 0.136267345223605
6.89 0.116309733323094
6.9 0.083373824667118
6.91 0.047388742435809
6.92 0.020307884767881
6.93 0.034587606877945
6.94 0.028550686057699
6.95 0.034347556992646
6.96 0.060694465989875
6.97 0.071786722385238
6.98 0.102726593658777
6.99 0.125348653623629
7.0 0.120382092458164
7.01 0.121416409698608
7.02 0.12947559862454
7.03 0.143392650290811
7.04 0.17406750424417
7.05 0.164667289012399
7.06 0.033696413038728
7.07 -0.00070074711774
7.08 -0.052097576878084
7.09 -0.131809115274302
7.1 -0.198906072604887
7.11 -0.270458862512032
7.12 -0.333411280282907
7.13 -0.372654755700214
7.14 -0.421998363805301
7.15 -0.45865869755375
7.16 -0.470754284744098
7.17 -0.427518348501753
7.18 -0.405175349815572
7.19 -0.384468801993702
7.2 -0.351891939421571
7.21 -0.323669924063147
7.22 -0.293231403689912
7.23 -0.247981686453316
7.24 -0.180711990204582
7.25 0.149209636094309
7.26 -0.048625614945048
7.27 0.166232648492989
7.28 0.034666846992542
7.29 0.151595939668975
7.3 0.146255059634463
7.31 0.122018474404616
7.32 0.121364662743348
7.33 0.093286193439162
7.34 0.072629388491917
7.35 0.087565216737272
7.36 0.07093091365447
7.37 0.11019487892263
7.38 0.092798964610088
7.39 0.074646781431279
7.4 0.063277828418348
7.41 0.019088352883839
7.42 -0.003745754576515
7.43 -0.014950414877472
7.44 -0.034107854994449
7.45 -0.037579741280682
7.46 -0.033889741301297
7.47 -0.032334112013131
7.48 -0.0217705632944
7.49 -0.01003299154718
7.5 -0.006632698696295
7.51 -0.003427186177464
7.52 0.002983346801215
7.53 0.009888990353485
7.54 0.02287512746413
7.55 0.046466984440093
7.56 0.072478915255201
7.57 0.088757345818828
7.58 0.088914945629285
7.59 0.072796762704604
7.6 0.046872536904867
7.61 -0.010383656520641
7.62 -0.050812213668736
7.63 -0.063374672928959
7.64 -0.085782957679061
7.65 -0.123346031771805
7.66 -0.14307790115099
7.67 -0.126427824629949
7.68 -0.114002148000545
7.69 -0.094304729045272
7.7 -0.075348079703641
7.71 -0.055280942701771
7.72 -0.022878023757614
7.73 0.013048238418923
7.74 0.045476625217369
7.75 0.070506323262105
7.76 0.084089141029142
7.77 0.086810784671646
7.78 0.079765881051382
7.79 0.068282396163475
7.8 0.061194424383027
7.81 0.058694247287078
7.82 0.055454189944481
7.83 0.050372539241263
7.84 0.044055911523234
7.85 0.036640095707427
7.86 0.029855811439537
7.87 0.023993235509848
7.88 0.014679218973351
7.89 -0.006275053736629
7.9 -0.048092539426842
7.91 -0.135040762370124
7.92 -0.20480402528068
7.93 -0.226698689611208
7.94 -0.314581142371622
7.95 -0.335042366998941
7.96 -0.328731920232328
7.97 -0.345780984167977
7.98 -0.380585639304224
7.99 -0.372627087681227
8.0 -0.324172176811202
8.01 -0.307252437000854
8.02 -0.309610648850708
8.03 -0.279934628908806
8.04 -0.253851008373582
8.05 -0.249480806862956
8.06 -0.044995141818011
8.07 -0.099341923428406
8.08 -0.015050318916758
8.09 0.016340894128875
8.1 0.065316757846951
8.11 0.113654333660572
8.12 0.126937065934552
8.13 0.192519749714914
8.14 0.207601445603186
8.15 0.232689022912737
8.16 0.256377715838501
8.17 0.261345043323724
8.18 0.269266426925306
8.19 0.269266989515245
8.2 0.258937476005712
8.21 0.244271822164417
8.22 0.228338972406302
8.23 0.216738127282155
8.24 0.214666794032647
8.25 0.21949825529577
8.26 0.222253801872629
8.27 0.216840259228003
8.28 0.200038098577188
8.29 0.181278148170388
8.3 0.19686917813111
8.31 0.220680488587801
8.32 0.230323670638165
8.33 0.22065409189021
8.34 0.214022908984291
8.35 0.218335562289966
8.36 0.226220784077417
8.37 0.226283836556999
8.38 0.207646199065894
8.39 0.172234284471036
8.4 -0.119181438301955
8.41 0.011690683942971
8.42 -0.075672229323909
8.43 -0.057261110665351
8.44 -0.101019278073112
8.45 -0.146834361737322
8.46 -0.105643224102395
8.47 -0.118727151615635
8.48 -0.126799693463415
8.49 -0.08976352781112
8.5 -0.081100331841984
8.51 -0.08660125232546
8.52 -0.082480603783157
8.53 -0.094178466510914
8.54 -0.117007422266811
8.55 -0.12821581943038
8.56 -0.132477052530511
8.57 -0.138831770265391
8.58 -0.141605892682221
8.59 -0.136595659548965
8.6 -0.127114877004046
8.61 -0.11591965204751
8.62 -0.104071995710153
8.63 -0.093903893740651
8.64 -0.087230438296724
8.65 -0.08281557647922
8.66 -0.078086378904267
8.67 -0.072516125453393
8.68 -0.06809722943132
8.69 -0.066403168695452
8.7 -0.065473109950824
8.71 -0.060347559444376
8.72 -0.045862958030509
8.73 0.048637049653659
8.74 0.122858912757208
8.75 0.071896129473777
8.76 0.091146319646612
8.77 0.094431113908462
8.78 0.099993438670847
8.79 0.07934786413606
8.8 0.064351208256784
8.81 0.057114503700996
8.82 0.031512868558442
8.83 0.002018319760777
8.84 -0.019905153984377
8.85 -0.04511280593117
8.86 -0.072714182493801
8.87 -0.094837893012967
8.88 -0.11153328372174
8.89 -0.119652682933006
8.9 -0.112119831447001
8.91 -0.091108820459631
8.92 -0.065915957095179
8.93 -0.041955894886501
8.94 -0.019571103352777
8.95 0.001514950950815
8.96 0.020591334109273
8.97 0.037219167769786
8.98 0.052164697639773
8.99 0.066347972276239
9.0 0.079640086601665
9.01 0.092074994948982
9.02 0.10536995016236
9.03 0.121800909236311
9.04 0.141374937369322
9.05 0.162467789029532
9.06 0.184389178600863
9.07 0.207465662377666
9.08 0.231369030795259
9.09 0.253615794571462
9.1 0.274138843751769
9.11 0.276413664691517
9.12 0.222525264253051
9.13 0.017649327038704
9.14 0.048357827792557
9.15 0.020335155934615
9.16 -0.032987892337081
9.17 -0.099039707359439
9.18 -0.113362328412656
9.19 -0.135418307274972
9.2 -0.153220134510491
9.21 -0.155689856564368
9.22 -0.169994515180019
9.23 -0.167715147587311
9.24 -0.146294874674498
9.25 -0.126076660281149
9.26 -0.098468921037234
9.27 -0.061057960430247
9.28 -0.025615533731736
9.29 0.006623880828083
9.3 0.032308027051163
9.31 0.038738227179366
9.32 0.025898928356008
9.33 0.007612277130316
9.34 -0.011529766876404
9.35 -0.03907823883801
9.36 -0.078825755838178
9.37 -0.125634946542038
9.38 -0.17300100613603
9.39 -0.21729699290592
9.4 -0.254404420451439
9.41 -0.278724332579504
9.42 -0.286995357542934
9.43 -0.2839716646149
9.44 -0.276760495842023
9.45 -0.266866666707548
9.46 -0.256883691754172
9.47 -0.257467461395058
9.48 -0.276002220257072
9.49 -0.162267813026365
9.5 -0.095309325992102
9.51 -0.074608309221722
9.52 -0.009174298585161
9.53 0.048849457371613
9.54 0.104331725627807
9.55 0.150669487522463
9.56 0.205910280602894
9.57 0.257808418389877
9.58 0.285948758857961
9.59 0.308487125707381
9.6 0.328740685484938
9.61 0.3249048936982
9.62 0.307276643373517
9.63 0.290389373996378
9.64 0.265101867945488
9.65 0.230672622427131
9.66 0.197146044247744
9.67 0.163952356859821
9.68 0.127995451911579
9.69 0.093357245365578
9.7 0.060970624318735
9.71 0.031448044296675
9.72 -0.000582760305508
9.73 -0.035674548691177
9.74 -0.06806519748324
9.75 -0.089155641685594
9.76 -0.089894696263855
9.77 -0.04044937657944
9.78 -0.058385079858107
9.79 -0.067873622220479
9.8 -0.073347731697766
9.81 -0.017756587333233
9.82 -0.00057164930223
9.83 0.047524435133213
9.84 0.049752412718821
9.85 0.075049405516065
9.86 0.090928273491954
9.87 0.108296603714016
9.88 0.087191391072095
9.89 0.058551686643405
9.9 0.056214892019956
9.91 0.046250328608773
9.92 0.023683900980194
9.93 0.007958522254575
9.94 -0.004543819344676
9.95 -0.011587892330395
9.96 -0.002795588512956
9.97 0.016980941363349
9.98 0.037168577779481
9.99 0.053993181041612
10.0 0.064761379513796
10.01 0.065855699744918
10.02 0.057711018869989
10.03 0.044392777055638
10.04 0.029794104115524
10.05 0.015958802568779
10.06 0.001930425268285
10.07 -0.015903541337194
10.08 -0.039741841161685
10.09 -0.066545175767422
10.1 -0.088989070769572
10.11 -0.10083520089172
10.12 -0.098212008179086
10.13 -0.079960151788669
10.14 0.062140466387206
10.15 0.049575366364162
10.16 0.066762237446969
10.17 0.077310626519436
10.18 0.091965115852876
10.19 0.123698045271071
10.2 0.126971073263192
10.21 0.146144266641407
10.22 0.162069111674235
10.23 0.157273600889049
10.24 0.150810163815035
10.25 0.133573022850232
10.26 0.090451098696716
10.27 0.014052468347471
10.28 -0.255604296185614
10.29 -0.10091252462938
10.3 -0.195281042361023
10.31 -0.176511525101785
10.32 -0.256930294807535
10.33 -0.252417026007586
10.34 -0.217910604532974
10.35 -0.246238918455152
10.36 -0.187913674019858
10.37 -0.150068999329703
10.38 -0.065822695269697
10.39 -0.020189871402882
10.4 0.03920390624049
10.41 0.089918633932815
10.42 0.135507975675856
10.43 0.175620255556539
10.44 0.201968186205116
10.45 0.229926226498006
10.46 0.225207867914317
10.47 0.217729290848559
10.48 0.245663706598136
10.49 0.229911289132225
10.5 0.177484866639589
10.51 0.145373917681615
10.52 0.074128098256876
10.53 -0.026513370768414
10.54 -0.097720599400682
10.55 -0.121568221630387
10.56 -0.153619972513764
10.57 -0.192832651545756
10.58 -0.211441827317434
10.59 -0.234065882075863
10.6 -0.259222168159441
10.61 -0.27126147672207
10.62 -0.262914441032789
10.63 -0.222740213221105
10.64 -0.171390831650806
10.65 -0.130089810960367
10.66 -0.031036343092475
10.67 -0.000628338974926
10.68 0.056216099466557
10.69 0.062762074943311
10.7 0.120247647351935
10.71 0.109159154693925
10.72 0.133575876391473
10.73 0.08984411198425
10.74 0.04639053344806
10.75 -0.008551081061112
10.76 -0.057156151292169
10.77 -0.102549465735858
10.78 -0.12711955197393
10.79 -0.172663132652017
10.8 -0.198576390367833
10.81 -0.211087810958634
10.82 -0.232199286562457
10.83 -0.241580571676289
10.84 -0.251535134878361
10.85 -0.276538513911794
10.86 -0.284261772075252
10.87 -0.270043954666733
10.88 -0.225516609626344
10.89 -0.031023114826646
10.9 -0.105705349887158
10.91 -0.00902626155962
10.92 0.052772124627053
10.93 0.118756902511695
10.94 0.094896563069682
10.95 0.147670562340163
10.96 0.135654863621797
10.97 0.119445602584178
10.98 0.139016099970472
10.99 0.10931756969768
11.0 0.125944421837136
11.01 0.114399323106989
11.02 0.102655383443886
11.03 0.099523156283862
11.04 0.080462462607686
11.05 0.081458793922327
11.06 0.090131599699935
11.07 0.092732329363147
11.08 0.102015163392566
11.09 0.113469520893322
11.1 0.127490187725496
11.11 0.144714602632502
11.12 0.155533616102621
11.13 0.163125213711896
11.14 0.17676491725649
11.15 0.192731072283403
11.16 0.2051729508221
11.17 0.205604882454254
11.18 0.189747717105649
11.19 0.183338980289074
11.2 0.2036510649372
11.21 0.227930174046627
11.22 0.225502618641093
11.23 0.214161939394606
11.24 0.215278441949542
11.25 0.213676304605688
11.26 0.204495556908735
11.27 0.054448610987403
11.28 0.06113779026386
11.29 0.04564019276558
11.3 0.010405883439598
11.31 -0.019377450317382
11.32 -0.050550469161792
11.33 -0.065086291143199
11.34 -0.095181479790901
11.35 -0.120219114161965
11.36 -0.13697252700617
11.37 -0.157533557140565
11.38 -0.172112314529824
11.39 -0.174670925992582
11.4 -0.164455475135662
11.41 -0.138767669161126
11.42 -0.102876479438703
11.43 -0.069668558654568
11.44 -0.049975681654218
11.45 -0.047285302920975
11.46 -0.054959167901334
11.47 -0.059210808866032
11.48 -0.050968634626414
11.49 -0.034467889316445
11.5 -0.017728381888835
11.51 -0.004405791786557
11.52 0.002575835951789
11.53 0.000117173595553
11.54 -0.009799609421528
11.55 -0.019584077407167
11.56 -0.022361406621448
11.57 -0.017238280752707
11.58 0.005627730236261
11.59 -0.016738334007764
11.6 -0.047043041447317
11.61 -0.076334576298178
11.62 -0.082154215034506
11.63 -0.12238620278888
11.64 -0.1354373183832
11.65 -0.132541289839128
11.66 -0.106181645988295
11.67 -0.085771143777569
11.68 -0.082153826115393
11.69 -0.069505706628179
11.7 -0.054181152509185
11.71 -0.027400598591684
11.72 0.008074079871072
11.73 0.040305601577954
11.74 0.072722607352576
11.75 0.103147540495248
11.76 0.125624090579156
11.77 0.14307465590719
11.78 0.158690403778156
11.79 0.171007790177229
11.8 0.180339206139222
11.81 0.189220714168978
11.82 0.197558876728292
11.83 0.203355706293352
11.84 0.205996277020587
11.85 0.205476619898278
11.86 0.20160531047921
11.87 0.196177969479091
11.88 0.192890667507926
11.89 0.193110381221964
11.9 0.193572091107102
11.91 0.18936373675148
11.92 0.178078203066856
11.93 0.161021935381503
11.94 0.140895292011187
11.95 0.115982864049521
11.96 -0.040013285213056
11.97 0.055987912154476
11.98 -0.006224997590805
11.99 0.024383840985365
12.0 -0.029359827306735
12.01 -0.008530254565983
12.02 -0.018125412730389
12.03 -0.030593479572264
12.04 -0.021643864642091
12.05 -0.038060404402034
12.06 -0.037211597698348
12.07 -0.037596420619882
12.08 -0.050477777115539
12.09 -0.053734512817335
12.1 -0.05407993111164
12.11 -0.056385671948742
12.12 -0.055777967889432
12.13 -0.056617136298445
12.14 -0.059928252169929
12.15 -0.061557921484762
12.16 -0.063790049529522
12.17 -0.069488879215097
12.18 -0.074870445643004
12.19 -0.075824155243364
12.2 -0.073445103786846
12.21 -0.071847299169328
12.22 -0.074986755789779
12.23 -0.085003678883248
12.24 -0.100818519087261
12.25 -0.117697594994273
12.26 -0.127871434324544
12.27 -0.134144021089926
12.28 -0.140136530431146
12.29 -0.148197702316345
12.3 -0.157342985738594
12.31 -0.165640455347376
12.32 -0.173552704009579
12.33 -0.182707856506857
12.34 -0.192841673723066
12.35 -0.200105971437117
12.36 -0.20121357760938
12.37 -0.246531002147118
12.38 -0.185205677873524
12.39 -0.197518487670308
12.4 -0.180295957197844
12.41 -0.172972092655759
12.42 -0.144359028296586
12.43 -0.119760127488211
12.44 -0.114706222996658
12.45 -0.088726860846169
12.46 -0.070772499350665
12.47 -0.056940808413956
12.48 -0.045146539749934
12.49 -0.031019250067329
12.5 -0.015670545843819
12.51 -0.006285979138136
12.52 0.00408951718149
12.53 0.019568258835875
12.54 0.037448138778245
12.55 0.057278507393845
12.56 0.076822916282047
12.57 0.093267958855614
12.58 0.106146305149361
12.59 0.115276627223429
12.6 0.121598431483561
12.61 0.127591971018296
12.62 0.134537868011787
12.63 0.141686429075196
12.64 0.146667678367485
12.65 0.14571212624842
12.66 0.136442650007144
12.67 0.121373495180165
12.68 0.106740470133314
12.69 0.097410457980245
12.7 0.093583564731122
12.71 0.091539824303928
12.72 0.086399037112855
12.73 0.072825025351885
12.74 -0.061602923190692
12.75 -0.023222478091051
12.76 -0.053671703014967
12.77 -0.049879833141919
12.78 -0.070520001499369
12.79 -0.055778509415588
12.8 -0.03782202167842
12.81 -0.03327865754771
12.82 -0.010926910791717
12.83 0.00224847468789
12.84 0.020379563656674
12.85 0.043952375392018
12.86 0.061427159073694
12.87 0.080014092151378
12.88 0.092548616765509
12.89 0.092821679586755
12.9 0.084169317433578
12.91 0.071459682185368
12.92 0.059887439437759
12.93 0.048178593695956
12.94 0.035855320028778
12.95 0.027689537110297
12.96 0.022135489377602
12.97 0.012105678985855
12.98 -0.004907303307347
12.99 -0.026680227746226
13.0 -0.050098978379058
13.01 -0.07071673384305
13.02 -0.085486423588499
13.03 -0.097675564221726
13.04 -0.114522957906417
13.05 -0.13826387530446
13.06 -0.16159750694894
13.07 -0.173294274662027
13.08 -0.167835267025799
13.09 -0.149816535226974
13.1 -0.108022967314128
13.11 -0.079587057597006
13.12 -0.05195196988647
13.13 -0.041681807371762
13.14 -0.008157740207297
13.15 0.006435357657223
13.16 -0.001299916061255
13.17 -0.000142655479142
13.18 -0.018137738271624
13.19 -0.013489719742429
13.2 -0.021740433709333
13.21 -0.025311326381921
13.22 -0.042564241186778
13.23 -0.060133402431236
13.24 -0.069603904194956
13.25 -0.071123261168083
13.26 -0.06057208036743
13.27 -0.059100311292502
13.28 -0.052292660984005
13.29 -0.043889162902686
13.3 -0.038388463122383
13.31 -0.029526200935016
13.32 -0.022325962043333
13.33 -0.015257905710213
13.34 -0.006238606640083
13.35 0.010369631684722
13.36 0.034609652446222
13.37 0.053246167170025
13.38 0.061553800921713
13.39 0.073762363945953
13.4 0.09114377324237
13.41 0.10021317765829
13.42 0.104757597871593
13.43 0.108771253783853
13.44 0.103866416370712
13.45 0.090040607934829
13.46 0.068409069604092
13.47 -0.022415058358785
13.48 0.011736679289039
13.49 -0.037643741358748
13.5 -0.023016461886678
13.51 -0.054855007289474
13.52 -0.041536633909624
13.53 -0.047557524750761
13.54 -0.052661550627157
13.55 -0.051772885730816
13.56 -0.065477680324301
13.57 -0.06084131373883
13.58 -0.066159445964645
13.59 -0.065064910988885
13.6 -0.059518973469652
13.61 -0.060726904798146
13.62 -0.05423785330124
13.63 -0.053874970965674
13.64 -0.046786609001572
13.65 -0.038768787152375
13.66 -0.035328819284752
13.67 -0.028528213668217
13.68 -0.019109642412667
13.69 -0.007173580054281
13.7 0.001594114625826
13.71 0.002026508795161
13.72 -0.009427279559795
13.73 -0.026824312068108
13.74 -0.012965447244874
13.75 -0.011783391742903
13.76 -0.014983867262922
13.77 -0.012253568021635
13.78 -0.017359812733909
13.79 -0.008132925365957
13.8 0.006134974542335
13.81 -0.010436362861509
13.82 -0.008023989464159
13.83 0.001109553463901
13.84 0.004651258053661
13.85 0.009068385835108
13.86 0.008623776693945
13.87 0.015732772006385
13.88 0.02505146357621
13.89 0.029588145600655
13.9 0.035835719661428
13.91 0.042363269913707
13.92 0.046357422436797
13.93 0.050666013818108
13.94 0.053841426777034
13.95 0.05537498380743
13.96 0.054521112345077
13.97 0.051838232053605
13.98 0.050728417620095
13.99 0.052012297147597
14.0 0.052371699156194
14.01 0.05036549753654
14.02 0.047868593725457
14.03 0.046124367146871
14.04 0.04547819133985
14.05 0.049367118642904
14.06 0.052781899534163
14.07 0.052144730153137
14.08 0.051988517850244
14.09 0.051395684872321
14.1 0.050258193702012
14.11 0.048445949448415
14.12 0.052338223888767
14.13 0.055111999893063
14.14 0.058281520829888
14.15 0.059344579789788
14.16 0.057953122019411
14.17 0.057662275046372
14.18 0.0576903686521
14.19 0.056580420517176
14.2 0.053892025031622
14.21 0.051126981998891
14.22 0.047319225415441
14.23 0.038646974636711
14.24 0.024779571798149
14.25 0.007656183614716
14.26 -0.009993539858353
14.27 -0.025782135189451
14.28 -0.039239432931628
14.29 -0.051000137738895
14.3 -0.061722423056204
14.31 -0.071299215727887
14.32 -0.078451997575256
14.33 -0.080835599655286
14.34 -0.078245682245298
14.35 -0.072639564448379
14.36 -0.064763203320985
14.37 -0.053543304293165
14.38 -0.043320725869274
14.39 -0.037589952097254
14.4 -0.034777619164039
14.41 -0.036862917672023
14.42 -0.042154627870274
14.43 -0.04736066151135
14.44 -0.05430052669275
14.45 -0.061581805551919
14.46 -0.067147970145326
14.47 -0.070975154630179
14.48 -0.072330378529353
14.49 -0.073092478822147
14.5 -0.075049304944679
14.51 -0.076960587769078
14.52 -0.080216876665559
14.53 -0.088734067187698
14.54 -0.102569297850323
14.55 -0.118333880867371
14.56 -0.130384564794171
14.57 -0.136278187040368
14.58 -0.133875620240024
14.59 -0.129874623431359
14.6 -0.125236623881428
14.61 -0.109836443423064
14.62 -0.06740295783108
14.63 -0.071343608324192
14.64 -0.050827310636186
14.65 -0.036764291756487
14.66 -0.033533827163259
14.67 -0.034170846086253
14.68 -0.029235853819784
14.69 -0.027292809522962
14.7 -0.018339777630066
14.71 -0.012010625443573
14.72 -0.004000880760844
14.73 0.000307619134207
14.74 0.004863474766523
14.75 0.012626144514881
14.76 0.020177550199643
14.77 0.02962651971594
14.78 0.034349481869928
14.79 0.041447792569563
14.8 0.047842496971707
14.81 0.052016516807606
14.82 0.054417928542615
14.83 0.053208655907149
14.84 0.052933807229218
14.85 0.056071299128185
14.86 0.062204158068957
14.87 0.068582700512385
14.88 0.067101420099026
14.89 0.057595918582392
14.9 0.051421987649763
14.91 0.053624169507776
14.92 0.056653969451065
14.93 0.058719834993859
14.94 0.063587908520965
14.95 0.070089581432608
14.96 0.07302435019738
14.97 0.072828504526479
14.98 0.072687395467374
14.99 0.071015021138459
15.0 0.069890590143446
15.01 0.085303412019342
15.02 0.074082701828312
15.03 0.083660859251367
15.04 0.077460721227039
15.05 0.079109336587967
15.06 0.069642324327088
15.07 0.060186816187294
15.08 0.044873547604167
15.09 0.031754082438159
15.1 0.019256538887287
15.11 0.005060579950291
15.12 -0.009663487395259
15.13 -0.020860148203865
15.14 -0.030520308262941
15.15 -0.037643082647397
15.16 -0.039594815322737
15.17 -0.037710870690842
15.18 -0.032721193273578
15.19 -0.025035055685444
15.2 -0.015823998177525
15.21 -0.006583668782518
15.22 0.000844912167296
15.23 0.004741041062277
15.24 0.004592888396776
15.25 0.002075600007099
15.26 -0.000983840543604
15.27 -0.003923484523579
15.28 -0.006602140091624
15.29 -0.009568370759628
15.3 -0.012907518618309
15.31 -0.015735743675202
15.32 -0.018102403779397
15.33 -0.028124375983831
15.34 -0.036587839478907
15.35 -0.040332251150103
15.36 -0.036514132636957
15.37 -0.038048762327983
15.38 -0.035922107174319
15.39 -0.036277233666575
15.4 -0.022448990952978
15.41 -0.017061796319911
15.42 -0.019747066722692
15.43 -0.014783309616826
15.44 -0.004125389791344
15.45 0.005390577223666
15.46 0.01932853154328
15.47 0.030940388592448
15.48 0.040224874254532
15.49 0.049325684690235
15.5 0.058503972753001
15.51 0.071691597246193
15.52 0.085077807895288
15.53 0.096507029378864
15.54 0.10695594550263
15.55 0.116043208033787
15.56 0.125382463484886
15.57 0.135720779076285
15.58 0.145003571472928
15.59 0.149097852277296
15.6 0.130837878876158
15.61 0.139415927968532
15.62 0.151303069812406
15.63 0.153417610607246
15.64 0.139767737619652
15.65 0.112515886492943
15.66 -0.010857725518999
15.67 0.030512491281044
15.68 -0.023708745114915
15.69 -0.0172378991996
15.7 -0.066009137429135
15.71 -0.064373718953078
15.72 -0.067768841243937
15.73 -0.079230067892699
15.74 -0.062393405683985
15.75 -0.06828764228149
15.76 -0.04830013922851
15.77 -0.034957646059083
15.78 -0.017100382388387
15.79 0.007353444874094
15.8 0.01967182179762
15.81 0.032475394338766
15.82 0.037611619209911
15.83 0.040777635390068
15.84 0.045472345633883
15.85 0.038566803695923
15.86 0.024790948437817
15.87 0.011044787029055
15.88 -0.002873540693774
15.89 -0.016234387885819
15.9 -0.032041658302454
15.91 -0.0523053555501
15.92 -0.075360619628296
15.93 -0.095870204254026
15.94 -0.103768273230465
15.95 -0.098411482144849
15.96 -0.092392328586665
15.97 -0.094274604274527
15.98 -0.103728617012498
15.99 -0.087263904149233
16.0 -0.072401730500936
16.01 -0.059478093268226
16.02 -0.041425905126869
16.03 -0.026290050266383
16.04 -0.027281690178767
16.05 -0.014939643868652
16.06 -0.010621884657388
16.07 -0.019670336074138
16.08 -0.029322501141558
16.09 -0.040779081451583
16.1 -0.042390915206138
16.11 -0.04698452153455
16.12 -0.043531908860382
16.13 -0.039475800452434
16.14 -0.035863419532044
16.15 -0.031407348829384
16.16 -0.029002074323516
16.17 -0.022151796011152
16.18 -0.014973587068293
16.19 -0.006185250049882
16.2 0.009215969770089
16.21 0.030595212477582
16.22 0.055884205973952
16.23 0.076626475516689
16.24 0.088420209316668
16.25 0.099653108624304
16.26 0.114067505926658
16.27 0.126350409490435
16.28 0.135036330558411
16.29 0.142188400325654
16.3 0.14528732698614
16.31 0.141244389378331
16.32 0.131628847313031
16.33 0.117709005585287
16.34 0.101622416403929
16.35 0.089649786905605
16.36 0.083824133973703
16.37 0.080001912171578
16.38 0.075346652444934
16.39 0.046938131690053
16.4 0.021420568750558
16.41 0.007131867427538
16.42 0.005663112991632
16.43 -0.015965433535767
16.44 -0.019291136014071
16.45 -0.02084603992123
16.46 -0.020436182583561
16.47 -0.012406653289707
16.48 -0.009307241238781
16.49 0.002857843604158
16.5 0.008661779993429
16.51 0.021909193428003
16.52 0.03228764851488
16.53 0.041330251113262
16.54 0.045074324732267
16.55 0.04327221353746
16.56 0.041278677343067
16.57 0.032870960582012
16.58 0.02188399623552
16.59 0.01018504909389
16.6 -0.004964142033118
16.61 -0.022453862166945
16.62 -0.042030217311118
16.63 -0.063346573752767
16.64 -0.084413934145103
16.65 -0.103464903754409
16.66 -0.118368425829406
16.67 -0.128253939728945
16.68 -0.134766956931466
16.69 -0.13963004069597
16.7 -0.141104904020487
16.71 -0.133536234138578
16.72 -0.124431496003592
16.73 -0.114243696204408
16.74 -0.060572448125704
16.75 -0.036385409434086
16.76 -0.030124004864598
16.77 -0.007434649943404
16.78 0.015900896615564
16.79 0.02026829383216
16.8 0.022093631992768
16.81 0.02115910405131
16.82 0.017372297967545
16.83 0.011902948072299
16.84 -0.001106589240918
16.85 -0.014112457616548
16.86 -0.036214919347875
16.87 -0.078072146891358
16.88 -0.06673387006627
16.89 -0.084637275880488
16.9 -0.070117532731619
16.91 -0.076771699927335
16.92 -0.073803990202576
16.93 -0.068032038198766
16.94 -0.053441089696629
16.95 -0.033294042052907
16.96 -0.017958144797117
16.97 -0.003134049284945
16.98 0.018116672738635
16.99 0.048714929426132
17.0 0.073802860905567
17.01 0.080396971529122
17.02 0.083907716400379
17.03 0.093793035643641
17.04 0.100026874619221
17.05 0.107691714872238
17.06 0.118935939334652
17.07 0.122386928526492
17.08 0.118579350340841
17.09 0.106283623230928
17.1 0.080164069883104
17.11 0.01391354488083
17.12 0.020376604808534
17.13 -0.007057390085063
17.14 0.01373972513979
17.15 -0.019524697149982
17.16 -0.016082060070455
17.17 -0.016654496180311
17.18 -0.018568413349566
17.19 -0.012906960490853
17.2 -0.017651849600125
17.21 -0.01659361592523
17.22 -0.020505636188696
17.23 -0.018141938989994
17.24 -0.023925262209216
17.25 -0.026208146088616
17.26 -0.036309138267365
17.27 -0.044530213508698
17.28 -0.055141479645603
17.29 -0.062266130783192
17.3 -0.062271717790109
17.31 -0.061767518965811
17.32 -0.056381087848854
17.33 -0.054021044668569
17.34 -0.055741752296158
17.35 -0.060851562159052
17.36 -0.073288307050233
17.37 -0.087405751368626
17.38 -0.096382352986163
17.39 -0.096184970339646
17.4 -0.089271001413411
17.41 -0.086451546106654
17.42 -0.086783982835741
17.43 -0.078353173116801
17.44 -0.032763925696802
17.45 -0.008570754242559
17.46 0.010648596838013
17.47 0.024094533089351
17.48 0.046956594560255
17.49 0.055783690060878
17.5 0.063193218564634
17.51 0.067846107232586
17.52 0.060506923402833
17.53 0.051596946531683
17.54 0.043342883655281
17.55 0.041468144842454
17.56 0.036171031050129
17.57 0.025908004037277
17.58 0.016030675714193
17.59 0.004120080390093
17.6 -0.008691175958097
17.61 -0.01991360680505
17.62 -0.029885581424406
17.63 -0.03679933651591
17.64 -0.039428238901852
17.65 -0.04051572504107
17.66 -0.04067116365277
17.67 -0.03490795553386
17.68 -0.019094876438141
17.69 0.005076162068966
17.7 0.038414508201282
17.71 0.062219240701663
17.72 0.081177382022926
17.73 0.10497406245719
17.74 0.117162989813578
17.75 0.125645788821883
17.76 0.13211863711518
17.77 0.1108971599702
17.78 0.07283619480189
17.79 0.043595028033151
17.8 0.03024203747265
17.81 0.012865106603482
17.82 -0.002539515164487
17.83 -0.014099458513417
17.84 -0.020767229865518
17.85 -0.025165354732069
17.86 -0.025048808200235
17.87 -0.017499856913907
17.88 -0.004236765563453
17.89 0.022977567097974
17.9 0.046518199401593
17.91 0.064140873240062
17.92 0.076672818609956
17.93 0.094530979838623
17.94 0.096553202218604
17.95 0.09394875251642
17.96 0.083269159690058
17.97 0.069455263527541
17.98 0.039941726634369
17.99 0.011099289312514
18.0 -0.02193451968123
18.01 -0.041601804034419
18.02 -0.04658853329596
18.03 -0.033933935240761
18.04 -0.064918419401439
18.05 -0.089251495672211
18.06 -0.099238379021557
18.07 -0.081810572664801
18.08 -0.075030150080143
18.09 -0.046036009109476
18.1 0.006109829987729
18.11 0.039800807627946
18.12 0.068807172317596
18.13 0.097371798272056
18.14 0.104279159702311
18.15 0.121640876994801
18.16 0.126992021884072
18.17 0.130899703351146
18.18 0.122420199660391
18.19 0.105372590119679
18.2 0.075698144647164
18.21 0.023602828611065
18.22 0.004313278983009
18.23 -0.026851766166232
18.24 -0.035428549257547
18.25 -0.069917549388482
18.26 -0.080590181256931
18.27 -0.099111264484349
18.28 -0.110192921191826
18.29 -0.107611564620181
18.3 -0.104343526589666
18.31 -0.082427277000181
18.32 -0.060744335793052
18.33 -0.025922925476109
18.34 0.007231867470963
18.35 0.024721371498741
18.36 0.044242877977201
18.37 0.051143054854821
18.38 0.06485736177754
18.39 0.067903597585573
18.4 0.073722324737409
18.41 0.074362334018901
18.42 0.064240762079463
18.43 0.051986844443833
18.44 0.037944433608581
18.45 0.001472725057273
18.46 -0.036082956141827
18.47 -0.064503483178102
18.48 -0.069465074260373
18.49 -0.084291128414462
18.5 -0.094581849557161
18.51 -0.0970967426793
18.52 -0.115184545165778
18.53 -0.127502194686199
18.54 -0.127003654365008
18.55 -0.113574499601658
18.56 -0.035294212822066
18.57 -0.028044416277508
18.58 0.004175540360115
18.59 0.008840305798246
18.6 0.019700016399215
18.61 0.042939787667217
18.62 0.02409319595309
18.63 0.039808892092512
18.64 0.014468221666105
18.65 0.004158838310829
18.66 -0.008998383686277
18.67 -0.037056753366109
18.68 -0.038866922516981
18.69 -0.056437940985881
18.7 -0.054909259034179
18.71 -0.065639568271838
18.72 -0.060015894185275
18.73 -0.057422282457181
18.74 -0.054339946600923
18.75 -0.051586909897308
18.76 -0.042575821579703
18.77 -0.033811544413625
18.78 -0.013683770927516
18.79 0.007544815854081
18.8 0.02566962944652
18.81 0.026697650768747
18.82 0.03820982445818
18.83 0.042355039192946
18.84 0.054161760519447
18.85 0.052494993942828
18.86 0.04823360289612
18.87 0.036843303447329
18.88 0.028878590775349
18.89 0.0220050803988
18.9 0.0135870759143
18.91 0.018093695713034
18.92 0.019325500760212
18.93 0.016052889238408
18.94 0.018146429634258
18.95 0.018970946293834
18.96 0.019999846909945
18.97 0.017087767468067
18.98 0.00233225142239
18.99 -0.028476640635862
19.0 -0.027015833972086
19.01 -0.034914468632961
19.02 -0.047949148455692
19.03 -0.053018480692315
19.04 -0.058782777389999
19.05 -0.061517781726292
19.06 -0.06400987823804
19.07 -0.05837139666403
19.08 -0.052687303607894
19.09 -0.050737369154916
19.1 -0.050804648467992
19.11 -0.047951969626459
19.12 -0.042514423063056
19.13 -0.033980862736149
19.14 -0.03067479134911
19.15 -0.017700658246454
19.16 -0.010925313627592
19.17 -0.000153917256909
19.18 0.044764747865408
19.19 0.036034859273829
19.2 0.040512634117502
19.21 0.031114032667078
19.22 0.021364653836691
19.23 0.011140320772312
19.24 0.000702874993759
19.25 -0.009352341176096
19.26 -0.01703535266218
19.27 -0.022407820764757
19.28 -0.027293325849117
19.29 -0.02910045110071
19.3 -0.026074976418937
19.31 -0.018963658709641
19.32 -0.011213060961136
19.33 0.001275062545328
19.34 0.013337342318285
19.35 0.025336704682911
19.36 0.03630265367904
19.37 0.045822227318681
19.38 0.053932089675522
19.39 0.059629629444126
19.4 0.067971729040272
19.41 0.077068036576017
19.42 0.081268571172524
19.43 0.081207039479905
19.44 0.077444107969114
19.45 0.072407652905811
19.46 0.069262685207578
19.47 0.065074264024332
19.48 0.048091550871513
19.49 0.042069603841254
19.5 0.028558145270854
19.51 0.023975656954587
19.52 0.027891204128858
19.53 0.024639549466489
19.54 0.028694953633215
19.55 0.035225684966599
19.56 0.043733547065055
19.57 0.060516605233263
19.58 0.077552345882043
19.59 0.090702469520785
19.6 0.100605358016154
19.61 0.111761563624602
19.62 0.116166037860428
19.63 0.118594054683817
19.64 0.109262064922977
19.65 0.106754179242697
19.66 0.090967067429598
19.67 0.064454410804099
19.68 0.044646055763604
19.69 0.012838180946476
19.7 -0.018446820505474
19.71 -0.049656401511044
19.72 -0.067285735471621
19.73 -0.086268224041431
19.74 -0.097966467561956
19.75 -0.110945188635607
19.76 -0.114974338213573
19.77 -0.107400812698796
19.78 -0.101961261242363
19.79 -0.084630002936651
19.8 -0.06692193015142
19.81 -0.050155162637924
19.82 -0.025874999800093
19.83 0.00173516703075
19.84 0.045540826628084
19.85 0.031994970369071
19.86 0.042296467905527
19.87 0.039091680369852
19.88 0.02979836954217
19.89 0.028848104075289
19.9 0.013688020384689
19.91 -0.007495061969304
19.92 -0.03046038251164
19.93 -0.041536691029311
19.94 -0.05196128963684
19.95 -0.067533028086439
19.96 -0.085114295954325
19.97 -0.104625072689398
19.98 -0.112158442991173
19.99 -0.128385908187705
20.0 -0.13530278216135
20.01 -0.129946087475877
20.02 -0.099289357576002
20.03 -0.083966684630224
20.04 -0.06362223433593
20.05 -0.036441815197542
20.06 -0.000559460041411
20.07 0.034202501971745
20.08 0.048573837704716
20.09 0.052651639267083
20.1 0.067108302403437
20.11 0.065408997941626
20.12 0.069014956787767
20.13 0.069840974459182
20.14 0.056258390900423
20.15 0.046419435200813
20.16 0.02863784103191
20.17 0.004717121329425
20.18 -0.01589620975548
20.19 -0.02829451730194
20.2 -0.040636644832322
20.21 -0.051591060158669
20.22 -0.057145460902557
20.23 -0.060497205181786
20.24 -0.050446974472479
20.25 -0.035254356022458
20.26 -0.014606436240036
20.27 -0.001602985778026
20.28 0.010523111599046
20.29 0.020328698777516
20.3 0.020788047277306
20.31 0.032550376370891
20.32 0.040658008760698
20.33 0.051749037190923
20.34 0.04762224162078
20.35 0.044030953750283
20.36 0.035412449330014
20.37 0.031442771837157
20.38 0.019882548252853
20.39 0.005376827485784
20.4 -0.007320900859723
20.41 -0.021474718544512
20.42 -0.042366261568408
20.43 -0.052136659222797
20.44 -0.051744951999733
20.45 -0.06251755844025
20.46 -0.061854982798251
20.47 -0.064076137289099
20.48 -0.066029464948949
20.49 -0.06297564039152
20.5 -0.060019855086969
20.51 -0.050479895409275
20.52 -0.042163189527123
20.53 -0.034226726691162
20.54 -0.011022806386671
20.55 -0.011611740480887
20.56 0.002929794259039
20.57 0.0046174205833
20.58 0.01400436926335
20.59 0.012618688040598
20.6 0.016053720450528
20.61 0.011593258583929
20.62 0.01109231409519
20.63 0.004520110091232
20.64 -0.000503396397997
20.65 -0.009009195275911
20.66 -0.009429709892477
20.67 -0.011375975911466
20.68 -0.014481816467385
20.69 -0.019701470002852
20.7 -0.020062937323009
20.71 -0.021178218896312
20.72 -0.020173446360845
20.73 -0.017743474789614
20.74 -0.015075399746432
20.75 -0.008666490637618
20.76 0.001811078270127
20.77 0.014770758848301
20.78 0.022315199448265
20.79 0.024124724361729
20.8 0.026303282814544
20.81 0.038111222876828
20.82 0.03927385800402
20.83 0.041719870684634
20.84 0.04723565803636
20.85 0.044230529336227
20.86 0.047660366639854
20.87 0.043802572126055
20.88 0.04345058526131
20.89 0.039541820005606
20.9 0.021103751113607
20.91 0.023265657798646
20.92 0.009285594511342
20.93 0.001097734274286
20.94 -0.012518915309881
20.95 -0.017635916079088
20.96 -0.023444748492741
20.97 -0.027097828513329
20.98 -0.02785441622116
20.99 -0.029231417772739
21.0 -0.026564167943887
21.01 -0.02367999760002
21.02 -0.018847352904223
21.03 -0.015681980856122
21.04 -0.012606654456153
21.05 -0.010859981491706
21.06 -0.008999201669896
21.07 -0.006948681637189
21.08 -0.006017365416948
21.09 -0.004544978473299
21.1 -0.00543063697671
21.11 -0.007828378282883
21.12 -0.011644680893515
21.13 -0.015961262154435
21.14 -0.018081106420021
21.15 -0.023242182399957
21.16 -0.024639309506459
21.17 -0.023767774527532
21.18 -0.028747017286964
21.19 -0.028591452720417
21.2 -0.025657707386223
21.21 -0.018733899366471
21.22 -0.015959879358412
21.23 -0.007675381285825
21.24 -0.001654173624469
21.25 0.006962858502854
21.26 0.014804403799087
21.27 0.02384108319616
21.28 0.033554000547964
21.29 0.042261869547575
21.3 0.050431355375034
21.31 0.056719492772259
21.32 0.058775673678348
21.33 0.058079947637361
21.34 0.057302546439257
21.35 0.0553082968367
21.36 0.053680120296678
21.37 0.049664015322844
21.38 0.042759022640112
21.39 0.038107722914145
21.4 0.014630740446078
21.41 -0.009338730921021
21.42 -0.013342979172841
21.43 -0.02274876704618
21.44 -0.031372695716255
21.45 -0.032644181596052
21.46 -0.025000008182962
21.47 -0.024399700054791
21.48 -0.009644413439524
21.49 -0.000194212368595
21.5 0.019232213306516
21.51 0.045905087687811
21.52 0.059375100835496
21.53 0.072189888921875
21.54 0.076900059753416
21.55 0.088857881001528
21.56 0.083775315113708
21.57 0.082432733686314
21.58 0.066128583819871
21.59 0.062052828092859
21.6 0.043796113323344
21.61 0.031188200554711
21.62 0.001046490523188
21.63 -0.021751149998499
21.64 -0.017647019224105
21.65 -0.029023258302065
21.66 -0.03485398854421
21.67 -0.042409351361593
21.68 -0.044535458449118
21.69 -0.042644015333629
21.7 -0.009372361678975
21.71 -0.000972150646452
21.72 0.013963488200998
21.73 0.032055508730042
21.74 0.050571684498076
21.75 0.044545455895746
21.76 0.040977497455635
21.77 0.040195107858696
21.78 0.025895103938809
21.79 0.010963564975969
21.8 -0.010306700455626
21.81 -0.01955276750291
21.82 -0.029170404039615
21.83 -0.033248642217978
21.84 -0.035466864394181
21.85 -0.038565847909286
21.86 -0.038413871603797
21.87 -0.037695736848419
21.88 -0.033949167555858
21.89 -0.026661251725761
21.9 -0.024279770413213
21.91 -0.010058464284544
21.92 0.004231113276492
21.93 0.012378733036478
21.94 0.021391194953386
21.95 0.018266388214789
21.96 0.025615808795441
21.97 0.018012988117733
21.98 0.010836093861185
21.99 -0.003778183243319
22.0 -0.014034821456156
22.01 -0.022708611753943
22.02 -0.025418167275407
22.03 -0.029272620595855
22.04 -0.024054221547575
22.05 -0.022151018861388
22.06 -0.018000716680822
22.07 -0.010633165486268
22.08 -0.006400722376306
22.09 -0.00784735690033
22.1 -0.012505183109729
22.11 -0.014649456263898
22.12 -0.016092428192919
22.13 -0.011873065338711
22.14 -0.011454881193634
22.15 -0.014598527986436
22.16 -0.015860265570728
22.17 -0.017678153931376
22.18 -0.022662303497
22.19 -0.025905587381642
22.2 -0.02957064441379
22.21 -0.030891220417148
22.22 -0.028182360837026
22.23 -0.024094979559327
22.24 -0.021741036769564
22.25 -0.020644145257761
22.26 -0.015152624590308
22.27 -0.015381377243371
22.28 -0.018399256708877
22.29 -0.020454793041765
22.3 -0.028159537321671
22.31 -0.031013040532387
22.32 -0.03298950145853
22.33 -0.034647626689521
22.34 -0.031788383583319
22.35 -0.031965825892192
22.36 -0.029276047762726
22.37 -0.026946156269056
22.38 -0.020196063570398
22.39 -0.018002270385149
22.4 -0.013653170432245
22.41 -0.013808438655642
22.42 -0.017221460945644
22.43 -0.021404464526462
22.44 -0.028230958647406
22.45 -0.035542632402979
22.46 -0.038855256747197
22.47 -0.043886106618888
22.48 -0.046171847444135
22.49 -0.04498781686154
22.5 -0.042699646122554
22.51 -0.036729256258163
22.52 -0.02794833657058
22.53 -0.018882759649021
22.54 -0.008903886482381
22.55 0.002824359072686
22.56 0.010300247818639
22.57 0.01556931997754
22.58 0.022538088445633
22.59 0.024826099473003
22.6 0.023901088507989
22.61 0.022037304449909
22.62 0.017061468661505
22.63 0.009437149249386
22.64 0.001156828321463
22.65 -0.00490149394746
22.66 -0.009344169983951
22.67 -0.008120285798743
22.68 -0.006331459609326
22.69 -0.003737630727483
22.7 0.000765145319721
22.71 0.008209471719957
22.72 0.014586558364162
22.73 0.021579332622709
22.74 0.028304947937918
22.75 0.03098699797017
22.76 0.032081015341157
22.77 0.032635545431623
22.78 0.031263211624429
22.79 0.025953550258258
22.8 0.018320965558096
22.81 0.012275592384377
22.82 0.004665898107885
22.83 -0.002415246232221
22.84 -0.005761675585577
22.85 -0.008734971828307
22.86 -0.008290546208237
22.87 -0.004575280347198
22.88 0.001277894584121
22.89 0.007711296829443
22.9 0.017188586408722
22.91 0.021759912609362
22.92 0.025882843373825
22.93 0.027837481589336
22.94 0.029272559577422
22.95 0.027570350391243
22.96 0.023662430559595
22.97 0.022724038497645
22.98 0.020438255227639
22.99 0.018478058189043
23.0 0.011091104467902
23.01 0.016070935178238
23.02 0.017478699046041
23.03 0.015205152291166
23.04 0.016321511157225
23.05 0.019561067317941
23.06 0.021579989752581
23.07 0.025576956572433
23.08 0.027715955432499
23.09 0.027344759367011
23.1 0.030341819852099
23.11 0.031661945357773
23.12 0.031407670121527
23.13 0.032069024755739
23.14 0.035348259309725
23.15 0.037594095950312
23.16 0.035562960841621
23.17 0.034302181135723
23.18 0.032347243806116
23.19 0.024645128253217
23.2 0.009697248580731
23.21 0.011704627304419
23.22 0.0077473345455
23.23 0.007372366696245
23.24 0.003848935525757
23.25 0.00417144625285
23.26 0.002413985152794
23.27 0.004363912511605
23.28 0.00503606805182
23.29 0.004010462679551
23.3 0.003134001860606
23.31 0.001224326698358
23.32 0.00210450987227
23.33 0.001815636202517
23.34 0.002766811198516
23.35 0.003798467890295
23.36 0.005094205126849
23.37 0.007000923175615
23.38 0.008090258053685
23.39 0.006696764682488
23.4 0.00216625267857
23.41 -0.004463653438684
23.42 -0.0150659363677
23.43 -0.016368821313565
23.44 -0.021626470732285
23.45 -0.02888423169946
23.46 -0.035438771943313
23.47 -0.037287546903814
23.48 -0.037743396549309
23.49 -0.034779606355247
23.5 -0.024649853583162
23.51 -0.022840502167859
23.52 -0.022836390504875
23.53 -0.014603915465489
23.54 -0.008321081412955
23.55 -0.003000497791267
23.56 0.004713988680719
23.57 0.010992800788198
23.58 0.015340146142034
23.59 0.016934100871213
23.6 0.016001526358642
23.61 0.013583692454035
23.62 0.010692938099718
23.63 0.006362230748341
23.64 -0.000880685894496
23.65 -0.009676916582664
23.66 -0.014902934540343
23.67 -0.015740756114673
23.68 -0.014798801306008
23.69 -0.010743488087429
23.7 -0.003938054441855
23.71 0.003329292019383
23.72 0.010157778978541
23.73 0.012207776454312
23.74 0.013365657650573
23.75 0.016589584361702
23.76 0.014541418807507
23.77 0.011231542715939
23.78 0.004088593369283
23.79 0.000170625665905
23.8 -0.001552083192508
23.81 -0.002654173240895
23.82 -0.003651397165428
23.83 -0.003001537807088
23.84 -0.001852994890458
23.85 -0.002133949558263
23.86 -0.002553696827149
23.87 -0.002918531466171
23.88 -0.001898731818171
23.89 -0.002974692275058
23.9 -0.003980823124391
23.91 -0.007240772968878
23.92 -0.00997013031545
23.93 -0.013087709189206
23.94 -0.015379476039465
23.95 -0.018681282981817
23.96 -0.022294373994347
23.97 -0.024284564122554
23.98 -0.026500413274965
23.99 -0.028271485919534
24.0 -0.027848185494535
24.01 -0.024053394443335
24.02 -0.018580111933637
24.03 -0.012606319822808
24.04 -0.00524181004679
24.05 0.001452675510166
24.06 0.005845117351425
24.07 0.007680744149914
24.08 0.006687517371106
24.09 0.004716947723016
24.1 0.000490509479727
24.11 -0.005520253490873
24.12 -0.012065899564977
24.13 -0.017028108515326
24.14 -0.020708781675956
24.15 -0.022908130085372
24.16 -0.024952824577275
24.17 -0.022463776019663
24.18 -0.019259616625512
24.19 -0.012895044944744
24.2 -0.009298264695886
24.21 -0.006043552120056
24.22 -0.002368138084348
24.23 0.000691369681859
24.24 0.003714872127345
24.25 0.003269465902884
24.26 0.003561546938708
24.27 0.003330961773254
24.28 0.002052078596907
24.29 -0.001922042552843
24.3 -0.008532779833293
24.31 -0.014394749501335
24.32 -0.019890235301808
24.33 -0.025431189767837
24.34 -0.027812686590671
24.35 -0.027557945046462
24.36 -0.02589140326543
24.37 -0.022440589439146
24.38 -0.016104151237727
24.39 -0.005231247485062
24.4 0.001446651736986
24.41 0.008145167461248
24.42 0.013066726140378
24.43 0.015063685957455
24.44 0.013111826189387
24.45 0.0093963803686
24.46 0.005345898189282
24.47 0.001219316365463
24.48 -0.002889713809335
24.49 -0.005898161253798
24.5 -0.008736710389995
24.51 -0.010300727495459
24.52 -0.011422800589717
24.53 -0.010901330310659
24.54 -0.008260712455275
24.55 -0.006030930893026
24.56 -0.001854743041673
24.57 0.002988549151106
24.58 0.009367118758822
24.59 0.017318330090118
24.6 0.025955932924934
24.61 0.034680560113466
24.62 0.039866012717334
24.63 0.040927582473737
24.64 0.041062442700671
24.65 0.037599025264467
24.66 0.028741437735591
24.67 0.009646936635955
24.68 -0.004978410182485
24.69 -0.015054559857535
24.7 -0.022505885298379
24.71 -0.029083980689487
24.72 -0.030151470142694
24.73 -0.030949250783565
24.74 -0.028521279516959
24.75 -0.023326112518823
24.76 -0.016126948126792
24.77 -0.006759590315062
24.78 0.004248887145777
24.79 0.015472902056122
24.8 0.017770112449597
24.81 0.023984714171666
24.82 0.028895477178402
24.83 0.030456269519773
24.84 0.028532996846617
24.85 0.02638100706047
24.86 0.022320293424384
24.87 0.018586226829786
24.88 0.000697021704235
24.89 -0.009770029291265
24.9 -0.012847907793278
24.91 -0.00745871327299
24.92 -0.007666014101637
24.93 -0.001068832746156
24.94 0.003030192423089
 
 
 
 
 
 
 
 
 
 
 
 
 
 
 
 
 
 
 
 
 
 
 
 
 
 
 
 
 
 
 
 
 
 
 
 
 
 
 
 
 
 
 
 
 
 
 
 
 
 
 
 
 
 
 
 
 
 
 
 
 
 
 
 
 
 
 
 
 
 
 
 
 
 
 
 
 
 
 
 
 
 
 
 
 
 
 
 
 
 
 
 
 
 
 
 
 
 
 
 
 
 
 
 
 
 
 
 
 
 
 
 
 
 
 
 
 
 
 
 
 
 
 
 
 
 
 
 
 
 
 
 
 
 
 
 
 
 
 
 
 
 
 
 
 
 
 
 
 
 
 
 
 
 
 
 
 
 
 
 
 
 
 
 
 
 
 
 
 
 
 
 
 
 
 
 
 
 
 
 
 
 
 
 
 
 
 
 
 
 
 
 
 
 
 
 
 
 
 
 
 
 
 
 
 
 
 
 
 
 
 
 
 
 
 
 
 
 
 
 
 
 
 
 
 
 
 
 
 
 
 
 
 
 
 
 
 
 
 
 
 
 
 
 
 
 
 
 
 
 
 
 
 
 
 
 
 
 
 
 
 
 
 
 
 
 
 
 
 
 
 
 
 
 
 
 
 
 
 
 
 
 
 
 
 
 
 
 
 
 
 
 
 
 
 
 
 
 
 
 
 
 
 
 
 
 
 
 
 
 
 
 
 
 
 
 
 
 
 
 
 
 
 
 
 
 
 
 
 
 
 
 
 
 
 
 
 
 
 
 
 
 
 
 
 
 
 
 
 
 
 
 
 
 
 
 
 
 
 
 
 
 
 
 
 
 
 
 
 
 
 
 
 
 
 
 
 
 
 
 
 
 
 
 
 
 
 
 
 
 
 
 
 
 
 
 
 
 
 
 
 
 
 
 
 
 
 
 
 
 
 
 
 
 
 
 
 
 
 
 
 
 
 
 
 
 
 
 
 
 
 
 
 
 
 
 
 
 
 
 
 
 
 
 
 
 
 
 
 
 
 
 
 
 
 
 
 
 
 
 
 
 
 
 
 
 
 
 
 
 
 
 
 
 
 
 
 
 
 
 
 
 
 
 
 
 
 
 
 
 
 
 
 
 
 
 
 
 
 
 
 
 
 
 
 
 
 
 
 
 
 
 
 
 
 
 
 
 
 
 
 
 
 
 
 
 
 
 
 
 
 
 
 
 
 
 
 
 
 
 
 
 
 
 
 
 
 
 
 
 
 
 
 
 
 
 
 
 
 
 
 
 
 
 
 
 
 
 
 
 
 
 
 
 
 
 
 
 
 
 
 
 
 
 
 
 
 
 
 
 
 
 
 
 
 
 
 
 
 
 
 
 
 
 
 
 
 
 
 
 
 
 
 
 
 
 
 
 
 
 
 
 
 
 
 
 
 
 
 
 
 
 
 
 
 
 
 
 
 
 
 
 
 
 
 
 
 
 
 
 
 
 
 
 
 
 
 
 
 
 
 
 
 
 
 
 
 
 
 
 
 
 
 
 
 
 
 
 
 
 
 
 
 
 
 
 
 
 
 
 
 
 
 
 
 
 
 
 
 
 
 
 
 
 
 
 
 
 
 
 
 
 
 
 
 
 
 
 
 
 
 
 
 
 
 
 
 
 
 
 
 
 
 
 
 
 
 
 
 
 
 
 
 
 
 
 
 
 
 
 
 
 
 
 
 
 
 
 
 
 
 
 
 
 
 
 
 
 
 
 
 
 
 
 
 
 
 
 
 
 
 
 
 
 
 
 
 
 
 
 
 
 
 
 
 
 
 
 
 
 
 
 
 
 
 
 
 
 
 
 
 
 
 
 
 
 
 
 
 
 
 
 
 
 
 
 
 
 
 
 
 
 
 
 
 
 
 
 
 
 
 
 
 
 
 
 
 
 
 
 
 
 
 
 
 
 
 
 
 
 
 
 
 
 
 
 
 
 
 
 
 
 
 
 
 
 
 
 
 
 
 
 
 
 
 
 
 
 
 
 
 
 
 
 
 
 
 
 
 
 
 
 
 
 
 
 
 
 
 
 
 
 
 
 
 
 
 
 
 
 
 
 
 
 
 
 
 
 
 
 
 
 
 
 
 
 
 
 
 
 
 
 
 
 
 
 
 
 
 
 
 
 
 
 
 
 
 
 
 
 
 
 
 
 
 
 
 
 
 
 
 
 
 
 
 
 
 
 
 
 
 
 
 
 
 
 
 
 
 
 
 
 
 
 
 
 
 
 
 
 
 
 
 
 
 
 
 
 
 
 
 
 
 
 
 
 
 
 
 
 
 
 
 
 
 
 
 
 
 
 
 
 
 
 
 
 
 
 
 
 
 
 
 
 
 
 
 
 
 
 
 
 
 
 
 
 
 
 
 
 
 
 
 
 
 
 
 
 
 
 
 
 
 
 
 
 
 
 
 
 
 
 
 
 
 
 
 
 
 
 
 
 
 
 
 
 
 
 
 
 
 
 
 
 
 
 
 
 
 
 
 
 
 
 
 
 
 
 
 
 
 
 
 
 
 
 
 
 
 
 
 
 
 
 
 
 
 
 
 
 
 
 
 
 
 
 
 
 
 
 
 
 
 
 
 
 
 
 
 
 
 
 
 
 
 
 
 
 
 
 
 
 
 
 
 
 
 
 
 
 
 
 
 
 
 
 
 
 
 
 
 
 
 
 
 
 
 
 
 
 
 
 
 
 
 
 
 
 
 
 
 
 
 
 
 
 
 
 
 
 
 
 
 
 
 
 
 
 
 
 
 
 
 
 
 
 
 
 
 
 
 
 
 
 
 
 
 
 
 
 
 
 
 
 
 
 
 
 
 
 
 
 
 
 
 
 
 
 
 
 
 
 
 
 
 
 
 
 
 
 
 
 
 
 
 
 
 
 
 
 
 
 
 
 
 
 
 
 
 
 
 
 
 
 
 
 
 
 
 
 
 
 
 
 
 
 
 
 
 
 
 
 
 
 
 
 
 
 
 
 
 
 
 
 
 
 
 
 
 
 
 
 
 
 
 
 
 
 
 
 
 
 
 
 
 
 
 
 
 
 
 
 
 
 
 
 
 
 
 
 
 
 
 
 
 
 
 
 
 
 
 
 
 
 
 
 
 
 
 
 
 
 
 
 
 
 
 
 
 
 
 
 
 
 
 
 
 
 
 
 
 
 
 
 
 
 
 
 
 
 
 
 
 
 
 
 
 
 
 
 
 
 
 
 
 
 
 
 
 
 
 
 
 
 
 
 
 
 
 
 
 
 
 
 
 
 
 
 
 
 
 
 
 
 
 
 
 
 
 
 
 
 
 
 
 
 
 
 
 
 
 
 
 
 
 
 
 
 
 
 
 
 
 
 
 
 
 
 
 
 
 
 
 
 
 
 
 
 
 
 
 
 
 
 
 
 
 
 
 
 
 
 
 
 
 
 
 
 
 
 
 
 
 
 
 
 
 
 
 
 
 
 
 
 
 
 
 
 
 
 
 
 
 
 
 
 
 
 
 
 
 
 
 
 
 
 
 
 
 
 
 
 
 
 
 
 
 
 
 
 
 
 
 
 
 
 
 
 
 
 
 
 
 
 
 
 
 
 
 
 
 
 
 
 
 
 
 
 
 
 
 
 
 
 
 
 
 
 
 
 
 
 
 
 
 
 
 
 
 
 
 
 
 
 
 
 
 
 
 
 
 
 
 
 
 
 
 
 
 
 
 
 
 
 
 
 
 
 
 
 
 
 
 
 
 
 
 
 
 
 
 
 
 
 
 
 
 
 
 
 
 
 
 
 
 
 
 
 
 
 
 
 
 
 
 
 
 
 
 
 
 
 
 
 
 
 
 
 
 
 
 
 
 
 
 
 
 
 
 
 
 
 
 
 
 
 
 
 
 
 
 
 
 
 
 
 
 
 
 
 
 
 
 
 
 
 
 
 
 
 
 
 
 
 
 
 
 
 
 
 
 
 
 
 
 
 
 
 
 
 
 
 
 
 
 
 
 
 
 
 
 
 
 
 
 
 
 
 
 
 
 
 
 
 
 
 
 
 
 
 
 
 
 
 
 
 
 
 
 
 
 
 
 
 
 
 
 
 
 
 
 
 
 
 
 
 
 
 
 
 
 
 
 
 
 
 
 
 
 
 
 
 
 
 
 
 
 
 
 
 
 
 
 
 
 
 
 
 
 
 
 
 
 
 
 
 
 
 
 
 
 
 
 
 
 
 
 
 
 
 
 
 
 
 
 
 
 
 
 
 
 
 
 
 
 
 
 
 
 
 
 
 
 
 
 
 
 
 
 
 
 
 
 
 
 
 
 
 
 
 
 
 
 
 
 
 
 
 
 
 
 
 
 
 
 
 
 
 
 
 
 
 
 
 
 
 
 
 
 
 
 
 
 
 
 
 
 
 
 
 
 
 
 
 
 
 
 
 
 
 
 
 
 
 
 
 
 
 
 
 
 
 
 
 
 
 
 
 
 
 
 
 
 
 
 
 
 
 
 
 
 
 
 
 
 
 
 
 
 
 
 
 
 
 
 
 
 
 
 
 
 
 
 
 
 
 
 
 
 
 
 
 
 
 
 
 
 
 
 
 
 
 
 
 
 
 
 
 
 
 
 
 
 
 
 
 
 
 
 
 
 
 
 
 
 
 
 
 
 
 
 
 
 
 
 
 
 
 
 
 
 
 
 
 
 
 
 
 
 
 
 
 
 
 
 
 
 
 
 
 
 
 
 
 
 
 
 
 
 
 
 
 
 
 
 
 
 
 
 
 
 
 
 
 
 
 
 
 
 
 
 
 
 
 
 
 
 
 
 
 
 
 
 
 
 
 
 
 
 
 
 
 
 
 
 
 
 
 
 
 
 
 
 
 
 
 
 
 
 
 
 
 
 
 
 
 
 
 
 
 
 
 
 
 
 
 
 
 
 
 
 
 
 
 
 
 
 
 
 
 
 
 
 
 
 
 
 
 
 
 
 
 
 
 
 
 
 
 
 
 
 
 
 
 
 
 
 
 
 
 
 
 
 
 
 
 
 
 
 
 
 
 
 
 
 
 
 
 
 
 
 
 
 
 
 
 
 
 
 
 
 
 
 
 
 
 
 
 
 
 
 
 
 
 
 
 
 
 
 
 
 
 
 
 
 
 
 
 
 
 
 
 
 
 
 
 
 
 
 
 
 
 
 
 
 
 
 
 
 
 
 
 
 
 
 
 
 
 
 
 
 
 
 
 
 
 
 
 
 
 
 
 
 
 
 
 
 
 
 
 
 
 
 
 
 
 
 
 
 
 
 
 
 
 
 
 
 
 
 
 
 
 
 
 
 
 
 
 
 
 
 
 
 
 
 
 
 
 
 
 
 
 
 
 
 
 
 
 
 
 
 
 
 
 
 
 
 
 
 
 
 
 
 
 
 
 
 
 
 
 
 
 
 
 
 
 
 
 
 
 
 
 
 
 
 
 
 
 
 
 
 
 
 
 
 
 
 
 
 
 
 
 
 
 
 
 
 
 
 
 
 
 
 
 
 
 
 
 
 
 
 
 
 
 
 
 
 
 
 
 
 
 
 
 
 
 
 
 
 
 
 
 
 
 
 
 
 
 
 
 
 
 
 
 
 
 
 
 
 
 
 
 
 
 
 
 
 
 
 
 
 
 
 
 
 
 
 
 
 
 
 
 
 
 
 
 
 
 
 
 
 
 
 
 
 
 
 
 
 
 
 
 
 
 
 
 
 
 
 
 
 
 
 
 
 
 
 
 
 
 
 
 
 
 
 
 
 
 
 
 
 
 
 
 
 
 
 
 
 
 
 
 
 
 
 
 
 
 
 
 
 
 
 
 
 
 
 
 
 
 
 
 
 
 
 
 
 
 
 
 
 
 
 
 
 
 
 
 
 
 
 
 
 
 
 
 
 
 
 
 
 
 
 
 
 
 
 
 
 
 
 
 
 
 
 
 
 
 
 
 
 
 
 
 
 
 
 
 
 
 
 
 
 
 
 
 
 
 
 
 
 
 
 
 
 
 
 
 
 
 
 
 
 
 
 
 
 
 
 
 
 
 
 
 
 
 
 
 
 
 
 
 
 
 
 
 
 
 
 
 
 
 
 
 
 
 
 
 
 
 
 
 
 
 
 
 
 
 
 
 
 
 
 
 
 
 
 
 
 
 
 
 
 
 
 
 
 
 
 
 
 
 
 
 
 
 
 
 
 
 
 
 
 
 
 
 
 
 
 
 
 
 
 
 
 
 
 
 
 
 
 
 
 
 
 
 
 
 
 
 
 
 
 
 
 
 
 
 
 
 
 
 
 
 
 
 
 
 
 
 
 
 
 
 
 
 
 
 
 
 
 
 
 
 
 
 
 
 
 
 
 
 
 
 
 
 
 
 
 
 
 
 
 
 
 
 
 
 
 
 
 
 
 
 
 
 
 
 
 
 
 
 
 
 
 
 
 
 
 
 
 
 
 
 
 
 
 
 
 
 
 
 
 
 
 
 
 
 
 
 
 
 
 
 
 
 
 
 
 
 
 
 
 
 
 
 
 
 
 
 
 
 
 
 
 
 
 
 
 
 
 
 
 
 
 
 
 
 
 
 
 
 
 
 
 
 
 
 
 
 
 
 
 
 
 
 
 
 
 
 
 
 
 
 
 
 
 
 
 
 
 
 
 
 
 
 
 
 
 
 
 
 
 
 
 
 
 
 
 
 
 
 
 
 
 
 
 
 
 
 
 
 
 
 
 
 
 
 
 
 
 
 
 
 
 
 
 
 
 
 
 
 
 
 
 
 
 
 
 
 
 
 
 
 
 
 
 
 
 
 
 
 
 
 
 
 
 
 
 
 
 
 
 
 
 
 
 
 
 
 
 
 
 
 
 
 
 
 
 
 
 
 
 
 
 
 
 
 
 
 
 
 
 
 
 
 
 
 
 
 
 
 
 
 
 
 
 
 
 
 
 
 
 
 
 
 
 
 
 
 
 
 
 
 
 
 
 
 
 
 
 
 
 
 
 
 
 
 
 
 
 
 
 
 
 
 
 
 
 
 
 
 
 
 
 
 
 
 
 
 
 
 
 
 
 
 
 
 
 
 
 
 
 
 
 
 
 
 
 
 
 
 
 
 
 
 
 
 
 
 
 
 
 
 
 
 
 
 
 
 
 
 
 
 
 
 
 
 
 
 
 
 
 
 
 
 
 
 
 
 
 
 
 
 
 
 
 
 
 
 
 
 
 
 
 
 
 
 
 
 
 
 
 
 
 
 
 
 
 
 
 
 
 
 
 
 
 
 
 
 
 
 
 
 
 
 
 
 
 
 
 
 
 
 
 
 
 
 
 
 
 
 
 
 
 
 
 
 
 
 
 
 
 
 
 
 
 
 
 
 
 
 
 
 
 
 
 
 
 
 
 
 
 
 
 
 
 
 
 
 
 
 
 
 
 
 
 
 
 
 
 
 
 
 
 
 
 
 
 
 
 
 
 
 
 
 
 
 
 
 
 
 
 
 
 
 
 
 
 
 
 
 
 
 
 
 
 
 
 
 
 
 
 
 
 
 
 
 
 
 
 
 
 
 
 
 
 
 
 
 
 
 
 
 
 
 
 
 
 
 
 
 
 
 
 
 
 
 
 
 
 
 
 
 
 
 
 
 
 
 
 
 
 
 
 
 
 
 
 
 
 
 
 
 
 
 
 
 
 
 
 
 
 
 
 
 
 
 
 
 
 
 
 
 
 
 
 
 
 
 
 
 
 
 
 
 
 
 
 
 
 
 
 
 
 
 
 
 
 
 
 
 
 
 
 
 
 
 
 
 
 
 
 
 
 
 
 
 
 
 
 
 
 
 
 
 
 
 
 
 
 
 
 
 
 
 
 
 
 
 
 
 
 
 
 
 
 
 
 
 
 
 
 
 
 
 
 
 
 
 
 
 
 
 
 
 
 
 
 
 
 
 
 
 
 
 
 
 
 
 
 
 
 
 
 
 
 
 
 
 
 
 
 
 
 
 
 
 
 
 
 
 
 
 
 
 
 
 
 
 
 
 
 
 
 
 
 
 
 
 
 
 
 
 
 
 
 
 
 
 
 
 
 
 
 
 
 
 
 
 
 
 
 
 
 
 
 
 
 
 
 
 
 
 
 
 
 
 
 
 
 
 
 
 
 
 
 
 
 
 
 
 
 
 
 
 
 
 
 
 
 
 
 
 
 
 
 
 
 
 
 
 
 
 
 
 
 
 
 
 
 
 
 
 
 
 
 
 
 
 
 
 
 
 
 
 
 
 
 
 
 
 
 
 
 
 
 
 
 
 
 
 
 
 
 
 
 
 
 
 
 
 
 
 
 
 
 
 
 
 
 
 
 
 
 
 
 
 
 
 
 
 
 
 
 
 
 
 
 
 
 
 
 
 
 
 
 
 
 
 
 
 
 
 
 
 
 
 
 
 
 
 
 
 
 
 
 
 
 
 
 
 
 
 
 
 
 
 
 
 
 
 
 
 
 
 
 
 
 
 
 
 
 
 
 
 
 
 
 
 
 
 
 
 
 
 
 
 
 
 
 
 
 
 
 
 
 
 
 
 
 
 
 
 
 
 
 
 
 
 
 
 
 
 
 
 
 
 
 
 
 
 
 
 
 
 
 
 
 
 
 
 
 
 
 
 
 
 
 
 
 
 
 
 
 
 
 
 
 
 
 
 
 
 
 
 
 
 
 
 
 
 
 
 
 
 
 
 
 
 
 
 
 
 
 
 
 
 
 
 
 
 
 
 
 
 
 
 
 
 
 
 
 
 
 
 
 
 
 
 
 
 
 
 
 
 
 
 
 
 
 
 
 
 
 
 
 
 
 
 
 
 
 
 
 
 
 
 
 
 
 
 
 
 
 
 
 
 
 
 
 
 
 
 
 
 
 
 
 
 
 
 
 
 
 
 
 
 
 
 
 
 
 
 
 
 
 
 
 
 
 
 
 
 
 
 
 
 
 
 
 
 
 
 
 
 
 
 
 
 
 
 
 
 
 
 
 
 
 
 
 
 
 
 
 
 
 
 
 
 
 
 
 
 
 
 
 
 
 
 
 
 
 
 
 
 
 
 
 
 
 
 
 
 
 
 
 
 
 
 
 
 
 
 
 
 
 
 
 
 
 
 
 
 
 
 
 
 
 
 
 
 
 
 
 
 
 
 
 
 
 
 
 
 
 
 
 
 
 
 
 
 
 
 
 
 
 
 
 
 
 
 
 
 
 
 
 
 
 
 
 
 
 
 
 
 
 
 
 
 
 
 
 
 
 
 
 
 
 
 
 
 
 
 
 
 
 
 
 
 
 
 
 
 
 
 
 
 
 
 
 
 
 
 
 
 
 
 
 
 
 
 
 
 
 
 
 
 
 
 
 
 
 
 
 
 
 
 
 
 
 
 
 
 
 
 
 
 
 
 
 
 
 
 
 
 
 
 
 
 
 
 
 
 
 
 
 
 
 
 
 
 
 
 
 
 
 
 
 
 
 
 
 
 
 
 
 
 
 
 
 
 
 
 
 
 
 
 
 
 
 
 
 
 
 
 
 
 
 
 
 
 
 
 
 
 
 
 
 
 
 
 
 
 
 
 
 
 
 
 
 
 
 
 
 
 
 
 
 
 
 
 
 
 
 
 
 
 
 
 
 
 
 
 
 
 
 
 
 
 
 
 
 
 
 
 
 
 
 
 
 
 
 
 
 
 
 
 
 
 
 
 
 
 
 
 
 
 
 
 
 
 
 
 
 
 
 
 
 
 
 
 
 
 
 
 
 
 
 
 
 
 
 
 
 
 
 
 
 
 
 
 
 
 
 
 
 
 
 
 
 
 
 
 
 
 
 
 
 
 
 
 
 
 
 
 
 
 
 
 
 
 
 
 
 
 
 
 
 
 
 
 
 
 
 
 
 
 
 
 
 
 
 
 
 
 
 
 
 
 
 
 
 
 
 
 
 
 
 
 
 
 
 
 
 
 
 
 
 
 
 
 
 
 
 
 
 
 
 
 
 
 
 
 
 
 
 
 
 
 
 
 
 
 
 
 
 
 
 
 
 
 
 
 
 
 
 
 
 
 
 
 
 
 
 
 
 
 
 
 
 
 
 
 
 
 
 
 
 
 
 
 
 
 
 
 
 
 
 
 
 
 
 
 
 
 
 
 
 
 
 
 
 
 
 
 
 
 
 
 
 
 
 
 
 
 
 
 
 
 
 
 
 
 
 
 
 
 
 
 
 
 
 
 
 
 
 
 
 
 
 
 
 
 
 
 
 
 
 
 
 
 
 
 
 
 
 
 
 
 
 
 
 
 
 
 
 
 
 
 
 
 
 
 
 
 
 
 
 
 
 
 
 
 
 
 
 
 
 
 
 
 
 
 
 
 
 
 
 
 
 
 
 
 
 
 
 
 
 
 
 
 
 
 
 
 
 
 
 
 
 
 
 
 
 
 
 
 
 
 
 
 
 
 
 
 
 
 
 
 
 
 
 
 
 
 
 
 
 
 
 
 
 
 
 
 
 
 
 
 
 
 
 
 
 
 
 
 
 
 
 
 
 
 
 
 
 
 
 
 
 
 
 
 
 
 
 
 
 
 
 
 
 
 
 
 
 
 
 
 
 
 
 
 
 
 
 
 
 
 
 
 
 
 
 
 
 
 
 
 
 
 
 
 
 
 
 
 
 
 
 
 
 
 
 
 
 
 
 
 
 
 
 
 
 
 
 
 
 
 
 
 
 
 
 
 
 
 
 
 
 
 
 
 
 
 
 
 
 
 
 
 
 
 
 
 
 
 
 
 
 
 
 
 
 
 
 
 
 
 
 
 
 
 
 
 
 
 
 
 
 
 
 
 
 
 
 
 
 
 
 
 
 
 
 
 
 
 
 
 
 
 
 
 
 
 
 
 
 
 
 
 
 
 
 
 
 
 
 
 
 
 
 
 
 
 
 
 
 
 
 
 
 
 
 
 
 
 
 
 
 
 
 
 
 
 
 
 
 
 
 
 
 
 
 
 
 
 
 
 
 
 
 
 
 
 
 
 
 
 
 
 
 
 
 
 
 
 
 
 
 
 
 
 
 
 
 
 
 
 
 
 
 
 
 
 
 
 
 
 
 
 
 
 
 
 
 
 
 
 
 
 
 
 
 
 
 
 
 
 
 
 
 
 
 
 
 
 
 
 
 
 
 
 
 
 
 
 
 
 
 
 
 
 
 
 
 
 
 
 
 
 
 
 
 
 
 
 
 
 
 
 
 
 
 
 
 
 
 
 
 
 
 
 
 
 
 
 
 
 
 
 
 
 
 
 
 
 
 
 
 
 
 
 
 
 
 
 
 
 
 
 
 
 
 
 
 
 
 
 
 
 
 
 
 
 
 
 
 
 
 
 
 
 
 
 
 
 
 
 
 
 
 
 
 
 
 
 
 
 
 
 
 
 
 
 
 
 
 
 
 
 
 
 
 
 
 
 
 
 
 
 
 
 
 
 
 
 
 
 
 
 
 
 
 
 
 
 
 
 
 
 
 
 
 
 
 
 
 
 
 
 
 
 
 
 
 
 
 
 
 
 
 
 
 
 
 
 
 
 
 
 
 
 
 
 
 
 
 
 
 
 
 
 
 
 
 
 
 
 
 
 
 
 
 
 
 
 
 
 
 
 
 
 
 
 
 
 
 
 
 
 
 
 
 
 
 
 
 
 
 
 
 
 
 
 
 
 
 
 
 
 
 
 
 
 
 
 
 
 
 
 
 
 
 
 
 
 
 
 
 
 
 
 
 
 
 
 
 
 
 
 
 
 
 
 
 
 
 
 
 
 
 
 
 
 
 
 
 
 
 
 
 
 
 
 
 
 
 
 
 
 
 
 
 
 
 
 
 
 
 
 
 
 
 
 
 
 
 
 
 
 
 
 
 
 
 
 
 
 
 
 
 
 
 
 
 
 
 
 
 
 
 
 
 
 
 
 
 
 
 
 
 
 
 
 
 
 
 
 
 
 
 
 
 
 
 
 
 
 
 
 
 
 
 
 
 
 
 
 
 
 
 
 
 
 
 
 
 
 
 
 
 
 
 
 
 
 
 
 
 
 
 
 
 
 
 
 
 
 
 
 
 
 
 
 
 
 
 
 
 
 
 
 
 
 
 
 
 
 
 
 
 
 
 
 
 
 
 
 
 
 
 
 
 
 
 
 
 
 
 
 
 
 
 
 
 
 
 
 
 
 
 
 
 
 
 
 
 
 
 
 
 
 
 
 
 
 
 
 
 
 
 
 
 
 
 
 
 
 
 
 
 
 
 
 
 
 
 
 
 
 
 
 
 
 
 
 
 
 
 
 
 
 
 
 
 
 
 
 
 
 
 
 
 
 
 
 
 
 
 
 
 
 
 
 
 
 
 
 
 
 
 
 
 
 
 
 
 
 
 
 
 
 
 
 
 
 
 
 
 
 
 
 
 
 
 
 
 
 
 
 
 
 
 
 
 
 
 
 
 
 
 
 
 
 
 
 
 
 
 
 
 
 
 
 
 
 
 
 
 
 
 
 
 
 
 
 
 
 
 
 
 
 
 
 
 
 
 
 
 
 
 
 
 
 
 
 
 
 
 
 
 
 
 
 
 
 
 
 
 
 
 
 
 
 
 
 
 
 
 
 
 
 
 
 
 
 
 
 
 
 
 
 
 
 
 
 
 
 
 
 
 
 
 
 
 
 
 
 
 
 
 
 
 
 
 
 
 
 
 
 
 
 
 
 
 
 
 
 
 
 
 
 
 
 
 
 
 
 
 
 
 
 
 
 
 
 
 
 
 
 
 
 
 
 
 
