0.0 0.0
0.01 2.33354898e-07
0.02 2.33378239e-07
0.03 2.34451708e-07
0.04 2.36746784e-07
0.05 2.39597531e-07
0.06 2.39182103e-07
0.07 2.33612955e-07
0.08 2.2855293e-07
0.09 2.23657181e-07
0.1 2.09878388e-07
0.11 2.03056583e-07
0.12 2.33516431e-07
0.13 3.46778562e-07
0.14 5.00483068e-07
0.15 4.29881439e-07
0.16 -2.43941423e-07
0.17 -1.655979001e-06
0.18 -3.439684626e-06
0.19 -5.085082319e-06
0.2 -6.938675327e-06
0.21 -9.925920262e-06
0.22 -1.3219203113e-05
0.23 -1.3951836036e-05
0.24 -1.1288682468e-05
0.25 -8.670865034e-06
0.26 -9.02908387e-06
0.27 -9.385058244e-06
0.28 -3.199352672e-06
0.29 1.1024224046e-05
0.3 2.5279500741e-05
0.31 2.8189382405e-05
0.32 1.3523852322e-05
0.33 -1.4033442137e-05
0.34 -3.5529758967e-05
0.35 -3.497547255e-05
0.36 -2.0398367495e-05
0.37 -7.106815401e-06
0.38 5.816227569e-06
0.39 1.6681514552e-05
0.4 7.793270268e-06
0.41 -2.5937938137e-05
0.42 -5.7517641015e-05
0.43 -5.8172678402e-05
0.44 -3.5933491936e-05
0.45 -3.3153821423e-05
0.46 -8.2767853696e-05
0.47 -0.000167478163095
0.48 -0.000218669457536
0.49 -0.000166771580853
0.5 -1.9773727731e-05
0.51 0.000109561068307
0.52 0.000129570952369
0.53 9.5779904904e-05
0.54 0.000107678962908
0.55 0.000147724963333
0.56 0.000127599422788
0.57 7.55357381e-07
0.58 -0.000191979517512
0.59 -0.000311220943882
0.6 -0.000260547846731
0.61 -0.000142436124569
0.62 -0.000107747749397
0.63 -0.000139808857827
0.64 -0.000126598150275
0.65 -5.1629595668e-05
0.66 -1.4408020178e-05
0.67 -5.5668638362e-05
0.68 -6.7743714624e-05
0.69 3.2745692277e-05
0.7 0.000170025818995
0.71 0.000215465875228
0.72 0.000108596247215
0.73 -9.4505287347e-05
0.74 -0.000220057188835
0.75 -0.000152801234009
0.76 -6.1488077123e-05
0.77 -0.000129661063164
0.78 -0.000180175409908
0.79 -7.01936688e-05
0.8 -3.9563655784e-05
0.81 -0.000163547936803
0.82 -0.000139450463647
0.83 2.3105890996e-05
0.84 -4.5754909409e-05
0.85 -0.000381353593197
0.86 -0.000652334464144
0.87 -0.000689249635181
0.88 -0.000572624469032
0.89 -0.000356224392962
0.9 -7.9130632275e-05
0.91 0.000124597981712
0.92 0.000263628947568
0.93 0.000431741741774
0.94 0.000412775894311
0.95 3.685816303e-05
0.96 -0.000253082840868
0.97 -0.000109602623895
0.98 0.000126767385265
0.99 0.000245818122107
1.0 0.000384677040488
1.01 0.000315273872044
1.02 -0.000177490100626
1.03 -0.000662894210809
1.04 -0.000746385059667
1.05 -0.000581054194321
1.06 -0.00044558886131
1.07 -0.000372679933152
1.08 -0.00019344207868
1.09 0.000186679625045
1.1 0.000700039061346
1.11 0.001186455571746
1.12 0.001246661524371
1.13 0.000580179932008
1.14 -0.000275240348897
1.15 -0.000476794502844
1.16 -0.000148271406505
1.17 -0.000119537456476
1.18 -0.000507847802712
1.19 -0.000567905857118
1.2 -7.79681391e-07
1.21 0.000494928656305
1.22 0.000468602542687
1.23 0.000374987770311
1.24 0.000455699529332
1.25 0.000343967101278
1.26 0.000145120686271
1.27 0.000289529422744
1.28 0.000531727067219
1.29 0.000452219393685
1.3 0.000215640980393
1.31 5.2710038979e-05
1.32 -0.000301931168414
1.33 -0.001177115940211
1.34 -0.002151791414863
1.35 -0.002475469839091
1.36 -0.002502206344607
1.37 -0.002847028346277
1.38 -0.0027574342435
1.39 -0.001375345199887
1.4 0.000361908201153
1.41 0.001210653632873
1.42 0.001241051528235
1.43 0.001103007352934
1.44 0.000854400087412
1.45 0.000348858474972
1.46 -6.6775648847e-05
1.47 -0.000178399816742
1.48 -0.000471678337509
1.49 -0.001005707500928
1.5 -0.001136923212448
1.51 -0.000972946393121
1.52 -0.000990241880023
1.53 -0.00081669020402
1.54 -8.2559711257e-05
1.55 0.000580237861447
1.56 0.000647838202818
1.57 0.000782076930877
1.58 0.00200112574543
1.59 0.00388214964945
1.6 0.004989715430956
1.61 0.004741246914594
1.62 0.003408737297931
1.63 0.001296500245434
1.64 -0.000683320207335
1.65 -0.001354346905411
1.66 -0.001245006280854
1.67 -0.001910467318473
1.68 -0.003053881077207
1.69 -0.002992444155765
1.7 -0.00135860657932
1.71 0.000623988827091
1.72 0.001738629243015
1.73 0.001523511739262
1.74 0.000517123790201
1.75 -0.000623088226424
1.76 -0.001738948129663
1.77 -0.002423017192303
1.78 -0.002238036344981
1.79 -0.001774567647478
1.8 -0.001731664359491
1.81 -0.001791809030396
1.82 -0.001697744899111
1.83 -0.001861330122641
1.84 -0.002234842822395
1.85 -0.002347671038547
1.86 -0.002243966554203
1.87 -0.001938693324418
1.88 -0.00102114355083
1.89 0.000489069426624
1.9 0.002031989620231
1.91 0.003308604266503
1.92 0.004223295429917
1.93 0.00448746865342
1.94 0.003773069120871
1.95 0.00208850166339
1.96 0.000268796933422
1.97 -0.000891820533887
1.98 -0.001254625227046
1.99 -0.00082129499367
2.0 0.000463855688621
2.01 0.001425571257771
2.02 0.001205610911181
2.03 0.00094479529436
2.04 0.001759051331126
2.05 0.002921793617481
2.06 0.003277999437048
2.07 0.002257879057461
2.08 0.000103432009641
2.09 -0.001372791353851
2.1 -0.00106290311717
2.11 -0.000758963519107
2.12 -0.001878178809733
2.13 -0.002880460730404
2.14 -0.002571169401571
2.15 -0.002093498720473
2.16 -0.002116894175051
2.17 -0.002175757425853
2.18 -0.002314337646687
2.19 -0.002516415247284
2.2 -0.001971142717294
2.21 -0.000763491797949
2.22 -4.3920302028e-05
2.23 4.7665227786e-05
2.24 0.000220324214717
2.25 0.00050710677545
2.26 0.000511587884445
2.27 0.00021618210451
2.28 -0.000170116748432
2.29 -0.000831669519622
2.3 -0.001960513772954
2.31 -0.002664297538091
2.32 -0.001624236085397
2.33 0.000814218104934
2.34 0.002721540842685
2.35 0.003414873125515
2.36 0.003778567650672
2.37 0.004225165466152
2.38 0.004324044435865
2.39 0.003967127850405
2.4 0.00321304081427
2.41 0.001800462105552
2.42 -0.000213338115287
2.43 -0.002330381610113
2.44 -0.003776995717194
2.45 -0.003887819379516
2.46 -0.002995687116598
2.47 -0.001776576121258
2.48 -0.000547529022101
2.49 0.000249110636261
2.5 0.000325817119912
2.51 0.000699978666899
2.52 0.001935836285448
2.53 0.002925769557216
2.54 0.003092318693011
2.55 0.00290931975271
2.56 0.001947964496849
2.57 -0.000318477801166
2.58 -0.00269464184588
2.59 -0.003597676092515
2.6 -0.003092844693503
2.61 -0.002144501866279
2.62 -0.001244073345689
2.63 -0.000348422277021
2.64 0.000531908718286
2.65 0.001117414891
2.66 0.001163089060893
2.67 0.000788099209534
2.68 0.000205183348946
2.69 -0.001131182610239
2.7 -0.003488315054234
2.71 -0.005770183128675
2.72 -0.006459407464369
2.73 -0.005627390789008
2.74 -0.004617967286041
2.75 -0.004058617371214
2.76 -0.003356130432848
2.77 -0.001976581489014
2.78 5.1892083305e-05
2.79 0.00286723536835
2.8 0.006166943387521
2.81 0.008293554499073
2.82 0.008862258127373
2.83 0.009498050918182
2.84 0.010434707634721
2.85 0.00987694462726
2.86 0.006973783078031
2.87 0.001926273368344
2.88 -0.004784884103438
2.89 -0.01050114643689
2.9 -0.012176089626787
2.91 -0.010520687192263
2.92 -0.008016878538065
2.93 -0.004511875223777
2.94 1.0848871602e-05
2.95 0.003567335121017
2.96 0.004645391332068
2.97 0.003406121961258
2.98 0.000643151633862
2.99 -0.002464305373253
3.0 -0.004961970087316
3.01 -0.006934504424495
3.02 -0.009165526763261
3.03 -0.011942943812338
3.04 -0.013790369805362
3.05 -0.013234867810526
3.06 -0.01144428228632
3.07 -0.009993095553067
3.08 -0.009284898614662
3.09 -0.00898689644948
3.1 -0.007401653335597
3.11 -0.002327261631689
3.12 0.006613846281764
3.13 0.015695199132627
3.14 0.02115767141438
3.15 0.02229244321527
3.16 0.019241150614191
3.17 0.011380299843432
3.18 0.000707790416582
3.19 -0.007235460781134
3.2 -0.009330621085402
3.21 -0.006664116117243
3.22 -0.003414947711252
3.23 -0.002149883346609
3.24 -0.003158171974923
3.25 -0.004876695813459
3.26 -0.004640334239964
3.27 -0.002515848007526
3.28 -0.001238251836731
3.29 -0.001746061169429
3.3 -0.001819162801732
3.31 -0.000863028837908
3.32 0.000298026149528
3.33 0.00168898391922
3.34 0.003652495412482
3.35 0.005191407095298
3.36 0.004829680256655
3.37 0.001865264626971
3.38 -0.003063830951627
3.39 -0.008292118553189
3.4 -0.010604478133501
3.41 -0.007477161511713
3.42 0.000445786014537
3.43 0.00836433024644
3.44 0.011235169703395
3.45 0.008033251335843
3.46 0.001958568464248
3.47 -0.002647188653132
3.48 -0.00289175905415
3.49 0.000341504173922
3.5 0.003032514882095
3.51 0.00339645602915
3.52 0.002030291522639
3.53 -0.001634259535894
3.54 -0.007368204515272
3.55 -0.012680699697283
3.56 -0.015189055647917
3.57 -0.01538127014787
3.58 -0.015204818839056
3.59 -0.014967397600829
3.6 -0.012664105156064
3.61 -0.005123630746097
3.62 0.007545244207695
3.63 0.02135145079874
3.64 0.029398885636985
3.65 0.029748918747403
3.66 0.024391858415727
3.67 0.016624202057262
3.68 0.010122761301847
3.69 0.007108614375419
3.7 0.007196375663844
3.71 0.007585925863356
3.72 0.006753621781316
3.73 0.002571667772933
3.74 -0.004405486385278
3.75 -0.010807531433942
3.76 -0.013327211801254
3.77 -0.012087021270542
3.78 -0.009489795747794
3.79 -0.005093725066062
3.8 0.004193986936944
3.81 0.017140607170863
3.82 0.02667240697924
3.83 0.028947751261989
3.84 0.025694885411936
3.85 0.017039273339974
3.86 0.00147233408546
3.87 -0.016745687725492
3.88 -0.028990010517983
3.89 -0.031989179566151
3.9 -0.029998845280185
3.91 -0.025504007198032
3.92 -0.018876941893977
3.93 -0.010578202182447
3.94 0.001710465803026
3.95 0.020479736365458
3.96 0.039320721621707
3.97 0.048558186033649
3.98 0.046692378265575
3.99 0.037488544225176
4.0 0.021439748940904
4.01 0.000657741994335
4.02 -0.017016361119694
4.03 -0.024158415656664
4.04 -0.023046179882469
4.05 -0.022274573278626
4.06 -0.023886633518441
4.07 -0.024796139829285
4.08 -0.021507889087693
4.09 -0.012255868517866
4.1 0.001228472004849
4.11 0.013142437917242
4.12 0.018669503494221
4.13 0.018809191734059
4.14 0.015052868632426
4.15 0.009943283616316
4.16 0.005843885298508
4.17 0.00421619043338
4.18 0.002892124753834
4.19 -0.002281813163846
4.2 -0.009984761736116
4.21 -0.014482370110427
4.22 -0.009596815823837
4.23 0.005093564819013
4.24 0.023792061084038
4.25 0.036327276364222
4.26 0.038626518948572
4.27 0.032648730752151
4.28 0.022366461592415
4.29 0.005704079216758
4.3 -0.014890830286215
4.31 -0.028288276427506
4.32 -0.030876585400062
4.33 -0.030031233673786
4.34 -0.027814958075443
4.35 -0.021650788076025
4.36 -0.014818322923324
4.37 -0.009464089294989
4.38 -0.004199990194208
4.39 0.002997066704905
4.4 0.013708080502786
4.41 0.024764150127899
4.42 0.031959826002279
4.43 0.034803393068593
4.44 0.03580519542552
4.45 0.036300429461211
4.46 0.038658208756773
4.47 0.039585970953965
4.48 0.036075976688032
4.49 0.020559291049541
4.5 -0.010024980199342
4.51 -0.043556154028996
4.52 -0.060405446598385
4.53 -0.063339470827058
4.54 -0.063800706467516
4.55 -0.057374892920629
4.56 -0.037850284382355
4.57 -0.002386913152869
4.58 0.04106634618959
4.59 0.06934783870118
4.6 0.081216918711
4.61 0.088853425026175
4.62 0.091466238573337
4.63 0.087758547753108
4.64 0.082856567794623
4.65 0.074094489573827
4.66 0.058818667189883
4.67 0.027006765721513
4.68 -0.026235852685164
4.69 -0.065939614925953
4.7 -0.079920481597206
4.71 -0.093877844850897
4.72 -0.107921928916433
4.73 -0.115819149826044
4.74 -0.122173639074753
4.75 -0.124320344772001
4.76 -0.119186749331138
4.77 -0.099366607890171
4.78 -0.0588453268463
4.79 -0.009967162916355
4.8 0.028348989155181
4.81 0.059906961161238
4.82 0.088318429689233
4.83 0.109485212762838
4.84 0.126164791330774
4.85 0.143964252431118
4.86 0.158837820265656
4.87 0.168598980773347
4.88 0.173831682901823
4.89 0.171413818972731
4.9 0.157653734486309
4.91 0.135547198551151
4.92 0.114592423977896
4.93 0.08976430921548
4.94 0.06114206870687
4.95 0.052560701072246
4.96 0.062714640853678
4.97 0.075527508063675
4.98 0.084831011999892
4.99 0.081218184378823
5.0 0.05544091842041
5.01 0.026784255882228
5.02 -0.001327707977389
5.03 -0.019593491245849
5.04 -0.023951457116671
5.05 -0.021563172792409
5.06 -0.022802798325257
5.07 -0.023320561929914
5.08 -0.029960782851867
5.09 -0.045313286769686
5.1 -0.062869732347499
5.11 -0.07382274475304
5.12 -0.076465454807322
5.13 -0.06283188705346
5.14 -0.041575996922633
5.15 -0.028225847918419
5.16 -0.032402235143724
5.17 -0.047089856090241
5.18 -0.064306335427289
5.19 -0.080560702465234
5.2 -0.088298361102507
5.21 -0.093003375193068
5.22 -0.120209742404538
5.23 -0.155261027221632
5.24 -0.181626807259528
5.25 -0.199866951558607
5.26 -0.213538292403018
5.27 -0.213880628480615
5.28 -0.200817421166404
5.29 -0.173784232155181
5.3 -0.149163771209466
5.31 -0.140977212866951
5.32 -0.140192950179728
5.33 -0.138580503383973
5.34 -0.13000251874834
5.35 -0.084167403316001
5.36 -0.008127970133195
5.37 0.037286545327351
5.38 0.042050220311552
5.39 0.058847095378682
5.4 0.079639235490917
5.41 0.087941159631727
5.42 0.103540219180395
5.43 0.118549537187944
5.44 0.128025727597513
5.45 0.138797361354572
5.46 0.143471851029469
5.47 0.143054949856405
5.48 0.140358234401625
5.49 0.124166791048236
5.5 0.082364985966261
5.51 0.029544097246197
5.52 -0.004955494632525
5.53 -0.014417683246079
5.54 -0.019456928696738
5.55 -0.028659344220306
5.56 -0.034037440347435
5.57 -0.026141179253672
5.58 0.005018507592915
5.59 0.039945961839442
5.6 0.067308132426723
5.61 0.08247121254935
5.62 0.082177267783549
5.63 0.053720306236709
5.64 -0.005691549046145
5.65 -0.060442058088819
5.66 -0.081383486164832
5.67 -0.08598835768865
5.68 -0.086868181186075
5.69 -0.089900226778703
5.7 -0.105060563715049
5.71 -0.114488765793273
5.72 -0.109415417770681
5.73 -0.113584167525818
5.74 -0.121987139367086
5.75 -0.122349526575241
5.76 -0.12813474294685
5.77 -0.126391034198692
5.78 -0.129705919973004
5.79 -0.135787292352752
5.8 -0.142841143945543
5.81 -0.154830894926635
5.82 -0.161921489168069
5.83 -0.168069832720855
5.84 -0.168195054992276
5.85 -0.163015308834781
5.86 -0.15037094766994
5.87 -0.110552213877821
5.88 -0.074472891490771
5.89 -0.078608013657936
5.9 -0.089719848542634
5.91 -0.088634733545069
5.92 -0.078192718025518
5.93 -0.05829600160933
5.94 -0.019750137792871
5.95 0.013017218679561
5.96 0.027226536010646
5.97 0.030945095495407
5.98 0.032452401621692
5.99 0.01270134097517
6.0 -0.041733612590128
6.01 -0.115566694061721
6.02 -0.147954342063606
6.03 -0.139752710170286
6.04 -0.128306131704348
6.05 -0.093245950308152
6.06 -0.026820242088175
6.07 0.023286510403466
6.08 0.053806951726201
6.09 0.084788592859072
6.1 0.11774218694185
6.11 0.133641636948793
6.12 0.145591368772653
6.13 0.186140866858058
6.14 0.24130761478554
6.15 0.277705910790074
6.16 0.289908427107483
6.17 0.307648771666551
6.18 0.326723990935232
6.19 0.340151381885131
6.2 0.351225339818081
6.21 0.360546228560382
6.22 0.365103296977083
6.23 0.357608354845362
6.24 0.351123547738599
6.25 0.343759188256687
6.26 0.336142229626848
6.27 0.302421872653263
6.28 0.170589909596848
6.29 0.02717993532465
6.3 -0.024582468449813
6.31 -0.017529737420311
6.32 -0.035779783597592
6.33 -0.07521323522415
6.34 -0.066679042935764
6.35 -0.082415553532605
6.36 -0.085705584701299
6.37 -0.087429382495012
6.38 -0.092470216424726
6.39 -0.093012206513045
6.4 -0.104923533957757
6.41 -0.078612219900049
6.42 -0.025810202845765
6.43 0.030254893433418
6.44 0.058531808042899
6.45 0.045072706917061
6.46 0.062319113005462
6.47 0.056833293925297
6.48 0.054593219854081
6.49 0.060494438615648
6.5 0.051179308126673
6.51 0.028162015188188
6.52 0.002822163731604
6.53 -0.015760395197167
6.54 -0.029924585735301
6.55 -0.056376752078667
6.56 -0.081010104435851
6.57 -0.10640874014614
6.58 -0.11744351481343
6.59 -0.116430636877534
6.6 -0.117618923058381
6.61 -0.103351485760475
6.62 -0.08241671028032
6.63 -0.091201135803269
6.64 -0.132781339238736
6.65 -0.167802071595458
6.66 -0.20823744276869
6.67 -0.244183296904834
6.68 -0.083923952272177
6.69 0.070550633373777
6.7 0.099888712198303
6.71 0.098888788845925
6.72 0.1220156906622
6.73 0.12340310039781
6.74 0.11096382014785
6.75 0.089257776273594
6.76 0.016701532281714
6.77 -0.047813552044773
6.78 -0.078789940383092
6.79 -0.078098802064864
6.8 -0.066201520371831
6.81 -0.047789459262342
6.82 -0.010409733354287
6.83 0.040097226285164
6.84 0.086584706375061
6.85 0.113819152146186
6.86 0.129695291801308
6.87 0.145214338037238
6.88 0.143582491759705
6.89 0.123921527017169
6.9 0.134500573814366
6.91 0.171758620583459
6.92 0.214103642439266
6.93 0.231384441381541
6.94 0.251832296454874
6.95 0.26744411568477
6.96 0.277958030862542
6.97 0.278058348216298
6.98 0.275113450288005
6.99 0.265686175761272
7.0 0.242393033245785
7.01 0.222219289487822
7.02 0.19283080796533
7.03 0.144395024898026
7.04 0.093273167205964
7.05 0.074813835901407
7.06 0.085629551146232
7.07 0.090496348538196
7.08 0.101217472111361
7.09 0.113643149574966
7.1 0.105421235182314
7.11 0.098731298884093
7.12 0.083450641227341
7.13 0.07796530493711
7.14 0.067623652957303
7.15 0.047757540422449
7.16 0.028979316368724
7.17 -0.017105158507408
7.18 -0.102409508896665
7.19 -0.174916940345177
7.2 -0.219398108758621
7.21 -0.258389401779002
7.22 -0.303775180933287
7.23 -0.351674634543378
7.24 -0.396988166177397
7.25 -0.444877438498166
7.26 -0.48274761373424
7.27 -0.515945537883346
7.28 -0.54923892058819
7.29 -0.585431857783587
7.3 -0.622462116408804
7.31 -0.657636499181714
7.32 -0.681125940343999
7.33 -0.685145737294491
7.34 -0.657117171759732
7.35 -0.60907625982559
7.36 -0.567838081077514
7.37 -0.469243159196555
7.38 -0.289156169663789
7.39 -0.120245888507449
7.4 -0.067931412312239
7.41 -0.064449949055236
7.42 -0.026605548260195
7.43 0.035449128032131
7.44 0.058278606407342
7.45 0.073007177677399
7.46 0.099349728809022
7.47 0.131198798864939
7.48 0.151729243743558
7.49 0.174267612794594
7.5 0.207206421769395
7.51 0.241095813977429
7.52 0.274370440542329
7.53 0.305197859167621
7.54 0.332318691416936
7.55 0.34805258534212
7.56 0.356118103092126
7.57 0.351544872707141
7.58 0.344966952405053
7.59 0.33098075757975
7.6 0.329038877597481
7.61 0.335355897764467
7.62 0.341695625757745
7.63 0.338828760196067
7.64 0.342373553190152
7.65 0.350808309279262
7.66 0.352853055269688
7.67 0.344058060443447
7.68 0.304870042353242
7.69 0.250775567046819
7.7 0.197678358239494
7.71 0.134733807752794
7.72 0.054867689606781
7.73 -0.003802030298466
7.74 -0.038948488265994
7.75 -0.059262866769974
7.76 -0.093140085321713
7.77 -0.135195273516606
7.78 -0.175076624688269
7.79 -0.206426748413092
7.8 -0.23591084147222
7.81 -0.262639830295676
7.82 -0.28207600550274
7.83 -0.293262215109674
7.84 -0.297526660955396
7.85 -0.29363866774146
7.86 -0.270358542398474
7.87 -0.223510755589537
7.88 -0.165193401162886
7.89 -0.124789279612957
7.9 -0.110025651201102
7.91 -0.113462197556549
7.92 -0.131184722288152
7.93 -0.147299288823891
7.94 -0.152740043048465
7.95 -0.139987614844081
7.96 -0.115611814591776
7.97 -0.099953178327836
7.98 -0.08324521248073
7.99 -0.056767140622845
8.0 -0.032138997838948
8.01 -0.04804208862308
8.02 -0.126997738523913
8.03 -0.223510680663454
8.04 -0.26958474367062
8.05 -0.286259198844901
8.06 -0.310180295992765
8.07 -0.31310021492875
8.08 -0.307232672506622
8.09 -0.294793798389162
8.1 -0.258941721630279
8.11 -0.220203327668416
8.12 -0.268765877118323
8.13 -0.334349678609907
8.14 -0.328104254239021
8.15 -0.346748884805539
8.16 -0.374977778188724
8.17 -0.393331620621601
8.18 -0.165612498040327
8.19 -0.00605561312142
8.2 0.008197843069166
8.21 0.050243234261175
8.22 0.075076877318374
8.23 0.115241933711249
8.24 0.139941090287787
8.25 0.1993102345371
8.26 0.230723763679161
8.27 0.273529552817645
8.28 0.32261018479504
8.29 0.3651772078915
8.3 0.408554605358953
8.31 0.442547139050547
8.32 0.483363711453544
8.33 0.5075957926121
8.34 0.531952651142663
8.35 0.542879693571022
8.36 0.5631111163769
8.37 0.55889502105308
8.38 0.55844419837499
8.39 0.54959383273864
8.4 0.537982566303535
8.41 0.529167919444055
8.42 0.522952075543328
8.43 0.527385366586958
8.44 0.516988964596766
8.45 0.507226215375537
8.46 0.511534238926323
8.47 0.492187948664615
8.48 0.466388389473334
8.49 0.39858148714957
8.5 0.308741183018008
8.51 0.18839348098303
8.52 0.092144489756187
8.53 0.04096042515135
8.54 0.015531664774042
8.55 -0.015901547169107
8.56 -0.075397288639857
8.57 -0.133599877089029
8.58 -0.18284077460271
8.59 -0.216653675442425
8.6 -0.261734211005264
8.61 -0.306381724783741
8.62 -0.348337792025641
8.63 -0.37344055724681
8.64 -0.398439283048192
8.65 -0.418195511727077
8.66 -0.439156127305418
8.67 -0.450991501121091
8.68 -0.463889437409257
8.69 -0.474823757301439
8.7 -0.492596452912699
8.71 -0.508410789159858
8.72 -0.525634134797812
8.73 -0.538608356745916
8.74 -0.550725293130619
8.75 -0.55592032789311
8.76 -0.557300555872385
8.77 -0.545226167067352
8.78 -0.521043541937465
8.79 -0.473534396651188
8.8 -0.403652439800988
8.81 -0.334401373909392
8.82 -0.2627534840788
8.83 -0.190006719574947
8.84 -0.118652717215303
8.85 -0.048598967362696
8.86 0.005103816205555
8.87 0.047501981940332
8.88 0.076747594627311
8.89 0.110929948450649
8.9 0.146787153861508
8.91 0.186165000036916
8.92 0.217478377962047
8.93 0.244094187362458
8.94 0.264490659925763
8.95 0.284090835308598
8.96 0.297117025255169
8.97 0.303262132893405
8.98 0.299120683642559
8.99 0.290165107844224
9.0 0.270192174408591
9.01 0.238820425896374
9.02 0.216356625443332
9.03 0.199621203100263
9.04 0.201718674943516
9.05 0.225306478962435
9.06 0.257635765463867
9.07 0.28437369971623
9.08 0.297826358733895
9.09 0.295714423187329
9.1 0.281795986834468
9.11 0.256551593430022
9.12 0.266060772322961
9.13 0.296669153111022
9.14 0.303985960963799
9.15 0.284747472333338
9.16 0.245236820000369
9.17 0.230300987591498
9.18 0.231933574905464
9.19 0.243544899068759
9.2 0.24720808121412
9.21 0.22933546116962
9.22 0.187595768027328
9.23 0.09720163902756
9.24 0.004126065999222
9.25 -0.033503891519716
9.26 -0.04167986611896
9.27 -0.061135976886062
9.28 -0.112526254693358
9.29 -0.151212533588973
9.3 -0.180961809531752
9.31 -0.210855192447884
9.32 -0.250453729904106
9.33 -0.285584557762155
9.34 -0.317597648235651
9.35 -0.35181722875014
9.36 -0.379737163274532
9.37 -0.40017393735507
9.38 -0.409532253411393
9.39 -0.413460691284782
9.4 -0.398390264205415
9.41 -0.365394282669573
9.42 -0.302260337271442
9.43 -0.229966617334058
9.44 -0.174998981333108
9.45 -0.159569199040793
9.46 -0.174115206271209
9.47 -0.203709330485213
9.48 -0.242422340731428
9.49 -0.293284742836888
9.5 -0.343888250814663
9.51 -0.378251977328506
9.52 -0.396415490111726
9.53 -0.403854107214668
9.54 -0.393858851252
9.55 -0.355446972293302
9.56 -0.305406850262664
9.57 -0.316419942075465
9.58 -0.344024455311196
9.59 -0.236952544154174
9.6 -0.079317371761595
9.61 -0.003924174115977
9.62 0.006768912596607
9.63 0.040249489728233
9.64 0.076440961096924
9.65 0.112697465836777
9.66 0.160226368930604
9.67 0.203487430018107
9.68 0.244915464096497
9.69 0.292866776648461
9.7 0.338017014761624
9.71 0.381855498180936
9.72 0.426977563478416
9.73 0.468983514903429
9.74 0.508412448283271
9.75 0.546448943905653
9.76 0.579260486435898
9.77 0.60166604320681
9.78 0.61438489528222
9.79 0.61966669449327
9.8 0.614077458925031
9.81 0.600908729478199
9.82 0.565679792237098
9.83 0.507789603627921
9.84 0.433229066833866
9.85 0.325497166158712
9.86 0.220929646317367
9.87 0.136750290611708
9.88 0.095180187211835
9.89 0.069956781527562
9.9 0.045704599911146
9.91 0.011647214787459
9.92 -0.019755582809132
9.93 -0.040686587199348
9.94 -0.057251164117646
9.95 -0.067295792262337
9.96 -0.072496655884741
9.97 -0.072010645759913
9.98 -0.079253541784791
9.99 -0.090652031793247
10.0 -0.104241197361858
10.01 -0.121056133982785
10.02 -0.13966868100323
10.03 -0.163521201954731
10.04 -0.193060222502029
10.05 -0.229338496543149
10.06 -0.263031260082287
10.07 -0.290300063125443
10.08 -0.310484596295565
10.09 -0.328916688037505
10.1 -0.342737695350887
10.11 -0.349071631857468
10.12 -0.337074849134581
10.13 -0.293550277963001
10.14 -0.21004960864251
10.15 -0.120116833828485
10.16 -0.072582414687634
10.17 -0.063689081862385
10.18 -0.070401772387198
10.19 -0.07276338767464
10.2 -0.079769138888094
10.21 -0.101510918005695
10.22 -0.114682234949893
10.23 -0.105866649846327
10.24 -0.049649011672023
10.25 0.005129096577667
10.26 0.043731095803129
10.27 0.113503173620978
10.28 0.164450114362481
10.29 0.172886322942284
10.3 0.194001167076404
10.31 0.237422576513466
10.32 0.261343327242495
10.33 0.287480247767156
10.34 0.308939051637144
10.35 0.33555342869146
10.36 0.352415345560435
10.37 0.364443736941909
10.38 0.357455102596727
10.39 0.249153030366939
10.4 0.022427879038579
10.41 -0.114689428339614
10.42 -0.094413730942164
10.43 -0.138206771378948
10.44 -0.175987539825705
10.45 -0.175242257581295
10.46 -0.198834546178359
10.47 -0.20980207979257
10.48 -0.223916024482352
10.49 -0.194766879295378
10.5 -0.146201305692894
10.51 -0.055879125317738
10.52 0.032984432621568
10.53 0.055345270371132
10.54 0.099433128887066
10.55 0.121910914746798
10.56 0.148238564648769
10.57 0.156057069692641
10.58 0.153401510417163
10.59 0.146005075238539
10.6 0.135686907740818
10.61 0.145121925352406
10.62 0.100111045434541
10.63 0.020359079752992
10.64 -0.040001140099546
10.65 -0.080564990135295
10.66 -0.123209098283507
10.67 -0.151805922666079
10.68 -0.166133219431096
10.69 -0.186289160625635
10.7 -0.205371891533996
10.71 -0.220509664605505
10.72 -0.226957427751958
10.73 -0.218266835872654
10.74 -0.200177423845218
10.75 -0.214273259661056
10.76 -0.241812885514176
10.77 -0.286607496617766
10.78 -0.308880654056145
10.79 -0.160297838631769
10.8 -0.006841249267813
10.81 0.040395324411694
10.82 0.024486288479065
10.83 0.033606423439919
10.84 0.020488809665904
10.85 -0.017877130114265
10.86 -0.068796443758316
10.87 -0.090296496908347
10.88 -0.119092474667456
10.89 -0.140750801613712
10.9 -0.186565790073114
10.91 -0.210847037951764
10.92 -0.228663258934976
10.93 -0.248430971594019
10.94 -0.252308801486096
10.95 -0.259626873939683
10.96 -0.254322599979528
10.97 -0.25231916950833
10.98 -0.218194176482296
10.99 -0.158896117131511
11.0 -0.092958204259954
11.01 -0.010942443023779
11.02 0.038226615542228
11.03 0.063383048307269
11.04 0.080382339302187
11.05 0.109529613313998
11.06 0.133527576218939
11.07 0.157036113837958
11.08 0.183107540991334
11.09 0.195782529026457
11.1 0.214415411398627
11.11 0.229681335739228
11.12 0.246630165660579
11.13 0.25525321235676
11.14 0.273351965095273
11.15 0.283708944924449
11.16 0.293347962288714
11.17 0.298615604172154
11.18 0.304787899578834
11.19 0.307530853068061
11.2 0.310990255005832
11.21 0.317420111426077
11.22 0.324525578361005
11.23 0.335210270938426
11.24 0.344820195994651
11.25 0.357966463972505
11.26 0.368371814283173
11.27 0.378973911449324
11.28 0.382235208081046
11.29 0.384492114850146
11.3 0.383609892058479
11.31 0.377643848795387
11.32 0.348927234795541
11.33 0.294199075191505
11.34 0.261524491173652
11.35 0.244369627601631
11.36 0.201700073539476
11.37 0.124376418851936
11.38 0.060346050022496
11.39 0.017095767871549
11.4 -0.012584124653568
11.41 -0.032177751051118
11.42 -0.061584161074879
11.43 -0.098427115215806
11.44 -0.138121277785685
11.45 -0.168349671564494
11.46 -0.200558114349972
11.47 -0.23548957958281
11.48 -0.273678872562614
11.49 -0.30941458643888
11.5 -0.342730969433473
11.51 -0.376521785202401
11.52 -0.403783974064007
11.53 -0.426740209847933
11.54 -0.439520525555875
11.55 -0.4487292928364
11.56 -0.44898902854583
11.57 -0.442448421574377
11.58 -0.424574405486785
11.59 -0.380975718737792
11.6 -0.333897168300874
11.61 -0.308249313290812
11.62 -0.294354077132946
11.63 -0.267056726447474
11.64 -0.222229527973271
11.65 -0.171852386394031
11.66 -0.136406025011912
11.67 -0.111208826690115
11.68 -0.086473252051254
11.69 -0.058405640202262
11.7 -0.030402683720389
11.71 -0.007736231715922
11.72 0.006912079755033
11.73 0.013324212032103
11.74 0.018810940318301
11.75 0.023991291697957
11.76 0.029126963958634
11.77 0.033930786803738
11.78 0.04407481797812
11.79 0.062565724588761
11.8 0.089383146616911
11.81 0.118862936721351
11.82 0.145181775142702
11.83 0.165576332257393
11.84 0.182798134828923
11.85 0.201711516961922
11.86 0.22486315372661
11.87 0.253197957916863
11.88 0.28416572778553
11.89 0.315202068048227
11.9 0.343695322176211
11.91 0.369539804722623
11.92 0.391472972874483
11.93 0.409267823043144
11.94 0.421745589992707
11.95 0.429086041682145
11.96 0.430084254566382
11.97 0.427752091122303
11.98 0.422547297497059
11.99 0.417387485798727
12.0 0.409218667401988
12.01 0.387004464005301
12.02 0.365290830232467
12.03 0.344477692601759
12.04 0.321486470210403
12.05 0.283352126335581
12.06 0.204970241565948
12.07 0.111744432305528
12.08 0.050854287747222
12.09 0.037278471222671
12.1 0.025413576238806
12.11 -0.007028582931953
12.12 -0.043301413609037
12.13 -0.064366041117309
12.14 -0.086020309514154
12.15 -0.119451265419771
12.16 -0.150642128515832
12.17 -0.175754194407994
12.18 -0.201515195904009
12.19 -0.232002290786985
12.2 -0.258034202912494
12.21 -0.281239811575871
12.22 -0.302713682932188
12.23 -0.323583955149431
12.24 -0.338520519228073
12.25 -0.350319467140909
12.26 -0.359215500782784
12.27 -0.366102242962902
12.28 -0.369052155762792
12.29 -0.37082871255906
12.3 -0.371634605240348
12.31 -0.371351944200587
12.32 -0.368852206623892
12.33 -0.364659912390399
12.34 -0.357562392881305
12.35 -0.325850164531484
12.36 -0.299644477958998
12.37 -0.273940247705655
12.38 -0.26171397872435
12.39 -0.25793934140187
12.4 -0.257788440522759
12.41 -0.25843206386685
12.42 -0.251043436613342
12.43 -0.240887235468048
12.44 -0.2248685273503
12.45 -0.212589803512668
12.46 -0.202010482619715
12.47 -0.183212166073339
12.48 -0.15442470765616
12.49 -0.11935611013825
12.5 -0.093270965053381
12.51 -0.070095067456897
12.52 -0.059637458560054
12.53 -0.045536797754023
12.54 -0.028722614017478
12.55 -0.005337219015436
12.56 0.018250402596846
12.57 0.040481731208812
12.58 0.061518100745225
12.59 0.08013595894354
12.6 0.101136697116246
12.61 0.118759891641649
12.62 0.135662945891339
12.63 0.147698243866854
12.64 0.161414156397411
12.65 0.175022687222053
12.66 0.191192881535263
12.67 0.20627710442828
12.68 0.223358482578417
12.69 0.24339845013326
12.7 0.265861277673423
12.71 0.288500042903005
12.72 0.308301172813999
12.73 0.325162803437564
12.74 0.336428103124422
12.75 0.344540548031281
12.76 0.347533100467286
12.77 0.349405226785355
12.78 0.346868545264685
12.79 0.343898882343392
12.8 0.332270467725556
12.81 0.298001925294206
12.82 0.241190567612661
12.83 0.167038598059192
12.84 0.088639183604795
12.85 0.020407527308368
12.86 -0.017838924529669
12.87 -0.03112675546119
12.88 -0.046395944925816
12.89 -0.073010080390258
12.9 -0.099514717259898
12.91 -0.112458003176887
12.92 -0.122287195468636
12.93 -0.133580549069698
12.94 -0.143053343400807
12.95 -0.145594294460236
12.96 -0.14645931638817
12.97 -0.146933347587431
12.98 -0.141276733373265
12.99 -0.129300323392551
13.0 -0.111478840730163
13.01 -0.096739137267595
13.02 -0.094434964661791
13.03 -0.107284325931027
13.04 -0.125256282777088
13.05 -0.142087989456267
13.06 -0.14979719487815
13.07 -0.148198464155792
13.08 -0.14302373933778
13.09 -0.133449370416573
13.1 -0.132033744111792
13.11 -0.142572710163342
13.12 -0.133880762263151
13.13 -0.126331934566544
13.14 -0.128584771907371
13.15 -0.135300734879634
13.16 -0.140277505367784
13.17 -0.149348053118261
13.18 -0.140063930646802
13.19 -0.143940827651548
13.2 -0.151381431653588
13.21 -0.14873945855143
13.22 -0.045578609007488
13.23 0.004440810446726
13.24 0.01407144828782
13.25 0.022851468837918
13.26 0.045554188419857
13.27 0.042127468196983
13.28 0.05703635314154
13.29 0.052568504484697
13.3 0.054479041157662
13.31 0.055540509093863
13.32 0.046458842499613
13.33 0.037734023099298
13.34 0.017440594415441
13.35 -0.00749800482679
13.36 -0.015603095344526
13.37 -0.00766114979299
13.38 0.011425335176586
13.39 0.02941306363925
13.4 0.043825340483347
13.41 0.05657453186182
13.42 0.055895705179409
13.43 0.057286920586689
13.44 0.055946101161109
13.45 0.053181370604271
13.46 0.049810115918229
13.47 0.04532702679114
13.48 0.056942147984115
13.49 0.066754837606741
13.5 0.068579838985282
13.51 0.078642715129641
13.52 0.091349850362711
13.53 0.108711429819102
13.54 0.12283559449739
13.55 0.134669879928665
13.56 0.139881127182685
13.57 0.131591119142252
13.58 0.053820821392861
13.59 -0.044713905597863
13.6 -0.065421035177244
13.61 -0.060116719381524
13.62 -0.076733743752356
13.63 -0.085921500496831
13.64 -0.088414220426986
13.65 -0.102679487586702
13.66 -0.104061259741501
13.67 -0.112989726169529
13.68 -0.124720883378884
13.69 -0.127546070140806
13.7 -0.137068195604558
13.71 -0.140228014713468
13.72 -0.142030459114488
13.73 -0.145111727101857
13.74 -0.146632743042782
13.75 -0.149536912786417
13.76 -0.150189257498855
13.77 -0.150024761955927
13.78 -0.14343547461124
13.79 -0.121089067206807
13.8 -0.074720016035404
13.81 -0.0307047588004
13.82 -0.013774177164844
13.83 -0.004725843145503
13.84 0.005888023734322
13.85 0.013351074441524
13.86 0.021713417653359
13.87 0.029511185083729
13.88 0.037149425286257
13.89 0.043844994242831
13.9 0.053535599934683
13.91 0.065135269024665
13.92 0.078926504137935
13.93 0.088062481590119
13.94 0.090276647325227
13.95 0.093351794213588
13.96 0.101977029106697
13.97 0.113290863272225
13.98 0.120179605960386
13.99 0.12543527756637
14.0 0.131569893414379
14.01 0.137834483410991
14.02 0.142439608904801
14.03 0.144491283566498
14.04 0.145162216606344
14.05 0.144093927115025
14.06 0.138683274983018
14.07 0.126246330903983
14.08 0.108998846344468
14.09 0.095039315167678
14.1 0.085772331906589
14.11 0.07731173557443
14.12 0.067081828518692
14.13 0.0549584800701
14.14 0.043728151608042
14.15 0.035001442465245
14.16 0.028417166270968
14.17 0.022932186822557
14.18 0.017202541738391
14.19 0.010337462577319
14.2 0.002050590655535
14.21 -0.005030884789412
14.22 -0.009317212320518
14.23 -0.011429540167485
14.24 -0.010344953020386
14.25 -0.006377080765535
14.26 -0.001965658521975
14.27 0.000616511221071
14.28 0.002121903069077
14.29 0.00416326576606
14.3 0.008526904952149
14.31 0.012990937146532
14.32 0.013820023593305
14.33 0.00846324378027
14.34 -0.0053285730083
14.35 -0.021767439097353
14.36 -0.03155584399033
14.37 -0.032837092528292
14.38 -0.037072783300159
14.39 -0.060340779736592
14.4 -0.087932171564324
14.41 -0.100136984298951
14.42 -0.106736412804148
14.43 -0.11777826362952
14.44 -0.12488010129711
14.45 -0.128446097531472
14.46 -0.131630068860247
14.47 -0.12917918863167
14.48 -0.122463292920577
14.49 -0.108474124374707
14.5 -0.090212732036576
14.51 -0.077853512445751
14.52 -0.074049749489622
14.53 -0.081802392504215
14.54 -0.093915165366538
14.55 -0.108682057283873
14.56 -0.120409936672417
14.57 -0.13116309638019
14.58 -0.132877125026291
14.59 -0.13013552837926
14.6 -0.120195667262041
14.61 -0.104424575293985
14.62 -0.092520187027942
14.63 -0.097787441202595
14.64 -0.106043131143371
14.65 -0.11259630366237
14.66 -0.120863838700095
14.67 -0.126477755593408
14.68 -0.128670948962357
14.69 -0.124382921021225
14.7 -0.117441206250806
14.71 -0.117551666133599
14.72 -0.098910833421139
14.73 -0.035804328382322
14.74 -0.008432992507304
14.75 -0.004113719806672
14.76 0.005542271995483
14.77 0.014368580747355
14.78 0.019499944395238
14.79 0.030287024186522
14.8 0.03587493306073
14.81 0.044907886682911
14.82 0.053744168420147
14.83 0.060566572899565
14.84 0.070654167932667
14.85 0.076496724234708
14.86 0.085886232875309
14.87 0.096845939131622
14.88 0.109524514323279
14.89 0.124545711452749
14.9 0.136454571159819
14.91 0.148847048769672
14.92 0.157120798234725
14.93 0.164620872974772
14.94 0.167364629149942
14.95 0.167273837519961
14.96 0.16345186928355
14.97 0.156482633500875
14.98 0.150491146761192
14.99 0.141499612400137
15.0 0.128898072828582
15.01 0.113048835781494
15.02 0.096701533790313
15.03 0.087773738908052
15.04 0.085717079951407
15.05 0.088451080896573
15.06 0.091005824128127
15.07 0.08861533910553
15.08 0.079996961147042
15.09 0.06687127977049
15.1 0.051686118201677
15.11 0.036534989613223
15.12 0.025842913977588
15.13 0.018916633820338
15.14 0.01520732281644
15.15 0.013311238977221
15.16 0.01015904242556
15.17 0.003294115585845
15.18 -0.007008643510199
15.19 -0.020826923184262
15.2 -0.036278514426832
15.21 -0.051021952047636
15.22 -0.064000440792303
15.23 -0.076768809099784
15.24 -0.088880640305438
15.25 -0.100290676491959
15.26 -0.110404922828746
15.27 -0.118129214105815
15.28 -0.123431756334827
15.29 -0.126311942114982
15.3 -0.125562184495871
15.31 -0.118466517158468
15.32 -0.101041952813074
15.33 -0.073632641851489
15.34 -0.04468349041857
15.35 -0.027334626414796
15.36 -0.023062146470066
15.37 -0.024873203856388
15.38 -0.027893335678805
15.39 -0.029405561854077
15.4 -0.027257476100654
15.41 -0.023934872298331
15.42 -0.019819710239737
15.43 -0.012021739319252
15.44 -0.002481338052519
15.45 0.00536363180345
15.46 0.010313818895392
15.47 0.016760972606786
15.48 0.022476115545517
15.49 0.028041645397728
15.5 0.032305114401874
15.51 0.038878122928863
15.52 0.046588357698322
15.53 0.05161631438782
15.54 0.050485643861831
15.55 0.047921177737799
15.56 0.053369570080428
15.57 0.061592854621784
15.58 0.072620454570823
15.59 0.085732898204186
15.6 0.099742251228849
15.61 0.114867236782166
15.62 0.127326636808934
15.63 0.142236036193096
15.64 0.155955747286153
15.65 0.169801426548686
15.66 0.181756867392049
15.67 0.191569827685293
15.68 0.199963484313125
15.69 0.206246672579682
15.7 0.211206937388642
15.71 0.214103697464739
15.72 0.2133490879954
15.73 0.210255187328216
15.74 0.204946101278644
15.75 0.200844556716859
15.76 0.170492318268121
15.77 0.068044751298211
15.78 -0.020074775875188
15.79 -0.026344528529611
15.8 -0.037877622576945
15.81 -0.066320481507285
15.82 -0.080425508345674
15.83 -0.093254466553423
15.84 -0.116979456652335
15.85 -0.134278003545312
15.86 -0.137611094265135
15.87 -0.156641580740834
15.88 -0.16074424556307
15.89 -0.162994589731094
15.9 -0.16047078782582
15.91 -0.148517922615146
15.92 -0.129442037768523
15.93 -0.104083713136381
15.94 -0.093236237765811
15.95 -0.089794445764068
15.96 -0.090392953614081
15.97 -0.100128879793474
15.98 -0.108772432819503
15.99 -0.12594426272942
16.0 -0.137735222991979
16.01 -0.146975244211852
16.02 -0.155943383884072
16.03 -0.15309849204129
16.04 -0.141130506447579
16.05 -0.122368807115956
16.06 -0.118882638936468
16.07 -0.117443588419669
16.08 -0.073682803849338
16.09 -0.035112684230747
16.1 -0.021571852531278
16.11 -0.011445945974837
16.12 -0.000841004863408
16.13 0.009664092560438
16.14 0.019102115530582
16.15 0.023757985009175
16.16 0.026873783828631
16.17 0.032759602621914
16.18 0.039156546910528
16.19 0.038861908952314
16.2 0.033936806517248
16.21 0.027017597973093
16.22 0.025510699419953
16.23 0.030216788252471
16.24 0.038194020891267
16.25 0.046259693572568
16.26 0.048658824729674
16.27 0.057497672933733
16.28 0.062284270235698
16.29 0.06320470306796
16.3 0.062254789211817
16.31 0.065074629204781
16.32 0.074954501251636
16.33 0.088935917090837
16.34 0.107133360796077
16.35 0.123830488612878
16.36 0.141460289906122
16.37 0.157290203746292
16.38 0.170600623355108
16.39 0.18216760683586
16.4 0.19148228714282
16.41 0.201143711811473
16.42 0.208792000011122
16.43 0.21483907039533
16.44 0.217106673265783
16.45 0.212320506521014
16.46 0.196471273953006
16.47 0.162358098603376
16.48 0.123073420416155
16.49 0.083400762906654
16.5 0.038003474384561
16.51 0.004554948969626
16.52 -0.006229792022832
16.53 -0.015676962673948
16.54 -0.033471266680813
16.55 -0.045595827584319
16.56 -0.055191084280002
16.57 -0.069362679719486
16.58 -0.078669802602071
16.59 -0.086174799194307
16.6 -0.094088975178441
16.61 -0.098604548201197
16.62 -0.099818839549586
16.63 -0.100199997644237
16.64 -0.094228990085961
16.65 -0.086254221236964
16.66 -0.078290123264117
16.67 -0.077961354277191
16.68 -0.082961584933289
16.69 -0.091724069166117
16.7 -0.101380410391307
16.71 -0.105433041331001
16.72 -0.10454780396828
16.73 -0.106266574289815
16.74 -0.118906398034895
16.75 -0.135755387091496
16.76 -0.146195407826697
16.77 -0.15760951195687
16.78 -0.169680621394809
16.79 -0.178096902756242
16.8 -0.184388101702697
16.81 -0.189983819040393
16.82 -0.192347170909312
16.83 -0.19196355334023
16.84 -0.170654260944803
16.85 -0.071916675816304
16.86 0.007784739417971
16.87 0.009160464723938
16.88 0.022058913716675
16.89 0.04118320189339
16.9 0.040922091362362
16.91 0.056567469406524
16.92 0.062613104639366
16.93 0.067283512204357
16.94 0.06946683137117
16.95 0.070034075701014
16.96 0.063962413015763
16.97 0.043300288371042
16.98 0.007264239137541
16.99 -0.023751893317878
17.0 -0.022153856972129
17.01 -0.004508806243741
17.02 0.011429316240471
17.03 0.024256462978443
17.04 0.032518190704708
17.05 0.04443250319621
17.06 0.057237149502177
17.07 0.070922165042238
17.08 0.082028633321826
17.09 0.084740365690398
17.1 0.075767970693945
17.11 0.061244101117312
17.12 0.068799357840544
17.13 0.092866540869906
17.14 0.107706762076168
17.15 0.114232248403844
17.16 0.118815698246765
17.17 0.124930315843495
17.18 0.136152452315163
17.19 0.144346935054823
17.2 0.155903653269605
17.21 0.163795914003615
17.22 0.141895168841126
17.23 0.047518390071814
17.24 -0.017154331500965
17.25 -0.0178622325928
17.26 -0.027606287555562
17.27 -0.041435488676578
17.28 -0.042442178312449
17.29 -0.053965725095816
17.3 -0.056189583339643
17.31 -0.064476819193288
17.32 -0.070296801931753
17.33 -0.078161977020673
17.34 -0.085357567695919
17.35 -0.089813077463035
17.36 -0.096990173116348
17.37 -0.106526833705642
17.38 -0.123005594621257
17.39 -0.141265929697678
17.4 -0.160136800555436
17.41 -0.174755279350756
17.42 -0.187220547493772
17.43 -0.194608848697656
17.44 -0.195846790152146
17.45 -0.190962575168064
17.46 -0.17878167067266
17.47 -0.168572818471291
17.48 -0.16335057756053
17.49 -0.159797337339163
17.5 -0.150549278613611
17.51 -0.140906240072176
17.52 -0.132527429671434
17.53 -0.109947024200618
17.54 -0.059900236056631
17.55 0.001578808987098
17.56 0.03660692021264
17.57 0.045316222320831
17.58 0.061320255134679
17.59 0.085615982442602
17.6 0.102600441860624
17.61 0.117771250820863
17.62 0.137581759216222
17.63 0.153181135202996
17.64 0.163958174096689
17.65 0.174020043217954
17.66 0.181107748266185
17.67 0.183720597888002
17.68 0.183760717748778
17.69 0.180801760662702
17.7 0.171361762688599
17.71 0.153270758245292
17.72 0.125035637913188
17.73 0.093685166960186
17.74 0.065586224818924
17.75 0.042924373613528
17.76 0.027330167437496
17.77 0.018732245529646
17.78 0.016678656039404
17.79 0.01819140882713
17.8 0.026844578242192
17.81 0.041654779963471
17.82 0.0599500445382
17.83 0.080201377201022
17.84 0.093200839305656
17.85 0.098200693375473
17.86 0.08618448343849
17.87 0.051457022211009
17.88 0.006039230284191
17.89 -0.02480100716604
17.9 -0.034145020906408
17.91 -0.033859592699742
17.92 -0.043340878958689
17.93 -0.068919555493045
17.94 -0.084759103506051
17.95 -0.084070889198664
17.96 -0.086529219813853
17.97 -0.083693956985993
17.98 -0.070697659980983
17.99 -0.041136764275371
18.0 0.014939219300571
18.01 0.069184408610347
18.02 0.085151017432059
18.03 0.084313233511263
18.04 0.086056369125882
18.05 0.086382966289391
18.06 0.074232296622822
18.07 0.060020093781151
18.08 0.03531853759506
18.09 0.005902358976715
18.1 -0.023310386539968
18.11 -0.042826296455881
18.12 -0.0483543347815
18.13 -0.044801558241365
18.14 -0.04675773899583
18.15 -0.063626233731199
18.16 -0.084839972246691
18.17 -0.09085368947562
18.18 -0.085603004125781
18.19 -0.059845483285627
18.2 -0.000144174223104
18.21 0.046710362519201
18.22 0.07646558043827
18.23 0.099627552602673
18.24 0.111633834827271
18.25 0.120348153162574
18.26 0.13373936995939
18.27 0.142409293429989
18.28 0.150404649104902
18.29 0.155925621773335
18.3 0.151903071052218
18.31 0.129897878888526
18.32 0.069320272099818
18.33 0.000233653561611
18.34 -0.037561773095553
18.35 -0.052011089645446
18.36 -0.06783957892493
18.37 -0.084560812928477
18.38 -0.096359774699082
18.39 -0.10875339791194
18.4 -0.1174655909051
18.41 -0.122220453488357
18.42 -0.123051911782994
18.43 -0.118830085175504
18.44 -0.101665112503161
18.45 -0.068439445526265
18.46 -0.028357264259162
18.47 -0.003487800242041
18.48 0.007211182562853
18.49 0.013859960100309
18.5 0.01713854921296
18.51 0.020307109382205
18.52 0.024650563284225
18.53 0.026522350667866
18.54 0.01063016702335
18.55 -0.018105506922906
18.56 -0.040687975176533
18.57 -0.055625891947473
18.58 -0.068585010264993
18.59 -0.079370788632089
18.6 -0.085611291623057
18.61 -0.092035182663718
18.62 -0.101564215436612
18.63 -0.112111767814713
18.64 -0.120088023728213
18.65 -0.116943939580472
18.66 -0.083900648309502
18.67 -0.038382846350562
18.68 -0.00627796179139
18.69 0.015864020123923
18.7 0.029795767328635
18.71 0.030653089513811
18.72 0.035108062569513
18.73 0.036925127034475
18.74 0.029939840081307
18.75 0.017525993227212
18.76 0.002417953148079
18.77 -0.013429365405681
18.78 -0.024417189091395
18.79 -0.03477170125096
18.8 -0.035243775800659
18.81 -0.034942916582882
18.82 -0.030483022388924
18.83 -0.020217461241519
18.84 -0.012268428260244
18.85 -0.011572337095115
18.86 -0.008919759578316
18.87 -0.001105062896212
18.88 0.01042426897149
18.89 0.018828269080756
18.9 0.027352479468704
18.91 0.034556107099453
18.92 0.041653667775095
18.93 0.042180805519586
18.94 0.038834580863138
18.95 0.043672196869399
18.96 0.063046374637872
18.97 0.08780851289065
18.98 0.089981901618275
18.99 0.074845357225394
19.0 0.063215908828709
19.01 0.056720003084164
19.02 0.046356480155799
19.03 0.045451640852714
19.04 0.048140535819497
19.05 0.046624192332423
19.06 0.040668195266576
19.07 0.022799221457838
19.08 -0.009742800557612
19.09 -0.047130336263904
19.1 -0.06606672630777
19.11 -0.072872400833834
19.12 -0.081698388014243
19.13 -0.094559707343539
19.14 -0.10574262821693
19.15 -0.115052466584316
19.16 -0.124987629506522
19.17 -0.131498641676995
19.18 -0.130904641181592
19.19 -0.125064363660481
19.2 -0.118485549492688
19.21 -0.117756966009124
19.22 -0.117365207191841
19.23 -0.117292944275995
19.24 -0.113266239390521
19.25 -0.095835746286049
19.26 -0.065094749242573
19.27 -0.024655107047154
19.28 0.017601241400671
19.29 0.043549573521097
19.3 0.051390013729418
19.31 0.053857881761251
19.32 0.058677611261196
19.33 0.060602910238769
19.34 0.059607722170617
19.35 0.05909121930605
19.36 0.055133908878292
19.37 0.051098650798627
19.38 0.0504115763972
19.39 0.050908323315862
19.4 0.052643544217898
19.41 0.056260722764984
19.42 0.061658112666257
19.43 0.064783082982697
19.44 0.068877019925664
19.45 0.083357492888824
19.46 0.100669881861877
19.47 0.113609289837639
19.48 0.123198667371026
19.49 0.130979090208196
19.5 0.133859259525202
19.51 0.134306782981282
19.52 0.131477416394333
19.53 0.125153942119629
19.54 0.117586736039902
19.55 0.107294104605767
19.56 0.096430744843979
19.57 0.084169061873515
19.58 0.06644171638223
19.59 0.039493770206174
19.6 0.018964904103826
19.61 0.015608833572631
19.62 0.016322223004858
19.63 0.015970105163005
19.64 0.015646363220861
19.65 0.014003728947192
19.66 0.017484370149483
19.67 0.029136212852711
19.68 0.045237951007982
19.69 0.063723814810681
19.7 0.080777690430408
19.71 0.096844795949263
19.72 0.105061625060974
19.73 0.104852332772452
19.74 0.096790886250223
19.75 0.086730711766258
19.76 0.071128070776423
19.77 0.040358145172129
19.78 0.001886039795178
19.79 -0.027280638575969
19.8 -0.046025890836865
19.81 -0.060726428901037
19.82 -0.071915085206908
19.83 -0.080282174020176
19.84 -0.102821540528731
19.85 -0.136123705298227
19.86 -0.158893363274758
19.87 -0.1656873930005
19.88 -0.174078883004874
19.89 -0.184019658790808
19.9 -0.185400148785049
19.91 -0.182651984681977
19.92 -0.173344225760187
19.93 -0.15231668630488
19.94 -0.113342874268358
19.95 -0.057139647002687
19.96 -0.010832934186405
19.97 0.001087609013353
19.98 -0.003660804739755
19.99 -0.003010200322862
20.0 -0.008448036215262
20.01 -0.018057131715392
20.02 -0.023466450596308
20.03 -0.029141714997672
20.04 -0.032907766606207
20.05 -0.038432675123085
20.06 -0.04851033429411
20.07 -0.061274905270992
20.08 -0.073518698549782
20.09 -0.086362977026112
20.1 -0.095169893797715
20.11 -0.087603330319362
20.12 -0.054654709094235
20.13 -0.018534382642476
20.14 0.003073575802133
20.15 0.018880397090303
20.16 0.030909185012501
20.17 0.035923729429137
20.18 0.038020753647975
20.19 0.041271627459211
20.2 0.055726280750191
20.21 0.086022220277933
20.22 0.111918680784474
20.23 0.117248171162597
20.24 0.120010236628648
20.25 0.126330482702697
20.26 0.12541019650397
20.27 0.115737600264781
20.28 0.088636094132625
20.29 0.044725083933532
20.3 -0.004622257816012
20.31 -0.026127088701307
20.32 -0.032314545936009
20.33 -0.037647395689438
20.34 -0.041778358438037
20.35 -0.035746439911602
20.36 -0.02664391639927
20.37 -0.014960293196857
20.38 -0.000955507673388
20.39 0.002939786215025
20.4 0.003604569807989
20.41 -0.000937986725724
20.42 -0.000379587456091
20.43 8.1450425455e-05
20.44 -0.007424144645831
20.45 -0.016473545592701
20.46 -0.026399786754201
20.47 -0.032490849017938
20.48 -0.035762157520235
20.49 -0.038982370680064
20.5 -0.037913241336275
20.51 -0.032354398824813
20.52 -0.039824866132331
20.53 -0.053591150360362
20.54 -0.064201110265948
20.55 -0.067482196274765
20.56 -0.076257010052429
20.57 -0.085425066710362
20.58 -0.092345530842223
20.59 -0.100254465063179
20.6 -0.103657130247714
20.61 -0.105288493918517
20.62 -0.101866387594752
20.63 -0.082073680573384
20.64 -0.037655353075071
20.65 0.006279381138605
20.66 0.01645452080342
20.67 0.021453930478709
20.68 0.031678655602206
20.69 0.035589738350269
20.7 0.040790350656204
20.71 0.042641009478974
20.72 0.042951674844229
20.73 0.041766863619256
20.74 0.037978765527194
20.75 0.035517251905754
20.76 0.035905015736402
20.77 0.037789596891561
20.78 0.041328345572404
20.79 0.042392931556168
20.8 0.041767487814219
20.81 0.039939929043543
20.82 0.038151713271714
20.83 0.032745086220694
20.84 0.027511959537917
20.85 0.026003655017165
20.86 0.027331756815516
20.87 0.026980062294529
20.88 0.026329142298646
20.89 0.027802165877099
20.9 0.031679960871054
20.91 0.037993720567396
20.92 0.043636638395682
20.93 0.045524532803282
20.94 0.045680090249301
20.95 0.046262747973189
20.96 0.046406690822991
20.97 0.04447897098492
20.98 0.039115335933932
20.99 0.028419842790829
21.0 0.005009171134735
21.01 -0.013184581866217
21.02 -0.0181312753327
21.03 -0.028739124718401
21.04 -0.042054384371855
21.05 -0.049868594364482
21.06 -0.0573907893021
21.07 -0.063805968388503
21.08 -0.067136951146813
21.09 -0.06977498176604
21.1 -0.070646433755386
21.11 -0.070161086656484
21.12 -0.068340427960884
21.13 -0.064751150710008
21.14 -0.061279639367175
21.15 -0.057857596307543
21.16 -0.053806584100183
21.17 -0.048630478204238
21.18 -0.041714820736487
21.19 -0.03371707452869
21.2 -0.026764606304645
21.21 -0.020988225083543
21.22 -0.01537501208978
21.23 -0.010109993209138
21.24 -0.006678745110534
21.25 -0.003018345486158
21.26 0.001954799863952
21.27 0.006185372264819
21.28 0.008115553519032
21.29 0.008025271783094
21.3 0.010002535628858
21.31 0.016541327854271
21.32 0.025715953709643
21.33 0.034386099554951
21.34 0.042322601730424
21.35 0.050834760911227
21.36 0.059242336794224
21.37 0.067162441836509
21.38 0.074736537397146
21.39 0.082958571296691
21.4 0.090388074377192
21.41 0.097859455371432
21.42 0.104616606578719
21.43 0.108508652621776
21.44 0.109083824933527
21.45 0.106560072005284
21.46 0.100068544208644
21.47 0.092103805109228
21.48 0.087618982801052
21.49 0.078691544009201
21.5 0.041732524029031
21.51 -0.011453744224181
21.52 -0.039285813105919
21.53 -0.037492813118661
21.54 -0.043660499964839
21.55 -0.056085113639762
21.56 -0.057557656140586
21.57 -0.060284528499832
21.58 -0.060437815836345
21.59 -0.05518181949014
21.6 -0.041454341620913
21.61 -0.016364935633902
21.62 0.015775043014892
21.63 0.043208867870761
21.64 0.055805314123804
21.65 0.060280416180605
21.66 0.06217278075343
21.67 0.063728196254666
21.68 0.057047403386157
21.69 0.049736432341762
21.7 0.037427129956114
21.71 0.022803481097474
21.72 0.009409269904313
21.73 -0.000593045444141
21.74 -0.008480183662049
21.75 -0.015976639962229
21.76 -0.022862616022723
21.77 -0.029707260860527
21.78 -0.034584952604322
21.79 -0.031132037553004
21.8 -0.010357180546421
21.81 0.018162576381456
21.82 0.031333109063008
21.83 0.030417577573011
21.84 0.034365087684856
21.85 0.034120801496135
21.86 0.023406539517182
21.87 0.011515875974832
21.88 -0.004127989778969
21.89 -0.022697501897761
21.9 -0.036598326181872
21.91 -0.048371590916603
21.92 -0.054351153811232
21.93 -0.051115486902266
21.94 -0.046307837425325
21.95 -0.051231513344638
21.96 -0.05249097629035
21.97 -0.04302496641866
21.98 -0.038333346417726
21.99 -0.037971802736891
22.0 -0.03654097645963
22.01 -0.030812327414303
22.02 -0.017396288878856
22.03 -0.002754032203988
22.04 0.010432304165326
22.05 0.017749850846765
22.06 0.020686453963111
22.07 0.019543619878051
22.08 0.014078721902942
22.09 0.005298627056
22.1 -0.003623533326728
22.11 -0.006238503754735
22.12 -0.006602629324538
22.13 -0.007116618709111
22.14 -0.005485095749273
22.15 0.001694494015024
22.16 0.011225431662971
22.17 0.018564961769309
22.18 0.019639793838741
22.19 0.01083935233581
22.2 -0.004727940469304
22.21 -0.018667442253698
22.22 -0.024620805172796
22.23 -0.028409866530366
22.24 -0.034067395267697
22.25 -0.040383384914355
22.26 -0.043361507517481
22.27 -0.043891679360071
22.28 -0.045667017233767
22.29 -0.047721380404469
22.3 -0.049069368504075
22.31 -0.048784385001473
22.32 -0.046106781817895
22.33 -0.042049033129391
22.34 -0.036940707615375
22.35 -0.031655020822902
22.36 -0.032918340268312
22.37 -0.038796529221304
22.38 -0.04069453762631
22.39 -0.042927895040636
22.4 -0.047464117389738
22.41 -0.049493604359962
22.42 -0.049117467829571
22.43 -0.043324175858982
22.44 -0.02955321807935
22.45 -0.018553314682396
22.46 -0.012359363133462
22.47 -0.005382213708088
22.48 0.001596381937898
22.49 0.006024610708362
22.5 0.009299118192477
22.51 0.007875558828334
22.52 0.000626143974959
22.53 -0.012246898794311
22.54 -0.02784138232359
22.55 -0.041403682347202
22.56 -0.045897675070286
22.57 -0.044539314317321
22.58 -0.042644166473412
22.59 -0.03820400646024
22.6 -0.030275688340507
22.61 -0.019716514280323
22.62 -0.008044790005719
22.63 0.003156334946933
22.64 0.012451502923747
22.65 0.02051211977161
22.66 0.026628247964356
22.67 0.029236424421612
22.68 0.030261637591897
22.69 0.035417108002666
22.7 0.040893836906549
22.71 0.040467112336808
22.72 0.038384195987414
22.73 0.035191148796754
22.74 0.02971034221564
22.75 0.023498226079656
22.76 0.020040133102077
22.77 0.019793008716828
22.78 0.021505097888017
22.79 0.024928325834655
22.8 0.028382050187625
22.81 0.033445626041088
22.82 0.038709186669071
22.83 0.042732527524591
22.84 0.043225474879441
22.85 0.040674684377981
22.86 0.039741984022497
22.87 0.038720142009807
22.88 0.026680367379834
22.89 0.006424605437142
22.9 -0.007261073499246
22.91 -0.015272115330801
22.92 -0.02262724160367
22.93 -0.027319161378774
22.94 -0.029699347286589
22.95 -0.030986611532079
22.96 -0.029010062705078
22.97 -0.024151999787159
22.98 -0.015961641969717
22.99 -0.005732391350058
23.0 0.005469395450071
23.01 0.014256894512884
23.02 0.018592613863485
23.03 0.018610735032027
23.04 0.018163738436014
23.05 0.017225127078486
23.06 0.017575585769997
23.07 0.019546010659311
23.08 0.023194942576848
23.09 0.028041624484566
23.1 0.035985814096574
23.11 0.044822636392052
23.12 0.051077869826606
23.13 0.053362716474226
23.14 0.052949053066944
23.15 0.051814108991785
23.16 0.05188906314758
23.17 0.053683322458131
23.18 0.05548879595902
23.19 0.05584694871026
23.2 0.053494309655779
23.21 0.048909273826348
23.22 0.046214080926745
23.23 0.044674584317827
23.24 0.045517632515726
23.25 0.048684698067075
23.26 0.051075976670307
23.27 0.046334457963565
23.28 0.032214659755575
23.29 0.010618357301437
23.3 -0.010826008991974
23.31 -0.021217856222287
23.32 -0.021964943756617
23.33 -0.024350524815197
23.34 -0.029798934491788
23.35 -0.031814412930801
23.36 -0.032795266067413
23.37 -0.033917989389024
23.38 -0.033658269174747
23.39 -0.033589581859064
23.4 -0.034658366403716
23.41 -0.036062641443666
23.42 -0.03751024969309
23.43 -0.03750064755359
23.44 -0.036430765841512
23.45 -0.034108827203843
23.46 -0.029495250779493
23.47 -0.02140379721985
23.48 -0.012642023903859
23.49 -0.007325438714741
23.5 -0.006217358810816
23.51 -0.007632594114094
23.52 -0.011344449840632
23.53 -0.017330435419431
23.54 -0.02483030454114
23.55 -0.03285795758335
23.56 -0.039123125393712
23.57 -0.040896778559625
23.58 -0.036798293125658
23.59 -0.025754061890475
23.6 -0.009649298650698
23.61 -0.001674846918203
23.62 0.001247721107029
23.63 0.00769736648613
23.64 0.014475307422831
23.65 0.019678543244532
23.66 0.027382944106621
23.67 0.033063174476851
23.68 0.035842650076516
23.69 0.036755970977546
23.7 0.036198007507645
23.71 0.034500371992847
23.72 0.032324657926891
23.73 0.028983639693225
23.74 0.02289148121999
23.75 0.012042770907809
23.76 0.001045321270269
23.77 -0.00359070687041
23.78 -0.001372275795358
23.79 0.003216942566208
23.8 0.008932649414463
23.81 0.013682652789767
23.82 0.016051246080114
23.83 0.015475585762311
23.84 0.010975446418185
23.85 0.003417027958861
23.86 -0.005781023019838
23.87 -0.015015896537207
23.88 -0.022846969722978
23.89 -0.029812660533731
23.9 -0.031988566584904
23.91 -0.030109274500614
23.92 -0.02691273916958
23.93 -0.022748293662645
23.94 -0.017278022953482
23.95 -0.012243000005072
23.96 -0.008505778058424
23.97 -0.00640635811183
23.98 -0.008826982673666
23.99 -0.014090861323593
24.0 -0.021153876395127
24.01 -0.02788278459205
24.02 -0.033599730235269
24.03 -0.035289785713574
24.04 -0.033521091840763
24.05 -0.03165945472246
24.06 -0.032497011635851
24.07 -0.033188359450545
24.08 -0.030469152680627
24.09 -0.027045852384092
24.1 -0.023890030163057
24.11 -0.017667893672908
24.12 -0.008975092828278
24.13 0.001720015451384
24.14 0.009499033870933
24.15 0.016172665791116
24.16 0.020134072846461
24.17 0.022157742136824
24.18 0.021774133276504
24.19 0.020498117520609
24.2 0.01740595173846
24.21 0.011241893163647
24.22 0.002776251000113
24.23 -0.006062320248035
24.24 -0.013175136573386
24.25 -0.017805883633996
24.26 -0.018318230599484
24.27 -0.014205039106534
24.28 -0.007182734384867
24.29 -0.001041909266564
24.3 0.001762296161131
24.31 0.001142350282885
24.32 -0.00174484624793
24.33 -0.005683513439426
24.34 -0.009598208961136
24.35 -0.012303168514702
24.36 -0.01338244303651
24.37 -0.01381932440543
24.38 -0.015333919073073
24.39 -0.018987260901316
24.4 -0.02514558854879
24.41 -0.032586799998868
24.42 -0.036985160527718
24.43 -0.038739813281728
24.44 -0.039334517456194
24.45 -0.037140186725308
24.46 -0.03396988689173
24.47 -0.028640169620319
24.48 -0.01826507419612
24.49 -2.0385927325e-05
24.5 0.015341530569489
24.51 0.023483423388275
24.52 0.028636536873282
24.53 0.031237656531555
24.54 0.029353642124224
24.55 0.024647562876476
24.56 0.018749323914456
24.57 0.012977197157616
24.58 0.009416050260686
24.59 0.007797240942553
24.6 0.008419965617102
24.61 0.010118778838457
24.62 0.012681049833024
24.63 0.015165961918155
24.64 0.017872842214909
24.65 0.02111584164946
24.66 0.024366548104448
24.67 0.027157470978137
24.68 0.029826311469038
24.69 0.031368065054939
24.7 0.032220080305111
24.71 0.037727985433633
24.72 0.0457638559633
24.73 0.047751143115815
24.74 0.047769307350657
24.75 0.046979005276134
24.76 0.034609986832875
24.77 0.000534864580914
24.78 -0.032463236983748
24.79 -0.043490290277385
24.8 -0.046430693521696
24.81 -0.053172697965318
24.82 -0.055609358941026
24.83 -0.056872281411638
24.84 -0.057811364548189
24.85 -0.054856713373136
24.86 -0.047402512155231
24.87 -0.034635395371433
24.88 -0.018441802309372
24.89 -0.002322760704778
24.9 0.008607674800462
24.91 0.012802183519114
24.92 0.015215812899426
24.93 0.018302291337899
24.94 0.019314343714672
 
 
 
 
 
 
 
 
 
 
 
 
 
 
 
 
 
 
 
 
 
 
 
 
 
 
 
 
 
 
 
 
 
 
 
 
 
 
 
 
 
 
 
 
 
 
 
 
 
 
 
 
 
 
 
 
 
 
 
 
 
 
 
 
 
 
 
 
 
 
 
 
 
 
 
 
 
 
 
 
 
 
 
 
 
 
 
 
 
 
 
 
 
 
 
 
 
 
 
 
 
 
 
 
 
 
 
 
 
 
 
 
 
 
 
 
 
 
 
 
 
 
 
 
 
 
 
 
 
 
 
 
 
 
 
 
 
 
 
 
 
 
 
 
 
 
 
 
 
 
 
 
 
 
 
 
 
 
 
 
 
 
 
 
 
 
 
 
 
 
 
 
 
 
 
 
 
 
 
 
 
 
 
 
 
 
 
 
 
 
 
 
 
 
 
 
 
 
 
 
 
 
 
 
 
 
 
 
 
 
 
 
 
 
 
 
 
 
 
 
 
 
 
 
 
 
 
 
 
 
 
 
 
 
 
 
 
 
 
 
 
 
 
 
 
 
 
 
 
 
 
 
 
 
 
 
 
 
 
 
 
 
 
 
 
 
 
 
 
 
 
 
 
 
 
 
 
 
 
 
 
 
 
 
 
 
 
 
 
 
 
 
 
 
 
 
 
 
 
 
 
 
 
 
 
 
 
 
 
 
 
 
 
 
 
 
 
 
 
 
 
 
 
 
 
 
 
 
 
 
 
 
 
 
 
 
 
 
 
 
 
 
 
 
 
 
 
 
 
 
 
 
 
 
 
 
 
 
 
 
 
 
 
 
 
 
 
 
 
 
 
 
 
 
 
 
 
 
 
 
 
 
 
 
 
 
 
 
 
 
 
 
 
 
 
 
 
 
 
 
 
 
 
 
 
 
 
 
 
 
 
 
 
 
 
 
 
 
 
 
 
 
 
 
 
 
 
 
 
 
 
 
 
 
 
 
 
 
 
 
 
 
 
 
 
 
 
 
 
 
 
 
 
 
 
 
 
 
 
 
 
 
 
 
 
 
 
 
 
 
 
 
 
 
 
 
 
 
 
 
 
 
 
 
 
 
 
 
 
 
 
 
 
 
 
 
 
 
 
 
 
 
 
 
 
 
 
 
 
 
 
 
 
 
 
 
 
 
 
 
 
 
 
 
 
 
 
 
 
 
 
 
 
 
 
 
 
 
 
 
 
 
 
 
 
 
 
 
 
 
 
 
 
 
 
 
 
 
 
 
 
 
 
 
 
 
 
 
 
 
 
 
 
 
 
 
 
 
 
 
 
 
 
 
 
 
 
 
 
 
 
 
 
 
 
 
 
 
 
 
 
 
 
 
 
 
 
 
 
 
 
 
 
 
 
 
 
 
 
 
 
 
 
 
 
 
 
 
 
 
 
 
 
 
 
 
 
 
 
 
 
 
 
 
 
 
 
 
 
 
 
 
 
 
 
 
 
 
 
 
 
 
 
 
 
 
 
 
 
 
 
 
 
 
 
 
 
 
 
 
 
 
 
 
 
 
 
 
 
 
 
 
 
 
 
 
 
 
 
 
 
 
 
 
 
 
 
 
 
 
 
 
 
 
 
 
 
 
 
 
 
 
 
 
 
 
 
 
 
 
 
 
 
 
 
 
 
 
 
 
 
 
 
 
 
 
 
 
 
 
 
 
 
 
 
 
 
 
 
 
 
 
 
 
 
 
 
 
 
 
 
 
 
 
 
 
 
 
 
 
 
 
 
 
 
 
 
 
 
 
 
 
 
 
 
 
 
 
 
 
 
 
 
 
 
 
 
 
 
 
 
 
 
 
 
 
 
 
 
 
 
 
 
 
 
 
 
 
 
 
 
 
 
 
 
 
 
 
 
 
 
 
 
 
 
 
 
 
 
 
 
 
 
 
 
 
 
 
 
 
 
 
 
 
 
 
 
 
 
 
 
 
 
 
 
 
 
 
 
 
 
 
 
 
 
 
 
 
 
 
 
 
 
 
 
 
 
 
 
 
 
 
 
 
 
 
 
 
 
 
 
 
 
 
 
 
 
 
 
 
 
 
 
 
 
 
 
 
 
 
 
 
 
 
 
 
 
 
 
 
 
 
 
 
 
 
 
 
 
 
 
 
 
 
 
 
 
 
 
 
 
 
 
 
 
 
 
 
 
 
 
 
 
 
 
 
 
 
 
 
 
 
 
 
 
 
 
 
 
 
 
 
 
 
 
 
 
 
 
 
 
 
 
 
 
 
 
 
 
 
 
 
 
 
 
 
 
 
 
 
 
 
 
 
 
 
 
 
 
 
 
 
 
 
 
 
 
 
 
 
 
 
 
 
 
 
 
 
 
 
 
 
 
 
 
 
 
 
 
 
 
 
 
 
 
 
 
 
 
 
 
 
 
 
 
 
 
 
 
 
 
 
 
 
 
 
 
 
 
 
 
 
 
 
 
 
 
 
 
 
 
 
 
 
 
 
 
 
 
 
 
 
 
 
 
 
 
 
 
 
 
 
 
 
 
 
 
 
 
 
 
 
 
 
 
 
 
 
 
 
 
 
 
 
 
 
 
 
 
 
 
 
 
 
 
 
 
 
 
 
 
 
 
 
 
 
 
 
 
 
 
 
 
 
 
 
 
 
 
 
 
 
 
 
 
 
 
 
 
 
 
 
 
 
 
 
 
 
 
 
 
 
 
 
 
 
 
 
 
 
 
 
 
 
 
 
 
 
 
 
 
 
 
 
 
 
 
 
 
 
 
 
 
 
 
 
 
 
 
 
 
 
 
 
 
 
 
 
 
 
 
 
 
 
 
 
 
 
 
 
 
 
 
 
 
 
 
 
 
 
 
 
 
 
 
 
 
 
 
 
 
 
 
 
 
 
 
 
 
 
 
 
 
 
 
 
 
 
 
 
 
 
 
 
 
 
 
 
 
 
 
 
 
 
 
 
 
 
 
 
 
 
 
 
 
 
 
 
 
 
 
 
 
 
 
 
 
 
 
 
 
 
 
 
 
 
 
 
 
 
 
 
 
 
 
 
 
 
 
 
 
 
 
 
 
 
 
 
 
 
 
 
 
 
 
 
 
 
 
 
 
 
 
 
 
 
 
 
 
 
 
 
 
 
 
 
 
 
 
 
 
 
 
 
 
 
 
 
 
 
 
 
 
 
 
 
 
 
 
 
 
 
 
 
 
 
 
 
 
 
 
 
 
 
 
 
 
 
 
 
 
 
 
 
 
 
 
 
 
 
 
 
 
 
 
 
 
 
 
 
 
 
 
 
 
 
 
 
 
 
 
 
 
 
 
 
 
 
 
 
 
 
 
 
 
 
 
 
 
 
 
 
 
 
 
 
 
 
 
 
 
 
 
 
 
 
 
 
 
 
 
 
 
 
 
 
 
 
 
 
 
 
 
 
 
 
 
 
 
 
 
 
 
 
 
 
 
 
 
 
 
 
 
 
 
 
 
 
 
 
 
 
 
 
 
 
 
 
 
 
 
 
 
 
 
 
 
 
 
 
 
 
 
 
 
 
 
 
 
 
 
 
 
 
 
 
 
 
 
 
 
 
 
 
 
 
 
 
 
 
 
 
 
 
 
 
 
 
 
 
 
 
 
 
 
 
 
 
 
 
 
 
 
 
 
 
 
 
 
 
 
 
 
 
 
 
 
 
 
 
 
 
 
 
 
 
 
 
 
 
 
 
 
 
 
 
 
 
 
 
 
 
 
 
 
 
 
 
 
 
 
 
 
 
 
 
 
 
 
 
 
 
 
 
 
 
 
 
 
 
 
 
 
 
 
 
 
 
 
 
 
 
 
 
 
 
 
 
 
 
 
 
 
 
 
 
 
 
 
 
 
 
 
 
 
 
 
 
 
 
 
 
 
 
 
 
 
 
 
 
 
 
 
 
 
 
 
 
 
 
 
 
 
 
 
 
 
 
 
 
 
 
 
 
 
 
 
 
 
 
 
 
 
 
 
 
 
 
 
 
 
 
 
 
 
 
 
 
 
 
 
 
 
 
 
 
 
 
 
 
 
 
 
 
 
 
 
 
 
 
 
 
 
 
 
 
 
 
 
 
 
 
 
 
 
 
 
 
 
 
 
 
 
 
 
 
 
 
 
 
 
 
 
 
 
 
 
 
 
 
 
 
 
 
 
 
 
 
 
 
 
 
 
 
 
 
 
 
 
 
 
 
 
 
 
 
 
 
 
 
 
 
 
 
 
 
 
 
 
 
 
 
 
 
 
 
 
 
 
 
 
 
 
 
 
 
 
 
 
 
 
 
 
 
 
 
 
 
 
 
 
 
 
 
 
 
 
 
 
 
 
 
 
 
 
 
 
 
 
 
 
 
 
 
 
 
 
 
 
 
 
 
 
 
 
 
 
 
 
 
 
 
 
 
 
 
 
 
 
 
 
 
 
 
 
 
 
 
 
 
 
 
 
 
 
 
 
 
 
 
 
 
 
 
 
 
 
 
 
 
 
 
 
 
 
 
 
 
 
 
 
 
 
 
 
 
 
 
 
 
 
 
 
 
 
 
 
 
 
 
 
 
 
 
 
 
 
 
 
 
 
 
 
 
 
 
 
 
 
 
 
 
 
 
 
 
 
 
 
 
 
 
 
 
 
 
 
 
 
 
 
 
 
 
 
 
 
 
 
 
 
 
 
 
 
 
 
 
 
 
 
 
 
 
 
 
 
 
 
 
 
 
 
 
 
 
 
 
 
 
 
 
 
 
 
 
 
 
 
 
 
 
 
 
 
 
 
 
 
 
 
 
 
 
 
 
 
 
 
 
 
 
 
 
 
 
 
 
 
 
 
 
 
 
 
 
 
 
 
 
 
 
 
 
 
 
 
 
 
 
 
 
 
 
 
 
 
 
 
 
 
 
 
 
 
 
 
 
 
 
 
 
 
 
 
 
 
 
 
 
 
 
 
 
 
 
 
 
 
 
 
 
 
 
 
 
 
 
 
 
 
 
 
 
 
 
 
 
 
 
 
 
 
 
 
 
 
 
 
 
 
 
 
 
 
 
 
 
 
 
 
 
 
 
 
 
 
 
 
 
 
 
 
 
 
 
 
 
 
 
 
 
 
 
 
 
 
 
 
 
 
 
 
 
 
 
 
 
 
 
 
 
 
 
 
 
 
 
 
 
 
 
 
 
 
 
 
 
 
 
 
 
 
 
 
 
 
 
 
 
 
 
 
 
 
 
 
 
 
 
 
 
 
 
 
 
 
 
 
 
 
 
 
 
 
 
 
 
 
 
 
 
 
 
 
 
 
 
 
 
 
 
 
 
 
 
 
 
 
 
 
 
 
 
 
 
 
 
 
 
 
 
 
 
 
 
 
 
 
 
 
 
 
 
 
 
 
 
 
 
 
 
 
 
 
 
 
 
 
 
 
 
 
 
 
 
 
 
 
 
 
 
 
 
 
 
 
 
 
 
 
 
 
 
 
 
 
 
 
 
 
 
 
 
 
 
 
 
 
 
 
 
 
 
 
 
 
 
 
 
 
 
 
 
 
 
 
 
 
 
 
 
 
 
 
 
 
 
 
 
 
 
 
 
 
 
 
 
 
 
 
 
 
 
 
 
 
 
 
 
 
 
 
 
 
 
 
 
 
 
 
 
 
 
 
 
 
 
 
 
 
 
 
 
 
 
 
 
 
 
 
 
 
 
 
 
 
 
 
 
 
 
 
 
 
 
 
 
 
 
 
 
 
 
 
 
 
 
 
 
 
 
 
 
 
 
 
 
 
 
 
 
 
 
 
 
 
 
 
 
 
 
 
 
 
 
 
 
 
 
 
 
 
 
 
 
 
 
 
 
 
 
 
 
 
 
 
 
 
 
 
 
 
 
 
 
 
 
 
 
 
 
 
 
 
 
 
 
 
 
 
 
 
 
 
 
 
 
 
 
 
 
 
 
 
 
 
 
 
 
 
 
 
 
 
 
 
 
 
 
 
 
 
 
 
 
 
 
 
 
 
 
 
 
 
 
 
 
 
 
 
 
 
 
 
 
 
 
 
 
 
 
 
 
 
 
 
 
 
 
 
 
 
 
 
 
 
 
 
 
 
 
 
 
 
 
 
 
 
 
 
 
 
 
 
 
 
 
 
 
 
 
 
 
 
 
 
 
 
 
 
 
 
 
 
 
 
 
 
 
 
 
 
 
 
 
 
 
 
 
 
 
 
 
 
 
 
 
 
 
 
 
 
 
 
 
 
 
 
 
 
 
 
 
 
 
 
 
 
 
 
 
 
 
 
 
 
 
 
 
 
 
 
 
 
 
 
 
 
 
 
 
 
 
 
 
 
 
 
 
 
 
 
 
 
 
 
 
 
 
 
 
 
 
 
 
 
 
 
 
 
 
 
 
 
 
 
 
 
 
 
 
 
 
 
 
 
 
 
 
 
 
 
 
 
 
 
 
 
 
 
 
 
 
 
 
 
 
 
 
 
 
 
 
 
 
 
 
 
 
 
 
 
 
 
 
 
 
 
 
 
 
 
 
 
 
 
 
 
 
 
 
 
 
 
 
 
 
 
 
 
 
 
 
 
 
 
 
 
 
 
 
 
 
 
 
 
 
 
 
 
 
 
 
 
 
 
 
 
 
 
 
 
 
 
 
 
 
 
 
 
 
 
 
 
 
 
 
 
 
 
 
 
 
 
 
 
 
 
 
 
 
 
 
 
 
 
 
 
 
 
 
 
 
 
 
 
 
 
 
 
 
 
 
 
 
 
 
 
 
 
 
 
 
 
 
 
 
 
 
 
 
 
 
 
 
 
 
 
 
 
 
 
 
 
 
 
 
 
 
 
 
 
 
 
 
 
 
 
 
 
 
 
 
 
 
 
 
 
 
 
 
 
 
 
 
 
 
 
 
 
 
 
 
 
 
 
 
 
 
 
 
 
 
 
 
 
 
 
 
 
 
 
 
 
 
 
 
 
 
 
 
 
 
 
 
 
 
 
 
 
 
 
 
 
 
 
 
 
 
 
 
 
 
 
 
 
 
 
 
 
 
 
 
 
 
 
 
 
 
 
 
 
 
 
 
 
 
 
 
 
 
 
 
 
 
 
 
 
 
 
 
 
 
 
 
 
 
 
 
 
 
 
 
 
 
 
 
 
 
 
 
 
 
 
 
 
 
 
 
 
 
 
 
 
 
 
 
 
 
 
 
 
 
 
 
 
 
 
 
 
 
 
 
 
 
 
 
 
 
 
 
 
 
 
 
 
 
 
 
 
 
 
 
 
 
 
 
 
 
 
 
 
 
 
 
 
 
 
 
 
 
 
 
 
 
 
 
 
 
 
 
 
 
 
 
 
 
 
 
 
 
 
 
 
 
 
 
 
 
 
 
 
 
 
 
 
 
 
 
 
 
 
 
 
 
 
 
 
 
 
 
 
 
 
 
 
 
 
 
 
 
 
 
 
 
 
 
 
 
 
 
 
 
 
 
 
 
 
 
 
 
 
 
 
 
 
 
 
 
 
 
 
 
 
 
 
 
 
 
 
 
 
 
 
 
 
 
 
 
 
 
 
 
 
 
 
 
 
 
 
 
 
 
 
 
 
 
 
 
 
 
 
 
 
 
 
 
 
 
 
 
 
 
 
 
 
 
 
 
 
 
 
 
 
 
 
 
 
 
 
 
 
 
 
 
 
 
 
 
 
 
 
 
 
 
 
 
 
 
 
 
 
 
 
 
 
 
 
 
 
 
 
 
 
 
 
 
 
 
 
 
 
 
 
 
 
 
 
 
 
 
 
 
 
 
 
 
 
 
 
 
 
 
 
 
 
 
 
 
 
 
 
 
 
 
 
 
 
 
 
 
 
 
 
 
 
 
 
 
 
 
 
 
 
 
 
 
 
 
 
 
 
 
 
 
 
 
 
 
 
 
 
 
 
 
 
 
 
 
 
 
 
 
 
 
 
 
 
 
 
 
 
 
 
 
 
 
 
 
 
 
 
 
 
 
 
 
 
 
 
 
 
 
 
 
 
 
 
 
 
 
 
 
 
 
 
 
 
 
 
 
 
 
 
 
 
 
 
 
 
 
 
 
 
 
 
 
 
 
 
 
 
 
 
 
 
 
 
 
 
 
 
 
 
 
 
 
 
 
 
 
 
 
 
 
 
 
 
 
 
 
 
 
 
 
 
 
 
 
 
 
 
 
 
 
 
 
 
 
 
 
 
 
 
 
 
 
 
 
 
 
 
 
 
 
 
 
 
 
 
 
 
 
 
 
 
 
 
 
 
 
 
 
 
 
 
 
 
 
 
 
 
 
 
 
 
 
 
 
 
 
 
 
 
 
 
 
 
 
 
 
 
 
 
 
 
 
 
 
 
 
 
 
 
 
 
 
 
 
 
 
 
 
 
 
 
 
 
 
 
 
 
 
 
 
 
 
 
 
 
 
 
 
 
 
 
 
 
 
 
 
 
 
 
 
 
 
 
 
 
 
 
 
 
 
 
 
 
 
 
 
 
 
 
 
 
 
 
 
 
 
 
 
 
 
 
 
 
 
 
 
 
 
 
 
 
 
 
 
 
 
 
 
 
 
 
 
 
 
 
 
 
 
 
 
 
 
 
 
 
 
 
 
 
 
 
 
 
 
 
 
 
 
 
 
 
 
 
 
 
 
 
 
 
 
 
 
 
 
 
 
 
 
 
 
 
 
 
 
 
 
 
 
 
 
 
 
 
 
 
 
 
 
 
 
 
 
 
 
 
 
 
 
 
 
 
 
 
 
 
 
 
 
 
 
 
 
 
 
 
 
 
 
 
 
 
 
 
 
 
 
 
 
 
 
 
 
 
 
 
 
 
 
 
 
 
 
 
 
 
 
 
 
 
 
 
 
 
 
 
 
 
 
 
 
 
 
 
 
 
 
 
 
 
 
 
 
 
 
 
 
 
 
 
 
 
 
 
 
 
 
 
 
 
 
 
 
 
 
 
 
 
 
 
 
 
 
 
 
 
 
 
 
 
 
 
 
 
 
 
 
 
 
 
 
 
 
 
 
 
 
 
 
 
 
 
 
 
 
 
 
 
 
 
 
 
 
 
 
 
 
 
 
 
 
 
 
 
 
 
 
 
 
 
 
 
 
 
 
 
 
 
 
 
 
 
 
 
 
 
 
 
 
 
 
 
 
 
 
 
 
 
 
 
 
 
 
 
 
 
 
 
 
 
 
 
 
 
 
 
 
 
 
 
 
 
 
 
 
 
 
 
 
 
 
 
 
 
 
 
 
 
 
 
 
 
 
 
 
 
 
 
 
 
 
 
 
 
 
 
 
 
 
 
 
 
 
 
 
 
 
 
 
 
 
 
 
 
 
 
 
 
 
 
 
 
 
 
 
 
 
 
 
 
 
 
 
 
 
 
 
 
 
 
 
 
 
 
 
 
 
 
 
 
 
 
 
 
 
 
 
 
 
 
 
 
 
 
 
 
 
 
 
 
 
 
 
 
 
 
 
 
 
 
 
 
 
 
 
 
 
 
 
 
 
 
 
 
 
 
 
 
 
 
 
 
 
 
 
 
 
 
 
 
 
 
 
 
 
 
 
 
 
 
 
 
 
 
 
 
 
 
 
 
 
 
 
 
 
 
 
 
 
 
 
 
 
 
 
 
 
 
 
 
 
 
 
 
 
 
 
 
 
 
 
 
 
 
 
 
 
 
 
 
 
 
 
 
 
 
 
 
 
 
 
 
 
 
 
 
 
 
 
 
 
 
 
 
 
 
 
 
 
 
 
 
 
 
 
 
 
 
 
 
 
 
 
 
 
 
 
 
 
 
 
 
 
 
 
 
 
 
 
 
 
 
 
 
 
 
 
 
 
 
 
 
 
 
 
 
 
 
 
 
 
 
 
 
 
 
 
 
 
 
 
 
 
 
 
 
 
 
 
 
 
 
 
 
 
 
 
 
 
 
 
 
 
 
 
 
 
 
 
 
 
 
 
 
 
 
 
 
 
 
 
 
 
 
 
 
 
 
 
 
 
 
 
 
 
 
 
 
 
 
 
 
 
 
 
 
 
 
 
 
 
 
 
 
 
 
 
 
 
 
 
 
 
 
 
 
 
 
 
 
 
 
 
 
 
 
 
 
 
 
 
 
 
 
 
 
 
 
 
 
 
 
 
 
 
 
 
 
 
 
 
 
 
 
 
 
 
 
 
 
 
 
 
 
 
 
 
 
 
 
 
 
 
 
 
 
 
 
 
 
 
 
 
 
 
 
 
 
 
 
 
 
 
 
 
 
 
 
 
 
 
 
 
 
 
 
 
 
 
 
 
 
 
 
 
 
 
 
 
 
 
 
 
 
 
 
 
 
 
 
 
 
 
 
 
 
 
 
 
 
 
 
 
 
 
 
 
 
 
 
 
 
 
 
 
 
 
 
 
 
 
 
 
 
 
 
 
 
 
 
 
 
 
 
 
 
 
 
 
 
 
 
 
 
 
 
 
 
 
 
 
 
 
 
 
 
 
 
 
 
 
 
 
 
 
 
 
 
 
 
 
 
 
 
 
 
 
 
 
 
 
 
 
 
 
 
 
 
 
 
 
 
 
 
 
 
 
 
 
 
 
 
 
 
 
 
 
 
 
 
 
 
 
 
 
 
 
 
 
 
 
 
 
 
 
 
 
 
 
 
 
 
 
 
 
 
 
 
 
 
 
 
 
 
 
 
 
 
 
 
 
 
 
 
 
 
 
 
 
 
 
 
 
 
 
 
 
 
 
 
 
 
 
 
 
 
 
 
 
 
 
 
 
 
 
 
 
 
 
 
 
 
 
 
 
 
 
 
 
 
 
 
 
 
 
 
 
 
 
 
 
 
 
 
 
 
 
 
 
 
 
 
 
 
 
 
 
 
 
 
 
 
 
 
 
 
 
 
 
 
 
 
 
 
 
 
 
 
 
 
 
 
 
 
 
 
 
 
 
 
 
 
 
 
 
 
 
 
 
 
 
 
 
 
 
 
 
 
 
 
 
 
 
 
 
 
 
 
 
 
 
 
 
 
 
 
 
 
 
 
 
 
 
 
 
 
 
 
 
 
 
 
 
 
 
 
 
 
 
 
 
 
 
 
 
 
 
 
 
 
 
 
 
 
 
 
 
 
 
 
 
 
 
 
 
 
 
 
 
 
 
 
 
 
 
 
 
 
 
 
 
 
 
 
 
 
 
 
 
 
 
 
 
 
 
 
 
 
 
 
 
 
 
 
 
 
 
 
 
 
 
 
 
 
 
 
 
 
 
 
 
 
 
 
 
 
 
 
 
 
 
 
 
 
 
 
 
 
 
 
 
 
 
 
 
 
 
 
 
 
 
 
 
 
 
 
 
 
 
 
 
 
 
 
 
 
 
 
 
 
 
 
 
 
 
 
 
 
 
 
 
 
 
 
 
 
 
 
 
 
 
 
 
 
 
 
 
 
 
 
 
 
 
 
 
 
 
 
 
 
 
 
 
 
 
 
 
 
 
 
 
 
 
 
 
 
 
 
 
 
 
 
 
 
 
 
 
 
 
 
 
 
 
 
 
 
 
 
 
 
 
 
 
 
 
 
 
 
 
 
 
 
 
 
 
 
 
 
 
 
 
 
 
 
 
 
 
 
 
 
 
 
 
 
 
 
 
 
 
 
 
 
 
 
 
 
 
 
 
 
 
 
 
 
 
 
 
 
 
 
 
 
 
 
 
 
 
 
 
 
 
 
 
 
 
 
 
 
 
 
 
 
 
 
 
 
 
 
 
 
 
 
 
 
 
 
 
 
 
 
 
 
 
 
 
 
 
 
 
 
 
 
 
 
 
 
 
 
 
 
 
 
 
 
 
 
 
 
 
 
 
 
 
 
 
 
 
 
 
 
 
 
 
 
 
 
 
 
 
 
 
 
 
 
 
 
 
 
 
 
 
 
 
 
 
 
 
 
 
 
 
 
 
 
 
 
 
 
 
 
 
 
 
 
 
 
 
 
 
 
 
 
 
 
 
 
 
 
 
 
 
 
 
 
 
 
 
 
 
 
 
 
 
 
 
 
 
 
 
 
 
 
 
 
 
 
 
 
 
 
 
 
 
 
 
 
 
 
 
 
 
 
 
 
 
 
 
 
 
 
 
 
 
 
 
 
 
 
 
 
 
 
 
 
 
 
 
 
 
 
 
 
 
 
 
 
 
 
 
 
 
 
 
 
 
 
 
 
 
 
 
 
 
 
 
 
 
 
 
 
 
 
 
 
 
 
 
 
 
 
 
 
 
 
 
 
 
 
 
 
 
 
 
 
 
 
 
 
 
 
 
 
 
 
 
 
 
 
 
 
 
 
 
 
 
 
 
 
 
 
 
 
 
 
 
 
 
 
 
 
 
 
 
 
 
 
 
 
 
 
 
 
 
 
 
 
 
 
 
 
 
 
 
 
 
 
 
 
 
 
 
 
 
 
 
 
 
 
 
 
 
 
 
 
 
 
 
 
 
 
 
 
 
 
 
 
 
 
 
 
 
 
 
 
 
 
 
 
 
 
 
 
 
 
 
 
 
 
 
 
 
 
 
 
 
 
 
 
 
 
 
 
 
 
 
 
 
 
 
 
 
 
 
 
 
 
 
 
 
 
 
 
 
 
 
 
 
 
 
 
 
 
 
 
 
 
 
 
 
 
 
 
 
 
 
 
 
 
 
 
 
 
 
 
 
 
 
 
 
 
 
 
 
 
 
 
 
 
 
 
 
 
 
 
 
 
 
 
 
 
 
 
 
 
 
 
 
 
 
 
 
 
 
 
 
 
 
 
 
 
 
 
