0.0 0.0
0.01 2.33570017e-07
0.02 2.34341299e-07
0.03 2.35967641e-07
0.04 2.37210186e-07
0.05 2.3608428e-07
0.06 2.32498131e-07
0.07 2.29537039e-07
0.08 2.30077225e-07
0.09 2.25937221e-07
0.1 2.28740714e-07
0.11 2.84385873e-07
0.12 3.87636018e-07
0.13 4.03607333e-07
0.14 9.5937271e-08
0.15 -6.58709859e-07
0.16 -1.547203319e-06
0.17 -2.294992255e-06
0.18 -3.431361069e-06
0.19 -5.782191951e-06
0.2 -8.754189564e-06
0.21 -9.976134364e-06
0.22 -8.891133277e-06
0.23 -8.701769742e-06
0.24 -1.1220767944e-05
0.25 -1.2826523659e-05
0.26 -8.30540943e-06
0.27 1.880644989e-06
0.28 1.0079533408e-05
0.29 1.1229418809e-05
0.3 5.87497786e-06
0.31 -3.745077135e-06
0.32 -8.259068382e-06
0.33 -2.939166717e-06
0.34 -1.4822678e-06
0.35 -1.0363046723e-05
0.36 -1.5384631919e-05
0.37 -7.90557874e-06
0.38 -3.373005555e-06
0.39 -1.7302100662e-05
0.4 -3.1381611471e-05
0.41 -2.2458105315e-05
0.42 -8.562806948e-06
0.43 -2.2246933658e-05
0.44 -6.8905721692e-05
0.45 -0.000121789359448
0.46 -0.00014159230057
0.47 -0.000107152548521
0.48 -3.9162805255e-05
0.49 -1.0078817241e-05
0.5 -4.7146968527e-05
0.51 -5.2329457653e-05
0.52 4.0451833443e-05
0.53 0.00014330964075
0.54 0.00014914263156
0.55 5.2695555073e-05
0.56 -6.5816742719e-05
0.57 -0.000104658871431
0.58 -5.9307190517e-05
0.59 -5.0244793292e-05
0.6 -0.000142739613045
0.61 -0.000243803633796
0.62 -0.000214658957391
0.63 -8.1295717868e-05
0.64 -3.8820416232e-05
0.65 -0.0001109967455
0.66 -0.000116945903944
0.67 -9.166929685e-06
0.68 9.82681068e-05
0.69 0.000104376325683
0.7 1.873546326e-05
0.71 -5.5557360635e-05
0.72 -5.0351113567e-05
0.73 4.6972897929e-05
0.74 6.4624069929e-05
0.75 -0.000131257354749
0.76 -0.000236958297266
0.77 -8.9178284422e-05
0.78 -2.7477195051e-05
0.79 -0.000169695956566
0.8 -0.000183133127459
0.81 9.518249576e-06
0.82 4.217780165e-06
0.83 -0.000295820108743
0.84 -0.000454120323998
0.85 -0.000339300884201
0.86 -0.000288545214696
0.87 -0.000370261074012
0.88 -0.000360279345994
0.89 -0.000286594197483
0.9 -0.000173203836317
0.91 7.4593931574e-05
0.92 0.000214337988454
0.93 4.4642708869e-05
0.94 -5.4545448382e-05
0.95 0.000177330754687
0.96 0.000305563579083
0.97 0.000143882102039
0.98 8.332178746e-05
0.99 0.000122571481565
1.0 -4.0830802983e-05
1.01 -0.000253790745196
1.02 -0.000220785956252
1.03 -9.000945424e-05
1.04 -0.000265155420835
1.05 -0.000573531719915
1.06 -0.000512471726166
1.07 -0.000193117120787
1.08 0.000129795667533
1.09 0.000487215283639
1.1 0.000612154631184
1.11 0.000345894807253
1.12 9.6690432023e-05
1.13 0.00030941991592
1.14 0.000664142746895
1.15 0.000325300876328
1.16 -0.000500120173749
1.17 -0.000662632248796
1.18 -1.8705005011e-05
1.19 0.000314939268012
1.2 -4.0609136894e-05
1.21 -0.000172104396916
1.22 0.000257181360921
1.23 0.000446371919527
1.24 0.000280075292588
1.25 0.000327447722146
1.26 0.000532673602364
1.27 0.000435174517078
1.28 0.000151303001284
1.29 0.000151206499787
1.3 0.000217823101842
1.31 -0.000354057447823
1.32 -0.001132140391157
1.33 -0.001206792350518
1.34 -0.001297564690329
1.35 -0.002096918981816
1.36 -0.002625938263949
1.37 -0.001950999025736
1.38 -0.00088758929418
1.39 -0.000683421533349
1.4 -0.000850208614879
1.41 -0.000215527460858
1.42 0.000698413932239
1.43 0.000815618420495
1.44 0.000536504332845
1.45 0.000516669166573
1.46 0.000216970973263
1.47 -0.000422332013574
1.48 -0.000621021223209
1.49 -0.000559120618427
1.5 -0.000750975418774
1.51 -0.000961059246266
1.52 -0.000636638619091
1.53 -8.2792013214e-05
1.54 -0.000156491154415
1.55 -0.000248100625176
1.56 0.000919833522718
1.57 0.002467781805422
1.58 0.002998512360357
1.59 0.002827455927979
1.6 0.002671041562114
1.61 0.002494313973226
1.62 0.002012320091762
1.63 0.001687577921241
1.64 0.00130184564187
1.65 -0.000267822333429
1.66 -0.002140086691241
1.67 -0.002415839301017
1.68 -0.001274338735179
1.69 -0.000354969438266
1.7 -0.000490893513434
1.71 -0.00084191163397
1.72 -0.000493350024349
1.73 4.9239658011e-05
1.74 -3.6067414413e-05
1.75 -0.000499686377479
1.76 -0.000824964072647
1.77 -0.00114501610685
1.78 -0.001742961801925
1.79 -0.002178837013692
1.8 -0.001975764610165
1.81 -0.001777076909678
1.82 -0.002012794572451
1.83 -0.00209176626485
1.84 -0.002013660261072
1.85 -0.001936592942227
1.86 -0.001664066112337
1.87 -0.000932367569343
1.88 -3.6169882114e-05
1.89 0.000744073024966
1.9 0.001622916756647
1.91 0.002591478040313
1.92 0.003011421660585
1.93 0.002643171445475
1.94 0.002128140079857
1.95 0.001773194888313
1.96 0.001207678470231
1.97 0.000556125030994
1.98 0.000478421761704
1.99 0.000403578085431
2.0 -0.00014867314427
2.01 -0.000111964896841
2.02 0.001088017672692
2.03 0.002358870018876
2.04 0.002525268590826
2.05 0.001642107321902
2.06 0.000636813478438
2.07 0.00054237044455
2.08 0.001319016774519
2.09 0.001033727613887
2.1 -0.000995837681752
2.11 -0.002408702346474
2.12 -0.00187841950875
2.13 -0.001246225666589
2.14 -0.001914805553336
2.15 -0.002617931672661
2.16 -0.002504303802301
2.17 -0.002372852615734
2.18 -0.002062387094119
2.19 -0.001369042099161
2.2 -0.001096849365293
2.21 -0.001268647132871
2.22 -0.000953290495298
2.23 -0.000109574734433
2.24 0.000358520291337
2.25 0.000112433054017
2.26 1.33727884e-06
2.27 -5.7603393704e-05
2.28 -0.000824073699546
2.29 -0.001478913687942
2.3 -0.0009972817932
2.31 0.000195112977555
2.32 0.000602602141509
2.33 0.00028242768288
2.34 0.000957488932863
2.35 0.002552782225478
2.36 0.003656222746075
2.37 0.003795294068756
2.38 0.003508997294613
2.39 0.003047607495427
2.4 0.002071844018363
2.41 0.000685201516066
2.42 -0.000483347983518
2.43 -0.001053422202515
2.44 -0.001557351333551
2.45 -0.002080285446068
2.46 -0.002092558248618
2.47 -0.001793563582464
2.48 -0.001466727203727
2.49 -0.000611021784931
2.5 0.000817630156826
2.51 0.001729780018813
2.52 0.001741896990194
2.53 0.001858457071458
2.54 0.002021091942758
2.55 0.001296502493884
2.56 -1.6273559216e-05
2.57 -0.0005277838166
2.58 -0.000468293243404
2.59 -0.001107480024069
2.6 -0.002037279100734
2.61 -0.002059592982241
2.62 -0.001260719358826
2.63 -0.00040573791224
2.64 1.06608065e-07
2.65 0.000196363330752
2.66 0.000484647022216
2.67 0.000122281966472
2.68 -0.001235036938244
2.69 -0.002753216178431
2.7 -0.003322064039729
2.71 -0.003231898263746
2.72 -0.003899894643502
2.73 -0.005047576967465
2.74 -0.005086782840708
2.75 -0.003882095315107
2.76 -0.002285400221467
2.77 -0.000592749068305
2.78 0.001693127094765
2.79 0.003365044542139
2.8 0.004273677048519
2.81 0.006180098344489
2.82 0.008507617989507
2.83 0.009359693176507
2.84 0.008193731135589
2.85 0.005667924646932
2.86 0.002450808377609
2.87 -0.000931895970407
2.88 -0.002788000109797
2.89 -0.004026660638782
2.9 -0.006386813095822
2.91 -0.00761376270323
2.92 -0.006069735469663
2.93 -0.003209270734451
2.94 -0.00127104431781
2.95 -0.000649633304085
2.96 0.000172192058604
2.97 0.000620766767048
2.98 -0.000214015933197
2.99 -0.001620799494563
3.0 -0.004161928252546
3.01 -0.007503456836735
3.02 -0.009840968594424
3.03 -0.010088727440543
3.04 -0.010108507392383
3.05 -0.010833405678687
3.06 -0.011513975106472
3.07 -0.011553384941201
3.08 -0.009757450536049
3.09 -0.006414661822823
3.1 -0.000977365824392
3.11 0.00440718583402
3.12 0.007274737336641
3.13 0.010226682538255
3.14 0.013003889080404
3.15 0.013379597001293
3.16 0.010441977074013
3.17 0.006614170922657
3.18 0.004585642044549
3.19 0.003094050066182
3.2 -0.000803322374865
3.21 -0.004788459259111
3.22 -0.006468188150978
3.23 -0.006388180687943
3.24 -0.004064530034789
3.25 -0.001794150423692
3.26 -0.00203628252698
3.27 -0.003357063886187
3.28 -0.003584449855069
3.29 -0.001726549882115
3.3 -0.000224997520272
3.31 -9.9233526727e-05
3.32 0.000981623504706
3.33 0.002389384140664
3.34 0.002829351797454
3.35 0.001857855907999
3.36 8.6374327335e-05
3.37 -0.001972236787327
3.38 -0.00356200019641
3.39 -0.003017474550832
3.4 -0.000842959379515
3.41 0.001005986312143
3.42 0.000802292406648
3.43 -2.9224737078e-05
3.44 0.000519017208939
3.45 0.00230249531083
3.46 0.004255148500826
3.47 0.004902933278995
3.48 0.002785421365112
3.49 0.000280627041649
3.5 -0.00035740601365
3.51 -0.00073212468818
3.52 -0.002256415607093
3.53 -0.005056295185656
3.54 -0.007148445411697
3.55 -0.008089128238626
3.56 -0.011167242227296
3.57 -0.014079887826305
3.58 -0.01467229916551
3.59 -0.010790819214795
3.6 -0.003312549001117
3.61 0.004744582496458
3.62 0.009466412683594
3.63 0.012382216910798
3.64 0.015338328268888
3.65 0.018067962064882
3.66 0.019627346809514
3.67 0.018495369119487
3.68 0.01591813161439
3.69 0.012494711765207
3.7 0.008723510472109
3.71 0.004675106474775
3.72 0.000737106884159
3.73 -0.002370754540025
3.74 -0.003617148226537
3.75 -0.004286578982729
3.76 -0.006562572783211
3.77 -0.008788241429916
3.78 -0.004817963678778
3.79 0.003721002808275
3.8 0.009897664603061
3.81 0.012342630864796
3.82 0.014672770960921
3.83 0.017222802559782
3.84 0.014094307124463
3.85 0.004407942052816
3.86 -0.003447454543987
3.87 -0.007401657984593
3.88 -0.013500438242987
3.89 -0.020543886845793
3.9 -0.024056327765639
3.91 -0.022263225266167
3.92 -0.01442788467858
3.93 -0.00108237062493
3.94 0.012825368055255
3.95 0.020905455838117
3.96 0.023807511202494
3.97 0.027573333252426
3.98 0.029832475859175
3.99 0.023522813020703
4.0 0.012623911088404
4.01 0.005565153294496
4.02 0.000928458703491
4.03 -0.009455197708468
4.04 -0.020649434552665
4.05 -0.025413740960089
4.06 -0.02350446504042
4.07 -0.016650937508861
4.08 -0.010296220568109
4.09 -0.004768476634709
4.1 -0.000594972768879
4.11 0.002841591087024
4.12 0.007489616512803
4.13 0.011318486324202
4.14 0.012013823329858
4.15 0.011828567877401
4.16 0.009560837573772
4.17 0.003933188442479
4.18 -0.003178413629776
4.19 -0.006533487082606
4.2 -0.004034603687155
4.21 0.002135486915751
4.22 0.009052243089514
4.23 0.012644818197062
4.24 0.01492981981556
4.25 0.017655674048968
4.26 0.022711976938923
4.27 0.021684925573144
4.28 0.009182724586104
4.29 0.000602690313967
4.3 -0.003799959925717
4.31 -0.011851937333277
4.32 -0.020105444920358
4.33 -0.025186200365493
4.34 -0.023513046752054
4.35 -0.018688330910317
4.36 -0.016644057694483
4.37 -0.009744700717376
4.38 0.00047408135305
4.39 0.008696156308382
4.4 0.014689973766611
4.41 0.018891186067487
4.42 0.023949079207606
4.43 0.030005887956045
4.44 0.035935013098344
4.45 0.037768588394171
4.46 0.036782301073374
4.47 0.030270802417599
4.48 0.01199190488592
4.49 -0.007111732547987
4.5 -0.015421392194159
4.51 -0.020643135668803
4.52 -0.035874995497363
4.53 -0.049066562975926
4.54 -0.050635023839354
4.55 -0.032694584596212
4.56 -0.003227910342099
4.57 0.009453705768555
4.58 0.022749658112804
4.59 0.043488499966639
4.6 0.061329850544497
4.61 0.078329191398247
4.62 0.081755125871651
4.63 0.079583367390063
4.64 0.077952176075051
4.65 0.058282655624186
4.66 0.019811872197042
4.67 -0.004101163711416
4.68 -0.010007643049985
4.69 -0.035056495973203
4.7 -0.061360602504484
4.71 -0.092510417547669
4.72 -0.105121411530091
4.73 -0.103780541674558
4.74 -0.113424341471081
4.75 -0.108160839622692
4.76 -0.087518641948401
4.77 -0.061269871246119
4.78 -0.039025780005446
4.79 -0.015845724966606
4.8 0.017188013935963
4.81 0.049621997085965
4.82 0.076803478492061
4.83 0.102923907580301
4.84 0.12277362667165
4.85 0.140597755940096
4.86 0.148505331933063
4.87 0.152303559215288
4.88 0.154112082861144
4.89 0.148333373225168
4.9 0.143988615331481
4.91 0.129488695253668
4.92 0.102992213480299
4.93 0.094395334515357
4.94 0.090249004866423
4.95 0.087133415128985
4.96 0.076113113672074
4.97 0.06634780946494
4.98 0.060164212398825
4.99 0.044227811637468
5.0 0.035980502134749
5.01 0.025835620621761
5.02 0.021911975048473
5.03 0.004538698064244
5.04 -0.007212905728103
5.05 -0.018644659710298
5.06 -0.03065085865899
5.07 -0.034621627299194
5.08 -0.04907297437022
5.09 -0.050108477399509
5.1 -0.052362559526209
5.11 -0.048967831753441
5.12 -0.047339580748909
5.13 -0.047880234537675
5.14 -0.054558826796231
5.15 -0.056414710321391
5.16 -0.054625117394999
5.17 -0.054875181212593
5.18 -0.064169700356948
5.19 -0.066454216131395
5.2 -0.102359135885851
5.21 -0.125338629627531
5.22 -0.140209362431708
5.23 -0.15546059810293
5.24 -0.159902846344176
5.25 -0.1772438860846
5.26 -0.184629328657169
5.27 -0.177410870428036
5.28 -0.178522419868662
5.29 -0.17668482484968
5.3 -0.172140000065005
5.31 -0.158675012026298
5.32 -0.143524528466893
5.33 -0.11010587723966
5.34 -0.052534335236421
5.35 -0.040023238038692
5.36 -0.049202136384699
5.37 -0.012263473932323
5.38 0.021885241284198
5.39 0.064396302404364
5.4 0.081827544195567
5.41 0.080766843133632
5.42 0.106135157366654
5.43 0.117116023914541
5.44 0.115403894639988
5.45 0.129889476021851
5.46 0.133129225333263
5.47 0.127812502715918
5.48 0.11417073414111
5.49 0.074951139157552
5.5 0.060113941564292
5.51 0.056099354421319
5.52 0.035036174394707
5.53 0.005015427390744
5.54 -0.02140579619866
5.55 -0.021296477647382
5.56 -0.001573713685786
5.57 0.009037236421471
5.58 0.022026460498089
5.59 0.031142673651432
5.6 0.041876762424899
5.61 0.046694719739415
5.62 0.023708719823716
5.63 -0.0030596144134
5.64 -0.002486312025891
5.65 -0.018759294457964
5.66 -0.034609414213386
5.67 -0.067018155238912
5.68 -0.104425491814567
5.69 -0.096649241607772
5.7 -0.095757427517061
5.71 -0.104905555380671
5.72 -0.105776242253258
5.73 -0.124828939648298
5.74 -0.117746371023969
5.75 -0.115958090016755
5.76 -0.128335137494939
5.77 -0.12755103432069
5.78 -0.139044158264871
5.79 -0.14327304547891
5.8 -0.147347419816332
5.81 -0.152033184482651
5.82 -0.152851842959558
5.83 -0.156285481551348
5.84 -0.155829420662974
5.85 -0.139114194975285
5.86 -0.10803873054872
5.87 -0.126923969189931
5.88 -0.120233046465202
5.89 -0.106888444316489
5.9 -0.074778389525286
5.91 -0.064741541955538
5.92 -0.049494884790859
5.93 -0.027504551897431
5.94 -0.027297954747171
5.95 -0.014229090745327
5.96 -0.000106601921079
5.97 0.010402395622013
5.98 -0.005633473964032
5.99 -0.064844443356502
6.0 -0.064912811031367
6.01 -0.059071229808792
6.02 -0.081966414769574
6.03 -0.090840981624347
6.04 -0.088017084668996
6.05 -0.042054361178017
6.06 -0.036876580801962
6.07 0.00126786645249
6.08 0.045231318877381
6.09 0.077702004089635
6.1 0.094079693517361
6.11 0.144374948196431
6.12 0.200440965897209
6.13 0.211453621397741
6.14 0.222179662789623
6.15 0.244494516458461
6.16 0.270904985900788
6.17 0.305590234716599
6.18 0.327382109441949
6.19 0.329507191638663
6.2 0.335563835846949
6.21 0.342343803405335
6.22 0.341773670748532
6.23 0.344868729735899
6.24 0.355882687629304
6.25 0.338836669545206
6.26 0.242578321109774
6.27 0.123381919283072
6.28 0.145629872172315
6.29 0.151735625651363
6.3 0.085048119504929
6.31 0.003667318932233
6.32 -0.048358366401144
6.33 -0.055796353559094
6.34 -0.052088323080456
6.35 -0.067001255661128
6.36 -0.08740851256696
6.37 -0.090807450555337
6.38 -0.083499233594031
6.39 -0.0913758179514
6.4 -0.048269966987191
6.41 -0.016549705617843
6.42 -0.022359429347493
6.43 -0.01551133868461
6.44 0.008497434087054
6.45 0.040003781319555
6.46 0.059653067760913
6.47 0.049810785702158
6.48 0.060907494671839
6.49 0.038860925744924
6.5 0.025902749051829
6.51 0.022238227683462
6.52 0.007347488826294
6.53 -0.009651826707629
6.54 -0.048862324328039
6.55 -0.06300850259212
6.56 -0.076297938624928
6.57 -0.090192459745057
6.58 -0.091553366349156
6.59 -0.099856397472402
6.6 -0.091719701159971
6.61 -0.099355823350964
6.62 -0.14053676707983
6.63 -0.145109072271608
6.64 -0.205201509011835
6.65 -0.171483926774351
6.66 -0.05553931950667
6.67 0.023950786644151
6.68 -0.059778475655724
6.69 -0.038058013585133
6.7 -0.032949135857326
6.71 0.064192389485683
6.72 0.142722751808632
6.73 0.064103320003727
6.74 0.072430573110292
6.75 0.018692954368445
6.76 0.000539977941117
6.77 0.019600841461725
6.78 -0.021326528980543
6.79 -0.033060866614748
6.8 -0.050000711395899
6.81 -0.010307771533007
6.82 0.022501610754354
6.83 0.033917193342851
6.84 0.059942567486073
6.85 0.094059025224674
6.86 0.103569403756503
6.87 0.111992660150665
6.88 0.124335273227396
6.89 0.177568304451077
6.9 0.201510452536312
6.91 0.177215901282062
6.92 0.201154749065071
6.93 0.212435656887201
6.94 0.23250637327055
6.95 0.25610603199036
6.96 0.254065291771771
6.97 0.25222941969635
6.98 0.272202213914848
6.99 0.234326370944399
7.0 0.245316021434362
7.01 0.191781802015094
7.02 0.153894783530172
7.03 0.15153854026148
7.04 0.14244120291196
7.05 0.126543317425888
7.06 0.109898692428776
7.07 0.088265643876552
7.08 0.102391654243993
7.09 0.090617873941762
7.1 0.090562431467573
7.11 0.099244042232905
7.12 0.085281782159991
7.13 0.072324652609568
7.14 0.058524577812196
7.15 0.013347474327249
7.16 -0.046524349047534
7.17 -0.081823393569231
7.18 -0.108975376937692
7.19 -0.138794150891569
7.2 -0.19970216750252
7.21 -0.265656870502235
7.22 -0.32871750881084
7.23 -0.360421575642192
7.24 -0.396223632412732
7.25 -0.440571825938358
7.26 -0.477858440226532
7.27 -0.520324927934584
7.28 -0.564415851729446
7.29 -0.596565778162483
7.3 -0.60410848863043
7.31 -0.600267666040158
7.32 -0.595727215744824
7.33 -0.593166464937758
7.34 -0.61625463392012
7.35 -0.582073790892773
7.36 -0.38385109657755
7.37 -0.289515309338366
7.38 -0.318016955711411
7.39 -0.285792958123936
7.4 -0.184451021444906
7.41 -0.086267551949635
7.42 -0.006669017429825
7.43 0.022595704155062
7.44 0.028896830133502
7.45 0.062311354321983
7.46 0.10823034396844
7.47 0.139578687378305
7.48 0.155673219261896
7.49 0.1870794575009
7.5 0.22830588782126
7.51 0.247767688207166
7.52 0.261533989191763
7.53 0.283239779602963
7.54 0.297452101142432
7.55 0.305410126999571
7.56 0.315737415400808
7.57 0.326405084680319
7.58 0.342013937984756
7.59 0.341767932464123
7.6 0.349418757451486
7.61 0.334999323274345
7.62 0.3486314384694
7.63 0.346218765476852
7.64 0.343030471762326
7.65 0.343146570247807
7.66 0.314695737273264
7.67 0.289080764662503
7.68 0.270942735263317
7.69 0.222119886855527
7.7 0.159898980901036
7.71 0.107338615297364
7.72 0.077562571147027
7.73 0.048160642110742
7.74 -0.013630923998423
7.75 -0.076050743523449
7.76 -0.114238932762103
7.77 -0.142686058638814
7.78 -0.163641268198713
7.79 -0.194834543734497
7.8 -0.221461109242976
7.81 -0.241192382657045
7.82 -0.256078470321254
7.83 -0.261923744920576
7.84 -0.264504096073676
7.85 -0.250291097467123
7.86 -0.220716590643621
7.87 -0.197260236604929
7.88 -0.189778174747464
7.89 -0.175760449097149
7.9 -0.159632129807343
7.91 -0.14062399508791
7.92 -0.134108955616794
7.93 -0.123295712413465
7.94 -0.121575263640689
7.95 -0.117471820699703
7.96 -0.118556433227378
7.97 -0.082062222279017
7.98 -0.075760889375214
7.99 -0.073988960118854
8.0 -0.111125931024541
8.01 -0.182658615846321
8.02 -0.148874814170868
8.03 -0.184666810130027
8.04 -0.205636419439652
8.05 -0.253818272409479
8.06 -0.292501579643717
8.07 -0.283362780599277
8.08 -0.270070062746151
8.09 -0.258498736417967
8.1 -0.291495886839134
8.11 -0.331692056275982
8.12 -0.31950442130756
8.13 -0.311595038778671
8.14 -0.358359169293422
8.15 -0.329346552803407
8.16 -0.179451703308731
8.17 -0.099354147717405
8.18 -0.18368251638689
8.19 -0.130649220297173
8.2 -0.113816025478664
8.21 0.019479603824932
8.22 0.144199804264279
8.23 0.095277683432045
8.24 0.162869151669211
8.25 0.218549664911624
8.26 0.232048616439008
8.27 0.289232343512127
8.28 0.325319518803759
8.29 0.370075635080579
8.3 0.406844353016594
8.31 0.429015820501988
8.32 0.460901480100597
8.33 0.483557054676103
8.34 0.497223902045369
8.35 0.513425869083141
8.36 0.527609412509714
8.37 0.532298491270777
8.38 0.530491466804883
8.39 0.538441504710519
8.4 0.546226206396217
8.41 0.54104085019932
8.42 0.540653477629562
8.43 0.511715546011702
8.44 0.519983447525892
8.45 0.505232989924134
8.46 0.492979815378928
8.47 0.450229728454222
8.48 0.38469164393523
8.49 0.297634055980329
8.5 0.240139074259456
8.51 0.21688218622331
8.52 0.180443112829602
8.53 0.103530825560061
8.54 0.004857987685611
8.55 -0.063273853206168
8.56 -0.094906041313389
8.57 -0.122357222419259
8.58 -0.168046305765201
8.59 -0.220273286734388
8.6 -0.261756826851202
8.61 -0.293780474706705
8.62 -0.320262618715092
8.63 -0.348733759261369
8.64 -0.380507355055658
8.65 -0.405397346168492
8.66 -0.423963481310109
8.67 -0.444753035196799
8.68 -0.46590554142135
8.69 -0.483773361420062
8.7 -0.49844826245354
8.71 -0.509451316834295
8.72 -0.517092580955135
8.73 -0.524341117813806
8.74 -0.528513050499487
8.75 -0.528171282433288
8.76 -0.523067824043445
8.77 -0.507251663554152
8.78 -0.474920569734388
8.79 -0.421418201143074
8.8 -0.375100869629192
8.81 -0.311792385574073
8.82 -0.24189506668892
8.83 -0.17484488947141
8.84 -0.121648437388463
8.85 -0.077656158000488
8.86 -0.031249527444443
8.87 0.022628622836289
8.88 0.077412218909428
8.89 0.120839398595985
8.9 0.151176988340305
8.91 0.173854604917551
8.92 0.1989502372516
8.93 0.226011544984962
8.94 0.246616292145383
8.95 0.260097495395798
8.96 0.268186458144196
8.97 0.271793959009941
8.98 0.27305324265107
8.99 0.269380163002658
9.0 0.252903799144167
9.01 0.242160381274967
9.02 0.236661820708732
9.03 0.235514434847809
9.04 0.244798038318893
9.05 0.243002138343225
9.06 0.255214644140106
9.07 0.260009378293514
9.08 0.264651506091602
9.09 0.262620751491389
9.1 0.275400028309998
9.11 0.312701685064557
9.12 0.295785508935502
9.13 0.282269516416067
9.14 0.240132020469586
9.15 0.24849209385162
9.16 0.284691919108776
9.17 0.253497391793391
9.18 0.263697530642757
9.19 0.221554167205395
9.2 0.213747547286016
9.21 0.148432218380737
9.22 0.090200783446838
9.23 0.093706469355572
9.24 0.082248155306711
9.25 0.02899863969927
9.26 -0.052523187924595
9.27 -0.10609414977827
9.28 -0.119661762697435
9.29 -0.142364549077397
9.3 -0.179440623213978
9.31 -0.22090033907006
9.32 -0.259714212801823
9.33 -0.285274783550585
9.34 -0.310705145106155
9.35 -0.336695910900268
9.36 -0.354204038887501
9.37 -0.363718899097299
9.38 -0.369247602855229
9.39 -0.371549588129902
9.4 -0.34957243964747
9.41 -0.302653155203419
9.42 -0.269582631362967
9.43 -0.263428847284716
9.44 -0.253284152058132
9.45 -0.233659730281569
9.46 -0.215122581345683
9.47 -0.231426606108351
9.48 -0.274328637896428
9.49 -0.295842233869857
9.5 -0.32129227867546
9.51 -0.348139662214065
9.52 -0.359989203617825
9.53 -0.359085527949755
9.54 -0.322267635911395
9.55 -0.373682870929697
9.56 -0.384634931215093
9.57 -0.294455915168037
9.58 -0.120791245403403
9.59 -0.149863276170954
9.6 -0.149799345161564
9.61 -0.116990517879454
9.62 -0.042328444742579
9.63 0.074816503247276
9.64 0.107809151383347
9.65 0.112024098070763
9.66 0.180991253205014
9.67 0.213722948547178
9.68 0.247129340477498
9.69 0.31097223426753
9.7 0.34805519571452
9.71 0.384356166243893
9.72 0.430465835867551
9.73 0.464117664760481
9.74 0.49549526743889
9.75 0.523514083237933
9.76 0.543523436512216
9.77 0.559339256930897
9.78 0.570616362391621
9.79 0.576334084574758
9.8 0.576043386199816
9.81 0.560387231690269
9.82 0.514038181237369
9.83 0.430932983452213
9.84 0.350534690144686
9.85 0.296043379031562
9.86 0.263903503083708
9.87 0.221540697946589
9.88 0.152880955428951
9.89 0.081800179386629
9.9 0.036849047530022
9.91 0.014048502712325
9.92 -0.002145791108461
9.93 -0.014180601529786
9.94 -0.029968369873184
9.95 -0.049408854724681
9.96 -0.065360817304606
9.97 -0.080360829295992
9.98 -0.095174252954033
9.99 -0.105943855055687
10.0 -0.116157660900029
10.01 -0.135490500297192
10.02 -0.163048299684583
10.03 -0.189933283212839
10.04 -0.210622244117357
10.05 -0.228000801483702
10.06 -0.247961479841819
10.07 -0.27020690052694
10.08 -0.291226857807447
10.09 -0.305023258993992
10.1 -0.305999679516385
10.11 -0.29703181331833
10.12 -0.25626284565651
10.13 -0.210681198373092
10.14 -0.186553254845632
10.15 -0.18825218305831
10.16 -0.159423051968077
10.17 -0.112597867603996
10.18 -0.081044206325574
10.19 -0.082456851059237
10.2 -0.099482438397674
10.21 -0.0933804500923
10.22 -0.055258898426311
10.23 -0.024914091398142
10.24 -0.021049250231561
10.25 0.055219619010672
10.26 0.041579793887943
10.27 0.073800848235204
10.28 0.137588737377978
10.29 0.1547832954631
10.3 0.209522498364111
10.31 0.252784758812071
10.32 0.246542741966339
10.33 0.279994671356764
10.34 0.312755079126249
10.35 0.31349495526942
10.36 0.32754762371521
10.37 0.303054926022733
10.38 0.049569452136383
10.39 0.095101749264676
10.4 0.125027659398366
10.41 0.050175989489716
10.42 -0.003306192569407
10.43 -0.113111808074065
10.44 -0.194265268369812
10.45 -0.151447352982391
10.46 -0.172105956176802
10.47 -0.195085069462817
10.48 -0.166240105611015
10.49 -0.089535142038718
10.5 -0.092552936659213
10.51 -0.043257380571731
10.52 -0.028494252588882
10.53 0.02622143769977
10.54 0.086060991189356
10.55 0.107501935108149
10.56 0.11038257484442
10.57 0.122182128652268
10.58 0.13564650579855
10.59 0.155986712675202
10.6 0.1311900883599
10.61 0.064808855327799
10.62 0.036195256828975
10.63 0.018533107609985
10.64 -0.019821145733082
10.65 -0.054221757692528
10.66 -0.10736357190746
10.67 -0.128569168717102
10.68 -0.16018766800313
10.69 -0.188979370560976
10.7 -0.194989857039764
10.71 -0.19046796284657
10.72 -0.188552349152602
10.73 -0.213416554136148
10.74 -0.255688838816868
10.75 -0.302167126189637
10.76 -0.266280158007818
10.77 -0.130142548778012
10.78 -0.061371339656428
10.79 -0.107187542775076
10.8 -0.122737282598022
10.81 -0.114760041078556
10.82 -0.030699088486525
10.83 0.034563652925611
10.84 -0.050062678029732
10.85 -0.024825466435815
10.86 -0.049652016148359
10.87 -0.086048105945867
10.88 -0.128579850455065
10.89 -0.160979817065604
10.9 -0.174208805474491
10.91 -0.192553957774535
10.92 -0.215093579725513
10.93 -0.227980189702199
10.94 -0.243118503612281
10.95 -0.241319031372791
10.96 -0.239870592682934
10.97 -0.198643608210985
10.98 -0.166194688318704
10.99 -0.102450810717673
11.0 -0.078491183673142
11.01 -0.054566655070597
11.02 -0.006747336882758
11.03 0.037204855406778
11.04 0.085367642616609
11.05 0.121298108527397
11.06 0.129875657922937
11.07 0.146657189777069
11.08 0.176034416681499
11.09 0.192081370201916
11.1 0.206875950438981
11.11 0.230913095583562
11.12 0.243144821814991
11.13 0.252498051502502
11.14 0.268312126878057
11.15 0.276236099505165
11.16 0.281472028777791
11.17 0.292245661888447
11.18 0.301189286329512
11.19 0.307920023399101
11.2 0.316944520234988
11.21 0.325707998325323
11.22 0.332352408729356
11.23 0.340807615497139
11.24 0.349863793221752
11.25 0.356120564157378
11.26 0.360704981386289
11.27 0.367570580601194
11.28 0.370169475254017
11.29 0.369121471933903
11.3 0.366799931471666
11.31 0.327476738077322
11.32 0.318012788937982
11.33 0.317289343260843
11.34 0.267244999922714
11.35 0.196840819958864
11.36 0.138842640033077
11.37 0.115739536849475
11.38 0.102709215432763
11.39 0.059835837338983
11.4 0.001315070377445
11.41 -0.048003891246259
11.42 -0.082672394802342
11.43 -0.107481211740431
11.44 -0.134885986811373
11.45 -0.17035813494636
11.46 -0.210093552486022
11.47 -0.247011290403315
11.48 -0.27767822851829
11.49 -0.308436246486205
11.5 -0.341121718912071
11.51 -0.364670406969129
11.52 -0.38380718694841
11.53 -0.395415275163893
11.54 -0.405736347009431
11.55 -0.418215030710938
11.56 -0.419806754541705
11.57 -0.403745266720367
11.58 -0.385516952629824
11.59 -0.3709223867313
11.6 -0.360530565317788
11.61 -0.327122417665314
11.62 -0.269098779468958
11.63 -0.225669745093231
11.64 -0.208066129798279
11.65 -0.188578921344646
11.66 -0.158093942382211
11.67 -0.116423846888012
11.68 -0.08001369504534
11.69 -0.057379711193568
11.7 -0.044928706729946
11.71 -0.031122860185005
11.72 -0.013480499518594
11.73 0.002266840322876
11.74 0.01472691518379
11.75 0.023268749679228
11.76 0.033488274009872
11.77 0.050439889865432
11.78 0.071038624948216
11.79 0.088760784989749
11.8 0.10111302886225
11.81 0.113511451923735
11.82 0.131752800505164
11.83 0.157142509807196
11.84 0.187367165180757
11.85 0.217712608657712
11.86 0.243868885515325
11.87 0.266522220513173
11.88 0.288869466134154
11.89 0.311499000692861
11.9 0.334203199387472
11.91 0.355955244887144
11.92 0.374093164599816
11.93 0.387748863748397
11.94 0.39797151681074
11.95 0.406284733932707
11.96 0.412229258345805
11.97 0.41581565168405
11.98 0.416825623556179
11.99 0.411105541112348
12.0 0.394640185717053
12.01 0.380756919940706
12.02 0.36429983663206
12.03 0.337698203821915
12.04 0.266099796232179
12.05 0.19429993818426
12.06 0.170598380756112
12.07 0.167675986508357
12.08 0.133353184394795
12.09 0.059761157974039
12.1 0.004345623881259
12.11 -0.019441680635394
12.12 -0.037692855276732
12.13 -0.064297148834056
12.14 -0.096024911762975
12.15 -0.126269247710238
12.16 -0.150115450380293
12.17 -0.174186463121937
12.18 -0.203862276264034
12.19 -0.230918025873876
12.2 -0.252189261582613
12.21 -0.272381389557743
12.22 -0.293057460473621
12.23 -0.311019775047902
12.24 -0.324331790942583
12.25 -0.335955778429004
12.26 -0.347235924881643
12.27 -0.355510175995093
12.28 -0.360641475319815
12.29 -0.364164125133664
12.3 -0.365550373277095
12.31 -0.363969400110736
12.32 -0.360696784600173
12.33 -0.348408133708929
12.34 -0.333345337949434
12.35 -0.314716100780989
12.36 -0.308553032014246
12.37 -0.296174812386189
12.38 -0.280983291028842
12.39 -0.269116445895171
12.4 -0.257474222312797
12.41 -0.246217495650084
12.42 -0.239566578779033
12.43 -0.233036850397696
12.44 -0.228037142464006
12.45 -0.210821911259513
12.46 -0.184074789727681
12.47 -0.159006165845017
12.48 -0.140496279444025
12.49 -0.12611157385641
12.5 -0.112826901229466
12.51 -0.086881454616406
12.52 -0.060308669252104
12.53 -0.035264974123749
12.54 -0.013796707859074
12.55 0.001106260111813
12.56 0.016838185079028
12.57 0.037841489490332
12.58 0.059867269753144
12.59 0.080033951421515
12.6 0.097345785646379
12.61 0.112095759107462
12.62 0.128496155473772
12.63 0.147112600485621
12.64 0.16406118010291
12.65 0.179194836445811
12.66 0.195578207465907
12.67 0.214131727820703
12.68 0.233737986721809
12.69 0.252741571314276
12.7 0.268690200657863
12.71 0.282607772716982
12.72 0.296271418870229
12.73 0.308887568951214
12.74 0.320082127614792
12.75 0.329093030721386
12.76 0.336063798403942
12.77 0.339104721979954
12.78 0.337148122953663
12.79 0.323149352647257
12.8 0.289024766333058
12.81 0.242321340339387
12.82 0.185496982795775
12.83 0.137738072052893
12.84 0.10870590612133
12.85 0.08179754962692
12.86 0.03396482076621
12.87 -0.022588906328286
12.88 -0.060309010339009
12.89 -0.073279874724591
12.9 -0.081727802856809
12.91 -0.097551797151081
12.92 -0.114704778968637
12.93 -0.126218536083105
12.94 -0.131232727767539
12.95 -0.134330475543264
12.96 -0.137656634223209
12.97 -0.1368666500459
12.98 -0.126724575831402
12.99 -0.118599610183709
13.0 -0.117290953435258
13.01 -0.120283332513892
13.02 -0.120663712497538
13.03 -0.12245361339231
13.04 -0.122482740261781
13.05 -0.130824453805687
13.06 -0.132530598723832
13.07 -0.129678166259183
13.08 -0.143151777520383
13.09 -0.14747613168828
13.1 -0.139138746305375
13.11 -0.128627335024125
13.12 -0.129008767158231
13.13 -0.139875168816343
13.14 -0.139560328846737
13.15 -0.138494899683585
13.16 -0.134363564332133
13.17 -0.139518588914715
13.18 -0.150275013510399
13.19 -0.166541201116713
13.2 -0.051191098497135
13.21 -0.067517065202143
13.22 -0.063503254651074
13.23 -0.049759467248622
13.24 -0.039776553348359
13.25 0.047646844726722
13.26 0.027978908483117
13.27 0.02652600324172
13.28 0.063706749840368
13.29 0.032895115643003
13.3 0.063535164912245
13.31 0.035995705105697
13.32 0.039250127526578
13.33 0.018832871619212
13.34 0.011212046813399
13.35 0.019425955620633
13.36 0.01558431752521
13.37 0.01608216583817
13.38 0.012279749719754
13.39 0.028461843005459
13.4 0.029508250978104
13.41 0.045020622641393
13.42 0.04743903825869
13.43 0.053422166388266
13.44 0.05572765296495
13.45 0.045222357776943
13.46 0.061679275345266
13.47 0.060461674815037
13.48 0.062017174566631
13.49 0.065323489434091
13.5 0.073074226415433
13.51 0.094949376504748
13.52 0.09976094383892
13.53 0.10574968191619
13.54 0.11705771419995
13.55 0.116416957650796
13.56 0.08686335297417
13.57 -0.000548720197551
13.58 0.048047578466232
13.59 0.02974134452767
13.6 -0.000791510757317
13.61 -0.040664593176374
13.62 -0.101212686022023
13.63 -0.070686241654702
13.64 -0.087106861367767
13.65 -0.111053572415279
13.66 -0.097138976978782
13.67 -0.118967692154413
13.68 -0.12320130706744
13.69 -0.121511568644711
13.7 -0.133063315958298
13.71 -0.137266054184509
13.72 -0.137812712199084
13.73 -0.147186806407117
13.74 -0.146478587381759
13.75 -0.144759900759745
13.76 -0.146756885948897
13.77 -0.134807521033888
13.78 -0.106923454635114
13.79 -0.080470954626162
13.8 -0.076426713850098
13.81 -0.064435975242479
13.82 -0.039256320349044
13.83 -0.011565122414046
13.84 0.006846509902081
13.85 0.010680083176974
13.86 0.021249226481688
13.87 0.029501590196009
13.88 0.036851399017343
13.89 0.049538607397612
13.9 0.060901316181561
13.91 0.066309129447689
13.92 0.069072759956708
13.93 0.076466309450152
13.94 0.090778273110875
13.95 0.102852045375577
13.96 0.107082487592034
13.97 0.109195322681203
13.98 0.115702916117483
13.99 0.125004516649058
14.0 0.131498277629888
14.01 0.134132859636786
14.02 0.136222440501512
14.03 0.139500688456916
14.04 0.139372850777996
14.05 0.134691250579948
14.06 0.125384580660434
14.07 0.117973463103653
14.08 0.112150303963469
14.09 0.10219719890426
14.1 0.088079867157971
14.11 0.07388384658652
14.12 0.06343220678622
14.13 0.055818921443099
14.14 0.048170076118874
14.15 0.039469603976174
14.16 0.031100024521178
14.17 0.022236497580731
14.18 0.014272385384523
14.19 0.008360827403931
14.2 0.003968432359349
14.21 0.000382198768729
14.22 -0.00248425930788
14.23 -0.00418575547919
14.24 -0.004923625169182
14.25 -0.005049173340255
14.26 -0.004319221768772
14.27 -0.001583039156827
14.28 0.003882147987117
14.29 0.007577272922229
14.3 0.008631425201527
14.31 0.006609359827255
14.32 0.000658374467049
14.33 -0.006949966145053
14.34 -0.012786982044912
14.35 -0.011163502731462
14.36 -0.017939355213134
14.37 -0.046172130167518
14.38 -0.068698485159116
14.39 -0.066565803795542
14.4 -0.073117764406132
14.41 -0.084814556256505
14.42 -0.101231572687635
14.43 -0.117683171521724
14.44 -0.116156458488967
14.45 -0.118871249347406
14.46 -0.123845276365012
14.47 -0.115073067647082
14.48 -0.110435521415303
14.49 -0.100406996004782
14.5 -0.098487971530197
14.51 -0.09615416171039
14.52 -0.094545670963648
14.53 -0.094433890276757
14.54 -0.097117638638372
14.55 -0.109383779264057
14.56 -0.111269178252252
14.57 -0.121827425853459
14.58 -0.117763722059974
14.59 -0.114805257435976
14.6 -0.111423514701076
14.61 -0.114039629792215
14.62 -0.116131059008551
14.63 -0.109231614842176
14.64 -0.1074089278237
14.65 -0.111738500116688
14.66 -0.118796232039795
14.67 -0.117749921275208
14.68 -0.117177366097678
14.69 -0.122483286546664
14.7 -0.126287950941097
14.71 -0.054457779762908
14.72 -0.070253418119001
14.73 -0.052217831827875
14.74 -0.049847394050589
14.75 -0.025945658507372
14.76 0.020942062324036
14.77 0.003222850385365
14.78 0.023906978959249
14.79 0.032760685588326
14.8 0.031087805047469
14.81 0.052021676161555
14.82 0.049210015602347
14.83 0.062855144053737
14.84 0.069049900810707
14.85 0.080203931997707
14.86 0.091838483862376
14.87 0.103235594380253
14.88 0.112737547058002
14.89 0.123060453863162
14.9 0.13344614846516
14.91 0.142904539679573
14.92 0.150202822308352
14.93 0.154310497389797
14.94 0.156926080219354
14.95 0.157875721908717
14.96 0.159294297231958
14.97 0.154529027841019
14.98 0.145803892013606
14.99 0.133285547514857
15.0 0.121319121344878
15.01 0.113519779221462
15.02 0.108729050159551
15.03 0.102458158854809
15.04 0.096258515497378
15.05 0.088838782609654
15.06 0.081507183233298
15.07 0.076116899187537
15.08 0.068450742188904
15.09 0.060657423077657
15.1 0.052649986926495
15.11 0.043123418084729
15.12 0.035807982185855
15.13 0.026697692688009
15.14 0.01911873740873
15.15 0.010542877445553
15.16 0.002641581794398
15.17 -0.006846425758755
15.18 -0.015853199209169
15.19 -0.025689750258191
15.2 -0.03649490588456
15.21 -0.049164671070042
15.22 -0.062620922309864
15.23 -0.076106481015147
15.24 -0.087523956829749
15.25 -0.096413313493436
15.26 -0.10494544052248
15.27 -0.111428650324269
15.28 -0.11522715757328
15.29 -0.115777930976508
15.3 -0.111303470005549
15.31 -0.097408619654677
15.32 -0.080151346426448
15.33 -0.070100850313217
15.34 -0.062993644925693
15.35 -0.053104529866247
15.36 -0.039291109863658
15.37 -0.029153235992464
15.38 -0.024952877714183
15.39 -0.024003187447766
15.4 -0.023822870828699
15.41 -0.018747363131119
15.42 -0.013795082641611
15.43 -0.008458141432293
15.44 -0.004533666405267
15.45 0.001442191679935
15.46 0.010067722995622
15.47 0.016777404001132
15.48 0.020946509580392
15.49 0.027878383143495
15.5 0.035646340194391
15.51 0.040207448573642
15.52 0.039358794665479
15.53 0.040538548981007
15.54 0.049095679540314
15.55 0.059013949506744
15.56 0.064002032757249
15.57 0.070141356278902
15.58 0.078288613772766
15.59 0.089954432702252
15.6 0.101343773101117
15.61 0.114711725933638
15.62 0.129150910467534
15.63 0.142957940054665
15.64 0.155857606644323
15.65 0.166841163080654
15.66 0.177604307816049
15.67 0.186642887461292
15.68 0.195532097870473
15.69 0.200909457343364
15.7 0.203858225101251
15.71 0.205519786894292
15.72 0.205686735040507
15.73 0.207181925855859
15.74 0.204289014126793
15.75 0.115972775733285
15.76 0.060632845384571
15.77 0.096158402111965
15.78 0.061233959402798
15.79 0.01667531528326
15.8 -0.036086567082002
15.81 -0.082516515792665
15.82 -0.071493976044184
15.83 -0.092433415743116
15.84 -0.118404400018771
15.85 -0.122820393039158
15.86 -0.13019263434736
15.87 -0.14684557449111
15.88 -0.148646855695352
15.89 -0.142336780707989
15.9 -0.146219829783535
15.91 -0.128808565821851
15.92 -0.123971441677941
15.93 -0.121559593808806
15.94 -0.110306064721249
15.95 -0.10466025491402
15.96 -0.100199084621733
15.97 -0.110068802830773
15.98 -0.114709042041871
15.99 -0.124890746870316
16.0 -0.132448378698354
16.01 -0.140526813159267
16.02 -0.137520381712686
16.03 -0.130742470351721
16.04 -0.136918002490131
16.05 -0.143294639945092
16.06 -0.099089353176737
16.07 -0.071630793941032
16.08 -0.068778284725595
16.09 -0.060144520031904
16.1 -0.050098261235985
16.11 -0.006429844073928
16.12 -0.001687705640512
16.13 0.003392769129829
16.14 0.013547290230695
16.15 0.018965400773783
16.16 0.030927074249961
16.17 0.029916352146733
16.18 0.029037818404332
16.19 0.025872013199195
16.2 0.033178979292786
16.21 0.033332614283876
16.22 0.038139949581714
16.23 0.037684987363573
16.24 0.03682295134361
16.25 0.047061248935055
16.26 0.049123676196102
16.27 0.053099655039516
16.28 0.054497175389756
16.29 0.058620036062338
16.3 0.071044547694728
16.31 0.081255832737536
16.32 0.088942337884019
16.33 0.098852790314646
16.34 0.110354596428979
16.35 0.12448387175084
16.36 0.138662667543464
16.37 0.152133440750739
16.38 0.165376933388763
16.39 0.17808290510587
16.4 0.189387615380353
16.41 0.197692315631742
16.42 0.202249696480807
16.43 0.202891010792897
16.44 0.199782331698012
16.45 0.18474410506726
16.46 0.165822795725084
16.47 0.142855818452669
16.48 0.106255217442884
16.49 0.077803831079294
16.5 0.063919379140644
16.51 0.03578027120926
16.52 0.006276679845969
16.53 -0.01734814063848
16.54 -0.035883324291167
16.55 -0.042412988273006
16.56 -0.051904029553919
16.57 -0.068595226208226
16.58 -0.073722923717648
16.59 -0.07889335249477
16.6 -0.089584670306373
16.61 -0.090309082827661
16.62 -0.090077949327652
16.63 -0.092740142395264
16.64 -0.086541496593619
16.65 -0.089110180637372
16.66 -0.089643464689549
16.67 -0.08894358974509
16.68 -0.091614043409647
16.69 -0.092482134005915
16.7 -0.09338924322474
16.71 -0.097574407133812
16.72 -0.115374934627744
16.73 -0.126965125256716
16.74 -0.127761439967204
16.75 -0.136602988949311
16.76 -0.143788263380696
16.77 -0.155925009719839
16.78 -0.168329001927021
16.79 -0.170540245261252
16.8 -0.176783650656228
16.81 -0.184318472952394
16.82 -0.1804513606307
16.83 -0.109746351342068
16.84 -0.061939210172468
16.85 -0.104896973607598
16.86 -0.059666535629175
16.87 -0.044638766980453
16.88 0.021185004084778
16.89 0.053695223259872
16.9 0.019988527934189
16.91 0.062325416285138
16.92 0.056417980168076
16.93 0.05285686375329
16.94 0.069140290245303
16.95 0.050645653283284
16.96 0.034332490128193
16.97 0.015130294561504
16.98 0.020478310980459
16.99 0.02565791617657
17.0 0.015543361317473
17.01 -2.1516444702e-05
17.02 0.004439134999505
17.03 0.019360441134743
17.04 0.036859869879716
17.05 0.04717988523172
17.06 0.061888657412724
17.07 0.065819330204678
17.08 0.061604293601326
17.09 0.061506625464558
17.1 0.071070737456991
17.11 0.096990900047946
17.12 0.099062687350418
17.13 0.095401371995953
17.14 0.085398359306614
17.15 0.10997691337986
17.16 0.121287011703451
17.17 0.131262160426485
17.18 0.1429837437037
17.19 0.145081778688501
17.2 0.139021535997458
17.21 0.071018192902755
17.22 0.047619351190779
17.23 0.083823833304351
17.24 0.043077634685373
17.25 0.036702494812674
17.26 -0.036468620335487
17.27 -0.046376154502451
17.28 -0.024824433029526
17.29 -0.064938829488928
17.3 -0.050083739578461
17.31 -0.067644647344348
17.32 -0.074510258625274
17.33 -0.07159321728471
17.34 -0.087886900146845
17.35 -0.090294314302565
17.36 -0.108706194281648
17.37 -0.122104957758809
17.38 -0.130358950855974
17.39 -0.144533650465671
17.4 -0.153998218995388
17.41 -0.163839441269327
17.42 -0.174554649769421
17.43 -0.175911155752574
17.44 -0.17836910520769
17.45 -0.179697377675299
17.46 -0.180310924041604
17.47 -0.177561512278369
17.48 -0.162921534438668
17.49 -0.155892389163037
17.5 -0.147067292177578
17.51 -0.137468221371606
17.52 -0.098322637967442
17.53 -0.051489251786391
17.54 -0.040740099992942
17.55 -0.037173907868731
17.56 -0.003063727033214
17.57 0.038914245769843
17.58 0.070556539669492
17.59 0.087914872964013
17.6 0.099309019134338
17.61 0.116606321696325
17.62 0.135478571393035
17.63 0.144260101291922
17.64 0.154419829820695
17.65 0.165599172726191
17.66 0.170932615822025
17.67 0.17282420809034
17.68 0.173721940267027
17.69 0.168659619450113
17.7 0.151374120922902
17.71 0.133459520188947
17.72 0.113616254234739
17.73 0.095495682184501
17.74 0.07522424975515
17.75 0.058425791754379
17.76 0.043883144203818
17.77 0.03384475411559
17.78 0.02996485692685
17.79 0.030482901354584
17.8 0.040654323337151
17.81 0.051845451783845
17.82 0.061820613972945
17.83 0.071308170429684
17.84 0.071953996526869
17.85 0.062710835382403
17.86 0.041525917858095
17.87 0.027008229760169
17.88 0.022939011972732
17.89 0.015673266816647
17.9 -0.012114000124265
17.91 -0.056084742280331
17.92 -0.061952918953452
17.93 -0.056970548143299
17.94 -0.064731648368105
17.95 -0.064545884631907
17.96 -0.079973438592985
17.97 -0.062432522224309
17.98 -0.026573041986908
17.99 0.007846388557389
18.0 0.007947259599664
18.01 0.017793862250739
18.02 0.040945424362367
18.03 0.070600631307163
18.04 0.083125948871775
18.05 0.070285493666648
18.06 0.05852516329404
18.07 0.044102996651576
18.08 0.018871020772273
18.09 0.006208032471764
18.1 -0.005805813011915
18.11 -0.013147700466247
18.12 -0.030346604512307
18.13 -0.057128732404684
18.14 -0.073957119973623
18.15 -0.068931686972537
18.16 -0.065249339106938
18.17 -0.062006165853124
18.18 -0.023589056169322
18.19 -0.020924116149093
18.2 0.008044179255528
18.21 0.021203364777775
18.22 0.045226322993387
18.23 0.087421648993498
18.24 0.101627629267212
18.25 0.117922211922312
18.26 0.13763599523723
18.27 0.133695432960778
18.28 0.140506123068774
18.29 0.13808781478208
18.3 0.100954108305166
18.31 0.060338205670268
18.32 0.049467073893957
18.33 0.03737556409979
18.34 0.007379605769039
18.35 -0.035200828885974
18.36 -0.069841694563686
18.37 -0.081769173040833
18.38 -0.090420016762815
18.39 -0.101341623003578
18.4 -0.108233440323002
18.41 -0.108984385871101
18.42 -0.108105958097826
18.43 -0.092769652138697
18.44 -0.067733156020849
18.45 -0.056325308458412
18.46 -0.047586712496759
18.47 -0.029333931186163
18.48 -0.010327657000852
18.49 0.008108129674006
18.5 0.01669947412753
18.51 0.020141173133676
18.52 0.014852063226037
18.53 -0.004678828917072
18.54 -0.010135011487327
18.55 -0.017428080938222
18.56 -0.027788342282393
18.57 -0.049247588843882
18.58 -0.063055558208917
18.59 -0.072568740926654
18.6 -0.086501951762975
18.61 -0.095796753990101
18.62 -0.106590691556687
18.63 -0.103606293446481
18.64 -0.090559424061157
18.65 -0.065128699126977
18.66 -0.05958174086422
18.67 -0.044083554008787
18.68 -0.029307458219723
18.69 -0.010950801448603
18.7 0.01802365396098
18.71 0.019093901736616
18.72 0.030937105805081
18.73 0.023677123691875
18.74 0.015320558607899
18.75 0.012466866619972
18.76 -5.4162215085e-05
18.77 -0.008915745190781
18.78 -0.015181321803232
18.79 -0.024382452609163
18.8 -0.025994743432872
18.81 -0.026722785487153
18.82 -0.022674468901875
18.83 -0.023508029096155
18.84 -0.021239909219058
18.85 -0.010567712779139
18.86 0.000687882026463
18.87 0.004765848507711
18.88 0.009361721754017
18.89 0.016337807196687
18.9 0.027808479346062
18.91 0.030086597363172
18.92 0.029799751839604
18.93 0.03671442301739
18.94 0.059877229422448
18.95 0.075014227913698
18.96 0.063058024345958
18.97 0.051092140466922
18.98 0.058858904295206
18.99 0.069372926355466
19.0 0.068040056399805
19.01 0.063859322501822
19.02 0.05219141879276
19.03 0.056887686833527
19.04 0.041494880271678
19.05 0.035240608096295
19.06 0.014405523302243
19.07 -0.008880639149842
19.08 -0.014612979618903
19.09 -0.02383457372288
19.1 -0.040831302109818
19.11 -0.070252052135131
19.12 -0.087485890334928
19.13 -0.09527554761135
19.14 -0.103997458928504
19.15 -0.112266656484197
19.16 -0.117669064208759
19.17 -0.116388592420229
19.18 -0.117397160433945
19.19 -0.126250849173716
19.2 -0.12367371953712
19.21 -0.122101727918918
19.22 -0.117641373389465
19.23 -0.105481739535747
19.24 -0.090617680246253
19.25 -0.064359943222864
19.26 -0.03850610731725
19.27 -0.02192378420003
19.28 -0.009196125171902
19.29 0.007965105136986
19.3 0.033950638881084
19.31 0.049673070449069
19.32 0.055230384223007
19.33 0.056158586394589
19.34 0.054273810996886
19.35 0.056149454912985
19.36 0.054702936235166
19.37 0.05439416707729
19.38 0.055007901836111
19.39 0.05239110984257
19.4 0.057067853313405
19.41 0.058957123725553
19.42 0.060333461008145
19.43 0.075179848717903
19.44 0.084059930428771
19.45 0.092333709566572
19.46 0.098476845945937
19.47 0.103119055661616
19.48 0.115211954054203
19.49 0.122021528947695
19.5 0.123610217590511
19.51 0.12699768000228
19.52 0.124643768491496
19.53 0.121282299330656
19.54 0.11279002759733
19.55 0.104738392567974
19.56 0.091837469293695
19.57 0.068324966595719
19.58 0.053834886709365
19.59 0.05130602417397
19.6 0.0434532604809
19.61 0.032657272767492
19.62 0.017480259171581
19.63 0.012503696772334
19.64 0.018510254971165
19.65 0.02196473521879
19.66 0.032551656073093
19.67 0.040440493236143
19.68 0.051013954579257
19.69 0.065077647766612
19.7 0.076466816755075
19.71 0.082746141089103
19.72 0.086588732337085
19.73 0.089911965296104
19.74 0.089685125482149
19.75 0.070854654922804
19.76 0.042258803679402
19.77 0.024709039950784
19.78 0.008758260829069
19.79 -0.009477416526785
19.8 -0.03121214347624
19.81 -0.050896138136963
19.82 -0.078388717401607
19.83 -0.109035856685084
19.84 -0.11901086755952
19.85 -0.122793834569469
19.86 -0.136392111981503
19.87 -0.152616089100341
19.88 -0.167315263284291
19.89 -0.173531514965785
19.9 -0.169244812137395
19.91 -0.164676820383483
19.92 -0.150353929124938
19.93 -0.107227311030153
19.94 -0.078088968919445
19.95 -0.078727998570517
19.96 -0.06378466040489
19.97 -0.039312590159027
19.98 -0.017370789820236
19.99 -0.003769574808951
20.0 -0.017331211049538
20.01 -0.01556535768105
20.02 -0.019443660367167
20.03 -0.029884027591222
20.04 -0.034852438962524
20.05 -0.048483906876569
20.06 -0.053253142074943
20.07 -0.064759075177681
20.08 -0.073853140750558
20.09 -0.074125296910222
20.1 -0.060419811983495
20.11 -0.04491730303124
20.12 -0.044279883758142
20.13 -0.030835304689313
20.14 -0.011768502323205
20.15 0.0067164846833
20.16 0.019677002877036
20.17 0.024314202054429
20.18 0.045967378407807
20.19 0.074562613560022
20.2 0.080951688802385
20.21 0.077377296070519
20.22 0.084554558222436
20.23 0.098804768708122
20.24 0.11268837666872
20.25 0.118132673845155
20.26 0.101018771357344
20.27 0.080993317098984
20.28 0.04802972736422
20.29 0.041251550827767
20.3 0.031809082606843
20.31 0.005750414923154
20.32 -0.0145490076798
20.33 -0.031836184647428
20.34 -0.030133363688027
20.35 -0.021224291846598
20.36 -0.022737631512594
20.37 -0.013595912875903
20.38 -0.013274299295091
20.39 -0.009231227041814
20.4 -0.000783192663583
20.41 0.00271308183439
20.42 -0.001747713838562
20.43 -0.009515930007359
20.44 -0.014761429206233
20.45 -0.016463996334384
20.46 -0.020927843427718
20.47 -0.027885961184476
20.48 -0.032579830203912
20.49 -0.029320390515022
20.5 -0.038119901113359
20.51 -0.050627165860243
20.52 -0.054222164786294
20.53 -0.049843698789899
20.54 -0.058958810699938
20.55 -0.067209509970009
20.56 -0.081598014156519
20.57 -0.084147839559768
20.58 -0.088538802595216
20.59 -0.094621363069296
20.6 -0.095923871884875
20.61 -0.091167657508292
20.62 -0.065554467718166
20.63 -0.03751328426151
20.64 -0.044813953076666
20.65 -0.029630007281771
20.66 -0.009097562964634
20.67 0.018097978929078
20.68 0.034303179572338
20.69 0.026410867636507
20.7 0.038281251897161
20.71 0.038225724405011
20.72 0.036444701311501
20.73 0.040505996046618
20.74 0.037907590258356
20.75 0.040913534881207
20.76 0.039476969527103
20.77 0.039698568016607
20.78 0.037933601805219
20.79 0.038857130614969
20.8 0.040167009630377
20.81 0.036626706360142
20.82 0.034269355248936
20.83 0.032664008906702
20.84 0.033046298729296
20.85 0.030764086450209
20.86 0.026130178528809
20.87 0.026758333905466
20.88 0.029453741675108
20.89 0.033213935161674
20.9 0.036090671055092
20.91 0.036528602348066
20.92 0.039554436120337
20.93 0.041678315215197
20.94 0.044169192728147
20.95 0.045994959039571
20.96 0.0415467561649
20.97 0.039171737706824
20.98 0.022475385521181
20.99 0.011617704135755
21.0 0.013962732841141
21.01 -0.003245240574775
21.02 -0.015958235832827
21.03 -0.033471622892257
21.04 -0.039902441255956
21.05 -0.042698019964271
21.06 -0.05655665006056
21.07 -0.058301996633622
21.08 -0.063319606684422
21.09 -0.066708951255245
21.1 -0.066807718770367
21.11 -0.067140010205664
21.12 -0.065723082476244
21.13 -0.064048401636075
21.14 -0.061068550029213
21.15 -0.056755020333393
21.16 -0.051060880733458
21.17 -0.045265963465312
21.18 -0.039753238811781
21.19 -0.034828883362578
21.2 -0.02851130014853
21.21 -0.021646680802389
21.22 -0.017090229392576
21.23 -0.012106288701382
21.24 -0.006660439255316
21.25 -0.001697360549907
21.26 0.000944905037084
21.27 0.001065664483392
21.28 0.005380516280159
21.29 0.01199068083922
21.3 0.018269910628469
21.31 0.022772878183121
21.32 0.026399801968606
21.33 0.033989215531859
21.34 0.042999630530018
21.35 0.051583908157276
21.36 0.059436589749896
21.37 0.067014020330389
21.38 0.075063235490947
21.39 0.083314503338228
21.4 0.090041107098482
21.41 0.095063721416337
21.42 0.098739678545825
21.43 0.100162606466423
21.44 0.100401075208323
21.45 0.099390133321072
21.46 0.098404434310476
21.47 0.096954755123056
21.48 0.068505624523095
21.49 0.026854290626896
21.5 0.017597881289221
21.51 0.024253760008766
21.52 0.004619942435948
21.53 -0.030495899398106
21.54 -0.048410444833868
21.55 -0.05135543672112
21.56 -0.049265551408087
21.57 -0.051878067302232
21.58 -0.053654134170098
21.59 -0.033027733011706
21.6 -0.019524572044621
21.61 -0.000403168284044
21.62 0.009607978737785
21.63 0.017209385323581
21.64 0.037202185695735
21.65 0.051241349536861
21.66 0.055010675293476
21.67 0.055745157549081
21.68 0.047909883949617
21.69 0.042826502226249
21.7 0.031552922068071
21.71 0.023689740140626
21.72 0.014827402344041
21.73 0.003167969923444
21.74 -0.006532803131649
21.75 -0.015866411266189
21.76 -0.022762526071736
21.77 -0.023680769527234
21.78 -0.015007555318925
21.79 0.000801038847867
21.8 0.000648563931148
21.81 -0.002608528832646
21.82 0.011496013807344
21.83 0.024435240543351
21.84 0.02807434417174
21.85 0.020443139697213
21.86 0.012982394489292
21.87 0.004682196172768
21.88 -0.007924679237097
21.89 -0.020291921745187
21.9 -0.029872909134876
21.91 -0.03404357630734
21.92 -0.038580623917782
21.93 -0.049844650180554
21.94 -0.056062315180314
21.95 -0.044219176407832
21.96 -0.043319245628331
21.97 -0.041888388157751
21.98 -0.048130128527448
21.99 -0.036247099928294
22.0 -0.02666846960106
22.01 -0.019040904655811
22.02 -0.010638324162412
22.03 -0.007053048996553
22.04 0.001968499367501
22.05 0.006266305288744
22.06 0.012417316986189
22.07 0.009688844864846
22.08 0.007937704484094
22.09 0.006253810431706
22.1 0.004399721910683
22.11 -0.000338890500414
22.12 -0.005538271880682
22.13 -0.001516597650487
22.14 0.00269613025745
22.15 0.007672176906111
22.16 0.007214581862571
22.17 0.005876403474904
22.18 0.001469629414665
22.19 -0.002339028687328
22.2 -0.002078460700714
22.21 -0.008328163755249
22.22 -0.018346815602721
22.23 -0.030962503386869
22.24 -0.033955951196434
22.25 -0.035643503951923
22.26 -0.039266615857525
22.27 -0.044067621986282
22.28 -0.046670517122899
22.29 -0.046194994619105
22.3 -0.045555354014737
22.31 -0.044208528877307
22.32 -0.0433847022503
22.33 -0.038627897381063
22.34 -0.039713552027959
22.35 -0.042035492368874
22.36 -0.038322451150144
22.37 -0.037891550370687
22.38 -0.039662070581064
22.39 -0.044683354514922
22.4 -0.046126818144056
22.41 -0.04289702642898
22.42 -0.036817434727868
22.43 -0.032855537568428
22.44 -0.030718141428443
22.45 -0.024044917169711
22.46 -0.01460303513723
22.47 -0.00493681054928
22.48 -0.001769900590305
22.49 0.001106998128453
22.5 0.000472259295333
22.51 -0.003766469295821
22.52 -0.010949798774923
22.53 -0.018949177266058
22.54 -0.022687016982489
22.55 -0.027136776567364
22.56 -0.034410196417017
22.57 -0.039094993156903
22.58 -0.03887241501947
22.59 -0.030975918226011
22.6 -0.024672530470708
22.61 -0.016617273850942
22.62 -0.008313477755101
22.63 0.000542478254446
22.64 0.009931448803595
22.65 0.015517306140901
22.66 0.020047360906247
22.67 0.028413822483951
22.68 0.034830973631204
22.69 0.034203240897829
22.7 0.034308151234573
22.71 0.033854969340218
22.72 0.034878116703245
22.73 0.032329015775806
22.74 0.027597961714035
22.75 0.028313386632663
22.76 0.025883742975147
22.77 0.024624642408162
22.78 0.024140047323015
22.79 0.026794445604128
22.8 0.030496374486279
22.81 0.034672422493249
22.82 0.036198694784252
22.83 0.03604672618816
22.84 0.038424926043477
22.85 0.042469264649047
22.86 0.035203684740252
22.87 0.020348018157104
22.88 0.015137219198235
22.89 0.01039839129674
22.9 0.00310328080392
22.91 -0.009643044915183
22.92 -0.019346892621949
22.93 -0.022421448751013
22.94 -0.024981281760795
22.95 -0.026072831251782
22.96 -0.021898065753791
22.97 -0.018106129675544
22.98 -0.010644393135238
22.99 -0.003927864455079
23.0 0.001328398627062
23.01 0.005486200248492
23.02 0.011113348652041
23.03 0.01506438679368
23.04 0.018005098267456
23.05 0.019439859384382
23.06 0.020655124825326
23.07 0.022801302414348
23.08 0.028028457431488
23.09 0.032935304821031
23.1 0.038119087405774
23.11 0.040625355903675
23.12 0.043038063371285
23.13 0.047187039059886
23.14 0.050829853061269
23.15 0.054052145120983
23.16 0.054941936914694
23.17 0.054045016755995
23.18 0.052320951210581
23.19 0.050478392921128
23.2 0.050588171431982
23.21 0.050420754892719
23.22 0.049210055464945
23.23 0.049964387117305
23.24 0.049360540537471
23.25 0.046171998452653
23.26 0.03882584179648
23.27 0.026675131203627
23.28 0.016028188388547
23.29 0.011930280000808
23.3 0.007043950003753
23.31 -0.004579821829588
23.32 -0.020386032085866
23.33 -0.026669996976505
23.34 -0.027790686671495
23.35 -0.028525418011765
23.36 -0.030629316468208
23.37 -0.033403458775407
23.38 -0.033057154481166
23.39 -0.03528681367703
23.4 -0.036362573323424
23.41 -0.034893418810726
23.42 -0.035571501235772
23.43 -0.034860016141902
23.44 -0.033585407998851
23.45 -0.029083300210787
23.46 -0.023530612336672
23.47 -0.019923136127792
23.48 -0.018350981763884
23.49 -0.014799475290041
23.5 -0.012558122653868
23.51 -0.012403960728201
23.52 -0.015891918084842
23.53 -0.0210623540667
23.54 -0.025880233550956
23.55 -0.029694396706711
23.56 -0.030911569016004
23.57 -0.028606834330114
23.58 -0.021665009769181
23.59 -0.020636664374327
23.6 -0.01915787007196
23.61 -0.008368117839432
23.62 0.001254694011798
23.63 0.010632902238713
23.64 0.014740702943498
23.65 0.020109304074426
23.66 0.025883390205744
23.67 0.027356389952503
23.68 0.030859109930476
23.69 0.033654512958822
23.7 0.033728337429707
23.71 0.033150750265797
23.72 0.029768361824266
23.73 0.022434028527355
23.74 0.014954124073062
23.75 0.012053955547974
23.76 0.011622569943017
23.77 0.008782844045659
23.78 0.005912603943177
23.79 0.005027034185691
23.8 0.00761620281927
23.81 0.009581670668554
23.82 0.009472501011485
23.83 0.008370548128566
23.84 0.004624867661741
23.85 -0.00121554876804
23.86 -0.005778209175737
23.87 -0.014966812503841
23.88 -0.017659234528503
23.89 -0.02221501995739
23.9 -0.02379565246681
23.91 -0.025857564483729
23.92 -0.024724328720527
23.93 -0.020518404514395
23.94 -0.017639168928187
23.95 -0.014029512083834
23.96 -0.013410852925206
23.97 -0.013465009012152
23.98 -0.015395758928263
23.99 -0.017567551082403
24.0 -0.021765209105282
24.01 -0.024944602862191
24.02 -0.027036289018715
24.03 -0.028456728158248
24.04 -0.033139383724902
24.05 -0.035428232741345
24.06 -0.031202101310079
24.07 -0.029849132634911
24.08 -0.02741702598123
24.09 -0.02615175937614
24.1 -0.019150443007699
24.11 -0.011438729668668
24.12 -0.00674823954102
24.13 -0.000315027531909
24.14 0.005457429173315
24.15 0.011614957763441
24.16 0.015277992775717
24.17 0.017863489795346
24.18 0.018731693994507
24.19 0.016604376154084
24.2 0.011750136911873
24.21 0.006382341693138
24.22 0.00161488614307
24.23 -0.003710023276906
24.24 -0.007532434775291
24.25 -0.009671099845017
24.26 -0.009130200218549
24.27 -0.008819962755032
24.28 -0.007896733759202
24.29 -0.006908911970194
24.3 -0.004837206341166
24.31 -0.003577338943737
24.32 -0.00418018627042
24.33 -0.005564702448332
24.34 -0.007657686601641
24.35 -0.009215578225794
24.36 -0.012456712141187
24.37 -0.015553541104326
24.38 -0.019785072893547
24.39 -0.024887895184267
24.4 -0.025981501245265
24.41 -0.02930071037697
24.42 -0.031559136738615
24.43 -0.034238648326045
24.44 -0.035489597726605
24.45 -0.03367666824683
24.46 -0.029466433787784
24.47 -0.01634940166186
24.48 -0.007083019965237
24.49 -0.002348269484536
24.5 0.005368918160125
24.51 0.014039021480143
24.52 0.022056292280239
24.53 0.023494213899188
24.54 0.022473185268906
24.55 0.022176423178831
24.56 0.018791469184429
24.57 0.01639773827239
24.58 0.013705053962107
24.59 0.011724672748819
24.6 0.011281578576029
24.61 0.011349288479018
24.62 0.013137500677577
24.63 0.015773734374498
24.64 0.01865896304254
24.65 0.021192964707532
24.66 0.024193364879283
24.67 0.026441085535769
24.68 0.027295965498958
24.69 0.033451575722121
24.7 0.039923126295984
24.71 0.038992293428033
24.72 0.040470599393041
24.73 0.04179100148163
24.74 0.041575298662043
24.75 0.021512699569312
24.76 -0.001060540838566
24.77 0.00241901232598
24.78 -0.005762084112597
24.79 -0.022642239564449
24.8 -0.042269810092994
24.81 -0.052924183497717
24.82 -0.049758149938919
24.83 -0.053741950097323
24.84 -0.051836948967817
24.85 -0.044397350338445
24.86 -0.037454840263831
24.87 -0.026062939912137
24.88 -0.018434524964561
24.89 -0.011619255686257
24.9 -0.002658414685131
24.91 0.007351001153576
24.92 0.013388823352172
24.93 0.017456672238218
24.94 0.019155436446098
 
 
 
 
 
 
 
 
 
 
 
 
 
 
 
 
 
 
 
 
 
 
 
 
 
 
 
 
 
 
 
 
 
 
 
 
 
 
 
 
 
 
 
 
 
 
 
 
 
 
 
 
 
 
 
 
 
 
 
 
 
 
 
 
 
 
 
 
 
 
 
 
 
 
 
 
 
 
 
 
 
 
 
 
 
 
 
 
 
 
 
 
 
 
 
 
 
 
 
 
 
 
 
 
 
 
 
 
 
 
 
 
 
 
 
 
 
 
 
 
 
 
 
 
 
 
 
 
 
 
 
 
 
 
 
 
 
 
 
 
 
 
 
 
 
 
 
 
 
 
 
 
 
 
 
 
 
 
 
 
 
 
 
 
 
 
 
 
 
 
 
 
 
 
 
 
 
 
 
 
 
 
 
 
 
 
 
 
 
 
 
 
 
 
 
 
 
 
 
 
 
 
 
 
 
 
 
 
 
 
 
 
 
 
 
 
 
 
 
 
 
 
 
 
 
 
 
 
 
 
 
 
 
 
 
 
 
 
 
 
 
 
 
 
 
 
 
 
 
 
 
 
 
 
 
 
 
 
 
 
 
 
 
 
 
 
 
 
 
 
 
 
 
 
 
 
 
 
 
 
 
 
 
 
 
 
 
 
 
 
 
 
 
 
 
 
 
 
 
 
 
 
 
 
 
 
 
 
 
 
 
 
 
 
 
 
 
 
 
 
 
 
 
 
 
 
 
 
 
 
 
 
 
 
 
 
 
 
 
 
 
 
 
 
 
 
 
 
 
 
 
 
 
 
 
 
 
 
 
 
 
 
 
 
 
 
 
 
 
 
 
 
 
 
 
 
 
 
 
 
 
 
 
 
 
 
 
 
 
 
 
 
 
 
 
 
 
 
 
 
 
 
 
 
 
 
 
 
 
 
 
 
 
 
 
 
 
 
 
 
 
 
 
 
 
 
 
 
 
 
 
 
 
 
 
 
 
 
 
 
 
 
 
 
 
 
 
 
 
 
 
 
 
 
 
 
 
 
 
 
 
 
 
 
 
 
 
 
 
 
 
 
 
 
 
 
 
 
 
 
 
 
 
 
 
 
 
 
 
 
 
 
 
 
 
 
 
 
 
 
 
 
 
 
 
 
 
 
 
 
 
 
 
 
 
 
 
 
 
 
 
 
 
 
 
 
 
 
 
 
 
 
 
 
 
 
 
 
 
 
 
 
 
 
 
 
 
 
 
 
 
 
 
 
 
 
 
 
 
 
 
 
 
 
 
 
 
 
 
 
 
 
 
 
 
 
 
 
 
 
 
 
 
 
 
 
 
 
 
 
 
 
 
 
 
 
 
 
 
 
 
 
 
 
 
 
 
 
 
 
 
 
 
 
 
 
 
 
 
 
 
 
 
 
 
 
 
 
 
 
 
 
 
 
 
 
 
 
 
 
 
 
 
 
 
 
 
 
 
 
 
 
 
 
 
 
 
 
 
 
 
 
 
 
 
 
 
 
 
 
 
 
 
 
 
 
 
 
 
 
 
 
 
 
 
 
 
 
 
 
 
 
 
 
 
 
 
 
 
 
 
 
 
 
 
 
 
 
 
 
 
 
 
 
 
 
 
 
 
 
 
 
 
 
 
 
 
 
 
 
 
 
 
 
 
 
 
 
 
 
 
 
 
 
 
 
 
 
 
 
 
 
 
 
 
 
 
 
 
 
 
 
 
 
 
 
 
 
 
 
 
 
 
 
 
 
 
 
 
 
 
 
 
 
 
 
 
 
 
 
 
 
 
 
 
 
 
 
 
 
 
 
 
 
 
 
 
 
 
 
 
 
 
 
 
 
 
 
 
 
 
 
 
 
 
 
 
 
 
 
 
 
 
 
 
 
 
 
 
 
 
 
 
 
 
 
 
 
 
 
 
 
 
 
 
 
 
 
 
 
 
 
 
 
 
 
 
 
 
 
 
 
 
 
 
 
 
 
 
 
 
 
 
 
 
 
 
 
 
 
 
 
 
 
 
 
 
 
 
 
 
 
 
 
 
 
 
 
 
 
 
 
 
 
 
 
 
 
 
 
 
 
 
 
 
 
 
 
 
 
 
 
 
 
 
 
 
 
 
 
 
 
 
 
 
 
 
 
 
 
 
 
 
 
 
 
 
 
 
 
 
 
 
 
 
 
 
 
 
 
 
 
 
 
 
 
 
 
 
 
 
 
 
 
 
 
 
 
 
 
 
 
 
 
 
 
 
 
 
 
 
 
 
 
 
 
 
 
 
 
 
 
 
 
 
 
 
 
 
 
 
 
 
 
 
 
 
 
 
 
 
 
 
 
 
 
 
 
 
 
 
 
 
 
 
 
 
 
 
 
 
 
 
 
 
 
 
 
 
 
 
 
 
 
 
 
 
 
 
 
 
 
 
 
 
 
 
 
 
 
 
 
 
 
 
 
 
 
 
 
 
 
 
 
 
 
 
 
 
 
 
 
 
 
 
 
 
 
 
 
 
 
 
 
 
 
 
 
 
 
 
 
 
 
 
 
 
 
 
 
 
 
 
 
 
 
 
 
 
 
 
 
 
 
 
 
 
 
 
 
 
 
 
 
 
 
 
 
 
 
 
 
 
 
 
 
 
 
 
 
 
 
 
 
 
 
 
 
 
 
 
 
 
 
 
 
 
 
 
 
 
 
 
 
 
 
 
 
 
 
 
 
 
 
 
 
 
 
 
 
 
 
 
 
 
 
 
 
 
 
 
 
 
 
 
 
 
 
 
 
 
 
 
 
 
 
 
 
 
 
 
 
 
 
 
 
 
 
 
 
 
 
 
 
 
 
 
 
 
 
 
 
 
 
 
 
 
 
 
 
 
 
 
 
 
 
 
 
 
 
 
 
 
 
 
 
 
 
 
 
 
 
 
 
 
 
 
 
 
 
 
 
 
 
 
 
 
 
 
 
 
 
 
 
 
 
 
 
 
 
 
 
 
 
 
 
 
 
 
 
 
 
 
 
 
 
 
 
 
 
 
 
 
 
 
 
 
 
 
 
 
 
 
 
 
 
 
 
 
 
 
 
 
 
 
 
 
 
 
 
 
 
 
 
 
 
 
 
 
 
 
 
 
 
 
 
 
 
 
 
 
 
 
 
 
 
 
 
 
 
 
 
 
 
 
 
 
 
 
 
 
 
 
 
 
 
 
 
 
 
 
 
 
 
 
 
 
 
 
 
 
 
 
 
 
 
 
 
 
 
 
 
 
 
 
 
 
 
 
 
 
 
 
 
 
 
 
 
 
 
 
 
 
 
 
 
 
 
 
 
 
 
 
 
 
 
 
 
 
 
 
 
 
 
 
 
 
 
 
 
 
 
 
 
 
 
 
 
 
 
 
 
 
 
 
 
 
 
 
 
 
 
 
 
 
 
 
 
 
 
 
 
 
 
 
 
 
 
 
 
 
 
 
 
 
 
 
 
 
 
 
 
 
 
 
 
 
 
 
 
 
 
 
 
 
 
 
 
 
 
 
 
 
 
 
 
 
 
 
 
 
 
 
 
 
 
 
 
 
 
 
 
 
 
 
 
 
 
 
 
 
 
 
 
 
 
 
 
 
 
 
 
 
 
 
 
 
 
 
 
 
 
 
 
 
 
 
 
 
 
 
 
 
 
 
 
 
 
 
 
 
 
 
 
 
 
 
 
 
 
 
 
 
 
 
 
 
 
 
 
 
 
 
 
 
 
 
 
 
 
 
 
 
 
 
 
 
 
 
 
 
 
 
 
 
 
 
 
 
 
 
 
 
 
 
 
 
 
 
 
 
 
 
 
 
 
 
 
 
 
 
 
 
 
 
 
 
 
 
 
 
 
 
 
 
 
 
 
 
 
 
 
 
 
 
 
 
 
 
 
 
 
 
 
 
 
 
 
 
 
 
 
 
 
 
 
 
 
 
 
 
 
 
 
 
 
 
 
 
 
 
 
 
 
 
 
 
 
 
 
 
 
 
 
 
 
 
 
 
 
 
 
 
 
 
 
 
 
 
 
 
 
 
 
 
 
 
 
 
 
 
 
 
 
 
 
 
 
 
 
 
 
 
 
 
 
 
 
 
 
 
 
 
 
 
 
 
 
 
 
 
 
 
 
 
 
 
 
 
 
 
 
 
 
 
 
 
 
 
 
 
 
 
 
 
 
 
 
 
 
 
 
 
 
 
 
 
 
 
 
 
 
 
 
 
 
 
 
 
 
 
 
 
 
 
 
 
 
 
 
 
 
 
 
 
 
 
 
 
 
 
 
 
 
 
 
 
 
 
 
 
 
 
 
 
 
 
 
 
 
 
 
 
 
 
 
 
 
 
 
 
 
 
 
 
 
 
 
 
 
 
 
 
 
 
 
 
 
 
 
 
 
 
 
 
 
 
 
 
 
 
 
 
 
 
 
 
 
 
 
 
 
 
 
 
 
 
 
 
 
 
 
 
 
 
 
 
 
 
 
 
 
 
 
 
 
 
 
 
 
 
 
 
 
 
 
 
 
 
 
 
 
 
 
 
 
 
 
 
 
 
 
 
 
 
 
 
 
 
 
 
 
 
 
 
 
 
 
 
 
 
 
 
 
 
 
 
 
 
 
 
 
 
 
 
 
 
 
 
 
 
 
 
 
 
 
 
 
 
 
 
 
 
 
 
 
 
 
 
 
 
 
 
 
 
 
 
 
 
 
 
 
 
 
 
 
 
 
 
 
 
 
 
 
 
 
 
 
 
 
 
 
 
 
 
 
 
 
 
 
 
 
 
 
 
 
 
 
 
 
 
 
 
 
 
 
 
 
 
 
 
 
 
 
 
 
 
 
 
 
 
 
 
 
 
 
 
 
 
 
 
 
 
 
 
 
 
 
 
 
 
 
 
 
 
 
 
 
 
 
 
 
 
 
 
 
 
 
 
 
 
 
 
 
 
 
 
 
 
 
 
 
 
 
 
 
 
 
 
 
 
 
 
 
 
 
 
 
 
 
 
 
 
 
 
 
 
 
 
 
 
 
 
 
 
 
 
 
 
 
 
 
 
 
 
 
 
 
 
 
 
 
 
 
 
 
 
 
 
 
 
 
 
 
 
 
 
 
 
 
 
 
 
 
 
 
 
 
 
 
 
 
 
 
 
 
 
 
 
 
 
 
 
 
 
 
 
 
 
 
 
 
 
 
 
 
 
 
 
 
 
 
 
 
 
 
 
 
 
 
 
 
 
 
 
 
 
 
 
 
 
 
 
 
 
 
 
 
 
 
 
 
 
 
 
 
 
 
 
 
 
 
 
 
 
 
 
 
 
 
 
 
 
 
 
 
 
 
 
 
 
 
 
 
 
 
 
 
 
 
 
 
 
 
 
 
 
 
 
 
 
 
 
 
 
 
 
 
 
 
 
 
 
 
 
 
 
 
 
 
 
 
 
 
 
 
 
 
 
 
 
 
 
 
 
 
 
 
 
 
 
 
 
 
 
 
 
 
 
 
 
 
 
 
 
 
 
 
 
 
 
 
 
 
 
 
 
 
 
 
 
 
 
 
 
 
 
 
 
 
 
 
 
 
 
 
 
 
 
 
 
 
 
 
 
 
 
 
 
 
 
 
 
 
 
 
 
 
 
 
 
 
 
 
 
 
 
 
 
 
 
 
 
 
 
 
 
 
 
 
 
 
 
 
 
 
 
 
 
 
 
 
 
 
 
 
 
 
 
 
 
 
 
 
 
 
 
 
 
 
 
 
 
 
 
 
 
 
 
 
 
 
 
 
 
 
 
 
 
 
 
 
 
 
 
 
 
 
 
 
 
 
 
 
 
 
 
 
 
 
 
 
 
 
 
 
 
 
 
 
 
 
 
 
 
 
 
 
 
 
 
 
 
 
 
 
 
 
 
 
 
 
 
 
 
 
 
 
 
 
 
 
 
 
 
 
 
 
 
 
 
 
 
 
 
 
 
 
 
 
 
 
 
 
 
 
 
 
 
 
 
 
 
 
 
 
 
 
 
 
 
 
 
 
 
 
 
 
 
 
 
 
 
 
 
 
 
 
 
 
 
 
 
 
 
 
 
 
 
 
 
 
 
 
 
 
 
 
 
 
 
 
 
 
 
 
 
 
 
 
 
 
 
 
 
 
 
 
 
 
 
 
 
 
 
 
 
 
 
 
 
 
 
 
 
 
 
 
 
 
 
 
 
 
 
 
 
 
 
 
 
 
 
 
 
 
 
 
 
 
 
 
 
 
 
 
 
 
 
 
 
 
 
 
 
 
 
 
 
 
 
 
 
 
 
 
 
 
 
 
 
 
 
 
 
 
 
 
 
 
 
 
 
 
 
 
 
 
 
 
 
 
 
 
 
 
 
 
 
 
 
 
 
 
 
 
 
 
 
 
 
 
 
 
 
 
 
 
 
 
 
 
 
 
 
 
 
 
 
 
 
 
 
 
 
 
 
 
 
 
 
 
 
 
 
 
 
 
 
 
 
 
 
 
 
 
 
 
 
 
 
 
 
 
 
 
 
 
 
 
 
 
 
 
 
 
 
 
 
 
 
 
 
 
 
 
 
 
 
 
 
 
 
 
 
 
 
 
 
 
 
 
 
 
 
 
 
 
 
 
 
 
 
 
 
 
 
 
 
 
 
 
 
 
 
 
 
 
 
 
 
 
 
 
 
 
 
 
 
 
 
 
 
 
 
 
 
 
 
 
 
 
 
 
 
 
 
 
 
 
 
 
 
 
 
 
 
 
 
 
 
 
 
 
 
 
 
 
 
 
 
 
 
 
 
 
 
 
 
 
 
 
 
 
 
 
 
 
 
 
 
 
 
 
 
 
 
 
 
 
 
 
 
 
 
 
 
 
 
 
 
 
 
 
 
 
 
 
 
 
 
 
 
 
 
 
 
 
 
 
 
 
 
 
 
 
 
 
 
 
 
 
 
 
 
 
 
 
 
 
 
 
 
 
 
 
 
 
 
 
 
 
 
 
 
 
 
 
 
 
 
 
 
 
 
 
 
 
 
 
 
 
 
 
 
 
 
 
 
 
 
 
 
 
 
 
 
 
 
 
 
 
 
 
 
 
 
 
 
 
 
 
 
 
 
 
 
 
 
 
 
 
 
 
 
 
 
 
 
 
 
 
 
 
 
 
 
 
 
 
 
 
 
 
 
 
 
 
 
 
 
 
 
 
 
 
 
 
 
 
 
 
 
 
 
 
 
 
 
 
 
 
 
 
 
 
 
 
 
 
 
 
 
 
 
 
 
 
 
 
 
 
 
 
 
 
 
 
 
 
 
 
 
 
 
 
 
 
 
 
 
 
 
 
 
 
 
 
 
 
 
 
 
 
 
 
 
 
 
 
 
 
 
 
 
 
 
 
 
 
 
 
 
 
 
 
 
 
 
 
 
 
 
 
 
 
 
 
 
 
 
 
 
 
 
 
 
 
 
 
 
 
 
 
 
 
 
 
 
 
 
 
 
 
 
 
 
 
 
 
 
 
 
 
 
 
 
 
 
 
 
 
 
 
 
 
 
 
 
 
 
 
 
 
 
 
 
 
 
 
 
 
 
 
 
 
 
 
 
 
 
 
 
 
 
 
 
 
 
 
 
 
 
 
 
 
 
 
 
 
 
 
 
 
 
 
 
 
 
 
 
 
 
 
 
 
 
 
 
 
 
 
 
 
 
 
 
 
 
 
 
 
 
 
 
 
 
 
 
 
 
 
 
 
 
 
 
 
 
 
 
 
 
 
 
 
 
 
 
 
 
 
 
 
 
 
 
 
 
 
 
 
 
 
 
 
 
 
 
 
 
 
 
 
 
 
 
 
 
 
 
 
 
 
 
 
 
 
 
 
 
 
 
 
 
 
 
 
 
 
 
 
 
 
 
 
 
 
 
 
 
 
 
 
 
 
 
 
 
 
 
 
 
 
 
 
 
 
 
 
 
 
 
 
 
 
 
 
 
 
 
 
 
 
 
 
 
 
 
 
 
 
 
 
 
 
 
 
 
 
 
 
 
 
 
 
 
 
 
 
 
 
 
 
 
 
 
 
 
 
 
 
 
 
 
 
 
 
 
 
 
 
 
 
 
 
 
 
 
 
 
 
 
 
 
 
 
 
 
 
 
 
 
 
 
 
 
 
 
 
 
 
 
 
 
 
 
 
 
 
 
 
 
 
 
 
 
 
 
 
 
 
 
 
 
 
 
 
 
 
 
 
 
 
 
 
 
 
 
 
 
 
 
 
 
 
 
 
 
 
 
 
 
 
 
 
 
 
 
 
 
 
 
 
 
 
 
 
 
 
 
 
 
 
 
 
 
 
 
 
 
 
 
 
 
 
 
 
 
 
 
 
 
 
 
 
 
 
 
 
 
 
 
 
 
 
 
 
 
 
 
 
 
 
 
 
 
 
 
 
 
 
 
 
 
 
 
 
 
 
 
 
 
 
 
 
 
 
 
 
 
 
 
 
 
 
 
 
 
 
 
 
 
 
 
 
 
 
 
 
 
 
 
 
 
 
 
 
 
 
 
 
 
 
 
 
 
 
 
 
 
 
 
 
 
 
 
 
 
 
 
 
 
 
 
 
 
 
 
 
 
 
 
 
 
 
 
 
 
 
 
 
 
 
 
 
 
 
 
 
 
 
 
 
 
 
 
 
 
 
 
 
 
 
 
 
 
 
 
 
 
 
 
 
 
 
 
 
 
 
 
 
 
 
 
 
 
 
 
 
 
 
 
 
 
 
 
 
 
 
 
 
 
 
 
 
 
 
 
 
 
 
 
 
 
 
 
 
 
 
 
 
 
 
 
 
 
 
 
 
 
 
 
 
 
 
 
 
 
 
 
 
 
 
 
 
 
 
 
 
 
 
 
 
 
 
 
 
 
 
 
 
 
 
 
 
 
 
 
 
 
 
 
 
 
 
 
 
 
 
 
 
 
 
 
 
 
 
 
 
 
 
 
 
 
 
 
 
 
 
 
 
 
 
 
 
 
 
 
 
 
 
 
 
 
 
 
 
 
 
 
 
 
 
 
 
 
 
 
 
 
 
 
 
 
 
 
 
 
 
 
 
 
 
 
 
 
 
 
 
 
 
 
 
 
 
 
 
 
 
 
 
 
 
 
 
 
 
 
 
 
 
 
 
 
 
 
 
 
 
 
 
 
 
 
 
 
 
 
 
 
 
 
 
 
 
 
 
 
 
 
 
 
 
 
 
 
 
 
 
 
 
 
 
 
 
 
 
 
 
 
 
 
 
 
 
 
 
 
 
 
 
 
 
 
 
 
 
 
 
 
 
 
 
 
 
 
 
 
 
 
 
 
 
 
 
 
 
 
 
 
 
 
 
 
 
 
 
 
 
 
 
 
 
 
 
 
 
 
 
 
 
 
 
 
 
 
 
 
 
 
 
 
 
 
 
 
 
 
 
 
 
 
 
 
 
 
 
 
 
 
 
 
 
 
 
 
 
 
 
 
 
 
 
 
 
 
 
 
 
 
 
 
 
 
 
 
 
 
 
 
 
 
 
 
 
 
 
 
 
 
 
 
 
 
 
 
 
 
 
 
 
 
 
 
 
 
 
 
 
 
 
 
 
 
 
 
 
 
 
 
 
 
 
 
 
 
 
 
 
 
 
 
 
 
 
 
 
 
 
 
 
 
 
 
 
 
 
 
 
 
 
 
 
 
 
 
 
 
 
 
 
 
 
 
 
 
 
 
 
 
 
 
 
 
 
 
 
 
 
 
 
 
 
 
 
 
 
 
 
 
 
 
 
 
 
 
 
 
 
 
 
 
 
 
 
 
 
 
 
 
 
 
 
 
 
 
 
 
 
 
 
 
 
 
 
 
 
 
 
 
 
 
 
 
 
 
 
 
 
 
 
 
 
 
 
 
 
 
 
 
 
 
 
 
 
 
 
 
 
 
 
 
 
 
 
 
 
 
 
 
 
 
 
 
 
 
 
 
 
 
 
 
 
 
 
 
 
 
 
 
 
 
 
 
 
 
 
 
 
 
 
 
 
 
 
 
 
 
 
 
 
 
 
 
 
 
 
 
 
 
 
 
 
 
 
 
 
 
 
 
 
 
 
 
 
 
 
 
 
 
 
 
 
 
 
 
 
 
 
 
 
 
 
 
 
 
 
 
 
 
 
 
 
 
 
 
 
 
 
 
 
 
 
 
 
 
 
 
 
 
 
 
 
 
 
 
 
 
 
 
 
 
 
 
 
 
 
 
 
 
 
 
 
 
 
 
 
 
 
 
 
 
 
 
 
 
 
 
 
 
 
 
 
 
 
 
 
 
 
 
 
 
 
 
 
 
 
 
 
 
 
 
 
 
 
 
 
 
 
 
 
 
 
 
 
 
 
 
 
 
 
 
 
 
 
 
 
 
 
 
 
 
 
 
 
 
 
 
 
 
 
 
 
 
 
 
 
 
 
 
 
 
 
 
 
 
 
 
 
 
 
 
 
 
 
 
 
 
 
 
 
 
 
 
 
 
 
 
 
 
 
 
 
 
 
 
 
 
 
 
 
 
 
 
 
 
 
 
 
 
 
 
 
 
 
 
 
 
 
 
 
 
 
 
 
 
 
 
 
 
 
 
 
 
 
 
 
 
 
 
 
 
 
 
 
 
 
 
 
 
 
 
 
 
 
 
 
 
 
 
 
 
 
 
 
 
 
 
 
 
 
 
 
 
 
 
 
 
 
 
 
 
 
 
 
 
 
 
 
 
 
 
 
 
 
 
 
 
 
 
 
 
 
 
 
 
 
 
 
 
 
 
 
 
 
 
 
 
 
 
 
 
 
 
 
 
 
 
 
 
 
 
 
 
 
 
 
 
 
 
 
 
 
 
 
 
 
 
 
 
 
 
 
 
 
 
 
 
 
 
 
 
 
 
 
 
 
 
 
 
 
 
 
 
 
 
 
 
 
 
 
 
 
 
 
 
 
 
 
 
 
 
 
 
 
 
 
 
 
 
 
 
 
 
 
 
 
 
 
 
 
 
 
 
 
 
 
 
 
 
 
 
 
 
 
 
 
 
 
 
 
 
 
 
 
 
 
 
 
 
 
 
 
 
 
 
 
 
 
 
 
 
 
 
 
 
 
 
 
 
 
 
 
 
 
 
 
 
 
 
 
 
 
 
 
 
 
 
 
 
 
 
 
 
 
 
 
 
 
 
 
 
 
 
 
 
 
 
 
 
 
 
 
 
 
 
 
 
 
 
 
 
 
 
 
 
 
 
 
 
 
 
 
 
 
 
 
 
 
 
 
 
 
 
 
 
 
 
 
 
 
 
 
 
 
 
 
 
 
 
 
 
 
 
 
 
 
 
 
 
 
 
 
 
 
 
 
 
 
 
 
 
 
 
 
 
 
 
 
 
 
 
 
 
 
 
 
 
 
 
 
 
 
 
 
 
 
 
 
 
 
 
 
 
 
 
 
 
 
 
 
 
 
 
 
 
 
 
 
 
 
 
 
 
 
 
 
 
 
 
 
 
 
 
 
 
 
 
 
 
 
 
 
 
 
 
 
 
 
 
 
 
 
 
 
 
 
 
 
 
 
 
 
 
 
 
 
 
 
 
 
 
 
 
 
 
 
 
 
 
 
 
 
 
 
 
 
 
 
 
 
 
 
 
 
 
 
 
 
 
 
 
 
 
 
 
 
 
 
 
 
 
 
 
 
 
 
 
 
 
 
 
 
 
 
 
 
 
 
 
 
 
 
 
 
 
 
 
 
 
 
 
 
 
 
 
 
 
 
 
 
 
 
 
 
 
 
 
 
 
 
 
 
 
 
 
 
 
 
 
 
 
 
 
 
 
 
 
 
 
 
 
 
 
 
 
 
 
 
 
 
 
 
 
 
 
 
 
 
 
 
 
 
 
 
 
 
 
 
 
 
 
 
 
 
 
 
 
 
 
 
 
 
 
 
 
 
 
 
 
 
 
 
 
 
 
 
 
 
 
 
 
 
 
 
 
 
 
 
 
 
 
 
 
 
 
 
 
 
 
 
 
 
 
 
 
 
 
 
 
 
 
 
 
 
 
 
 
 
 
 
 
 
 
 
 
 
 
 
 
 
 
 
 
 
 
 
 
 
 
 
 
 
 
 
 
 
 
 
 
 
 
 
 
 
 
 
 
 
 
 
 
 
 
 
 
 
 
 
 
 
 
 
 
 
 
 
 
 
 
 
 
 
 
 
 
 
 
 
 
 
 
 
 
 
 
 
 
 
 
 
 
 
 
 
 
 
 
 
 
 
 
 
 
 
 
 
 
 
 
 
 
 
 
 
 
 
 
 
 
 
 
 
 
 
 
 
 
 
 
 
 
 
 
 
 
 
 
 
 
 
 
 
 
 
 
 
 
 
 
 
 
 
 
 
 
 
 
 
 
 
 
 
 
 
 
 
 
 
 
 
 
 
 
 
 
 
 
 
 
 
 
 
 
 
 
 
 
 
 
 
 
 
 
 
 
 
 
 
 
 
 
 
 
 
 
 
 
 
 
 
 
 
 
 
 
 
 
 
 
 
 
 
 
 
 
 
 
 
 
 
 
 
 
 
 
 
 
 
 
 
 
 
 
 
 
 
 
 
 
 
 
 
 
 
 
 
 
 
 
 
 
 
 
 
 
 
 
 
 
 
 
 
 
 
 
 
 
 
 
 
 
 
 
 
 
 
 
 
 
 
 
 
 
 
 
 
 
 
 
 
 
 
 
 
 
 
 
 
 
 
 
 
 
 
 
 
 
 
 
 
 
 
 
 
 
 
 
 
 
 
 
 
 
 
 
 
 
 
 
 
 
 
 
 
 
