0.0 0.0
0.01 2.3375519e-07
0.02 2.35650255e-07
0.03 2.42229579e-07
0.04 2.68052035e-07
0.05 3.54568424e-07
0.06 5.22792227e-07
0.07 6.24329193e-07
0.08 3.40380092e-07
0.09 -4.84120374e-07
0.1 -1.456411432e-06
0.11 -2.002729638e-06
0.12 -2.812164656e-06
0.13 -5.104131409e-06
0.14 -7.468123168e-06
0.15 -7.466415097e-06
0.16 -5.438866607e-06
0.17 -3.923975879e-06
0.18 -5.425146586e-06
0.19 -6.935612282e-06
0.2 -2.733256072e-06
0.21 5.451897751e-06
0.22 1.4527037364e-05
0.23 1.9392445293e-05
0.24 9.43641026e-06
0.25 -1.056878447e-05
0.26 -2.1373901617e-05
0.27 -1.9826305051e-05
0.28 -1.591823816e-05
0.29 -1.1491591254e-05
0.3 -9.62886723e-07
0.31 9.650538013e-06
0.32 3.26228155e-06
0.33 -1.8624154668e-05
0.34 -3.6725818969e-05
0.35 -3.2743960265e-05
0.36 -1.1525761394e-05
0.37 -2.124562847e-06
0.38 -2.4830652565e-05
0.39 -8.2394605388e-05
0.4 -0.000134925837446
0.41 -0.000107583683846
0.42 -1.4361910655e-05
0.43 4.3746995187e-05
0.44 4.4412421346e-05
0.45 4.6540823765e-05
0.46 6.3358369374e-05
0.47 9.6176738337e-05
0.48 0.000102309069746
0.49 2.477437258e-06
0.5 -0.000147340869888
0.51 -0.0002020769407
0.52 -0.000149410936164
0.53 -8.6304483675e-05
0.54 -0.000107850460996
0.55 -0.00017247975135
0.56 -0.000156869285125
0.57 -7.9715351422e-05
0.58 -2.2073291537e-05
0.59 7.28958064e-07
0.6 2.2103100647e-05
0.61 7.1256793728e-05
0.62 0.000139293164633
0.63 0.000201805367413
0.64 0.000129584055897
0.65 -0.000101660843836
0.66 -0.000215593188495
0.67 -0.000157149594526
0.68 -0.00016803178658
0.69 -0.000211348149281
0.7 -9.9898397058e-05
0.71 -2.3413550181e-05
0.72 -0.000126754428952
0.73 -0.000167888166165
0.74 -3.1749926277e-05
0.75 6.9141610558e-05
0.76 -4.1996979209e-05
0.77 -0.00020766545528
0.78 -0.000255504391596
0.79 -0.000283737178823
0.8 -0.000313247611627
0.81 -0.000223067240475
0.82 -0.000132920585981
0.83 -0.000108874945771
0.84 8.5049063669e-05
0.85 0.000320719316338
0.86 0.000145275624397
0.87 -0.000148672773685
0.88 -0.000113304708818
0.89 -5.8958506259e-05
0.9 -0.000106406982654
0.91 0.000101132618641
0.92 0.00028560780152
0.93 3.2789875136e-05
0.94 -0.000437023431116
0.95 -0.000711581449342
0.96 -0.000627728036761
0.97 -0.000436336583281
0.98 -0.000317227298782
0.99 -0.000165736367266
1.0 1.3979651119e-05
1.01 0.000165461347086
1.02 0.000489856587619
1.03 0.000822980429707
1.04 0.000687975633101
1.05 0.000136772830271
1.06 -0.000175988913536
1.07 -1.7915565813e-05
1.08 0.000188510340338
1.09 -2.0227893256e-05
1.1 -0.000505230171982
1.11 -0.000599048173949
1.12 -0.000281849871308
1.13 -9.1359314139e-05
1.14 -3.4609274738e-05
1.15 0.000172657041865
1.16 0.000235293130951
1.17 0.000197460985019
1.18 0.000412185267049
1.19 0.000749816375014
1.2 0.000864762487377
1.21 0.000505437711631
1.22 2.4104256446e-05
1.23 -3.0503149031e-05
1.24 -0.000118021019333
1.25 -0.000777420495147
1.26 -0.001277920598359
1.27 -0.001285684046562
1.28 -0.001407153385112
1.29 -0.001623121797337
1.3 -0.001300253282736
1.31 -0.000461496055455
1.32 0.000367517232233
1.33 0.000736015009748
1.34 0.00077539960842
1.35 0.000861368425022
1.36 0.000668510994804
1.37 0.000316841305696
1.38 0.000198981112531
1.39 -1.9357111826e-05
1.4 -0.000620533083508
1.41 -0.001124622297758
1.42 -0.001503661128394
1.43 -0.001816091945012
1.44 -0.001975060503468
1.45 -0.001753790886256
1.46 -0.001076218368847
1.47 -0.000379967285653
1.48 0.000148453261521
1.49 0.000779240479019
1.5 0.001705008193156
1.51 0.002566296005533
1.52 0.003022205941532
1.53 0.002978811459233
1.54 0.001996032834058
1.55 0.000311716672616
1.56 -0.000749810808547
1.57 -0.000784805902245
1.58 -0.001008910214548
1.59 -0.001697566201413
1.6 -0.002208533687163
1.61 -0.002032969838386
1.62 -0.000837865569731
1.63 0.000763257623126
1.64 0.001439385859184
1.65 0.001409698634916
1.66 0.001486959516279
1.67 0.001545611234592
1.68 0.001267173389109
1.69 0.000943968862236
1.7 0.000477068448879
1.71 -0.000379316074143
1.72 -0.001253005346014
1.73 -0.001578607985749
1.74 -0.001613648166431
1.75 -0.001878255141721
1.76 -0.00235530985168
1.77 -0.002572255439355
1.78 -0.002022287547283
1.79 -0.000902884915648
1.8 0.000122824083664
1.81 0.000820812726823
1.82 0.001139249118727
1.83 0.001280355955407
1.84 0.001450276294027
1.85 0.00154269744613
1.86 0.000981123141463
1.87 0.000119275307737
1.88 -0.000513023266258
1.89 -0.00134047854059
1.9 -0.00195265594053
1.91 -0.001380483956552
1.92 -0.000516799657869
1.93 -0.00048073440341
1.94 -0.000694261093969
1.95 -0.000323114878205
1.96 0.00047432612135
1.97 0.001892170119318
1.98 0.003245384701674
1.99 0.002935789109609
2.0 0.001616430155999
2.01 0.001419131018824
2.02 0.001627658397971
2.03 0.000494109411915
2.04 -0.001153575098161
2.05 -0.001824611200055
2.06 -0.001741706073986
2.07 -0.001494820416193
2.08 -0.000842454093625
2.09 -0.0003176943722
2.1 -0.000643828179413
2.11 -0.000898154703218
2.12 -0.000196587283213
2.13 0.000921459188497
2.14 0.00139440673008
2.15 0.000955254262791
2.16 0.000334993274387
2.17 -0.000228470089842
2.18 -0.000545220579017
2.19 -0.000390443925869
2.2 -0.000547856058704
2.21 -0.001561785591819
2.22 -0.002781511751411
2.23 -0.002847258915304
2.24 -0.001804945077562
2.25 -0.000630671114098
2.26 8.9768908956e-05
2.27 0.000645915727744
2.28 0.001168981872526
2.29 0.001790530625738
2.3 0.002363149614518
2.31 0.002399294652904
2.32 0.001915229818243
2.33 0.001338705352471
2.34 0.000235965115383
2.35 -0.001294570226999
2.36 -0.002271486834876
2.37 -0.00254421339156
2.38 -0.002671167334
2.39 -0.002054756607853
2.4 -0.000776228014134
2.41 0.000287653847116
2.42 0.001222553541276
2.43 0.00227851749554
2.44 0.002945054403789
2.45 0.003292512154811
2.46 0.003748750950954
2.47 0.003775231654895
2.48 0.002633567186048
2.49 0.000473118198493
2.5 -0.001679011544916
2.51 -0.003012714778275
2.52 -0.003411373308259
2.53 -0.002994379416325
2.54 -0.002122572631306
2.55 -0.000955965400327
2.56 0.000191734020619
2.57 0.000803874219201
2.58 0.000929121769654
2.59 0.001059198466253
2.6 0.001321807947179
2.61 0.001097962012648
2.62 -0.00039107274964
2.63 -0.002084955297786
2.64 -0.002787624645012
2.65 -0.003034773176043
2.66 -0.003826343960853
2.67 -0.004224935873604
2.68 -0.003337878138469
2.69 -0.002286745269746
2.7 -0.001103204113869
2.71 0.001397656226131
2.72 0.00372666838606
2.73 0.004575356537875
2.74 0.005089448635433
2.75 0.005836062654065
2.76 0.005906542159553
2.77 0.004918972422363
2.78 0.002857271069814
2.79 -0.001301170448026
2.8 -0.006298049343561
2.81 -0.00859141511374
2.82 -0.008634921097418
2.83 -0.007855219898681
2.84 -0.006198699836955
2.85 -0.003175583121467
2.86 0.000489916236336
2.87 0.003724980361765
2.88 0.005625305013124
2.89 0.006048243645628
2.9 0.004976223404316
2.91 0.003295304574799
2.92 0.002177715313667
2.93 0.001336152849619
2.94 -0.001382556480516
2.95 -0.006059639105332
2.96 -0.009947564473335
2.97 -0.011820566057572
2.98 -0.011885400122628
2.99 -0.010360614135372
3.0 -0.008581928143793
3.01 -0.007492414735177
3.02 -0.005208793139124
3.03 -0.000140469106613
3.04 0.005994984091806
3.05 0.010277813190034
3.06 0.012856080255556
3.07 0.012735324366053
3.08 0.008715848876417
3.09 0.001837066207172
3.1 -0.005560544791555
3.11 -0.010199749427293
3.12 -0.011311158608796
3.13 -0.009738727221349
3.14 -0.006988974129387
3.15 -0.005553182633681
3.16 -0.006623029124886
3.17 -0.00703512720657
3.18 -0.005280449594061
3.19 -0.001805721786715
3.2 0.001835851968151
3.21 0.005905342903459
3.22 0.008732537963714
3.23 0.009412922994478
3.24 0.008257735200454
3.25 0.006219916340753
3.26 0.003463817010157
3.27 0.000158395349229
3.28 -0.001784800107976
3.29 -0.001792477246203
3.3 -0.002955733082998
3.31 -0.00606054299349
3.32 -0.008027907425722
3.33 -0.006641311708676
3.34 -0.001717857517807
3.35 0.003638551400448
3.36 0.00593591293815
3.37 0.004106003873663
3.38 -0.000448961036692
3.39 -0.002491193119041
3.4 -0.000913423875359
3.41 0.001385145351191
3.42 0.003256540920977
3.43 0.004577052286761
3.44 0.003958385020843
3.45 0.000237068221261
3.46 -0.005638886942524
3.47 -0.010703801424237
3.48 -0.012745133838357
3.49 -0.011868533561058
3.5 -0.009013978417705
3.51 -0.005643008256764
3.52 -0.002727247888338
3.53 0.000322146513448
3.54 0.005519946681233
3.55 0.011777976843447
3.56 0.016215909512945
3.57 0.017054520850713
3.58 0.013971691957854
3.59 0.009387966899424
3.6 0.005714503446963
3.61 0.002781294620829
3.62 0.001214385499063
3.63 -0.000485035589429
3.64 -0.003026600078629
3.65 -0.006584379565756
3.66 -0.010856101488264
3.67 -0.013533166848815
3.68 -0.0127381136015
3.69 -0.009759949752726
3.7 -0.00416119917643
3.71 0.00536236696821
3.72 0.016675917899384
3.73 0.024175192863343
3.74 0.026406614586989
3.75 0.025212037876887
3.76 0.021115640733484
3.77 0.013760873726465
3.78 0.00260496791072
3.79 -0.007125208800766
3.8 -0.014015612955164
3.81 -0.017644053426772
3.82 -0.019174068849776
3.83 -0.018454588105701
3.84 -0.016954970558513
3.85 -0.012563260689278
3.86 -0.002299627257532
3.87 0.012629844117956
3.88 0.026893523410247
3.89 0.036157981051025
3.9 0.03884958890384
3.91 0.033837863154592
3.92 0.019659568204434
3.93 0.003030714032539
3.94 -0.009900925229504
3.95 -0.017872053387455
3.96 -0.024581643233733
3.97 -0.027174555732345
3.98 -0.0275949708321
3.99 -0.02579358315239
4.0 -0.020737372562403
4.01 -0.009866759139823
4.02 0.003140393434315
4.03 0.016235903485038
4.04 0.025986874608453
4.05 0.031273485531897
4.06 0.028315542686646
4.07 0.021466578934658
4.08 0.014063100632119
4.09 0.00679224621919
4.1 -0.003963158203754
4.11 -0.013232825052205
4.12 -0.018965933403111
4.13 -0.019836096454544
4.14 -0.016160044254733
4.15 -0.007255361853053
4.16 0.005186339454993
4.17 0.016522598024543
4.18 0.023263094533838
4.19 0.02437035450114
4.2 0.020306908948273
4.21 0.007847094859502
4.22 -0.003556717803236
4.23 -0.01114902290342
4.24 -0.015878313487466
4.25 -0.016281494220921
4.26 -0.014150345582023
4.27 -0.011536736615023
4.28 -0.010249526381013
4.29 -0.010874766186147
4.3 -0.007783896888809
4.31 0.003061776238845
4.32 0.01749612835879
4.33 0.029598358891409
4.34 0.036472712648146
4.35 0.03521182689695
4.36 0.030375133921701
4.37 0.02609846815252
4.38 0.021334984508123
4.39 0.015637057845555
4.4 0.007547566810179
4.41 -0.005089528562308
4.42 -0.026748876515203
4.43 -0.040144202989411
4.44 -0.05011027243329
4.45 -0.049331165672088
4.46 -0.045248888868808
4.47 -0.033034486036208
4.48 -0.011201215183892
4.49 0.020769505097122
4.5 0.042495708643583
4.51 0.061385615178702
4.52 0.074068773929364
4.53 0.073559478290041
4.54 0.076954678409846
4.55 0.074242276214388
4.56 0.070404133285038
4.57 0.058806715594201
4.58 0.022352109116605
4.59 -0.024116346193939
4.6 -0.052069066743479
4.61 -0.074803482112594
4.62 -0.088616173273366
4.63 -0.095808469022198
4.64 -0.10526460485955
4.65 -0.098020185352274
4.66 -0.087480912763224
4.67 -0.062555117958242
4.68 -0.033284171179198
4.69 0.011601451448818
4.7 0.035160694176362
4.71 0.053055160843971
4.72 0.073757739123927
4.73 0.094985872113001
4.74 0.107489327910421
4.75 0.124707228248752
4.76 0.122455240109104
4.77 0.119218226129081
4.78 0.10229103424766
4.79 0.084493281985652
4.8 0.063064564004688
4.81 0.050904448147027
4.82 0.02599635788221
4.83 -0.00071247978489
4.84 -0.020033892834934
4.85 -0.023902044046238
4.86 -0.020827425618396
4.87 -0.004971956277291
4.88 0.012895365230858
4.89 0.028168757190996
4.9 0.041084678215079
4.91 0.044597494963055
4.92 0.040926798940302
4.93 0.033769089128446
4.94 0.040852490993883
4.95 0.046621695908972
4.96 0.054823331564046
4.97 0.06050849899654
4.98 0.054218193744583
4.99 0.037622871215444
5.0 0.018377885191969
5.01 0.001542312546077
5.02 0.001418171597531
5.03 0.008159122429031
5.04 0.01565549976313
5.05 0.020460891065864
5.06 0.022421315707148
5.07 0.018344458532806
5.08 0.0109844715747
5.09 -0.002470539878823
5.1 -0.021531915742267
5.11 -0.049333892976303
5.12 -0.084082964266495
5.13 -0.115735420543722
5.14 -0.141034619264517
5.15 -0.152436902770135
5.16 -0.146554284474338
5.17 -0.12530033499911
5.18 -0.106800359663181
5.19 -0.101551873635505
5.2 -0.100519823709366
5.21 -0.103964949869666
5.22 -0.113386281194546
5.23 -0.111317833118698
5.24 -0.103378996663269
5.25 -0.090237907876288
5.26 -0.025513725299694
5.27 -0.002543473284621
5.28 0.045866080243105
5.29 0.022848857044484
5.3 0.050547231381781
5.31 0.038163564046073
5.32 0.048362037037299
5.33 0.035967662868921
5.34 0.024186268399377
5.35 0.008347062147561
5.36 0.013552836342981
5.37 0.003130156572422
5.38 -0.002027148322618
5.39 -0.01773280866761
5.4 -0.037548064559442
5.41 -0.057231217472507
5.42 -0.075948552443893
5.43 -0.084395435411789
5.44 -0.085001817241861
5.45 -0.082016723779596
5.46 -0.07360060970768
5.47 -0.048774447793165
5.48 0.012370677029585
5.49 0.017736346967489
5.5 0.056716973863896
5.51 0.083331950394517
5.52 0.09980380387398
5.53 0.111084090960527
5.54 0.108763881119031
5.55 0.065033610526473
5.56 0.021550872534143
5.57 -0.001807351064704
5.58 -0.018831853809602
5.59 -0.032563103256112
5.6 -0.047214610936427
5.61 -0.059510658906589
5.62 -0.068061657901076
5.63 -0.072352156324499
5.64 -0.07793461128242
5.65 -0.079933168153792
5.66 -0.076548639907833
5.67 -0.072247200293814
5.68 -0.06477811223332
5.69 -0.058923826981908
5.7 -0.061598480387635
5.71 -0.063702272515757
5.72 -0.065226800035705
5.73 -0.06975808818354
5.74 -0.075265334579456
5.75 -0.086250241162674
5.76 -0.097207431522899
5.77 -0.09777713849751
5.78 -0.086224581921941
5.79 -0.071063774810295
5.8 -0.070903976723112
5.81 -0.09302093738088
5.82 -0.093528768587384
5.83 -0.097510845587484
5.84 -0.093379166422792
5.85 -0.047661707238568
5.86 -0.02757208872871
5.87 -0.014793594612247
5.88 -0.018834761702695
5.89 -0.035360721198679
5.9 -0.06794105435193
5.91 -0.109186375661232
5.92 -0.157933615701565
5.93 -0.173706636108281
5.94 -0.169416009441044
5.95 -0.16811220302971
5.96 -0.127453684763039
5.97 -0.067987637530078
5.98 -0.034747465569228
5.99 0.002632370734239
6.0 0.021767981401788
6.01 0.083670447900045
6.02 0.115164995789614
6.03 0.161047388008312
6.04 0.20315788799487
6.05 0.224548458407094
6.06 0.257371900784142
6.07 0.256691310871961
6.08 0.262902263921589
6.09 0.259567149335237
6.1 0.214309369708826
6.11 0.193095132293849
6.12 0.1771303940459
6.13 0.153920124172785
6.14 0.154090812021501
6.15 0.157863738798678
6.16 0.148681515321295
6.17 0.135359422183168
6.18 0.047214304290122
6.19 -0.100051631608914
6.2 -0.115615621616136
6.21 -0.079702770069591
6.22 -0.1029040209791
6.23 -0.059779020992947
6.24 -0.040610887645823
6.25 -0.027092248007298
6.26 0.014369000372734
6.27 0.011356333645802
6.28 0.050256470772063
6.29 0.049162866794879
6.3 0.084327852826534
6.31 0.136574342651537
6.32 0.175391681280689
6.33 0.191691455582499
6.34 0.200554240418832
6.35 0.207432115965823
6.36 0.201381551688722
6.37 0.197696060175073
6.38 0.187109089277772
6.39 0.169746942890172
6.4 0.139435756632097
6.41 0.073671031793809
6.42 -0.020399468085308
6.43 -0.001828647800585
6.44 -0.050575423521352
6.45 -0.039930796967621
6.46 -0.056825473083949
6.47 -0.087180812932053
6.48 -0.104571813281945
6.49 -0.132281970983147
6.5 -0.149037192088209
6.51 -0.149564744198908
6.52 -0.151416896316885
6.53 -0.163554972277105
6.54 -0.160361660158961
6.55 -0.13493212163458
6.56 -0.10675374381081
6.57 0.041693951959212
6.58 0.021142502936984
6.59 0.137130093895071
6.6 0.07190974800662
6.61 0.15336724133174
6.62 0.097420019187416
6.63 0.133956210930757
6.64 0.07436021989225
6.65 0.072867534030784
6.66 -0.037463487059043
6.67 -0.056280795133886
6.68 -0.110213438514043
6.69 -0.100393797983561
6.7 -0.108702348057518
6.71 -0.097564186779853
6.72 -0.061698316461023
6.73 -0.050416273916732
6.74 -0.013646159849362
6.75 -0.01041900551853
6.76 0.019094767276185
6.77 0.031960140735881
6.78 0.050160506961721
6.79 0.098016939319541
6.8 0.165083845151859
6.81 0.19176197393202
6.82 0.192499921650421
6.83 0.227816423630358
6.84 0.220889481892863
6.85 0.19148300819524
6.86 0.183390573021961
6.87 0.148092633215359
6.88 0.106968286929737
6.89 0.094440276699874
6.9 0.089283869644355
6.91 0.082113075931152
6.92 0.07289782277493
6.93 0.046324829071283
6.94 0.029667246614032
6.95 0.04408949089539
6.96 0.057505404992693
6.97 0.074414087025287
6.98 0.107191627460852
6.99 0.10693471189828
7.0 0.12729021233653
7.01 0.129235877785975
7.02 0.144106122070687
7.03 0.167525179454933
7.04 0.167927211624281
7.05 0.182409169473422
7.06 0.160653211815122
7.07 0.072088166535451
7.08 -0.016916507629616
7.09 -0.054273950776678
7.1 -0.12720260248655
7.11 -0.1875461286957
7.12 -0.250688944992216
7.13 -0.319418511193444
7.14 -0.377219012063913
7.15 -0.407296838238258
7.16 -0.474285061883697
7.17 -0.484365535358073
7.18 -0.476128579464694
7.19 -0.42625219116763
7.2 -0.374819103099504
7.21 -0.357926337375049
7.22 -0.322703713818676
7.23 -0.285277544640648
7.24 -0.257070086165082
7.25 -0.225109357766261
7.26 -0.143742043581786
7.27 0.181360985847276
7.28 0.015371456215409
7.29 0.236692521097091
7.3 0.067337731194379
7.31 0.169248783283885
7.32 0.051579679881957
7.33 0.107237974651791
7.34 0.013871579655892
7.35 0.065843527291268
7.36 0.012913757164328
7.37 0.037999899752018
7.38 0.04312450777673
7.39 0.037490684729668
7.4 0.056679715893101
7.41 0.029033720251859
7.42 0.001579576917
7.43 -0.024104073443029
7.44 -0.064824093708683
7.45 -0.083074797382757
7.46 -0.080041864944138
7.47 -0.074450690773334
7.48 -0.056675019229615
7.49 -0.028980427548055
7.5 -0.004390801663635
7.51 0.020768565176772
7.52 0.051229439858261
7.53 0.081531584499502
7.54 0.107328105965087
7.55 0.124784877548557
7.56 0.127950152583678
7.57 0.120271431584709
7.58 0.115517580387214
7.59 0.119124558789578
7.6 0.120440775759976
7.61 0.107662374733157
7.62 0.052807242053942
7.63 -0.049625510294123
7.64 -0.060132381439327
7.65 -0.067186814301517
7.66 -0.073233566310563
7.67 -0.079144024302904
7.68 -0.088436170253679
7.69 -0.096175347452901
7.7 -0.094473811367829
7.71 -0.084150836398184
7.72 -0.060679531601928
7.73 -0.031236557089714
7.74 0.004318958006761
7.75 0.044108663862921
7.76 0.077922347151621
7.77 0.102714264191015
7.78 0.116110237278465
7.79 0.112507356934765
7.8 0.093550750874876
7.81 0.067351303018291
7.82 0.041536102639928
7.83 0.02046661271119
7.84 0.004444391918681
7.85 -0.008624345056501
7.86 -0.020371973330066
7.87 -0.030501072638255
7.88 -0.035886518695183
7.89 -0.036385779650675
7.9 -0.082830127246656
7.91 -0.110686717190292
7.92 -0.157878172688536
7.93 -0.218133076458974
7.94 -0.243038137854694
7.95 -0.280838984216978
7.96 -0.312471181824393
7.97 -0.291497624300605
7.98 -0.302888395765051
7.99 -0.337196908796572
8.0 -0.355251181622108
8.01 -0.306986444784138
8.02 -0.348273143415105
8.03 -0.363703017283289
8.04 -0.305262916836103
8.05 -0.283881495846654
8.06 -0.279177401060468
8.07 -0.096041193861773
8.08 -0.058214420669019
8.09 0.063084012430357
8.1 0.023443245924033
8.11 0.110058749755412
8.12 0.083608489180562
8.13 0.141896904856986
8.14 0.128792459806282
8.15 0.163116748922354
8.16 0.178963580746864
8.17 0.194485393221746
8.18 0.235319955507889
8.19 0.249784749420074
8.2 0.264179779271543
8.21 0.274052337724095
8.22 0.263824546912674
8.23 0.249961317830368
8.24 0.231168582239747
8.25 0.202720836104139
8.26 0.18069831300063
8.27 0.174116163431151
8.28 0.176356129032038
8.29 0.17835334874579
8.3 0.175855295630279
8.31 0.185509463961216
8.32 0.213948710469327
8.33 0.261049005364505
8.34 0.300554610981872
8.35 0.301413030784931
8.36 0.295212875546217
8.37 0.278952922414856
8.38 0.266987713414043
8.39 0.258426213280778
8.4 0.241134272569711
8.41 0.091825581031834
8.42 -0.034868447398565
8.43 -0.045607841689469
8.44 -0.059794090251208
8.45 -0.041019155961814
8.46 -0.063005503760341
8.47 -0.054412504253199
8.48 -0.063569321879978
8.49 -0.060767706983057
8.5 -0.069375722739867
8.51 -0.077171264640964
8.52 -0.070935559499618
8.53 -0.072608774401102
8.54 -0.079328353721865
8.55 -0.082787434653137
8.56 -0.093724427468162
8.57 -0.111160377907581
8.58 -0.123439766135732
8.59 -0.130960585857527
8.6 -0.137939265338496
8.61 -0.141229363610277
8.62 -0.139364419098952
8.63 -0.136967396832246
8.64 -0.137378160248465
8.65 -0.140406832757308
8.66 -0.145724216296598
8.67 -0.151875995175253
8.68 -0.153939588396647
8.69 -0.147248342523117
8.7 -0.133261096855146
8.71 -0.118819016010282
8.72 -0.109661770119814
8.73 -0.104161163815077
8.74 -0.049154627147663
8.75 0.084758299420614
8.76 0.051648899141251
8.77 0.050225917320924
8.78 0.048092960381858
8.79 0.048605968904307
8.8 0.047254603285061
8.81 0.041821049195256
8.82 0.030219930643781
8.83 0.013395711109149
8.84 -0.009953557095819
8.85 -0.037921716904909
8.86 -0.063570275119383
8.87 -0.086358019096685
8.88 -0.107786022112296
8.89 -0.123956736736327
8.9 -0.131785378130624
8.91 -0.129715881009877
8.92 -0.113527047852118
8.93 -0.082207348997038
8.94 -0.04249082045391
8.95 -0.002087927549182
8.96 0.035747969762007
8.97 0.069792706787819
8.98 0.098500323602239
8.99 0.121049420864734
9.0 0.137992845042122
9.01 0.150161005459782
9.02 0.157870083627849
9.03 0.162014694694476
9.04 0.165411927457619
9.05 0.1728342265869
9.06 0.18822561509056
9.07 0.211897683302661
9.08 0.252954107479318
9.09 0.274210725635867
9.1 0.263817759630905
9.11 0.279157144490013
9.12 0.279408092902578
9.13 0.25668343179305
9.14 0.045878871950666
9.15 0.021589246443978
9.16 -0.019566584756383
9.17 -0.043173875959696
9.18 -0.063229964229938
9.19 -0.063579197316628
9.2 -0.108479731451469
9.21 -0.1292547466058
9.22 -0.152398412773897
9.23 -0.165638833805321
9.24 -0.160292906475037
9.25 -0.154385915053353
9.26 -0.142980288994272
9.27 -0.123374597730933
9.28 -0.098106348337659
9.29 -0.063256224735352
9.3 -0.020625381930371
9.31 0.021688904320781
9.32 0.053790177918218
9.33 0.063330367166835
9.34 0.047048186151237
9.35 0.014477659375227
9.36 -0.028808593976573
9.37 -0.084366834029003
9.38 -0.146943872710218
9.39 -0.204881214876485
9.4 -0.251388282940938
9.41 -0.286691882500906
9.42 -0.31443740624963
9.43 -0.339192191074276
9.44 -0.358719921053724
9.45 -0.36609108362427
9.46 -0.360144611005283
9.47 -0.345152001333907
9.48 -0.3240011360416
9.49 -0.282738313663991
9.5 -0.201868053370478
9.51 -0.076890026093734
9.52 -0.038202215660323
9.53 0.005690742832089
9.54 0.070972264935043
9.55 0.123333974331581
9.56 0.152179196447049
9.57 0.184654738245363
9.58 0.222664286855365
9.59 0.241145190686225
9.6 0.269770383098543
9.61 0.292152001957562
9.62 0.292533949091109
9.63 0.291114479667741
9.64 0.282413443836242
9.65 0.259899902664709
9.66 0.237984159605428
9.67 0.218364608442622
9.68 0.191410304774927
9.69 0.15886226746359
9.7 0.13547713336997
9.71 0.101289343566548
9.72 0.065932061512757
9.73 0.037574804716412
9.74 0.01789344600792
9.75 0.002491782301689
9.76 -0.013287381865282
9.77 -0.06142386077312
9.78 -0.054946182375745
9.79 -0.043732150486756
9.8 -0.03154345491109
9.81 -0.026939601275358
9.82 0.006028148039882
9.83 0.040099836151895
9.84 0.082266894006839
9.85 0.108769436021815
9.86 0.119594617145505
9.87 0.135633346860934
9.88 0.146826598992744
9.89 0.144182614589255
9.9 0.115254503081151
9.91 0.085277554399952
9.92 0.068908053540747
9.93 0.046858811839716
9.94 0.020250527967911
9.95 0.00018818698316
9.96 -0.017338344827561
9.97 -0.032418477653329
9.98 -0.038035828809766
9.99 -0.034667399916325
10.0 -0.027049292194838
10.01 -0.016495766582044
10.02 -0.003643589466843
10.03 0.009016044914112
10.04 0.018242312223118
10.05 0.020093134516265
10.06 0.011796932665927
10.07 -0.004770607880844
10.08 -0.024996757578701
10.09 -0.048213939898115
10.1 -0.070931526741082
10.11 -0.089893399048319
10.12 -0.109835787109511
10.13 -0.12523065158456
10.14 -0.12454862849874
10.15 -0.033729790317498
10.16 0.040135860710648
10.17 0.027666640388548
10.18 0.061223313644427
10.19 0.067646649202926
10.2 0.09315986825132
10.21 0.109174768927847
10.22 0.126773513488922
10.23 0.143478163319288
10.24 0.157170189448818
10.25 0.167615796519254
10.26 0.170282329828541
10.27 0.161142408389301
10.28 0.124474075337687
10.29 -0.141913338177531
10.3 -0.157684181889959
10.31 -0.269332468815155
10.32 -0.213949402769525
10.33 -0.26625101589071
10.34 -0.235906190898465
10.35 -0.254681155012926
10.36 -0.206130535186442
10.37 -0.186404926472712
10.38 -0.125808087168776
10.39 -0.026629192303722
10.4 0.025158985572011
10.41 0.097855522849457
10.42 0.126795124941115
10.43 0.177592594534786
10.44 0.199236438914719
10.45 0.244325917790184
10.46 0.251853618638457
10.47 0.260721179205285
10.48 0.222063482414743
10.49 0.239117705279964
10.5 0.233064220997716
10.51 0.149555824559577
10.52 -0.0036390352559
10.53 0.00175627054992
10.54 -0.064410550440607
10.55 -0.095523024751808
10.56 -0.150064124510348
10.57 -0.169860896671325
10.58 -0.208924192659105
10.59 -0.224865149593612
10.6 -0.251275524961915
10.61 -0.229491435432427
10.62 -0.222989771441754
10.63 -0.215903014948301
10.64 -0.210283927356127
10.65 -0.168715760895812
10.66 -0.134432051193177
10.67 -0.076638094232318
10.68 0.069650639304042
10.69 0.043511758835391
10.7 0.132812219646352
10.71 0.112413795242662
10.72 0.140479454664994
10.73 0.119133528948175
10.74 0.074522467250107
10.75 0.009545356309551
10.76 -0.070495662703147
10.77 -0.077740644574399
10.78 -0.124376457689422
10.79 -0.141951477359395
10.8 -0.187201702489579
10.81 -0.205434245670254
10.82 -0.245153909430173
10.83 -0.257256451408237
10.84 -0.246703266983981
10.85 -0.251492486665451
10.86 -0.260541934862016
10.87 -0.281930661659941
10.88 -0.302631670878892
10.89 -0.271778180683251
10.9 -0.008255585221978
10.91 -0.011902468556178
10.92 0.079263934060015
10.93 0.05669178601072
10.94 0.118336854362574
10.95 0.09260777946411
10.96 0.140323108228255
10.97 0.089391976892453
10.98 0.140996843016366
10.99 0.077946489818354
11.0 0.118947157349104
11.01 0.088225909486401
11.02 0.081060657920764
11.03 0.099900721687426
11.04 0.071534705208901
11.05 0.07697611836327
11.06 0.077119201259393
11.07 0.064055248993587
11.08 0.081329178614968
11.09 0.094272123948871
11.1 0.101629675455803
11.11 0.12909236388592
11.12 0.157485690115396
11.13 0.181684918761159
11.14 0.208064370164526
11.15 0.22828973984173
11.16 0.238986686275571
11.17 0.246175795328135
11.18 0.247830313142093
11.19 0.238832726553772
11.2 0.223169971953684
11.21 0.213374280840884
11.22 0.220189198036706
11.23 0.236928534983696
11.24 0.242405479456178
11.25 0.233675938756007
11.26 0.229669756514123
11.27 0.230798508651952
11.28 0.117504302560771
11.29 0.054621316373851
11.3 0.042049754388295
11.31 0.016504603939475
11.32 -0.007487088479705
11.33 -0.022440447672788
11.34 -0.046837127743377
11.35 -0.071825113899222
11.36 -0.09082393675149
11.37 -0.11174980130267
11.38 -0.130694149458827
11.39 -0.147264156163038
11.4 -0.160956908915436
11.41 -0.165781534254842
11.42 -0.157769462119689
11.43 -0.136634396958209
11.44 -0.106167020786639
11.45 -0.075386924834734
11.46 -0.054180249337079
11.47 -0.04916179206554
11.48 -0.05805857747046
11.49 -0.065155044288383
11.5 -0.067739044545816
11.51 -0.066815773258525
11.52 -0.063228289555251
11.53 -0.057160120208591
11.54 -0.049327746733708
11.55 -0.042056931807641
11.56 -0.038555265263981
11.57 -0.039913502327886
11.58 -0.043950179653598
11.59 -0.049260292796758
11.6 -0.05181954898805
11.61 -0.077231850951006
11.62 -0.113621280318726
11.63 -0.13161946506444
11.64 -0.14745016792001
11.65 -0.160329795906067
11.66 -0.151376972425731
11.67 -0.137731225777844
11.68 -0.102013618795025
11.69 -0.0805860433294
11.7 -0.064987884801339
11.71 -0.042670667914157
11.72 -0.023455085966046
11.73 0.004561918962081
11.74 0.0375812394454
11.75 0.066482855082
11.76 0.100086369891341
11.77 0.136786267898164
11.78 0.16698752848631
11.79 0.190628489383655
11.8 0.207412762552685
11.81 0.214972377621217
11.82 0.217529702083339
11.83 0.220770946957786
11.84 0.224798658695244
11.85 0.227335952490749
11.86 0.22693956302089
11.87 0.222293328305485
11.88 0.213213969350978
11.89 0.202378514650003
11.9 0.193808676948224
11.91 0.189624280019196
11.92 0.188633135621374
11.93 0.18765124929957
11.94 0.183911919360575
11.95 0.176020382261468
11.96 0.162831160964174
11.97 0.044390064293972
11.98 0.040585719061046
11.99 -0.013156251028368
12.0 0.02397595357428
12.01 0.009706948405591
12.02 0.023794710914529
12.03 0.022670167756354
12.04 0.020277166572724
12.05 0.017602341690524
12.06 0.001317682660551
12.07 -0.013547669322335
12.08 -0.027818413309352
12.09 -0.037849165680289
12.1 -0.045525892208368
12.11 -0.051634325738304
12.12 -0.054172010921788
12.13 -0.056276041220157
12.14 -0.059125346460422
12.15 -0.061697229643703
12.16 -0.065231595855895
12.17 -0.070329134013436
12.18 -0.077762217484674
12.19 -0.090544865720515
12.2 -0.108612532888128
12.21 -0.126169585812454
12.22 -0.136831931208375
12.23 -0.137784169467429
12.24 -0.130991224697098
12.25 -0.123878584632198
12.26 -0.125236322525575
12.27 -0.136609907244297
12.28 -0.15026317197313
12.29 -0.162756692068864
12.3 -0.174767713830642
12.31 -0.186090301411965
12.32 -0.198485383754574
12.33 -0.209460456041514
12.34 -0.217623808432624
12.35 -0.228779947014165
12.36 -0.305178089334378
12.37 -0.24519199198971
12.38 -0.252551540677389
12.39 -0.200730373909732
12.4 -0.185108544476238
12.41 -0.176085503459479
12.42 -0.173248942677153
12.43 -0.15174327789112
12.44 -0.132291533274322
12.45 -0.104806770101664
12.46 -0.088033538289626
12.47 -0.060662288995518
12.48 -0.040514735517121
12.49 -0.033022329010107
12.5 -0.023982051350097
12.51 -0.016532341600234
12.52 -0.009536285067466
12.53 -0.000993677681259
12.54 0.010014825720904
12.55 0.027525350045808
12.56 0.049775152211337
12.57 0.072480004380584
12.58 0.094136895081562
12.59 0.113060863456141
12.6 0.128292598600013
12.61 0.140710905260177
12.62 0.150875151834063
12.63 0.158862762796891
12.64 0.164704133160917
12.65 0.167749276926226
12.66 0.167067670600342
12.67 0.162015152223392
12.68 0.152305777515641
12.69 0.139094074313198
12.7 0.125561811076746
12.71 0.1149503679546
12.72 0.108100387051749
12.73 0.10365219202535
12.74 0.097400825034156
12.75 -0.007816784544027
12.76 -0.032050699140072
12.77 -0.054369829069827
12.78 -0.049023488335641
12.79 -0.048148776222554
12.8 -0.037470947413042
12.81 -0.024446450724741
12.82 -0.007212183933678
12.83 0.010775236574208
12.84 0.026782927878707
12.85 0.043283696617884
12.86 0.057469807170283
12.87 0.07315072156586
12.88 0.088027937101811
12.89 0.10046100439836
12.9 0.107653504533183
12.91 0.103195911344722
12.92 0.08805810683952
12.93 0.067291133892195
12.94 0.043014684134031
12.95 0.016211823349535
12.96 -0.010569587872719
12.97 -0.033111725596956
12.98 -0.049340268448982
12.99 -0.061346697459418
13.0 -0.071070772297228
13.01 -0.078662052515067
13.02 -0.086815235653073
13.03 -0.099382874906773
13.04 -0.116065223925439
13.05 -0.133868533847792
13.06 -0.151857075349898
13.07 -0.169641518480196
13.08 -0.183084509859375
13.09 -0.186120859341574
13.1 -0.175503992541267
13.11 -0.137900519313434
13.12 -0.056590439736214
13.13 -0.020462035585376
13.14 -0.027033166938266
13.15 0.001168815871103
13.16 -0.019016493209145
13.17 -0.001199410892143
13.18 -0.0147270647638
13.19 -0.004492530090786
13.2 -0.017977184045947
13.21 -0.01955851055371
13.22 -0.028606495162391
13.23 -0.040259682495004
13.24 -0.049761633358093
13.25 -0.073777362336963
13.26 -0.079764823539511
13.27 -0.079869393053879
13.28 -0.070953662016579
13.29 -0.058470408581673
13.3 -0.047247665742453
13.31 -0.034519899404149
13.32 -0.025907436380194
13.33 -0.008142115936427
13.34 0.021861705668741
13.35 0.045972114556757
13.36 0.049760490601609
13.37 0.052511701573842
13.38 0.061334494453603
13.39 0.065273567630495
13.4 0.073054893620048
13.41 0.086559598126597
13.42 0.09469242219671
13.43 0.099592507913411
13.44 0.100641215008328
13.45 0.095542015081387
13.46 0.088201202551796
13.47 0.074817700910653
13.48 0.024564136991031
13.49 -0.016806568226761
13.5 -0.044083585925901
13.51 -0.023506262240227
13.52 -0.049467671476099
13.53 -0.038933045455537
13.54 -0.044382711401294
13.55 -0.053163473352613
13.56 -0.050807573477591
13.57 -0.064716681300028
13.58 -0.059610156854827
13.59 -0.065570205855537
13.6 -0.056533140473149
13.61 -0.056657162982454
13.62 -0.049992235466817
13.63 -0.046057213861487
13.64 -0.040216129828374
13.65 -0.034936032315779
13.66 -0.030795594739116
13.67 -0.026413927271321
13.68 -0.028792812937234
13.69 -0.032128215317418
13.7 -0.038275711429402
13.71 -0.047228020930567
13.72 -0.043839941545206
13.73 -0.021802635931606
13.74 -0.020040089599969
13.75 -0.021598216028625
13.76 -0.017317214514087
13.77 -0.021075380767553
13.78 -0.019555424893641
13.79 -0.023518459970667
13.8 -0.020523245689888
13.81 -0.003821937821401
13.82 -0.00609942364111
13.83 -0.01043614160033
13.84 -0.005190057815964
13.85 -0.001214875924889
13.86 0.003901846004227
13.87 0.008083790195179
13.88 0.013133195905765
13.89 0.02357246474113
13.9 0.035438340184531
13.91 0.048912693358937
13.92 0.064643428925824
13.93 0.075622205029801
13.94 0.07416359126555
13.95 0.069694581307569
13.96 0.064402907603858
13.97 0.060906745141446
13.98 0.058140930484828
13.99 0.055535873731738
14.0 0.055374927088476
14.01 0.056919244815616
14.02 0.057826804217528
14.03 0.058597320832111
14.04 0.059232510143203
14.05 0.058213294942992
14.06 0.055090918620892
14.07 0.057361772767836
14.08 0.061722320848161
14.09 0.059939065602958
14.1 0.056727617114178
14.11 0.054756571657673
14.12 0.052063452992219
14.13 0.052364123332544
14.14 0.055348346121513
14.15 0.057836096660372
14.16 0.05918005374434
14.17 0.056142509847464
14.18 0.051558800993653
14.19 0.048775091768829
14.2 0.047942420562752
14.21 0.047574520748404
14.22 0.045978733290855
14.23 0.042037335263892
14.24 0.033674161774645
14.25 0.020228030406036
14.26 0.00316118932389
14.27 -0.015242805921745
14.28 -0.032759641016849
14.29 -0.048310724882996
14.3 -0.062151289492
14.31 -0.073450918646779
14.32 -0.079874191417781
14.33 -0.082633437382529
14.34 -0.083661007051282
14.35 -0.079308348160664
14.36 -0.073195557686195
14.37 -0.06621877088295
14.38 -0.054863007034529
14.39 -0.044117984623378
14.4 -0.034661366539456
14.41 -0.027575569607512
14.42 -0.027124709446372
14.43 -0.031452103387302
14.44 -0.040257263886589
14.45 -0.052883494669194
14.46 -0.065879187185419
14.47 -0.07801173580969
14.48 -0.086163900973018
14.49 -0.087534985061064
14.5 -0.085542864090654
14.51 -0.086340352539251
14.52 -0.093595688477109
14.53 -0.102725615432772
14.54 -0.112564131363145
14.55 -0.112425471936078
14.56 -0.119799594124858
14.57 -0.125940362077867
14.58 -0.119592626732368
14.59 -0.123604239106102
14.6 -0.133742258796702
14.61 -0.12677686912215
14.62 -0.121007492850866
14.63 -0.067328896767414
14.64 -0.064419179497607
14.65 -0.03313798979177
14.66 -0.052227096211943
14.67 -0.037588965766401
14.68 -0.04119873317199
14.69 -0.027926652654584
14.7 -0.021610175623207
14.71 -0.009855754392882
14.72 -0.006121315039597
14.73 -0.002402319615443
14.74 -0.004902860168629
14.75 -0.000715437079147
14.76 0.001732130904974
14.77 0.012665647590034
14.78 0.021399601374005
14.79 0.032831517066435
14.8 0.042744569150056
14.81 0.049768430210233
14.82 0.057780433942437
14.83 0.063380433859809
14.84 0.071189476179985
14.85 0.080889374595321
14.86 0.083764404809481
14.87 0.078742867305569
14.88 0.073658599017124
14.89 0.072847640226708
14.9 0.068567202700941
14.91 0.061138927968792
14.92 0.057007039889899
14.93 0.059154866975719
14.94 0.060826344590504
14.95 0.065046144802579
14.96 0.073847751312675
14.97 0.080050219259459
14.98 0.084129357056945
14.99 0.090059621724943
15.0 0.101853161219978
15.01 0.092255311733506
15.02 0.086314381301856
15.03 0.081638066499794
15.04 0.078092471600365
15.05 0.079214206013272
15.06 0.074617756710514
15.07 0.070934663815296
15.08 0.057886660127544
15.09 0.044038178506346
15.1 0.025800353038696
15.11 0.010087966207397
15.12 -0.004904219040152
15.13 -0.018387938145126
15.14 -0.027560030941967
15.15 -0.032791008464842
15.16 -0.03624872619769
15.17 -0.039143863499426
15.18 -0.039716147740634
15.19 -0.038593987560099
15.2 -0.03571574364809
15.21 -0.029561253533843
15.22 -0.020905719254829
15.23 -0.011252455939034
15.24 -0.002119541913405
15.25 0.004119347532138
15.26 0.005788902307816
15.27 0.003426070355721
15.28 -0.001574672001329
15.29 -0.008450675594155
15.3 -0.016267233095335
15.31 -0.02522464348376
15.32 -0.0442004757491
15.33 -0.040911846358322
15.34 -0.047340063153602
15.35 -0.043743652347375
15.36 -0.045028576020646
15.37 -0.043998342448613
15.38 -0.039260815448013
15.39 -0.038417755927502
15.4 -0.034163958725075
15.41 -0.024194724479305
15.42 -0.009138987890462
15.43 -0.003752975656693
15.44 0.002237111762446
15.45 0.010623168239233
15.46 0.014967267569426
15.47 0.01994447032244
15.48 0.028017891228749
15.49 0.037902829267325
15.5 0.048489790603857
15.51 0.060116368931989
15.52 0.072683355498481
15.53 0.086752654008436
15.54 0.100686005556075
15.55 0.113150851450162
15.56 0.123765955234611
15.57 0.132006884952331
15.58 0.139306157030094
15.59 0.146934483148917
15.6 0.15324731776325
15.61 0.144084755225813
15.62 0.136823302857915
15.63 0.142268800647817
15.64 0.148658998034861
15.65 0.150236809242152
15.66 0.136787213432398
15.67 0.061065811382184
15.68 -0.013018023271419
15.69 -0.045065083544953
15.7 -0.026684064689513
15.71 -0.059591720887592
15.72 -0.043738718556667
15.73 -0.063568855901168
15.74 -0.054030592452775
15.75 -0.061108187664628
15.76 -0.049265736338183
15.77 -0.040482172287908
15.78 -0.02940333554948
15.79 -0.007099038576636
15.8 0.008002791413422
15.81 0.03076619643608
15.82 0.044890922240923
15.83 0.049818624673918
15.84 0.053159644810037
15.85 0.049492239816756
15.86 0.043958156846533
15.87 0.032317068857439
15.88 0.009032046244365
15.89 -0.019344867572713
15.9 -0.05206866284361
15.91 -0.084876347977725
15.92 -0.103910208853324
15.93 -0.108286151865573
15.94 -0.111947822577751
15.95 -0.122579896352039
15.96 -0.13221527869276
15.97 -0.133352724792142
15.98 -0.122614599491579
15.99 -0.106857378785926
16.0 -0.082543511687063
16.01 -0.059570836127587
16.02 -0.043523544821223
16.03 -0.027750970739355
16.04 -0.014181811782356
16.05 -0.020951450018203
16.06 -0.018660686160688
16.07 -0.020185278436377
16.08 -0.021416182888043
16.09 -0.036199474840813
16.1 -0.046681239310177
16.11 -0.055801972826119
16.12 -0.056942887076739
16.13 -0.050698195621522
16.14 -0.041843876855674
16.15 -0.029590557017254
16.16 -0.022272231631329
16.17 -0.018490568106142
16.18 -0.015511594741142
16.19 -0.00645469179126
16.2 0.011232308526439
16.21 0.028855907398004
16.22 0.043312443367196
16.23 0.059709041088085
16.24 0.080567355399264
16.25 0.099279309832547
16.26 0.111711820659006
16.27 0.122658808046115
16.28 0.132270727711839
16.29 0.13907191855132
16.3 0.145484209616765
16.31 0.148126891361697
16.32 0.144316281357785
16.33 0.13704667168803
16.34 0.125928292467792
16.35 0.111174716144355
16.36 0.097101393745184
16.37 0.08588858731642
16.38 0.078199257456479
16.39 0.073591155209048
16.4 0.064336464243446
16.41 0.004607293344772
16.42 0.007149914153943
16.43 -0.008567780595
16.44 -0.011805846348142
16.45 -0.006058174453017
16.46 -0.00798424525015
16.47 -0.000198573173835
16.48 0.000511731855366
16.49 0.006899960389984
16.5 0.01076240444567
16.51 0.018657286850863
16.52 0.028026531043437
16.53 0.038207554055938
16.54 0.049198924904139
16.55 0.05283727864522
16.56 0.051529899924406
16.57 0.043916636496611
16.58 0.031108092059182
16.59 0.01359142526593
16.6 -0.007290709289239
16.61 -0.027476252796169
16.62 -0.047675012502593
16.63 -0.068129907956128
16.64 -0.085825013796686
16.65 -0.100074107746583
16.66 -0.112974553790119
16.67 -0.127141048356877
16.68 -0.141101459777274
16.69 -0.150543331919612
16.7 -0.155861528554682
16.71 -0.159098120300924
16.72 -0.15567840261768
16.73 -0.144770077327655
16.74 -0.128343421795545
16.75 -0.063746749927604
16.76 -0.027339805366984
16.77 0.007940729382836
16.78 0.000380496473832
16.79 0.017843343028113
16.8 0.01270640999406
16.81 0.019960026602007
16.82 0.014168320690056
16.83 0.016558080401042
16.84 0.007040610532634
16.85 0.00073091554878
16.86 -0.021707858196641
16.87 -0.040793488627123
16.88 -0.07614532229631
16.89 -0.099576384861164
16.9 -0.09760643324054
16.91 -0.100573803558224
16.92 -0.082615035766668
16.93 -0.078079012596042
16.94 -0.067572308109931
16.95 -0.05030087815952
16.96 -0.02594870187991
16.97 0.018287486792782
16.98 0.054535450737776
16.99 0.064870073600049
17.0 0.073612650650919
17.01 0.087111810685206
17.02 0.092274962938269
17.03 0.096540591792272
17.04 0.100513111912914
17.05 0.099127647867013
17.06 0.100391848580082
17.07 0.103898870923967
17.08 0.105205986194711
17.09 0.100016717899476
17.1 0.09414493977952
17.11 0.090069317332333
17.12 0.066337458766018
17.13 -0.008061195302763
17.14 0.008956202226463
17.15 -0.011295159774576
17.16 -0.015841279885719
17.17 -0.001170420627084
17.18 -0.019521645066496
17.19 0.000661664319629
17.2 -0.018745156869434
17.21 -0.010292644472775
17.22 -0.027799674910778
17.23 -0.014827965010726
17.24 -0.013930489629712
17.25 -0.005424365542768
17.26 -0.012813248692205
17.27 -0.025448722488912
17.28 -0.0342968489782
17.29 -0.04833609689645
17.3 -0.053351024435062
17.31 -0.059659487286632
17.32 -0.06124117712544
17.33 -0.062485249825533
17.34 -0.070584350248884
17.35 -0.084246565252113
17.36 -0.099300946965326
17.37 -0.104234159967957
17.38 -0.099703262559416
17.39 -0.098789686268708
17.4 -0.102036517472269
17.41 -0.100316652237342
17.42 -0.094239824236535
17.43 -0.092786460876173
17.44 -0.087115948991866
17.45 -0.054848747882891
17.46 -0.002528499065024
17.47 0.02160366715421
17.48 0.030055614359404
17.49 0.040236955834221
17.5 0.040527750861511
17.51 0.041218423435456
17.52 0.03857286228809
17.53 0.045583071864336
17.54 0.047105266848425
17.55 0.045679624286093
17.56 0.043449182195395
17.57 0.038809308889594
17.58 0.031506292019162
17.59 0.020408415550398
17.6 0.007870890826245
17.61 -0.005166175464813
17.62 -0.017245165844316
17.63 -0.026616068594617
17.64 -0.033497700201021
17.65 -0.035161654078817
17.66 -0.02881671855565
17.67 -0.016954883703135
17.68 -0.00125774042332
17.69 0.018696831110645
17.7 0.034817425070005
17.71 0.058288495353574
17.72 0.083737286625044
17.73 0.10325972585529
17.74 0.123895083235511
17.75 0.134337312474268
17.76 0.142645652917703
17.77 0.134622549653504
17.78 0.112897110635359
17.79 0.072026167898884
17.8 0.034018925665975
17.81 0.013722299682097
17.82 -0.003544529949097
17.83 -0.020207583989852
17.84 -0.035543883441564
17.85 -0.045010274559081
17.86 -0.04290481963448
17.87 -0.036460243462561
17.88 -0.025135735559554
17.89 -0.006892356751702
17.9 0.031128213805248
17.91 0.057438785787047
17.92 0.093675911621526
17.93 0.091550947238997
17.94 0.110718079332222
17.95 0.102371225282186
17.96 0.09597359139039
17.97 0.074101117006782
17.98 0.040789785703801
17.99 0.01153049884933
18.0 -0.017138601021105
18.01 -0.032249614852675
18.02 -0.055822045248817
18.03 -0.064155064445513
18.04 -0.059354170741416
18.05 -0.063014605352855
18.06 -0.084118476108407
18.07 -0.092002268471652
18.08 -0.089232371467234
18.09 -0.059514148594882
18.1 -0.022477666946994
18.11 0.051639987407654
18.12 0.055365349518912
18.13 0.099038177929619
18.14 0.090982625370222
18.15 0.127477116980736
18.16 0.11022313911836
18.17 0.127565232345888
18.18 0.11439816776812
18.19 0.110338001812233
18.2 0.087767573175804
18.21 0.069922128249623
18.22 0.025262027376362
18.23 -0.022403558978597
18.24 -0.036382659430734
18.25 -0.064241071185397
18.26 -0.080263848155957
18.27 -0.100523372342533
18.28 -0.102718540516432
18.29 -0.104990903412438
18.3 -0.091031266397396
18.31 -0.072036797536446
18.32 -0.057397938547736
18.33 -0.042478128288644
18.34 -0.019659456941842
18.35 0.013154748716692
18.36 0.041332619498699
18.37 0.057369224689905
18.38 0.073024967625249
18.39 0.077610683588026
18.4 0.078264726744022
18.41 0.078072332913181
18.42 0.074299859379899
18.43 0.061168594654752
18.44 0.026193301264704
18.45 -0.032365203615688
18.46 -0.030960595369934
18.47 -0.063012741458703
18.48 -0.073944443428387
18.49 -0.088114154783608
18.5 -0.099835821671
18.51 -0.098582995392109
18.52 -0.10838742080929
18.53 -0.10474549093519
18.54 -0.108817182682872
18.55 -0.10069260687019
18.56 -0.101161057623781
18.57 -0.051339850518052
18.58 0.011405614634075
18.59 0.004263849029661
18.6 0.025930932452844
18.61 0.043568953902541
18.62 0.021898909565636
18.63 0.051708180702803
18.64 0.012261585670761
18.65 0.014418038934406
18.66 -0.022148602885036
18.67 -0.023981876763267
18.68 -0.045117206131341
18.69 -0.05409286151122
18.7 -0.062274643222279
18.71 -0.063721903187015
18.72 -0.072258363262007
18.73 -0.067359808896841
18.74 -0.064099235361839
18.75 -0.051558683074301
18.76 -0.04373657999966
18.77 -0.019278195716778
18.78 0.004614731155275
18.79 0.012731422841178
18.8 0.023726277330094
18.81 0.023554776149172
18.82 0.034163279825537
18.83 0.033691190348111
18.84 0.038780208255702
18.85 0.042419126818611
18.86 0.044522974969017
18.87 0.045190318532936
18.88 0.033907652585621
18.89 0.027721466403556
18.9 0.018076958084096
18.91 0.012835534445091
18.92 0.013389128990694
18.93 0.017619259209429
18.94 0.022697377392346
18.95 0.022124417665388
18.96 0.02250279042481
18.97 0.022511580056148
18.98 0.01999251552486
18.99 0.012769761973082
19.0 -0.022924879323991
19.01 -0.032392281266885
19.02 -0.037457222533605
19.03 -0.045180879748477
19.04 -0.050255823226616
19.05 -0.055332145631432
19.06 -0.051557802021273
19.07 -0.048142167528006
19.08 -0.054065690854044
19.09 -0.058391177965543
19.1 -0.058843655173576
19.11 -0.05336142116925
19.12 -0.05049192009087
19.13 -0.044855450996602
19.14 -0.036420929990326
19.15 -0.029031896455938
19.16 -0.020892605198169
19.17 -0.012393872957246
19.18 -0.006443148724794
19.19 0.034205695214282
19.2 0.025895751915698
19.21 0.034188354644778
19.22 0.01430903790174
19.23 0.015835348074733
19.24 -0.001633017751929
19.25 -0.009490262445822
19.26 -0.024192552340418
19.27 -0.026368105142631
19.28 -0.030636368992024
19.29 -0.025836120685978
19.3 -0.028466098783319
19.31 -0.026032548287333
19.32 -0.022634507149638
19.33 -0.014957492784711
19.34 -0.002144543742434
19.35 0.012533693156126
19.36 0.030656012497652
19.37 0.048948275468997
19.38 0.06697496226864
19.39 0.083001098589072
19.4 0.092973803486465
19.41 0.096267288463652
19.42 0.094380350404271
19.43 0.089908622446479
19.44 0.084568876948338
19.45 0.078456607598124
19.46 0.071735478804679
19.47 0.065984724143271
19.48 0.061155191124768
19.49 0.049654072771084
19.5 0.037032293594364
19.51 0.020776797383175
19.52 0.024734860778496
19.53 0.022833856090146
19.54 0.032199521699291
19.55 0.034663255299068
19.56 0.04628033363435
19.57 0.062334598236682
19.58 0.071485208544802
19.59 0.087073939816107
19.6 0.09460978616955
19.61 0.10654441482572
19.62 0.112829387199933
19.63 0.120290681471304
19.64 0.116188582599583
19.65 0.106153921135918
19.66 0.096671853469508
19.67 0.079449325414051
19.68 0.052565601841455
19.69 0.020043546376375
19.7 -0.002481612488584
19.71 -0.028516768764692
19.72 -0.048456076208231
19.73 -0.071212058271407
19.74 -0.092073930196938
19.75 -0.099718711336984
19.76 -0.111651037577103
19.77 -0.11051990118618
19.78 -0.103721569362892
19.79 -0.095789341720641
19.8 -0.076530294923829
19.81 -0.06147675987417
19.82 -0.042203218856154
19.83 -0.022519074686125
19.84 -0.00363929740582
19.85 0.030786145559721
19.86 0.047978711822844
19.87 0.0458578258705
19.88 0.044853817024848
19.89 0.026149892564067
19.9 -0.002287438054087
19.91 -0.014122217696891
19.92 -0.032446772303822
19.93 -0.043352116795604
19.94 -0.055749339173745
19.95 -0.073869971347902
19.96 -0.089620845592823
19.97 -0.102901306620033
19.98 -0.113229772909175
19.99 -0.120156915153889
20.0 -0.137418197383588
20.01 -0.137107077906944
20.02 -0.134140119800277
20.03 -0.096228757501837
20.04 -0.067805440106185
20.05 -0.022734271479045
20.06 0.015366079400573
20.07 0.022455654185455
20.08 0.037378428517054
20.09 0.048248033854025
20.1 0.052777176032399
20.11 0.064345481087222
20.12 0.063467327278918
20.13 0.066550750852634
20.14 0.069502631360695
20.15 0.05770276359965
20.16 0.047258642282937
20.17 0.027516101707993
20.18 0.001274054256703
20.19 -0.022653914100524
20.2 -0.044305801245555
20.21 -0.053508418140258
20.22 -0.057738407545021
20.23 -0.058222393724175
20.24 -0.04253205726871
20.25 -0.031712871673735
20.26 -0.01787506482777
20.27 -0.00483305852428
20.28 0.007212532705891
20.29 0.018662970986429
20.3 0.030266341382544
20.31 0.039797148897185
20.32 0.05022309785559
20.33 0.053751795481245
20.34 0.052892723804007
20.35 0.050765958664082
20.36 0.045811628479274
20.37 0.034696650346407
20.38 0.021163624537981
20.39 0.00536255555608
20.4 -0.019438789978678
20.41 -0.045316477442149
20.42 -0.044830897756441
20.43 -0.049212028145952
20.44 -0.052497528388841
20.45 -0.049762498915298
20.46 -0.054538159829961
20.47 -0.055169252956441
20.48 -0.058200026126446
20.49 -0.061674065323879
20.5 -0.064795438220907
20.51 -0.063514348941832
20.52 -0.056448070611933
20.53 -0.044668330285407
20.54 -0.033589553994477
20.55 -0.013960408696299
20.56 -0.007907636360812
20.57 0.006180287114355
20.58 0.003082278824085
20.59 0.013335933826615
20.6 0.013580899731637
20.61 0.016890363326346
20.62 0.013871421647378
20.63 0.004800597973688
20.64 -0.004565874958399
20.65 -0.01016611042503
20.66 -0.014383695784732
20.67 -0.018706456004612
20.68 -0.019198098133495
20.69 -0.019963589379942
20.7 -0.022292710262819
20.71 -0.023011399931047
20.72 -0.021365348668606
20.73 -0.017291372678743
20.74 -0.008079274237978
20.75 0.00490528931148
20.76 0.016946028332309
20.77 0.023296992481915
20.78 0.023637914554121
20.79 0.0285429429631
20.8 0.034313815706613
20.81 0.031318153850729
20.82 0.037755566038414
20.83 0.037591084358989
20.84 0.041436466925658
20.85 0.04065624642418
20.86 0.04932631771628
20.87 0.04893619188975
20.88 0.047744080070949
20.89 0.047974130894649
20.9 0.036761476598385
20.91 0.020053600341591
20.92 0.011411082867322
20.93 0.005505559227657
20.94 -0.005193010229681
20.95 -0.01073177235238
20.96 -0.020574324558657
20.97 -0.024720091728573
20.98 -0.029628649111986
20.99 -0.02854061597558
21.0 -0.027098336065101
21.01 -0.02346576579273
21.02 -0.019695692130903
21.03 -0.016063056370184
21.04 -0.014038696754877
21.05 -0.011431938737309
21.06 -0.009791796187325
21.07 -0.008812399483808
21.08 -0.009026326336058
21.09 -0.010276386956609
21.1 -0.013285077634556
21.11 -0.0169213787858
21.12 -0.019910651687983
21.13 -0.019576842317968
21.14 -0.025200149524103
21.15 -0.028694474946759
21.16 -0.029905759157579
21.17 -0.029466242669439
21.18 -0.026192026302616
21.19 -0.028091349577941
21.2 -0.028494915852918
21.21 -0.026446326232515
21.22 -0.018370835819968
21.23 -0.012960108134444
21.24 -0.004884660430328
21.25 0.001959386185436
21.26 0.009794673834875
21.27 0.018972226159266
21.28 0.028029585633788
21.29 0.038478397974762
21.3 0.047634505396447
21.31 0.055533076170971
21.32 0.061579743910635
21.33 0.060840323430608
21.34 0.062879254441124
21.35 0.061848918508843
21.36 0.056820504105035
21.37 0.058103691708168
21.38 0.053440226572867
21.39 0.046238121859622
21.4 0.041350257298649
21.41 0.023186575826538
21.42 -0.018896527852703
21.43 -0.018665228572171
21.44 -0.0252243232981
21.45 -0.026864800099685
21.46 -0.025312087182881
21.47 -0.021678106167017
21.48 -0.014622561257204
21.49 -0.004321150597998
21.5 0.008562992608361
21.51 0.025990487935279
21.52 0.049129533063942
21.53 0.075501971310464
21.54 0.078510791503915
21.55 0.088442083055834
21.56 0.085501820281275
21.57 0.086582684396373
21.58 0.077572801869023
21.59 0.067678617452525
21.6 0.038117882911328
21.61 0.009061140336263
21.62 -0.006137122280856
21.63 -0.011666459448692
21.64 -0.020766060384792
21.65 -0.032001996419698
21.66 -0.035206587309055
21.67 -0.036367579440538
21.68 -0.044180894561888
21.69 -0.043691615413812
21.7 -0.037078860374449
21.71 0.004383346481813
21.72 0.030163806706255
21.73 0.041474606722031
21.74 0.043313714708443
21.75 0.050207504713492
21.76 0.048564358235453
21.77 0.041400883608943
21.78 0.034116214180099
21.79 0.019266514210809
21.8 4.6642334865e-05
21.81 -0.012450592317885
21.82 -0.03519680384957
21.83 -0.038220470077144
21.84 -0.044194464652375
21.85 -0.04398080342514
21.86 -0.045840337235203
21.87 -0.04488905452882
21.88 -0.038077927112965
21.89 -0.030793156336112
21.9 -0.015442330103945
21.91 -0.007973644787161
21.92 0.002333040333681
21.93 0.007698439480346
21.94 0.013942472840024
21.95 0.022837093149712
21.96 0.021394562820518
21.97 0.02074679872349
21.98 0.007992939573282
21.99 -0.003140572444785
22.0 -0.019135284852228
22.01 -0.026902478850853
22.02 -0.024989472680982
22.03 -0.025781869581075
22.04 -0.027505298693549
22.05 -0.028412920943384
22.06 -0.020765718620455
22.07 -0.013531450609366
22.08 -0.006024529708769
22.09 -0.004372715281809
22.1 -0.003863908309342
22.11 -0.007498532890242
22.12 -0.00814281510218
22.13 -0.006725128752207
22.14 -0.004977778486305
22.15 -0.009045641900302
22.16 -0.015052060453484
22.17 -0.020614183796222
22.18 -0.023738839530999
22.19 -0.028331826356622
22.2 -0.029438409400542
22.21 -0.030344141048283
22.22 -0.029989124945363
22.23 -0.024666356883931
22.24 -0.021012885430721
22.25 -0.014945521967061
22.26 -0.014621170248235
22.27 -0.010214489185225
22.28 -0.01541829942066
22.29 -0.021385048444355
22.3 -0.027352909310215
22.31 -0.037293627477473
22.32 -0.040206619462465
22.33 -0.04229926024072
22.34 -0.039608602592704
22.35 -0.0386523574177
22.36 -0.033030720384354
22.37 -0.029515185471832
22.38 -0.025442407259312
22.39 -0.021049586682885
22.4 -0.016779792215137
22.41 -0.011343691030008
22.42 -0.010309305472704
22.43 -0.012660550290654
22.44 -0.019212614808672
22.45 -0.029076335855037
22.46 -0.042552126305011
22.47 -0.046137395608581
22.48 -0.046940478673908
22.49 -0.049076938696713
22.5 -0.046572650580468
22.51 -0.041916060889992
22.52 -0.032616381825159
22.53 -0.01974339399962
22.54 -0.008817112984064
22.55 -0.000245138394462
22.56 0.008639602719276
22.57 0.017894988212269
22.58 0.022110708220031
22.59 0.02586969410974
22.6 0.02650368836966
22.61 0.023221898548188
22.62 0.015562697272588
22.63 0.007922554491606
22.64 -0.000985480027015
22.65 -0.0067338006727
22.66 -0.009163866971024
22.67 -0.010016970243681
22.68 -0.008184551824198
22.69 -0.005183567043978
22.7 0.000418397927203
22.71 0.006275021475574
22.72 0.015094432651154
22.73 0.023232433474513
22.74 0.030138015025299
22.75 0.036696169496112
22.76 0.040091929450422
22.77 0.039533569661668
22.78 0.036481163748393
22.79 0.032540536909123
22.8 0.026981749174127
22.81 0.016581961743835
22.82 0.006392506611456
22.83 -0.000882041172474
22.84 -0.007384906782668
22.85 -0.010917894744111
22.86 -0.010773707543
22.87 -0.008168659676933
22.88 -0.0026669771783
22.89 0.003840159368442
22.9 0.012000218467764
22.91 0.020833514819045
22.92 0.028881051927508
22.93 0.02983799750126
22.94 0.031000733122624
22.95 0.028022709003683
22.96 0.026265733305691
22.97 0.021537973596492
22.98 0.014560019202911
22.99 0.003766976357579
23.0 0.006089024349792
23.01 0.008037793881937
23.02 0.013245141052571
23.03 0.016624744872312
23.04 0.017409784692956
23.05 0.01653227692754
23.06 0.02053116408597
23.07 0.024520391648672
23.08 0.030152199109949
23.09 0.034950895014767
23.1 0.035500405978572
23.11 0.035170512491653
23.12 0.034083587691257
23.13 0.032226492101539
23.14 0.030088904270159
23.15 0.031855504975397
23.16 0.035895056995857
23.17 0.037650570046173
23.18 0.037656191781224
23.19 0.037117178969616
23.2 0.030871496062072
23.21 0.012907917856826
23.22 0.013036524373631
23.23 0.007508067222337
23.24 0.005790749087769
23.25 0.004077501973893
23.26 0.003849447289977
23.27 0.004602876425714
23.28 0.004618530418015
23.29 0.004913058471734
23.3 0.003349100964975
23.31 0.001399818864683
23.32 7.3829619969e-05
23.33 0.000846545473339
23.34 0.00248436577501
23.35 0.003982688576304
23.36 0.005196299199631
23.37 0.004323929940057
23.38 0.001429522712558
23.39 -0.002743972823295
23.4 -0.007167527917213
23.41 -0.011990631389886
23.42 -0.011965834953462
23.43 -0.015081453184612
23.44 -0.021747652733216
23.45 -0.025384061462234
23.46 -0.031032328330533
23.47 -0.035166799670078
23.48 -0.039239279744034
23.49 -0.039032098588389
23.5 -0.039259331172663
23.51 -0.025718859920187
23.52 -0.020504733980716
23.53 -0.017865482875917
23.54 -0.011803112910304
23.55 -0.005177237901305
23.56 0.003614537070317
23.57 0.011573154412995
23.58 0.017237492297592
23.59 0.018687498484505
23.6 0.017677881036953
23.61 0.014376399276654
23.62 0.009941051124067
23.63 0.005283098480311
23.64 0.000830263976106
23.65 -0.00505147511382
23.66 -0.012599996582369
23.67 -0.017256932211607
23.68 -0.016170818790523
23.69 -0.010896615436557
23.7 -0.003218224542089
23.71 0.004529066853395
23.72 0.008593058634744
23.73 0.015470045103589
23.74 0.02017891991456
23.75 0.021147134566314
23.76 0.02193417592919
23.77 0.0174084046816
23.78 0.010312769623609
23.79 0.002595683762559
23.8 -0.003370452215886
23.81 -0.005072300160034
23.82 -0.005683131113603
23.83 -0.006471774039652
23.84 -0.008057473672282
23.85 -0.008727947482142
23.86 -0.007400643666271
23.87 -0.002828837201245
23.88 0.001180009083127
23.89 0.002195237402625
23.9 0.000954113722788
23.91 -0.001093007963117
23.92 -0.006780801498394
23.93 -0.012042944446276
23.94 -0.017574600868374
23.95 -0.022020379560167
23.96 -0.026404565719622
23.97 -0.030593028732452
23.98 -0.031860061556037
23.99 -0.03078092245555
24.0 -0.028520750096081
24.01 -0.025003584371476
24.02 -0.020703410031955
24.03 -0.014511697488353
24.04 -0.007661199450502
24.05 -0.000244558773167
24.06 0.004881462165174
24.07 0.008187886354203
24.08 0.006915758235072
24.09 0.003223584722658
24.1 -0.000562437167784
24.11 -0.004742170530482
24.12 -0.008454915914151
24.13 -0.012685169354972
24.14 -0.017139380414976
24.15 -0.022155611129678
24.16 -0.025345241603265
24.17 -0.026282823095048
24.18 -0.022438382382614
24.19 -0.017012004439171
24.2 -0.009408306727158
24.21 -0.00206184589871
24.22 0.003421447764429
24.23 0.007186811825416
24.24 0.006825277770248
24.25 0.006269487340396
24.26 0.004335162338747
24.27 0.002716046430372
24.28 0.002025990334447
24.29 6.0473731182e-05
24.3 -0.004760194027535
24.31 -0.013568422787546
24.32 -0.022067645219767
24.33 -0.027741137583421
24.34 -0.030903737646552
24.35 -0.029980846342037
24.36 -0.026213252330645
24.37 -0.021571106258156
24.38 -0.017337268416824
24.39 -0.012682412732113
24.4 -0.004320098011273
24.41 0.003304741834376
24.42 0.010077490315424
24.43 0.013006292162401
24.44 0.01519374607711
24.45 0.013040460901716
24.46 0.00896927400892
24.47 0.003680084729606
24.48 -0.002472249378251
24.49 -0.007657477992819
24.5 -0.012079212292574
24.51 -0.013957984761069
24.52 -0.013571094302272
24.53 -0.011767702729033
24.54 -0.010592397644913
24.55 -0.007231647593891
24.56 -0.003328715681218
24.57 0.002259219753695
24.58 0.010216922988319
24.59 0.020891301694652
24.6 0.031725103690684
24.61 0.036162319365716
24.62 0.038637850461218
24.63 0.040966419661577
24.64 0.039335542172227
24.65 0.038167760887384
24.66 0.034451185672308
24.67 0.026570577262204
24.68 0.00871536564116
24.69 -0.011991161954582
24.7 -0.021885025837859
24.71 -0.027016754062011
24.72 -0.029450956414266
24.73 -0.02914155263912
24.74 -0.029178328230041
24.75 -0.026387071128101
24.76 -0.021362955448312
24.77 -0.013940275760263
24.78 -0.004566114988059
24.79 0.006928477599788
24.8 0.021153015556506
24.81 0.025285540581435
24.82 0.03228300240895
24.83 0.031800438407073
24.84 0.032275037246324
24.85 0.0270696963146
24.86 0.02030593657658
24.87 0.000416797790469
24.88 -0.007441754443373
24.89 -0.009089565828104
24.9 -0.011985262760049
24.91 -0.015808475677976
24.92 -0.011993908320139
24.93 -0.007225017900805
24.94 -0.000407094241613
 
 
 
 
 
 
 
 
 
 
 
 
 
 
 
 
 
 
 
 
 
 
 
 
 
 
 
 
 
 
 
 
 
 
 
 
 
 
 
 
 
 
 
 
 
 
 
 
 
 
 
 
 
 
 
 
 
 
 
 
 
 
 
 
 
 
 
 
 
 
 
 
 
 
 
 
 
 
 
 
 
 
 
 
 
 
 
 
 
 
 
 
 
 
 
 
 
 
 
 
 
 
 
 
 
 
 
 
 
 
 
 
 
 
 
 
 
 
 
 
 
 
 
 
 
 
 
 
 
 
 
 
 
 
 
 
 
 
 
 
 
 
 
 
 
 
 
 
 
 
 
 
 
 
 
 
 
 
 
 
 
 
 
 
 
 
 
 
 
 
 
 
 
 
 
 
 
 
 
 
 
 
 
 
 
 
 
 
 
 
 
 
 
 
 
 
 
 
 
 
 
 
 
 
 
 
 
 
 
 
 
 
 
 
 
 
 
 
 
 
 
 
 
 
 
 
 
 
 
 
 
 
 
 
 
 
 
 
 
 
 
 
 
 
 
 
 
 
 
 
 
 
 
 
 
 
 
 
 
 
 
 
 
 
 
 
 
 
 
 
 
 
 
 
 
 
 
 
 
 
 
 
 
 
 
 
 
 
 
 
 
 
 
 
 
 
 
 
 
 
 
 
 
 
 
 
 
 
 
 
 
 
 
 
 
 
 
 
 
 
 
 
 
 
 
 
 
 
 
 
 
 
 
 
 
 
 
 
 
 
 
 
 
 
 
 
 
 
 
 
 
 
 
 
 
 
 
 
 
 
 
 
 
 
 
 
 
 
 
 
 
 
 
 
 
 
 
 
 
 
 
 
 
 
 
 
 
 
 
 
 
 
 
 
 
 
 
 
 
 
 
 
 
 
 
 
 
 
 
 
 
 
 
 
 
 
 
 
 
 
 
 
 
 
 
 
 
 
 
 
 
 
 
 
 
 
 
 
 
 
 
 
 
 
 
 
 
 
 
 
 
 
 
 
 
 
 
 
 
 
 
 
 
 
 
 
 
 
 
 
 
 
 
 
 
 
 
 
 
 
 
 
 
 
 
 
 
 
 
 
 
 
 
 
 
 
 
 
 
 
 
 
 
 
 
 
 
 
 
 
 
 
 
 
 
 
 
 
 
 
 
 
 
 
 
 
 
 
 
 
 
 
 
 
 
 
 
 
 
 
 
 
 
 
 
 
 
 
 
 
 
 
 
 
 
 
 
 
 
 
 
 
 
 
 
 
 
 
 
 
 
 
 
 
 
 
 
 
 
 
 
 
 
 
 
 
 
 
 
 
 
 
 
 
 
 
 
 
 
 
 
 
 
 
 
 
 
 
 
 
 
 
 
 
 
 
 
 
 
 
 
 
 
 
 
 
 
 
 
 
 
 
 
 
 
 
 
 
 
 
 
 
 
 
 
 
 
 
 
 
 
 
 
 
 
 
 
 
 
 
 
 
 
 
 
 
 
 
 
 
 
 
 
 
 
 
 
 
 
 
 
 
 
 
 
 
 
 
 
 
 
 
 
 
 
 
 
 
 
 
 
 
 
 
 
 
 
 
 
 
 
 
 
 
 
 
 
 
 
 
 
 
 
 
 
 
 
 
 
 
 
 
 
 
 
 
 
 
 
 
 
 
 
 
 
 
 
 
 
 
 
 
 
 
 
 
 
 
 
 
 
 
 
 
 
 
 
 
 
 
 
 
 
 
 
 
 
 
 
 
 
 
 
 
 
 
 
 
 
 
 
 
 
 
 
 
 
 
 
 
 
 
 
 
 
 
 
 
 
 
 
 
 
 
 
 
 
 
 
 
 
 
 
 
 
 
 
 
 
 
 
 
 
 
 
 
 
 
 
 
 
 
 
 
 
 
 
 
 
 
 
 
 
 
 
 
 
 
 
 
 
 
 
 
 
 
 
 
 
 
 
 
 
 
 
 
 
 
 
 
 
 
 
 
 
 
 
 
 
 
 
 
 
 
 
 
 
 
 
 
 
 
 
 
 
 
 
 
 
 
 
 
 
 
 
 
 
 
 
 
 
 
 
 
 
 
 
 
 
 
 
 
 
 
 
 
 
 
 
 
 
 
 
 
 
 
 
 
 
 
 
 
 
 
 
 
 
 
 
 
 
 
 
 
 
 
 
 
 
 
 
 
 
 
 
 
 
 
 
 
 
 
 
 
 
 
 
 
 
 
 
 
 
 
 
 
 
 
 
 
 
 
 
 
 
 
 
 
 
 
 
 
 
 
 
 
 
 
 
 
 
 
 
 
 
 
 
 
 
 
 
 
 
 
 
 
 
 
 
 
 
 
 
 
 
 
 
 
 
 
 
 
 
 
 
 
 
 
 
 
 
 
 
 
 
 
 
 
 
 
 
 
 
 
 
 
 
 
 
 
 
 
 
 
 
 
 
 
 
 
 
 
 
 
 
 
 
 
 
 
 
 
 
 
 
 
 
 
 
 
 
 
 
 
 
 
 
 
 
 
 
 
 
 
 
 
 
 
 
 
 
 
 
 
 
 
 
 
 
 
 
 
 
 
 
 
 
 
 
 
 
 
 
 
 
 
 
 
 
 
 
 
 
 
 
 
 
 
 
 
 
 
 
 
 
 
 
 
 
 
 
 
 
 
 
 
 
 
 
 
 
 
 
 
 
 
 
 
 
 
 
 
 
 
 
 
 
 
 
 
 
 
 
 
 
 
 
 
 
 
 
 
 
 
 
 
 
 
 
 
 
 
 
 
 
 
 
 
 
 
 
 
 
 
 
 
 
 
 
 
 
 
 
 
 
 
 
 
 
 
 
 
 
 
 
 
 
 
 
 
 
 
 
 
 
 
 
 
 
 
 
 
 
 
 
 
 
 
 
 
 
 
 
 
 
 
 
 
 
 
 
 
 
 
 
 
 
 
 
 
 
 
 
 
 
 
 
 
 
 
 
 
 
 
 
 
 
 
 
 
 
 
 
 
 
 
 
 
 
 
 
 
 
 
 
 
 
 
 
 
 
 
 
 
 
 
 
 
 
 
 
 
 
 
 
 
 
 
 
 
 
 
 
 
 
 
 
 
 
 
 
 
 
 
 
 
 
 
 
 
 
 
 
 
 
 
 
 
 
 
 
 
 
 
 
 
 
 
 
 
 
 
 
 
 
 
 
 
 
 
 
 
 
 
 
 
 
 
 
 
 
 
 
 
 
 
 
 
 
 
 
 
 
 
 
 
 
 
 
 
 
 
 
 
 
 
 
 
 
 
 
 
 
 
 
 
 
 
 
 
 
 
 
 
 
 
 
 
 
 
 
 
 
 
 
 
 
 
 
 
 
 
 
 
 
 
 
 
 
 
 
 
 
 
 
 
 
 
 
 
 
 
 
 
 
 
 
 
 
 
 
 
 
 
 
 
 
 
 
 
 
 
 
 
 
 
 
 
 
 
 
 
 
 
 
 
 
 
 
 
 
 
 
 
 
 
 
 
 
 
 
 
 
 
 
 
 
 
 
 
 
 
 
 
 
 
 
 
 
 
 
 
 
 
 
 
 
 
 
 
 
 
 
 
 
 
 
 
 
 
 
 
 
 
 
 
 
 
 
 
 
 
 
 
 
 
 
 
 
 
 
 
 
 
 
 
 
 
 
 
 
 
 
 
 
 
 
 
 
 
 
 
 
 
 
 
 
 
 
 
 
 
 
 
 
 
 
 
 
 
 
 
 
 
 
 
 
 
 
 
 
 
 
 
 
 
 
 
 
 
 
 
 
 
 
 
 
 
 
 
 
 
 
 
 
 
 
 
 
 
 
 
 
 
 
 
 
 
 
 
 
 
 
 
 
 
 
 
 
 
 
 
 
 
 
 
 
 
 
 
 
 
 
 
 
 
 
 
 
 
 
 
 
 
 
 
 
 
 
 
 
 
 
 
 
 
 
 
 
 
 
 
 
 
 
 
 
 
 
 
 
 
 
 
 
 
 
 
 
 
 
 
 
 
 
 
 
 
 
 
 
 
 
 
 
 
 
 
 
 
 
 
 
 
 
 
 
 
 
 
 
 
 
 
 
 
 
 
 
 
 
 
 
 
 
 
 
 
 
 
 
 
 
 
 
 
 
 
 
 
 
 
 
 
 
 
 
 
 
 
 
 
 
 
 
 
 
 
 
 
 
 
 
 
 
 
 
 
 
 
 
 
 
 
 
 
 
 
 
 
 
 
 
 
 
 
 
 
 
 
 
 
 
 
 
 
 
 
 
 
 
 
 
 
 
 
 
 
 
 
 
 
 
 
 
 
 
 
 
 
 
 
 
 
 
 
 
 
 
 
 
 
 
 
 
 
 
 
 
 
 
 
 
 
 
 
 
 
 
 
 
 
 
 
 
 
 
 
 
 
 
 
 
 
 
 
 
 
 
 
 
 
 
 
 
 
 
 
 
 
 
 
 
 
 
 
 
 
 
 
 
 
 
 
 
 
 
 
 
 
 
 
 
 
 
 
 
 
 
 
 
 
 
 
 
 
 
 
 
 
 
 
 
 
 
 
 
 
 
 
 
 
 
 
 
 
 
 
 
 
 
 
 
 
 
 
 
 
 
 
 
 
 
 
 
 
 
 
 
 
 
 
 
 
 
 
 
 
 
 
 
 
 
 
 
 
 
 
 
 
 
 
 
 
 
 
 
 
 
 
 
 
 
 
 
 
 
 
 
 
 
 
 
 
 
 
 
 
 
 
 
 
 
 
 
 
 
 
 
 
 
 
 
 
 
 
 
 
 
 
 
 
 
 
 
 
 
 
 
 
 
 
 
 
 
 
 
 
 
 
 
 
 
 
 
 
 
 
 
 
 
 
 
 
 
 
 
 
 
 
 
 
 
 
 
 
 
 
 
 
 
 
 
 
 
 
 
 
 
 
 
 
 
 
 
 
 
 
 
 
 
 
 
 
 
 
 
 
 
 
 
 
 
 
 
 
 
 
 
 
 
 
 
 
 
 
 
 
 
 
 
 
 
 
 
 
 
 
 
 
 
 
 
 
 
 
 
 
 
 
 
 
 
 
 
 
 
 
 
 
 
 
 
 
 
 
 
 
 
 
 
 
 
 
 
 
 
 
 
 
 
 
 
 
 
 
 
 
 
 
 
 
 
 
 
 
 
 
 
 
 
 
 
 
 
 
 
 
 
 
 
 
 
 
 
 
 
 
 
 
 
 
 
 
 
 
 
 
 
 
 
 
 
 
 
 
 
 
 
 
 
 
 
 
 
 
 
 
 
 
 
 
 
 
 
 
 
 
 
 
 
 
 
 
 
 
 
 
 
 
 
 
 
 
 
 
 
 
 
 
 
 
 
 
 
 
 
 
 
 
 
 
 
 
 
 
 
 
 
 
 
 
 
 
 
 
 
 
 
 
 
 
 
 
 
 
 
 
 
 
 
 
 
 
 
 
 
 
 
 
 
 
 
 
 
 
 
 
 
 
 
 
 
 
 
 
 
 
 
 
 
 
 
 
 
 
 
 
 
 
 
 
 
 
 
 
 
 
 
 
 
 
 
 
 
 
 
 
 
 
 
 
 
 
 
 
 
 
 
 
 
 
 
 
 
 
 
 
 
 
 
 
 
 
 
 
 
 
 
 
 
 
 
 
 
 
 
 
 
 
 
 
 
 
 
 
 
 
 
 
 
 
 
 
 
 
 
 
 
 
 
 
 
 
 
 
 
 
 
 
 
 
 
 
 
 
 
 
 
 
 
 
 
 
 
 
 
 
 
 
 
 
 
 
 
 
 
 
 
 
 
 
 
 
 
 
 
 
 
 
 
 
 
 
 
 
 
 
 
 
 
 
 
 
 
 
 
 
 
 
 
 
 
 
 
 
 
 
 
 
 
 
 
 
 
 
 
 
 
 
 
 
 
 
 
 
 
 
 
 
 
 
 
 
 
 
 
 
 
 
 
 
 
 
 
 
 
 
 
 
 
 
 
 
 
 
 
 
 
 
 
 
 
 
 
 
 
 
 
 
 
 
 
 
 
 
 
 
 
 
 
 
 
 
 
 
 
 
 
 
 
 
 
 
 
 
 
 
 
 
 
 
 
 
 
 
 
 
 
 
 
 
 
 
 
 
 
 
 
 
 
 
 
 
 
 
 
 
 
 
 
 
 
 
 
 
 
 
 
 
 
 
 
 
 
 
 
 
 
 
 
 
 
 
 
 
 
 
 
 
 
 
 
 
 
 
 
 
 
 
 
 
 
 
 
 
 
 
 
 
 
 
 
 
 
 
 
 
 
 
 
 
 
 
 
 
 
 
 
 
 
 
 
 
 
 
 
 
 
 
 
 
 
 
 
 
 
 
 
 
 
 
 
 
 
 
 
 
 
 
 
 
 
 
 
 
 
 
 
 
 
 
 
 
 
 
 
 
 
 
 
 
 
 
 
 
 
 
 
 
 
 
 
 
 
 
 
 
 
 
 
 
 
 
 
 
 
 
 
 
 
 
 
 
 
 
 
 
 
 
 
 
 
 
 
 
 
 
 
 
 
 
 
 
 
 
 
 
 
 
 
 
 
 
 
 
 
 
 
 
 
 
 
 
 
 
 
 
 
 
 
 
 
 
 
 
 
 
 
 
 
 
 
 
 
 
 
 
 
 
 
 
 
 
 
 
 
 
 
 
 
 
 
 
 
 
 
 
 
 
 
 
 
 
 
 
 
 
 
 
 
 
 
 
 
 
 
 
 
 
 
 
 
 
 
 
 
 
 
 
 
 
 
 
 
 
 
 
 
 
 
 
 
 
 
 
 
 
 
 
 
 
 
 
 
 
 
 
 
 
 
 
 
 
 
 
 
 
 
 
 
 
 
 
 
 
 
 
 
 
 
 
 
 
 
 
 
 
 
 
 
 
 
 
 
 
 
 
 
 
 
 
 
 
 
 
 
 
 
 
 
 
 
 
 
 
 
 
 
 
 
 
 
 
 
 
 
 
 
 
 
 
 
 
 
 
 
 
 
 
 
 
 
 
 
 
 
 
 
 
 
 
 
 
 
 
 
 
 
 
 
 
 
 
 
 
 
 
 
 
 
 
 
 
 
 
 
 
 
 
 
 
 
 
 
 
 
 
 
 
 
 
 
 
 
 
 
 
 
 
 
 
 
 
 
 
 
 
 
 
 
 
 
 
 
 
 
 
 
 
 
 
 
 
 
 
 
 
 
 
 
 
 
 
 
 
 
 
 
 
 
 
 
 
 
 
 
 
 
 
 
 
 
 
 
 
 
 
 
 
 
 
 
 
 
 
 
 
 
 
 
 
 
 
 
 
 
 
 
 
 
 
 
 
 
 
 
 
 
 
 
 
 
 
 
 
 
 
 
 
 
 
 
 
 
 
 
 
 
 
 
 
 
 
 
 
 
 
 
 
 
 
 
 
 
 
 
 
 
 
 
 
 
 
 
 
 
 
 
 
 
 
 
 
 
 
 
 
 
 
 
 
 
 
 
 
 
 
 
 
 
 
 
 
 
 
 
 
 
 
 
 
 
 
 
 
 
 
 
 
 
 
 
 
 
 
 
 
 
 
 
 
 
 
 
 
 
 
 
 
 
 
 
 
 
 
 
 
 
 
 
 
 
 
 
 
 
 
 
 
 
 
 
 
 
 
 
 
 
 
 
 
 
 
 
 
 
 
 
 
 
 
 
 
 
 
 
 
 
 
 
 
 
 
 
 
 
 
 
 
 
 
 
 
 
 
 
 
 
 
 
 
 
 
 
 
 
 
 
 
 
 
 
 
 
 
 
 
 
 
 
 
 
 
 
 
 
 
 
 
 
 
 
 
 
 
 
 
 
 
 
 
 
 
 
 
 
 
 
 
 
 
 
 
 
 
 
 
 
 
 
 
 
 
 
 
 
 
 
 
 
 
 
 
 
 
 
 
 
 
 
 
 
 
 
 
 
 
 
 
 
 
 
 
 
 
 
 
 
 
 
 
 
 
 
 
 
 
 
 
 
 
 
 
 
 
 
 
 
 
 
 
 
 
 
 
 
 
 
 
 
 
 
 
 
 
 
 
 
 
 
 
 
 
 
 
 
 
 
 
 
 
 
 
 
 
 
 
 
 
 
 
 
 
 
 
 
 
 
 
 
 
 
 
 
 
 
 
 
 
 
 
 
 
 
 
 
 
 
 
 
 
 
 
 
 
 
 
 
 
 
 
 
 
 
 
 
 
 
 
 
 
 
 
 
 
 
 
 
 
 
 
 
 
 
 
 
 
 
 
 
 
 
 
 
 
 
 
 
 
 
 
 
 
 
 
 
 
 
 
 
 
 
 
 
 
 
 
 
 
 
 
 
 
 
 
 
 
 
 
 
 
 
 
 
 
 
 
 
 
 
 
 
 
 
 
 
 
 
 
 
 
 
 
 
 
 
 
 
 
 
 
 
 
 
 
 
 
 
 
 
 
 
 
 
 
 
 
 
 
 
 
 
 
 
 
 
 
 
 
 
 
 
 
 
 
 
 
 
 
 
 
 
 
 
 
 
 
 
 
 
 
 
 
 
 
 
 
 
 
 
 
 
 
 
 
 
 
 
 
 
 
 
 
 
 
 
 
 
 
 
 
 
 
 
 
 
 
 
 
 
 
 
 
 
 
 
 
 
 
 
 
 
 
 
 
 
 
 
 
 
 
 
 
 
 
 
 
 
 
 
 
 
 
 
 
 
 
 
 
 
 
 
 
 
 
 
 
 
 
 
 
 
 
 
 
 
 
 
 
 
 
 
 
 
 
 
 
 
 
 
 
 
 
 
 
 
 
 
 
 
 
 
 
 
 
 
 
 
 
 
 
 
 
 
 
 
 
 
 
 
 
 
 
 
 
 
 
 
 
 
 
 
 
 
 
 
 
 
 
 
 
 
 
 
 
 
 
 
 
 
 
 
 
 
 
 
 
 
 
 
 
 
 
 
 
 
 
 
 
 
 
 
 
 
 
 
 
 
 
 
 
 
 
 
 
 
 
 
 
 
 
 
 
 
 
 
 
 
 
 
 
 
 
 
 
 
 
 
 
 
 
 
 
 
 
 
 
 
 
 
 
 
 
 
 
 
 
 
 
 
 
 
 
 
 
 
 
 
 
 
 
 
 
 
 
 
 
 
 
 
 
 
 
 
 
 
 
 
 
 
 
 
 
 
 
 
 
 
 
 
 
 
 
 
 
 
 
 
 
 
 
 
 
 
 
 
 
 
 
 
 
 
 
 
 
 
 
 
 
 
 
 
 
 
 
 
 
 
 
 
 
 
 
 
 
 
 
 
 
 
 
 
 
 
 
 
 
 
 
 
 
 
 
 
 
 
 
 
 
 
 
 
 
 
 
 
 
 
 
 
 
 
 
 
 
 
 
 
 
 
 
 
 
 
 
 
 
 
 
 
 
 
 
 
 
 
 
 
 
 
 
 
 
 
 
 
 
 
 
 
 
 
 
 
 
 
 
 
 
 
 
 
 
 
 
 
 
 
 
 
 
 
 
 
 
 
 
 
 
 
 
 
 
 
 
 
 
 
 
 
 
 
 
 
 
 
 
 
 
 
 
 
 
 
 
 
 
 
 
 
 
 
 
 
 
 
 
 
 
 
 
 
 
 
 
 
 
 
 
 
 
 
 
 
 
 
 
 
 
 
 
 
 
 
 
 
 
 
 
 
 
 
 
 
 
 
 
 
 
 
 
 
 
 
 
 
 
 
 
 
 
 
 
 
 
 
 
 
 
 
 
 
 
 
 
 
 
 
 
 
 
 
 
 
 
 
 
 
 
 
 
 
 
 
 
 
 
 
 
 
 
 
 
 
 
 
 
 
 
 
 
 
 
 
 
 
 
 
 
 
 
 
 
 
 
 
 
 
 
 
 
 
 
 
 
 
 
 
 
 
 
 
 
 
 
 
 
 
 
 
 
 
 
 
 
 
 
 
 
 
 
 
 
 
 
 
 
 
 
 
 
 
 
 
 
 
 
 
 
 
 
 
 
 
 
 
 
 
 
 
 
 
 
 
 
 
 
 
 
 
 
 
 
 
 
 
 
 
 
 
 
 
 
 
 
 
 
 
 
 
 
 
 
 
 
 
 
 
 
 
 
 
 
 
 
 
 
 
 
 
 
 
 
 
 
 
 
 
 
 
 
 
 
 
 
 
 
 
 
 
 
 
 
 
 
 
 
 
 
 
 
 
 
 
 
 
 
 
 
 
 
 
 
 
 
 
 
 
 
 
 
 
 
 
 
 
 
 
 
 
 
 
 
 
 
 
 
 
 
 
 
 
 
 
 
 
 
 
 
 
 
 
 
 
 
 
 
 
 
 
 
 
 
 
 
 
 
 
 
 
 
 
 
 
 
 
 
 
 
 
 
 
 
 
 
 
 
 
 
 
 
 
 
 
 
 
 
 
 
 
 
 
 
 
 
 
 
 
 
 
 
 
 
 
 
 
 
 
 
 
 
 
 
 
 
 
 
 
 
 
 
 
 
 
 
 
 
 
 
 
 
 
 
 
 
 
 
 
 
 
 
 
 
 
 
 
 
 
 
 
 
 
 
 
 
 
 
 
 
 
 
 
 
 
 
 
 
 
 
 
 
 
 
 
 
 
 
 
 
 
 
 
 
 
 
 
 
 
 
 
 
 
 
 
 
 
 
 
 
 
 
 
 
 
 
 
 
 
 
 
 
 
 
 
 
 
 
 
 
 
 
 
 
 
 
 
 
 
 
 
 
 
 
 
 
 
 
 
 
 
 
 
 
 
 
 
 
 
 
 
 
 
 
 
 
 
 
 
 
 
 
 
 
 
 
 
 
 
 
 
 
 
 
 
 
 
 
 
 
 
 
 
 
 
 
 
 
 
 
 
 
 
 
 
 
 
 
 
 
 
 
 
 
 
 
 
 
 
 
 
 
 
 
 
 
 
 
 
 
 
 
 
 
 
 
 
 
 
 
 
 
 
 
 
 
 
 
 
 
 
 
 
 
 
 
 
 
 
 
 
 
 
 
 
 
 
 
 
 
 
 
 
 
 
 
 
 
 
 
 
 
 
 
 
 
 
 
 
 
 
 
 
 
 
 
 
 
 
 
 
 
 
 
 
 
 
 
 
 
 
 
 
 
 
 
 
 
 
 
 
 
 
 
 
 
 
 
 
 
 
 
 
 
 
 
 
 
 
 
 
 
 
 
 
 
 
 
 
 
 
 
 
 
 
 
 
 
 
 
 
 
 
 
 
 
 
 
 
 
 
 
 
 
 
 
 
 
 
 
 
 
 
 
 
 
 
 
 
 
 
 
 
 
 
 
 
 
 
 
 
 
 
 
 
 
 
 
 
 
 
 
 
 
 
 
 
 
 
 
 
 
 
 
 
 
 
 
 
 
 
 
 
 
 
 
 
 
 
 
 
 
 
 
 
 
 
 
 
 
 
 
 
 
 
 
 
 
 
 
 
 
 
 
 
 
 
 
 
 
 
 
 
 
 
 
 
 
 
 
 
 
 
 
 
 
 
 
 
 
 
 
 
 
 
 
 
 
 
 
 
 
 
 
 
 
 
 
 
 
 
 
 
 
 
 
 
 
 
 
 
 
 
 
 
 
 
 
 
 
 
 
 
 
 
 
 
 
 
 
 
 
 
 
 
 
 
 
 
 
 
 
 
 
 
 
 
 
 
 
 
 
 
 
 
 
 
 
 
 
 
 
 
 
 
 
 
 
 
 
 
 
 
 
 
 
 
 
 
 
 
 
 
 
 
 
 
 
 
 
 
 
 
 
 
 
 
 
 
 
 
 
 
 
 
 
 
 
 
 
 
 
 
 
 
 
 
 
 
 
 
 
 
 
 
 
 
 
 
 
 
 
 
 
 
 
 
 
 
 
 
 
 
 
 
 
 
 
 
 
 
 
 
 
 
 
 
 
 
 
 
 
 
 
 
 
 
 
 
 
 
 
 
 
 
 
 
 
 
 
 
 
 
 
 
 
 
 
 
 
 
 
 
 
 
 
 
 
 
 
 
 
 
 
 
 
 
 
 
 
 
 
 
 
 
 
 
 
 
 
 
 
 
 
 
 
 
 
 
 
 
 
 
 
 
 
 
 
 
 
 
 
 
 
 
 
 
 
 
 
 
 
 
 
 
 
 
 
 
 
 
 
 
 
 
 
 
 
 
 
 
 
 
 
 
 
 
 
 
 
 
 
 
 
 
 
 
 
 
 
 
 
 
 
 
 
 
 
 
 
 
 
 
 
 
 
 
 
 
 
 
 
 
 
 
 
 
 
 
 
 
 
 
 
 
 
 
 
 
 
 
 
 
 
 
 
 
 
 
 
 
 
 
 
 
 
 
 
 
 
 
 
 
 
 
 
 
 
 
 
 
 
 
 
 
 
 
 
 
 
 
 
 
 
 
 
 
 
 
 
 
 
 
 
 
 
 
 
 
 
 
 
 
 
 
 
 
 
 
 
 
 
 
 
 
 
 
 
 
 
 
 
 
 
 
 
 
 
 
 
 
 
 
 
 
 
 
 
 
 
 
 
 
 
 
 
 
 
 
 
 
 
 
 
 
 
 
 
 
 
 
 
 
 
 
 
 
 
 
 
 
 
 
 
 
 
 
 
 
 
 
 
 
 
 
 
 
 
 
 
 
 
 
 
 
 
 
 
 
 
 
 
 
 
 
 
 
 
 
 
 
 
 
 
 
 
 
 
 
 
 
 
 
 
 
 
 
 
 
 
 
 
 
 
 
 
 
 
 
 
 
 
 
 
 
 
 
 
 
 
 
 
 
 
 
 
 
