0.0 0.0
0.01 2.36322294e-07
0.02 2.72616557e-07
0.03 4.11237046e-07
0.04 6.0099057e-07
0.05 5.64152673e-07
0.06 3.6295723e-08
0.07 -8.66651786e-07
0.08 -1.29113586e-06
0.09 -1.389300052e-06
0.1 -3.004124332e-06
0.11 -5.601447254e-06
0.12 -6.486161736e-06
0.13 -5.326936571e-06
0.14 -3.178643702e-06
0.15 -4.138009637e-06
0.16 -7.494990198e-06
0.17 -6.139669649e-06
0.18 -6.11379588e-07
0.19 7.507566749e-06
0.2 1.6667740912e-05
0.21 1.3369751694e-05
0.22 -4.482290314e-06
0.23 -1.6408504503e-05
0.24 -1.4883281144e-05
0.25 -9.384221339e-06
0.26 -6.690066901e-06
0.27 3.88751997e-07
0.28 1.0293867166e-05
0.29 7.137868461e-06
0.3 -1.0919895047e-05
0.31 -3.1731941472e-05
0.32 -3.5928848714e-05
0.33 -1.5931228538e-05
0.34 -1.41775186e-07
0.35 -7.528275787e-06
0.36 -5.617839949e-05
0.37 -0.000124212133968
0.38 -0.000125492655792
0.39 -3.0957799947e-05
0.4 4.5195496784e-05
0.41 4.6491400292e-05
0.42 2.7236753122e-05
0.43 1.2772834524e-05
0.44 3.2014611635e-05
0.45 8.5168891205e-05
0.46 5.6360452636e-05
0.47 -6.5504743699e-05
0.48 -0.000139564214296
0.49 -0.000114154925173
0.5 -3.9995962603e-05
0.51 -3.4348395036e-05
0.52 -0.000107889568572
0.53 -0.000132138526173
0.54 -8.6180342813e-05
0.55 -4.2782786715e-05
0.56 -5.6628112071e-05
0.57 -9.5327412196e-05
0.58 -8.4404940644e-05
0.59 -2.8679915375e-05
0.6 9.6299805123e-05
0.61 0.000147777302905
0.62 -9.560860058e-06
0.63 -0.000116794651053
0.64 -1.4697198609e-05
0.65 3.0507980174e-05
0.66 -6.6007988073e-05
0.67 -4.1646098518e-05
0.68 -5.458219646e-06
0.69 -0.000152591860838
0.7 -0.00026643952937
0.71 -0.00015123291592
0.72 1.507630044e-05
0.73 -1.1621763965e-05
0.74 -0.000166662780485
0.75 -0.000252626572129
0.76 -0.000318073904023
0.77 -0.000350117927961
0.78 -0.000220021209602
0.79 -6.4282395432e-05
0.8 -9.1098956478e-05
0.81 2.542576558e-06
0.82 0.000285109630048
0.83 0.000193448301067
0.84 -0.000158292740192
0.85 -0.000174665668969
0.86 -8.1971278661e-05
0.87 -0.000113274060719
0.88 8.119831344e-05
0.89 0.000264449550238
0.9 0.000159525402506
0.91 -0.000118843905681
0.92 -0.000385383392178
0.93 -0.000438934053475
0.94 -0.000284675507413
0.95 -0.000229193898397
0.96 -0.000315469053912
0.97 -0.000391934576824
0.98 -0.000383424703954
0.99 -0.000105453286482
1.0 0.000413080219852
1.01 0.000695958816702
1.02 0.000382792921715
1.03 -4.2429270339e-05
1.04 -6.3937938964e-05
1.05 0.000252992168449
1.06 0.000204055927891
1.07 -0.000305409320928
1.08 -0.000428262671476
1.09 9.255940831e-06
1.1 0.000175660252271
1.11 9.1373958281e-05
1.12 0.000253532272712
1.13 0.000109265081121
1.14 -0.000251282218333
1.15 -0.000200095566606
1.16 0.000134281260732
1.17 0.000339572615148
1.18 0.000231956350149
1.19 5.4587305454e-05
1.2 0.000359490125426
1.21 0.000597376882514
1.22 4.3794468236e-05
1.23 -0.000536517322907
1.24 -0.000622432446972
1.25 -0.00098841976733
1.26 -0.001630437454083
1.27 -0.001551574760493
1.28 -0.00091247179039
1.29 -0.000323717363966
1.3 -4.824691362e-06
1.31 0.000257290003105
1.32 0.000594963723948
1.33 0.000441507913272
1.34 3.141087771e-05
1.35 0.000251145246941
1.36 0.000446256600871
1.37 -4.8592458401e-05
1.38 -0.000359922683762
1.39 -0.000345842120537
1.4 -0.000455603461606
1.41 -0.000865295571568
1.42 -0.001013749609995
1.43 -0.000660543085153
1.44 -0.00047157670291
1.45 -0.00086574463253
1.46 -0.001156256871733
1.47 -0.000479921114357
1.48 0.000533371505331
1.49 0.001280526182276
1.5 0.002160775390396
1.51 0.002444696652753
1.52 0.001338072195059
1.53 0.00016324460684
1.54 0.000267230892783
1.55 0.000512154743015
1.56 -0.000147624307856
1.57 -0.001118292885044
1.58 -0.00173146568396
1.59 -0.001338173597945
1.6 -0.00026950520938
1.61 0.000326186096786
1.62 0.000328657874889
1.63 0.000273353265198
1.64 3.0927242216e-05
1.65 -0.000353617862945
1.66 -0.000243557794109
1.67 0.000123777166917
1.68 3.8247232829e-05
1.69 7.7450675789e-05
1.7 0.000691527601797
1.71 0.000933030309925
1.72 0.000264370721461
1.73 -0.000541652762292
1.74 -0.001206035233117
1.75 -0.001721858486705
1.76 -0.001842411124631
1.77 -0.001355613753461
1.78 -0.000908867429244
1.79 -0.000751726115418
1.8 -0.000221952697204
1.81 0.000918799818017
1.82 0.002140042060395
1.83 0.002251888669798
1.84 0.001338000196079
1.85 0.000442874024631
1.86 -0.00049163329156
1.87 -0.001421549638204
1.88 -0.001277313643877
1.89 -0.000323891221218
1.9 -4.2905206817e-05
1.91 -0.000497125719792
1.92 -0.000661311245985
1.93 -0.000547637724961
1.94 0.000287758594931
1.95 0.001477442001689
1.96 0.001231460390169
1.97 -0.000292505119918
1.98 -0.000617829246056
1.99 0.000406422241186
2.0 0.000791255778746
2.01 0.000463219812535
2.02 0.000482503189813
2.03 0.000511085698421
2.04 0.000185975498644
2.05 0.000269782423774
2.06 6.4586617922e-05
2.07 -0.001220024453058
2.08 -0.002001488001582
2.09 -0.001347100171532
2.1 -0.000360461454933
2.11 0.000271820935295
2.12 0.000437096958266
2.13 0.000458573919332
2.14 0.00025279381447
2.15 0.000480128022911
2.16 0.001038453536892
2.17 0.001093360972128
2.18 0.000354090584024
2.19 -0.001215738403006
2.2 -0.002374873241047
2.21 -0.00190694363808
2.22 -0.000549896969089
2.23 -8.2995142269e-05
2.24 -0.000193052852675
2.25 9.7850803129e-05
2.26 0.00063043000831
2.27 0.000934849787346
2.28 0.001059831481018
2.29 0.001095697892939
2.3 0.000927275670116
2.31 0.000318892610341
2.32 -0.000545885870218
2.33 -0.001063233952402
2.34 -0.001251843157971
2.35 -0.001510427799194
2.36 -0.001022880710138
2.37 -5.7588973198e-05
2.38 -6.6515418712e-05
2.39 -0.00061503550144
2.4 -0.00036069798391
2.41 0.000101566746545
2.42 0.000412168984577
2.43 0.001328012634636
2.44 0.002684070172095
2.45 0.003057280810312
2.46 0.001896920568596
2.47 0.000528682808614
2.48 -2.4518799474e-05
2.49 -2.9190040374e-05
2.5 0.00017125733507
2.51 0.000145192788197
2.52 -0.000169865517388
2.53 -0.000469048389183
2.54 -0.000924487780368
2.55 -0.001179866756064
2.56 -0.001004979376723
2.57 -0.000198146017739
2.58 0.000198615702803
2.59 -0.000628143100436
2.6 -0.00187938775775
2.61 -0.002325164185776
2.62 -0.001987322741269
2.63 -0.001697998381907
2.64 -0.001493666272932
2.65 -0.001043474777902
2.66 -0.001333630842358
2.67 -0.001665329867149
2.68 -0.00048170678388
2.69 0.000904211568177
2.7 0.001334738795081
2.71 0.001993088270666
2.72 0.003506680840015
2.73 0.004418007300096
2.74 0.004769613811538
2.75 0.004934459403671
2.76 0.003151752357116
2.77 -0.000918907997543
2.78 -0.00369906584788
2.79 -0.004663850124234
2.8 -0.005290566514079
2.81 -0.005366864058273
2.82 -0.004675588025219
2.83 -0.003205952909886
2.84 -0.001307395825565
2.85 0.000272028676005
2.86 0.000647038504722
2.87 -1.8703668407e-05
2.88 -0.000484341382878
2.89 -0.000126899871412
2.9 0.000993558412303
2.91 0.000854261478323
2.92 -0.001429396327687
2.93 -0.00372581821227
2.94 -0.004308797980645
2.95 -0.003588519531004
2.96 -0.002860924293574
2.97 -0.003386276624057
2.98 -0.005881535665459
2.99 -0.00835888034184
3.0 -0.007936147362527
3.01 -0.003906140919354
3.02 0.001406636360894
3.03 0.006367532976268
3.04 0.009429395441856
3.05 0.00900238448981
3.06 0.005853515782202
3.07 0.001412520748914
3.08 -0.002281954211507
3.09 -0.00371408447996
3.1 -0.00321267461806
3.11 -0.002057792725635
3.12 -0.002803965766361
3.13 -0.00598950174282
3.14 -0.009078306297935
3.15 -0.008806435309701
3.16 -0.006340993510455
3.17 -0.004355008477585
3.18 -0.002772054763682
3.19 -0.001891157939654
3.2 -0.001591943981456
3.21 -0.001409064671249
3.22 0.001048477343459
3.23 0.004336853728675
3.24 0.007732052251066
3.25 0.008912178426401
3.26 0.008751096096163
3.27 0.005511140405156
3.28 -6.8776556797e-05
3.29 -0.006062272167893
3.3 -0.007950054570196
3.31 -0.004676734081114
3.32 0.001414459122233
3.33 0.004751312652061
3.34 0.003232283109615
3.35 -0.001587854473326
3.36 -0.004485130668883
3.37 -0.003181915660938
3.38 4.517417671e-05
3.39 0.002411378161414
3.4 0.003327831582312
3.41 0.002254065882921
3.42 0.000324993939155
3.43 -0.002600708535114
3.44 -0.005171157018959
3.45 -0.006079818215661
3.46 -0.005324989467341
3.47 -0.005139834313176
3.48 -0.006479450673018
3.49 -0.00842124201575
3.5 -0.008664051571234
3.51 -0.004346101421114
3.52 0.004087475364725
3.53 0.012802476222993
3.54 0.016909084275307
3.55 0.014339250501075
3.56 0.008871734617292
3.57 0.005159269076505
3.58 0.003660858936546
3.59 0.004616868009567
3.6 0.006476406169136
3.61 0.006495227033907
3.62 0.00319865223177
3.63 -0.002475928026247
3.64 -0.00712981959369
3.65 -0.009123343380767
3.66 -0.009747063687375
3.67 -0.009839959545711
3.68 -0.007578990922753
3.69 -0.001807942839579
3.7 0.004409752279246
3.71 0.009528805545742
3.72 0.013419734539183
3.73 0.016282334282144
3.74 0.017822977456747
3.75 0.014533116341933
3.76 0.006157136403978
3.77 -0.001842573251744
3.78 -0.007267822098579
3.79 -0.009441070039234
3.8 -0.008546043303626
3.81 -0.007867868049272
3.82 -0.007354959188328
3.83 -0.004342831634784
3.84 0.004580530657438
3.85 0.014730426877404
3.86 0.021134366035095
3.87 0.022196696110311
3.88 0.016955962344502
3.89 0.008656551414126
3.9 0.000826428590301
3.91 -0.003428967438136
3.92 -0.001718134191124
3.93 0.000810734240987
3.94 0.001178013273371
3.95 -0.003212314590262
3.96 -0.009779994807114
3.97 -0.014075206646903
3.98 -0.014747648851887
3.99 -0.011786820840805
4.0 -0.005161291317965
4.01 0.001428029266284
4.02 0.004098326527036
4.03 0.003061615518702
4.04 0.002648175059967
4.05 0.00544445896131
4.06 0.011378681800373
4.07 0.015558567454701
4.08 0.014926814386685
4.09 0.008716235288272
4.1 0.001796085496916
4.11 -0.001713404569294
4.12 -0.001322721956765
4.13 0.002518736729436
4.14 0.008350624156879
4.15 0.012613224754954
4.16 0.011441825093687
4.17 0.004338755116436
4.18 -0.005032454647104
4.19 -0.010034073402896
4.2 -0.010859482311961
4.21 -0.010039019258625
4.22 -0.006977383684297
4.23 -0.003480467528217
4.24 -0.002999685819888
4.25 -0.004050889623176
4.26 -0.005833080917804
4.27 -0.006507574669754
4.28 -0.002337051116829
4.29 0.004993593986769
4.3 0.011514088315404
4.31 0.015327636609928
4.32 0.014151127442146
4.33 0.014043605163268
4.34 0.018840465042264
4.35 0.026943585193921
4.36 0.034465426376268
4.37 0.035123807117967
4.38 0.022913548413145
4.39 0.001991147163021
4.4 -0.017964027262475
4.41 -0.034169567157179
4.42 -0.043661741062418
4.43 -0.043690457009364
4.44 -0.035650908595999
4.45 -0.024876232347595
4.46 -0.007147248020152
4.47 0.010285772497577
4.48 0.028339518070611
4.49 0.043700382582787
4.5 0.051925689324057
4.51 0.055660088885546
4.52 0.060243216027488
4.53 0.063088000058652
4.54 0.05723652405863
4.55 0.042261660568046
4.56 0.007892704403774
4.57 -0.008916775304337
4.58 -0.025146269570594
4.59 -0.039433014015546
4.6 -0.053515078003384
4.61 -0.06523358979588
4.62 -0.079000295666174
4.63 -0.086622936412209
4.64 -0.080425774255394
4.65 -0.063702359591703
4.66 -0.038166718137818
4.67 -0.020264932665083
4.68 -0.00644615302603
4.69 0.017727519860168
4.7 0.048205249887904
4.71 0.076439878155407
4.72 0.099681553216499
4.73 0.115604155621722
4.74 0.127099707743234
4.75 0.127318430572369
4.76 0.11702766276298
4.77 0.110007914696502
4.78 0.093643860610235
4.79 0.06709452612356
4.8 0.035029876940647
4.81 0.017668217424703
4.82 0.011142028424803
4.83 0.011352503992701
4.84 0.034634331685285
4.85 0.038080611620386
4.86 0.029522441423484
4.87 0.022368853229472
4.88 -0.005127453263514
4.89 -0.027625214085619
4.9 -0.035155195088941
4.91 -0.028076226617205
4.92 -0.022698571776454
4.93 -0.009384165477641
4.94 0.029273085397276
4.95 0.0252166383285
4.96 0.03040973602314
4.97 0.009951362078618
4.98 0.002977414188766
4.99 0.023574500069964
5.0 0.034918201114657
5.01 0.052806136382695
5.02 0.050269823640727
5.03 0.039506335560713
5.04 0.026815795502829
5.05 0.010589686469097
5.06 -0.007438640316154
5.07 -0.030700804775547
5.08 -0.05582538848656
5.09 -0.082180086621753
5.1 -0.098947041862684
5.11 -0.105149306442789
5.12 -0.100917673864691
5.13 -0.079876136055776
5.14 -0.065679249542832
5.15 -0.064752729443365
5.16 -0.074129087439695
5.17 -0.087685106670047
5.18 -0.101192865304384
5.19 -0.107660053770441
5.2 -0.103678136213302
5.21 -0.091464280253253
5.22 -0.076528115896994
5.23 -0.029962985225346
5.24 -0.018218790520569
5.25 0.007287296939563
5.26 0.013232174066555
5.27 0.028602083839009
5.28 0.0361960639342
5.29 0.047390870498367
5.3 0.055689014912694
5.31 0.064747687352179
5.32 0.058614187149082
5.33 0.052773151337293
5.34 0.044723869815703
5.35 0.020090132851423
5.36 -0.007668834684298
5.37 -0.0399837138579
5.38 -0.071813397591047
5.39 -0.077962445254
5.4 -0.07659095317119
5.41 -0.080064072189337
5.42 -0.074528793771055
5.43 -0.072280437731701
5.44 -0.0584755587339
5.45 -0.034020198696441
5.46 -0.011662751068806
5.47 0.004941197349668
5.48 0.014153124592801
5.49 0.017851228323799
5.5 0.017228967908611
5.51 0.015855438469899
5.52 0.016524322711935
5.53 -0.006261316231481
5.54 -0.026727147899472
5.55 -0.021217272490118
5.56 -0.02594593542394
5.57 -0.004570477250728
5.58 -0.006299953599524
5.59 -0.016608167646958
5.6 -0.025470431288766
5.61 -0.03323462599972
5.62 -0.034631551984686
5.63 -0.037989968616636
5.64 -0.051027929806997
5.65 -0.06922151792388
5.66 -0.079643243461185
5.67 -0.085707665941287
5.68 -0.093150094840253
5.69 -0.096772321090819
5.7 -0.096531223410866
5.71 -0.094700257620846
5.72 -0.082425181404914
5.73 -0.057934686307316
5.74 -0.035886749643825
5.75 -0.026217438998814
5.76 -0.027219875775457
5.77 -0.036906327957156
5.78 -0.053373213212057
5.79 -0.070230097835646
5.8 -0.083568984119364
5.81 -0.088058343328947
5.82 -0.044870868607342
5.83 -0.015665680676488
5.84 -0.007179006452634
5.85 -0.015668501401369
5.86 -0.041036246514455
5.87 -0.06520839894134
5.88 -0.098414884757677
5.89 -0.122479234439709
5.9 -0.134991106046425
5.91 -0.139528020041687
5.92 -0.136217705760774
5.93 -0.128749011168731
5.94 -0.094125554804514
5.95 -0.06084251868251
5.96 -0.029379954950788
5.97 0.004685044453342
5.98 0.059935237798577
5.99 0.104154100124628
6.0 0.14467183818677
6.01 0.178772927621423
6.02 0.199969056554075
6.03 0.204942934026473
6.04 0.203721469878915
6.05 0.205870365486984
6.06 0.195026297515806
6.07 0.186657742247231
6.08 0.192811432008017
6.09 0.207357744792905
6.1 0.215521217738072
6.11 0.215410600750644
6.12 0.203676324323793
6.13 0.170967581312255
6.14 0.043903736331433
6.15 -0.044639111318179
6.16 -0.104967520664856
6.17 -0.095048819905401
6.18 -0.128189741252938
6.19 -0.09004495727732
6.2 -0.078575078963792
6.21 -0.048899484280918
6.22 -0.037131742124369
6.23 -0.05019458960265
6.24 -0.057866026301215
6.25 -0.036191092300446
6.26 -0.014684958670358
6.27 0.039264771123192
6.28 0.079894012443004
6.29 0.10785046910655
6.3 0.117838107547075
6.31 0.148322934331456
6.32 0.144301860008572
6.33 0.160780816234041
6.34 0.153170441605879
6.35 0.156233306875313
6.36 0.132220863364485
6.37 0.157526292302693
6.38 0.123301289498977
6.39 0.112715468157002
6.4 0.114326762797983
6.41 0.107822654398307
6.42 0.083217524279293
6.43 0.032033810263378
6.44 0.012399750770735
6.45 -0.017587588881039
6.46 -0.096049912241481
6.47 -0.1526778154612
6.48 -0.167159528104406
6.49 -0.175642250200753
6.5 -0.17118707870701
6.51 -0.141640109874391
6.52 -0.101436887705799
6.53 -0.033634570418188
6.54 -0.025914853480265
6.55 0.019671949988862
6.56 0.050720649115878
6.57 0.071971325484445
6.58 0.088513844154364
6.59 0.098549089653216
6.6 0.085385287108052
6.61 0.083190249966839
6.62 0.07296047456551
6.63 0.015644994269778
6.64 -0.018221524193554
6.65 -0.037331327364912
6.66 -0.050893894806791
6.67 -0.043117992284534
6.68 -0.041372161334922
6.69 -0.036012879260674
6.7 -0.035506380493218
6.71 -0.026786286841466
6.72 -0.000926376227854
6.73 0.01661707084641
6.74 0.054095446703862
6.75 0.075881919528254
6.76 0.089629950495194
6.77 0.117025903128816
6.78 0.135510288231373
6.79 0.133470712510748
6.8 0.122398132925879
6.81 0.11606893226495
6.82 0.10312293479402
6.83 0.10027185689062
6.84 0.12684366815372
6.85 0.149898147449286
6.86 0.143267831732491
6.87 0.138084374699687
6.88 0.144628303370616
6.89 0.078054379515455
6.9 0.07201160085609
6.91 0.05206494451951
6.92 0.025351316977135
6.93 0.044600661672461
6.94 0.05144477734746
6.95 0.090643602903386
6.96 0.081262909986626
6.97 0.067399355635208
6.98 0.092157820501114
6.99 0.090619819465489
7.0 0.095468126570437
7.01 0.122416680637529
7.02 0.13733556528475
7.03 0.135570540459715
7.04 0.009885918206421
7.05 -0.041659972135416
7.06 -0.10175829169181
7.07 -0.176828819542695
7.08 -0.242196477204389
7.09 -0.315297533721638
7.1 -0.370981142226447
7.11 -0.41102119968903
7.12 -0.425455268329057
7.13 -0.438835972814014
7.14 -0.425147117087804
7.15 -0.363943160886256
7.16 -0.330298345794858
7.17 -0.303878073356986
7.18 -0.278982475250376
7.19 -0.250339747181947
7.2 -0.215715624652128
7.21 -0.173414608902265
7.22 -0.074867606574538
7.23 0.079671213284356
7.24 0.04600040902113
7.25 0.077177461855889
7.26 0.085415808313412
7.27 0.100302256088226
7.28 0.085267890024137
7.29 0.079008543036148
7.3 0.079401272472168
7.31 0.091505903884611
7.32 0.132499279155148
7.33 0.163654497078373
7.34 0.16862409891915
7.35 0.18994672822649
7.36 0.178217804156362
7.37 0.136553972106328
7.38 0.099600474844653
7.39 0.059841800324463
7.4 0.037334596275881
7.41 0.029421457630274
7.42 0.021641749874038
7.43 0.032127665196689
7.44 0.05262643374358
7.45 0.058921407274229
7.46 0.056193725976111
7.47 0.048840005397576
7.48 0.02995023864822
7.49 0.004900876801978
7.5 -0.015616261950458
7.51 -0.028385799227196
7.52 -0.033748682921745
7.53 -0.035102641666373
7.54 -0.03945496444979
7.55 -0.050114157019005
7.56 -0.064077343604536
7.57 -0.077675410960348
7.58 -0.089114611317528
7.59 -0.096524775170434
7.6 -0.099343633912586
7.61 -0.105026401148177
7.62 -0.129474926276128
7.63 -0.162828406658448
7.64 -0.171287029174012
7.65 -0.167437325260725
7.66 -0.160841262167475
7.67 -0.143131396765435
7.68 -0.113582157460657
7.69 -0.068478126880668
7.7 -0.011829870392897
7.71 0.03362602802109
7.72 0.060914490504892
7.73 0.072873918170961
7.74 0.066871577861273
7.75 0.048894278144577
7.76 0.030312317491438
7.77 0.017792368175905
7.78 0.015441635538115
7.79 0.022314777975951
7.8 0.033610733636994
7.81 0.047384633662057
7.82 0.063653201316257
7.83 0.081492663440829
7.84 0.097798844049391
7.85 0.105088083582185
7.86 0.093670960852196
7.87 0.057299947143057
7.88 -0.002158484391528
7.89 -0.074800001952946
7.9 -0.14311151840289
7.91 -0.195816302085793
7.92 -0.233564219313165
7.93 -0.268310667315803
7.94 -0.308242748284471
7.95 -0.338871063368452
7.96 -0.344833611158335
7.97 -0.33999478223048
7.98 -0.333874919478717
7.99 -0.314738611356266
8.0 -0.285446551365698
8.01 -0.269713549479482
8.02 -0.260060304975085
8.03 -0.205400831705059
8.04 -0.025388110764776
8.05 -0.064622963476503
8.06 0.005764731086046
8.07 0.004729053656245
8.08 0.021663532832051
8.09 0.050889521632514
8.1 0.098650892120443
8.11 0.151306563154622
8.12 0.216962826029363
8.13 0.273284854857995
8.14 0.309622820530658
8.15 0.32516400212293
8.16 0.326167577241781
8.17 0.307530956940421
8.18 0.26921360857214
8.19 0.230831665149915
8.2 0.205483255372164
8.21 0.197529915214067
8.22 0.203951590080458
8.23 0.2146408433683
8.24 0.223169464620503
8.25 0.224375761727325
8.26 0.232783362002478
8.27 0.268983587122004
8.28 0.275576292170817
8.29 0.262228722083272
8.3 0.250290758425425
8.31 0.235810539416766
8.32 0.206036815606538
8.33 0.156183823140989
8.34 0.117214994639043
8.35 0.082649783374025
8.36 0.045850556592598
8.37 -0.011027063358333
8.38 -0.217584818581217
8.39 -0.079325725617217
8.4 -0.152700764724894
8.41 -0.094855262943628
8.42 -0.174217440347407
8.43 -0.146424777788797
8.44 -0.165470591839083
8.45 -0.175268396900168
8.46 -0.159496068173451
8.47 -0.17037870805117
8.48 -0.163992818965181
8.49 -0.13792923038227
8.5 -0.141415042630776
8.51 -0.159082680604668
8.52 -0.159900390758261
8.53 -0.159404406376805
8.54 -0.168021656569407
8.55 -0.168624653483529
8.56 -0.155766896914841
8.57 -0.140094513917606
8.58 -0.124192653058806
8.59 -0.105341765001398
8.6 -0.087346509974494
8.61 -0.072825489212457
8.62 -0.056509838562703
8.63 -0.03510036774607
8.64 -0.013727451090448
8.65 0.002337470380742
8.66 0.014968279729238
8.67 0.028864606088493
8.68 0.045720158510945
8.69 0.065681820744949
8.7 0.089965990774573
8.71 0.128372276373042
8.72 0.212062377140596
8.73 0.158759067140584
8.74 0.167934850977781
8.75 0.156042673384353
8.76 0.161685309468179
8.77 0.133186832803121
8.78 0.117274104562705
8.79 0.094888204733131
8.8 0.071363410581709
8.81 0.038949768197811
8.82 -0.002731379667628
8.83 -0.027358996496259
8.84 -0.044349523867063
8.85 -0.06838736841785
8.86 -0.079902760204397
8.87 -0.067837601647054
8.88 -0.046386073716355
8.89 -0.026459530242594
8.9 -0.008375462774208
8.91 0.007063841762404
8.92 0.015408839135671
8.93 0.014257670695037
8.94 0.007573116942077
8.95 0.000697184779168
8.96 -0.006062227772375
8.97 -0.013831570556444
8.98 -0.018698224140061
8.99 -0.014220420514292
9.0 0.001751091361779
9.01 0.026593178330266
9.02 0.057267885483734
9.03 0.092125531621455
9.04 0.128390977674377
9.05 0.160653879459924
9.06 0.182556942809391
9.07 0.189678294499105
9.08 0.181814624802773
9.09 0.161298225042394
9.1 0.129383460515956
9.11 -0.052896323131655
9.12 0.000880528042947
9.13 -0.036733366154972
9.14 -0.044704639862281
9.15 -0.08783343571604
9.16 -0.111878105784049
9.17 -0.13375303432403
9.18 -0.162349041609369
9.19 -0.186884017391026
9.2 -0.195961503903102
9.21 -0.169159562951914
9.22 -0.126270460877289
9.23 -0.091567909574856
9.24 -0.050305587599995
9.25 0.000120642808985
9.26 0.037725270120771
9.27 0.053836043595749
9.28 0.051533051463114
9.29 0.032124775750564
9.3 0.002338953108842
9.31 -0.032015458342101
9.32 -0.074956018456608
9.33 -0.125116703278938
9.34 -0.169548905190627
9.35 -0.199883159593113
9.36 -0.216666855227978
9.37 -0.22006287338554
9.38 -0.210626575407321
9.39 -0.194576771564224
9.4 -0.178808233072856
9.41 -0.162560196948076
9.42 -0.134577337408406
9.43 -0.137507404605338
9.44 -0.165562422058582
9.45 -0.154646651670337
9.46 -0.113514984941504
9.47 -0.073172278370878
9.48 0.012497838712173
9.49 0.03226779019708
9.5 0.023574834172886
9.51 0.066246351523191
9.52 0.097634895911686
9.53 0.135221799024028
9.54 0.186701778433514
9.55 0.240698758305034
9.56 0.290998406868634
9.57 0.320110072847729
9.58 0.325478427787707
9.59 0.321919449171013
9.6 0.31280726260303
9.61 0.287091982012668
9.62 0.248226882219379
9.63 0.21108206624252
9.64 0.176718281895276
9.65 0.137636475026159
9.66 0.094525824766255
9.67 0.052281217184746
9.68 0.011457255004614
9.69 -0.028076818204574
9.7 -0.063286665641045
9.71 -0.096730362103171
9.72 -0.11275821591403
9.73 -0.099091484109558
9.74 -0.089792210459048
9.75 -0.086400912953324
9.76 -0.08523113364539
9.77 -0.100273931384071
9.78 -0.097533326483131
9.79 -0.059810601699483
9.8 -0.035185558742794
9.81 -0.023091696770041
9.82 0.001352924432072
9.83 0.01383260877408
9.84 0.0286518769787
9.85 0.047449634464082
9.86 0.011232882429117
9.87 -0.012605309753729
9.88 -0.011827125777645
9.89 -0.038270957489788
9.9 -0.045415052159777
9.91 -0.056808933659699
9.92 -0.053534998149386
9.93 -0.030267406006382
9.94 0.00424548087767
9.95 0.045696498680884
9.96 0.082324715217265
9.97 0.108290476402058
9.98 0.12583691295771
9.99 0.133996241195343
10.0 0.131774290658119
10.01 0.120832383923154
10.02 0.101452936348032
10.03 0.073931701660728
10.04 0.040211660355782
10.05 0.002373414562051
10.06 -0.034721003810986
10.07 -0.061834667293485
10.08 -0.071474017964039
10.09 -0.063182889569225
10.1 -0.041438537636715
10.11 -0.011560563453288
10.12 0.086552205488015
10.13 0.093429009523207
10.14 0.132491663417892
10.15 0.134862536645441
10.16 0.158193607805221
10.17 0.169286617009108
10.18 0.177721587181388
10.19 0.188014214617898
10.2 0.189846593182398
10.21 0.186280260286825
10.22 0.160714545869747
10.23 0.103862768548178
10.24 0.027869132402895
10.25 -0.094153850813286
10.26 -0.2530916871665
10.27 -0.220382357466742
10.28 -0.238500568297044
10.29 -0.22069039542248
10.3 -0.215121368614931
10.31 -0.180702497885418
10.32 -0.172659939286078
10.33 -0.156408326549757
10.34 -0.161380744852771
10.35 -0.155722825835761
10.36 -0.096886807102505
10.37 -0.070024194804008
10.38 -0.015828294860094
10.39 0.026481799655874
10.4 0.056100035340288
10.41 0.105284586598293
10.42 0.134212151216848
10.43 0.153924701031708
10.44 0.144154573114892
10.45 0.138753905754078
10.46 0.186221225469058
10.47 0.189657637296297
10.48 0.170938683212672
10.49 0.147052859678605
10.5 0.099818506791273
10.51 0.068385258183721
10.52 0.012812467832506
10.53 -0.005378320606595
10.54 -0.050646137012475
10.55 -0.119686799489699
10.56 -0.183052193349544
10.57 -0.212276365296239
10.58 -0.218516636508259
10.59 -0.233894044421678
10.6 -0.235310240494157
10.61 -0.203738091720232
10.62 -0.173018999029989
10.63 -0.157548804477834
10.64 -0.089723322168705
10.65 -0.035734494061556
10.66 0.001406678457245
10.67 0.04484803225599
10.68 0.052283127195361
10.69 0.074729039240688
10.7 0.062298638071459
10.71 0.061771654365442
10.72 0.043862565884837
10.73 -0.002362039398071
10.74 -0.021078409278567
10.75 -0.056203548360439
10.76 -0.081223021212307
10.77 -0.13812374751159
10.78 -0.166199044097929
10.79 -0.177145186519286
10.8 -0.18070573681665
10.81 -0.207146941902147
10.82 -0.266914804040261
10.83 -0.261384908216376
10.84 -0.225779361969458
10.85 -0.204667460662255
10.86 -0.170027901058611
10.87 -0.018997248553152
10.88 -0.056631470825459
10.89 0.011995928915324
10.9 -0.0010406197674
10.91 0.022546458534795
10.92 0.031025550341775
10.93 0.05020241260543
10.94 0.095888038828192
10.95 0.132389632397259
10.96 0.138538510102551
10.97 0.130651835772794
10.98 0.146983024535746
10.99 0.149044993659515
11.0 0.126465949063394
11.01 0.11844681172846
11.02 0.117354826258929
11.03 0.115965708899848
11.04 0.122571331505427
11.05 0.127502585094768
11.06 0.133713402123549
11.07 0.149491089342095
11.08 0.160987166733702
11.09 0.159945724063931
11.1 0.157097345987706
11.11 0.157676659349533
11.12 0.156069163135724
11.13 0.150273644286327
11.14 0.130392052356136
11.15 0.104216603046446
11.16 0.133586144381417
11.17 0.145022900186228
11.18 0.141841212540283
11.19 0.1477007330887
11.2 0.161815349617891
11.21 0.173368203795444
11.22 0.178114216609435
11.23 0.173232897626322
11.24 0.156063027476909
11.25 0.048653177586752
11.26 0.015250666875398
11.27 -0.015542371039688
11.28 -0.038313645210361
11.29 -0.042867280095825
11.3 -0.065347264952057
11.31 -0.086961645386956
11.32 -0.115036901277772
11.33 -0.146390820901885
11.34 -0.17923531494135
11.35 -0.200734415800032
11.36 -0.20052059016628
11.37 -0.18356846441758
11.38 -0.148997801177024
11.39 -0.098789642043618
11.4 -0.055168468416709
11.41 -0.038555308816746
11.42 -0.044895891574638
11.43 -0.055711928670076
11.44 -0.056144863564154
11.45 -0.04193087901519
11.46 -0.0192650061833
11.47 0.00183670045548
11.48 0.016753262197185
11.49 0.026788818982278
11.5 0.033206042528339
11.51 0.035888465307791
11.52 0.037009400155957
11.53 0.040770758026462
11.54 0.048494427439265
11.55 0.055623635904285
11.56 0.054458951217071
11.57 0.040706557273777
11.58 0.011294707321349
11.59 -0.019565934285515
11.6 -0.023694530367082
11.61 -0.058116609523492
11.62 -0.089397668982502
11.63 -0.084778331125372
11.64 -0.053372624571926
11.65 -0.050108640050984
11.66 -0.039727241723014
11.67 -0.04577169963892
11.68 -0.031920395650815
11.69 -0.005025568364367
11.7 0.017415784028191
11.71 0.050667593128069
11.72 0.080209201074639
11.73 0.10523238531914
11.74 0.12488875149335
11.75 0.134002890629499
11.76 0.136217897677164
11.77 0.135810526536892
11.78 0.135172711761702
11.79 0.137303044944236
11.8 0.141837719620991
11.81 0.145237922654825
11.82 0.145712598212165
11.83 0.144879137095866
11.84 0.146424500988831
11.85 0.153198714092982
11.86 0.163529764732116
11.87 0.171287020663971
11.88 0.171258544331745
11.89 0.16314688365644
11.9 0.149740638873378
11.91 0.13338525092882
11.92 0.11463575383613
11.93 0.088645749160273
11.94 -0.021260388494549
11.95 0.004952789986589
11.96 -0.019295775062258
11.97 -0.018811204829695
11.98 -0.019684271314589
11.99 -0.022049434110244
12.0 -0.034176284717659
12.01 -0.054929706949897
12.02 -0.086908943364391
12.03 -0.103758557224127
12.04 -0.100864389384676
12.05 -0.102295297110347
12.06 -0.100811455216803
12.07 -0.085924787212648
12.08 -0.074617928388943
12.09 -0.067701804112417
12.1 -0.060315294649851
12.11 -0.058918117595398
12.12 -0.06118173563259
12.13 -0.062830444469159
12.14 -0.06737294948384
12.15 -0.07130961854464
12.16 -0.066164719414491
12.17 -0.053577371558743
12.18 -0.04077302439141
12.19 -0.031003508074878
12.2 -0.026942056297111
12.21 -0.032041004916505
12.22 -0.044540823168782
12.23 -0.058430710735652
12.24 -0.0689586117154
12.25 -0.081430552697131
12.26 -0.094967979406792
12.27 -0.109638664211039
12.28 -0.123933604325308
12.29 -0.135030389368211
12.3 -0.140377752124416
12.31 -0.139570048164093
12.32 -0.134426445380978
12.33 -0.126998715399338
12.34 -0.118368775525497
12.35 -0.109555157461471
12.36 -0.103862464195917
12.37 -0.111181650272255
12.38 -0.139276629722
12.39 -0.179682798156118
12.4 -0.139549082940661
12.41 -0.117016105661125
12.42 -0.115416216846306
12.43 -0.070808557114347
12.44 -0.06775225684048
12.45 -0.063543030454022
12.46 -0.053570952952834
12.47 -0.050006117386377
12.48 -0.039973178757091
12.49 -0.028589267456734
12.5 -0.008450406103514
12.51 0.021836946564466
12.52 0.0484719089335
12.53 0.071647798113336
12.54 0.092501699704541
12.55 0.103149289841531
12.56 0.104685659984422
12.57 0.104987694540378
12.58 0.106466237989316
12.59 0.108882849699611
12.6 0.111578734209797
12.61 0.110346951963129
12.62 0.100920126390366
12.63 0.084959427939917
12.64 0.068791369614392
12.65 0.058341444748457
12.66 0.055999886986377
12.67 0.059381005497424
12.68 0.062157900212066
12.69 0.057945741885989
12.7 0.044723371692713
12.71 0.025177020663592
12.72 -0.062620855545211
12.73 -0.057226863363318
12.74 -0.084531881171797
12.75 -0.076641076417103
12.76 -0.074572189612607
12.77 -0.058555333431578
12.78 -0.045014148859366
12.79 -0.034640760896627
12.8 -0.035448130678962
12.81 -0.028481879315918
12.82 -0.004455854364113
12.83 0.01186336760728
12.84 0.027724957156713
12.85 0.050943536192297
12.86 0.060189586942084
12.87 0.05550327071717
12.88 0.047972605857235
12.89 0.037814555739883
12.9 0.026411414076243
12.91 0.018222891901334
12.92 0.019277217643236
12.93 0.029353165902895
12.94 0.039279218215687
12.95 0.043228155921613
12.96 0.041372171089021
12.97 0.034398421059525
12.98 0.023969618180184
12.99 0.010395621167935
13.0 -0.011072375354923
13.01 -0.043762712845172
13.02 -0.081947049482649
13.03 -0.113365075728181
13.04 -0.127396548448641
13.05 -0.121234631591814
13.06 -0.102105431406489
13.07 -0.082645396506627
13.08 -0.07147869361408
13.09 -0.060588741758978
13.1 -0.040207462282881
13.11 -0.038888128042893
13.12 -0.028903421364898
13.13 -0.024379424159357
13.14 -0.020823815876985
13.15 -0.019185876473578
13.16 -0.008677205742514
13.17 -0.002997189752582
13.18 -0.015401137394034
13.19 -0.02876464428817
13.2 -0.04743690965859
13.21 -0.068589547275388
13.22 -0.071351755084949
13.23 -0.064414346065744
13.24 -0.054397259383187
13.25 -0.045940076696311
13.26 -0.035305379185919
13.27 -0.024175365666994
13.28 -0.020500651846135
13.29 -0.01864824464484
13.3 -0.018527787772161
13.31 -0.018669006254206
13.32 -0.018118673783441
13.33 -0.018935112026818
13.34 -0.015542608694136
13.35 -0.005194608672243
13.36 0.008952808243966
13.37 0.030213194813286
13.38 0.058285225998165
13.39 0.08572211617515
13.4 0.101818460479519
13.41 0.101061597296169
13.42 0.092210016251506
13.43 0.081649324188283
13.44 0.062291931122695
13.45 -0.003477005753684
13.46 0.011486470872388
13.47 -0.019335839895996
13.48 -0.027765419295345
13.49 -0.036109506079432
13.5 -0.039965227574573
13.51 -0.041975154759731
13.52 -0.048702423443685
13.53 -0.062814674051099
13.54 -0.067675167648289
13.55 -0.061590569921929
13.56 -0.065042533822365
13.57 -0.062784213854271
13.58 -0.059030371750168
13.59 -0.063477304841417
13.6 -0.060921501000023
13.61 -0.061272343052842
13.62 -0.058316299015185
13.63 -0.054232103311423
13.64 -0.053973567697213
13.65 -0.043780732544513
13.66 -0.029831281263191
13.67 -0.013446855803936
13.68 0.006282396811755
13.69 0.017740896063993
13.7 0.024558555004127
13.71 0.030688180225941
13.72 0.03071386283536
13.73 0.025706729623876
13.74 -0.011961485648733
13.75 -0.009609368897955
13.76 -0.007742011499602
13.77 0.00088435345302
13.78 0.016373901350434
13.79 0.002567416821534
13.8 0.004269804506888
13.81 0.007382997211787
13.82 0.012849658023358
13.83 0.011364407191566
13.84 0.014408103366806
13.85 0.024461320671291
13.86 0.030394912242992
13.87 0.036567476197604
13.88 0.039602614479398
13.89 0.037541587086864
13.9 0.033607976294928
13.91 0.027165739124344
13.92 0.019601739799604
13.93 0.015802073933873
13.94 0.019707312364114
13.95 0.025905784765631
13.96 0.029824602581078
13.97 0.037481625066933
13.98 0.042745437366496
13.99 0.041687078592886
14.0 0.037448981635938
14.01 0.034688942165687
14.02 0.034659672921828
14.03 0.03510738218115
14.04 0.034544024621953
14.05 0.035849526854843
14.06 0.042204426662947
14.07 0.040813985769487
14.08 0.040457732793977
14.09 0.036196509464677
14.1 0.041977957650636
14.11 0.049029127526909
14.12 0.054172133452479
14.13 0.057191990234574
14.14 0.056939598216143
14.15 0.056864826537599
14.16 0.059020157442853
14.17 0.061073778466299
14.18 0.06243293200276
14.19 0.063349789768189
14.2 0.059692917060922
14.21 0.04935849466425
14.22 0.033381384669795
14.23 0.014807589654162
14.24 -0.002499186783616
14.25 -0.016306172022457
14.26 -0.027550687578261
14.27 -0.037638364861863
14.28 -0.04650402320499
14.29 -0.053148089071617
14.3 -0.056948821924822
14.31 -0.05840711467066
14.32 -0.057975586520913
14.33 -0.055024092456537
14.34 -0.050272690860912
14.35 -0.044654709518046
14.36 -0.039805826667344
14.37 -0.037900730698503
14.38 -0.040724110949396
14.39 -0.047683945247453
14.4 -0.055468465569441
14.41 -0.063820075365709
14.42 -0.072080036377694
14.43 -0.076092506255853
14.44 -0.074324003727941
14.45 -0.067814747054022
14.46 -0.059347875804651
14.47 -0.053690670790257
14.48 -0.052609682605871
14.49 -0.05500202402873
14.5 -0.061078580190013
14.51 -0.07068446379577
14.52 -0.082462461884324
14.53 -0.09501380605981
14.54 -0.105335780086404
14.55 -0.112478407000639
14.56 -0.117648153123316
14.57 -0.120495701722811
14.58 -0.11968232969943
14.59 -0.114225681135946
14.6 -0.087838917513716
14.61 -0.067228554033178
14.62 -0.057872820995486
14.63 -0.045175653258393
14.64 -0.046732536441784
14.65 -0.039811680894619
14.66 -0.028823844696328
14.67 -0.01538916082417
14.68 -0.012493863590396
14.69 -0.0121254194039
14.7 -0.0136519611176
14.71 -0.011839323500485
14.72 -0.004492890927578
14.73 0.010729492895585
14.74 0.026341249537226
14.75 0.039362692566657
14.76 0.048212229516947
14.77 0.052773831737956
14.78 0.055139879291316
14.79 0.053172182327809
14.8 0.047956517157598
14.81 0.042684854578065
14.82 0.039121754022309
14.83 0.037663227757715
14.84 0.035636239017325
14.85 0.030845815685128
14.86 0.025300942561573
14.87 0.023094923141726
14.88 0.027135299675735
14.89 0.037212079220418
14.9 0.049135851856569
14.91 0.058549330807313
14.92 0.062621088194919
14.93 0.064158405903376
14.94 0.065629568912267
14.95 0.063995590249339
14.96 0.057670063620753
14.97 0.051635587590556
14.98 0.049869285507011
14.99 0.049135718830273
15.0 0.042909493863855
15.01 0.055003698812731
15.02 0.064590609445759
15.03 0.079106327795481
15.04 0.070689436712901
15.05 0.065156621614524
15.06 0.047074148777139
15.07 0.034201440598411
15.08 0.0215618225635
15.09 0.009800683860144
15.1 -0.000142265646913
15.11 -0.007417153651761
15.12 -0.014440610434733
15.13 -0.02115513733226
15.14 -0.024956662338033
15.15 -0.026599836810859
15.16 -0.023616448254306
15.17 -0.01583367297825
15.18 -0.005316312960336
15.19 0.006569053424146
15.2 0.015512558633179
15.21 0.018441783936122
15.22 0.01651867955157
15.23 0.010902232507603
15.24 0.003399727138459
15.25 -0.003609106337717
15.26 -0.009404738770403
15.27 -0.01323945001984
15.28 -0.013772566120094
15.29 -0.010580460571566
15.3 -0.005349892539577
15.31 -0.001685916121815
15.32 -0.001352132564451
15.33 -0.002494393916022
15.34 -0.004201776953812
15.35 -0.026379172672589
15.36 -0.025715446429793
15.37 -0.031925703229201
15.38 -0.019030330317165
15.39 -0.013999781013132
15.4 -0.021051035927303
15.41 -0.020186883224075
15.42 -0.018480253578453
15.43 -0.01496008076218
15.44 -0.004061288396568
15.45 0.008465687253121
15.46 0.024496819522795
15.47 0.041680926466433
15.48 0.057403705025791
15.49 0.073638981990013
15.5 0.086684991753901
15.51 0.0954596206391
15.52 0.102071541337248
15.53 0.108367715562506
15.54 0.116535580851484
15.55 0.125133897972084
15.56 0.133513273614591
15.57 0.139565625236821
15.58 0.125123047100177
15.59 0.140693074154606
15.6 0.146164526557251
15.61 0.133786122738856
15.62 0.110514479678754
15.63 0.083423279001575
15.64 -0.006199531190995
15.65 0.0138871165587
15.66 -0.024810524150376
15.67 -0.024351148561993
15.68 -0.042613325478715
15.69 -0.04608911223793
15.7 -0.0589276686346
15.71 -0.069558451327803
15.72 -0.083820994372639
15.73 -0.083193607744209
15.74 -0.060277429054989
15.75 -0.044406624979762
15.76 -0.025469583099443
15.77 -0.000195873959904
15.78 0.007605175624345
15.79 0.012793529800254
15.8 0.018281838952514
15.81 0.019934934153079
15.82 0.019751413656868
15.83 0.008085555208211
15.84 -0.004234817008347
15.85 -0.010029161153228
15.86 -0.018027918328793
15.87 -0.023435676615262
15.88 -0.024244220062127
15.89 -0.026726436300011
15.9 -0.027790279976772
15.91 -0.025037493052689
15.92 -0.022280227778937
15.93 -0.021944968753859
15.94 -0.025998883251152
15.95 -0.036055096652808
15.96 -0.045507016026525
15.97 -0.046885552169876
15.98 -0.03656391086343
15.99 -0.043478264524225
16.0 -0.052397123663404
16.01 -0.041403747282654
16.02 -0.052512629761726
16.03 -0.035210089379469
16.04 -0.030011546833639
16.05 -0.028640424798542
16.06 -0.033061324331411
16.07 -0.035797637354574
16.08 -0.035356970187483
16.09 -0.033089012884973
16.1 -0.025657129554934
16.11 -0.02172402975687
16.12 -0.018917214935528
16.13 -0.021836743158052
16.14 -0.028887831805518
16.15 -0.029819406683107
16.16 -0.026506383862837
16.17 -0.016620933673338
16.18 -0.00040630491973
16.19 0.018763304692187
16.2 0.038856581610422
16.21 0.053467339615095
16.22 0.063871386755006
16.23 0.07669984706901
16.24 0.092174232064398
16.25 0.107292378594151
16.26 0.118283877520012
16.27 0.122088719126259
16.28 0.120781105638181
16.29 0.115941359000702
16.3 0.105832304895912
16.31 0.093032560152907
16.32 0.084419706166481
16.33 0.081718499889881
16.34 0.081081896343732
16.35 0.080134603644893
16.36 0.077181106965039
16.37 0.05519648013035
16.38 0.030553964115152
16.39 0.013068273324066
16.4 0.00620485277583
16.41 -0.005056739069243
16.42 -0.009592539408716
16.43 -0.015565110900621
16.44 -0.019584597392929
16.45 -0.029352601776098
16.46 -0.030981767407279
16.47 -0.021446034744531
16.48 -0.013527224004623
16.49 0.003144176865767
16.5 0.018476927186479
16.51 0.026732859888758
16.52 0.030316288929662
16.53 0.027868487871966
16.54 0.023794177657484
16.55 0.015012501914754
16.56 0.007844722016294
16.57 0.002815021620339
16.58 -0.004614524242914
16.59 -0.011744078821315
16.6 -0.02125394673413
16.61 -0.034464355449246
16.62 -0.047983105299718
16.63 -0.062748595780302
16.64 -0.078311676041156
16.65 -0.091453834866869
16.66 -0.101394193657324
16.67 -0.106814724530339
16.68 -0.10518454237518
16.69 -0.094430506366048
16.7 -0.083697620558058
16.71 -0.070961417065462
16.72 -0.057037092675119
16.73 -0.016160167185131
16.74 -0.020223651966404
16.75 -0.013887817558757
16.76 -0.013167702214356
16.77 -0.004876648105631
16.78 -0.000430809213577
16.79 0.008648033552593
16.8 0.020354460837074
16.81 0.017488488147074
16.82 0.000540210688276
16.83 -0.013985754469702
16.84 -0.034932896825658
16.85 -0.070545500033751
16.86 -0.057753781672368
16.87 -0.067000975043144
16.88 -0.055907379768128
16.89 -0.044064291235464
16.9 -0.041765561877986
16.91 -0.033307650142558
16.92 -0.02215452145347
16.93 -0.016918723232886
16.94 -0.015968680093995
16.95 -0.011109397780699
16.96 -0.005081430332048
16.97 -0.001641445861404
16.98 0.003844843728694
16.99 0.010498641282187
17.0 0.02013861089668
17.01 0.039565942878799
17.02 0.06951596311699
17.03 0.097519063040364
17.04 0.111329301389158
17.05 0.115540160166772
17.06 0.115503936698477
17.07 0.102547038001292
17.08 0.078134119424213
17.09 0.028329890593121
17.1 0.034768356700633
17.11 0.012332995915983
17.12 0.00030494106584
17.13 -0.00584074107139
17.14 -0.01283773593133
17.15 -0.004501441538737
17.16 -0.016963399208104
17.17 -0.021952534118745
17.18 -0.031309652484543
17.19 -0.026350439760773
17.2 -0.025753100517721
17.21 -0.015436199561969
17.22 -0.020531707322266
17.23 -0.03144361325644
17.24 -0.04945778602077
17.25 -0.067707638083812
17.26 -0.07721426384577
17.27 -0.08110472660521
17.28 -0.07341341398768
17.29 -0.065067895339433
17.3 -0.059462658503109
17.31 -0.055349122529576
17.32 -0.055303098519823
17.33 -0.055200921617934
17.34 -0.053901281313778
17.35 -0.051439453815203
17.36 -0.048575188829526
17.37 -0.048934213679379
17.38 -0.053070773236687
17.39 -0.059332131077072
17.4 -0.064227079631083
17.41 -0.061227812110292
17.42 -0.041537626364605
17.43 -0.002869451271515
17.44 0.019522964735949
17.45 0.029741039110676
17.46 0.043361316122925
17.47 0.049625517247423
17.48 0.063063375745622
17.49 0.070640981878734
17.5 0.079878871299976
17.51 0.079324523329049
17.52 0.06950096797712
17.53 0.060635386098855
17.54 0.045958625188532
17.55 0.025350892146994
17.56 0.006463913280971
17.57 -0.007476013031743
17.58 -0.016730255949091
17.59 -0.025872631784333
17.6 -0.033254377377156
17.61 -0.034410458343751
17.62 -0.035403806214902
17.63 -0.039557459494883
17.64 -0.040203480414888
17.65 -0.034859736530968
17.66 -0.025591001122388
17.67 -0.012632262821402
17.68 0.002900109145218
17.69 0.018778073566383
17.7 0.034546734603728
17.71 0.050337182473364
17.72 0.063647790429742
17.73 0.074211354234662
17.74 0.076912179952077
17.75 0.07205723710985
17.76 0.055394569027986
17.77 0.0256832257324
17.78 0.024232341463779
17.79 0.014716120570125
17.8 0.011863134765414
17.81 0.006852029219652
17.82 0.008644609218806
17.83 0.011747725580827
17.84 0.016556751329989
17.85 0.023535428420132
17.86 0.03112518354002
17.87 0.038175043676924
17.88 0.046594086158894
17.89 0.058144562863239
17.9 0.062512540694552
17.91 0.066196213496613
17.92 0.066963460910333
17.93 0.063175779436646
17.94 0.060476508444114
17.95 0.063743424232171
17.96 0.051549445558957
17.97 0.03849227120098
17.98 0.019342451287219
17.99 0.000773970363126
18.0 -0.014951977221773
18.01 -0.00426482397956
18.02 -0.041652514981476
18.03 -0.073559277699339
18.04 -0.069210665923715
18.05 -0.064974294014423
18.06 -0.068385945788309
18.07 -0.051685743575014
18.08 -0.012622128035341
18.09 0.011164836471982
18.1 0.02849483477238
18.11 0.042810868228284
18.12 0.064721713532164
18.13 0.091393028296411
18.14 0.106031122851931
18.15 0.121776620605867
18.16 0.120898003441645
18.17 0.106277739045105
18.18 0.089299441142491
18.19 0.054547603039289
18.2 0.028172251791699
18.21 0.006070690766787
18.22 -0.018167815533451
18.23 -0.036155236346497
18.24 -0.054212142167085
18.25 -0.067627928725317
18.26 -0.079140333324186
18.27 -0.087743431905567
18.28 -0.094484174901745
18.29 -0.089503391457195
18.3 -0.087156523396352
18.31 -0.068898860290946
18.32 -0.036347780723231
18.33 -0.010192543412239
18.34 0.013668036953423
18.35 0.032801108740988
18.36 0.035087780418089
18.37 0.046552792693243
18.38 0.047333636727711
18.39 0.058525760669559
18.4 0.059574136965482
18.41 0.049730359752408
18.42 0.031652196570583
18.43 0.010937051721904
18.44 -0.017342547544306
18.45 0.005432502216504
18.46 -0.027895295980747
18.47 -0.015229799700896
18.48 -0.028611346864171
18.49 -0.077069230064929
18.5 -0.098805432907745
18.51 -0.106481051606919
18.52 -0.113435224311928
18.53 -0.104889296202835
18.54 -0.06661717788308
18.55 -0.045936312971626
18.56 -0.035195481982111
18.57 -0.018248366243875
18.58 -0.00227643028305
18.59 0.009037969145536
18.6 0.011093476635386
18.61 0.014745075732315
18.62 0.006490264626106
18.63 0.015985171819152
18.64 -0.002227308622234
18.65 -0.000109958220333
18.66 -0.016460696991824
18.67 -0.02517223596742
18.68 -0.033679499711953
18.69 -0.049425447641224
18.7 -0.043760372807097
18.71 -0.053909623602774
18.72 -0.039821757999939
18.73 -0.048269129629903
18.74 -0.037693287401123
18.75 -0.03594225599144
18.76 -0.025698558884459
18.77 -0.03092861714104
18.78 -0.024721741008544
18.79 -0.013012917196182
18.8 0.002197794555533
18.81 0.028265873452143
18.82 0.051162951236462
18.83 0.05592280959615
18.84 0.049235034463709
18.85 0.046725334117114
18.86 0.036715281609458
18.87 0.025716866867056
18.88 0.024860437812829
18.89 0.026785069497553
18.9 0.024573991002784
18.91 0.022959686162138
18.92 0.023073318785638
18.93 0.019398147628896
18.94 0.015205640851159
18.95 0.010481191634509
18.96 -0.001532711496909
18.97 -0.030009024071104
18.98 -0.02986158206772
18.99 -0.041880061735313
19.0 -0.048438788454454
19.01 -0.052832938426897
19.02 -0.057619315549511
19.03 -0.061959934644196
19.04 -0.066561977982526
19.05 -0.068573836663759
19.06 -0.065895729947298
19.07 -0.062636267263991
19.08 -0.056257876266675
19.09 -0.044168821855994
19.1 -0.031439472763343
19.11 -0.023327727535099
19.12 -0.019140679325254
19.13 -0.016872111206876
19.14 -0.017113236622068
19.15 -0.003678162539514
19.16 0.02897304616547
19.17 0.03666532089434
19.18 0.04603558613018
19.19 0.041407501150512
19.2 0.0369790828373
19.21 0.029341365434745
19.22 0.017715704927472
19.23 0.008757667751171
19.24 0.002473707545868
19.25 -0.004695300847031
19.26 -0.005483169675327
19.27 -0.013967198048079
19.28 -0.016862072798342
19.29 -0.015432264240118
19.3 -0.00968223315462
19.31 0.002574341024174
19.32 0.01812738557038
19.33 0.03014140451973
19.34 0.038740295834428
19.35 0.044193257746638
19.36 0.040279860599393
19.37 0.035665645282595
19.38 0.034705833790295
19.39 0.032996255479464
19.4 0.031921730614777
19.41 0.035364257764873
19.42 0.041420464873598
19.43 0.048718467300882
19.44 0.056975233633883
19.45 0.062438763626034
19.46 0.060556207297129
19.47 0.050354141679661
19.48 0.038875758269011
19.49 0.03048252928182
19.5 0.032468198653687
19.51 0.033203316636291
19.52 0.03143844572142
19.53 0.033406963635401
19.54 0.035515270905704
19.55 0.041761912388348
19.56 0.052938224212777
19.57 0.064412378537997
19.58 0.077123965365319
19.59 0.092069395764518
19.6 0.105383288293562
19.61 0.11193985994875
19.62 0.10626820705384
19.63 0.106411064434764
19.64 0.10214740592936
19.65 0.081451678995073
19.66 0.062845989543738
19.67 0.036479759487551
19.68 0.008756084849105
19.69 -0.019868203072842
19.7 -0.046590110807976
19.71 -0.069793281047861
19.72 -0.090197609425464
19.73 -0.102460003760898
19.74 -0.103716310360196
19.75 -0.096126948219335
19.76 -0.087205290698003
19.77 -0.076846806595445
19.78 -0.0656442420771
19.79 -0.05070539075779
19.8 -0.033796042379941
19.81 -0.007967613330195
19.82 0.012716476904898
19.83 0.025000354800616
19.84 0.024099113239371
19.85 0.0319900276883
19.86 0.029290814286692
19.87 0.019678789997421
19.88 0.014072252831185
19.89 -0.006808115529095
19.9 -0.013472641085441
19.91 -0.004318538222196
19.92 -0.008776687521457
19.93 -0.028988151605139
19.94 -0.044497153538669
19.95 -0.061836330482875
19.96 -0.079191327776475
19.97 -0.095438625003933
19.98 -0.105060472990606
19.99 -0.106573253852873
20.0 -0.098767628010963
20.01 -0.075358558238835
20.02 -0.070101335286689
20.03 -0.045983196281934
20.04 -0.035338279557482
20.05 -0.023233589858939
20.06 -0.008062626169411
20.07 0.01090033840772
20.08 0.034292537332906
20.09 0.06182580606868
20.1 0.072451863034738
20.11 0.062301915950318
20.12 0.055198026045231
20.13 0.041367359946817
20.14 0.016182291046068
20.15 0.004526364992702
20.16 -0.001764710521091
20.17 -0.016699606009558
20.18 -0.017007497270224
20.19 -0.031606739079579
20.2 -0.033720809935897
20.21 -0.042450874036638
20.22 -0.045306744792475
20.23 -0.043095944592312
20.24 -0.043476435443312
20.25 -0.031146426167684
20.26 -0.019855358122431
20.27 0.001578323528192
20.28 0.015429230192606
20.29 0.012515272887942
20.3 0.018509624666315
20.31 0.022122972293262
20.32 0.020157588048348
20.33 0.028777262770056
20.34 0.03158409090762
20.35 0.028980235010975
20.36 0.022123794309473
20.37 0.01185679598404
20.38 0.00607637802472
20.39 0.006567829049416
20.4 0.000936815698973
20.41 -0.006064655793607
20.42 -0.017329365678515
20.43 -0.035067159415973
20.44 -0.055456858112466
20.45 -0.07027508549987
20.46 -0.071004281275724
20.47 -0.073206406079456
20.48 -0.067574935427956
20.49 -0.050382041447137
20.5 -0.040788225884051
20.51 -0.031518417301019
20.52 -0.01293813519596
20.53 -0.015777354693615
20.54 -0.002252096783452
20.55 -0.001035364598221
20.56 0.007914711014116
20.57 0.012925400498634
20.58 0.014011452083689
20.59 0.013756092353344
20.6 0.009626945066408
20.61 0.003397554107032
20.62 0.001314100560841
20.63 2.5627737523e-05
20.64 0.002247941905674
20.65 0.003826929419069
20.66 -0.000498216207584
20.67 -0.007216322489284
20.68 -0.009701162224191
20.69 -0.011461839168223
20.7 -0.013503118390887
20.71 -0.014115082234026
20.72 -0.015028527318384
20.73 -0.014685700039136
20.74 -0.014415536517499
20.75 -0.012879967520075
20.76 -0.012322419838252
20.77 -0.008210775079415
20.78 0.002550591893505
20.79 0.01839436949558
20.8 0.029023860175668
20.81 0.035794319108839
20.82 0.040677875861482
20.83 0.044439621693201
20.84 0.046642911081276
20.85 0.043988824145771
20.86 0.039981605455347
20.87 0.03680721905177
20.88 0.020059849064387
20.89 0.021492509076421
20.9 0.014923908757347
20.91 0.011048177477035
20.92 -0.000625639247235
20.93 -0.007122164499569
20.94 -0.017909384601032
20.95 -0.022558806518799
20.96 -0.025972081159115
20.97 -0.025170013916947
20.98 -0.022989508320648
20.99 -0.022961523092337
21.0 -0.020056010910992
21.01 -0.020364000968239
21.02 -0.018187847538953
21.03 -0.015872064426055
21.04 -0.01277777216548
21.05 -0.010339806391295
21.06 -0.007182957307798
21.07 -0.004291682155132
21.08 -0.003221331376589
21.09 -0.000546602585275
21.1 0.000489085611745
21.11 -0.000132872405363
21.12 -0.001625792287192
21.13 -0.004233851199232
21.14 -0.006300467932718
21.15 -0.010071880295633
21.16 -0.015364246117004
21.17 -0.022948784088945
21.18 -0.024960810156563
21.19 -0.018547235552602
21.2 -0.018118107191241
21.21 -0.00875669462739
21.22 -0.005456169502135
21.23 0.002379027120287
21.24 0.008619128629318
21.25 0.017291338645075
21.26 0.027193498541629
21.27 0.035572454879669
21.28 0.042186504085837
21.29 0.047820886579978
21.3 0.050741596917529
21.31 0.051447090327591
21.32 0.047643452813911
21.33 0.046629123954402
21.34 0.04480545595104
21.35 0.041182655585838
21.36 0.036402601760231
21.37 0.029445737167011
21.38 0.016879115418175
21.39 -0.007696461673706
21.4 -0.01282967442777
21.41 -0.018131282432909
21.42 -0.024705052771831
21.43 -0.026336803331547
21.44 -0.026169718889117
21.45 -0.0257529786652
21.46 -0.021221251410283
21.47 -0.011183543572093
21.48 0.006198480595338
21.49 0.027554843861054
21.5 0.041414218388853
21.51 0.052444435660668
21.52 0.059327708362922
21.53 0.067704005439601
21.54 0.071265153195811
21.55 0.073605713401728
21.56 0.071729832703958
21.57 0.063667752670674
21.58 0.053541137123728
21.59 0.044734455800817
21.6 0.026258067254705
21.61 0.029584274533556
21.62 0.025980768060448
21.63 0.007942721144658
21.64 -0.007952202860391
21.65 -0.031296351893828
21.66 -0.039600163645197
21.67 -0.031829973930153
21.68 -0.019354015215189
21.69 -0.002362327654536
21.7 -3.5846737764e-05
21.71 0.000428670422218
21.72 0.009104539096967
21.73 0.010815614087135
21.74 0.016705190975592
21.75 0.031389517919258
21.76 0.032192637757473
21.77 0.017233949079329
21.78 0.00075185360584
21.79 -0.008824946376762
21.8 -0.017023179181491
21.81 -0.016525803337026
21.82 -0.025111331383412
21.83 -0.022988506974775
21.84 -0.017326829098959
21.85 -0.02170412295163
21.86 -0.020599328603663
21.87 -0.019893317531277
21.88 -0.023865808756845
21.89 -0.025336637818404
21.9 -0.013907903401782
21.91 -0.010796953583364
21.92 0.001065792205664
21.93 0.008854932554834
21.94 0.015889480684172
21.95 0.018692834562168
21.96 0.013849821599771
21.97 0.007785856441618
21.98 0.00510209027255
21.99 -0.000192329660219
22.0 -0.001321307910416
22.01 -0.013041602736221
22.02 -0.018843569761861
22.03 -0.022569815653461
22.04 -0.019108424623323
22.05 -0.011281540319805
22.06 -0.007723444809255
22.07 -0.011914609278233
22.08 -0.017589608957922
22.09 -0.020944718125536
22.1 -0.021224895275608
22.11 -0.020358856291467
22.12 -0.02132914237366
22.13 -0.025125511770408
22.14 -0.02516611671946
22.15 -0.021193150342518
22.16 -0.019255144251935
22.17 -0.019201300096088
22.18 -0.020523344923947
22.19 -0.022737615676709
22.2 -0.02444093720325
22.21 -0.023438110583668
22.22 -0.023213409697736
22.23 -0.022443942950257
22.24 -0.022746214569421
22.25 -0.024120103389212
22.26 -0.026943470480053
22.27 -0.030807241367182
22.28 -0.030752813814917
22.29 -0.025534489297322
22.3 -0.022186076052727
22.31 -0.01831823025759
22.32 -0.015393425032995
22.33 -0.01767399528367
22.34 -0.019271698074594
22.35 -0.020728305532717
22.36 -0.019204681125699
22.37 -0.019045348861753
22.38 -0.014100703095727
22.39 -0.014498367150668
22.4 -0.016388563020371
22.41 -0.024724881206267
22.42 -0.030835375410836
22.43 -0.038394336176259
22.44 -0.040194148389884
22.45 -0.038431365597764
22.46 -0.03823805508201
22.47 -0.036675712564546
22.48 -0.037308785273858
22.49 -0.035976194677123
22.5 -0.030091794744188
22.51 -0.023334204020464
22.52 -0.01756359139179
22.53 -0.011723042014394
22.54 -0.004859726213873
22.55 0.000844513732628
22.56 0.008653017266538
22.57 0.012979599475463
22.58 0.014413246589871
22.59 0.014282823615447
22.6 0.014375022194165
22.61 0.013006464066029
22.62 0.010981954648861
22.63 0.009112549892846
22.64 0.00687888207046
22.65 0.004343007078545
22.66 0.002824683461044
22.67 -0.000740564558764
22.68 0.001375432634078
22.69 0.004391266936043
22.7 0.00861337036241
22.71 0.012870639316638
22.72 0.015774844048621
22.73 0.015519485662865
22.74 0.016233987193758
22.75 0.016459027964168
22.76 0.016066388817474
22.77 0.016723172146761
22.78 0.014535741297057
22.79 0.011125121493647
22.8 0.006956246432303
22.81 0.002738468725171
22.82 0.000744679306032
22.83 0.000386259070608
22.84 0.000266437423284
22.85 0.000650102299306
22.86 0.004430395498264
22.87 0.006696351787616
22.88 0.011248426157253
22.89 0.015358226893828
22.9 0.017479177361249
22.91 0.019741736594859
22.92 0.021082740107937
22.93 0.021860205199838
22.94 0.022018693595503
22.95 0.022165340294098
22.96 0.022042730427697
22.97 0.022930821320942
22.98 0.030019430654345
22.99 0.030993186543361
23.0 0.03548995378418
23.01 0.025328249111282
23.02 0.017371154317083
23.03 0.019687994944051
23.04 0.019947546736786
23.05 0.023829967955857
23.06 0.024852660698783
23.07 0.02188022529969
23.08 0.022970277703579
23.09 0.022469019107235
23.1 0.020868741767841
23.11 0.024863499783644
23.12 0.032578527608446
23.13 0.035852918157668
23.14 0.036957508742914
23.15 0.037150754604635
23.16 0.032037376366385
23.17 0.024879384356688
23.18 0.008684744608851
23.19 0.005874861296121
23.2 0.002459639972462
23.21 0.002659088090591
23.22 0.002722034900966
23.23 0.003526654061563
23.24 0.004318161041298
23.25 0.004687166443419
23.26 0.004489976363939
23.27 0.003634703576387
23.28 0.001296619562991
23.29 0.001812774402333
23.3 0.003346296427084
23.31 0.004197521829901
23.32 0.005016384965125
23.33 0.004807831182609
23.34 0.004521457597809
23.35 0.00556751995492
23.36 0.007250424137159
23.37 0.009269279918065
23.38 0.010582943318834
23.39 0.010187917490898
23.4 0.007413360322228
23.41 0.001730618454212
23.42 -0.007515413676124
23.43 -0.018546018560996
23.44 -0.029446584905739
23.45 -0.034088770462647
23.46 -0.031405215763627
23.47 -0.029281262807095
23.48 -0.024654074981193
23.49 -0.018206612666943
23.5 -0.02024438342151
23.51 -0.017173720532116
23.52 -0.014460222534081
23.53 -0.008907214275774
23.54 -0.003747226924878
23.55 0.003607458379784
23.56 0.005946124886715
23.57 0.00600260311057
23.58 0.006821127251589
23.59 0.007930021808682
23.6 0.009350441378874
23.61 0.01007117970676
23.62 0.005834482724095
23.63 -0.000385211824249
23.64 -0.005499843292972
23.65 -0.008757116192371
23.66 -0.008855526351797
23.67 -0.007073163778366
23.68 -0.005088276692197
23.69 -0.003453726858531
23.7 -0.000831861959507
23.71 3.1732381743e-05
23.72 0.001257425841319
23.73 0.004074309662553
23.74 0.003956871735791
23.75 0.001731289183231
23.76 -0.002489292881379
23.77 -0.002456833518214
23.78 -0.002068188910227
23.79 0.001264138124789
23.8 0.000743490310464
23.81 0.001965706858205
23.82 0.003012628179396
23.83 0.003758098668029
23.84 0.0054817337316
23.85 0.005985904037219
23.86 0.004160498290882
23.87 -0.000779571401675
23.88 -0.00839737108059
23.89 -0.01276357202203
23.9 -0.014948295069096
23.91 -0.016056276308343
23.92 -0.015566254579659
23.93 -0.01432329737605
23.94 -0.014866632120835
23.95 -0.013577270457638
23.96 -0.013541298556734
23.97 -0.01517734766429
23.98 -0.017277875496419
23.99 -0.018634609095513
24.0 -0.019972171837658
24.01 -0.018081648026188
24.02 -0.013536465010722
24.03 -0.00678054089163
24.04 -0.002072998359514
24.05 0.000191504661682
24.06 0.001776494932066
24.07 0.002310217645694
24.08 0.003157079935836
24.09 0.001224745784823
24.1 -0.003083241489307
24.11 -0.008406760903076
24.12 -0.014851173230987
24.13 -0.0194953944519
24.14 -0.023005225025438
24.15 -0.022003626557695
24.16 -0.017515553486689
24.17 -0.012671065249796
24.18 -0.01035033836861
24.19 -0.010122838247837
24.2 -0.010686327828443
24.21 -0.010963750395023
24.22 -0.011309485694331
24.23 -0.010103043236977
24.24 -0.007377663732401
24.25 -0.000972199995136
24.26 0.001724929351805
24.27 0.000863678772179
24.28 -0.00397135930432
24.29 -0.009716498609778
24.3 -0.013120621189195
24.31 -0.016146266458799
24.32 -0.016470253496197
24.33 -0.016505912561565
24.34 -0.017738182975442
24.35 -0.019993171082139
24.36 -0.020320801622317
24.37 -0.015560423083211
24.38 -0.008046302775102
24.39 0.000173155916692
24.4 0.00802154667585
24.41 0.012910700023406
24.42 0.012458413134616
24.43 0.009569974673377
24.44 0.006038456483995
24.45 0.002696934873231
24.46 -0.000698227861653
24.47 -0.001834613722182
24.48 -0.00238702307666
24.49 -0.002146452847376
24.5 -0.002277584664449
24.51 -0.003826241857429
24.52 -0.004556420795371
24.53 -0.004725785906882
24.54 -0.003120183939027
24.55 -0.000194522664788
24.56 0.004543471817248
24.57 0.008469872364394
24.58 0.012254496715857
24.59 0.016282003886618
24.6 0.019410477878099
24.61 0.024738806123209
24.62 0.029877322037885
24.63 0.032900338644097
24.64 0.032072475884042
24.65 0.02065806651795
24.66 0.00468280473352
24.67 -0.00725855611968
24.68 -0.015627658912349
24.69 -0.019304499993335
24.7 -0.021472940577215
24.71 -0.024972706682865
24.72 -0.025997029398853
24.73 -0.025819219379338
24.74 -0.019088097065557
24.75 -0.01070968848388
24.76 -0.002280802990447
24.77 0.008525506291335
24.78 0.010432639505021
24.79 0.014941421466818
24.8 0.017865526770335
24.81 0.019839234541734
24.82 0.020894799352609
24.83 0.021084058732643
24.84 0.022885752576908
24.85 0.022979791989022
24.86 0.021477808343365
24.87 0.016709410126118
24.88 0.016974228479971
24.89 0.014039136439635
24.9 -0.001326336724945
24.91 -0.000103419892562
24.92 0.005093575701392
24.93 0.014190539799656
24.94 0.026092180702005
 
 
 
 
 
 
 
 
 
 
 
 
 
 
 
 
 
 
 
 
 
 
 
 
 
 
 
 
 
 
 
 
 
 
 
 
 
 
 
 
 
 
 
 
 
 
 
 
 
 
 
 
 
 
 
 
 
 
 
 
 
 
 
 
 
 
 
 
 
 
 
 
 
 
 
 
 
 
 
 
 
 
 
 
 
 
 
 
 
 
 
 
 
 
 
 
 
 
 
 
 
 
 
 
 
 
 
 
 
 
 
 
 
 
 
 
 
 
 
 
 
 
 
 
 
 
 
 
 
 
 
 
 
 
 
 
 
 
 
 
 
 
 
 
 
 
 
 
 
 
 
 
 
 
 
 
 
 
 
 
 
 
 
 
 
 
 
 
 
 
 
 
 
 
 
 
 
 
 
 
 
 
 
 
 
 
 
 
 
 
 
 
 
 
 
 
 
 
 
 
 
 
 
 
 
 
 
 
 
 
 
 
 
 
 
 
 
 
 
 
 
 
 
 
 
 
 
 
 
 
 
 
 
 
 
 
 
 
 
 
 
 
 
 
 
 
 
 
 
 
 
 
 
 
 
 
 
 
 
 
 
 
 
 
 
 
 
 
 
 
 
 
 
 
 
 
 
 
 
 
 
 
 
 
 
 
 
 
 
 
 
 
 
 
 
 
 
 
 
 
 
 
 
 
 
 
 
 
 
 
 
 
 
 
 
 
 
 
 
 
 
 
 
 
 
 
 
 
 
 
 
 
 
 
 
 
 
 
 
 
 
 
 
 
 
 
 
 
 
 
 
 
 
 
 
 
 
 
 
 
 
 
 
 
 
 
 
 
 
 
 
 
 
 
 
 
 
 
 
 
 
 
 
 
 
 
 
 
 
 
 
 
 
 
 
 
 
 
 
 
 
 
 
 
 
 
 
 
 
 
 
 
 
 
 
 
 
 
 
 
 
 
 
 
 
 
 
 
 
 
 
 
 
 
 
 
 
 
 
 
 
 
 
 
 
 
 
 
 
 
 
 
 
 
 
 
 
 
 
 
 
 
 
 
 
 
 
 
 
 
 
 
 
 
 
 
 
 
 
 
 
 
 
 
 
 
 
 
 
 
 
 
 
 
 
 
 
 
 
 
 
 
 
 
 
 
 
 
 
 
 
 
 
 
 
 
 
 
 
 
 
 
 
 
 
 
 
 
 
 
 
 
 
 
 
 
 
 
 
 
 
 
 
 
 
 
 
 
 
 
 
 
 
 
 
 
 
 
 
 
 
 
 
 
 
 
 
 
 
 
 
 
 
 
 
 
 
 
 
 
 
 
 
 
 
 
 
 
 
 
 
 
 
 
 
 
 
 
 
 
 
 
 
 
 
 
 
 
 
 
 
 
 
 
 
 
 
 
 
 
 
 
 
 
 
 
 
 
 
 
 
 
 
 
 
 
 
 
 
 
 
 
 
 
 
 
 
 
 
 
 
 
 
 
 
 
 
 
 
 
 
 
 
 
 
 
 
 
 
 
 
 
 
 
 
 
 
 
 
 
 
 
 
 
 
 
 
 
 
 
 
 
 
 
 
 
 
 
 
 
 
 
 
 
 
 
 
 
 
 
 
 
 
 
 
 
 
 
 
 
 
 
 
 
 
 
 
 
 
 
 
 
 
 
 
 
 
 
 
 
 
 
 
 
 
 
 
 
 
 
 
 
 
 
 
 
 
 
 
 
 
 
 
 
 
 
 
 
 
 
 
 
 
 
 
 
 
 
 
 
 
 
 
 
 
 
 
 
 
 
 
 
 
 
 
 
 
 
 
 
 
 
 
 
 
 
 
 
 
 
 
 
 
 
 
 
 
 
 
 
 
 
 
 
 
 
 
 
 
 
 
 
 
 
 
 
 
 
 
 
 
 
 
 
 
 
 
 
 
 
 
 
 
 
 
 
 
 
 
 
 
 
 
 
 
 
 
 
 
 
 
 
 
 
 
 
 
 
 
 
 
 
 
 
 
 
 
 
 
 
 
 
 
 
 
 
 
 
 
 
 
 
 
 
 
 
 
 
 
 
 
 
 
 
 
 
 
 
 
 
 
 
 
 
 
 
 
 
 
 
 
 
 
 
 
 
 
 
 
 
 
 
 
 
 
 
 
 
 
 
 
 
 
 
 
 
 
 
 
 
 
 
 
 
 
 
 
 
 
 
 
 
 
 
 
 
 
 
 
 
 
 
 
 
 
 
 
 
 
 
 
 
 
 
 
 
 
 
 
 
 
 
 
 
 
 
 
 
 
 
 
 
 
 
 
 
 
 
 
 
 
 
 
 
 
 
 
 
 
 
 
 
 
 
 
 
 
 
 
 
 
 
 
 
 
 
 
 
 
 
 
 
 
 
 
 
 
 
 
 
 
 
 
 
 
 
 
 
 
 
 
 
 
 
 
 
 
 
 
 
 
 
 
 
 
 
 
 
 
 
 
 
 
 
 
 
 
 
 
 
 
 
 
 
 
 
 
 
 
 
 
 
 
 
 
 
 
 
 
 
 
 
 
 
 
 
 
 
 
 
 
 
 
 
 
 
 
 
 
 
 
 
 
 
 
 
 
 
 
 
 
 
 
 
 
 
 
 
 
 
 
 
 
 
 
 
 
 
 
 
 
 
 
 
 
 
 
 
 
 
 
 
 
 
 
 
 
 
 
 
 
 
 
 
 
 
 
 
 
 
 
 
 
 
 
 
 
 
 
 
 
 
 
 
 
 
 
 
 
 
 
 
 
 
 
 
 
 
 
 
 
 
 
 
 
 
 
 
 
 
 
 
 
 
 
 
 
 
 
 
 
 
 
 
 
 
 
 
 
 
 
 
 
 
 
 
 
 
 
 
 
 
 
 
 
 
 
 
 
 
 
 
 
 
 
 
 
 
 
 
 
 
 
 
 
 
 
 
 
 
 
 
 
 
 
 
 
 
 
 
 
 
 
 
 
 
 
 
 
 
 
 
 
 
 
 
 
 
 
 
 
 
 
 
 
 
 
 
 
 
 
 
 
 
 
 
 
 
 
 
 
 
 
 
 
 
 
 
 
 
 
 
 
 
 
 
 
 
 
 
 
 
 
 
 
 
 
 
 
 
 
 
 
 
 
 
 
 
 
 
 
 
 
 
 
 
 
 
 
 
 
 
 
 
 
 
 
 
 
 
 
 
 
 
 
 
 
 
 
 
 
 
 
 
 
 
 
 
 
 
 
 
 
 
 
 
 
 
 
 
 
 
 
 
 
 
 
 
 
 
 
 
 
 
 
 
 
 
 
 
 
 
 
 
 
 
 
 
 
 
 
 
 
 
 
 
 
 
 
 
 
 
 
 
 
 
 
 
 
 
 
 
 
 
 
 
 
 
 
 
 
 
 
 
 
 
 
 
 
 
 
 
 
 
 
 
 
 
 
 
 
 
 
 
 
 
 
 
 
 
 
 
 
 
 
 
 
 
 
 
 
 
 
 
 
 
 
 
 
 
 
 
 
 
 
 
 
 
 
 
 
 
 
 
 
 
 
 
 
 
 
 
 
 
 
 
 
 
 
 
 
 
 
 
 
 
 
 
 
 
 
 
 
 
 
 
 
 
 
 
 
 
 
 
 
 
 
 
 
 
 
 
 
 
 
 
 
 
 
 
 
 
 
 
 
 
 
 
 
 
 
 
 
 
 
 
 
 
 
 
 
 
 
 
 
 
 
 
 
 
 
 
 
 
 
 
 
 
 
 
 
 
 
 
 
 
 
 
 
 
 
 
 
 
 
 
 
 
 
 
 
 
 
 
 
 
 
 
 
 
 
 
 
 
 
 
 
 
 
 
 
 
 
 
 
 
 
 
 
 
 
 
 
 
 
 
 
 
 
 
 
 
 
 
 
 
 
 
 
 
 
 
 
 
 
 
 
 
 
 
 
 
 
 
 
 
 
 
 
 
 
 
 
 
 
 
 
 
 
 
 
 
 
 
 
 
 
 
 
 
 
 
 
 
 
 
 
 
 
 
 
 
 
 
 
 
 
 
 
 
 
 
 
 
 
 
 
 
 
 
 
 
 
 
 
 
 
 
 
 
 
 
 
 
 
 
 
 
 
 
 
 
 
 
 
 
 
 
 
 
 
 
 
 
 
 
 
 
 
 
 
 
 
 
 
 
 
 
 
 
 
 
 
 
 
 
 
 
 
 
 
 
 
 
 
 
 
 
 
 
 
 
 
 
 
 
 
 
 
 
 
 
 
 
 
 
 
 
 
 
 
 
 
 
 
 
 
 
 
 
 
 
 
 
 
 
 
 
 
 
 
 
 
 
 
 
 
 
 
 
 
 
 
 
 
 
 
 
 
 
 
 
 
 
 
 
 
 
 
 
 
 
 
 
 
 
 
 
 
 
 
 
 
 
 
 
 
 
 
 
 
 
 
 
 
 
 
 
 
 
 
 
 
 
 
 
 
 
 
 
 
 
 
 
 
 
 
 
 
 
 
 
 
 
 
 
 
 
 
 
 
 
 
 
 
 
 
 
 
 
 
 
 
 
 
 
 
 
 
 
 
 
 
 
 
 
 
 
 
 
 
 
 
 
 
 
 
 
 
 
 
 
 
 
 
 
 
 
 
 
 
 
 
 
 
 
 
 
 
 
 
 
 
 
 
 
 
 
 
 
 
 
 
 
 
 
 
 
 
 
 
 
 
 
 
 
 
 
 
 
 
 
 
 
 
 
 
 
 
 
 
 
 
 
 
 
 
 
 
 
 
 
 
 
 
 
 
 
 
 
 
 
 
 
 
 
 
 
 
 
 
 
 
 
 
 
 
 
 
 
 
 
 
 
 
 
 
 
 
 
 
 
 
 
 
 
 
 
 
 
 
 
 
 
 
 
 
 
 
 
 
 
 
 
 
 
 
 
 
 
 
 
 
 
 
 
 
 
 
 
 
 
 
 
 
 
 
 
 
 
 
 
 
 
 
 
 
 
 
 
 
 
 
 
 
 
 
 
 
 
 
 
 
 
 
 
 
 
 
 
 
 
 
 
 
 
 
 
 
 
 
 
 
 
 
 
 
 
 
 
 
 
 
 
 
 
 
 
 
 
 
 
 
 
 
 
 
 
 
 
 
 
 
 
 
 
 
 
 
 
 
 
 
 
 
 
 
 
 
 
 
 
 
 
 
 
 
 
 
 
 
 
 
 
 
 
 
 
 
 
 
 
 
 
 
 
 
 
 
 
 
 
 
 
 
 
 
 
 
 
 
 
 
 
 
 
 
 
 
 
 
 
 
 
 
 
 
 
 
 
 
 
 
 
 
 
 
 
 
 
 
 
 
 
 
 
 
 
 
 
 
 
 
 
 
 
 
 
 
 
 
 
 
 
 
 
 
 
 
 
 
 
 
 
 
 
 
 
 
 
 
 
 
 
 
 
 
 
 
 
 
 
 
 
 
 
 
 
 
 
 
 
 
 
 
 
 
 
 
 
 
 
 
 
 
 
 
 
 
 
 
 
 
 
 
 
 
 
 
 
 
 
 
 
 
 
 
 
 
 
 
 
 
 
 
 
 
 
 
 
 
 
 
 
 
 
 
 
 
 
 
 
 
 
 
 
 
 
 
 
 
 
 
 
 
 
 
 
 
 
 
 
 
 
 
 
 
 
 
 
 
 
 
 
 
 
 
 
 
 
 
 
 
 
 
 
 
 
 
 
 
 
 
 
 
 
 
 
 
 
 
 
 
 
 
 
 
 
 
 
 
 
 
 
 
 
 
 
 
 
 
 
 
 
 
 
 
 
 
 
 
 
 
 
 
 
 
 
 
 
 
 
 
 
 
 
 
 
 
 
 
 
 
 
 
 
 
 
 
 
 
 
 
 
 
 
 
 
 
 
 
 
 
 
 
 
 
 
 
 
 
 
 
 
 
 
 
 
 
 
 
 
 
 
 
 
 
 
 
 
 
 
 
 
 
 
 
 
 
 
 
 
 
 
 
 
 
 
 
 
 
 
 
 
 
 
 
 
 
 
 
 
 
 
 
 
 
 
 
 
 
 
 
 
 
 
 
 
 
 
 
 
 
 
 
 
 
 
 
 
 
 
 
 
 
 
 
 
 
 
 
 
 
 
 
 
 
 
 
 
 
 
 
 
 
 
 
 
 
 
 
 
 
 
 
 
 
 
 
 
 
 
 
 
 
 
 
 
 
 
 
 
 
 
 
 
 
 
 
 
 
 
 
 
 
 
 
 
 
 
 
 
 
 
 
 
 
 
 
 
 
 
 
 
 
 
 
 
 
 
 
 
 
 
 
 
 
 
 
 
 
 
 
 
 
 
 
 
 
 
 
 
 
 
 
 
 
 
 
 
 
 
 
 
 
 
 
 
 
 
 
 
 
 
 
 
 
 
 
 
 
 
 
 
 
 
 
 
 
 
 
 
 
 
 
 
 
 
 
 
 
 
 
 
 
 
 
 
 
 
 
 
 
 
 
 
 
 
 
 
 
 
 
 
 
 
 
 
 
 
 
 
 
 
 
 
 
 
 
 
 
 
 
 
 
 
 
 
 
 
 
 
 
 
 
 
 
 
 
 
 
 
 
 
 
 
 
 
 
 
 
 
 
 
 
 
 
 
 
 
 
 
 
 
 
 
 
 
 
 
 
 
 
 
 
 
 
 
 
 
 
 
 
 
 
 
 
 
 
 
 
 
 
 
 
 
 
 
 
 
 
 
 
 
 
 
 
 
 
 
 
 
 
 
 
 
 
 
 
 
 
 
 
 
 
 
 
 
 
 
 
 
 
 
 
 
 
 
 
 
 
 
 
 
 
 
 
 
 
 
 
 
 
 
 
 
 
 
 
 
 
 
 
 
 
 
 
 
 
 
 
 
 
 
 
 
 
 
 
 
 
 
 
 
 
 
 
 
 
 
 
 
 
 
 
 
 
 
 
 
 
 
 
 
 
 
 
 
 
 
 
 
 
 
 
 
 
 
 
 
 
 
 
 
 
 
 
 
 
 
 
 
 
 
 
 
 
 
 
 
 
 
 
 
 
 
 
 
 
 
 
 
 
 
 
 
 
 
 
 
 
 
 
 
 
 
 
 
 
 
 
 
 
 
 
 
 
 
 
 
 
 
 
 
 
 
 
 
 
 
 
 
 
 
 
 
 
 
 
 
 
 
 
 
 
 
 
 
 
 
 
 
 
 
 
 
 
 
 
 
 
 
 
 
 
 
 
 
 
 
 
 
 
 
 
 
 
 
 
 
 
 
 
 
 
 
 
 
 
 
 
 
 
 
 
 
 
 
 
 
 
 
 
 
 
 
 
 
 
 
 
 
 
 
 
 
 
 
 
 
 
 
 
 
 
 
 
 
 
 
 
 
 
 
 
 
 
 
 
 
 
 
 
 
 
 
 
 
 
 
 
 
 
 
 
 
 
 
 
 
 
 
 
 
 
 
 
 
 
 
 
 
 
 
 
 
 
 
 
 
 
 
 
 
 
 
 
 
 
 
 
 
 
 
 
 
 
 
 
 
 
 
 
 
 
 
 
 
 
 
 
 
 
 
 
 
 
 
 
 
 
 
 
 
 
 
 
 
 
 
 
 
 
 
 
 
 
 
 
 
 
 
 
 
 
 
 
 
 
 
 
 
 
 
 
 
 
 
 
 
 
 
 
 
 
 
 
 
 
 
 
 
 
 
 
 
 
 
 
 
 
 
 
 
 
 
 
 
 
 
 
 
 
 
 
 
 
 
 
 
 
 
 
 
 
 
 
 
 
 
 
 
 
 
 
 
 
 
 
 
 
 
 
 
 
 
 
 
 
 
 
 
 
 
 
 
 
 
 
 
 
 
 
 
 
 
 
 
 
 
 
 
 
 
 
 
 
 
 
 
 
 
 
 
 
 
 
 
 
 
 
 
 
 
 
 
 
 
 
 
 
 
 
 
 
 
 
 
 
 
 
 
 
 
 
 
 
 
 
 
 
 
 
 
 
 
 
 
 
 
 
 
 
 
 
 
 
 
 
 
 
 
 
 
 
 
 
 
 
 
 
 
 
 
 
 
 
 
 
 
 
 
 
 
 
 
 
 
 
 
 
 
 
 
 
 
 
 
 
 
 
 
 
 
 
 
 
 
 
 
 
 
 
 
 
 
 
 
 
 
 
 
 
 
 
 
 
 
 
 
 
 
 
 
 
 
 
 
 
 
 
 
 
 
 
 
 
 
 
 
 
 
 
 
 
 
 
 
 
 
 
 
 
 
 
 
 
 
 
 
 
 
 
 
 
 
 
 
 
 
 
 
 
 
 
 
 
 
 
 
 
 
 
 
 
 
 
 
 
 
 
 
 
 
 
 
 
 
 
 
 
 
 
 
 
 
 
 
 
 
 
 
 
 
 
 
 
 
 
 
 
 
 
 
 
 
 
 
 
 
 
 
 
 
 
 
 
 
 
 
 
 
 
 
 
 
 
 
 
 
 
 
 
 
 
 
 
 
 
 
 
 
 
 
 
 
 
 
 
 
 
 
 
 
 
 
 
 
 
 
 
 
 
 
 
 
 
 
 
 
 
 
 
 
 
 
 
 
 
 
 
 
 
 
 
 
 
 
 
 
 
 
 
 
 
 
 
 
 
 
 
 
 
 
 
 
 
 
 
 
 
 
 
 
 
 
 
 
 
 
 
 
 
 
 
 
 
 
 
 
 
 
 
 
 
 
 
 
 
 
 
 
 
 
 
 
 
 
 
 
 
 
 
 
 
 
 
 
 
 
 
 
 
 
 
 
 
 
 
 
 
 
 
 
 
 
 
 
 
 
 
 
 
 
 
 
 
 
 
 
 
 
 
 
 
 
 
 
 
 
 
 
 
 
 
 
 
 
 
 
 
 
 
 
 
 
 
 
 
 
 
 
 
 
 
 
 
 
 
 
 
 
 
 
 
 
 
 
 
 
 
 
 
 
 
 
 
 
 
 
 
 
 
 
 
 
 
 
 
 
 
 
 
 
 
 
 
 
 
 
 
 
 
 
 
 
 
 
 
 
 
 
 
 
 
 
 
 
 
 
 
 
 
 
 
 
 
 
 
 
 
 
 
 
 
 
 
 
 
 
 
 
 
 
 
 
 
 
 
 
 
 
 
 
 
 
 
 
 
 
 
 
 
 
 
 
 
 
 
 
 
 
 
 
 
 
 
 
 
 
 
 
 
 
 
 
 
 
 
 
 
 
 
 
 
 
 
 
 
 
 
 
 
 
 
 
 
 
 
 
 
 
 
 
 
 
 
 
 
 
 
 
 
 
 
 
 
 
 
 
 
 
 
 
 
 
 
 
 
 
 
 
 
 
 
 
 
 
 
 
 
 
 
 
 
 
 
 
 
 
 
 
 
 
 
 
 
 
 
 
 
 
 
 
 
 
 
 
 
 
 
 
 
 
 
 
 
 
 
 
 
 
 
 
 
 
 
 
 
 
 
 
 
 
 
 
 
 
 
 
 
 
 
 
 
 
 
 
 
 
 
 
 
 
 
 
 
 
 
 
 
 
 
 
 
 
 
 
 
 
 
 
 
 
 
 
 
 
 
 
 
 
 
 
 
 
 
 
 
 
 
 
 
 
 
 
 
 
 
 
 
 
 
 
 
 
 
 
 
 
 
 
 
 
 
 
 
 
 
 
 
 
 
 
 
 
 
 
 
 
 
 
 
 
 
 
 
 
 
 
 
 
 
 
 
 
 
 
 
 
 
 
 
 
 
 
 
 
 
 
 
 
 
 
 
 
 
 
 
 
 
 
 
 
 
 
 
 
 
 
 
 
 
 
 
 
 
 
 
 
 
 
 
 
 
 
 
 
 
 
 
 
 
 
 
 
 
 
 
 
 
 
 
 
 
 
 
 
 
 
 
 
 
 
 
 
 
 
 
 
 
 
 
 
 
 
 
 
 
 
 
 
 
 
 
 
 
 
 
 
 
 
 
 
 
 
 
 
 
 
 
 
 
 
 
 
 
 
 
 
 
 
 
 
 
 
 
 
 
 
 
 
 
 
 
 
 
 
 
 
 
 
 
 
 
 
 
 
 
 
 
 
 
 
 
 
 
 
 
 
 
 
 
 
 
 
 
 
 
 
 
 
 
 
 
 
 
 
 
 
 
 
 
 
 
 
 
 
 
 
 
 
 
 
 
 
 
 
 
 
 
 
 
 
 
 
 
 
 
 
 
 
 
 
 
 
 
 
 
 
 
 
 
 
 
 
 
 
 
 
 
 
 
 
 
 
 
 
 
 
 
 
 
 
 
 
 
 
 
 
 
 
 
 
 
 
 
 
 
 
 
 
 
 
 
 
 
 
 
 
 
 
 
 
 
 
 
 
 
 
 
 
 
 
 
 
 
 
 
 
 
 
 
 
 
 
 
 
 
 
 
 
 
 
 
 
 
 
 
 
 
 
 
 
 
 
 
 
 
 
 
 
 
 
 
 
 
 
 
 
 
 
 
 
 
 
 
 
 
 
 
 
 
 
 
 
 
 
 
 
 
 
 
 
 
 
 
 
 
 
 
 
 
 
 
 
 
 
 
 
 
 
 
 
 
 
 
 
 
 
 
 
 
 
 
 
 
 
 
 
 
 
 
 
 
 
 
 
 
 
 
 
 
 
 
 
 
 
 
 
 
 
 
 
 
 
 
 
 
 
 
 
 
 
 
 
 
 
 
 
 
 
 
 
 
 
 
 
 
 
 
 
 
 
 
 
 
 
 
 
 
 
 
 
 
 
 
 
 
 
 
 
 
 
 
 
 
 
 
 
 
 
 
 
 
 
 
 
 
 
 
 
 
 
 
 
 
 
 
 
 
 
 
 
 
 
 
 
 
 
 
 
 
 
 
 
 
 
 
 
 
 
 
 
 
 
 
 
 
 
 
 
 
 
 
 
 
 
 
 
 
 
 
 
 
 
 
 
 
 
 
 
 
 
 
 
 
 
 
 
 
 
 
 
 
 
 
 
 
 
 
 
 
 
 
 
 
 
 
 
 
 
 
 
 
 
 
 
 
 
 
 
 
 
 
 
 
 
 
 
 
 
 
 
 
 
 
 
 
 
 
 
 
 
 
 
 
 
 
 
 
 
 
 
 
 
 
 
 
 
 
 
 
 
 
 
 
 
 
 
 
 
 
 
 
 
 
 
 
 
 
 
 
 
 
 
 
 
 
 
 
 
 
 
 
 
 
 
 
 
 
 
 
 
 
 
 
 
 
 
 
 
 
 
 
 
 
 
 
 
 
 
 
 
 
 
 
 
 
 
 
 
 
 
 
 
 
 
 
 
 
 
 
 
 
 
 
 
 
 
 
 
 
 
 
 
 
 
 
 
 
 
 
 
 
 
 
 
 
 
 
 
 
 
 
 
 
 
 
 
 
 
 
 
 
 
 
 
 
 
 
 
 
 
 
 
 
 
 
 
 
 
 
 
 
 
 
 
 
 
 
 
 
 
 
 
 
 
 
 
 
 
 
 
 
 
 
 
 
 
 
 
 
 
 
 
 
 
 
 
 
 
 
 
 
 
 
 
 
 
 
 
 
 
 
 
 
 
 
 
 
 
 
 
 
 
 
 
 
 
 
 
 
 
 
 
 
 
 
 
 
 
 
 
 
 
 
 
 
 
 
 
 
 
 
 
 
 
 
 
 
 
 
 
 
 
 
 
 
 
 
 
 
 
 
 
 
 
 
 
 
 
 
 
 
 
 
 
 
 
 
 
 
 
 
 
 
 
 
 
 
 
 
 
 
 
 
 
 
 
 
 
 
 
 
 
 
 
 
 
 
 
 
 
 
 
 
 
 
 
 
 
 
 
 
 
 
 
 
 
 
 
 
 
 
 
 
 
 
 
 
 
 
 
 
 
 
 
 
 
 
 
 
 
 
 
 
 
 
 
 
 
 
 
 
 
 
 
 
 
 
 
 
 
 
 
 
 
 
 
 
 
 
 
 
 
 
 
 
 
 
 
 
 
 
 
 
 
 
 
 
 
 
 
 
 
 
 
 
 
 
 
 
 
 
 
 
 
 
 
 
 
 
 
 
 
 
 
 
 
 
 
 
 
 
 
 
 
 
 
 
 
 
 
 
 
 
 
 
 
 
 
 
 
 
 
 
 
 
 
 
 
 
 
 
 
 
 
 
 
 
 
 
 
 
 
 
 
 
 
 
 
 
 
 
 
 
 
 
 
 
 
 
 
 
 
 
 
 
 
 
 
 
 
 
 
 
 
 
 
 
 
 
 
 
 
 
 
 
 
 
 
 
 
 
 
 
 
 
 
 
 
 
 
 
 
 
 
 
 
 
 
 
 
 
 
 
 
 
 
 
 
 
 
 
 
 
 
 
 
 
 
 
 
 
 
 
 
 
 
 
 
 
 
 
 
 
 
 
 
 
 
 
 
 
 
 
 
 
 
 
 
 
 
 
 
 
 
 
 
 
 
 
 
 
 
 
 
 
 
 
 
 
 
 
 
 
 
 
 
 
 
 
 
 
 
 
 
 
 
 
 
 
 
 
 
 
 
 
 
 
 
 
 
 
 
 
 
 
 
 
 
 
 
 
 
 
 
 
 
 
 
 
 
 
 
 
 
 
 
 
 
 
 
 
 
 
 
 
 
 
 
 
 
 
 
 
 
 
 
 
 
 
 
 
 
 
 
 
 
 
 
 
 
 
 
 
 
 
 
 
 
 
 
 
 
 
 
 
 
 
 
 
 
 
 
 
 
 
 
 
 
 
 
 
 
 
 
 
 
 
 
 
 
 
 
 
 
 
 
 
 
 
 
 
 
 
 
 
 
 
 
 
 
 
 
 
