0.0 0.0
0.01 2.33707272e-07
0.02 2.35046884e-07
0.03 2.3771052e-07
0.04 2.41046456e-07
0.05 2.45958497e-07
0.06 2.70400021e-07
0.07 3.6032622e-07
0.08 5.19867435e-07
0.09 5.68373107e-07
0.1 1.82873701e-07
0.11 -7.16986432e-07
0.12 -1.674525302e-06
0.13 -2.234902106e-06
0.14 -3.113051623e-06
0.15 -5.450669854e-06
0.16 -7.796372663e-06
0.17 -7.377341243e-06
0.18 -4.93344589e-06
0.19 -3.609184275e-06
0.2 -5.103638984e-06
0.21 -6.616984872e-06
0.22 -2.306681073e-06
0.23 6.373694346e-06
0.24 1.3672934981e-05
0.25 1.5811070781e-05
0.26 4.291146687e-06
0.27 -1.7075135182e-05
0.28 -2.726734986e-05
0.29 -2.2745779031e-05
0.3 -1.6466628041e-05
0.31 -9.520362655e-06
0.32 2.614125911e-06
0.33 1.2473333105e-05
0.34 5.11521378e-06
0.35 -1.513557486e-05
0.36 -2.5080390622e-05
0.37 -1.5975108335e-05
0.38 -1.796067515e-06
0.39 -1.2554121183e-05
0.4 -5.9849053673e-05
0.41 -0.000120907618638
0.42 -0.000150359977643
0.43 -9.3060892374e-05
0.44 2.1779381355e-05
0.45 7.9195982289e-05
0.46 5.6329269042e-05
0.47 3.2792865927e-05
0.48 3.8300831993e-05
0.49 5.9946128837e-05
0.5 6.960314333e-05
0.51 -1.8458308297e-05
0.52 -0.000176717739848
0.53 -0.000251961228266
0.54 -0.000214233640141
0.55 -0.000142171297936
0.56 -8.7497930424e-05
0.57 -4.9614508971e-05
0.58 1.4028857669e-05
0.59 5.9190269861e-05
0.6 3.043348043e-05
0.61 5.292279749e-06
0.62 1.6374597109e-05
0.63 3.8450277142e-05
0.64 3.5136899129e-05
0.65 -7.401702809e-06
0.66 -8.3770524062e-05
0.67 -0.00018740307265
0.68 -0.00017808650145
0.69 -6.1820550458e-05
0.7 -9.2319580006e-05
0.71 -0.00018194959292
0.72 -7.2538437286e-05
0.73 3.6220297986e-05
0.74 -9.6311165837e-05
0.75 -0.00015631706016
0.76 5.4333844378e-05
0.77 0.000194723338223
0.78 2.5237240575e-05
0.79 -0.000283055837329
0.8 -0.000453092076757
0.81 -0.00046704961891
0.82 -0.000373860397619
0.83 -0.000188808706855
0.84 -8.0326388357e-05
0.85 -6.9814549431e-05
0.86 0.000119978084197
0.87 0.000332065029492
0.88 0.000123614428212
0.89 -0.000173214253245
0.9 -0.000109382854949
0.91 -0.000118003514388
0.92 -0.000329467204504
0.93 -0.000209271780597
0.94 6.2275542503e-05
0.95 -1.5568278735e-05
0.96 -0.000242926554101
0.97 -0.000334249205119
0.98 -0.000246688264652
0.99 -8.4870472738e-05
1.0 -7.0854159732e-05
1.01 -0.000140873558232
1.02 -0.000205976391077
1.03 -7.8175085123e-05
1.04 0.000437671472109
1.05 0.000961980865853
1.06 0.000886102840325
1.07 0.000276719126727
1.08 -0.000313173033155
1.09 -0.00046882801265
1.1 -0.000333665202155
1.11 -0.000408919047658
1.12 -0.000663871017934
1.13 -0.00046780533943
1.14 9.7043341642e-05
1.15 0.000307528249502
1.16 0.000438375173648
1.17 0.000820576455635
1.18 0.000899167076352
1.19 0.000421873233992
1.2 3.231522797e-06
1.21 -5.2104077847e-05
1.22 0.000159139099629
1.23 0.000216245260039
1.24 -6.0292948838e-05
1.25 -0.000114426204367
1.26 -0.00013433816882
1.27 -0.000603707360087
1.28 -0.000933200360697
1.29 -0.000874374620112
1.3 -0.001177483700334
1.31 -0.001647122239134
1.32 -0.001401790190231
1.33 -0.000399712391807
1.34 0.000581849195023
1.35 0.000902657859807
1.36 0.000734625165189
1.37 0.000671454162462
1.38 0.000314666015787
1.39 -0.00047617973421
1.4 -0.000918238162621
1.41 -0.001211960389199
1.42 -0.00168735137719
1.43 -0.001840271900977
1.44 -0.001740414526296
1.45 -0.001455535784434
1.46 -0.000650862112899
1.47 0.000204675355488
1.48 0.000768956498334
1.49 0.00089138396089
1.5 0.000443209565501
1.51 0.000385738056126
1.52 0.001195372733363
1.53 0.002149981856699
1.54 0.002532022001393
1.55 0.002286306270866
1.56 0.001251056688142
1.57 -0.00025494983827
1.58 -0.001059476193015
1.59 -0.000799567657664
1.6 -0.000574086431786
1.61 -0.001033406525252
1.62 -0.00146632730465
1.63 -0.001189216176306
1.64 0.000257314236405
1.65 0.002318330770825
1.66 0.003458449416009
1.67 0.003112237637509
1.68 0.002047170806829
1.69 0.000458055995933
1.7 -0.001324166269688
1.71 -0.002113282149926
1.72 -0.001712274475535
1.73 -0.001624991932863
1.74 -0.002246780812098
1.75 -0.002374741749697
1.76 -0.001666519199059
1.77 -0.000862540196986
1.78 -0.000364410377964
1.79 -0.000384500168426
1.8 -0.00097740868083
1.81 -0.00144242653103
1.82 -0.001299175439509
1.83 -0.000831283340124
1.84 -0.000101394840967
1.85 0.000860093176827
1.86 0.001628221213856
1.87 0.001702373872925
1.88 0.001101718001708
1.89 -1.7349113447e-05
1.9 -0.000984961559872
1.91 -0.001707274612402
1.92 -0.00211692062031
1.93 -0.001320280881822
1.94 0.000106364565395
1.95 0.000870079320204
1.96 0.001258239519415
1.97 0.00201842932549
1.98 0.002990317965086
1.99 0.003816700508417
2.0 0.003979334597686
2.01 0.002302390228526
2.02 -0.000355898865579
2.03 -0.001196552225065
2.04 -0.000574341455444
2.05 -0.000788741677523
2.06 -0.001362178761698
2.07 -0.000799403385557
2.08 -0.000300156797725
2.09 -0.000651984137404
2.1 -0.000455951695111
2.11 0.000347683764937
2.12 0.000210464798006
2.13 -0.000386034286367
2.14 -0.000498901577536
2.15 -0.000802162345682
2.16 -0.000911508957782
2.17 -0.000440283278852
2.18 -0.000367355203417
2.19 -0.000964792058605
2.2 -0.001310160694442
2.21 -0.000917649194791
2.22 -0.000808524679372
2.23 -0.001521181990344
2.24 -0.002507316373952
2.25 -0.002941853706467
2.26 -0.001749586135894
2.27 0.000188387798454
2.28 0.001443568280664
2.29 0.001837222924282
2.3 0.002136246737
2.31 0.00245625545438
2.32 0.002551914358458
2.33 0.00231526247818
2.34 0.001612875705001
2.35 0.000589651231337
2.36 -0.000971725604278
2.37 -0.002712606035437
2.38 -0.003148593498784
2.39 -0.001920970840798
2.4 -0.000338410758356
2.41 0.000898390835561
2.42 0.001834369471307
2.43 0.00202227616017
2.44 0.0019354479108
2.45 0.002463477448477
2.46 0.002789829309621
2.47 0.002392827869815
2.48 0.001704660589313
2.49 0.000863152007007
2.5 -0.000662119323155
2.51 -0.002424084895038
2.52 -0.003247896607369
2.53 -0.00275123102393
2.54 -0.001863216252359
2.55 -0.001018960726074
2.56 -0.000304356641247
2.57 0.000203629719111
2.58 0.00114345393182
2.59 0.002100962667486
2.6 0.002150834215388
2.61 0.001814466710873
2.62 0.001310987881547
2.63 -0.000348215747561
2.64 -0.003262316249631
2.65 -0.005325022235318
2.66 -0.005043933759298
2.67 -0.0038179443849
2.68 -0.003044555092155
2.69 -0.002559849419362
2.7 -0.00158157761468
2.71 -0.000581058293433
2.72 0.000235918411899
2.73 0.002206539860238
2.74 0.003944610563478
2.75 0.003727844494363
2.76 0.003093473585495
2.77 0.002918552076973
2.78 0.002737976374629
2.79 0.002461705132237
2.8 0.001681169929448
2.81 -0.000957920682714
2.82 -0.005411338418847
2.83 -0.007515250258967
2.84 -0.006329520334556
2.85 -0.004679258831183
2.86 -0.00180089122277
2.87 0.001996633664083
2.88 0.005174919674068
2.89 0.006927293816452
2.9 0.007446784231859
2.91 0.006687181858219
2.92 0.003954157483469
2.93 -0.000122671350837
2.94 -0.004241107867079
2.95 -0.007910493596047
2.96 -0.010802513532855
2.97 -0.012337031186035
2.98 -0.011656620277934
2.99 -0.009449776559687
3.0 -0.006309704352294
3.01 -0.003702014239314
3.02 -0.00256167702077
3.03 -0.003561318349729
3.04 -0.003905075215116
3.05 -0.002139584558289
3.06 0.002623190871126
3.07 0.006306608114718
3.08 0.00822411268615
3.09 0.008015506754393
3.1 0.003910620567262
3.11 -0.002195731859061
3.12 -0.007547806601789
3.13 -0.01011702205391
3.14 -0.009316689105932
3.15 -0.007368132434669
3.16 -0.004703753615926
3.17 -0.002468023729335
3.18 -0.000248227818471
3.19 0.003377052571153
3.2 0.007811628199047
3.21 0.00975086186476
3.22 0.008408991662542
3.23 0.005127299407956
3.24 0.00133195812108
3.25 -0.003364280942549
3.26 -0.00505669436961
3.27 -0.002649211888337
3.28 0.000518566105918
3.29 0.00234184052919
3.3 0.001513801583079
3.31 -0.001004636749909
3.32 -0.004235046796904
3.33 -0.007156949812112
3.34 -0.007313598048854
3.35 -0.004377659209491
3.36 0.000279293419436
3.37 0.005104643487661
3.38 0.006631230362846
3.39 0.004782065268972
3.4 0.001541624952351
3.41 -0.000153409483401
3.42 0.001463870526895
3.43 0.001919431119913
3.44 0.000680404953541
3.45 -0.001180538440966
3.46 -0.003123713269312
3.47 -0.005012074481396
3.48 -0.005589094994568
3.49 -0.004297920587053
3.5 -0.002808211326981
3.51 -0.003990398453487
3.52 -0.006841487877565
3.53 -0.009643742823303
3.54 -0.008999059348744
3.55 -0.003285125296577
3.56 0.006855729803797
3.57 0.015578431392501
3.58 0.018763970824867
3.59 0.016261053861903
3.6 0.009667370480852
3.61 0.001655426481837
3.62 -0.002711480809331
3.63 -0.003899910497717
3.64 -0.003288399184293
3.65 -0.002029510608353
3.66 -0.002241589475915
3.67 -0.003479806865605
3.68 -0.003266477137216
3.69 0.000705920344051
3.7 0.006848264949633
3.71 0.008169611473535
3.72 0.006333825230093
3.73 0.006036436280872
3.74 0.009426223927699
3.75 0.015143944248212
3.76 0.018552477507632
3.77 0.020197245647239
3.78 0.018236900295742
3.79 0.01079207971074
3.8 -0.002919165329373
3.81 -0.016863949464549
3.82 -0.023460834376795
3.83 -0.024615335909536
3.84 -0.021216054772135
3.85 -0.015817334379448
3.86 -0.009336260625644
3.87 -1.8060209837e-05
3.88 0.013618039454533
3.89 0.030267763957626
3.9 0.038502467538217
3.91 0.038564607486727
3.92 0.030103022286318
3.93 0.014728677105578
3.94 -0.005285556802318
3.95 -0.021781514381878
3.96 -0.027009513944903
3.97 -0.024889171948238
3.98 -0.022000569058005
3.99 -0.018806710916614
4.0 -0.014597227829726
4.01 -0.008326332095905
4.02 0.003254055067126
4.03 0.017207303616821
4.04 0.025887311745649
4.05 0.027716849529758
4.06 0.024749289269268
4.07 0.015631443943589
4.08 0.002746907623893
4.09 -0.007873484473881
4.1 -0.009682812573466
4.11 -0.00737223399023
4.12 -0.008357379513794
4.13 -0.014051125677942
4.14 -0.018224831468606
4.15 -0.01727935948148
4.16 -0.006943669164019
4.17 0.009367269467304
4.18 0.025211195814261
4.19 0.031421137055578
4.2 0.030870597606489
4.21 0.02323330921028
4.22 0.014101124906909
4.23 -0.000591545494726
4.24 -0.010947940890121
4.25 -0.015729609316307
4.26 -0.021308559935136
4.27 -0.023268241377601
4.28 -0.019960763385171
4.29 -0.010744713515176
4.3 0.000810245291591
4.31 0.010752641871631
4.32 0.015226186137344
4.33 0.018904056343444
4.34 0.021754797473519
4.35 0.021944387043744
4.36 0.016977552164745
4.37 0.008221501630814
4.38 0.003719206493525
4.39 0.007799220961183
4.4 0.012027587040861
4.41 0.012666909416819
4.42 0.011426203712594
4.43 0.003342760760503
4.44 -0.018714271356077
4.45 -0.03514454551149
4.46 -0.035376686164396
4.47 -0.035605818738642
4.48 -0.025534834309374
4.49 -0.014495978557601
4.5 0.002170981671325
4.51 0.02927295824184
4.52 0.053444519617903
4.53 0.06377636021666
4.54 0.074560751572677
4.55 0.069410394080665
4.56 0.059229612828552
4.57 0.044627664010162
4.58 0.02485266282749
4.59 0.015976748632675
4.6 0.003424237118466
4.61 -0.034431298298148
4.62 -0.068104598794531
4.63 -0.061688232867839
4.64 -0.067487301232507
4.65 -0.053998192517849
4.66 -0.045799613126387
4.67 -0.044197576243796
4.68 -0.042028723993129
4.69 -0.033795079600249
4.7 -0.018926957298051
4.71 0.003899866123292
4.72 0.029098034748205
4.73 0.045700622444193
4.74 0.048733670149439
4.75 0.067323832456708
4.76 0.047736406223668
4.77 0.055349784527091
4.78 0.061597872757634
4.79 0.063002808378343
4.8 0.061964830206704
4.81 0.059080852428036
4.82 0.04391989521197
4.83 0.024572951336996
4.84 0.020902580131011
4.85 0.022234508057743
4.86 0.01385952005082
4.87 0.01311738727457
4.88 0.028463042696742
4.89 0.046975401114654
4.9 0.079480009878673
4.91 0.09766201169588
4.92 0.116822182458772
4.93 0.114962257963873
4.94 0.093616110024562
4.95 0.063153654056577
4.96 0.05530689342595
4.97 0.052640576591616
4.98 0.044393718267407
4.99 0.040726797515332
5.0 0.032154069116957
5.01 0.009564328677779
5.02 -0.01057234923298
5.03 -0.014354679955705
5.04 -0.01105354288683
5.05 0.001393738279258
5.06 0.020158912327896
5.07 0.0260413566027
5.08 0.01691024009684
5.09 -0.001981669645137
5.1 -0.024532918657959
5.11 -0.042007865919086
5.12 -0.054121976194487
5.13 -0.066049105947851
5.14 -0.081860536200425
5.15 -0.104550973964682
5.16 -0.128533053696785
5.17 -0.152336318560622
5.18 -0.169753894393374
5.19 -0.165809093511813
5.2 -0.143185331125098
5.21 -0.111721098890075
5.22 -0.092830855823724
5.23 -0.087021863787039
5.24 -0.086811887492106
5.25 -0.092766419249973
5.26 -0.101864974006417
5.27 -0.107529393410933
5.28 -0.101612184788854
5.29 -0.004961628164022
5.3 -0.019602652584558
5.31 -0.004978621406642
5.32 -0.047689016078184
5.33 -0.019160736829404
5.34 -0.025538370354914
5.35 -0.006972772827264
5.36 0.008854419605849
5.37 0.014962872620033
5.38 0.024944048440784
5.39 0.017109780664436
5.4 0.015636035241735
5.41 0.003423867330485
5.42 -0.010805332998059
5.43 -0.019386605155272
5.44 -0.021097437193699
5.45 -0.004211360570569
5.46 -0.000985169005941
5.47 0.002296508657194
5.48 0.009602610610415
5.49 0.011889956479093
5.5 0.026509420562924
5.51 0.064533147861121
5.52 0.079799564212686
5.53 0.10612385021693
5.54 0.116603720838098
5.55 0.118446690275768
5.56 0.107145031418041
5.57 0.059010936490222
5.58 -0.022533282060445
5.59 -0.060277834132321
5.6 -0.065082337494942
5.61 -0.079848576263617
5.62 -0.081592252451889
5.63 -0.072541184068984
5.64 -0.07315202406605
5.65 -0.059314522446646
5.66 -0.048925173506482
5.67 -0.044526231794138
5.68 -0.033124429251238
5.69 -0.033273861469181
5.7 -0.035928037702567
5.71 -0.048708237092723
5.72 -0.076642251634379
5.73 -0.106045478672924
5.74 -0.130425655076632
5.75 -0.133697459120172
5.76 -0.129488269279057
5.77 -0.130339684455343
5.78 -0.126489143449827
5.79 -0.124586297671624
5.8 -0.11749576174075
5.81 -0.07407612217933
5.82 -0.093187900224427
5.83 -0.09721901759097
5.84 -0.106333559889738
5.85 -0.101127781805156
5.86 -0.102116846428458
5.87 -0.065161503733154
5.88 -0.043587614313884
5.89 -0.048374916629497
5.9 -0.042643258594013
5.91 -0.052471095008587
5.92 -0.067571904235978
5.93 -0.090652257386463
5.94 -0.125615364107379
5.95 -0.137596190606456
5.96 -0.129990555573229
5.97 -0.136457973497704
5.98 -0.114596601110391
5.99 -0.053934162965335
6.0 -0.022500646682604
6.01 0.013876073246265
6.02 0.045449417348352
6.03 0.089754971333295
6.04 0.12628931074483
6.05 0.1713346273214
6.06 0.161218149569602
6.07 0.187631770785493
6.08 0.164050241356975
6.09 0.166848453249286
6.1 0.171418971680107
6.11 0.179583002132748
6.12 0.190242952294535
6.13 0.1759045226672
6.14 0.167600910999098
6.15 0.189792544635402
6.16 0.207961799245938
6.17 0.212339651155485
6.18 0.212558503226345
6.19 0.218467509279062
6.2 0.214397794132522
6.21 0.156882158717874
6.22 -0.129994377777974
6.23 0.041838535852584
6.24 -0.038668088340166
6.25 0.072208165485957
6.26 0.01140346155503
6.27 0.076775101700906
6.28 0.088117472807553
6.29 0.074821233603367
6.3 0.108723730611635
6.31 0.093848174432778
6.32 0.096185073745044
6.33 0.12185539541574
6.34 0.139079649067318
6.35 0.171270602085608
6.36 0.182137909113899
6.37 0.14097347336147
6.38 0.083309649710587
6.39 0.020448240257161
6.4 0.037385342495378
6.41 0.010553941584304
6.42 0.001391418220187
6.43 0.016552295111531
6.44 -0.037141362210661
6.45 -0.025145409605261
6.46 -0.052312848913207
6.47 -0.060322754842741
6.48 -0.062296441269096
6.49 -0.07497634943823
6.5 -0.061068740160401
6.51 -0.050552065276114
6.52 -0.063957877874847
6.53 -0.060701867780684
6.54 -0.016570243523369
6.55 -0.050785592528252
6.56 -0.178421902504345
6.57 -0.149757735491908
6.58 -0.113609680958749
6.59 -0.128324509062264
6.6 -0.063979595093705
6.61 0.115292074564916
6.62 0.027275338394517
6.63 0.106569499091949
6.64 0.050974719483639
6.65 0.082858120308881
6.66 0.028579840684927
6.67 0.043568838547597
6.68 -0.020324910522044
6.69 -0.067409839257453
6.7 -0.102101411191141
6.71 -0.099989061602623
6.72 -0.123949789638882
6.73 -0.121780381427407
6.74 -0.112573709256331
6.75 -0.100609148453311
6.76 -0.030387320667325
6.77 0.139062715007566
6.78 0.062301218853891
6.79 0.150294445214081
6.8 0.163806156526651
6.81 0.141932672209654
6.82 0.147167197327026
6.83 0.145455752648399
6.84 0.127386852628646
6.85 0.116847577255016
6.86 0.134460880806712
6.87 0.136122053594302
6.88 0.134677248515721
6.89 0.13311847756405
6.9 0.134980407560846
6.91 0.142803588830476
6.92 0.142345893534569
6.93 0.149491861231872
6.94 0.160154355059824
6.95 0.15158942996119
6.96 0.131120657379274
6.97 0.064427693811725
6.98 0.0881541439066
6.99 0.08225307240967
7.0 0.137909212744167
7.01 0.169377847551082
7.02 0.181530912025254
7.03 0.199292782764127
7.04 0.179358056053644
7.05 0.178683223013281
7.06 0.178662757429908
7.07 0.16401660654906
7.08 0.150230366185297
7.09 0.099238531728651
7.1 -0.007706090276491
7.11 -0.082975871344032
7.12 -0.131437420879632
7.13 -0.170780180733465
7.14 -0.212284401048929
7.15 -0.259787769930905
7.16 -0.289042888413688
7.17 -0.320511233675624
7.18 -0.314215651710479
7.19 -0.35449281783741
7.2 -0.416322186048853
7.21 -0.454320964108371
7.22 -0.425468638822898
7.23 -0.357689853188117
7.24 -0.320990053645003
7.25 -0.312245579635936
7.26 -0.311972736992656
7.27 -0.308407526973252
7.28 -0.294608421700403
7.29 -0.275760950132486
7.3 -0.225071506656596
7.31 0.118556689702121
7.32 -0.072427026793216
7.33 0.019730633979878
7.34 -0.052204777511815
7.35 -0.058584741677943
7.36 -0.086773248477697
7.37 -0.099107212745795
7.38 -0.11151236152244
7.39 -0.134730689592597
7.4 -0.128602927189232
7.41 -0.121244544386869
7.42 -0.102631544034805
7.43 -0.068726256989413
7.44 -0.05017476615978
7.45 -0.044075155914484
7.46 -0.033235915842853
7.47 -0.017671771451964
7.48 0.009413362086103
7.49 0.058151616951126
7.5 0.112953468687994
7.51 0.145572921132866
7.52 0.154273082014189
7.53 0.16563380008365
7.54 0.194272021872122
7.55 0.221135214258094
7.56 0.223561806567485
7.57 0.210489786545837
7.58 0.207062562063191
7.59 0.216041654936675
7.6 0.220170606123491
7.61 0.215315821533975
7.62 0.21465519245293
7.63 0.221752727923959
7.64 0.222863380164627
7.65 0.083302601126081
7.66 0.06052516214019
7.67 0.057286904673799
7.68 0.011221535376661
7.69 -0.005562263509389
7.7 -0.021594965968071
7.71 -0.041892296505958
7.72 -0.043620291645158
7.73 -0.042105054065058
7.74 -0.038340715946039
7.75 -0.027467633156957
7.76 -0.016900867340412
7.77 -0.004509628840016
7.78 0.010974314824216
7.79 0.021962037182396
7.8 0.026755595502423
7.81 0.022991368636852
7.82 0.002734956434648
7.83 -0.029172156143665
7.84 -0.057797989239426
7.85 -0.080419245604538
7.86 -0.104569025941178
7.87 -0.149548821122605
7.88 -0.19172882639725
7.89 -0.183946183553991
7.9 -0.167192306516295
7.91 -0.154906103176214
7.92 -0.113419191753389
7.93 -0.130992160436565
7.94 -0.136622159956314
7.95 -0.165348244034911
7.96 -0.199395785212028
7.97 -0.203371608658429
7.98 -0.249895137709236
7.99 -0.261652992241617
8.0 -0.264566595135304
8.01 -0.281454183423017
8.02 -0.237857821295001
8.03 -0.191884771446248
8.04 -0.286638659325444
8.05 -0.361543071987602
8.06 -0.325151513496621
8.07 -0.26132440859724
8.08 -0.256676679025017
8.09 -0.244096979667631
8.1 -0.156666737145977
8.11 0.079510822070545
8.12 -0.06991785849219
8.13 0.025276993814194
8.14 -0.068238191386433
8.15 0.035139809884791
8.16 0.001004714642278
8.17 0.065585044340599
8.18 0.10170709078282
8.19 0.124067674230506
8.2 0.174732017496312
8.21 0.173183044301749
8.22 0.173611268656008
8.23 0.196369386892747
8.24 0.199638045870225
8.25 0.191644462299725
8.26 0.187359649093143
8.27 0.193825671301253
8.28 0.229609811628356
8.29 0.283170277731295
8.3 0.307385743524135
8.31 0.302158861723256
8.32 0.298108403769882
8.33 0.315637902910011
8.34 0.337631588841703
8.35 0.343390526663466
8.36 0.342692150378864
8.37 0.357058046712033
8.38 0.383512489242819
8.39 0.392365427883971
8.4 0.382254763897003
8.41 0.382671817589795
8.42 0.403375164886539
8.43 0.40403090940465
8.44 0.11047109305489
8.45 0.150167407729445
8.46 0.194409555613943
8.47 0.096548294962322
8.48 0.072402003156363
8.49 0.071875926882783
8.5 0.023460388267535
8.51 -0.006041395721186
8.52 -0.008142343603375
8.53 -0.022481515147367
8.54 -0.038621629313508
8.55 -0.041585447016438
8.56 -0.042688865168196
8.57 -0.052519854246211
8.58 -0.073393562411518
8.59 -0.104001733553984
8.6 -0.141765105009116
8.61 -0.186739499149091
8.62 -0.235509304209642
8.63 -0.275105137717435
8.64 -0.2949188157386
8.65 -0.299377150667654
8.66 -0.300899843626596
8.67 -0.305859145705643
8.68 -0.311857308101728
8.69 -0.314148694642619
8.7 -0.311577131516122
8.71 -0.307757252492106
8.72 -0.307618585531013
8.73 -0.309447985402021
8.74 -0.308465171782858
8.75 -0.284018604346104
8.76 -0.20072455684329
8.77 -0.093733027211817
8.78 -0.068281442857669
8.79 -0.087966527164539
8.8 -0.084855964183057
8.81 -0.064329325679144
8.82 -0.061715097307475
8.83 -0.062782346637841
8.84 -0.054276778402692
8.85 -0.046738560491344
8.86 -0.045919289717805
8.87 -0.046377775565025
8.88 -0.044454593868423
8.89 -0.041372127433957
8.9 -0.037315873478113
8.91 -0.030481929213913
8.92 -0.020631331446879
8.93 -0.008262399765201
8.94 0.008547975744027
8.95 0.032773242069606
8.96 0.064786095496229
8.97 0.101743395225664
8.98 0.139223502762782
8.99 0.173363843512791
9.0 0.203073905323425
9.01 0.22988018665737
9.02 0.256073816646764
9.03 0.283057143969674
9.04 0.304578676780164
9.05 0.307650671572591
9.06 0.290647043872731
9.07 0.266941145877868
9.08 0.225133378302951
9.09 0.235440272341323
9.1 0.211844298593862
9.11 0.241834981358941
9.12 0.234142323139573
9.13 0.228241746781353
9.14 0.230792335445699
9.15 0.243576842239309
9.16 0.236065200056775
9.17 0.002785951344246
9.18 0.100730234011726
9.19 0.021661535619791
9.2 0.009934838618243
9.21 0.004767356449122
9.22 -0.040885639046247
9.23 -0.06179991725384
9.24 -0.095030901787994
9.25 -0.12601029429887
9.26 -0.137805869556818
9.27 -0.140725007941807
9.28 -0.14072507042815
9.29 -0.135642464776121
9.3 -0.124800077739452
9.31 -0.115920665878333
9.32 -0.115030290350523
9.33 -0.116637226482976
9.34 -0.111645168336916
9.35 -0.095228442360544
9.36 -0.072412221658932
9.37 -0.063685497906906
9.38 -0.087334307201979
9.39 -0.141074031029398
9.4 -0.193673921409453
9.41 -0.240868015894337
9.42 -0.301927009213271
9.43 -0.350011974638972
9.44 -0.396468853400433
9.45 -0.4453463311597
9.46 -0.458220177216576
9.47 -0.432717397121954
9.48 -0.409535043904988
9.49 -0.385703717894131
9.5 -0.357388780305161
9.51 -0.258539648881521
9.52 -0.084989303766128
9.53 -0.094912879608878
9.54 0.032343753405372
9.55 -0.05567140567665
9.56 0.022370998568451
9.57 -0.005935907998519
9.58 0.032594567899933
9.59 0.044687078628431
9.6 0.05168840345871
9.61 0.099061817026197
9.62 0.125491089158881
9.63 0.163662216419129
9.64 0.21495721393276
9.65 0.240981896274389
9.66 0.252112271645427
9.67 0.258195861137711
9.68 0.258047650801125
9.69 0.273613377517893
9.7 0.297319722951408
9.71 0.313804648552285
9.72 0.304992654883954
9.73 0.277152781769551
9.74 0.251535635361876
9.75 0.236401522756539
9.76 0.220740016618301
9.77 0.194657155561381
9.78 0.16448597465742
9.79 0.087443794629974
9.8 0.054105617937593
9.81 0.110861195167671
9.82 0.109242403381697
9.83 0.135969783943008
9.84 0.146206324494051
9.85 0.171693638726293
9.86 0.201041179750832
9.87 0.210103682189879
9.88 0.216490003710907
9.89 0.211290905888471
9.9 0.192050947571845
9.91 0.179139173107071
9.92 0.161159396460492
9.93 0.118251158837626
9.94 0.059515247361335
9.95 -7.1219575948e-05
9.96 -0.054653840785817
9.97 -0.10179982229279
9.98 -0.140489286032432
9.99 -0.166992564864738
10.0 -0.178177430401973
10.01 -0.180051306434521
10.02 -0.178468166023262
10.03 -0.167796212162824
10.04 -0.142721296069925
10.05 -0.110982021665367
10.06 -0.083387553076654
10.07 -0.061723330651827
10.08 -0.044203612955748
10.09 -0.022788894703579
10.1 -0.049874126067623
10.11 -0.07072712375521
10.12 -0.088263140753138
10.13 -0.127556746648138
10.14 -0.166088496000644
10.15 -0.199759258222611
10.16 -0.214672713368734
10.17 -0.163401841974623
10.18 -0.029260106912687
10.19 -0.019853247361644
10.2 -0.025057656404284
10.21 0.02815654704072
10.22 0.071685225973672
10.23 0.110701281633679
10.24 0.166134447301958
10.25 0.194928351103971
10.26 0.189403137921571
10.27 0.191302376435928
10.28 0.200566924813887
10.29 0.180845456747502
10.3 0.149667443503062
10.31 0.102617206231155
10.32 -0.080163302986475
10.33 -0.279826516383535
10.34 -0.145816576863066
10.35 -0.211815994872121
10.36 -0.09457115028673
10.37 -0.160310326502205
10.38 -0.074208155461517
10.39 -0.101985722409695
10.4 -0.05161513864119
10.41 -0.000691038051753
10.42 0.047910847355665
10.43 0.138042359322214
10.44 0.174148131556688
10.45 0.204355309643998
10.46 0.24739581453379
10.47 0.250546356281404
10.48 0.244638142970103
10.49 0.123780324862012
10.5 0.051981471511549
10.51 0.057097910242224
10.52 0.023616840684133
10.53 0.037521850752591
10.54 -0.002531839055497
10.55 -0.06749101149157
10.56 -0.099332330737966
10.57 -0.112795575955703
10.58 -0.134746857395384
10.59 -0.165099267394129
10.6 -0.110910441097454
10.61 -0.113093012127275
10.62 -0.108372990441182
10.63 -0.111303544538746
10.64 -0.08728786812617
10.65 -0.046657304218565
10.66 -0.108004274186884
10.67 -0.208300206403713
10.68 -0.115081048179599
10.69 -0.099042837306948
10.7 -0.109834887230387
10.71 -0.014409991493881
10.72 0.041578844726528
10.73 0.036411589799736
10.74 0.049068208206369
10.75 0.013844966313761
10.76 -0.007070901045848
10.77 -0.056741260574184
10.78 -0.109263056154126
10.79 -0.154020306310842
10.8 -0.14326363829167
10.81 -0.175892639362577
10.82 -0.187202160211877
10.83 -0.227275081364957
10.84 -0.232300474165318
10.85 -0.276736902491681
10.86 -0.272956733047984
10.87 -0.198549297896727
10.88 -0.132750923864015
10.89 -0.172556537197195
10.9 -0.133862918766065
10.91 -0.09349772964332
10.92 -0.098112711297625
10.93 -0.11657122544245
10.94 0.063743403286205
10.95 -0.021710268572172
10.96 0.069531496936179
10.97 -0.000999567518557
10.98 0.05769517458621
10.99 0.016278825969891
11.0 0.038706631082591
11.01 0.035270364926962
11.02 0.029215815922387
11.03 0.043872453270941
11.04 0.043431593734047
11.05 0.05460411476579
11.06 0.063449023838135
11.07 0.074394475114716
11.08 0.097765985067522
11.09 0.11701031899466
11.1 0.140395154723032
11.11 0.172306425612809
11.12 0.19404758249125
11.13 0.206043701093548
11.14 0.223957290483468
11.15 0.242486644468761
11.16 0.262489165307125
11.17 0.283652092357282
11.18 0.294936007155139
11.19 0.299675335129772
11.2 0.306943347015604
11.21 0.310858165082454
11.22 0.307871806038228
11.23 0.300470543803592
11.24 0.285193337274791
11.25 0.267653667966253
11.26 0.265460361940023
11.27 0.277463096344394
11.28 0.284042007055884
11.29 0.261268000407847
11.3 0.182367528149361
11.31 0.093543935141039
11.32 0.091677806632003
11.33 0.103086890568439
11.34 0.065408627679143
11.35 0.049232122098317
11.36 0.037490305466463
11.37 0.01521776813025
11.38 -0.009673803270869
11.39 -0.036643812278236
11.4 -0.064983358436276
11.41 -0.097020957211337
11.42 -0.131607336590924
11.43 -0.159944441077619
11.44 -0.177216712126108
11.45 -0.187282502828903
11.46 -0.195625425035651
11.47 -0.190311177262227
11.48 -0.193626928438543
11.49 -0.182505933540781
11.5 -0.165884247182822
11.51 -0.157462230788333
11.52 -0.162295960982663
11.53 -0.173882830511242
11.54 -0.182894985754845
11.55 -0.184101858631775
11.56 -0.176820218402904
11.57 -0.16549314265183
11.58 -0.152621840158105
11.59 -0.169619255458889
11.6 -0.194841184998051
11.61 -0.185121731134937
11.62 -0.162975481039568
11.63 -0.166299490328371
11.64 -0.170034917321925
11.65 -0.166758217735226
11.66 -0.164854543971546
11.67 -0.157629611411
11.68 -0.145968817686413
11.69 -0.129488207133581
11.7 -0.102219515420327
11.71 -0.073346077078874
11.72 -0.044504654237402
11.73 -0.014985730586818
11.74 0.009933913414233
11.75 0.035577978816818
11.76 0.065364487873423
11.77 0.095260850354475
11.78 0.128036579854349
11.79 0.16381860852856
11.8 0.194831209786892
11.81 0.219420962298653
11.82 0.238968244819749
11.83 0.249994991148097
11.84 0.252547302942247
11.85 0.251611265203574
11.86 0.248492137881717
11.87 0.243044881589912
11.88 0.239387806543533
11.89 0.241098145546062
11.9 0.246446080640616
11.91 0.251800914647823
11.92 0.254909056563248
11.93 0.254771225122342
11.94 0.25274877338683
11.95 0.251503484113423
11.96 0.255338417199872
11.97 0.259735683447906
11.98 0.262381955998391
11.99 0.250687050861723
12.0 0.056588828743163
12.01 0.15682908795567
12.02 0.145548157068807
12.03 0.118084150646399
12.04 0.138774237685303
12.05 0.097897642256303
12.06 0.085393258364154
12.07 0.076347381897598
12.08 0.045464933011953
12.09 0.027426217568821
12.1 0.010100842200278
12.11 -0.015039624768917
12.12 -0.033161115830743
12.13 -0.047526444125491
12.14 -0.066917193204295
12.15 -0.09022036006406
12.16 -0.117679494096659
12.17 -0.148492310510761
12.18 -0.172543952566012
12.19 -0.180829557254599
12.2 -0.179458728174897
12.21 -0.182918604036581
12.22 -0.195113377187911
12.23 -0.206570709555922
12.24 -0.210816432963451
12.25 -0.213163875519386
12.26 -0.219676496362171
12.27 -0.22652734774933
12.28 -0.227388989795859
12.29 -0.225190767438886
12.3 -0.228664019578907
12.31 -0.240259427288812
12.32 -0.254250276918683
12.33 -0.295415930236526
12.34 -0.293463958114534
12.35 -0.302084993370127
12.36 -0.300392098581039
12.37 -0.281344956540042
12.38 -0.287177300504594
12.39 -0.276055033879891
12.4 -0.256403658689223
12.41 -0.224720968443552
12.42 -0.188497881301445
12.43 -0.168307560540824
12.44 -0.15277949605057
12.45 -0.140752686819192
12.46 -0.120750564765447
12.47 -0.10155779722941
12.48 -0.088897199353163
12.49 -0.077226636440183
12.5 -0.063593726747348
12.51 -0.045810512095454
12.52 -0.029747936460996
12.53 -0.02039170677019
12.54 -0.010601342534807
12.55 0.003652358586095
12.56 0.018516701177615
12.57 0.035824054753073
12.58 0.059588215673403
12.59 0.086772345447116
12.6 0.112684536089112
12.61 0.135435415968339
12.62 0.15389251714907
12.63 0.168533158325557
12.64 0.181449206588433
12.65 0.193050821681771
12.66 0.202223446460588
12.67 0.209326873980676
12.68 0.215781964781478
12.69 0.221265647432802
12.7 0.223726373530814
12.71 0.221379039347178
12.72 0.213136463556535
12.73 0.199110216680774
12.74 0.183043291824118
12.75 0.168945754037455
12.76 0.159881309395829
12.77 0.107560801611106
12.78 -0.009964229578722
12.79 0.046854487824544
12.8 0.041303688856221
12.81 0.03323323054192
12.82 0.052867637460641
12.83 0.049751356299602
12.84 0.051239844891879
12.85 0.059931331032551
12.86 0.062225520998148
12.87 0.064065165129129
12.88 0.067610384573038
12.89 0.068533502099948
12.9 0.065516739298957
12.91 0.05786752358064
12.92 0.044038632027426
12.93 0.023634207863132
12.94 -0.003102862859413
12.95 -0.03408007935879
12.96 -0.062109170134999
12.97 -0.081060687527494
12.98 -0.09514744720749
12.99 -0.112401669076289
13.0 -0.130918991855361
13.01 -0.141312115299319
13.02 -0.141012809848486
13.03 -0.136609218730791
13.04 -0.132741030692515
13.05 -0.130464083725495
13.06 -0.129873622437171
13.07 -0.128799079656192
13.08 -0.124587137675966
13.09 -0.12505621389819
13.1 -0.137183002665339
13.11 -0.154163973014389
13.12 -0.168447741075248
13.13 -0.176094506165627
13.14 -0.156736582530609
13.15 -0.014602770215488
13.16 -0.065412846136479
13.17 -0.016524983637965
13.18 -0.03166953899703
13.19 -0.012646300184582
13.2 -0.020585909297054
13.21 -0.01050073476023
13.22 -0.025853223195105
13.23 -0.02503938005959
13.24 -0.03343841930557
13.25 -0.043576912499553
13.26 -0.050514564034059
13.27 -0.064506661383474
13.28 -0.079017752205025
13.29 -0.083958024606985
13.3 -0.056719948641711
13.31 0.010041843335347
13.32 0.01145760620444
13.33 0.036756521119281
13.34 0.051619888237771
13.35 0.0514372103854
13.36 0.059299827271988
13.37 0.049733927958022
13.38 0.062433390114535
13.39 0.056960265142625
13.4 0.049657899199136
13.41 0.039864041483337
13.42 0.040136246047887
13.43 0.041361719787426
13.44 0.053764458891363
13.45 0.074471248653151
13.46 0.086521090565786
13.47 0.104346071992265
13.48 0.111649225996754
13.49 0.109458624923313
13.5 0.099948499293678
13.51 0.020697038325556
13.52 -0.03371106403805
13.53 -0.004741067544077
13.54 -0.061824075139858
13.55 -0.016075991904469
13.56 -0.054602441939615
13.57 -0.023644818110288
13.58 -0.040657441251344
13.59 -0.034791408071516
13.6 -0.030270989923704
13.61 -0.03216419308122
13.62 -0.022541140189311
13.63 -0.023358184241837
13.64 -0.021157588960852
13.65 -0.026851943452181
13.66 -0.047157546721784
13.67 -0.079740753096401
13.68 -0.112992428147266
13.69 -0.115712965296801
13.7 -0.099572073950159
13.71 -0.103747482470385
13.72 -0.107335798372135
13.73 -0.085503992123205
13.74 -0.053134845770668
13.75 -0.050004008457043
13.76 -0.040733493570572
13.77 -0.047538483326176
13.78 -0.041526134635663
13.79 -0.044424219950122
13.8 -0.039398998582884
13.81 -0.039169033948132
13.82 -0.038027900853778
13.83 -0.029018930108021
13.84 -0.016195952717062
13.85 -0.013782588605101
13.86 -0.014778692035344
13.87 -0.000412654995533
13.88 0.025465404407497
13.89 0.047676263141522
13.9 0.061057496838231
13.91 0.067508174979437
13.92 0.073146715419863
13.93 0.08223927129933
13.94 0.088177329594663
13.95 0.089864796782954
13.96 0.092443743342632
13.97 0.093525324147659
13.98 0.089786742016099
13.99 0.087363410564441
14.0 0.086634831283398
14.01 0.085752848830439
14.02 0.085560171873303
14.03 0.084250862919149
14.04 0.082405379506145
14.05 0.086592278674102
14.06 0.08519831478099
14.07 0.078891639303053
14.08 0.078452952287309
14.09 0.076787482147596
14.1 0.075362210619902
14.11 0.072983603818676
14.12 0.066474960804191
14.13 0.058896908438069
14.14 0.051652436466903
14.15 0.043233724571033
14.16 0.03839546120976
14.17 0.038080459119427
14.18 0.038142600243795
14.19 0.03743396252332
14.2 0.033719400762755
14.21 0.028290166352434
14.22 0.025422812493114
14.23 0.024331126826286
14.24 0.023570679608148
14.25 0.022381565551278
14.26 0.018325412194834
14.27 0.00657395822522
14.28 -0.008649473883755
14.29 -0.022151904842222
14.3 -0.037622501651738
14.31 -0.049833397864855
14.32 -0.052834756185646
14.33 -0.065166396934524
14.34 -0.063362550462923
14.35 -0.072574673915063
14.36 -0.072830168117647
14.37 -0.071731895756235
14.38 -0.071561242421082
14.39 -0.06239083024334
14.4 -0.058113586910481
14.41 -0.051635621741544
14.42 -0.0445766894637
14.43 -0.043735046904913
14.44 -0.043768911050399
14.45 -0.046564011193667
14.46 -0.052041872437106
14.47 -0.061865269461791
14.48 -0.084114490850332
14.49 -0.113844461458366
14.5 -0.120656095422019
14.51 -0.130480292376564
14.52 -0.135475595852461
14.53 -0.127997156186715
14.54 -0.11184653493105
14.55 -0.109038263749592
14.56 -0.092720230588565
14.57 -0.102668859230001
14.58 -0.100511255483659
14.59 -0.106021383007097
14.6 -0.10198203014396
14.61 -0.10995025526029
14.62 -0.11726071619289
14.63 -0.133355406969831
14.64 -0.145949966874706
14.65 -0.133044900862082
14.66 -0.055351272214881
14.67 -0.066103925382161
14.68 -0.035134048564307
14.69 -0.033761833104693
14.7 -0.028902327896731
14.71 -0.029741930625049
14.72 -0.030222144034305
14.73 -0.026997195250397
14.74 -0.028636220303803
14.75 -0.021153230397048
14.76 -0.018829732570274
14.77 -0.011357747990196
14.78 -0.005541191487086
14.79 0.004542962310806
14.8 0.02353217120642
14.81 0.052607513673701
14.82 0.082074098522687
14.83 0.089525175231947
14.84 0.089219225155373
14.85 0.101839793972923
14.86 0.105403682049488
14.87 0.097109517243688
14.88 0.09953539995288
14.89 0.100993653768105
14.9 0.09645774344613
14.91 0.097743059735628
14.92 0.095645660311079
14.93 0.09024239998556
14.94 0.089136771387419
14.95 0.084673910268488
14.96 0.08291521553111
14.97 0.096381759641467
14.98 0.107909542546593
14.99 0.119654559190713
15.0 0.127774578210927
15.01 0.120659103589275
15.02 0.114433609861441
15.03 0.098821973002206
15.04 0.087929573344286
15.05 0.077961657795674
15.06 0.072514491120521
15.07 0.06765145473244
15.08 0.062110871184712
15.09 0.05133770164315
15.1 0.042318151414411
15.11 0.029492998855665
15.12 0.020051320833286
15.13 0.01180873746455
15.14 0.002096761942785
15.15 -0.006471790237453
15.16 -0.019236778733326
15.17 -0.032962801195884
15.18 -0.043636095439048
15.19 -0.053465853840256
15.2 -0.060857105305436
15.21 -0.062775043109945
15.22 -0.060089522067616
15.23 -0.053959522729848
15.24 -0.044760863739751
15.25 -0.034158034116724
15.26 -0.024686807142965
15.27 -0.018467755771518
15.28 -0.016898966694107
15.29 -0.023615353099288
15.3 -0.036041402705905
15.31 -0.046509518753867
15.32 -0.059093426739268
15.33 -0.06226905314663
15.34 -0.068581771904236
15.35 -0.066616424708843
15.36 -0.061950143891814
15.37 -0.055244898740439
15.38 -0.049509404967118
15.39 -0.040488800239786
15.4 -0.027013863954511
15.41 -0.01135271601281
15.42 0.000205635613593
15.43 0.007703669515571
15.44 0.013623503670319
15.45 0.016613399293713
15.46 0.010590350781531
15.47 0.006169862593854
15.48 0.011460122430314
15.49 0.018564894977363
15.5 0.025715786253115
15.51 0.039095146694458
15.52 0.053633306789794
15.53 0.065949800260996
15.54 0.077930311754884
15.55 0.090030652784737
15.56 0.103022143866636
15.57 0.115172041014941
15.58 0.124956804662004
15.59 0.133168267300504
15.6 0.141230142040171
15.61 0.148116823998305
15.62 0.15202201071695
15.63 0.150539783897035
15.64 0.139575280173077
15.65 0.13653473820288
15.66 0.138373802696106
15.67 0.147554002955146
15.68 0.157976537661131
15.69 0.154188582768445
15.7 0.066874066840511
15.71 -0.010014017203025
15.72 0.016710177719036
15.73 -0.008907802038022
15.74 0.018570285055602
15.75 -0.017023694639742
15.76 0.005204968555394
15.77 -0.011483306018617
15.78 -0.008809704629656
15.79 -0.005172257200484
15.8 -0.006275250700283
15.81 0.001317958763429
15.82 0.007766629322372
15.83 0.018245676988788
15.84 0.026037863364175
15.85 0.019824585665139
15.86 -0.002873155305248
15.87 -0.037845957904249
15.88 -0.059882155277644
15.89 -0.056145537794227
15.9 -0.060162391981285
15.91 -0.087968040062394
15.92 -0.110059439749183
15.93 -0.135730647759103
15.94 -0.143753220501138
15.95 -0.164567064041296
15.96 -0.161163513205046
15.97 -0.164066612272664
15.98 -0.151595529327133
15.99 -0.133483959333184
16.0 -0.108759797408572
16.01 -0.068192454665393
16.02 -0.064787464917536
16.03 -0.043220906329503
16.04 -0.044610624137278
16.05 -0.042549557403661
16.06 -0.038715331660783
16.07 -0.043908629909203
16.08 -0.052230863890096
16.09 -0.04710032421557
16.1 -0.04375204235913
16.11 -0.039499291729072
16.12 -0.041765429425023
16.13 -0.042274030438659
16.14 -0.043598105403647
16.15 -0.042586695295422
16.16 -0.021033749862718
16.17 0.004355116064923
16.18 0.018960709335401
16.19 0.022834100046016
16.2 0.029162138759969
16.21 0.035935213866841
16.22 0.034619701524048
16.23 0.041749099793501
16.24 0.05453911708774
16.25 0.065024487709274
16.26 0.08216076608703
16.27 0.094867340049231
16.28 0.102611864339209
16.29 0.110892391358854
16.3 0.115744348465367
16.31 0.123163956100948
16.32 0.132288790448747
16.33 0.139638418199942
16.34 0.147009957962095
16.35 0.149949862604878
16.36 0.147192665327227
16.37 0.140435014330603
16.38 0.126563786670449
16.39 0.108341272263157
16.4 0.095158022251241
16.41 0.088713772841363
16.42 0.086439487164723
16.43 0.054482314077067
16.44 0.028724560466998
16.45 0.050456096634235
16.46 0.034976221766307
16.47 0.049054679721193
16.48 0.034169496936725
16.49 0.043764208494937
16.5 0.035540559941216
16.51 0.03797189774103
16.52 0.036344362199678
16.53 0.03199933158098
16.54 0.03089860606876
16.55 0.02386168131444
16.56 0.01692629423206
16.57 0.009307233827512
16.58 -0.00219979523159
16.59 -0.017686070821224
16.6 -0.034707676265598
16.61 -0.045313891809476
16.62 -0.051875717673157
16.63 -0.065722808499524
16.64 -0.08247631491745
16.65 -0.092539906139388
16.66 -0.102683788077458
16.67 -0.119610930487443
16.68 -0.135809605354909
16.69 -0.146026389659563
16.7 -0.152406918968389
16.71 -0.157142744376162
16.72 -0.160252658790218
16.73 -0.157355210049557
16.74 -0.15044075536962
16.75 -0.14538667574755
16.76 -0.136837657901894
16.77 -0.122252002214221
16.78 -0.024621005257781
16.79 -0.028475744530218
16.8 -0.001964951618132
16.81 -0.01371739999675
16.82 0.002957385285844
16.83 -0.010475666028454
16.84 -0.010704313664731
16.85 -0.018666853265497
16.86 -0.025719882850819
16.87 -0.032643527851992
16.88 -0.045210867911363
16.89 -0.054689921451537
16.9 -0.074256742073641
16.91 -0.093756815174434
16.92 -0.103895069539102
16.93 -0.081779060755396
16.94 -0.018304680898059
16.95 0.014252602215408
16.96 0.016321624876043
16.97 0.041513695388318
16.98 0.03645745697008
16.99 0.060655292817084
17.0 0.060816942475955
17.01 0.075478249218128
17.02 0.086129842775676
17.03 0.07363755905869
17.04 0.08679304476645
17.05 0.061586918482926
17.06 0.047354501804376
17.07 0.068027689302778
17.08 0.063153276216548
17.09 0.077761705988898
17.1 0.092639338237912
17.11 0.101678431208567
17.12 0.120438687289786
17.13 0.118313347914801
17.14 0.109192204345113
17.15 0.095402732563499
17.16 -0.004801964775285
17.17 0.038856634731203
17.18 -0.009959440945112
17.19 0.007958419431108
17.2 -0.014783465420427
17.21 0.008810821933282
17.22 0.004875907886882
17.23 0.016443716351391
17.24 0.004827040250915
17.25 0.012917086990867
17.26 0.009343592725756
17.27 0.016681359347945
17.28 0.017825486521636
17.29 0.006387361678031
17.3 -0.012071829712969
17.31 -0.053072661628492
17.32 -0.097522607897274
17.33 -0.125095699034463
17.34 -0.125611756524727
17.35 -0.121330869533498
17.36 -0.130584227117004
17.37 -0.12382369052435
17.38 -0.108691629832883
17.39 -0.114896462214737
17.4 -0.118999048286226
17.41 -0.115114237142419
17.42 -0.119547209260001
17.43 -0.115917454622846
17.44 -0.110775055747143
17.45 -0.112618738140278
17.46 -0.111486258026445
17.47 -0.105340021276111
17.48 -0.018780767050173
17.49 -0.053014530571474
17.5 -0.033271333984806
17.51 -0.018478602631012
17.52 -0.011541100728287
17.53 0.013150995375702
17.54 0.020778506176602
17.55 0.033581968493782
17.56 0.03768895098282
17.57 0.039959968105443
17.58 0.042193907281493
17.59 0.04111990428341
17.6 0.040316466867276
17.61 0.038960465869383
17.62 0.041092977887597
17.63 0.049693875602473
17.64 0.05915975275133
17.65 0.063122997571259
17.66 0.057977619377658
17.67 0.048384309368252
17.68 0.045608303634508
17.69 0.050712969167482
17.7 0.054614715074184
17.71 0.070969911566939
17.72 0.079983107946672
17.73 0.095243508864093
17.74 0.105870914684786
17.75 0.11909970626474
17.76 0.129770325569381
17.77 0.132761891198445
17.78 0.137055002276719
17.79 0.121355783661388
17.8 0.093836728122332
17.81 0.043403536419471
17.82 -0.005344518235486
17.83 -0.029882745625234
17.84 -0.038624517787723
17.85 -0.047796814615459
17.86 -0.040306107762394
17.87 -0.044797769874271
17.88 -0.038752968899716
17.89 -0.0202895157992
17.9 -0.013131903612419
17.91 0.011298007338022
17.92 0.029091827319153
17.93 0.058043396006033
17.94 0.104269482820134
17.95 0.079547705068963
17.96 0.07317577420167
17.97 0.046679126215982
17.98 0.043351347668965
17.99 0.031462874030652
18.0 0.01127308019333
18.01 -0.01764394599129
18.02 -0.037596238712434
18.03 -0.057995523345874
18.04 -0.066347025586115
18.05 -0.074369704819058
18.06 -0.047437525723557
18.07 -0.02425704678011
18.08 -0.020890982825191
18.09 -0.016044901736909
18.1 -0.028160644122782
18.11 -0.022976013608523
18.12 0.00853627081183
18.13 0.042615945521671
18.14 0.036943428117325
18.15 0.085460950328815
18.16 0.068625988296727
18.17 0.078015530214758
18.18 0.06401173893602
18.19 0.07536966376071
18.2 0.076693677123177
18.21 0.084913590753487
18.22 0.071126519442118
18.23 0.05475188987296
18.24 0.024284885198005
18.25 -0.013433912791412
18.26 -0.050816001679943
18.27 -0.057185353948774
18.28 -0.04708631486785
18.29 -0.032184636938393
18.3 -0.034928484469015
18.31 -0.031642239830803
18.32 -0.032326822982085
18.33 -0.031633160574512
18.34 -0.022049381197946
18.35 -0.01261415808746
18.36 3.075157428e-06
18.37 0.024225383371456
18.38 0.047139641400747
18.39 0.052718632924036
18.4 0.047476292275558
18.41 0.03709464307209
18.42 -0.001864802894371
18.43 -0.009227262418869
18.44 -0.012399822030426
18.45 -0.019125183135294
18.46 -0.023859159814417
18.47 -0.046117600358596
18.48 -0.065380528553493
18.49 -0.075670310782774
18.5 -0.085808826387726
18.51 -0.084542312647131
18.52 -0.089336443408197
18.53 -0.063579166527731
18.54 -0.05514209545282
18.55 -0.056502284780486
18.56 -0.063165117820298
18.57 -0.071438225920034
18.58 -0.058460862503346
18.59 -0.034662033605409
18.6 -0.006324954817734
18.61 -0.01373937823233
18.62 0.030394918806788
18.63 -0.005782046742186
18.64 0.010664914058064
18.65 -0.008170751908112
18.66 -0.005119448136853
18.67 -0.021376290724246
18.68 -0.028880238199873
18.69 -0.048688767500657
18.7 -0.053610767511552
18.71 -0.071679131630991
18.72 -0.073259500582129
18.73 -0.068837988764127
18.74 -0.052319787986085
18.75 -0.02394491785082
18.76 -0.006245076992448
18.77 0.008270368165292
18.78 0.00746374470714
18.79 0.006047292987697
18.8 0.01526039657982
18.81 0.011442994175632
18.82 0.017972907261761
18.83 0.009217484257926
18.84 0.010988232872592
18.85 0.009203595320247
18.86 0.011650504041629
18.87 0.002503199828698
18.88 0.036353149605664
18.89 0.03948723077077
18.9 0.039610813492719
18.91 0.040139533818795
18.92 0.031895443277925
18.93 0.02519064337371
18.94 0.021448043175883
18.95 0.023863504111786
18.96 0.031459442845427
18.97 0.036866921851898
18.98 0.037930775835741
18.99 0.037933926367671
19.0 0.0386576130142
19.01 0.026737993825014
19.02 -0.0116190136141
19.03 -0.020568179412643
19.04 -0.000406420413776
19.05 -0.016151775300975
19.06 -0.031059682415101
19.07 -0.040451100128329
19.08 -0.051233456213941
19.09 -0.057367310552318
19.1 -0.05970721065311
19.11 -0.056972578663036
19.12 -0.056268830415972
19.13 -0.043498962723567
19.14 -0.046494473815145
19.15 -0.056411765742992
19.16 -0.063267276830129
19.17 -0.069071336179951
19.18 -0.073846312593695
19.19 -0.070894500951119
19.2 -0.059158815750992
19.21 -0.021217179013444
19.22 0.002572204860023
19.23 -0.0141268395334
19.24 -0.011281945281345
19.25 -0.019926512952224
19.26 -0.014500750120893
19.27 -0.017647910694008
19.28 -0.023674561008071
19.29 -0.026470572207632
19.3 -0.030264131512918
19.31 -0.028055514517757
19.32 -0.026863724456963
19.33 -0.018397496367012
19.34 -0.004565585734451
19.35 0.014898224020857
19.36 0.041280600700203
19.37 0.066254831166361
19.38 0.0842820532557
19.39 0.094189182011916
19.4 0.101902122746731
19.41 0.106820902225574
19.42 0.104211656157201
19.43 0.101398280872878
19.44 0.096802048442325
19.45 0.08840323348479
19.46 0.084376859767472
19.47 0.080475041649453
19.48 0.0738420214065
19.49 0.070030919616783
19.5 0.067843820638062
19.51 0.064922961610557
19.52 0.05168654163979
19.53 0.033883091316705
19.54 0.048237126747352
19.55 0.06049063176277
19.56 0.063946997919625
19.57 0.066746608899619
19.58 0.063167691073074
19.59 0.06870112707418
19.6 0.070880767334531
19.61 0.079141189480885
19.62 0.085082230687029
19.63 0.090164921854214
19.64 0.095984479531267
19.65 0.09839981691377
19.66 0.084996526979018
19.67 0.065246260887608
19.68 0.059659929833768
19.69 0.05655852627986
19.7 0.037107035185391
19.71 0.015840585057151
19.72 -0.007240413964879
19.73 -0.022952610667063
19.74 -0.034246450433013
19.75 -0.035457833420303
19.76 -0.038412139794335
19.77 -0.071398144267698
19.78 -0.053663785595491
19.79 -0.074505819142159
19.8 -0.068342991869716
19.81 -0.071813844309747
19.82 -0.073974984639162
19.83 -0.063874794868059
19.84 -0.061460536913821
19.85 -0.055174768586558
19.86 -0.052071853931361
19.87 -0.048873439263302
19.88 -0.03376434510399
19.89 0.004012556388676
19.9 -0.013120650645969
19.91 -0.014438945576689
19.92 -0.033699388207172
19.93 -0.059485284673347
19.94 -0.080299388581922
19.95 -0.089071883079666
19.96 -0.093650647606997
19.97 -0.104098020260962
19.98 -0.101332964266612
19.99 -0.108128040153437
20.0 -0.110557470927288
20.01 -0.107114584780443
20.02 -0.097230660000362
20.03 -0.06776206386526
20.04 -0.053430129554056
20.05 -0.045011866764887
20.06 -0.010025147878935
20.07 -0.016520183829587
20.08 0.004291290362018
20.09 0.008164277099928
20.1 0.014456105631908
20.11 0.015697129056447
20.12 0.036699425464678
20.13 0.045292536543231
20.14 0.038548513192637
20.15 0.051306139078516
20.16 0.036207903645835
20.17 0.044696662603729
20.18 0.035201195964418
20.19 0.024667263987235
20.2 0.025519543851029
20.21 0.012237072595757
20.22 0.005124517855298
20.23 -0.007630512413518
20.24 -0.012632140317255
20.25 -0.016922233355968
20.26 -0.018781785071627
20.27 -0.015451195393465
20.28 0.00349932934243
20.29 0.027330997999557
20.3 0.047709373700957
20.31 0.053266856013777
20.32 0.058285081039807
20.33 0.061285425144344
20.34 0.052484604035778
20.35 0.048242861689823
20.36 0.038660899624968
20.37 0.016395303761278
20.38 -0.024929852876253
20.39 -0.021138559243335
20.4 -0.03717875141727
20.41 -0.033694882219033
20.42 -0.034518338130577
20.43 -0.03337717678339
20.44 -0.028461677198229
20.45 -0.032539367330077
20.46 -0.029699658114123
20.47 -0.038692512906724
20.48 -0.041143136181768
20.49 -0.049848890428461
20.5 -0.054061117758528
20.51 -0.059592642433234
20.52 -0.06676787082822
20.53 -0.070811296379223
20.54 -0.072462952086118
20.55 -0.065767370222603
20.56 -0.0554343430126
20.57 -0.040214726017093
20.58 0.001130731813882
20.59 -0.007407294587863
20.6 0.008105154266061
20.61 -0.005641197769176
20.62 -0.0002939314846
20.63 -0.00452045046105
20.64 -0.008775702825962
20.65 -0.015063242275396
20.66 -0.02118274890173
20.67 -0.027608036666377
20.68 -0.02960883920226
20.69 -0.02743684409289
20.7 -0.022855355423721
20.71 -0.009293873015588
20.72 0.009454987839957
20.73 0.025997092616046
20.74 0.030919944732048
20.75 0.027072666715313
20.76 0.031349923444392
20.77 0.033827719277936
20.78 0.031945159976813
20.79 0.034355173645812
20.8 0.03223142956072
20.81 0.031092397366008
20.82 0.02917847310448
20.83 0.032176307421086
20.84 0.035622621602217
20.85 0.042815210520063
20.86 0.044116566446051
20.87 0.044006771984055
20.88 0.04601006996863
20.89 0.045935114444706
20.9 0.040312661590788
20.91 0.034458396725117
20.92 0.036841299625136
20.93 0.024263037764763
20.94 0.001512576440894
20.95 0.01092463148984
20.96 -0.005572317923644
20.97 -0.007929902449252
20.98 -0.013019385629522
20.99 -0.015442425268384
21.0 -0.016492391536367
21.01 -0.019711069084342
21.02 -0.019100163522043
21.03 -0.018415004107319
21.04 -0.018727775469931
21.05 -0.01741388353856
21.06 -0.019559100341173
21.07 -0.024146819014359
21.08 -0.032214910071325
21.09 -0.036592840381859
21.1 -0.035043150927123
21.11 -0.036720221257048
21.12 -0.042289974678942
21.13 -0.039019248722668
21.14 -0.043358756394158
21.15 -0.039885702714222
21.16 -0.03808221121521
21.17 -0.036347725136027
21.18 -0.034299737003293
21.19 -0.030271289606365
21.2 -0.025412136447008
21.21 -0.023795699814
21.22 -0.024497321147599
21.23 -0.021782800849536
21.24 -0.014374252580956
21.25 -0.005396114211664
21.26 0.002205733763716
21.27 0.011460409753291
21.28 0.019414178920797
21.29 0.026488468636605
21.3 0.035591610283584
21.31 0.043317145114591
21.32 0.050344420476017
21.33 0.058210421553351
21.34 0.062712864871195
21.35 0.06612715441822
21.36 0.066286832332018
21.37 0.063091217292002
21.38 0.059863128734292
21.39 0.055395869031853
21.4 0.066992545607771
21.41 0.065331795810645
21.42 0.057369485095784
21.43 0.057149384673709
21.44 0.005255611524297
21.45 -0.003417757908964
21.46 0.004878789478715
21.47 -0.005746919540493
21.48 0.005139860464595
21.49 0.002872104547839
21.5 0.009716887145251
21.51 0.012152249249583
21.52 0.016782330596344
21.53 0.025645721594724
21.54 0.036414853322729
21.55 0.053807591206939
21.56 0.071602961005443
21.57 0.069697983773646
21.58 0.048940914150951
21.59 0.025541443405536
21.6 0.019780413748563
21.61 0.0199525256239
21.62 0.003805825249901
21.63 -0.005862666660476
21.64 -0.013765797035933
21.65 -0.021603362141148
21.66 -0.027537256987937
21.67 -0.025259317733218
21.68 -0.022151798133548
21.69 -0.008361229142007
21.7 0.004366865325643
21.71 0.001994222991703
21.72 0.003406765560202
21.73 0.021691607023278
21.74 0.041805156997788
21.75 0.043131060160931
21.76 0.035612758997117
21.77 0.0417624455764
21.78 0.031153683685719
21.79 0.019778074441019
21.8 0.008598161068438
21.81 -3.6451876348e-05
21.82 -0.019002456678172
21.83 -0.026064737576127
21.84 -0.040486756784531
21.85 -0.049310497911862
21.86 -0.046154371199372
21.87 -0.031234757192764
21.88 -0.02244291484732
21.89 -0.011656001822308
21.9 -0.009710211557908
21.91 -0.010075049405192
21.92 -0.012585827831576
21.93 -0.002702166645019
21.94 -0.013892216714657
21.95 -0.00843063949633
21.96 -0.007495407171791
21.97 -0.010452940984269
21.98 -0.013989038165004
21.99 -0.009227930888882
22.0 -0.011059038564046
22.01 -0.008865327163194
22.02 -0.02241636865167
22.03 -0.025166456142628
22.04 -0.024561114151342
22.05 -0.019433452552762
22.06 -0.024027978833606
22.07 -0.02190411885619
22.08 -0.016685645191331
22.09 -0.006104352308709
22.1 0.009276016437607
22.11 0.020774250054314
22.12 0.019374152508806
22.13 0.013341975194692
22.14 0.000479958461321
22.15 -0.007570466547641
22.16 -0.013959891809415
22.17 -0.019343461288738
22.18 -0.025208018296802
22.19 -0.026660379501125
22.2 -0.026608724519168
22.21 -0.025567695332548
22.22 -0.02300725880521
22.23 -0.019452232100425
22.24 -0.01809438237756
22.25 -0.016133716526447
22.26 -0.018288831255143
22.27 -0.024280784496018
22.28 -0.024950395954752
22.29 -0.025925438732133
22.3 -0.033711757631018
22.31 -0.036759055011056
22.32 -0.039888457482855
22.33 -0.045866233123489
22.34 -0.046894428755165
22.35 -0.050421268598223
22.36 -0.050438917162083
22.37 -0.041876452438535
22.38 -0.034724815293454
22.39 -0.028656339590943
22.4 -0.022465841311912
22.41 -0.015427766297033
22.42 -0.010409244703084
22.43 -0.010130982059944
22.44 -0.011803862301468
22.45 -0.01702456089417
22.46 -0.023567291097367
22.47 -0.035127199195445
22.48 -0.04472185667011
22.49 -0.049923227168905
22.5 -0.044198536488094
22.51 -0.037488236301925
22.52 -0.030214246292887
22.53 -0.024351702740253
22.54 -0.015225796415434
22.55 -0.005499508886343
22.56 0.001971209752537
22.57 0.009049801898737
22.58 0.012177933380525
22.59 0.013935845212784
22.6 0.00873669335577
22.61 0.001876501329802
22.62 0.005092615558361
22.63 0.000510870611282
22.64 0.00445543232732
22.65 0.0008585231428
22.66 0.002038217348539
22.67 -0.000286785659055
22.68 0.002123268344506
22.69 0.00375047009755
22.7 0.009188291294912
22.71 0.014249217779575
22.72 0.019653539972996
22.73 0.026076837527294
22.74 0.029865634360278
22.75 0.033677790737062
22.76 0.040238355483825
22.77 0.044582053304288
22.78 0.045358377282904
22.79 0.042280816647996
22.8 0.038328958878987
22.81 0.029407658715406
22.82 0.015566980792808
22.83 0.009992880612013
22.84 0.000459495582617
22.85 -0.001574041518272
22.86 -0.005175730615311
22.87 -0.003598318006096
22.88 -0.003667734493009
22.89 0.001589151002467
22.9 0.005025519580122
22.91 0.010789995320077
22.92 0.013586984844881
22.93 0.020049802402519
22.94 0.024671391955817
22.95 0.024717463318752
22.96 0.012997954395548
22.97 0.005601472704416
22.98 0.000803259916486
22.99 -0.002575740413741
23.0 -0.004184456854611
23.01 -0.002690119650916
23.02 -0.00130113279511
23.03 0.00599803465283
23.04 0.014504062197267
23.05 0.022139665515507
23.06 0.027867397041609
23.07 0.030910256059905
23.08 0.034902073304966
23.09 0.039168028765824
23.1 0.039017090741301
23.11 0.038379209382266
23.12 0.037983241958503
23.13 0.035523516628292
23.14 0.033118242053256
23.15 0.034425858230013
23.16 0.035228911086334
23.17 0.036939070182557
23.18 0.043166268388196
23.19 0.05192733648572
23.2 0.054633090607696
23.21 0.048936080801402
23.22 0.039543771756777
23.23 0.017241027783264
23.24 0.011958955458716
23.25 0.014835013057853
23.26 0.008392544063563
23.27 0.006247798662049
23.28 0.004131984106142
23.29 0.000855410516463
23.3 0.002722484782523
23.31 0.003406524153776
23.32 0.004682326060452
23.33 0.005655752282842
23.34 0.002187449345763
23.35 -0.002727246439967
23.36 -0.01103095134531
23.37 -0.019385536508447
23.38 -0.026502520614801
23.39 -0.026883405105036
23.4 -0.023054634636302
23.41 -0.021320220522883
23.42 -0.018661768480798
23.43 -0.017246254855275
23.44 -0.018269672672711
23.45 -0.019624824227896
23.46 -0.022817602818276
23.47 -0.027455192759872
23.48 -0.032904384804702
23.49 -0.037720359242085
23.5 -0.041155899312599
23.51 -0.039497063807038
23.52 -0.035357318327723
23.53 -0.02155650903673
23.54 -0.008501214939662
23.55 -0.00667020813486
23.56 -0.000400799900978
23.57 0.003887592626966
23.58 0.0057615726729
23.59 0.009122092144874
23.6 0.009094601064384
23.61 0.007943737913085
23.62 0.004856564840639
23.63 0.001599317336751
23.64 8.2175915241e-05
23.65 0.000952630791797
23.66 0.004102190302966
23.67 0.008166428486435
23.68 0.007752198836461
23.69 0.001505324314983
23.7 -0.001535072173476
23.71 0.004952291973123
23.72 0.00846967067205
23.73 0.017197062368798
23.74 0.023332565764141
23.75 0.025538770763661
23.76 0.027268773268325
23.77 0.024749367167785
23.78 0.02050163426804
23.79 0.015581168861682
23.8 0.006395333185354
23.81 -0.003665062929913
23.82 -0.014135252069924
23.83 -0.020063643341839
23.84 -0.01858936761892
23.85 -0.01487158616142
23.86 -0.009441787054373
23.87 -0.004396480970502
23.88 0.001228356342758
23.89 0.003239613090707
23.9 0.00556976256464
23.91 0.002770881616293
23.92 -0.003334740848127
23.93 -0.011318813954728
23.94 -0.020830562790757
23.95 -0.029455830677745
23.96 -0.03438808842487
23.97 -0.034972455569468
23.98 -0.032423803675269
23.99 -0.031029140454304
24.0 -0.027613624263311
24.01 -0.023227603696804
24.02 -0.020306086506276
24.03 -0.016898979900606
24.04 -0.015286958917588
24.05 -0.011709842037303
24.06 -0.009191759616216
24.07 -0.006449523590514
24.08 -0.005555130579472
24.09 -0.004915318964712
24.1 -0.002582948198832
24.11 -0.002535468265333
24.12 -0.002268538141244
24.13 -0.004946034104757
24.14 -0.007801256924389
24.15 -0.011390968587612
24.16 -0.014044798197134
24.17 -0.017547062924252
24.18 -0.017735296681647
24.19 -0.015003141715982
24.2 -0.008174267662668
24.21 0.000314279284873
24.22 0.00672025280641
24.23 0.011697597751517
24.24 0.011755983315837
24.25 0.010667940415985
24.26 0.007726065761664
24.27 0.00339351222663
24.28 -0.001415193142658
24.29 -0.007333083368258
24.3 -0.01151022913838
24.31 -0.014507068805303
24.32 -0.017232750766858
24.33 -0.020434842768741
24.34 -0.022750746741241
24.35 -0.021612580477593
24.36 -0.02153817623792
24.37 -0.021400325502051
24.38 -0.020770503860747
24.39 -0.020437583305921
24.4 -0.020149410095996
24.41 -0.018419468798913
24.42 -0.011943839291911
24.43 0.001025794422163
24.44 0.005258713291487
24.45 0.010469712933081
24.46 0.009657408866554
24.47 0.006139191857834
24.48 -0.001367473488193
24.49 -0.006937444036077
24.5 -0.010908513561923
24.51 -0.013659275620244
24.52 -0.013907468333533
24.53 -0.012155152524237
24.54 -0.009373630876825
24.55 -0.003176129210892
24.56 0.005553684457996
24.57 0.017838266584263
24.58 0.02173899354022
24.59 0.026318036179073
24.6 0.027333540898745
24.61 0.027584538339738
24.62 0.027598044682108
24.63 0.026697426139039
24.64 0.030175424032513
24.65 0.028905718610367
24.66 0.031168246373696
24.67 0.032725802288508
24.68 0.032685871033982
24.69 0.030071224225742
24.7 0.01947481899968
24.71 -0.011737277424011
24.72 -0.014906250270358
24.73 -0.019801041995447
24.74 -0.020826477485055
24.75 -0.020972529512288
24.76 -0.021023569454094
24.77 -0.019612424271693
24.78 -0.014939095587959
24.79 -0.005728704357004
24.8 0.002577914585569
24.81 0.010542080769578
24.82 0.019050858161435
24.83 0.024420733603427
24.84 0.017057873072526
24.85 -0.005137516511224
24.86 -0.01013290571801
24.87 -0.009508498909334
24.88 -0.013396498019291
24.89 -0.01203392877222
24.9 -0.013752554091127
24.91 -0.014979526348372
24.92 -0.014078582861565
24.93 -0.011791492427773
24.94 -0.005561126852467
 
 
 
 
 
 
 
 
 
 
 
 
 
 
 
 
 
 
 
 
 
 
 
 
 
 
 
 
 
 
 
 
 
 
 
 
 
 
 
 
 
 
 
 
 
 
 
 
 
 
 
 
 
 
 
 
 
 
 
 
 
 
 
 
 
 
 
 
 
 
 
 
 
 
 
 
 
 
 
 
 
 
 
 
 
 
 
 
 
 
 
 
 
 
 
 
 
 
 
 
 
 
 
 
 
 
 
 
 
 
 
 
 
 
 
 
 
 
 
 
 
 
 
 
 
 
 
 
 
 
 
 
 
 
 
 
 
 
 
 
 
 
 
 
 
 
 
 
 
 
 
 
 
 
 
 
 
 
 
 
 
 
 
 
 
 
 
 
 
 
 
 
 
 
 
 
 
 
 
 
 
 
 
 
 
 
 
 
 
 
 
 
 
 
 
 
 
 
 
 
 
 
 
 
 
 
 
 
 
 
 
 
 
 
 
 
 
 
 
 
 
 
 
 
 
 
 
 
 
 
 
 
 
 
 
 
 
 
 
 
 
 
 
 
 
 
 
 
 
 
 
 
 
 
 
 
 
 
 
 
 
 
 
 
 
 
 
 
 
 
 
 
 
 
 
 
 
 
 
 
 
 
 
 
 
 
 
 
 
 
 
 
 
 
 
 
 
 
 
 
 
 
 
 
 
 
 
 
 
 
 
 
 
 
 
 
 
 
 
 
 
 
 
 
 
 
 
 
 
 
 
 
 
 
 
 
 
 
 
 
 
 
 
 
 
 
 
 
 
 
 
 
 
 
 
 
 
 
 
 
 
 
 
 
 
 
 
 
 
 
 
 
 
 
 
 
 
 
 
 
 
 
 
 
 
 
 
 
 
 
 
 
 
 
 
 
 
 
 
 
 
 
 
 
 
 
 
 
 
 
 
 
 
 
 
 
 
 
 
 
 
 
 
 
 
 
 
 
 
 
 
 
 
 
 
 
 
 
 
 
 
 
 
 
 
 
 
 
 
 
 
 
 
 
 
 
 
 
 
 
 
 
 
 
 
 
 
 
 
 
 
 
 
 
 
 
 
 
 
 
 
 
 
 
 
 
 
 
 
 
 
 
 
 
 
 
 
 
 
 
 
 
 
 
 
 
 
 
 
 
 
 
 
 
 
 
 
 
 
 
 
 
 
 
 
 
 
 
 
 
 
 
 
 
 
 
 
 
 
 
 
 
 
 
 
 
 
 
 
 
 
 
 
 
 
 
 
 
 
 
 
 
 
 
 
 
 
 
 
 
 
 
 
 
 
 
 
 
 
 
 
 
 
 
 
 
 
 
 
 
 
 
 
 
 
 
 
 
 
 
 
 
 
 
 
 
 
 
 
 
 
 
 
 
 
 
 
 
 
 
 
 
 
 
 
 
 
 
 
 
 
 
 
 
 
 
 
 
 
 
 
 
 
 
 
 
 
 
 
 
 
 
 
 
 
 
 
 
 
 
 
 
 
 
 
 
 
 
 
 
 
 
 
 
 
 
 
 
 
 
 
 
 
 
 
 
 
 
 
 
 
 
 
 
 
 
 
 
 
 
 
 
 
 
 
 
 
 
 
 
 
 
 
 
 
 
 
 
 
 
 
 
 
 
 
 
 
 
 
 
 
 
 
 
 
 
 
 
 
 
 
 
 
 
 
 
 
 
 
 
 
 
 
 
 
 
 
 
 
 
 
 
 
 
 
 
 
 
 
 
 
 
 
 
 
 
 
 
 
 
 
 
 
 
 
 
 
 
 
 
 
 
 
 
 
 
 
 
 
 
 
 
 
 
 
 
 
 
 
 
 
 
 
 
 
 
 
 
 
 
 
 
 
 
 
 
 
 
 
 
 
 
 
 
 
 
 
 
 
 
 
 
 
 
 
 
 
 
 
 
 
 
 
 
 
 
 
 
 
 
 
 
 
 
 
 
 
 
 
 
 
 
 
 
 
 
 
 
 
 
 
 
 
 
 
 
 
 
 
 
 
 
 
 
 
 
 
 
 
 
 
 
 
 
 
 
 
 
 
 
 
 
 
 
 
 
 
 
 
 
 
 
 
 
 
 
 
 
 
 
 
 
 
 
 
 
 
 
 
 
 
 
 
 
 
 
 
 
 
 
 
 
 
 
 
 
 
 
 
 
 
 
 
 
 
 
 
 
 
 
 
 
 
 
 
 
 
 
 
 
 
 
 
 
 
 
 
 
 
 
 
 
 
 
 
 
 
 
 
 
 
 
 
 
 
 
 
 
 
 
 
 
 
 
 
 
 
 
 
 
 
 
 
 
 
 
 
 
 
 
 
 
 
 
 
 
 
 
 
 
 
 
 
 
 
 
 
 
 
 
 
 
 
 
 
 
 
 
 
 
 
 
 
 
 
 
 
 
 
 
 
 
 
 
 
 
 
 
 
 
 
 
 
 
 
 
 
 
 
 
 
 
 
 
 
 
 
 
 
 
 
 
 
 
 
 
 
 
 
 
 
 
 
 
 
 
 
 
 
 
 
 
 
 
 
 
 
 
 
 
 
 
 
 
 
 
 
 
 
 
 
 
 
 
 
 
 
 
 
 
 
 
 
 
 
 
 
 
 
 
 
 
 
 
 
 
 
 
 
 
 
 
 
 
 
 
 
 
 
 
 
 
 
 
 
 
 
 
 
 
 
 
 
 
 
 
 
 
 
 
 
 
 
 
 
 
 
 
 
 
 
 
 
 
 
 
 
 
 
 
 
 
 
 
 
 
 
 
 
 
 
 
 
 
 
 
 
 
 
 
 
 
 
 
 
 
 
 
 
 
 
 
 
 
 
 
 
 
 
 
 
 
 
 
 
 
 
 
 
 
 
 
 
 
 
 
 
 
 
 
 
 
 
 
 
 
 
 
 
 
 
 
 
 
 
 
 
 
 
 
 
 
 
 
 
 
 
 
 
 
 
 
 
 
 
 
 
 
 
 
 
 
 
 
 
 
 
 
 
 
 
 
 
 
 
 
 
 
 
 
 
 
 
 
 
 
 
 
 
 
 
 
 
 
 
 
 
 
 
 
 
 
 
 
 
 
 
 
 
 
 
 
 
 
 
 
 
 
 
 
 
 
 
 
 
 
 
 
 
 
 
 
 
 
 
 
 
 
 
 
 
 
 
 
 
 
 
 
 
 
 
 
 
 
 
 
 
 
 
 
 
 
 
 
 
 
 
 
 
 
 
 
 
 
 
 
 
 
 
 
 
 
 
 
 
 
 
 
 
 
 
 
 
 
 
 
 
 
 
 
 
 
 
 
 
 
 
 
 
 
 
 
 
 
 
 
 
 
 
 
 
 
 
 
 
 
 
 
 
 
 
 
 
 
 
 
 
 
 
 
 
 
 
 
 
 
 
 
 
 
 
 
 
 
 
 
 
 
 
 
 
 
 
 
 
 
 
 
 
 
 
 
 
 
 
 
 
 
 
 
 
 
 
 
 
 
 
 
 
 
 
 
 
 
 
 
 
 
 
 
 
 
 
 
 
 
 
 
 
 
 
 
 
 
 
 
 
 
 
 
 
 
 
 
 
 
 
 
 
 
 
 
 
 
 
 
 
 
 
 
 
 
 
 
 
 
 
 
 
 
 
 
 
 
 
 
 
 
 
 
 
 
 
 
 
 
 
 
 
 
 
 
 
 
 
 
 
 
 
 
 
 
 
 
 
 
 
 
 
 
 
 
 
 
 
 
 
 
 
 
 
 
 
 
 
 
 
 
 
 
 
 
 
 
 
 
 
 
 
 
 
 
 
 
 
 
 
 
 
 
 
 
 
 
 
 
 
 
 
 
 
 
 
 
 
 
 
 
 
 
 
 
 
 
 
 
 
 
 
 
 
 
 
 
 
 
 
 
 
 
 
 
 
 
 
 
 
 
 
 
 
 
 
 
 
 
 
 
 
 
 
 
 
 
 
 
 
 
 
 
 
 
 
 
 
 
 
 
 
 
 
 
 
 
 
 
 
 
 
 
 
 
 
 
 
 
 
 
 
 
 
 
 
 
 
 
 
 
 
 
 
 
 
 
 
 
 
 
 
 
 
 
 
 
 
 
 
 
 
 
 
 
 
 
 
 
 
 
 
 
 
 
 
 
 
 
 
 
 
 
 
 
 
 
 
 
 
 
 
 
 
 
 
 
 
 
 
 
 
 
 
 
 
 
 
 
 
 
 
 
 
 
 
 
 
 
 
 
 
 
 
 
 
 
 
 
 
 
 
 
 
 
 
 
 
 
 
 
 
 
 
 
 
 
 
 
 
 
 
 
 
 
 
 
 
 
 
 
 
 
 
 
 
 
 
 
 
 
 
 
 
 
 
 
 
 
 
 
 
 
 
 
 
 
 
 
 
 
 
 
 
 
 
 
 
 
 
 
 
 
 
 
 
 
 
 
 
 
 
 
 
 
 
 
 
 
 
 
 
 
 
 
 
 
 
 
 
 
 
 
 
 
 
 
 
 
 
 
 
 
 
 
 
 
 
 
 
 
 
 
 
 
 
 
 
 
 
 
 
 
 
 
 
 
 
 
 
 
 
 
 
 
 
 
 
 
 
 
 
 
 
 
 
 
 
 
 
 
 
 
 
 
 
 
 
 
 
 
 
 
 
 
 
 
 
 
 
 
 
 
 
 
 
 
 
 
 
 
 
 
 
 
 
 
 
 
 
 
 
 
 
 
 
 
 
 
 
 
 
 
 
 
 
 
 
 
 
 
 
 
 
 
 
 
 
 
 
 
 
 
 
 
 
 
 
 
 
 
 
 
 
 
 
 
 
 
 
 
 
 
 
 
 
 
 
 
 
 
 
 
 
 
 
 
 
 
 
 
 
 
 
 
 
 
 
 
 
 
 
 
 
 
 
 
 
 
 
 
 
 
 
 
 
 
 
 
 
 
 
 
 
 
 
 
 
 
 
 
 
 
 
 
 
 
 
 
 
 
 
 
 
 
 
 
 
 
 
 
 
 
 
 
 
 
 
 
 
 
 
 
 
 
 
 
 
 
 
 
 
 
 
 
 
 
 
 
 
 
 
 
 
 
 
 
 
 
 
 
 
 
 
 
 
 
 
 
 
 
 
 
 
 
 
 
 
 
 
 
 
 
 
 
 
 
 
 
 
 
 
 
 
 
 
 
 
 
 
 
 
 
 
 
 
 
 
 
 
 
 
 
 
 
 
 
 
 
 
 
 
 
 
 
 
 
 
 
 
 
 
 
 
 
 
 
 
 
 
 
 
 
 
 
 
 
 
 
 
 
 
 
 
 
 
 
 
 
 
 
 
 
 
 
 
 
 
 
 
 
 
 
 
 
 
 
 
 
 
 
 
 
 
 
 
 
 
 
 
 
 
 
 
 
 
 
 
 
 
 
 
 
 
 
 
 
 
 
 
 
 
 
 
 
 
 
 
 
 
 
 
 
 
 
 
 
 
 
 
 
 
 
 
 
 
 
 
 
 
 
 
 
 
 
 
 
 
 
 
 
 
 
 
 
 
 
 
 
 
 
 
 
 
 
 
 
 
 
 
 
 
 
 
 
 
 
 
 
 
 
 
 
 
 
 
 
 
 
 
 
 
 
 
 
 
 
 
 
 
 
 
 
 
 
 
 
 
 
 
 
 
 
 
 
 
 
 
 
 
 
 
 
 
 
 
 
 
 
 
 
 
 
 
 
 
 
 
 
 
 
 
 
 
 
 
 
 
 
 
 
 
 
 
 
 
 
 
 
 
 
 
 
 
 
 
 
 
 
 
 
 
 
 
 
 
 
 
 
 
 
 
 
 
 
 
 
 
 
 
 
 
 
 
 
 
 
 
 
 
 
 
 
 
 
 
 
 
 
 
 
 
 
 
 
 
 
 
 
 
 
 
 
 
 
 
 
 
 
 
 
 
 
 
 
 
 
 
 
 
 
 
 
 
 
 
 
 
 
 
 
 
 
 
 
 
 
 
 
 
 
 
 
 
 
 
 
 
 
 
 
 
 
 
 
 
 
 
 
 
 
 
 
 
 
 
 
 
 
 
 
 
 
 
 
 
 
 
 
 
 
 
 
 
 
 
 
 
 
 
 
 
 
 
 
 
 
 
 
 
 
 
 
 
 
 
 
 
 
 
 
 
 
 
 
 
 
 
 
 
 
 
 
 
 
 
 
 
 
 
 
 
 
 
 
 
 
 
 
 
 
 
 
 
 
 
 
 
 
 
 
 
 
 
 
 
 
 
 
 
 
 
 
 
 
 
 
 
 
 
 
 
 
 
 
 
 
 
 
 
 
 
 
 
 
 
 
 
 
 
 
 
 
 
 
 
 
 
 
 
 
 
 
 
 
 
 
 
 
 
 
 
 
 
 
 
 
 
 
 
 
 
 
 
 
 
 
 
 
 
 
 
 
 
 
 
 
 
 
 
 
 
 
 
 
 
 
 
 
 
 
 
 
 
 
 
 
 
 
 
 
 
 
 
 
 
 
 
 
 
 
 
 
 
 
 
 
 
 
 
 
 
 
 
 
 
 
 
 
 
 
 
 
 
 
 
 
 
 
 
 
 
 
 
 
 
 
 
 
 
 
 
 
 
 
 
 
 
 
 
 
 
 
 
 
 
 
 
 
 
 
 
 
 
 
 
 
 
 
 
 
 
 
 
 
 
 
 
 
 
 
 
 
 
 
 
 
 
 
 
 
 
 
 
 
 
 
 
 
 
 
 
 
 
 
 
 
 
 
 
 
 
 
 
 
 
 
 
 
 
 
 
 
 
 
 
 
 
 
 
 
 
 
 
 
 
 
 
 
 
 
 
 
 
 
 
 
 
 
 
 
 
 
 
 
 
 
 
 
 
 
 
 
 
 
 
 
 
 
 
 
 
 
 
 
 
 
 
 
 
 
 
 
 
 
 
 
 
 
 
 
 
 
 
 
 
 
 
 
 
 
 
 
 
 
 
 
 
 
 
 
 
 
 
 
 
 
 
 
 
 
 
 
 
 
 
 
 
 
 
 
 
 
 
 
 
 
 
 
 
 
 
 
 
 
 
 
 
 
 
 
 
 
 
 
 
 
 
 
 
 
 
 
 
 
 
 
 
 
 
 
 
 
 
 
 
 
 
 
 
 
 
 
 
 
 
 
 
 
 
 
 
 
 
 
 
 
 
 
 
 
 
 
 
 
 
 
 
 
 
 
 
 
 
 
 
 
 
 
 
 
 
 
 
 
 
 
 
 
 
 
 
 
 
 
 
 
 
 
 
 
 
 
 
 
 
 
 
 
 
 
 
 
 
 
 
 
 
 
 
 
 
 
 
 
 
 
 
 
 
 
 
 
 
 
 
 
 
 
 
 
 
 
 
 
 
 
 
 
 
 
 
 
 
 
 
 
 
 
 
 
 
 
 
 
 
 
 
 
 
 
 
 
 
 
 
 
 
 
 
 
 
 
 
 
 
 
 
 
 
 
 
 
 
 
 
 
 
 
 
 
 
 
 
 
 
 
 
 
 
 
 
 
 
 
 
 
 
 
 
 
 
 
 
 
 
 
 
 
 
 
 
 
 
 
 
 
 
 
 
 
 
 
 
 
 
 
 
 
 
 
 
 
 
 
 
 
 
 
 
 
 
 
 
 
 
 
 
 
 
 
 
 
 
 
 
 
 
 
 
 
 
 
 
 
 
 
 
 
 
 
 
 
 
 
 
 
 
 
 
 
 
 
 
 
 
 
 
 
 
 
 
 
 
 
 
 
 
 
 
 
 
 
 
 
 
 
 
 
 
 
 
 
 
 
 
 
 
 
 
 
 
 
 
 
 
 
 
 
 
 
 
 
 
 
 
 
 
 
 
 
 
 
 
 
 
 
 
 
 
 
 
 
 
 
 
 
 
 
 
 
 
 
 
 
 
 
 
 
 
 
 
 
 
 
 
 
 
 
 
 
 
 
 
 
 
 
 
 
 
 
 
 
 
 
 
 
 
 
 
 
 
 
 
 
 
 
 
 
 
 
 
 
 
 
 
 
 
 
 
 
 
 
 
 
 
 
 
 
 
 
 
 
 
 
 
 
 
 
 
 
 
 
 
 
 
 
 
 
 
 
 
 
 
 
 
 
 
 
 
 
 
 
 
 
 
 
 
 
 
 
 
 
 
 
 
 
 
 
 
 
 
 
 
 
 
 
 
 
 
 
 
 
 
 
 
 
 
 
 
 
 
 
 
 
 
 
 
 
 
 
 
 
 
 
 
 
 
 
 
 
 
 
 
 
 
 
 
 
 
 
 
 
 
 
 
 
 
 
 
 
 
 
 
 
 
 
 
 
 
 
 
 
 
 
 
 
 
 
 
 
 
 
 
 
 
 
 
 
 
 
 
 
 
 
 
 
 
 
 
 
 
 
 
 
 
 
 
 
 
 
 
 
 
 
 
 
 
 
 
 
 
 
 
 
 
 
 
 
 
 
 
 
 
 
 
 
 
 
 
 
 
 
 
 
 
 
 
 
 
 
 
 
 
 
 
 
 
 
 
 
 
 
 
 
 
 
 
 
 
 
 
 
 
 
 
 
 
 
 
 
 
 
 
 
 
 
 
 
 
 
 
 
 
 
 
 
 
 
 
 
 
 
 
 
 
 
 
 
 
 
 
 
 
 
 
 
 
 
 
 
 
 
 
 
 
 
 
 
 
 
 
 
 
 
 
 
 
 
 
 
 
 
 
 
 
 
 
 
 
 
 
 
 
 
 
 
 
 
 
 
 
 
 
 
 
 
 
 
 
 
 
 
 
 
 
 
 
 
 
 
 
 
 
 
 
 
 
 
 
 
 
 
 
 
 
 
 
 
 
 
 
 
 
 
 
 
 
 
 
 
 
 
 
 
 
 
 
 
 
 
 
 
 
 
 
 
 
 
 
 
 
 
 
 
 
 
 
 
 
 
 
 
 
 
 
 
 
 
 
 
 
 
 
 
 
 
 
 
 
 
 
 
 
 
 
 
 
 
 
 
 
 
 
 
 
 
 
 
 
 
 
 
 
 
 
 
 
 
 
 
 
 
 
 
 
 
 
 
 
 
 
 
 
 
 
 
 
 
 
 
 
 
 
 
 
 
 
 
 
 
 
 
 
 
 
 
 
 
 
 
 
 
 
 
 
 
 
 
 
 
 
 
 
 
 
 
 
 
 
 
 
 
 
 
 
 
 
 
 
 
 
 
 
 
 
 
 
 
 
 
 
 
 
 
 
 
 
 
 
 
 
 
 
 
 
 
 
 
 
 
 
 
 
 
 
 
 
 
 
 
 
 
 
 
 
 
 
 
 
 
 
 
 
 
 
 
 
 
 
 
 
 
 
 
 
 
 
 
 
 
 
 
 
 
 
 
 
 
 
 
 
 
 
 
 
 
 
 
 
 
 
 
 
 
 
 
 
 
 
 
 
 
 
 
 
 
 
 
 
 
 
 
 
 
 
 
 
 
 
 
 
 
 
 
 
 
 
 
 
 
 
 
 
 
 
 
 
 
 
 
 
 
 
 
 
 
 
 
 
 
 
 
 
 
 
 
 
 
 
 
 
 
 
 
 
 
 
 
 
 
 
 
 
 
 
 
 
 
 
 
 
 
 
 
 
 
 
 
 
 
 
 
 
 
 
 
 
 
 
 
 
 
 
 
 
 
 
 
 
 
 
 
 
 
 
 
 
 
 
 
 
 
 
 
 
 
 
 
 
 
 
 
 
 
 
 
 
 
 
 
 
 
 
 
 
 
 
 
 
 
 
 
 
 
 
 
 
 
 
 
 
 
 
 
 
 
 
 
 
 
 
 
 
 
 
 
 
 
 
 
 
 
 
 
 
 
 
 
 
 
 
 
 
 
 
 
 
 
 
 
 
 
 
 
 
 
 
 
 
 
 
 
 
 
 
 
 
 
 
 
 
 
 
 
 
 
 
 
 
 
 
 
 
 
 
 
 
 
 
 
 
 
 
 
 
 
 
 
 
 
 
 
 
 
 
 
 
 
 
 
 
 
 
 
 
 
 
 
 
 
 
 
 
 
 
 
 
 
 
 
 
 
 
 
 
 
 
 
 
 
 
 
 
 
 
 
 
 
 
 
 
 
 
 
 
 
 
 
 
 
 
 
 
 
 
 
 
 
 
 
 
 
 
 
 
 
 
 
 
 
 
 
 
 
 
 
 
 
 
 
 
 
 
 
 
 
 
 
 
 
 
 
 
 
 
 
 
 
 
 
 
 
 
 
 
 
 
 
 
 
 
 
 
 
 
 
 
 
 
 
 
 
 
 
 
 
 
 
 
 
 
 
 
 
 
 
 
 
 
 
 
 
 
 
 
 
 
 
 
 
 
 
 
 
 
 
 
 
 
 
 
 
 
 
 
 
 
 
 
 
 
 
 
 
 
 
 
 
 
 
 
 
 
 
 
 
 
 
 
 
 
 
 
 
 
 
 
 
 
 
 
 
 
 
 
 
 
 
 
 
 
 
 
 
 
 
 
 
 
 
 
 
 
 
 
 
 
 
 
 
 
 
 
 
 
 
 
 
 
 
 
 
 
 
 
 
 
 
 
 
 
 
 
 
 
 
 
 
 
 
 
 
 
 
 
 
 
 
 
 
 
 
 
 
 
 
 
 
 
 
 
 
 
 
 
 
 
 
 
 
 
 
 
 
 
 
 
 
 
 
 
 
 
 
 
 
 
 
 
 
 
 
 
 
 
 
 
 
 
 
 
 
 
 
 
 
 
 
 
 
 
 
 
 
 
 
 
 
 
 
 
 
 
 
 
 
 
 
 
 
 
 
 
 
 
 
 
 
 
 
 
 
 
 
 
 
 
 
 
 
 
 
 
 
 
 
 
 
 
 
 
 
 
 
 
 
 
 
 
 
 
 
 
 
 
 
 
 
 
 
 
 
 
 
 
 
 
 
 
 
 
 
 
 
 
 
 
 
 
 
 
 
 
 
 
 
 
 
 
 
 
 
 
 
 
 
 
 
 
 
 
 
 
 
 
 
 
 
 
 
 
 
 
 
 
 
 
 
 
 
 
 
 
 
 
 
 
 
 
 
 
 
 
 
 
 
 
 
 
 
 
 
 
 
 
 
 
 
 
 
 
 
 
 
 
 
 
 
 
 
 
 
 
 
 
 
 
 
 
 
 
 
 
 
 
 
 
 
 
 
 
 
 
 
 
 
 
 
 
 
 
 
 
 
 
 
 
 
 
 
 
 
 
 
 
 
 
 
 
 
 
 
 
 
 
 
 
 
 
 
 
 
 
 
 
 
 
 
 
 
 
 
 
 
 
 
 
 
 
 
 
 
 
 
 
 
 
 
 
 
 
 
 
 
 
 
 
 
 
 
 
 
 
 
 
 
 
 
 
 
 
 
 
 
 
 
 
 
 
 
 
 
 
 
 
 
 
 
 
 
 
 
 
 
 
 
 
 
 
 
 
 
 
 
 
 
 
 
 
 
 
 
 
 
 
 
 
 
 
 
 
 
 
 
 
 
 
 
 
 
 
 
 
 
 
 
 
 
 
 
 
 
 
 
 
 
 
 
 
 
 
 
 
 
 
 
 
 
 
 
 
 
 
 
 
 
 
 
 
 
 
 
 
 
 
 
 
 
 
 
 
 
 
 
 
 
 
 
 
 
 
 
 
 
 
 
 
 
 
 
 
 
 
 
 
 
 
 
 
 
 
 
 
 
 
 
 
 
 
 
 
 
 
 
 
 
 
 
 
 
 
 
 
 
 
 
 
 
 
 
 
 
 
 
 
 
 
 
 
 
 
 
 
 
 
 
 
 
 
 
 
 
 
 
 
 
 
 
 
 
 
 
 
 
 
 
 
 
 
 
 
 
 
 
 
 
 
 
 
 
 
 
 
 
 
 
 
 
 
 
 
 
 
 
 
 
 
 
 
 
 
 
 
 
 
 
 
 
 
 
 
 
 
 
 
 
 
 
 
 
 
 
 
 
 
 
 
 
 
 
 
 
 
 
 
 
 
 
 
 
 
 
 
 
 
 
 
 
 
 
 
 
 
 
 
 
 
 
 
 
 
 
 
 
 
 
 
 
 
 
 
 
 
 
 
 
 
 
 
 
 
 
 
 
 
 
 
 
 
 
 
 
 
 
 
 
 
 
 
 
 
 
 
 
 
 
 
 
 
 
 
 
 
 
 
 
 
 
 
 
 
 
 
 
 
 
 
 
 
 
 
 
 
 
 
 
 
 
 
 
 
 
 
 
 
 
 
 
 
 
 
 
 
 
 
 
 
 
 
 
 
 
 
 
 
 
 
 
 
 
 
 
 
 
 
 
 
 
 
 
 
 
 
 
 
 
 
 
 
 
 
 
 
 
 
 
 
 
 
 
 
 
 
 
 
 
 
 
 
 
 
 
 
 
 
 
 
 
 
 
 
 
 
 
 
 
 
 
 
 
 
 
 
 
 
 
 
 
 
 
 
 
 
 
 
 
 
 
 
 
 
 
 
 
 
 
 
 
 
 
 
 
 
 
 
 
 
 
 
 
 
 
 
 
 
 
 
 
 
 
 
 
 
 
 
 
 
 
 
 
 
 
 
 
 
 
 
 
 
 
 
 
 
 
 
 
 
 
 
 
 
 
 
 
 
 
 
 
 
 
 
 
 
 
 
 
 
 
 
 
 
 
 
 
 
 
 
 
 
 
 
 
 
 
 
 
 
 
 
 
 
 
 
 
 
 
 
 
 
 
 
 
 
 
 
 
 
 
 
 
 
 
 
 
 
 
 
 
 
 
 
 
 
 
 
 
 
 
 
 
 
 
 
 
 
 
 
 
 
