0.0 0.0
0.01 2.3362622e-07
0.02 2.34412819e-07
0.03 2.3589029e-07
0.04 2.37908719e-07
0.05 2.379765e-07
0.06 2.35178251e-07
0.07 2.32971825e-07
0.08 2.41410964e-07
0.09 2.8585257e-07
0.1 3.85354754e-07
0.11 4.66962592e-07
0.12 3.30581644e-07
0.13 -2.53055941e-07
0.14 -1.200173371e-06
0.15 -2.052609897e-06
0.16 -2.717822797e-06
0.17 -3.991344002e-06
0.18 -6.207446685e-06
0.19 -7.651262683e-06
0.2 -6.7750095e-06
0.21 -5.391808326e-06
0.22 -6.249892782e-06
0.23 -8.814949249e-06
0.24 -9.168240829e-06
0.25 -3.99163806e-06
0.26 4.068558045e-06
0.27 9.9584248e-06
0.28 9.281033428e-06
0.29 -3.90086604e-06
0.3 -2.1853254029e-05
0.31 -2.462581428e-05
0.32 -1.2411290009e-05
0.33 1.15190666e-06
0.34 1.3645075e-05
0.35 2.2337062788e-05
0.36 1.4263367069e-05
0.37 -1.6374136064e-05
0.38 -4.8577024381e-05
0.39 -5.109630353e-05
0.4 -2.7077695116e-05
0.41 -7.730827397e-06
0.42 -1.6516584395e-05
0.43 -5.9129648264e-05
0.44 -0.000117217776496
0.45 -0.000140687582522
0.46 -7.969108851e-05
0.47 2.2066899409e-05
0.48 5.7232335272e-05
0.49 2.196796838e-05
0.5 -9.451929651e-06
0.51 -2.0501274707e-05
0.52 -1.7180767394e-05
0.53 -5.538219204e-06
0.54 -3.5292496005e-05
0.55 -9.4123225482e-05
0.56 -9.7011331221e-05
0.57 -4.4035202182e-05
0.58 5.022423083e-06
0.59 3.797767262e-06
0.6 -4.1428158507e-05
0.61 -7.459700145e-05
0.62 -0.000119899132639
0.63 -0.000188986810208
0.64 -0.000168060549298
0.65 -6.1834360096e-05
0.66 1.5540799793e-05
0.67 5.2634054498e-05
0.68 5.4262599668e-05
0.69 -1.411222002e-05
0.7 -0.000132033155277
0.71 -0.000140775483682
0.72 -2.7028358451e-05
0.73 -8.063569152e-06
0.74 -3.0925757975e-05
0.75 6.1610087746e-05
0.76 4.3371110632e-05
0.77 -0.000182400065673
0.78 -0.000243311153596
0.79 -3.2863232358e-05
0.8 3.8613132051e-05
0.81 -0.000195654729632
0.82 -0.000409208593877
0.83 -0.000380005224818
0.84 -0.000345884209442
0.85 -0.000365366555099
0.86 -0.000159448604252
0.87 6.3407373825e-05
0.88 4.099781834e-06
0.89 -6.0636346557e-05
0.9 -3.1582803143e-05
0.91 -0.000219042187734
0.92 -0.000408174344215
0.93 -0.000206789677373
0.94 6.2052934461e-05
0.95 0.000153189619986
0.96 0.000354078411097
0.97 0.000506788148926
0.98 0.000196881287967
0.99 -0.00034879550089
1.0 -0.000569299581966
1.01 -0.000342519300794
1.02 -0.000102011969103
1.03 -0.000103470305431
1.04 -1.9396355141e-05
1.05 0.000100649574263
1.06 3.659095308e-06
1.07 0.000125675294042
1.08 0.000448786563734
1.09 0.000292271797867
1.1 -0.00026379217489
1.11 -0.000467445643864
1.12 -0.000117920462395
1.13 0.000250618444925
1.14 0.000224557940738
1.15 0.000180558098251
1.16 0.000418051450881
1.17 0.000394016795337
1.18 -4.7349191115e-05
1.19 -9.7726111177e-05
1.2 0.000287890791862
1.21 0.00017338342317
1.22 -0.000283579911186
1.23 -0.000148306110783
1.24 0.00042902577482
1.25 0.000608640573883
1.26 0.000362838932171
1.27 0.000215957919441
1.28 0.000292435563466
1.29 -0.000135377227161
1.3 -0.001003593708518
1.31 -0.001091650724602
1.32 -0.000800711694511
1.33 -0.001268986579223
1.34 -0.001725036687174
1.35 -0.001167444037615
1.36 -0.000341820974681
1.37 -0.000200936497514
1.38 -0.000583257569302
1.39 -0.000672607048363
1.4 -0.000615671717779
1.41 -0.001071776744896
1.42 -0.001287854228344
1.43 -0.000331050423473
1.44 0.00046465106195
1.45 0.000167633860377
1.46 -6.6247909399e-05
1.47 1.8644580089e-05
1.48 -0.000224477435825
1.49 -0.000535639717657
1.5 -0.000349876228774
1.51 0.000133862861276
1.52 7.8177121203e-05
1.53 -0.000489297191323
1.54 -6.794103012e-05
1.55 0.001306353913465
1.56 0.002082818557185
1.57 0.002326524963633
1.58 0.002386314292058
1.59 0.001629701549362
1.6 0.000200594453643
1.61 -0.000220641578277
1.62 0.000865816423798
1.63 0.001597812748079
1.64 0.000985658454304
1.65 0.000232475600184
1.66 8.4154817318e-05
1.67 0.000163560045995
1.68 0.00024125331393
1.69 0.000207873713177
1.7 -0.000113684908023
1.71 -0.001011686965397
1.72 -0.002294366863522
1.73 -0.002585672329185
1.74 -0.00144132922885
1.75 -0.00022518753346
1.76 4.1436598329e-05
1.77 -0.000376653677433
1.78 -0.000851101676238
1.79 -0.001412606927165
1.8 -0.0021699704179
1.81 -0.002456501238157
1.82 -0.00223093808792
1.83 -0.00196214663437
1.84 -0.00173462015124
1.85 -0.00104156636458
1.86 -0.000160156934419
1.87 0.000485977196324
1.88 0.000849166899573
1.89 0.001247679424979
1.9 0.001330823861717
1.91 0.000723709405338
1.92 0.00017714827798
1.93 0.000326000635765
1.94 0.000655453337628
1.95 0.001040193377701
1.96 0.002132717594772
1.97 0.002956149326603
1.98 0.002209430784583
1.99 0.000919630253843
2.0 0.000423663067371
2.01 0.000714517821896
2.02 0.001249634110068
2.03 0.001541217355715
2.04 0.000962844716885
2.05 3.1592892805e-05
2.06 -1.6207908539e-05
2.07 0.000429744775799
2.08 0.000314879410824
2.09 6.5069676074e-05
2.1 0.000129995174124
2.11 -0.000293305582405
2.12 -0.001462713954225
2.13 -0.00194786536642
2.14 -0.001545937993809
2.15 -0.001751668794662
2.16 -0.002462763615925
2.17 -0.002146892111502
2.18 -0.001202148576785
2.19 -0.000953200805424
2.2 -0.001030126376824
2.21 -0.000887737753306
2.22 -0.000788740782846
2.23 -0.001018784742997
2.24 -0.000806328181784
2.25 -0.00022221596005
2.26 -0.000624889132804
2.27 -0.001558103625702
2.28 -0.001312963915758
2.29 0.000224668779565
2.3 0.001402499094892
2.31 0.001580816398144
2.32 0.001605384222355
2.33 0.001553162726973
2.34 0.001152853348304
2.35 0.000885306171307
2.36 0.001526704346959
2.37 0.002290691451549
2.38 0.002140056356167
2.39 0.001035246346416
2.4 -1.2274992617e-05
2.41 -2.2099434775e-05
2.42 0.00031636769805
2.43 0.00046411654044
2.44 0.00080575531925
2.45 0.000678090891656
2.46 -0.000484975975297
2.47 -0.001527334513603
2.48 -0.001217175148401
2.49 -0.000369305365313
2.5 0.000314740283188
2.51 0.001101390663324
2.52 0.001491040962509
2.53 0.000738801737215
2.54 -0.000839485799724
2.55 -0.001439971078081
2.56 -0.000578369605821
2.57 0.000308052954907
2.58 0.00057695098029
2.59 0.000821711862889
2.6 0.000733902514123
2.61 -0.000108297698835
2.62 -0.001050122888752
2.63 -0.001318775294329
2.64 -0.000907714410795
2.65 -0.000781651524024
2.66 -0.001560360812582
2.67 -0.002683126834216
2.68 -0.003104359360023
2.69 -0.002501678040814
2.7 -0.001988178091044
2.71 -0.002052332779788
2.72 -0.002218135553241
2.73 -0.00236126085749
2.74 -0.002791915786862
2.75 -0.002670291927993
2.76 -0.000494780871327
2.77 0.001718877865716
2.78 0.002238487520154
2.79 0.002802891657049
2.8 0.004122784735803
2.81 0.004997022984811
2.82 0.005124510445939
2.83 0.004661389752699
2.84 0.002732632326386
2.85 -0.000611726311305
2.86 -0.00216046406771
2.87 -0.001140410327286
2.88 7.9779506054e-05
2.89 0.001053298527176
2.9 0.001720673378266
2.91 0.00121186016824
2.92 -0.000895672064511
2.93 -0.003581805423619
2.94 -0.004881990006763
2.95 -0.005071256960258
2.96 -0.005195868582
2.97 -0.004497241695386
2.98 -0.003026837960901
2.99 -0.003281430401818
3.0 -0.005201930880016
3.01 -0.006113349431202
3.02 -0.006599688040442
3.03 -0.007261520787151
3.04 -0.00749882155528
3.05 -0.008691836732839
3.06 -0.009584415372533
3.07 -0.009755286341579
3.08 -0.005869370163355
3.09 0.000619728090039
3.1 0.005429195109749
3.11 0.007535756583889
3.12 0.007465118154413
3.13 0.00412362169064
3.14 -0.000742879725285
3.15 -0.003059303375488
3.16 -0.000692236437733
3.17 0.00494934823448
3.18 0.008777080155702
3.19 0.009339280813465
3.2 0.007210186706782
3.21 0.001464914339236
3.22 -0.004374233384188
3.23 -0.006301408113993
3.24 -0.005047381105627
3.25 -0.003417823530158
3.26 -0.002220810810314
3.27 -0.001579548791866
3.28 -0.001999207454681
3.29 -0.002154685810354
3.3 -0.000729474624328
3.31 0.001805722669483
3.32 0.002686232687609
3.33 0.001076953534639
3.34 -0.001031066550418
3.35 -0.003451957304622
3.36 -0.005647349223482
3.37 -0.004533186991026
3.38 0.000228117637388
3.39 0.006007583771846
3.4 0.00824635478489
3.41 0.005600006483054
3.42 -0.000152114138419
3.43 -0.005816066591021
3.44 -0.007306100632139
3.45 -0.002907215332606
3.46 0.003260820979266
3.47 0.007021082586844
3.48 0.007436698089653
3.49 0.00338400088391
3.5 -0.002661928362734
3.51 -0.007769418513082
3.52 -0.009078426103003
3.53 -0.007357860570283
3.54 -0.005978478257922
3.55 -0.006693049010989
3.56 -0.007520778029054
3.57 -0.006956796624775
3.58 -0.004349582046029
3.59 0.002225197759577
3.6 0.007702272717971
3.61 0.009357379711254
3.62 0.007423884188854
3.63 0.003065632924217
3.64 0.00053423244407
3.65 0.002743864243241
3.66 0.009114004694195
3.67 0.016447161937656
3.68 0.019529767954162
3.69 0.016654578417024
3.7 0.009409320049344
3.71 0.001701339454826
3.72 -0.003372575288643
3.73 -0.003503292892585
3.74 -0.001811687732238
3.75 -0.001011393707946
3.76 0.001977075982329
3.77 0.0071469869667
3.78 0.010194704145541
3.79 0.009326149795162
3.8 0.008556134831773
3.81 0.0068728385248
3.82 0.001182450953177
3.83 -0.007247410927942
3.84 -0.011471619536565
3.85 -0.006775996912607
3.86 -0.002671893801146
3.87 -0.001273705828307
3.88 0.000330560058442
3.89 -0.001426862351524
3.9 -0.004553601561769
3.91 -0.004341202331793
3.92 0.003905724400833
3.93 0.011608172751009
3.94 0.013119481434132
3.95 0.011684674772773
3.96 0.006729357517056
3.97 0.000122388042408
3.98 -0.005756332584627
3.99 -0.001985867873592
4.0 0.009606106250641
4.01 0.012348848030265
4.02 0.008682594823788
4.03 0.002733682050519
4.04 -0.00439021838411
4.05 -0.010573431324722
4.06 -0.012419463804211
4.07 -0.007079272980003
4.08 -0.000892435750632
4.09 0.000331450659734
4.1 -0.002876200530916
4.11 -0.005928099709248
4.12 -0.006212851553081
4.13 -0.002248526077134
4.14 0.004988031483176
4.15 0.009426700962616
4.16 0.005344242370234
4.17 0.000514409811207
4.18 -0.001711875055819
4.19 0.002328421582116
4.2 0.011287862673113
4.21 0.020138862161264
4.22 0.022846186381826
4.23 0.017539699240431
4.24 0.009295279658338
4.25 0.001297660231243
4.26 -0.00927230637539
4.27 -0.010255937056085
4.28 -0.00191710807158
4.29 0.002028325730464
4.3 0.001798706177579
4.31 0.002457856597697
4.32 -0.000404979609473
4.33 -0.004653600931911
4.34 -0.012798258060289
4.35 -0.01711199087638
4.36 -0.010265001765594
4.37 -0.001396391029506
4.38 0.003275321819834
4.39 0.009827724421835
4.4 0.01279964019126
4.41 0.01445055271007
4.42 0.019013305551873
4.43 0.023504923973359
4.44 0.028059152930721
4.45 0.029888968231945
4.46 0.019675816833744
4.47 -0.004905462026824
4.48 -0.017467102560894
4.49 -0.017073531904947
4.5 -0.018858164317619
4.51 -0.015121099419588
4.52 -0.008569406239214
4.53 -0.002836029125377
4.54 0.012032586639106
4.55 0.016272361345308
4.56 0.01452622019398
4.57 0.024101657684121
4.58 0.020396247841696
4.59 0.023566089181572
4.6 0.02835330695602
4.61 0.037319381659448
4.62 0.049745155439733
4.63 0.060289870205749
4.64 0.032905408516327
4.65 -0.001452663862237
4.66 0.002008272131753
4.67 -0.018923997109269
4.68 -0.020306271342532
4.69 -0.032503705121993
4.7 -0.042053112822944
4.71 -0.05214555362302
4.72 -0.071930282752065
4.73 -0.081575080013814
4.74 -0.077300611574224
4.75 -0.048788527373751
4.76 -0.036263480457454
4.77 -0.018470057047461
4.78 -0.001560904799412
4.79 0.005620838666714
4.8 0.018815107731799
4.81 0.035669399939764
4.82 0.05753142254065
4.83 0.08656188277696
4.84 0.1044612418838
4.85 0.112340594632322
4.86 0.114070515685548
4.87 0.113944332375902
4.88 0.115583608905978
4.89 0.116882128080502
4.9 0.10328799254615
4.91 0.103567723412179
4.92 0.113586962871698
4.93 0.118966394382508
4.94 0.120515268678872
4.95 0.111387175423824
4.96 0.091327969016975
4.97 0.05693042943788
4.98 0.016779150278084
4.99 0.007521246909974
5.0 0.019623130640664
5.01 0.023351671922185
5.02 0.030289814572033
5.03 0.030939192866115
5.04 0.016074585269227
5.05 -0.009867516141237
5.06 -0.034196963251461
5.07 -0.048846902967727
5.08 -0.055264253946425
5.09 -0.040368870331155
5.1 -0.027564278815829
5.11 -0.023296948116047
5.12 -0.024418946747277
5.13 -0.041887409506062
5.14 -0.061056137329634
5.15 -0.075839619827005
5.16 -0.082194706287663
5.17 -0.085273337917334
5.18 -0.09763198320535
5.19 -0.101832138942969
5.2 -0.126381545653772
5.21 -0.137595218252091
5.22 -0.151004238475681
5.23 -0.150656631851473
5.24 -0.139333204351702
5.25 -0.125282461036636
5.26 -0.116237680997317
5.27 -0.12855706518598
5.28 -0.157668390691911
5.29 -0.163166873111968
5.3 -0.182822009917045
5.31 -0.161069882029434
5.32 -0.083123649479977
5.33 -0.045341440257758
5.34 -0.048011496322882
5.35 -0.01490392162106
5.36 -0.024826246633045
5.37 -0.012586357058488
5.38 -9.2690354803e-05
5.39 0.010430571013385
5.4 0.051567961888378
5.41 0.088496980576856
5.42 0.096735413899547
5.43 0.09438513120514
5.44 0.100969951644096
5.45 0.104971949426682
5.46 0.091304282376008
5.47 0.066014036975314
5.48 0.05126856268058
5.49 0.050574732702635
5.5 0.056807370221088
5.51 0.047472687585354
5.52 0.044174714419126
5.53 0.04290192309389
5.54 0.045415519718871
5.55 0.03621369933333
5.56 0.030655290603737
5.57 0.042539137109474
5.58 0.041478117221443
5.59 0.024096634701094
5.6 -0.008035408935991
5.61 -0.050431387167947
5.62 -0.042690096929425
5.63 -0.032424445847347
5.64 -0.021834167001829
5.65 -0.008537184179773
5.66 -0.035068090614296
5.67 -0.022529904357507
5.68 -0.049583617480663
5.69 -0.080112083129732
5.7 -0.102751007311608
5.71 -0.107905049583026
5.72 -0.10333729093351
5.73 -0.110127594692575
5.74 -0.109682860116355
5.75 -0.126780203926734
5.76 -0.133985115179864
5.77 -0.132704232465063
5.78 -0.147301936080288
5.79 -0.148919940438093
5.8 -0.146988812410464
5.81 -0.147201573310358
5.82 -0.138091270262605
5.83 -0.131557869486635
5.84 -0.090452149747751
5.85 -0.113181073092875
5.86 -0.121749071324347
5.87 -0.128796353527798
5.88 -0.123684014316345
5.89 -0.11412618116817
5.9 -0.077472147421192
5.91 -0.037059944270426
5.92 -0.014903243284989
5.93 -0.014360137142544
5.94 -0.027864079803423
5.95 -0.032202755778259
5.96 -0.052803324692843
5.97 -0.097817326856678
5.98 -0.107528801518302
5.99 -0.071887837735185
6.0 -0.06803124611556
6.01 -0.042197443402824
6.02 -0.00284731884566
6.03 0.027417501336274
6.04 0.00630526422813
6.05 -0.003841725455356
6.06 0.002186659204846
6.07 0.028673179129446
6.08 0.014629329863569
6.09 0.084520919045608
6.1 0.13641158597797
6.11 0.160659181045476
6.12 0.198887579299058
6.13 0.218576651077589
6.14 0.231012593895989
6.15 0.256390084831746
6.16 0.263830885001714
6.17 0.26000719987833
6.18 0.269522703465068
6.19 0.283991807970219
6.2 0.300960871468297
6.21 0.313857981021349
6.22 0.316945304691286
6.23 0.315647384194762
6.24 0.293309393967815
6.25 0.081828105363772
6.26 0.134623491864596
6.27 0.141788067860003
6.28 0.09242675465209
6.29 0.121122664851953
6.3 0.114664324090389
6.31 0.094271147384159
6.32 0.093587790124525
6.33 0.035809272940462
6.34 -0.052899999406394
6.35 -0.069379422206724
6.36 -0.046128435309427
6.37 -0.057454576944425
6.38 -0.060693828075177
6.39 -0.003024220358835
6.4 0.000570574240652
6.41 -0.015492816620165
6.42 0.003539716204494
6.43 -0.018591673218078
6.44 -0.015960927843741
6.45 -0.006639775796373
6.46 0.010399661828878
6.47 0.030064932239945
6.48 0.030775843724359
6.49 0.016963098165548
6.5 0.012158936961125
6.51 0.001631039574945
6.52 -0.022604236910782
6.53 -0.034949900330929
6.54 -0.044324193543582
6.55 -0.055756905486703
6.56 -0.068642383944781
6.57 -0.062114663827015
6.58 -0.038748938194192
6.59 -0.059470413017155
6.6 -0.127731028161549
6.61 -0.202698994453032
6.62 -0.217170019094793
6.63 -0.170770459635434
6.64 -0.073979847237725
6.65 0.063968397264506
6.66 -0.003915643844689
6.67 0.059711927828311
6.68 0.028873484380054
6.69 -0.004368915360969
6.7 -0.008521582198068
6.71 -0.063948626380384
6.72 -0.079330854713773
6.73 -0.053286237061196
6.74 0.014473361346059
6.75 -0.027902624960882
6.76 0.025985997133016
6.77 0.027316218396382
6.78 0.039452112512613
6.79 0.071107907156324
6.8 0.06636368328027
6.81 0.043743882332122
6.82 0.032911930088546
6.83 0.059585080733523
6.84 0.044862115311705
6.85 0.030201794445091
6.86 0.064546980987004
6.87 0.146267786416332
6.88 0.141532964596526
6.89 0.189618330600008
6.9 0.210071722549896
6.91 0.203747001212886
6.92 0.229822873733598
6.93 0.2086943538594
6.94 0.188024580250722
6.95 0.199889016471182
6.96 0.200100983503018
6.97 0.208687342119132
6.98 0.222372846175666
6.99 0.206974625227778
7.0 0.159877543539971
7.01 0.165229739165553
7.02 0.173548531410392
7.03 0.166078276541117
7.04 0.183042115846932
7.05 0.166159704706666
7.06 0.161522713075015
7.07 0.136364646191498
7.08 0.085606388957277
7.09 0.082747146403149
7.1 0.082741907315261
7.11 0.073094103620205
7.12 0.062619156505434
7.13 0.029094281136563
7.14 -0.054898927408665
7.15 -0.073769419354781
7.16 -0.106635582174652
7.17 -0.140236158306372
7.18 -0.170965242006444
7.19 -0.217463654791753
7.2 -0.241223665452231
7.21 -0.268399825234192
7.22 -0.305742951936261
7.23 -0.356498475118138
7.24 -0.426628768302076
7.25 -0.478766280486036
7.26 -0.501751159205543
7.27 -0.50688423585727
7.28 -0.504012295827946
7.29 -0.492498216968943
7.3 -0.486181861436572
7.31 -0.492892469246583
7.32 -0.502235759915113
7.33 -0.496989875182726
7.34 -0.307105390530324
7.35 -0.190430224072644
7.36 -0.335717307003995
7.37 -0.277845986812151
7.38 -0.237565361139072
7.39 -0.258055094104858
7.4 -0.225129755896852
7.41 -0.186037610892654
7.42 -0.161367048504783
7.43 -0.092288134698713
7.44 0.012012243127591
7.45 0.090575788540097
7.46 0.117557284999383
7.47 0.128878047621124
7.48 0.168319707515861
7.49 0.214888337793632
7.5 0.226895565530151
7.51 0.21881988353796
7.52 0.223473947930705
7.53 0.234594115484596
7.54 0.236291636682616
7.55 0.239502011328015
7.56 0.258551345122989
7.57 0.285886618965883
7.58 0.309545552522409
7.59 0.330282978049319
7.6 0.349874522720289
7.61 0.360604699300498
7.62 0.352338729785936
7.63 0.332649752927783
7.64 0.30951195390471
7.65 0.290699202528374
7.66 0.263260831009793
7.67 0.226042440137053
7.68 0.144969112797057
7.69 0.117810240709246
7.7 0.124171773666204
7.71 0.103020270475962
7.72 0.065668629653841
7.73 0.02527642499788
7.74 -0.012859749469136
7.75 -0.04844766864451
7.76 -0.087880968749681
7.77 -0.1289430731344
7.78 -0.160492073748028
7.79 -0.175782433325988
7.8 -0.177749276277959
7.81 -0.17418775892049
7.82 -0.173916353684992
7.83 -0.174668939515057
7.84 -0.168849887309919
7.85 -0.159821811628656
7.86 -0.173390515766767
7.87 -0.189616153350974
7.88 -0.20738445599025
7.89 -0.215801798677979
7.9 -0.215978371336112
7.91 -0.186307703744854
7.92 -0.154080895984422
7.93 -0.104160710308382
7.94 -0.083242964927244
7.95 -0.066695308683712
7.96 -0.065855343888961
7.97 -0.095785368135986
7.98 -0.12702628320695
7.99 -0.221196925548132
8.0 -0.196464827918893
8.01 -0.230506093994759
8.02 -0.219701798087831
8.03 -0.21258117519194
8.04 -0.195310280926198
8.05 -0.194433434304908
8.06 -0.167917633172012
8.07 -0.170259337991213
8.08 -0.248967016231692
8.09 -0.321074708757845
8.1 -0.395397949569378
8.11 -0.414590442220497
8.12 -0.351936352803188
8.13 -0.329583373723955
8.14 -0.161657857680711
8.15 -0.054024810331333
8.16 -0.078561158776872
8.17 -0.049914799731239
8.18 -0.097907160741722
8.19 -0.056471408330311
8.2 -0.03099955495219
8.21 -0.049411582408647
8.22 -0.002665132887413
8.23 0.104412173605349
8.24 0.20825164447889
8.25 0.261595938876664
8.26 0.263271751170804
8.27 0.302022090339619
8.28 0.355039069868242
8.29 0.359572688684178
8.3 0.37679120059242
8.31 0.402850618905552
8.32 0.408476194775675
8.33 0.412777639818372
8.34 0.431945285993045
8.35 0.442550056883552
8.36 0.449058277222096
8.37 0.472059863825056
8.38 0.495424471700562
8.39 0.505698108497368
8.4 0.514948877919322
8.41 0.525954539634722
8.42 0.526926974490757
8.43 0.541474875965326
8.44 0.51538266249315
8.45 0.468710303466498
8.46 0.421621487538679
8.47 0.279653566481415
8.48 0.223582069154778
8.49 0.22321101439795
8.5 0.218015401231417
8.51 0.170546058498637
8.52 0.117233693966463
8.53 0.096535758587446
8.54 0.054257236472423
8.55 -0.015566503866219
8.56 -0.084894394657465
8.57 -0.145328185150641
8.58 -0.18644647169565
8.59 -0.208680413295464
8.6 -0.226553729688143
8.61 -0.247935179112789
8.62 -0.277231080780924
8.63 -0.313232954876417
8.64 -0.344531136098782
8.65 -0.368617763257668
8.66 -0.396460360371758
8.67 -0.430193384219813
8.68 -0.45840460634853
8.69 -0.474464687221998
8.7 -0.482800300891005
8.71 -0.487649426442829
8.72 -0.487144110381432
8.73 -0.480241159759382
8.74 -0.46831934259844
8.75 -0.45564683181312
8.76 -0.444954870032998
8.77 -0.410141636310056
8.78 -0.367142232673206
8.79 -0.319048456565309
8.8 -0.264013870123765
8.81 -0.213747867441201
8.82 -0.192407637059289
8.83 -0.172407233690998
8.84 -0.136190339098251
8.85 -0.08891492492511
8.86 -0.041265601699987
8.87 -0.000885222424024
8.88 0.037001670973854
8.89 0.078863403316782
8.9 0.119242024586659
8.91 0.14935324250203
8.92 0.167807949216058
8.93 0.177951930840628
8.94 0.183047768404032
8.95 0.187032202102905
8.96 0.193563680854261
8.97 0.201874756236981
8.98 0.208677040782746
8.99 0.222526555007523
9.0 0.238637067553469
9.01 0.255006967570077
9.02 0.2782593718458
9.03 0.280439063286812
9.04 0.288989220734156
9.05 0.27207125745906
9.06 0.257008896587849
9.07 0.220530758626634
9.08 0.260161902390619
9.09 0.288854076718668
9.1 0.268290148620654
9.11 0.264226611381744
9.12 0.27552813260913
9.13 0.239068376886503
9.14 0.269568719523482
9.15 0.24794758925545
9.16 0.257699091997336
9.17 0.271985716596454
9.18 0.265617005763667
9.19 0.176202577494407
9.2 0.079215879032777
9.21 0.06375854428882
9.22 0.085723407842994
9.23 0.05290908101824
9.24 0.015909846732408
9.25 0.015413605883087
9.26 -0.017439266639563
9.27 -0.06739669272045
9.28 -0.114774007827703
9.29 -0.179181341935104
9.3 -0.223089400330042
9.31 -0.228126728641802
9.32 -0.239565843726147
9.33 -0.266962331005062
9.34 -0.283470137805331
9.35 -0.284662126438343
9.36 -0.280284015155539
9.37 -0.27700428315491
9.38 -0.273389948443941
9.39 -0.253975100882973
9.4 -0.227662713659828
9.41 -0.254586117806401
9.42 -0.277836852029646
9.43 -0.300540707266053
9.44 -0.319461628878533
9.45 -0.331321127124635
9.46 -0.348213506859023
9.47 -0.328025746180236
9.48 -0.301051088117201
9.49 -0.313171448760761
9.5 -0.307909987098165
9.51 -0.27865069248264
9.52 -0.2533653554512
9.53 -0.300141973576098
9.54 -0.372326115847902
9.55 -0.349802749720059
9.56 -0.114779097616232
9.57 -0.194463914123834
9.58 -0.126676940527658
9.59 -0.131467994169284
9.6 -0.072572000690144
9.61 -0.03892173920534
9.62 -0.037210783218709
9.63 -0.00591673344214
9.64 0.061395272362974
9.65 0.155751437879832
9.66 0.23431379998216
9.67 0.263849231230045
9.68 0.284364585804381
9.69 0.33463935358206
9.7 0.373035606049414
9.71 0.388417471945174
9.72 0.412001360917246
9.73 0.437426039354653
9.74 0.444751515514419
9.75 0.449396888060732
9.76 0.459151876529187
9.77 0.46368612528481
9.78 0.459893015925068
9.79 0.461396432787669
9.8 0.458496360562884
9.81 0.414646626402726
9.82 0.324740510625159
9.83 0.290115842920217
9.84 0.297470252907926
9.85 0.285669140488747
9.86 0.25624722349543
9.87 0.230491576120096
9.88 0.204138873772032
9.89 0.166353636910216
9.9 0.126964595505787
9.91 0.086939388344076
9.92 0.042983354999181
9.93 0.01025450798923
9.94 -0.006430418103308
9.95 -0.024209048530884
9.96 -0.049424186049987
9.97 -0.076773866530904
9.98 -0.107519310912679
9.99 -0.141572988613275
10.0 -0.171731314093388
10.01 -0.191777254099343
10.02 -0.202225737799752
10.03 -0.211068098703708
10.04 -0.223716065217208
10.05 -0.234041172024469
10.06 -0.235035261339005
10.07 -0.228190334398816
10.08 -0.216688323958288
10.09 -0.201847201994525
10.1 -0.186884378111109
10.11 -0.15601445999621
10.12 -0.138530316379156
10.13 -0.171208968262687
10.14 -0.187372498570826
10.15 -0.198276777722809
10.16 -0.20344255679922
10.17 -0.20482548500343
10.18 -0.19139981529061
10.19 -0.149984601269069
10.2 -0.066339708305628
10.21 -0.014259148041668
10.22 0.071122219154394
10.23 0.068481181938474
10.24 0.058596206293855
10.25 0.078279544932328
10.26 0.084903893977081
10.27 0.105993044351301
10.28 0.108951848911375
10.29 0.144288698151067
10.3 0.192434884485205
10.31 0.212359494322356
10.32 0.235008917888536
10.33 0.26907255753743
10.34 0.273939967670561
10.35 0.231754435520631
10.36 -0.059861180748567
10.37 0.018402098130882
10.38 0.024205538812535
10.39 -0.015975938897376
10.4 0.062715470948568
10.41 0.038232499000102
10.42 0.021053165369504
10.43 0.050467335479333
10.44 0.014526890934968
10.45 -0.06542010057832
10.46 -0.111720062634502
10.47 -0.067858556850285
10.48 -0.015477118318875
10.49 -0.03694186226879
10.5 0.00291579425618
10.51 -0.004163561955219
10.52 -0.008445162409267
10.53 0.008085470208932
10.54 -0.003458381792447
10.55 0.011977394356558
10.56 0.062782125959539
10.57 0.102881478872062
10.58 0.087667660242313
10.59 0.045381045077361
10.6 0.041255477928193
10.61 0.01027180363607
10.62 -0.020411027033344
10.63 -0.031018410042464
10.64 -0.040100371562047
10.65 -0.051619064912697
10.66 -0.060534815069969
10.67 -0.09624370134707
10.68 -0.125848066206452
10.69 -0.130437678692546
10.7 -0.130326289216327
10.71 -0.183415346618428
10.72 -0.273361664625014
10.73 -0.277471850109508
10.74 -0.213326296851172
10.75 -0.175353570226138
10.76 -0.027111036115218
10.77 -0.078680406811077
10.78 -0.041761634175315
10.79 -0.062612366590694
10.8 -0.087904626668226
10.81 -0.129590197189971
10.82 -0.188527597961939
10.83 -0.181777278175794
10.84 -0.114649631746627
10.85 -0.038844614849266
10.86 -0.125369326698328
10.87 -0.090135061078974
10.88 -0.138530486609649
10.89 -0.140448392430369
10.9 -0.168809766515077
10.91 -0.17635642140993
10.92 -0.190886556615208
10.93 -0.187473726652057
10.94 -0.186200598429746
10.95 -0.182441342666258
10.96 -0.164448867140684
10.97 -0.087429873742746
10.98 -0.070904510088655
10.99 -0.072175322979093
11.0 -0.048433606820314
11.01 -0.048433010722137
11.02 -0.017700768708437
11.03 0.012327264845864
11.04 0.036218520523554
11.05 0.079714663887791
11.06 0.122759325054487
11.07 0.148936526332379
11.08 0.165787308339235
11.09 0.180582222898563
11.1 0.197892263265183
11.11 0.215742172599465
11.12 0.228879847151903
11.13 0.240562532349987
11.14 0.251658676141302
11.15 0.258527109668445
11.16 0.268928694347509
11.17 0.285018154778792
11.18 0.296297845687902
11.19 0.307317323739056
11.2 0.325119004794143
11.21 0.338717803457925
11.22 0.344804577650837
11.23 0.351586728132265
11.24 0.353626196915134
11.25 0.348520562323746
11.26 0.345966625015632
11.27 0.341369397231579
11.28 0.330840999058731
11.29 0.31850415681224
11.3 0.292672402616116
11.31 0.31746714935897
11.32 0.283715191842339
11.33 0.224803780286808
11.34 0.180649637040029
11.35 0.154712431718361
11.36 0.141863772228236
11.37 0.116794881203958
11.38 0.066316869933905
11.39 0.035249734792142
11.4 0.020001694164936
11.41 -0.018859052972999
11.42 -0.077883216919332
11.43 -0.129794215964036
11.44 -0.167977344833228
11.45 -0.200529462713496
11.46 -0.228423462843959
11.47 -0.253762536598287
11.48 -0.282436253482615
11.49 -0.309438927373897
11.5 -0.310412573960996
11.51 -0.317890962247075
11.52 -0.325580624191733
11.53 -0.329030526114195
11.54 -0.327825508164563
11.55 -0.323719837368479
11.56 -0.320369224862443
11.57 -0.33760437757179
11.58 -0.354136142997428
11.59 -0.351364112456548
11.6 -0.318444252924094
11.61 -0.2769709159195
11.62 -0.256821140465112
11.63 -0.229554838481819
11.64 -0.192996185084258
11.65 -0.16035732608097
11.66 -0.140823029894605
11.67 -0.129683842657446
11.68 -0.116516393401462
11.69 -0.095551348573427
11.7 -0.070041624369793
11.71 -0.053457477458973
11.72 -0.043512993921022
11.73 -0.027010053770183
11.74 -0.001318138104022
11.75 0.031753552867462
11.76 0.064710140643775
11.77 0.087239535695324
11.78 0.099608312273803
11.79 0.108706071325739
11.8 0.120316300476831
11.81 0.13688972526655
11.82 0.156682607400246
11.83 0.178169560323681
11.84 0.20238458670135
11.85 0.229340575983441
11.86 0.25657042065835
11.87 0.280669760716387
11.88 0.298661471370094
11.89 0.309485067973713
11.9 0.315357708577289
11.91 0.320429540492586
11.92 0.327340413664832
11.93 0.336553815828169
11.94 0.347440191547628
11.95 0.359272067100639
11.96 0.368661471753961
11.97 0.374849700736438
11.98 0.377455187133386
11.99 0.384437405431427
12.0 0.375130730904792
12.01 0.365951051613726
12.02 0.304226140357034
12.03 0.205261443971397
12.04 0.183732495465755
12.05 0.199193466906323
12.06 0.161749021553667
12.07 0.127750210166834
12.08 0.124925931030042
12.09 0.100142497155913
12.1 0.056166068913508
12.11 0.012481984592415
12.12 -0.04131098987986
12.13 -0.093522294234334
12.14 -0.117469627604148
12.15 -0.126178663464022
12.16 -0.150305437572483
12.17 -0.18471245057532
12.18 -0.205933598288281
12.19 -0.215895634105259
12.2 -0.231902945064117
12.21 -0.253167183344875
12.22 -0.267380862946927
12.23 -0.276138076472722
12.24 -0.288877852011525
12.25 -0.304076305941041
12.26 -0.315134937794121
12.27 -0.322807582484238
12.28 -0.33046691439929
12.29 -0.337163171782705
12.3 -0.340517952017339
12.31 -0.340375001789311
12.32 -0.335123446354571
12.33 -0.317121820474623
12.34 -0.30938490477318
12.35 -0.310254272174862
12.36 -0.311661175215201
12.37 -0.309832864239216
12.38 -0.303902647522237
12.39 -0.285100697117889
12.4 -0.258850951676839
12.41 -0.243486552207783
12.42 -0.232435471662959
12.43 -0.215879208689993
12.44 -0.196783173172791
12.45 -0.175338676403447
12.46 -0.157251010984099
12.47 -0.146160346455623
12.48 -0.138019019576981
12.49 -0.122270692445317
12.5 -0.105541372296194
12.51 -0.086693532175508
12.52 -0.06285640441405
12.53 -0.038205326723184
12.54 -0.010760886156213
12.55 0.013029940921392
12.56 0.031926174687458
12.57 0.046146005154922
12.58 0.054924946728397
12.59 0.068827173433518
12.6 0.089248685828919
12.61 0.107972875033491
12.62 0.125964703869186
12.63 0.145862367268775
12.64 0.167394722301991
12.65 0.190977988912436
12.66 0.213956918694898
12.67 0.232819161381805
12.68 0.246959725305894
12.69 0.256898297395277
12.7 0.264137730164432
12.71 0.270377877416718
12.72 0.275675198604263
12.73 0.280410929397192
12.74 0.285525625915749
12.75 0.290955959473103
12.76 0.293882392428947
12.77 0.292425915598141
12.78 0.28401335379997
12.79 0.248275499570175
12.8 0.182729294129225
12.81 0.126088079182897
12.82 0.124901075279467
12.83 0.130951742366601
12.84 0.108422749040332
12.85 0.083492632902544
12.86 0.068063250540665
12.87 0.040212941841907
12.88 0.001604812148655
12.89 -0.034006981044721
12.9 -0.063932147627763
12.91 -0.084251638417981
12.92 -0.089379857122406
12.93 -0.088591510981779
12.94 -0.095913242028325
12.95 -0.106380357566403
12.96 -0.107860852982682
12.97 -0.103079138029593
12.98 -0.11125793662156
12.99 -0.122738435538651
13.0 -0.131219140441654
13.01 -0.143803573571119
13.02 -0.145313841248718
13.03 -0.142269047718763
13.04 -0.130081904563758
13.05 -0.11030730703491
13.06 -0.124208995735939
13.07 -0.132103606599948
13.08 -0.120569595261054
13.09 -0.125585437419332
13.1 -0.145204025732362
13.11 -0.135372566503301
13.12 -0.14198389942479
13.13 -0.141647160798582
13.14 -0.136006433465625
13.15 -0.155091719310893
13.16 -0.170523102112906
13.17 -0.161497112277809
13.18 -0.052979386891196
13.19 -0.059643044464007
13.2 -0.044597123365485
13.21 -0.041974158288941
13.22 -0.046043857318264
13.23 -0.026059604776753
13.24 -0.047407873899101
13.25 -0.039650304758812
13.26 -0.020427871628849
13.27 0.023422191621613
13.28 0.042831517103337
13.29 0.013157067957288
13.3 0.040720309332528
13.31 0.003435235832332
13.32 0.025466311625733
13.33 0.005611140627302
13.34 0.039786001432287
13.35 0.033749915786184
13.36 0.044529687880486
13.37 0.051119052050098
13.38 0.030451474619611
13.39 0.030173636207317
13.4 0.015151679033695
13.41 0.032488497820288
13.42 0.030358821730744
13.43 0.034468231225098
13.44 0.049559613942795
13.45 0.065735010328846
13.46 0.069781909266219
13.47 0.066204060751999
13.48 0.087133531688091
13.49 0.089543145273563
13.5 0.096522543848983
13.51 0.104893398929036
13.52 0.098429213497794
13.53 0.102379463601812
13.54 0.082581016469381
13.55 -0.042668025034018
13.56 0.012012163514324
13.57 0.000898987591819
13.58 0.00184555143331
13.59 0.024095633739923
13.6 0.00217291025253
13.61 0.015207932918299
13.62 -0.012790230283439
13.63 -0.064138186668586
13.64 -0.102365874910319
13.65 -0.103405797459064
13.66 -0.095136537088924
13.67 -0.120671755411484
13.68 -0.114597885311566
13.69 -0.115588550935227
13.7 -0.132455771649068
13.71 -0.125731639063535
13.72 -0.13413372774544
13.73 -0.139282441696574
13.74 -0.134596404894634
13.75 -0.135520333104016
13.76 -0.115507955376243
13.77 -0.075186300665031
13.78 -0.074713981507353
13.79 -0.066617641593374
13.8 -0.065529621783696
13.81 -0.061522567752356
13.82 -0.054186190497542
13.83 -0.044116739631213
13.84 -0.022753359767336
13.85 0.004798773080003
13.86 0.022797428952217
13.87 0.032735163792199
13.88 0.04678356888059
13.89 0.053869386458763
13.9 0.053409642443214
13.91 0.061333285390735
13.92 0.074004716647649
13.93 0.080542797001429
13.94 0.086070927159973
13.95 0.094580220721749
13.96 0.104594016823584
13.97 0.114233667090912
13.98 0.119063430551944
13.99 0.118531717932508
14.0 0.119738043815287
14.01 0.123375819848187
14.02 0.125695433788184
14.03 0.122813491731182
14.04 0.118691940639374
14.05 0.114370489303055
14.06 0.113062112861573
14.07 0.110398494229396
14.08 0.104946439857604
14.09 0.097231365065853
14.1 0.087685406889104
14.11 0.077008480601098
14.12 0.065931473187495
14.13 0.056608562975
14.14 0.050155782223621
14.15 0.042698190133817
14.16 0.032625742441615
14.17 0.023729661433954
14.18 0.016191718842282
14.19 0.011211326228281
14.2 0.009800107113196
14.21 0.010369516021075
14.22 0.009776427301003
14.23 0.008056162711144
14.24 0.004401663275695
14.25 -0.001466922890061
14.26 -0.000595320377516
14.27 0.001339635461596
14.28 0.003727344177532
14.29 0.004482505860346
14.3 0.000653629074947
14.31 -0.00894807910998
14.32 -0.017540554334173
14.33 -0.019478996702473
14.34 -0.012178979006783
14.35 -0.039469907535806
14.36 -0.049285728793369
14.37 -0.047642585908182
14.38 -0.06421851744004
14.39 -0.070671672123203
14.4 -0.081188978769269
14.41 -0.086115303492339
14.42 -0.081333642016499
14.43 -0.08507471856502
14.44 -0.093222136204365
14.45 -0.101041366994815
14.46 -0.098219344049749
14.47 -0.090063880716285
14.48 -0.09838838769652
14.49 -0.099748795497854
14.5 -0.110925916391222
14.51 -0.117127386956856
14.52 -0.116914232599075
14.53 -0.122551215078956
14.54 -0.108601468437033
14.55 -0.10882636948096
14.56 -0.099223118350977
14.57 -0.096938625168095
14.58 -0.091008049040803
14.59 -0.104783289107739
14.6 -0.112319089724678
14.61 -0.121031251029941
14.62 -0.127260731166766
14.63 -0.126010452484015
14.64 -0.126963191579303
14.65 -0.1121083212545
14.66 -0.107416453706652
14.67 -0.1147703898667
14.68 -0.126250418581295
14.69 -0.053507654371759
14.7 -0.068132946110344
14.71 -0.054861850879982
14.72 -0.055397791905392
14.73 -0.051728245086231
14.74 -0.040550430899072
14.75 -0.041051297109315
14.76 -0.029272399225419
14.77 -0.004909545232037
14.78 0.031434871398123
14.79 0.030326390227012
14.8 0.033326590471773
14.81 0.053838571381671
14.82 0.049865102143584
14.83 0.066810258210898
14.84 0.08004180863547
14.85 0.085642526962141
14.86 0.103800919653218
14.87 0.107120968079136
14.88 0.118383463511626
14.89 0.123816599466411
14.9 0.12501256302247
14.91 0.12911199669228
14.92 0.127914024212935
14.93 0.132976904287318
14.94 0.136939452389681
14.95 0.13915742858104
14.96 0.141746149180653
14.97 0.139326989657292
14.98 0.131627185265947
14.99 0.123337981025972
15.0 0.121428587413673
15.01 0.119979941792428
15.02 0.119706794131355
15.03 0.116820226506788
15.04 0.104494272338937
15.05 0.09049008571621
15.06 0.072546065173832
15.07 0.058627551275673
15.08 0.052557531474423
15.09 0.051262809493052
15.1 0.050721180221683
15.11 0.051773172753971
15.12 0.045543109593284
15.13 0.035789580377023
15.14 0.022715484030365
15.15 0.005578490267448
15.16 -0.010045240960877
15.17 -0.021021016336128
15.18 -0.030559595260602
15.19 -0.03839946840801
15.2 -0.044962260515348
15.21 -0.053517519206496
15.22 -0.061985114670757
15.23 -0.070061076346347
15.24 -0.079059770918996
15.25 -0.086425314002444
15.26 -0.090148143513661
15.27 -0.090693259575992
15.28 -0.089035129602101
15.29 -0.085325740141615
15.3 -0.072874950513022
15.31 -0.066342437481027
15.32 -0.067927894313926
15.33 -0.072069549761606
15.34 -0.074035276621423
15.35 -0.072252658223005
15.36 -0.06409408548039
15.37 -0.050333319997019
15.38 -0.034025994182381
15.39 -0.017443790351029
15.4 -0.01082421903444
15.41 -0.008898737331363
15.42 -0.007612592163132
15.43 -0.005254695599486
15.44 -0.000841365727858
15.45 0.002415194752548
15.46 0.006200427804843
15.47 0.01298181224521
15.48 0.023326120642865
15.49 0.029672444415554
15.5 0.027785604707677
15.51 0.028979177555889
15.52 0.0370453248359
15.53 0.045497578491561
15.54 0.053549583286117
15.55 0.064727886112872
15.56 0.07787030120926
15.57 0.088788132314147
15.58 0.097078211504118
15.59 0.103537704664575
15.6 0.111259172721364
15.61 0.122155424178231
15.62 0.133435046132349
15.63 0.142964532859268
15.64 0.153215245338718
15.65 0.162710865413268
15.66 0.16943598167394
15.67 0.174999520126918
15.68 0.178285132714721
15.69 0.181934759137637
15.7 0.185938980671561
15.71 0.192050744598212
15.72 0.197949822619741
15.73 0.151800965108131
15.74 0.032909350371883
15.75 0.097329323883087
15.76 0.051612848905164
15.77 0.047876686160859
15.78 0.055299666299999
15.79 0.021218957824901
15.8 0.019391529573313
15.81 -0.005209627734332
15.82 -0.069565721027426
15.83 -0.107590035645757
15.84 -0.097695131261053
15.85 -0.094458401351378
15.86 -0.11618490233529
15.87 -0.112432508489347
15.88 -0.100145013099695
15.89 -0.110795848025891
15.9 -0.108772792674117
15.91 -0.11741138313357
15.92 -0.124405779685813
15.93 -0.126138685373129
15.94 -0.131977635297429
15.95 -0.134945568930201
15.96 -0.130843783744098
15.97 -0.125206063612933
15.98 -0.124219943591148
15.99 -0.128123338977542
16.0 -0.119171094260059
16.01 -0.112366733340555
16.02 -0.110523799336993
16.03 -0.133336863561675
16.04 -0.113391052005969
16.05 -0.083567526968391
16.06 -0.083231304267981
16.07 -0.075108654773846
16.08 -0.064333267689138
16.09 -0.04906548907411
16.1 -0.042348136354044
16.11 -0.044361317049934
16.12 -0.031403065286029
16.13 0.001953657327272
16.14 0.011497901686902
16.15 0.009284686105879
16.16 0.013237399408989
16.17 0.013817332689801
16.18 0.016818314882941
16.19 0.026004123215891
16.2 0.028759522033638
16.21 0.041089520188121
16.22 0.047779862928969
16.23 0.052031423608817
16.24 0.049357845820794
16.25 0.044497231232148
16.26 0.042802998530786
16.27 0.046924104107824
16.28 0.058213104419135
16.29 0.071676338846747
16.3 0.085484336677072
16.31 0.096960037436036
16.32 0.111261780960577
16.33 0.122311801115458
16.34 0.125476504211031
16.35 0.130858967550981
16.36 0.137649471999028
16.37 0.14664868585389
16.38 0.158173854250789
16.39 0.167350627469934
16.4 0.173673831981206
16.41 0.17550394453136
16.42 0.172783835338426
16.43 0.166964510081717
16.44 0.153173688399544
16.45 0.140592370609238
16.46 0.106563505947062
16.47 0.086670453279092
16.48 0.097115813431016
16.49 0.080438234486066
16.5 0.067425016192172
16.51 0.057403193589985
16.52 0.026979628580611
16.53 0.008908416795438
16.54 -0.011688864268485
16.55 -0.0400316408342
16.56 -0.052636847944805
16.57 -0.054691780448198
16.58 -0.059540284862013
16.59 -0.066662576684631
16.6 -0.068777114071018
16.61 -0.067426147920508
16.62 -0.071354657769693
16.63 -0.077977900151766
16.64 -0.084649416478894
16.65 -0.093532229682141
16.66 -0.099024783337044
16.67 -0.103527354862097
16.68 -0.101220313932977
16.69 -0.103821400105531
16.7 -0.111867199507413
16.71 -0.111591709223248
16.72 -0.126441835930206
16.73 -0.132472826272287
16.74 -0.141667181331866
16.75 -0.151986678872996
16.76 -0.15504758262902
16.77 -0.154967585941872
16.78 -0.15300570374408
16.79 -0.155903031284775
16.8 -0.15843384446421
16.81 -0.124912498367144
16.82 -0.016377225649543
16.83 -0.091066988966197
16.84 -0.038383134079663
16.85 -0.071982049305382
16.86 -0.054740773047657
16.87 -0.054739864689643
16.88 -0.053924074181122
16.89 -0.021597137532862
16.9 0.01947328314693
16.91 0.054650915649636
16.92 0.032604487767517
16.93 0.028705252898068
16.94 0.04096132588976
16.95 -0.008733859798501
16.96 0.021631795358535
16.97 0.020844003224456
16.98 0.0425017843641
16.99 0.042490902003764
17.0 0.047717050554707
17.01 0.041045780411291
17.02 0.030216284438685
17.03 0.01982595650503
17.04 0.03814014866624
17.05 0.047698181339668
17.06 0.052062386711113
17.07 0.037244387455401
17.08 0.047921541711679
17.09 0.084682841545432
17.1 0.091338647335333
17.11 0.089307809355971
17.12 0.105025487872878
17.13 0.113262174295222
17.14 0.112409008618509
17.15 0.116074951835061
17.16 0.120961808550488
17.17 0.121119703903719
17.18 0.127468458069873
17.19 0.079661100756882
17.2 0.01676696046723
17.21 0.05400604011686
17.22 0.024199251964663
17.23 0.053990902950225
17.24 0.033298001982735
17.25 0.054404461789602
17.26 0.03624656717297
17.27 0.011492204913852
17.28 -0.034627806778249
17.29 -0.068443508375874
17.3 -0.043088951592215
17.31 -0.064518080566904
17.32 -0.077920803173072
17.33 -0.072718450055478
17.34 -0.104397888948919
17.35 -0.108911539661696
17.36 -0.122376784547224
17.37 -0.139941815213
17.38 -0.138850621939869
17.39 -0.149717939265211
17.4 -0.145050206095769
17.41 -0.138920211817057
17.42 -0.141564265553247
17.43 -0.140550732889402
17.44 -0.151965196280311
17.45 -0.162164971694178
17.46 -0.166573741080474
17.47 -0.170571201620712
17.48 -0.165906922160194
17.49 -0.156300303867436
17.5 -0.123650616379681
17.51 -0.059782119343563
17.52 -0.044577035386576
17.53 -0.049288306122883
17.54 -0.023862543070977
17.55 -0.010854707958591
17.56 -0.004357941311359
17.57 0.016657427457294
17.58 0.039498637602049
17.59 0.068658578921242
17.6 0.103647774229758
17.61 0.118125314963168
17.62 0.117111972785576
17.63 0.124512944567844
17.64 0.136226458742834
17.65 0.140070173423508
17.66 0.139691640379371
17.67 0.142198016346742
17.68 0.142090079847879
17.69 0.129642726518583
17.7 0.117777426241522
17.71 0.10530909646261
17.72 0.094189819992841
17.73 0.091574544336593
17.74 0.086884327947101
17.75 0.083403114678677
17.76 0.077683793464694
17.77 0.070657834995635
17.78 0.065610127645101
17.79 0.0640928650886
17.8 0.06260792551384
17.81 0.06426982702047
17.82 0.059214704741056
17.83 0.042035935596353
17.84 0.021162968466708
17.85 0.000176860616526
17.86 0.003177730831956
17.87 0.010269398509646
17.88 0.01156770216408
17.89 -0.012422883153434
17.9 0.001423236760916
17.91 -0.019203812892188
17.92 -0.030662965804505
17.93 -0.046098103620562
17.94 -0.054045952444381
17.95 -0.037712581986942
17.96 -0.017335767211991
17.97 0.028325056128311
17.98 0.008956769631272
17.99 0.011659780253059
18.0 0.013340626362139
18.01 0.004471267920076
18.02 0.007718867533285
18.03 0.008411639858806
18.04 0.014622358023822
18.05 0.036385895526398
18.06 0.028695472995913
18.07 0.008665002186721
18.08 0.011119291565705
18.09 0.017531763156355
18.1 0.012963581614299
18.11 -0.010848439455286
18.12 -0.033315988766937
18.13 -0.04277442103321
18.14 -0.057170551988883
18.15 -0.057061024966332
18.16 -0.021040390896736
18.17 0.002771115071192
18.18 0.028597962601986
18.19 0.036322086273667
18.2 0.022525176408034
18.21 0.031295647751028
18.22 0.03610380641312
18.23 0.049826908221898
18.24 0.072252702063938
18.25 0.10079317372272
18.26 0.113704930940715
18.27 0.106977866769021
18.28 0.099863034176428
18.29 0.044104772303439
18.3 0.027871880635243
18.31 0.03084698680936
18.32 0.020182973751423
18.33 0.021422651268871
18.34 0.011183071457082
18.35 -0.000381453931338
18.36 -0.020481451173839
18.37 -0.052004824572393
18.38 -0.077528517033671
18.39 -0.082676135485789
18.4 -0.074734368040433
18.41 -0.069430173411435
18.42 -0.05674529045743
18.43 -0.043929482588006
18.44 -0.048542381695312
18.45 -0.045571077013255
18.46 -0.047255966195865
18.47 -0.04410266650815
18.48 -0.033819821807292
18.49 -0.019792045213508
18.5 -0.010220789353348
18.51 -0.010745338078661
18.52 -0.016478899017152
18.53 -0.024707241264966
18.54 -0.027296067034825
18.55 -0.036595912175068
18.56 -0.032737332226463
18.57 -0.037505954392054
18.58 -0.049090184721259
18.59 -0.068491244570741
18.6 -0.087838658682369
18.61 -0.088806697996868
18.62 -0.079356520074396
18.63 -0.056480661757515
18.64 -0.04582199202457
18.65 -0.027167570893575
18.66 -0.025487316684688
18.67 -0.037850406221896
18.68 -0.029700439788332
18.69 -0.038975171082748
18.7 -0.024755544076738
18.71 -0.014384253186943
18.72 -0.003476197108156
18.73 -0.0014496280901
18.74 0.004860388992179
18.75 -0.008491173143982
18.76 -0.000220679981183
18.77 -0.002948799551596
18.78 -0.0042065018666
18.79 -0.003060462161677
18.8 -0.004969373193192
18.81 -0.013584904835888
18.82 -0.019178088825365
18.83 -0.020280589626939
18.84 -0.012600069883572
18.85 -0.007002291609688
18.86 -0.001026864764793
18.87 0.008761078094336
18.88 0.019111259960235
18.89 0.016963351140437
18.9 0.014709769340841
18.91 0.018172510526638
18.92 0.051612011187607
18.93 0.06677432167531
18.94 0.051957319813189
18.95 0.053471925181242
18.96 0.054869359973713
18.97 0.04419233593342
18.98 0.042432454285518
18.99 0.042117154598514
19.0 0.048733337887977
19.01 0.073013831349517
19.02 0.066818952204313
19.03 0.052194610235688
19.04 0.028076133023948
19.05 -0.001946937924847
19.06 -0.018853472090464
19.07 -0.018593842990515
19.08 -0.021775228395782
19.09 -0.032684616859885
19.1 -0.037115926055479
19.11 -0.05066456390546
19.12 -0.068592435078589
19.13 -0.088097088022429
19.14 -0.102101765332938
19.15 -0.09705022982223
19.16 -0.096161241350073
19.17 -0.102773109216339
19.18 -0.105745591798042
19.19 -0.113375120907937
19.2 -0.117845638150533
19.21 -0.121601604039188
19.22 -0.101281101802216
19.23 -0.077951236969722
19.24 -0.03835216658677
19.25 -0.022442520500553
19.26 -0.023552341997297
19.27 -0.023480013963979
19.28 -0.018732496024515
19.29 -0.017933457667483
19.3 -0.004025409699705
19.31 0.01013431773614
19.32 0.025586676813232
19.33 0.043210621195797
19.34 0.050234798060083
19.35 0.049830989430777
19.36 0.055315965525129
19.37 0.056887852905046
19.38 0.059125597809809
19.39 0.062370402866968
19.4 0.064346210137241
19.41 0.075524383226291
19.42 0.080797434092267
19.43 0.09042257332291
19.44 0.093823578502787
19.45 0.097944662243553
19.46 0.099404594806121
19.47 0.099416089741897
19.48 0.098367561892178
19.49 0.095762695031017
19.5 0.101465969728998
19.51 0.107389694414412
19.52 0.107736873916868
19.53 0.108919309556444
19.54 0.103648582823264
19.55 0.08429103523228
19.56 0.065324214042344
19.57 0.066889049544472
19.58 0.060456335605376
19.59 0.060579346335975
19.6 0.053596196008019
19.61 0.047745818742363
19.62 0.043242713305788
19.63 0.035342401098884
19.64 0.029356906882752
19.65 0.038270510936014
19.66 0.050872591362962
19.67 0.059829730638326
19.68 0.067464883793545
19.69 0.064224797549874
19.7 0.060922291408809
19.71 0.060792015290334
19.72 0.063336932337708
19.73 0.058674095418902
19.74 0.040054587805498
19.75 0.029259091581822
19.76 0.020935607434163
19.77 0.007698020822925
19.78 0.001129200653691
19.79 -0.001342954632355
19.8 -0.030690277072983
19.81 -0.066215188239594
19.82 -0.079489562071622
19.83 -0.101526099224402
19.84 -0.122103945449922
19.85 -0.123282378483159
19.86 -0.127734180552798
19.87 -0.129743842361391
19.88 -0.123108403079996
19.89 -0.12396890407173
19.9 -0.131133516940257
19.91 -0.11374009324854
19.92 -0.062197043437955
19.93 -0.083068803818778
19.94 -0.08262547450881
19.95 -0.081837289021654
19.96 -0.089692112580457
19.97 -0.083152182030617
19.98 -0.075632266711156
19.99 -0.055557504950892
20.0 -0.024492336509927
20.01 -0.017327667003748
20.02 -0.026519494748884
20.03 -0.033225045022142
20.04 -0.042386151640679
20.05 -0.056775611237099
20.06 -0.064710788539489
20.07 -0.067210918615209
20.08 -0.04699573005463
20.09 -0.028881880120133
20.1 -0.023468940056731
20.11 -0.016225592611817
20.12 -0.014983520266207
20.13 -0.015091860629894
20.14 -0.016564698781873
20.15 -0.021332416845363
20.16 0.007153714897706
20.17 0.051334286677111
20.18 0.063304858261431
20.19 0.066133453959578
20.2 0.082852499688966
20.21 0.084473655360283
20.22 0.080071312534133
20.23 0.076315350342786
20.24 0.063338907760187
20.25 0.056641472058292
20.26 0.035321253407391
20.27 0.039014373337099
20.28 0.030895044337542
20.29 0.033727680402562
20.3 0.036487589143589
20.31 0.034242700728077
20.32 0.032514330141307
20.33 0.021863530890358
20.34 0.005501780008888
20.35 -0.013136676929347
20.36 -0.012056211695231
20.37 -0.017624123934862
20.38 -0.02198492157193
20.39 -0.013215499964568
20.4 -0.014899839096618
20.41 -0.012158667969753
20.42 -0.012095732813239
20.43 -0.013871854678823
20.44 -0.017088077529002
20.45 -0.020548254558616
20.46 -0.022087515674926
20.47 -0.014454784805083
20.48 -0.023720660310297
20.49 -0.046377597077378
20.5 -0.043158028048358
20.51 -0.0548660993259
20.52 -0.059707944724159
20.53 -0.065014837550657
20.54 -0.071285023119381
20.55 -0.070903955684798
20.56 -0.071068988583471
20.57 -0.078216395615086
20.58 -0.082303190282466
20.59 -0.076412113946259
20.6 -0.063028900926505
20.61 -0.023936143696183
20.62 -0.035550869227255
20.63 -0.029744009583746
20.64 -0.030948977547951
20.65 -0.029066810472473
20.66 -0.024411949583439
20.67 -0.019606117856302
20.68 -0.000264058852225
20.69 0.020524154700727
20.7 0.029795103075541
20.71 0.023937481786595
20.72 0.030665854980405
20.73 0.037724943480256
20.74 0.037755780097264
20.75 0.045721778740121
20.76 0.041192713398354
20.77 0.042450745177589
20.78 0.037190119065209
20.79 0.034546526276045
20.8 0.031017313112347
20.81 0.031497092393121
20.82 0.034190469500655
20.83 0.035065261650644
20.84 0.033169630766951
20.85 0.032690532087067
20.86 0.033503276594129
20.87 0.033621939866961
20.88 0.035498537897059
20.89 0.036016531873237
20.9 0.03826277764928
20.91 0.039734514473338
20.92 0.038743639454715
20.93 0.037723676045847
20.94 0.035602080329146
20.95 0.037144050708777
20.96 0.028351150311659
20.97 0.010659213025589
20.98 0.017128850077231
20.99 0.005070631617695
21.0 0.000123606894297
21.01 -0.005893362541314
21.02 -0.01290429218745
21.03 -0.02082129714356
21.04 -0.032093450043271
21.05 -0.044343200245686
21.06 -0.04584085085732
21.07 -0.046511585801597
21.08 -0.056330702708263
21.09 -0.055911501959119
21.1 -0.057979064805302
21.11 -0.061494635246393
21.12 -0.060665409866721
21.13 -0.06052628537269
21.14 -0.056981280411935
21.15 -0.052058618058905
21.16 -0.046829675501478
21.17 -0.042153013554918
21.18 -0.037525618020291
21.19 -0.032677674957855
21.2 -0.029540687624857
21.21 -0.025389401488406
21.22 -0.019064227114295
21.23 -0.012913677089694
21.24 -0.008292061879475
21.25 -0.007315436858698
21.26 -0.003637023702384
21.27 0.002959718734781
21.28 0.010291384047821
21.29 0.016193453811367
21.3 0.022844173420744
21.31 0.030587550590325
21.32 0.035826656737421
21.33 0.040371084435359
21.34 0.046048231080569
21.35 0.052850029530353
21.36 0.06072950354917
21.37 0.069689241081346
21.38 0.076224287221742
21.39 0.080366571725073
21.4 0.083706514220018
21.41 0.085199108992852
21.42 0.084244193677977
21.43 0.083238325866867
21.44 0.086163314052287
21.45 0.093084572033486
21.46 0.085374559761305
21.47 0.038318111868928
21.48 0.020905820054725
21.49 0.031373716751059
21.5 0.018598554703121
21.51 0.006946836308776
21.52 0.013968209044537
21.53 0.00183961368
21.54 -0.003202266778222
21.55 -0.024228093362637
21.56 -0.044104534453043
21.57 -0.030693499350142
21.58 -0.012323006323004
21.59 0.000184167361123
21.6 0.004196161350429
21.61 0.007020838636214
21.62 0.006843819960473
21.63 0.008463761816883
21.64 0.010373264837277
21.65 0.016834522824935
21.66 0.024131112393817
21.67 0.034374089823572
21.68 0.032011377069394
21.69 0.029664721515756
21.7 0.024218998994183
21.71 0.022383832799819
21.72 0.01404333207094
21.73 0.00678330381713
21.74 -0.002754450120528
21.75 -0.008473697254798
21.76 -0.00374720005383
21.77 0.010785654102341
21.78 0.014722381829538
21.79 0.006466621904664
21.8 0.00919708675014
21.81 0.005727691079276
21.82 -0.003675951560091
21.83 -0.005797938857523
21.84 -0.004113999871178
21.85 0.000565316943994
21.86 -0.002099269251211
21.87 -0.012765358901211
21.88 -0.016244477596766
21.89 -0.012849849147722
21.9 -0.011274581336977
21.91 -0.024250672716
21.92 -0.030037834537927
21.93 -0.029301503249413
21.94 -0.038618442023925
21.95 -0.041367458751114
21.96 -0.047923719764265
21.97 -0.041425118647022
21.98 -0.033725167027249
21.99 -0.027950055080227
22.0 -0.020130729073771
22.01 -0.00854591931135
22.02 -0.005700356144935
22.03 -0.007898442344853
22.04 -0.008170351260569
22.05 -0.012311810671914
22.06 -0.010149380611069
22.07 -0.004861866001596
22.08 0.003051946522573
22.09 0.005365111923995
22.1 0.005653104881669
22.11 0.008507528879785
22.12 0.010280867495575
22.13 0.011267838625332
22.14 0.009163802230293
22.15 0.005557710683027
22.16 -0.002731534355962
22.17 -0.012979204846186
22.18 -0.014735753233586
22.19 -0.01238202720165
22.2 -0.010179339314425
22.21 -0.012329680173445
22.22 -0.013307815352765
22.23 -0.018258097611945
22.24 -0.026378732974155
22.25 -0.034815478570287
22.26 -0.037420704002077
22.27 -0.039073855413224
22.28 -0.040678995639911
22.29 -0.041426108705192
22.3 -0.042120442186653
22.31 -0.037164165751237
22.32 -0.037003207247416
22.33 -0.044235421753106
22.34 -0.044192804899239
22.35 -0.044528841100096
22.36 -0.046651612860176
22.37 -0.044733332407861
22.38 -0.043874460097349
22.39 -0.040036122655231
22.4 -0.033825774155907
22.41 -0.029408313224329
22.42 -0.027601144749155
22.43 -0.023633124106459
22.44 -0.022940504291091
22.45 -0.020374463846734
22.46 -0.017767204310554
22.47 -0.014924995263197
22.48 -0.011905888546868
22.49 -0.012081219250126
22.5 -0.018309339832028
22.51 -0.024085717449231
22.52 -0.024357224619914
22.53 -0.020017983670172
22.54 -0.019402680419385
22.55 -0.01695429566191
22.56 -0.018101593528539
22.57 -0.018358911337623
22.58 -0.020616809803333
22.59 -0.020696563440972
22.6 -0.016253275711166
22.61 -0.010243401837107
22.62 -0.005177790204401
22.63 -0.001688314472447
22.64 0.000728297136518
22.65 0.009474571095036
22.66 0.019447599995564
22.67 0.021086643013394
22.68 0.026804494884471
22.69 0.027486288324626
22.7 0.02824143292248
22.71 0.026720844189614
22.72 0.024504568641164
22.73 0.026934122456998
22.74 0.030969466522952
22.75 0.032424967281513
22.76 0.030878610214321
22.77 0.033621643927984
22.78 0.032842051268475
22.79 0.032947996593988
22.8 0.033221025860094
22.81 0.032232058481972
22.82 0.031159001202043
22.83 0.035923063096948
22.84 0.031316428484271
22.85 0.020052863750471
22.86 0.015941727511306
22.87 0.013288463374583
22.88 0.00755618462005
22.89 0.005000738452707
22.9 0.002073388069058
22.91 0.001627551987323
22.92 -0.002273380630166
22.93 -0.010645355392059
22.94 -0.013791605953387
22.95 -0.011878633465239
22.96 -0.009671751327958
22.97 -0.006379981521539
22.98 -0.003947341911914
22.99 -0.005257704848875
23.0 -0.003878425487877
23.01 -0.002217199291267
23.02 0.000868285912951
23.03 0.007763599659259
23.04 0.014008184954458
23.05 0.02069136360014
23.06 0.02803082989632
23.07 0.032393117627166
23.08 0.036097278037377
23.09 0.036574777192509
23.1 0.036244724591794
23.11 0.035928679433585
23.12 0.037557986491852
23.13 0.041005658214315
23.14 0.045506303018584
23.15 0.05051357198159
23.16 0.052262704520774
23.17 0.0518891854631
23.18 0.049358286988475
23.19 0.048427082377128
23.2 0.047378958118856
23.21 0.051162621833525
23.22 0.05468653244599
23.23 0.053353399913346
23.24 0.047047415733353
23.25 0.031895135583993
23.26 0.014935088354305
23.27 0.008555023015894
23.28 0.010913439087629
23.29 0.010616541575918
23.3 0.007154289411884
23.31 0.006485657555792
23.32 -0.001906629175401
23.33 -0.012128054290816
23.34 -0.021629215965988
23.35 -0.028520914800863
23.36 -0.027907703431631
23.37 -0.029347695055856
23.38 -0.033975537467326
23.39 -0.035111698961133
23.4 -0.034128802555219
23.41 -0.034283237558726
23.42 -0.033056922194953
23.43 -0.028163819960287
23.44 -0.024653710406112
23.45 -0.020346902406916
23.46 -0.021530389797962
23.47 -0.021066487823995
23.48 -0.022308930263507
23.49 -0.024177149637838
23.5 -0.025374479811484
23.51 -0.025425388225536
23.52 -0.025586273654038
23.53 -0.025454743747514
23.54 -0.024289236956754
23.55 -0.020424752484956
23.56 -0.01239339115978
23.57 -0.008777314570006
23.58 -0.014977371468945
23.59 -0.011840824219758
23.6 -0.012669807977727
23.61 -0.01007890699436
23.62 -0.002326555280157
23.63 0.005795501377788
23.64 0.015230550239058
23.65 0.019756461710891
23.66 0.018710433851981
23.67 0.021152399001818
23.68 0.024394472053793
23.69 0.024284232929891
23.7 0.026902725552495
23.71 0.025045289369942
23.72 0.018043745095826
23.73 0.014831891915557
23.74 0.015913312754379
23.75 0.016872439353697
23.76 0.019667621346328
23.77 0.0205482327596
23.78 0.019055601728529
23.79 0.013681457531325
23.8 0.006164992868964
23.81 0.001234484958791
23.82 -0.00072993431438
23.83 -0.005041707009743
23.84 -0.006609142635733
23.85 -0.010442937007349
23.86 -0.009074157150462
23.87 -0.008908319111604
23.88 -0.008991310721172
23.89 -0.010714872638259
23.9 -0.011971851924896
23.91 -0.014144388844074
23.92 -0.016425774984012
23.93 -0.01769454803192
23.94 -0.019246784002743
23.95 -0.019937318637465
23.96 -0.02257372597417
23.97 -0.023514589631194
23.98 -0.025088138225351
23.99 -0.024097574879127
24.0 -0.022134882770816
24.01 -0.019836623601988
24.02 -0.021748576301861
24.03 -0.025570998520679
24.04 -0.026035403201831
24.05 -0.028389051186613
24.06 -0.03003985368212
24.07 -0.028111072437654
24.08 -0.022390463464523
24.09 -0.015108994189873
24.1 -0.011201149539066
24.11 -0.007897833797895
24.12 -0.00288256706011
24.13 -0.000808547384446
24.14 0.000397412523535
24.15 0.002625072896586
24.16 0.005671779446859
24.17 0.008078577443795
24.18 0.007930078622493
24.19 0.005985880960482
24.2 0.003916558255356
24.21 0.001028247644767
24.22 -0.000140554200769
24.23 0.000996780669227
24.24 0.003599595928324
24.25 0.004024808719732
24.26 0.00203779498827
24.27 -0.002686270238337
24.28 -0.007222871574298
24.29 -0.011158708708193
24.3 -0.013135521159532
24.31 -0.012224361495085
24.32 -0.009419757298246
24.33 -0.006473560800218
24.34 -0.006094580088043
24.35 -0.008836706211797
24.36 -0.013801683512264
24.37 -0.020324615358311
24.38 -0.024720917195254
24.39 -0.02650278752041
24.4 -0.027929355269907
24.41 -0.026085914352402
24.42 -0.025470531683256
24.43 -0.025275093683951
24.44 -0.02502079599653
24.45 -0.01893014768903
24.46 -0.009532151310938
24.47 -0.006876761994209
24.48 -0.002434258328551
24.49 -0.00028527066943
24.5 0.000224043048744
24.51 -0.000194901903913
24.52 0.001119357221778
24.53 0.006937932429621
24.54 0.013352374899715
24.55 0.015482565719607
24.56 0.018037061085205
24.57 0.020156637619987
24.58 0.019499476229596
24.59 0.018808483625522
24.6 0.016636936151467
24.61 0.016063423655224
24.62 0.016219710022762
24.63 0.01711570791542
24.64 0.019534080551154
24.65 0.022230821475069
24.66 0.021596304593039
24.67 0.028557942252817
24.68 0.034737345730685
24.69 0.034605759526824
24.7 0.037562998253713
24.71 0.039499026026867
24.72 0.036488771824511
24.73 0.024109124780652
24.74 -0.006923350521598
24.75 -0.005529185609385
24.76 -0.003911531498958
24.77 -0.007461770257832
24.78 -0.00742601805132
24.79 -0.00889345692306
24.8 -0.013959807404001
24.81 -0.02574252743741
24.82 -0.040376831663884
24.83 -0.042584203710358
24.84 -0.033043646506123
24.85 -0.027898222698589
24.86 -0.02107150582242
24.87 -0.019808228362476
24.88 -0.01977918177447
24.89 -0.015368388944175
24.9 -0.012984601604695
24.91 -0.005415733023948
24.92 0.003653429669258
24.93 0.010647700557545
24.94 0.015565052512945
 
 
 
 
 
 
 
 
 
 
 
 
 
 
 
 
 
 
 
 
 
 
 
 
 
 
 
 
 
 
 
 
 
 
 
 
 
 
 
 
 
 
 
 
 
 
 
 
 
 
 
 
 
 
 
 
 
 
 
 
 
 
 
 
 
 
 
 
 
 
 
 
 
 
 
 
 
 
 
 
 
 
 
 
 
 
 
 
 
 
 
 
 
 
 
 
 
 
 
 
 
 
 
 
 
 
 
 
 
 
 
 
 
 
 
 
 
 
 
 
 
 
 
 
 
 
 
 
 
 
 
 
 
 
 
 
 
 
 
 
 
 
 
 
 
 
 
 
 
 
 
 
 
 
 
 
 
 
 
 
 
 
 
 
 
 
 
 
 
 
 
 
 
 
 
 
 
 
 
 
 
 
 
 
 
 
 
 
 
 
 
 
 
 
 
 
 
 
 
 
 
 
 
 
 
 
 
 
 
 
 
 
 
 
 
 
 
 
 
 
 
 
 
 
 
 
 
 
 
 
 
 
 
 
 
 
 
 
 
 
 
 
 
 
 
 
 
 
 
 
 
 
 
 
 
 
 
 
 
 
 
 
 
 
 
 
 
 
 
 
 
 
 
 
 
 
 
 
 
 
 
 
 
 
 
 
 
 
 
 
 
 
 
 
 
 
 
 
 
 
 
 
 
 
 
 
 
 
 
 
 
 
 
 
 
 
 
 
 
 
 
 
 
 
 
 
 
 
 
 
 
 
 
 
 
 
 
 
 
 
 
 
 
 
 
 
 
 
 
 
 
 
 
 
 
 
 
 
 
 
 
 
 
 
 
 
 
 
 
 
 
 
 
 
 
 
 
 
 
 
 
 
 
 
 
 
 
 
 
 
 
 
 
 
 
 
 
 
 
 
 
 
 
 
 
 
 
 
 
 
 
 
 
 
 
 
 
 
 
 
 
 
 
 
 
 
 
 
 
 
 
 
 
 
 
 
 
 
 
 
 
 
 
 
 
 
 
 
 
 
 
 
 
 
 
 
 
 
 
 
 
 
 
 
 
 
 
 
 
 
 
 
 
 
 
 
 
 
 
 
 
 
 
 
 
 
 
 
 
 
 
 
 
 
 
 
 
 
 
 
 
 
 
 
 
 
 
 
 
 
 
 
 
 
 
 
 
 
 
 
 
 
 
 
 
 
 
 
 
 
 
 
 
 
 
 
 
 
 
 
 
 
 
 
 
 
 
 
 
 
 
 
 
 
 
 
 
 
 
 
 
 
 
 
 
 
 
 
 
 
 
 
 
 
 
 
 
 
 
 
 
 
 
 
 
 
 
 
 
 
 
 
 
 
 
 
 
 
 
 
 
 
 
 
 
 
 
 
 
 
 
 
 
 
 
 
 
 
 
 
 
 
 
 
 
 
 
 
 
 
 
 
 
 
 
 
 
 
 
 
 
 
 
 
 
 
 
 
 
 
 
 
 
 
 
 
 
 
 
 
 
 
 
 
 
 
 
 
 
 
 
 
 
 
 
 
 
 
 
 
 
 
 
 
 
 
 
 
 
 
 
 
 
 
 
 
 
 
 
 
 
 
 
 
 
 
 
 
 
 
 
 
 
 
 
 
 
 
 
 
 
 
 
 
 
 
 
 
 
 
 
 
 
 
 
 
 
 
 
 
 
 
 
 
 
 
 
 
 
 
 
 
 
 
 
 
 
 
 
 
 
 
 
 
 
 
 
 
 
 
 
 
 
 
 
 
 
 
 
 
 
 
 
 
 
 
 
 
 
 
 
 
 
 
 
 
 
 
 
 
 
 
 
 
 
 
 
 
 
 
 
 
 
 
 
 
 
 
 
 
 
 
 
 
 
 
 
 
 
 
 
 
 
 
 
 
 
 
 
 
 
 
 
 
 
 
 
 
 
 
 
 
 
 
 
 
 
 
 
 
 
 
 
 
 
 
 
 
 
 
 
 
 
 
 
 
 
 
 
 
 
 
 
 
 
 
 
 
 
 
 
 
 
 
 
 
 
 
 
 
 
 
 
 
 
 
 
 
 
 
 
 
 
 
 
 
 
 
 
 
 
 
 
 
 
 
 
 
 
 
 
 
 
 
 
 
 
 
 
 
 
 
 
 
 
 
 
 
 
 
 
 
 
 
 
 
 
 
 
 
 
 
 
 
 
 
 
 
 
 
 
 
 
 
 
 
 
 
 
 
 
 
 
 
 
 
 
 
 
 
 
 
 
 
 
 
 
 
 
 
 
 
 
 
 
 
 
 
 
 
 
 
 
 
 
 
 
 
 
 
 
 
 
 
 
 
 
 
 
 
 
 
 
 
 
 
 
 
 
 
 
 
 
 
 
 
 
 
 
 
 
 
 
 
 
 
 
 
 
 
 
 
 
 
 
 
 
 
 
 
 
 
 
 
 
 
 
 
 
 
 
 
 
 
 
 
 
 
 
 
 
 
 
 
 
 
 
 
 
 
 
 
 
 
 
 
 
 
 
 
 
 
 
 
 
 
 
 
 
 
 
 
 
 
 
 
 
 
 
 
 
 
 
 
 
 
 
 
 
 
 
 
 
 
 
 
 
 
 
 
 
 
 
 
 
 
 
 
 
 
 
 
 
 
 
 
 
 
 
 
 
 
 
 
 
 
 
 
 
 
 
 
 
 
 
 
 
 
 
 
 
 
 
 
 
 
 
 
 
 
 
 
 
 
 
 
 
 
 
 
 
 
 
 
 
 
 
 
 
 
 
 
 
 
 
 
 
 
 
 
 
 
 
 
 
 
 
 
 
 
 
 
 
 
 
 
 
 
 
 
 
 
 
 
 
 
 
 
 
 
 
 
 
 
 
 
 
 
 
 
 
 
 
 
 
 
 
 
 
 
 
 
 
 
 
 
 
 
 
 
 
 
 
 
 
 
 
 
 
 
 
 
 
 
 
 
 
 
 
 
 
 
 
 
 
 
 
 
 
 
 
 
 
 
 
 
 
 
 
 
 
 
 
 
 
 
 
 
 
 
 
 
 
 
 
 
 
 
 
 
 
 
 
 
 
 
 
 
 
 
 
 
 
 
 
 
 
 
 
 
 
 
 
 
 
 
 
 
 
 
 
 
 
 
 
 
 
 
 
 
 
 
 
 
 
 
 
 
 
 
 
 
 
 
 
 
 
 
 
 
 
 
 
 
 
 
 
 
 
 
 
 
 
 
 
 
 
 
 
 
 
 
 
 
 
 
 
 
 
 
 
 
 
 
 
 
 
 
 
 
 
 
 
 
 
 
 
 
 
 
 
 
 
 
 
 
 
 
 
 
 
 
 
 
 
 
 
 
 
 
 
 
 
 
 
 
 
 
 
 
 
 
 
 
 
 
 
 
 
 
 
 
 
 
 
 
 
 
 
 
 
 
 
 
 
 
 
 
 
 
 
 
 
 
 
 
 
 
 
 
 
 
 
 
 
 
 
 
 
 
 
 
 
 
 
 
 
 
 
 
 
 
 
 
 
 
 
 
 
 
 
 
 
 
 
 
 
 
 
 
 
 
 
 
 
 
 
 
 
 
 
 
 
 
 
 
 
 
 
 
 
 
 
 
 
 
 
 
 
 
 
 
 
 
 
 
 
 
 
 
 
 
 
 
 
 
 
 
 
 
 
 
 
 
 
 
 
 
 
 
 
 
 
 
 
 
 
 
 
 
 
 
 
 
 
 
 
 
 
 
 
 
 
 
 
 
 
 
 
 
 
 
 
 
 
 
 
 
 
 
 
 
 
 
 
 
 
 
 
 
 
 
 
 
 
 
 
 
 
 
 
 
 
 
 
 
 
 
 
 
 
 
 
 
 
 
 
 
 
 
 
 
 
 
 
 
 
 
 
 
 
 
 
 
 
 
 
 
 
 
 
 
 
 
 
 
 
 
 
 
 
 
 
 
 
 
 
 
 
 
 
 
 
 
 
 
 
 
 
 
 
 
 
 
 
 
 
 
 
 
 
 
 
 
 
 
 
 
 
 
 
 
 
 
 
 
 
 
 
 
 
 
 
 
 
 
 
 
 
 
 
 
 
 
 
 
 
 
 
 
 
 
 
 
 
 
 
 
 
 
 
 
 
 
 
 
 
 
 
 
 
 
 
 
 
 
 
 
 
 
 
 
 
 
 
 
 
 
 
 
 
 
 
 
 
 
 
 
 
 
 
 
 
 
 
 
 
 
 
 
 
 
 
 
 
 
 
 
 
 
 
 
 
 
 
 
 
 
 
 
 
 
 
 
 
 
 
 
 
 
 
 
 
 
 
 
 
 
 
 
 
 
 
 
 
 
 
 
 
 
 
 
 
 
 
 
 
 
 
 
 
 
 
 
 
 
 
 
 
 
 
 
 
 
 
 
 
 
 
 
 
 
 
 
 
 
 
 
 
 
 
 
 
 
 
 
 
 
 
 
 
 
 
 
 
 
 
 
 
 
 
 
 
 
 
 
 
 
 
 
 
 
 
 
 
 
 
 
 
 
 
 
 
 
 
 
 
 
 
 
 
 
 
 
 
 
 
 
 
 
 
 
 
 
 
 
 
 
 
 
 
 
 
 
 
 
 
 
 
 
 
 
 
 
 
 
 
 
 
 
 
 
 
 
 
 
 
 
 
 
 
 
 
 
 
 
 
 
 
 
 
 
 
 
 
 
 
 
 
 
 
 
 
 
 
 
 
 
 
 
 
 
 
 
 
 
 
 
 
 
 
 
 
 
 
 
 
 
 
 
 
 
 
 
 
 
 
 
 
 
 
 
 
 
 
 
 
 
 
 
 
 
 
 
 
 
 
 
 
 
 
 
 
 
 
 
 
 
 
 
 
 
 
 
 
 
 
 
 
 
 
 
 
 
 
 
 
 
 
 
 
 
 
 
 
 
 
 
 
 
 
 
 
 
 
 
 
 
 
 
 
 
 
 
 
 
 
 
 
 
 
 
 
 
 
 
 
 
 
 
 
 
 
 
 
 
 
 
 
 
 
 
 
 
 
 
 
 
 
 
 
 
 
 
 
 
 
 
 
 
 
 
 
 
 
 
 
 
 
 
 
 
 
 
 
 
 
 
 
 
 
 
 
 
 
 
 
 
 
 
 
 
 
 
 
 
 
 
 
 
 
 
 
 
 
 
 
 
 
 
 
 
 
 
 
 
 
 
 
 
 
 
 
 
 
 
 
 
 
 
 
 
 
 
 
 
 
 
 
 
 
 
 
 
 
 
 
 
 
 
 
 
 
 
 
 
 
 
 
 
 
 
 
 
 
 
 
 
 
 
 
 
 
 
 
 
 
 
 
 
 
 
 
 
 
 
 
 
 
 
 
 
 
 
 
 
 
 
 
 
 
 
 
 
 
 
 
 
 
 
 
 
 
 
 
 
 
 
 
 
 
 
 
 
 
 
 
 
 
 
 
 
 
 
 
 
 
 
 
 
 
 
 
 
 
 
 
 
 
 
 
 
 
 
 
 
 
 
 
 
 
 
 
 
 
 
 
 
 
 
 
 
 
 
 
 
 
 
 
 
 
 
 
 
 
 
 
 
 
 
 
 
 
 
 
 
 
 
 
 
 
 
 
 
 
 
 
 
 
 
 
 
 
 
 
 
 
 
 
 
 
 
 
 
 
 
 
 
 
 
 
 
 
 
 
 
 
 
 
 
 
 
 
 
 
 
 
 
 
 
 
 
 
 
 
 
 
 
 
 
 
 
 
 
 
 
 
 
 
 
 
 
 
 
 
 
 
 
 
 
 
 
 
 
 
 
 
 
 
 
 
 
 
 
 
 
 
 
 
 
 
 
 
 
 
 
 
 
 
 
 
 
 
 
 
 
 
 
 
 
 
 
 
 
 
 
 
 
 
 
 
 
 
 
 
 
 
 
 
 
 
 
 
 
 
 
 
 
 
 
 
 
 
 
 
 
 
 
 
 
 
 
 
 
 
 
 
 
 
 
 
 
 
 
 
 
 
 
 
 
 
 
 
 
 
 
 
 
 
 
 
 
 
 
 
 
 
 
 
 
 
 
 
 
 
 
 
 
 
 
 
 
 
 
 
 
 
 
 
 
 
 
 
 
 
 
 
 
 
 
 
 
 
 
 
 
 
 
 
 
 
 
 
 
 
 
 
 
 
 
 
 
 
 
 
 
 
 
 
 
 
 
 
 
 
 
 
 
 
 
 
 
 
 
 
 
 
 
 
 
 
 
 
 
 
 
 
 
 
 
 
 
 
 
 
 
 
 
 
 
 
 
 
 
 
 
 
 
 
 
 
 
 
 
 
 
 
 
 
 
 
 
 
 
 
 
 
 
 
 
 
 
 
 
 
 
 
 
 
 
 
 
 
 
 
 
 
 
 
 
 
 
 
 
 
 
 
 
 
 
 
 
 
 
 
 
 
 
 
 
 
 
 
 
 
 
 
 
 
 
 
 
 
 
 
 
 
 
 
 
 
 
 
 
 
 
 
 
 
 
 
 
 
 
 
 
 
 
 
 
 
 
 
 
 
 
 
 
 
 
 
 
 
 
 
 
 
 
 
 
 
 
 
 
 
 
 
 
 
 
 
 
 
 
 
 
 
 
 
 
 
 
 
 
 
 
 
 
 
 
 
 
 
 
 
 
 
 
 
 
 
 
 
 
 
 
 
 
 
 
 
 
 
 
 
 
 
 
 
 
 
 
 
 
 
 
 
 
 
 
 
 
 
 
 
 
 
 
 
 
 
 
 
 
 
 
 
 
 
 
 
 
 
 
 
 
 
 
 
 
 
 
 
 
 
 
 
 
 
 
 
 
 
 
 
 
 
 
 
 
 
 
 
 
 
 
 
 
 
 
 
 
 
 
 
 
 
 
 
 
 
 
 
 
 
 
 
 
 
 
 
 
 
 
 
 
 
 
 
 
 
 
 
 
 
 
 
 
 
 
 
 
 
 
 
 
 
 
 
 
 
 
 
 
 
 
 
 
 
 
 
 
 
 
 
 
 
 
 
 
 
 
 
 
 
 
 
 
 
 
 
 
 
 
 
 
 
 
 
 
 
 
 
 
 
 
 
 
 
 
 
 
 
 
 
 
 
 
 
 
 
 
 
 
 
 
 
 
 
 
 
 
 
 
 
 
 
 
 
 
 
 
 
 
 
 
 
 
 
 
 
 
 
 
 
 
 
 
 
 
 
 
 
 
 
 
 
 
 
 
 
 
 
 
 
 
 
 
 
 
 
 
 
 
 
 
 
 
 
 
 
 
 
 
 
 
 
 
 
 
 
 
 
 
 
 
 
 
 
 
 
 
 
 
 
 
 
 
 
 
 
 
 
 
 
 
 
 
 
 
 
 
 
 
 
 
 
 
 
 
 
 
 
 
 
 
 
 
 
 
 
 
 
 
 
 
 
 
 
 
 
 
 
 
 
 
 
 
 
 
 
 
 
 
 
 
 
 
 
 
 
 
 
 
 
 
 
 
 
 
 
 
 
 
 
 
 
 
 
 
 
 
 
 
 
 
 
 
 
 
 
 
 
 
 
 
 
 
 
 
 
 
 
 
 
 
 
 
 
 
 
 
 
 
 
 
 
 
 
 
 
 
 
 
 
 
 
 
 
 
 
 
 
 
 
 
 
 
 
 
 
 
 
 
 
 
 
 
 
 
 
 
 
 
 
 
 
 
 
 
 
 
 
 
 
 
 
 
 
 
 
 
 
 
 
 
 
 
 
 
 
 
 
 
 
 
 
 
 
 
 
 
 
 
 
 
 
 
 
 
 
 
 
 
 
 
 
 
 
 
 
 
 
 
 
 
 
 
 
 
 
 
 
 
 
 
 
 
 
 
 
 
 
 
 
 
 
 
 
 
 
 
 
 
 
 
 
 
 
 
 
 
 
 
 
 
 
 
 
 
 
 
 
 
 
 
 
 
 
 
 
 
 
 
 
 
 
 
 
 
 
 
 
 
 
 
 
 
 
 
 
 
 
 
 
 
 
 
 
 
 
 
 
 
 
 
 
 
 
 
 
 
 
 
 
 
 
 
 
 
 
 
 
 
 
 
 
 
 
 
 
 
 
 
 
 
 
 
 
 
 
 
 
 
 
 
 
 
 
 
 
 
 
 
 
 
 
 
 
 
 
 
 
 
 
 
 
 
 
 
 
 
 
 
 
 
 
 
 
 
 
 
 
 
 
 
 
 
 
 
 
 
 
 
 
 
 
 
 
 
 
 
 
 
 
 
 
 
 
 
 
 
 
 
 
 
 
 
 
 
 
 
 
 
 
 
 
 
 
 
 
 
 
 
 
 
 
 
 
 
 
 
 
 
 
 
 
 
 
 
 
 
 
 
 
 
 
 
 
 
 
 
 
 
 
 
 
 
 
 
 
 
 
 
 
 
 
 
 
 
 
 
 
 
 
 
 
 
 
 
 
 
 
 
 
 
 
 
 
 
 
 
 
 
 
 
 
 
 
 
 
 
 
 
 
 
 
 
 
 
 
 
 
 
 
 
 
 
 
 
 
 
 
 
 
 
 
 
 
 
 
 
 
 
 
 
 
 
 
 
 
 
 
 
 
 
 
 
 
 
 
 
 
 
 
 
 
 
 
 
 
 
 
 
 
 
 
 
 
 
 
 
 
 
 
 
 
 
 
 
 
 
 
 
 
 
 
 
 
 
 
 
 
 
 
 
 
 
 
 
 
 
 
 
 
 
 
 
 
 
 
 
 
 
 
 
 
 
 
 
 
 
 
 
 
 
 
 
 
 
 
 
 
 
 
 
 
 
 
 
 
 
 
 
 
 
 
 
 
 
 
 
 
 
 
 
 
 
 
 
 
 
 
 
 
 
 
 
 
 
 
 
 
 
 
 
 
 
 
 
 
 
 
 
 
 
 
 
 
 
 
 
 
 
 
 
 
 
 
 
 
 
 
 
 
 
 
 
 
 
 
 
 
 
 
 
 
 
 
 
 
 
 
 
 
 
 
 
 
 
 
 
 
 
 
 
 
 
 
 
 
 
 
 
 
 
 
 
 
 
 
 
 
 
 
 
 
 
 
 
 
 
 
 
 
 
 
 
 
 
 
 
 
 
 
 
 
 
 
 
 
 
 
 
 
 
 
 
 
 
 
 
 
 
 
 
 
 
 
 
 
 
 
 
 
 
 
 
 
 
 
 
 
 
 
 
 
 
 
 
 
 
 
 
 
 
 
 
 
 
 
 
 
 
 
 
 
 
 
 
 
 
 
 
 
 
 
 
 
 
 
 
 
 
 
 
 
 
 
 
 
 
 
 
 
 
 
 
 
 
 
 
 
 
 
 
 
 
 
 
 
 
 
 
 
 
 
 
 
 
 
 
 
 
 
 
 
 
 
 
 
 
 
 
 
 
 
 
 
 
 
 
 
 
 
 
 
 
 
 
 
 
 
 
 
 
 
 
 
 
 
 
 
 
 
 
 
 
 
 
 
 
 
 
 
 
 
 
 
 
 
 
 
 
 
 
 
 
 
 
 
 
 
 
 
 
 
 
 
 
 
 
 
 
 
 
 
 
 
 
 
 
 
 
 
 
 
 
 
 
 
 
 
 
 
 
 
 
 
 
 
 
 
 
 
 
 
 
 
 
 
 
 
 
 
 
 
 
 
 
 
 
 
 
 
 
 
 
 
 
 
 
 
 
 
 
 
 
 
 
 
 
 
 
 
 
 
 
 
 
 
 
 
 
 
 
 
 
 
 
 
 
 
 
 
 
 
 
 
 
 
 
 
 
 
 
 
 
 
 
 
 
 
 
 
 
 
 
 
 
 
 
 
 
 
 
 
 
 
 
 
 
 
 
 
 
 
 
 
 
 
 
 
 
 
 
 
 
 
 
 
 
 
 
 
 
 
 
 
 
 
 
 
 
 
 
 
 
 
 
 
 
 
 
 
 
 
 
 
 
 
 
 
 
 
 
 
 
 
 
 
 
 
 
 
 
 
 
 
 
 
 
 
 
 
 
 
 
 
 
 
 
 
 
 
 
 
 
 
 
 
 
 
 
 
 
 
 
 
 
 
 
 
 
 
 
 
 
 
 
 
 
 
 
 
 
 
 
 
 
 
 
 
 
 
 
 
 
 
 
 
 
 
 
 
 
 
 
 
 
 
 
 
 
 
 
 
 
 
 
 
 
 
 
 
 
 
 
 
 
 
 
 
 
 
 
 
 
 
 
 
 
 
 
 
 
 
 
 
 
 
 
 
 
 
 
 
 
 
 
 
 
 
 
 
 
 
 
 
 
 
 
 
 
 
 
 
 
 
 
 
 
 
 
 
 
 
 
 
 
 
 
 
 
 
 
 
 
 
 
 
 
 
 
 
 
 
 
 
 
 
 
 
 
 
 
 
 
 
 
 
 
 
 
 
 
 
 
 
 
 
 
 
 
 
 
 
 
 
 
 
 
 
 
 
 
 
 
 
 
 
 
 
 
 
 
 
 
 
 
 
 
 
 
 
 
 
 
 
 
 
 
 
 
 
 
 
 
 
 
 
 
 
 
 
 
 
 
 
 
 
 
 
 
 
 
 
 
 
 
 
 
 
 
 
 
 
 
 
 
 
 
 
 
 
 
 
 
 
 
 
 
 
 
 
 
 
 
 
 
 
 
 
 
 
 
 
 
 
 
 
 
 
 
 
 
 
 
 
 
 
 
 
 
 
 
 
 
 
 
 
 
 
 
 
 
 
 
 
 
 
 
 
 
 
 
 
 
 
 
 
 
 
 
 
 
 
 
 
 
 
 
 
 
 
 
 
 
 
 
 
 
 
 
 
 
 
 
 
 
 
 
 
 
 
 
 
 
 
 
 
 
 
 
 
 
 
 
 
 
 
 
 
 
 
 
 
 
 
 
 
 
 
 
 
 
 
 
 
 
 
 
 
 
 
 
 
 
 
 
 
 
 
 
 
 
 
 
 
 
 
 
 
 
 
 
 
 
 
 
 
 
 
 
 
 
 
 
 
 
 
 
 
 
 
 
 
 
 
 
 
 
 
 
 
 
 
 
 
 
 
 
 
 
 
 
 
 
 
 
 
 
 
 
 
 
 
 
 
 
 
 
 
 
 
 
 
 
 
 
 
 
 
 
 
 
 
 
 
 
 
 
 
 
 
 
 
 
 
 
 
 
 
 
 
 
 
 
 
 
 
 
 
 
 
 
 
 
 
 
 
 
 
 
 
 
 
 
 
 
 
 
 
 
 
 
 
 
 
 
 
 
 
 
 
 
 
 
 
 
 
 
 
 
 
 
 
 
 
 
 
 
 
 
 
 
 
 
 
 
 
 
 
 
 
 
 
 
 
 
 
 
 
 
 
 
 
 
 
 
 
 
 
 
 
 
 
 
 
 
 
 
 
 
 
 
 
 
 
 
 
 
 
 
 
 
 
 
 
 
 
 
 
 
 
 
 
 
 
 
 
 
 
 
 
 
 
 
 
 
 
 
 
 
 
 
 
 
 
 
 
 
 
 
 
 
 
 
 
 
 
 
 
 
 
 
 
 
 
 
 
 
 
 
 
 
 
 
 
 
 
 
 
 
 
 
 
 
 
 
 
 
 
 
 
 
 
 
 
 
 
 
 
 
 
 
 
 
 
 
 
 
 
 
 
 
 
 
 
 
 
 
 
 
 
 
 
 
 
 
 
 
 
 
 
 
 
 
 
 
 
 
 
 
 
 
 
 
 
 
 
 
 
 
 
 
 
 
 
 
 
 
 
 
 
 
 
 
 
 
 
 
 
 
 
 
 
 
 
 
 
 
 
 
 
 
 
 
 
 
 
 
 
 
 
 
 
 
 
 
 
 
 
 
 
 
 
 
 
 
 
 
 
 
 
 
 
 
 
 
 
 
 
 
 
 
 
 
 
 
 
 
 
 
 
 
 
 
 
 
 
 
 
 
 
 
 
 
 
 
 
 
 
 
 
 
 
 
 
 
 
 
 
 
 
 
 
 
 
 
 
 
 
 
 
 
 
 
 
 
 
 
 
 
 
 
 
 
 
 
 
 
 
 
 
 
 
 
 
 
 
 
 
 
 
 
 
 
 
 
 
 
 
 
 
 
 
 
 
 
 
 
 
 
 
 
 
 
 
 
 
 
 
 
 
 
 
 
 
 
 
 
 
 
 
 
 
 
 
 
 
 
 
 
 
 
 
 
 
 
 
 
 
 
 
 
 
 
 
 
 
 
 
 
 
 
 
 
 
 
 
 
 
 
 
 
 
 
 
 
 
 
 
 
 
 
 
 
 
 
 
 
 
 
 
 
 
 
 
 
 
 
 
 
 
 
 
 
 
 
 
 
 
 
 
 
 
 
 
 
 
 
 
 
 
 
 
 
 
 
 
 
 
 
 
 
 
 
 
 
 
 
 
 
 
 
 
 
 
 
 
 
 
 
 
 
 
 
 
 
 
 
 
 
 
 
 
 
 
 
 
 
 
 
 
 
 
 
 
 
 
 
 
 
 
 
 
 
 
 
 
 
 
 
 
 
 
 
 
 
 
 
 
 
 
 
 
 
 
 
 
 
 
 
 
 
 
 
 
 
 
 
 
 
 
 
 
 
 
 
 
 
 
 
 
 
 
 
 
 
 
 
 
 
 
 
 
 
 
 
 
 
 
 
 
 
 
 
 
 
 
 
 
 
 
 
 
 
 
 
 
 
 
 
 
 
 
 
 
 
 
 
 
 
 
 
 
 
 
 
 
 
 
 
 
 
 
 
 
 
 
 
 
 
 
 
 
 
 
 
 
 
 
 
 
 
 
 
 
 
 
 
 
 
 
 
 
 
 
 
 
 
 
 
 
 
 
