0.0 0.0
0.01 2.3356956e-07
0.02 2.34604631e-07
0.03 2.37242829e-07
0.04 2.40187518e-07
0.05 2.42630405e-07
0.06 2.51933719e-07
0.07 3.02342684e-07
0.08 4.31808071e-07
0.09 5.59897328e-07
0.1 4.18887647e-07
0.11 -2.27305113e-07
0.12 -1.21979418e-06
0.13 -2.011075003e-06
0.14 -2.591880724e-06
0.15 -4.110169527e-06
0.16 -6.74047367e-06
0.17 -7.934860852e-06
0.18 -6.222125612e-06
0.19 -3.940956077e-06
0.2 -3.941764034e-06
0.21 -6.198097882e-06
0.22 -5.772530829e-06
0.23 1.000751165e-06
0.24 9.338067124e-06
0.25 1.4499289246e-05
0.26 1.0948891812e-05
0.27 -7.219192744e-06
0.28 -2.5535148654e-05
0.29 -2.6245805754e-05
0.3 -1.7819962222e-05
0.31 -1.2047267809e-05
0.32 -4.221138504e-06
0.33 8.648231193e-06
0.34 1.5002734461e-05
0.35 2.902680423e-06
0.36 -1.6416913805e-05
0.37 -2.3979335978e-05
0.38 -1.8191271635e-05
0.39 -1.6488170228e-05
0.4 -4.0962058043e-05
0.41 -8.7046824998e-05
0.42 -0.000130622500404
0.43 -0.000125781100712
0.44 -3.4935928572e-05
0.45 6.4184495796e-05
0.46 6.7898532549e-05
0.47 2.2835914408e-05
0.48 1.8896708245e-05
0.49 5.0034706649e-05
0.5 7.854275005e-05
0.51 3.60969867e-05
0.52 -0.000124630486561
0.53 -0.00026816955919
0.54 -0.000255638847483
0.55 -0.000139300955538
0.56 -3.5333834447e-05
0.57 -9.753576732e-06
0.58 -2.2680461584e-05
0.59 1.5749786495e-05
0.6 5.8123249911e-05
0.61 3.5889345321e-05
0.62 -1.5852791287e-05
0.63 -4.9477118126e-05
0.64 -4.5920028748e-05
0.65 -2.6355781089e-05
0.66 -2.790578721e-06
0.67 -6.2868000714e-05
0.68 -0.000192272527497
0.69 -0.000155129333482
0.7 -4.1112214087e-05
0.71 -0.000101056011017
0.72 -0.000138853697802
0.73 -2.2346101505e-05
0.74 -9.192734679e-06
0.75 -9.657164684e-05
0.76 -6.661804029e-06
0.77 0.000147690039509
0.78 7.1574625781e-05
0.79 -0.000220863492486
0.8 -0.00043694937161
0.81 -0.000427836037442
0.82 -0.00037677856165
0.83 -0.000320587774083
0.84 -0.000162530225121
0.85 -1.9486691953e-05
0.86 3.8098542826e-05
0.87 0.000171706694245
0.88 0.000266230945284
0.89 5.0852519764e-05
0.9 -0.000222380479595
0.91 -0.00028255118905
0.92 -0.000342402055299
0.93 -0.00028979475418
0.94 2.9901742006e-05
0.95 0.000176453025025
0.96 -4.040099037e-06
0.97 -0.000201311126489
0.98 -0.00026055202054
0.99 -0.000130555728026
1.0 -7.2422393664e-05
1.01 -0.000276142862935
1.02 -0.000334861168174
1.03 -6.4046614268e-05
1.04 0.000321363303548
1.05 0.000740690212514
1.06 0.000992685029004
1.07 0.000593312697643
1.08 -0.000287469160954
1.09 -0.000714871955769
1.1 -0.000391918099012
1.11 -0.000186121497805
1.12 -0.00048066836333
1.13 -0.000599392301211
1.14 -8.8994796818e-05
1.15 0.000467446603866
1.16 0.000610009342229
1.17 0.000767326188754
1.18 0.000868174987154
1.19 0.000362530973829
1.2 -0.000248790564531
1.21 -0.000113375824099
1.22 0.000267489203012
1.23 0.00024382856798
1.24 -0.000117611040295
1.25 -0.000156841265448
1.26 0.000226720255506
1.27 -4.4396935809e-05
1.28 -0.000894643556442
1.29 -0.001052227866993
1.3 -0.000891222939469
1.31 -0.001417311959841
1.32 -0.001752666836819
1.33 -0.000918354421167
1.34 0.000296410346942
1.35 0.000764630035358
1.36 0.000649272162451
1.37 0.000581864737992
1.38 0.000361176025748
1.39 -0.000500222243896
1.4 -0.001225246202314
1.41 -0.001201914691018
1.42 -0.001343264959797
1.43 -0.00186430647963
1.44 -0.001755998714239
1.45 -0.000899065199001
1.46 -0.000160670006624
1.47 8.265430563e-05
1.48 0.000333105376363
1.49 0.000787991837997
1.5 0.000625975045971
1.51 8.5230240804e-05
1.52 0.000475754684049
1.53 0.001638366082571
1.54 0.002316257453602
1.55 0.002211656635789
1.56 0.001747616390092
1.57 0.000708719833989
1.58 -0.000706033010335
1.59 -0.00100825230269
1.6 -0.000249445775257
1.61 -0.000353611957382
1.62 -0.001270646931339
1.63 -0.001307309048639
1.64 3.8740341501e-05
1.65 0.002192123026703
1.66 0.003484340072113
1.67 0.003019695205687
1.68 0.001789939673833
1.69 0.000361006873954
1.7 -0.001343928366425
1.71 -0.002147541232194
1.72 -0.001845565621634
1.73 -0.001813264935139
1.74 -0.002485614452815
1.75 -0.002274584530587
1.76 -0.001051863284404
1.77 -0.00030299342554
1.78 -0.000281082384147
1.79 -0.000560882164595
1.8 -0.001246563660205
1.81 -0.001835267252804
1.82 -0.001842897423599
1.83 -0.001356227189106
1.84 -0.000392193176535
1.85 0.000694631511364
1.86 0.001278186405934
1.87 0.00159073674088
1.88 0.001523490146659
1.89 0.000561376819971
1.9 -0.000777382870645
1.91 -0.001411489616889
1.92 -0.001780703043979
1.93 -0.001651877271656
1.94 -0.000151164291825
1.95 0.001431949616902
1.96 0.001836036715603
1.97 0.002073285604321
1.98 0.002839823573472
1.99 0.003398173406877
2.0 0.003489626371238
2.01 0.002516243289175
2.02 0.000111131049683
2.03 -0.001508621992296
2.04 -0.000891134214293
2.05 -0.000189727050795
2.06 -0.000566195827401
2.07 -0.000740948218103
2.08 -0.00057825404266
2.09 -0.000652446653094
2.1 -0.000219179698086
2.11 0.000592769263226
2.12 0.000369090210653
2.13 -0.000797981257937
2.14 -0.001454609953399
2.15 -0.001304929663611
2.16 -0.000745564582121
2.17 -0.000381309003128
2.18 -0.000902768421303
2.19 -0.00130436364686
2.2 -0.000909851658632
2.21 -0.000732366212295
2.22 -0.000967038501449
2.23 -0.001221971533068
2.24 -0.001930378086856
2.25 -0.002858576932719
2.26 -0.002303852980081
2.27 -0.000136760794379
2.28 0.001313781400801
2.29 0.001598759140934
2.3 0.001988976928837
2.31 0.002507626729422
2.32 0.002481677479402
2.33 0.002235423074153
2.34 0.001789566684424
2.35 0.000784802460836
2.36 -0.000549842142307
2.37 -0.002039726093332
2.38 -0.002523918019162
2.39 -0.001355934927804
2.4 -0.000158460691031
2.41 0.000448581225992
2.42 0.001416444941336
2.43 0.002284600388368
2.44 0.002009781902521
2.45 0.001782846989566
2.46 0.002226906667506
2.47 0.001950871956074
2.48 0.00097613948962
2.49 0.000347798553354
2.5 -0.00030639227135
2.51 -0.001455932159515
2.52 -0.002373192314035
2.53 -0.002475807714803
2.54 -0.001841723481819
2.55 -0.001102670149493
2.56 -0.000537661952699
2.57 5.8892441212e-05
2.58 0.001208260563902
2.59 0.002234957316916
2.6 0.002125012471485
2.61 0.001628740229406
2.62 0.001109406026517
2.63 -0.000470303410454
2.64 -0.002879575377022
2.65 -0.004689085406354
2.66 -0.004894531147245
2.67 -0.003940153585809
2.68 -0.002939020665545
2.69 -0.002400755145527
2.7 -0.001743767453603
2.71 -0.000809687773572
2.72 -0.000239813833765
2.73 0.000740018195084
2.74 0.002812853345165
2.75 0.003343595412364
2.76 0.002201076322892
2.77 0.001860250093936
2.78 0.002672920108414
2.79 0.00318403258552
2.8 0.002672926575435
2.81 0.000914010075584
2.82 -0.002612800775647
2.83 -0.006171578420577
2.84 -0.005976778063078
2.85 -0.004117612630834
2.86 -0.001943049726192
2.87 0.001112642864626
2.88 0.003857875156514
2.89 0.006202022687936
2.9 0.0076692701151
2.91 0.00695469188015
2.92 0.003724651418898
2.93 -0.000813767082948
2.94 -0.005370733977786
2.95 -0.008629214069557
2.96 -0.009848725787295
2.97 -0.010324093826992
2.98 -0.010698647883049
2.99 -0.009025005253458
3.0 -0.005911885493546
3.01 -0.003079834510963
3.02 -0.002928833719593
3.03 -0.003701101498197
3.04 -0.005195958334502
3.05 -0.004955325216945
3.06 -0.001297350179531
3.07 0.003810730520113
3.08 0.006109321795389
3.09 0.00704619026564
3.1 0.005547227281846
3.11 0.001444919785508
3.12 -0.003779814095175
3.13 -0.008421401566001
3.14 -0.009901473400977
3.15 -0.007983467110695
3.16 -0.005124473312814
3.17 -0.000764190092781
3.18 0.00314568235739
3.19 0.005695726429093
3.2 0.007686780882572
3.21 0.008898053127412
3.22 0.007373569516955
3.23 0.003331860895523
3.24 -0.001777988357342
3.25 -0.005195326401403
3.26 -0.004762105723873
3.27 -0.002200268407639
3.28 0.000417870557904
3.29 0.001911749200713
3.3 0.001424846239257
3.31 -0.000341439343382
3.32 -0.002334407101319
3.33 -0.00473126009753
3.34 -0.006769963379447
3.35 -0.006590170787014
3.36 -0.002515610079599
3.37 0.003582719406123
3.38 0.007005922142252
3.39 0.006543397336209
3.4 0.004235428628644
3.41 0.000933420563194
3.42 -0.000141557267633
3.43 0.00014544438027
3.44 -0.001049264344258
3.45 -0.002358499476709
3.46 -0.002777317872615
3.47 -0.002100840046548
3.48 -0.001353629768103
3.49 -0.001285537422971
3.5 -0.002865429815614
3.51 -0.005311814034608
3.52 -0.008208698830942
3.53 -0.010186747507069
3.54 -0.009438955286487
3.55 -0.005073850270131
3.56 0.002551738267129
3.57 0.011566832131885
3.58 0.016519530989307
3.59 0.016317549004198
3.6 0.010614235765705
3.61 0.002966112089534
3.62 -0.002135814343588
3.63 -0.003360368821907
3.64 -0.003538649049805
3.65 -0.002335431553162
3.66 -0.000790546667823
3.67 0.0006740257394
3.68 0.003067997096248
3.69 0.006000034270696
3.7 0.007098459124579
3.71 0.007111877768618
3.72 0.004570185395694
3.73 0.002248045866218
3.74 0.004302111108291
3.75 0.010663626707041
3.76 0.01746867542776
3.77 0.019753367704593
3.78 0.018788831227546
3.79 0.013106610407686
3.8 0.001366067249339
3.81 -0.013459524852775
3.82 -0.021831919093883
3.83 -0.023273093011049
3.84 -0.021574896409351
3.85 -0.016223566643591
3.86 -0.008014701392771
3.87 0.000772117047548
3.88 0.010690626634804
3.89 0.02198547326684
3.9 0.033268474335578
3.91 0.03464048556093
3.92 0.028297454012173
3.93 0.014104008696953
3.94 -0.000999867574592
3.95 -0.014655568997946
3.96 -0.023513981398696
3.97 -0.02437652532462
3.98 -0.02073378825998
3.99 -0.015870156918672
4.0 -0.01077778651149
4.01 -0.003547957377109
4.02 0.005805302885343
4.03 0.014675103828405
4.04 0.020254662223409
4.05 0.022733989990616
4.06 0.02028832748559
4.07 0.011298172772389
4.08 -6.8624554996e-05
4.09 -0.006950726574982
4.1 -0.008452285420315
4.11 -0.007425811297436
4.12 -0.008409469891496
4.13 -0.011400105953377
4.14 -0.014418203632213
4.15 -0.013886777804392
4.16 -0.006720979261891
4.17 0.007231988016167
4.18 0.019607617655975
4.19 0.0279981157594
4.2 0.029025160882293
4.21 0.025556690761985
4.22 0.017015925555685
4.23 0.00721465162372
4.24 -0.007766264764339
4.25 -0.015267411862772
4.26 -0.021963026145671
4.27 -0.024756055201696
4.28 -0.019324304113808
4.29 -0.008774404989742
4.3 0.003983237686209
4.31 0.011929021788703
4.32 0.014184429199939
4.33 0.013231739343145
4.34 0.015343444861667
4.35 0.014948303045442
4.36 0.009884699990677
4.37 0.004967948356967
4.38 0.004423989113361
4.39 0.007019063058684
4.4 0.010018925028696
4.41 0.013710172617133
4.42 0.016063925736474
4.43 0.011243240831195
4.44 -0.001681643531021
4.45 -0.026500996491303
4.46 -0.030148988385549
4.47 -0.028924070220557
4.48 -0.026696234613728
4.49 -0.017984949663564
4.5 -0.007533217564683
4.51 0.013796559917337
4.52 0.043473407926166
4.53 0.057743700282923
4.54 0.068519288338444
4.55 0.065141512141295
4.56 0.051808780842118
4.57 0.035426290112252
4.58 0.024430683377493
4.59 0.014869708059058
4.6 0.011377386679911
4.61 -0.007631603785827
4.62 -0.044824640742739
4.63 -0.052225739660379
4.64 -0.050239609478927
4.65 -0.036326181322683
4.66 -0.037395589675868
4.67 -0.037919257081789
4.68 -0.03859669466325
4.69 -0.036416413325221
4.7 -0.031129242345719
4.71 -0.010531416520041
4.72 0.008006418385042
4.73 0.025227575365625
4.74 0.032424090671077
4.75 0.031998339593409
4.76 0.034629020253081
4.77 0.042264059599053
4.78 0.047654628891402
4.79 0.048894098678364
4.8 0.055913348431187
4.81 0.05447201297896
4.82 0.050233512549667
4.83 0.038510815406806
4.84 0.02836430681969
4.85 0.035539513123363
4.86 0.045287413528945
4.87 0.040668077352298
4.88 0.03820833843514
4.89 0.059012879715507
4.9 0.077565594897431
4.91 0.101451090349349
4.92 0.119387701713806
4.93 0.125646538897384
4.94 0.111787163378959
4.95 0.079661911141038
4.96 0.055145801990881
4.97 0.047502853701114
4.98 0.040299560918625
4.99 0.031863750768077
5.0 0.025203917852207
5.01 0.011087730608644
5.02 0.001607355174407
5.03 -0.001576463435532
5.04 -0.00673538056293
5.05 -0.004349602940743
5.06 0.006382672706128
5.07 0.011445254182431
5.08 0.005370287420915
5.09 -0.007281660532615
5.1 -0.023986567979469
5.11 -0.038581014495097
5.12 -0.045974982274956
5.13 -0.054560673749323
5.14 -0.071505882801264
5.15 -0.09089725031047
5.16 -0.118290012368885
5.17 -0.149012438356757
5.18 -0.164765750611998
5.19 -0.166239977318669
5.2 -0.151074433749466
5.21 -0.123697740445797
5.22 -0.094677965937196
5.23 -0.088145864660417
5.24 -0.092800563123075
5.25 -0.096868846921257
5.26 -0.102300887761956
5.27 -0.111555983116422
5.28 -0.114357613064074
5.29 -0.098420365522759
5.3 0.010960406502376
5.31 -0.080023038533234
5.32 -0.022940339151755
5.33 -0.054093782643612
5.34 -0.016858202195393
5.35 -0.017357661449157
5.36 0.004121690884996
5.37 0.022711012292189
5.38 0.015726280193053
5.39 0.021077296092102
5.4 0.014365580615643
5.41 0.014020442354463
5.42 0.012476577725843
5.43 0.014369946599531
5.44 0.02604601505491
5.45 0.020787966172073
5.46 0.005200378095483
5.47 0.008550258238477
5.48 0.025824774492705
5.49 0.013209990173478
5.5 0.030761464288985
5.51 0.049459425201327
5.52 0.075524764840141
5.53 0.093722394889587
5.54 0.109523658792729
5.55 0.114966378345925
5.56 0.107205007358615
5.57 0.060659331596189
5.58 -0.002138035116494
5.59 -0.049262924661811
5.6 -0.062646947246202
5.61 -0.076982896553547
5.62 -0.080055302110058
5.63 -0.081809120469654
5.64 -0.063840334591797
5.65 -0.043703434195887
5.66 -0.041765299169579
5.67 -0.033011940153791
5.68 -0.034060915890215
5.69 -0.032746231728508
5.7 -0.039423251287294
5.71 -0.061642443151076
5.72 -0.087627957560061
5.73 -0.117459237428694
5.74 -0.127660880724974
5.75 -0.129202281313501
5.76 -0.134393060914983
5.77 -0.134628312177586
5.78 -0.136544705657049
5.79 -0.135387749653485
5.8 -0.123516431690049
5.81 -0.107884347952303
5.82 -0.079665924111571
5.83 -0.099316509890453
5.84 -0.103860813517044
5.85 -0.103622172987716
5.86 -0.108546375206819
5.87 -0.096445899000522
5.88 -0.060059106180158
5.89 -0.052747596667889
5.9 -0.051119401580386
5.91 -0.04573076155503
5.92 -0.054293719070783
5.93 -0.065579652578973
5.94 -0.079402293106614
5.95 -0.126539884374748
5.96 -0.13288264314855
5.97 -0.142442834689784
5.98 -0.11864109140059
5.99 -0.089518139670138
6.0 -0.010278544840072
6.01 0.007910002187857
6.02 0.04539899477103
6.03 0.067126119638634
6.04 0.105197145927353
6.05 0.11484272910929
6.06 0.160580658184815
6.07 0.127505833494526
6.08 0.139329837567636
6.09 0.143691674627947
6.1 0.157523921213115
6.11 0.178654843098378
6.12 0.182497190429315
6.13 0.194225432224443
6.14 0.207549774820383
6.15 0.203353777696336
6.16 0.211504241293824
6.17 0.223868947339264
6.18 0.229273897576095
6.19 0.230582825889063
6.2 0.23316430035615
6.21 0.222822046549
6.22 0.084853847717977
6.23 -0.023361091805756
6.24 0.063350933322588
6.25 0.010812769334613
6.26 0.087776753946779
6.27 0.044809340178512
6.28 0.103902708886737
6.29 0.108112992485256
6.3 0.085168721299293
6.31 0.109309663574876
6.32 0.097987563930845
6.33 0.097739856134442
6.34 0.12179648215841
6.35 0.128039967172489
6.36 0.126846210720906
6.37 0.098804443614823
6.38 0.007018380386486
6.39 0.051988308485346
6.4 0.0197937008624
6.41 -0.00286413300673
6.42 0.010633595656287
6.43 -0.000804368369733
6.44 -0.006569562653457
6.45 -0.03891260783577
6.46 -0.037279142801142
6.47 -0.059920617354574
6.48 -0.047373916117735
6.49 -0.043803937516423
6.5 -0.024613909267571
6.51 -0.062124518631041
6.52 -0.049275459453759
6.53 -0.057389313013596
6.54 -0.04879700614794
6.55 -0.010375175663993
6.56 -0.039804318336688
6.57 -0.174003039505134
6.58 -0.17145047875085
6.59 -0.120662648512539
6.6 -0.125474083815649
6.61 -0.070286899656806
6.62 0.12566973144098
6.63 0.009451795802019
6.64 0.092505628399578
6.65 0.027156681327886
6.66 0.064940416081862
6.67 0.022740636443538
6.68 0.032979718057533
6.69 -0.030226622464335
6.7 -0.079690539008482
6.71 -0.111932925498541
6.72 -0.134819225204421
6.73 -0.134010976823205
6.74 -0.136459566854545
6.75 -0.097080497402851
6.76 0.066193645467324
6.77 0.048954779485865
6.78 0.117036644905934
6.79 0.11166624342405
6.8 0.138060494846087
6.81 0.141705637081969
6.82 0.137682680290183
6.83 0.098572407466553
6.84 0.087407392394127
6.85 0.118764639897733
6.86 0.108760003387358
6.87 0.136761429194242
6.88 0.143301383894484
6.89 0.138750042269737
6.9 0.158180727540824
6.91 0.166642260235391
6.92 0.170631500294813
6.93 0.170432207197126
6.94 0.16584032485447
6.95 0.167616198902571
6.96 0.156606943249097
6.97 0.107294965523357
6.98 0.067736151645222
6.99 0.106395180621203
7.0 0.139352414903928
7.01 0.170005116761598
7.02 0.186384049560563
7.03 0.195791620976285
7.04 0.193181499319784
7.05 0.175619171268575
7.06 0.174692281431636
7.07 0.162242835855584
7.08 0.149882913047257
7.09 0.119979613793353
7.1 0.044737077085349
7.11 -0.069857320360986
7.12 -0.113571448517435
7.13 -0.118621741165122
7.14 -0.170705587245512
7.15 -0.20962800340641
7.16 -0.244316819348068
7.17 -0.283281276449843
7.18 -0.306610048158344
7.19 -0.308949607228881
7.2 -0.356137550043769
7.21 -0.409241186595448
7.22 -0.440135471112558
7.23 -0.399984258552268
7.24 -0.361945110529207
7.25 -0.336354685082611
7.26 -0.329486998161532
7.27 -0.337291825014468
7.28 -0.351521624504146
7.29 -0.353822626313182
7.3 -0.331221864442332
7.31 -0.254628561231683
7.32 0.113329611009351
7.33 -0.14125217369484
7.34 -0.029334578020751
7.35 -0.108011073599441
7.36 -0.112939151287878
7.37 -0.128218147528488
7.38 -0.156942067181335
7.39 -0.168242667140526
7.4 -0.178691942779413
7.41 -0.154820400301622
7.42 -0.119022284717223
7.43 -0.093979677794473
7.44 -0.063275672696222
7.45 -0.031201372442079
7.46 -0.004367213285981
7.47 0.033684901490623
7.48 0.086085935878866
7.49 0.12840589840287
7.5 0.14124585265576
7.51 0.136908607942045
7.52 0.146922576344729
7.53 0.181706596006617
7.54 0.216194781818873
7.55 0.227705479218302
7.56 0.227705407537014
7.57 0.234978567930701
7.58 0.243326448483358
7.59 0.241331924442636
7.6 0.238236812703216
7.61 0.245699586106721
7.62 0.255617017681393
7.63 0.257634727366859
7.64 0.26431552963931
7.65 0.184644687332861
7.66 0.060447815401638
7.67 0.076427548635383
7.68 0.056348906725283
7.69 0.022349225482695
7.7 0.006503833296718
7.71 -0.011267581150289
7.72 -0.027945105981317
7.73 -0.027697246567633
7.74 -0.029242125366384
7.75 -0.038048181946306
7.76 -0.038214168993679
7.77 -0.035086000955712
7.78 -0.034169299128107
7.79 -0.02640849843559
7.8 -0.018330248131166
7.81 -0.023565597999198
7.82 -0.035298852110901
7.83 -0.043645286734127
7.84 -0.05567330808882
7.85 -0.079807726165154
7.86 -0.134599865287529
7.87 -0.19001250354603
7.88 -0.194675355406068
7.89 -0.195148455284558
7.9 -0.192841178423921
7.91 -0.163211673971581
7.92 -0.141500144464356
7.93 -0.108993073079913
7.94 -0.116722285346366
7.95 -0.116489905803156
7.96 -0.148619312012638
7.97 -0.187388466173627
7.98 -0.230235495553369
7.99 -0.260717955576884
8.0 -0.266720637159847
8.01 -0.267578895585266
8.02 -0.262241426318981
8.03 -0.210622577836386
8.04 -0.177804903767364
8.05 -0.26114454368077
8.06 -0.331889141223803
8.07 -0.316686406737818
8.08 -0.255180656068727
8.09 -0.243380350461792
8.1 -0.256191390818625
8.11 -0.186201404292261
8.12 0.012098360380816
8.13 -0.083863752656745
8.14 -0.017080880797722
8.15 -0.067036976333787
8.16 0.03262066425574
8.17 0.007440354387218
8.18 0.070836458995462
8.19 0.115537068747184
8.2 0.102970252514
8.21 0.126997942348973
8.22 0.141658156140776
8.23 0.156454323274859
8.24 0.180012555708441
8.25 0.181247781841743
8.26 0.194919168921356
8.27 0.252574981951451
8.28 0.310749857016895
8.29 0.325237385467778
8.3 0.303515491143134
8.31 0.30302733536193
8.32 0.32022712105094
8.33 0.338482361668585
8.34 0.348107493725151
8.35 0.356776268338199
8.36 0.371423012124245
8.37 0.385669549070149
8.38 0.395107490754074
8.39 0.412766682544931
8.4 0.431262210585576
8.41 0.433499862839724
8.42 0.425715446944696
8.43 0.431586166169125
8.44 0.376685470907993
8.45 0.142900871778552
8.46 0.201563818324036
8.47 0.176172357709708
8.48 0.099498482973692
8.49 0.085116973503978
8.5 0.080942372617555
8.51 0.037285516564572
8.52 0.00237815704828
8.53 -0.003112641098701
8.54 -0.014459637540377
8.55 -0.032936011840935
8.56 -0.044146129242867
8.57 -0.057605821064894
8.58 -0.082327846126313
8.59 -0.117849388538327
8.6 -0.164197844096763
8.61 -0.214595513639249
8.62 -0.255803844028886
8.63 -0.282192535924947
8.64 -0.298621173632251
8.65 -0.31322922107332
8.66 -0.331329055782686
8.67 -0.350313456411328
8.68 -0.361236547515138
8.69 -0.360040622787433
8.7 -0.353777025941895
8.71 -0.351896290112914
8.72 -0.354243836738314
8.73 -0.355667023663093
8.74 -0.348968818096905
8.75 -0.332264901623953
8.76 -0.276972802068941
8.77 -0.183552680803426
8.78 -0.108530133387356
8.79 -0.109190110626841
8.8 -0.124018255734588
8.81 -0.110382004519384
8.82 -0.089246000038176
8.83 -0.083941147394306
8.84 -0.076115654185414
8.85 -0.059140290417908
8.86 -0.046125065989867
8.87 -0.037402042700524
8.88 -0.025210874431405
8.89 -0.011303915569153
8.9 -0.000886021947276
8.91 0.00789499910343
8.92 0.019634460744444
8.93 0.034511137803839
8.94 0.050391891700398
8.95 0.06712543290041
8.96 0.085876457488889
8.97 0.107778630802615
8.98 0.13489804897338
8.99 0.168721400021132
9.0 0.20647736405936
9.01 0.24402139546686
9.02 0.283056078354962
9.03 0.31507329937113
9.04 0.322935597710484
9.05 0.30882777087545
9.06 0.289830380341357
9.07 0.273915318047982
9.08 0.256410830080761
9.09 0.209192374837552
9.1 0.218516041505933
9.11 0.218014565384051
9.12 0.226548424139237
9.13 0.238769506378323
9.14 0.247548382759129
9.15 0.267150351236342
9.16 0.254069215240144
9.17 0.123656868375093
9.18 0.028892440876336
9.19 0.104144943994839
9.2 0.037893959100012
9.21 0.017004085448951
9.22 -0.012697794633926
9.23 -0.048442101285738
9.24 -0.067633629336947
9.25 -0.096583374669282
9.26 -0.109581559674111
9.27 -0.119722679318248
9.28 -0.137507795951847
9.29 -0.142860021143938
9.3 -0.143604219120723
9.31 -0.155027770240351
9.32 -0.168890737970678
9.33 -0.174656413041319
9.34 -0.164925747522079
9.35 -0.135436015188149
9.36 -0.103735659000297
9.37 -0.095498043348899
9.38 -0.110881604441421
9.39 -0.146902781403912
9.4 -0.191892628021493
9.41 -0.242644353466128
9.42 -0.294325897238649
9.43 -0.345164424281212
9.44 -0.389074495735126
9.45 -0.398914443878675
9.46 -0.424996719120006
9.47 -0.423940022694995
9.48 -0.399190626872977
9.49 -0.408602106474822
9.5 -0.335327406096855
9.51 -0.265591427564597
9.52 -0.236457826576533
9.53 -0.06984289780687
9.54 -0.068553218205328
9.55 -0.016739671299724
9.56 -0.061653060510091
9.57 -0.022918708459111
9.58 -0.029120324282558
9.59 -0.004966002143192
9.6 0.020454453667546
9.61 0.041987973746488
9.62 0.098466902947891
9.63 0.139711610143372
9.64 0.170489378378833
9.65 0.209306209481068
9.66 0.227774259361806
9.67 0.241064477072031
9.68 0.284055981022624
9.69 0.328248589205912
9.7 0.353209093742325
9.71 0.346208383575156
9.72 0.32204375069969
9.73 0.306288556585619
9.74 0.303520933280106
9.75 0.296719694055154
9.76 0.277074035502235
9.77 0.255034169803418
9.78 0.237351616186577
9.79 0.216140998766478
9.8 0.07933325025129
9.81 0.139204001953587
9.82 0.157740935990401
9.83 0.167125094016263
9.84 0.190284917672521
9.85 0.19067245913509
9.86 0.204505390371268
9.87 0.219628796180147
9.88 0.219400177200409
9.89 0.216282892624666
9.9 0.204484496942236
9.91 0.177424168554845
9.92 0.149223177220783
9.93 0.116659269909185
9.94 0.061257564437564
9.95 -0.010403720690156
9.96 -0.073249197718648
9.97 -0.113846695373242
9.98 -0.137424786728295
9.99 -0.158173506209637
10.0 -0.182883643885853
10.01 -0.203364885858432
10.02 -0.209739342425919
10.03 -0.20183936176088
10.04 -0.182865000243209
10.05 -0.154253635365386
10.06 -0.120496963992251
10.07 -0.089601384089386
10.08 -0.067038317968882
10.09 -0.047198480071374
10.1 -0.047196322505674
10.11 -0.071971195948537
10.12 -0.101393676688196
10.13 -0.126887256614118
10.14 -0.174158471618163
10.15 -0.197775703991959
10.16 -0.220718912462851
10.17 -0.218953766041336
10.18 -0.126693897431367
10.19 -0.020449547022615
10.2 -0.018448085544057
10.21 0.001610939025077
10.22 0.076303484806942
10.23 0.132880583404053
10.24 0.15175595295285
10.25 0.158226379578082
10.26 0.17491893837776
10.27 0.18788776824004
10.28 0.181264846937003
10.29 0.177507038479979
10.3 0.165031034548504
10.31 0.137408473511999
10.32 0.092456508824317
10.33 -0.131584096645134
10.34 -0.1510849244211
10.35 -0.156151955401909
10.36 -0.126362330480767
10.37 -0.059193731113995
10.38 -0.133246544944543
10.39 -0.044617999599998
10.4 -0.04984790674117
10.41 -0.017703161119319
10.42 0.036331829692957
10.43 0.081764022252939
10.44 0.16330249243174
10.45 0.199500831129325
10.46 0.207406869788607
10.47 0.22726019481274
10.48 0.179236030900972
10.49 0.05061386741602
10.5 0.090227988563319
10.51 0.035614487078809
10.52 0.005226228563693
10.53 0.021020751214463
10.54 0.018115429346199
10.55 -0.041250975198845
10.56 -0.081073405726124
10.57 -0.087040774933179
10.58 -0.098135744812885
10.59 -0.112944285126066
10.6 -0.086667423641264
10.61 -0.094964834774176
10.62 -0.08415033656868
10.63 -0.082235876694618
10.64 -0.094343161559548
10.65 -0.067896833886152
10.66 -0.051820776710928
10.67 -0.083499015022464
10.68 -0.196427680862501
10.69 -0.137386411111276
10.7 -0.090719471956877
10.71 -0.130035077044239
10.72 -0.080650146914019
10.73 0.033701488222468
10.74 0.006582321443068
10.75 0.019277218091183
10.76 -0.023061423451663
10.77 -0.029937985961095
10.78 -0.099371380733557
10.79 -0.13538127090372
10.8 -0.155485052626701
10.81 -0.143610491289489
10.82 -0.180063140363642
10.83 -0.209778223314173
10.84 -0.253219921231092
10.85 -0.257017953879871
10.86 -0.252608790636716
10.87 -0.13053165484762
10.88 -0.155169887859185
10.89 -0.160397033245316
10.9 -0.133664969485742
10.91 -0.126963403640083
10.92 -0.1094994135031
10.93 -0.09980728615883
10.94 -0.099177669003469
10.95 0.035315083977963
10.96 -0.010090723377613
10.97 0.022757695587668
10.98 -0.018777705316196
10.99 0.032039096939828
11.0 0.002634487631409
11.01 0.019940580680075
11.02 0.027820123242196
11.03 0.022069752120414
11.04 0.038828359083523
11.05 0.04613072843042
11.06 0.06353655526166
11.07 0.089987514588276
11.08 0.112554143451843
11.09 0.141385573587602
11.1 0.16744527353971
11.11 0.18350641432432
11.12 0.19639970471446
11.13 0.20712104877365
11.14 0.221562902318684
11.15 0.246665505688691
11.16 0.269016690502421
11.17 0.281992899408113
11.18 0.298258608401227
11.19 0.312150715828078
11.2 0.31453090830216
11.21 0.318544690201136
11.22 0.325759339051628
11.23 0.322012991692453
11.24 0.310204062488864
11.25 0.297753712718617
11.26 0.280989935973605
11.27 0.27131325811632
11.28 0.278286830601771
11.29 0.287130771565111
11.3 0.233816339614132
11.31 0.152622207995604
11.32 0.103029272854589
11.33 0.118464996282241
11.34 0.110346665052334
11.35 0.074884174938649
11.36 0.059369812637046
11.37 0.0457270106756
11.38 0.019267258929005
11.39 -0.011942744657373
11.4 -0.046428074083235
11.41 -0.083077411294329
11.42 -0.116880118763688
11.43 -0.143613147842579
11.44 -0.166291898526892
11.45 -0.194760016255858
11.46 -0.227254012539695
11.47 -0.244619823321791
11.48 -0.230044162851341
11.49 -0.219777875485534
11.5 -0.203698993972715
11.51 -0.188757452775685
11.52 -0.182051089628284
11.53 -0.189863475235992
11.54 -0.206879773025412
11.55 -0.218129247785673
11.56 -0.216601997904035
11.57 -0.209147311595242
11.58 -0.197855394980548
11.59 -0.210196438828674
11.6 -0.224244817254296
11.61 -0.20933241911293
11.62 -0.19436384749066
11.63 -0.1740798139615
11.64 -0.171168505133042
11.65 -0.169745908052582
11.66 -0.15909927162662
11.67 -0.146669115730873
11.68 -0.135270078563279
11.69 -0.128813269355362
11.7 -0.118951785666689
11.71 -0.089385798232304
11.72 -0.048687782415091
11.73 -0.0109802135771
11.74 0.019846332666425
11.75 0.040309986036111
11.76 0.057690012571107
11.77 0.084562569514982
11.78 0.118941435784785
11.79 0.153089221527284
11.8 0.184035846565765
11.81 0.208568258007245
11.82 0.225832319948209
11.83 0.239224136984089
11.84 0.24909501557775
11.85 0.253250076147436
11.86 0.25277142397749
11.87 0.250811819307888
11.88 0.250266352213845
11.89 0.254044811642742
11.9 0.262442908913977
11.91 0.271175292802753
11.92 0.275487112424262
11.93 0.274657819058562
11.94 0.271025475919338
11.95 0.269662780888189
11.96 0.272370441647221
11.97 0.28034453743204
11.98 0.288983782352025
11.99 0.293269781469536
12.0 0.20342753320498
12.01 0.127868697303951
12.02 0.195850377126547
12.03 0.142999199714165
12.04 0.13156819175515
12.05 0.140490491892897
12.06 0.101839824851425
12.07 0.08578022596286
12.08 0.073414482102845
12.09 0.040995393449855
12.1 0.019227585338411
12.11 0.003006445648093
12.12 -0.022114619361566
12.13 -0.047569672331622
12.14 -0.07411625812297
12.15 -0.109909717381435
12.16 -0.148468956951049
12.17 -0.174580877124275
12.18 -0.181771796253833
12.19 -0.180461507987371
12.2 -0.187027537141773
12.21 -0.203194616981963
12.22 -0.216246723652523
12.23 -0.220243394170908
12.24 -0.223575008469998
12.25 -0.233466237794144
12.26 -0.245116418493094
12.27 -0.251038622048272
12.28 -0.252277748360186
12.29 -0.254097336943666
12.3 -0.257104877007572
12.31 -0.259871896487404
12.32 -0.273101755304652
12.33 -0.290228971962864
12.34 -0.300696417768267
12.35 -0.310168001056961
12.36 -0.301458498331006
12.37 -0.29651766377059
12.38 -0.282500550628706
12.39 -0.285790169878286
12.4 -0.267195000849888
12.41 -0.241894857552724
12.42 -0.202437270862994
12.43 -0.165142109130496
12.44 -0.152757458606521
12.45 -0.143145463094486
12.46 -0.133186349572973
12.47 -0.119106706439032
12.48 -0.103044166006633
12.49 -0.087530525984748
12.5 -0.073355957185183
12.51 -0.056661849115723
12.52 -0.036586703796437
12.53 -0.02184818478487
12.54 -0.013382051219819
12.55 -0.001198984237445
12.56 0.019125168417134
12.57 0.041771762091907
12.58 0.062024284190476
12.59 0.081459946300144
12.6 0.101942605829472
12.61 0.122853589644402
12.62 0.143627160486017
12.63 0.16430607547869
12.64 0.183965785970318
12.65 0.200203428025031
12.66 0.211495304067861
12.67 0.219177109066148
12.68 0.225510101471668
12.69 0.231507454474194
12.7 0.236670487604636
12.71 0.238702897574985
12.72 0.234835005914273
12.73 0.224807995727983
12.74 0.211253620378433
12.75 0.196870851995541
12.76 0.184576123178673
12.77 0.172948667359213
12.78 0.061437294791777
12.79 0.035786390313386
12.8 0.082300932748684
12.81 0.061426439771307
12.82 0.058125676395604
12.83 0.06839337648036
12.84 0.062347053646276
12.85 0.062312817050553
12.86 0.066282416065644
12.87 0.064735266794842
12.88 0.0617661696975
12.89 0.056482780482887
12.9 0.044662394959173
12.91 0.027739298410984
12.92 0.008817783211343
12.93 -0.011427652183456
12.94 -0.031080616749065
12.95 -0.045839322180284
12.96 -0.057251181052527
12.97 -0.073986056536894
12.98 -0.09901010655645
12.99 -0.124972463954193
13.0 -0.143120531548965
13.01 -0.15141496076605
13.02 -0.15180745587024
13.03 -0.143732293646469
13.04 -0.133938159641379
13.05 -0.12950935871378
13.06 -0.127316934203503
13.07 -0.119722301616296
13.08 -0.113746861760995
13.09 -0.118402608320639
13.1 -0.127690680703204
13.11 -0.142095649830199
13.12 -0.164236289902185
13.13 -0.184431693228849
13.14 -0.184897971713395
13.15 -0.106939987042168
13.16 -0.03124558830905
13.17 -0.043052027379843
13.18 -0.032590742934246
13.19 -0.02564974268188
13.2 -0.01043262278007
13.21 -0.026251374291203
13.22 -0.017656109188361
13.23 -0.031558358011526
13.24 -0.033603772420166
13.25 -0.037837785908815
13.26 -0.045073753370912
13.27 -0.05626136699087
13.28 -0.069852153807196
13.29 -0.061494194169813
13.3 -0.023452388557011
13.31 0.001924845500581
13.32 0.016707799587966
13.33 0.03393424220033
13.34 0.047701496517467
13.35 0.056141972802215
13.36 0.053630271384235
13.37 0.059827850943425
13.38 0.045630350405809
13.39 0.054078594046292
13.4 0.038757852499027
13.41 0.039401878071353
13.42 0.03033330052381
13.43 0.036393635891439
13.44 0.051178587854481
13.45 0.062188784921961
13.46 0.088827374737125
13.47 0.100430954000506
13.48 0.1107935560691
13.49 0.117835597988834
13.5 0.106506986297415
13.51 0.087417301426824
13.52 -0.02427928129012
13.53 -0.023460213931751
13.54 -0.018126614464699
13.55 -0.046637194281456
13.56 -0.016919928508956
13.57 -0.041346033269077
13.58 -0.019504566172322
13.59 -0.03096213743188
13.6 -0.017742490596423
13.61 -0.01950186051224
13.62 -0.019423582112036
13.63 -0.015743013860247
13.64 -0.023929623515262
13.65 -0.036900847874781
13.66 -0.070210868225158
13.67 -0.110032280181001
13.68 -0.117839716006259
13.69 -0.104613760692773
13.7 -0.111116859942749
13.71 -0.120641802658125
13.72 -0.107945352043638
13.73 -0.102143964876024
13.74 -0.089491992225982
13.75 -0.049775503571202
13.76 -0.058137496277807
13.77 -0.046641052834342
13.78 -0.052898870581704
13.79 -0.04634700092803
13.8 -0.045690690028883
13.81 -0.044082190823565
13.82 -0.041533558681423
13.83 -0.039256512634992
13.84 -0.027035177390802
13.85 -0.011936528883149
13.86 -0.006448916585181
13.87 0.005676417024293
13.88 0.033190561699927
13.89 0.054926377568189
13.9 0.060554480399826
13.91 0.064616064790203
13.92 0.074915393385689
13.93 0.08247271016941
13.94 0.08702299354965
13.95 0.093253128827754
13.96 0.095464339214341
13.97 0.097004348323371
13.98 0.099068836089067
13.99 0.098832307597593
14.0 0.097598687677538
14.01 0.096261532261767
14.02 0.091949708701598
14.03 0.087537803964896
14.04 0.088729137565874
14.05 0.095049864105398
14.06 0.090929581948987
14.07 0.087244947972191
14.08 0.083521723955592
14.09 0.081020552674298
14.1 0.077830276280321
14.11 0.075532644783188
14.12 0.070394704131608
14.13 0.060749773316975
14.14 0.049951157800631
14.15 0.041033463937102
14.16 0.034648767178374
14.17 0.033401422662348
14.18 0.033969368546961
14.19 0.032146512985422
14.2 0.029197248186575
14.21 0.024708471333693
14.22 0.020609034307645
14.23 0.019883571765691
14.24 0.019785840071445
14.25 0.018666080817143
14.26 0.015120700317054
14.27 0.006210052389071
14.28 -0.005060573917798
14.29 -0.015532237600303
14.3 -0.023786055733952
14.31 -0.033180156094491
14.32 -0.053920269227904
14.33 -0.04925529331927
14.34 -0.064522650065434
14.35 -0.063546372473001
14.36 -0.068971409976366
14.37 -0.070967190218777
14.38 -0.066640421299261
14.39 -0.067523246216462
14.4 -0.062019908697112
14.41 -0.060198033520722
14.42 -0.058744098409047
14.43 -0.054362043923921
14.44 -0.051985646903338
14.45 -0.047628228173257
14.46 -0.049930166327489
14.47 -0.066695842847886
14.48 -0.100922078867243
14.49 -0.102346874007966
14.5 -0.124026216149293
14.51 -0.128700151502778
14.52 -0.133807244631801
14.53 -0.134649270333845
14.54 -0.126535436825981
14.55 -0.095314916833826
14.56 -0.098198855569616
14.57 -0.090651641285206
14.58 -0.094136256961847
14.59 -0.096530162298731
14.6 -0.108502910171114
14.61 -0.113076294329566
14.62 -0.123073657547204
14.63 -0.131351785519996
14.64 -0.140206465562717
14.65 -0.14661207686402
14.66 -0.101346803683767
14.67 -0.049850079352307
14.68 -0.044833249889548
14.69 -0.034435640297778
14.7 -0.036577045638595
14.71 -0.034885888082661
14.72 -0.035938634510657
14.73 -0.034671125226431
14.74 -0.032607177605823
14.75 -0.027995404592158
14.76 -0.019148709372916
14.77 -0.015360773727988
14.78 -0.00785850662885
14.79 0.002393912433408
14.8 0.02977372556996
14.81 0.064059619549078
14.82 0.075620011678581
14.83 0.077399412403058
14.84 0.093762869305636
14.85 0.103358788875713
14.86 0.101242485206546
14.87 0.108360794281574
14.88 0.107186592554106
14.89 0.100936615208352
14.9 0.106760350033997
14.91 0.104654402764467
14.92 0.101069788300293
14.93 0.102429129578901
14.94 0.098003636489159
14.95 0.094995391943458
14.96 0.096582125104847
14.97 0.100385602718785
14.98 0.112501344391398
14.99 0.122030572634588
15.0 0.128184010246248
15.01 0.125871162294291
15.02 0.117329236508804
15.03 0.106320544553226
15.04 0.091327485816751
15.05 0.081584077588481
15.06 0.07134020286329
15.07 0.063802541340871
15.08 0.057321967954998
15.09 0.050458320895829
15.1 0.04300699389262
15.11 0.038874043373742
15.12 0.029088832027488
15.13 0.019407040150391
15.14 0.009526421927921
15.15 -0.003211322193662
15.16 -0.01615523531236
15.17 -0.030459844178855
15.18 -0.044112161590761
15.19 -0.054056603171259
15.2 -0.060231306245843
15.21 -0.063622104679738
15.22 -0.063440604085665
15.23 -0.059396599177581
15.24 -0.05372194190967
15.25 -0.047435225873388
15.26 -0.040305700781192
15.27 -0.03384539560211
15.28 -0.03024373156723
15.29 -0.030461007350528
15.3 -0.038517788981856
15.31 -0.050617398980802
15.32 -0.060891260392271
15.33 -0.06807658074176
15.34 -0.069920659092779
15.35 -0.071450180657563
15.36 -0.066333170571455
15.37 -0.058162155945996
15.38 -0.048566534029284
15.39 -0.037591825175885
15.4 -0.021864444725895
15.41 -0.005610318934905
15.42 0.004002998049018
15.43 0.004563848654916
15.44 0.006844354441774
15.45 0.013125578001779
15.46 0.014643528485948
15.47 0.009619348649344
15.48 0.009019234192279
15.49 0.016396301968672
15.5 0.02427244784555
15.51 0.03460043886432
15.52 0.049403571722291
15.53 0.061426212765331
15.54 0.071721063419419
15.55 0.084566131612704
15.56 0.096716829728507
15.57 0.10831063800426
15.58 0.119828375455244
15.59 0.129974046825585
15.6 0.138500516362002
15.61 0.143648981469269
15.62 0.145778823474464
15.63 0.148396079964378
15.64 0.143676274045499
15.65 0.143782005947833
15.66 0.14386610068705
15.67 0.146384406866662
15.68 0.156343994964031
15.69 0.167135282628744
15.7 0.158377372343155
15.71 -0.005331881580021
15.72 0.049980854579194
15.73 0.003825855809606
15.74 0.022504328071484
15.75 0.020801942396906
15.76 -0.001970472888303
15.77 0.017193213331751
15.78 -0.00300147469145
15.79 -0.001475808687653
15.8 -0.000200134274578
15.81 -0.004525809806088
15.82 0.002898212171715
15.83 0.005697307832205
15.84 0.001286868883099
15.85 -0.015192104974521
15.86 -0.045084061399329
15.87 -0.060364422171082
15.88 -0.051888822411384
15.89 -0.054863406590335
15.9 -0.079042046365117
15.91 -0.093474707339632
15.92 -0.119924340518739
15.93 -0.13207066219582
15.94 -0.153353337919346
15.95 -0.148459202712824
15.96 -0.164723845713275
15.97 -0.152692283623765
15.98 -0.145954187286185
15.99 -0.140393237856701
16.0 -0.113457467108776
16.01 -0.092724662955925
16.02 -0.063916508299215
16.03 -0.057150212970072
16.04 -0.050117931165298
16.05 -0.050146316943666
16.06 -0.052139879194275
16.07 -0.049720251689746
16.08 -0.053689024535233
16.09 -0.053496345779271
16.1 -0.045981620912314
16.11 -0.035535050988941
16.12 -0.033695991159217
16.13 -0.038246703546727
16.14 -0.04302941608534
16.15 -0.031382006894254
16.16 -0.010141857743049
16.17 0.008235920068138
16.18 0.013020576242618
16.19 0.023680106461816
16.2 0.037062687738935
16.21 0.037335896285352
16.22 0.04124119347986
16.23 0.043487857040785
16.24 0.045991580356108
16.25 0.061707302707231
16.26 0.072489327503205
16.27 0.080437517987315
16.28 0.09134179679386
16.29 0.100108028359872
16.3 0.110654586698672
16.31 0.119765351115851
16.32 0.128049887602347
16.33 0.137111831342983
16.34 0.143473721543624
16.35 0.149153768304486
16.36 0.152487222771605
16.37 0.147663422577027
16.38 0.136018024428487
16.39 0.123410722861914
16.4 0.111677297319106
16.41 0.103499729881087
16.42 0.10084461264831
16.43 0.098579925746382
16.44 0.042391421874727
16.45 0.061586543948056
16.46 0.052286168621251
16.47 0.052305526467644
16.48 0.055113467727834
16.49 0.045052063005455
16.5 0.051395559804751
16.51 0.040343724437032
16.52 0.039201291430322
16.53 0.032815056391274
16.54 0.021471803136828
16.55 0.012735077747699
16.56 0.000269785296166
16.57 -0.009467531136479
16.58 -0.019325910292157
16.59 -0.031745260121464
16.6 -0.038423897446985
16.61 -0.042303418589245
16.62 -0.053827760053973
16.63 -0.069399502785864
16.64 -0.080718382973957
16.65 -0.091194836079003
16.66 -0.105251049483539
16.67 -0.118791683041602
16.68 -0.130236389104917
16.69 -0.13888576489236
16.7 -0.144681696828142
16.71 -0.1504371736354
16.72 -0.151960067074032
16.73 -0.150742202396884
16.74 -0.150878178581244
16.75 -0.149941267437478
16.76 -0.144639768153562
16.77 -0.138893891958167
16.78 -0.120353879305955
16.79 0.02056984202752
16.8 -0.054642542843929
16.81 0.010528971791777
16.82 -0.02776784957814
16.83 -0.008345830997277
16.84 -0.026859665914672
16.85 -0.021718702614082
16.86 -0.03338942363962
16.87 -0.038011236355257
16.88 -0.04174810328062
16.89 -0.054079792604412
16.9 -0.06107026321116
16.91 -0.072367016052388
16.92 -0.075832617569598
16.93 -0.05295288072783
16.94 0.00170950157167
16.95 -0.006711426648107
16.96 0.024155100969337
16.97 0.037422401958919
16.98 0.036597071747396
16.99 0.06297127206777
17.0 0.052377056263437
17.01 0.078106302902932
17.02 0.071677191769688
17.03 0.079161623046035
17.04 0.041382714359043
17.05 0.04418362225703
17.06 0.064408135385411
17.07 0.051087939969918
17.08 0.076676746609662
17.09 0.075590682730084
17.1 0.082137980344785
17.11 0.104497701089123
17.12 0.108360879186961
17.13 0.122192099824143
17.14 0.127861207497998
17.15 0.114806219200528
17.16 0.090876863762019
17.17 -0.014384763683934
17.18 0.028114992494038
17.19 -0.011193251854326
17.2 0.009367071562041
17.21 0.009022533399022
17.22 0.018260817037378
17.23 0.011036047489085
17.24 0.022491387873396
17.25 0.012594647447467
17.26 0.022428224900345
17.27 0.019433060653742
17.28 0.021307159315341
17.29 0.013774301406211
17.3 -0.021639574186779
17.31 -0.067087251523938
17.32 -0.105329325565444
17.33 -0.11177236637851
17.34 -0.11372098100094
17.35 -0.135469401159613
17.36 -0.136759350361398
17.37 -0.124410402597611
17.38 -0.126405422744982
17.39 -0.119070583333826
17.4 -0.113782614068285
17.41 -0.124578581986836
17.42 -0.123753630004162
17.43 -0.11976930204035
17.44 -0.118773550810845
17.45 -0.118781627356775
17.46 -0.119138955407315
17.47 -0.123602174892518
17.48 -0.10439422488853
17.49 -0.040018943334539
17.5 -0.059034424470512
17.51 -0.02726211764851
17.52 -0.017047075357521
17.53 -0.004243786191059
17.54 0.015764907027594
17.55 0.021018947652854
17.56 0.031663381513623
17.57 0.037459096212549
17.58 0.04170967536199
17.59 0.044652843184234
17.6 0.044793979122331
17.61 0.05155787323621
17.62 0.064842627073771
17.63 0.07888035345923
17.64 0.087095736000758
17.65 0.081762411342508
17.66 0.06989048055268
17.67 0.066959776784992
17.68 0.071712645088579
17.69 0.059665198294785
17.7 0.068285090083343
17.71 0.073950683894052
17.72 0.082280266164735
17.73 0.092543410171626
17.74 0.101967924444218
17.75 0.110029442685231
17.76 0.122550118114104
17.77 0.125963788679585
17.78 0.125364951826821
17.79 0.120001039138192
17.8 0.088676340874263
17.81 0.05560573700756
17.82 0.015274963016953
17.83 -0.01793578672806
17.84 -0.0445432069088
17.85 -0.03359373291983
17.86 -0.041711400490779
17.87 -0.041077985457172
17.88 -0.024528551898138
17.89 -0.028588987551647
17.9 -0.005946110728974
17.91 0.003140907175907
17.92 0.01537403874846
17.93 0.03637982152045
17.94 0.055922090423124
17.95 0.086241832751087
17.96 0.04602292926822
17.97 0.050529596264259
17.98 0.04279454255605
17.99 0.031985649454265
18.0 0.006989977862406
18.01 -0.009804431469983
18.02 -0.026893143500656
18.03 -0.042379807268617
18.04 -0.064451817383333
18.05 -0.062258656613933
18.06 -0.049691495925674
18.07 -0.001276489716062
18.08 0.007418579303524
18.09 -0.020511979336147
18.1 -0.018359213287463
18.11 -0.021753567737533
18.12 -0.014715223597343
18.13 0.016033638029227
18.14 0.040058429243444
18.15 0.034857292931216
18.16 0.071905667566154
18.17 0.051116569423044
18.18 0.063127182829335
18.19 0.062638098484553
18.2 0.075178081482489
18.21 0.072234975445352
18.22 0.068660104346146
18.23 0.052393012436501
18.24 0.040145080421611
18.25 0.017161491200066
18.26 -0.014672608657299
18.27 -0.034935217011909
18.28 -0.019784912154959
18.29 -0.020698151208304
18.3 -0.018873655940318
18.31 -0.020058757882593
18.32 -0.022581465449468
18.33 -0.022730870134258
18.34 -0.015889125590316
18.35 -0.011791427586179
18.36 -0.003974884052186
18.37 0.013858670966947
18.38 0.023607802838287
18.39 0.031596043120627
18.4 0.024865325359139
18.41 0.005168401694395
18.42 -0.010612946596716
18.43 -0.008499151273759
18.44 -0.0228081925012
18.45 -0.028318578506273
18.46 -0.026239528403347
18.47 -0.038824063599497
18.48 -0.057767585786317
18.49 -0.068856183124379
18.5 -0.078109294276974
18.51 -0.076696998513397
18.52 -0.069768216913343
18.53 -0.053909960954279
18.54 -0.047641887590122
18.55 -0.051276898626889
18.56 -0.054467107271443
18.57 -0.063241522833866
18.58 -0.065915408516275
18.59 -0.046760881463796
18.6 -0.025390300752505
18.61 -0.009199906316884
18.62 -0.023527025885499
18.63 0.014042505086086
18.64 -0.014844767993321
18.65 -0.000190111092854
18.66 -0.016082874864634
18.67 -0.013752795395303
18.68 -0.030401574399601
18.69 -0.041884173793629
18.7 -0.058124853484265
18.71 -0.060693392964866
18.72 -0.071881723480114
18.73 -0.057338343695915
18.74 -0.037504584880249
18.75 -0.016642048645264
18.76 -0.006026605652412
18.77 0.006441407425624
18.78 0.007065675075653
18.79 0.011289586176928
18.8 0.006524645329306
18.81 0.009318440137398
18.82 0.007836019898177
18.83 0.005431870250812
18.84 0.001854532276495
18.85 0.005195197428513
18.86 0.008222644901047
18.87 0.00897159229397
18.88 0.008477066714958
18.89 0.044712687523684
18.9 0.044129974514609
18.91 0.042861463835001
18.92 0.039603616414885
18.93 0.029423172671285
18.94 0.028552882496078
18.95 0.028479631563397
18.96 0.030955229984278
18.97 0.038538412022155
18.98 0.041548589043931
18.99 0.041617154901272
19.0 0.041567630610684
19.01 0.037774485590704
19.02 0.01055399968404
19.03 -0.000141268805563
19.04 -0.000481781386507
19.05 -0.01144955567577
19.06 -0.029385338392106
19.07 -0.035402255570041
19.08 -0.044020228961924
19.09 -0.05743350511535
19.1 -0.056141007383105
19.11 -0.053919340873813
19.12 -0.056912760748329
19.13 -0.055173651531303
19.14 -0.049988999723876
19.15 -0.060281981022453
19.16 -0.077897690367511
19.17 -0.086702930314586
19.18 -0.085577138810521
19.19 -0.080297828867821
19.2 -0.074013211482836
19.21 -0.053835431671783
19.22 -0.016626339130275
19.23 -0.014851928920518
19.24 -0.02239376579862
19.25 -0.011111652305899
19.26 -0.019501359321796
19.27 -0.014877246459152
19.28 -0.021119368109741
19.29 -0.027236663206557
19.3 -0.02695655617547
19.31 -0.02902281450711
19.32 -0.021429261588258
19.33 -0.010308966955111
19.34 0.005976802357933
19.35 0.026501765019856
19.36 0.048046071754086
19.37 0.066290447821878
19.38 0.076417192975887
19.39 0.088252525846898
19.4 0.099198064506608
19.41 0.101223342139263
19.42 0.103314713128949
19.43 0.102535366100664
19.44 0.096237209844761
19.45 0.092623667693922
19.46 0.08825778024896
19.47 0.083337106902981
19.48 0.080051873230572
19.49 0.075606611187868
19.5 0.072485191310012
19.51 0.070900848953559
19.52 0.067878357189794
19.53 0.047147728432403
19.54 0.060400525179036
19.55 0.057754318828776
19.56 0.069972167805224
19.57 0.064820622482789
19.58 0.067096698809121
19.59 0.062640215268004
19.6 0.067429856256243
19.61 0.069566669298921
19.62 0.076573613601744
19.63 0.081092264533408
19.64 0.084154871024067
19.65 0.086747591987645
19.66 0.076327543784251
19.67 0.067512051448537
19.68 0.062993000389969
19.69 0.057435429334852
19.7 0.048386914525316
19.71 0.027888704755886
19.72 0.003517218462356
19.73 -0.010696225709992
19.74 -0.020448138280213
19.75 -0.025348138151741
19.76 -0.021906096305115
19.77 -0.03397596891854
19.78 -0.060060412398388
19.79 -0.04840875590451
19.8 -0.071328289354573
19.81 -0.069469950511341
19.82 -0.072415898108251
19.83 -0.07699498832728
19.84 -0.071199583132859
19.85 -0.076434268795882
19.86 -0.078565278342562
19.87 -0.072847087649943
19.88 -0.062328538995745
19.89 -0.03314085439802
19.9 -0.008531933845722
19.91 -0.022952987562138
19.92 -0.039443967058445
19.93 -0.068391944627155
19.94 -0.078492395662857
19.95 -0.088654212882381
19.96 -0.099802444085849
19.97 -0.099623872807234
19.98 -0.101305028823111
19.99 -0.100536102930745
20.0 -0.101080717067869
20.01 -0.091869840943774
20.02 -0.071959895327483
20.03 -0.042351778146358
20.04 -0.069935441920086
20.05 -0.048499253209602
20.06 -0.02948196840436
20.07 -0.015763745189187
20.08 -0.011538815464342
20.09 0.004892231963701
20.1 0.009219322018708
20.11 0.013911078097533
20.12 0.012185677460465
20.13 0.025304714438016
20.14 0.0425519467669
20.15 0.028539130383547
20.16 0.044414739967027
20.17 0.032333374378426
20.18 0.039284362869426
20.19 0.043003568208174
20.2 0.038229647073063
20.21 0.043214357370968
20.22 0.028064780331245
20.23 0.011523273882813
20.24 -0.006402602476234
20.25 -0.008825144022948
20.26 -0.018961176844892
20.27 -0.007984228091556
20.28 0.008471360491239
20.29 0.034472445736277
20.3 0.039983785765686
20.31 0.049892154481286
20.32 0.061967503147705
20.33 0.059509209064896
20.34 0.053036836277171
20.35 0.038884711379551
20.36 0.026252622781571
20.37 -0.004122569554655
20.38 -0.020713812879553
20.39 -0.023328752402224
20.4 -0.031518597290879
20.41 -0.035603480090425
20.42 -0.02833552545391
20.43 -0.02857476646944
20.44 -0.023599298681689
20.45 -0.023115738985162
20.46 -0.033383355544723
20.47 -0.031663699644473
20.48 -0.041700569361439
20.49 -0.04180295293913
20.5 -0.051028057392654
20.51 -0.059646301525656
20.52 -0.06613611965467
20.53 -0.073633079290052
20.54 -0.074855921195627
20.55 -0.073347897838532
20.56 -0.064753562903648
20.57 -0.052104450781652
20.58 -0.02698358876441
20.59 0.002654310728974
20.6 -0.009857030240093
20.61 -0.006408803758495
20.62 -0.006945780917302
20.63 -0.007524447215251
20.64 -0.014555156289717
20.65 -0.01626494192394
20.66 -0.022469062901852
20.67 -0.02696919848278
20.68 -0.029058900832548
20.69 -0.027228925646149
20.7 -0.01722670661376
20.71 0.001083178100477
20.72 0.023051582241225
20.73 0.033362723595981
20.74 0.028598098674455
20.75 0.032406247243475
20.76 0.038183605225912
20.77 0.034132896987484
20.78 0.035119103764833
20.79 0.031310183684851
20.8 0.033580916666498
20.81 0.029800561973814
20.82 0.029492759648282
20.83 0.032679335004824
20.84 0.034076960429285
20.85 0.041062939299975
20.86 0.043001332366795
20.87 0.043286207465677
20.88 0.043054799809239
20.89 0.044823588816127
20.9 0.040139637015792
20.91 0.036172489666207
20.92 0.035472163041832
20.93 0.03442404873946
20.94 0.011496569642418
20.95 0.004461932145002
20.96 0.006177778445606
20.97 -0.004572446056409
20.98 -0.006702030423113
20.99 -0.009834197149797
21.0 -0.015109569697832
21.01 -0.016736474836425
21.02 -0.018206284363925
21.03 -0.018328806299946
21.04 -0.019721815155231
21.05 -0.021290148311433
21.06 -0.024689267394234
21.07 -0.032271343316149
21.08 -0.038499509501781
21.09 -0.038600653281965
21.1 -0.03877719777564
21.11 -0.045999730262474
21.12 -0.046114981093939
21.13 -0.046058579469877
21.14 -0.045062552457149
21.15 -0.043842763327452
21.16 -0.039893057689566
21.17 -0.037159747316928
21.18 -0.035404196278896
21.19 -0.031198376496367
21.2 -0.027041509599265
21.21 -0.022675889511267
21.22 -0.022703631724869
21.23 -0.021282535076025
21.24 -0.016432375774872
21.25 -0.006837404266244
21.26 0.0017751400168
21.27 0.008847404765062
21.28 0.017554125120083
21.29 0.02475226709223
21.3 0.032082942214999
21.31 0.039998676262659
21.32 0.046864589228329
21.33 0.054831354405942
21.34 0.060307860349274
21.35 0.064551330178297
21.36 0.065762801222031
21.37 0.065475318457125
21.38 0.064569802934875
21.39 0.063945640473974
21.4 0.060080196299001
21.41 0.071270333318797
21.42 0.071312076642075
21.43 0.06118237457895
21.44 0.058149541422449
21.45 -0.010828931648994
21.46 0.016720387726769
21.47 0.004441025195721
21.48 0.006628128246369
21.49 0.013265046230431
21.5 0.00692191148669
21.51 0.012961533069415
21.52 0.012424591252219
21.53 0.018036172144919
21.54 0.025366446038754
21.55 0.037695101798113
21.56 0.054021429049748
21.57 0.058196067623671
21.58 0.027502916867434
21.59 0.020260046490522
21.6 0.025003625362955
21.61 0.01441462939916
21.62 0.004363950047515
21.63 -0.001228294944995
21.64 -0.007910321752678
21.65 -0.019037980056025
21.66 -0.021064673037407
21.67 -0.017768311318052
21.68 -0.012473400031122
21.69 0.005522175340084
21.7 0.01149714747293
21.71 0.006978258993253
21.72 0.003324089757287
21.73 0.009992174824611
21.74 0.030379834175309
21.75 0.040619852574552
21.76 0.034744276594723
21.77 0.031089105223182
21.78 0.03045702123098
21.79 0.018872553663571
21.8 0.010940003614655
21.81 8.4403888404e-05
21.82 -0.011075699653838
21.83 -0.028082469849508
21.84 -0.033335879746698
21.85 -0.045999929587786
21.86 -0.041016183220024
21.87 -0.023363518494843
21.88 -0.016864015405834
21.89 -0.017613401733021
21.9 -0.010827847513695
21.91 -0.005149334797288
21.92 -0.006066600651437
21.93 -0.018864123508416
21.94 -0.012774475200881
21.95 -0.01870064957893
21.96 -0.022826038357696
21.97 -0.021069206946765
21.98 -0.017442360874704
21.99 -0.0120681546124
22.0 -0.006560726712046
22.01 -0.012206639904881
22.02 -0.016383868445041
22.03 -0.021498337938915
22.04 -0.019969062896037
22.05 -0.023024123085068
22.06 -0.020727913882864
22.07 -0.021487883161083
22.08 -0.015951572764014
22.09 -0.003394606693404
22.1 0.010689073871645
22.11 0.019750437162805
22.12 0.022159959979118
22.13 0.017807929581427
22.14 0.003831557307857
22.15 -0.007268838936084
22.16 -0.015746944292592
22.17 -0.017568904318614
22.18 -0.021820995474184
22.19 -0.026304051457369
22.2 -0.025927254042525
22.21 -0.02250014084987
22.22 -0.019383987483652
22.23 -0.017465254257471
22.24 -0.017264885476766
22.25 -0.019989712320842
22.26 -0.023223472022848
22.27 -0.028941275138224
22.28 -0.031544263523986
22.29 -0.026338957705621
22.3 -0.031370447931855
22.31 -0.039786890173392
22.32 -0.041113851630088
22.33 -0.043071703477137
22.34 -0.046503326757473
22.35 -0.04900213687088
22.36 -0.050932392331149
22.37 -0.049529017875052
22.38 -0.035384882995044
22.39 -0.030438622694658
22.4 -0.023564495402358
22.41 -0.016735533614727
22.42 -0.01339099359239
22.43 -0.013731757613819
22.44 -0.012544551660239
22.45 -0.013875383771365
22.46 -0.022495878815599
22.47 -0.029838415684898
22.48 -0.038490950768716
22.49 -0.046423031978934
22.5 -0.041149914991349
22.51 -0.034531699813295
22.52 -0.029785048387968
22.53 -0.025113395224047
22.54 -0.015504608144129
22.55 -0.008620064402055
22.56 -0.000350019385657
22.57 0.005478606163836
22.58 0.007754495660083
22.59 0.007288027477396
22.6 0.004021842111872
22.61 -0.001863616982693
22.62 -0.004974762941758
22.63 0.005194209523421
22.64 0.001522354148475
22.65 0.004829956516028
22.66 0.003306030093305
22.67 0.006548154169103
22.68 0.005662458703809
22.69 0.009742315008008
22.7 0.011752303613699
22.71 0.016644673134746
22.72 0.021985043699743
22.73 0.02615104651672
22.74 0.028843440371423
22.75 0.032959093274932
22.76 0.039407478104391
22.77 0.043778657169954
22.78 0.041902311876109
22.79 0.042705434777777
22.8 0.039274179463284
22.81 0.031114725162489
22.82 0.023076027978645
22.83 0.009911835564341
22.84 0.008699881173424
22.85 -0.001009691324104
22.86 0.000267799613388
22.87 -0.003063658893728
22.88 0.000181695000249
22.89 0.000945019906061
22.9 0.004795539460918
22.91 0.006381407110604
22.92 0.011126014933466
22.93 0.015170867676238
22.94 0.019782442792351
22.95 0.017402183097703
22.96 0.008201182960772
22.97 0.003004264671853
22.98 0.001038263803334
22.99 -0.005599345813565
23.0 -0.004200756607156
23.01 -0.00442022744147
23.02 -0.002143420079868
23.03 0.003421044192804
23.04 0.012901242232858
23.05 0.022244068881174
23.06 0.030324340404116
23.07 0.034598017833314
23.08 0.036232834265513
23.09 0.037750055484072
23.1 0.036476370693107
23.11 0.038088124741459
23.12 0.038136753374465
23.13 0.037417796936895
23.14 0.035777832724653
23.15 0.03594777530289
23.16 0.038126892171638
23.17 0.040048701442503
23.18 0.044793080759966
23.19 0.052134219856222
23.2 0.053185730610423
23.21 0.052115990044046
23.22 0.04529673584823
23.23 0.031424428954671
23.24 0.013796340712683
23.25 0.013940657035282
23.26 0.012689388297705
23.27 0.004885179196514
23.28 0.004414703844463
23.29 0.002626921552313
23.3 0.002084125708735
23.31 0.004517308429823
23.32 0.005452790926222
23.33 0.005753939071698
23.34 0.000957960047354
23.35 -0.008444876534607
23.36 -0.0175551729932
23.37 -0.026478084073879
23.38 -0.029148358120218
23.39 -0.027291777116427
23.4 -0.026474365479131
23.41 -0.026759719145996
23.42 -0.021229683580025
23.43 -0.018093994516651
23.44 -0.018583087769487
23.45 -0.01851686994759
23.46 -0.021400055402282
23.47 -0.026182427882406
23.48 -0.030149615274223
23.49 -0.035935134386405
23.5 -0.038411241069514
23.51 -0.040198332226762
23.52 -0.0350258328857
23.53 -0.026773575377323
23.54 -0.008318574999955
23.55 -0.005398614578375
23.56 -0.003281473536827
23.57 0.000765680097003
23.58 0.002900923752844
23.59 0.004212093694156
23.6 0.004795031789799
23.61 0.004871387508484
23.62 0.002795939828129
23.63 0.001340869331171
23.64 0.001761404898036
23.65 0.004013219767696
23.66 0.008907291993506
23.67 0.013607432356983
23.68 0.012192911450496
23.69 0.006588650566797
23.7 0.004011756015864
23.71 0.005303151451028
23.72 0.009530897277731
23.73 0.017171438757152
23.74 0.022031464534434
23.75 0.025006604819586
23.76 0.026323719924316
23.77 0.025837849546557
23.78 0.021690781935201
23.79 0.017167853411837
23.8 0.009053347242574
23.81 -0.002942333028703
23.82 -0.015105442973016
23.83 -0.020301059588812
23.84 -0.018583358384261
23.85 -0.014138289264685
23.86 -0.010197065841484
23.87 -0.004349406918275
23.88 -0.00045612382255
23.89 0.002311458959308
23.9 0.002734012912578
23.91 0.001597000188901
23.92 -0.004384586856241
23.93 -0.013037414300577
23.94 -0.021395133730948
23.95 -0.028188693186765
23.96 -0.033796330955772
23.97 -0.033092802892232
23.98 -0.032197762087988
23.99 -0.029990315944323
24.0 -0.025673409940006
24.01 -0.02427960446532
24.02 -0.018784991500434
24.03 -0.018542898468016
24.04 -0.015971640942302
24.05 -0.016527240452903
24.06 -0.014175634932813
24.07 -0.011419090803913
24.08 -0.010400931667647
24.09 -0.006524766575826
24.1 -0.003356467836247
24.11 -0.001487847376599
24.12 -0.003048878357215
24.13 -0.004041665169192
24.14 -0.005645855576424
24.15 -0.006940492387219
24.16 -0.011241582562273
24.17 -0.012949449498473
24.18 -0.013591400225505
24.19 -0.010988454276454
24.2 -0.006827331415475
24.21 -0.000797958960689
24.22 0.006015770913323
24.23 0.010377085565429
24.24 0.012024809775172
24.25 0.010739065219085
24.26 0.008263306829847
24.27 0.003164070298471
24.28 -0.002940737825979
24.29 -0.009329357705896
24.3 -0.013733187643742
24.31 -0.015190561164657
24.32 -0.01599189492967
24.33 -0.01652052656182
24.34 -0.01760529061799
24.35 -0.019192136912615
24.36 -0.019545936792219
24.37 -0.021684762130727
24.38 -0.022347508787847
24.39 -0.022372168566309
24.4 -0.022279349910743
24.41 -0.021349071349589
24.42 -0.017287410471165
24.43 -0.005870261775296
24.44 0.002739822235129
24.45 0.005821306544941
24.46 0.007558051894392
24.47 0.004096125917979
24.48 -0.000743329290616
24.49 -0.005242228252237
24.5 -0.009081057627978
24.51 -0.012059074776758
24.52 -0.012255188371925
24.53 -0.011325831134048
24.54 -0.007302146732784
24.55 6.317997997e-05
24.56 0.01189169150971
24.57 0.01946757098495
24.58 0.021843410889509
24.59 0.025819790917712
24.6 0.026105932447296
24.61 0.024964519017503
24.62 0.024947720331852
24.63 0.024222970804546
24.64 0.024600624535817
24.65 0.029431841962205
24.66 0.028820533992918
24.67 0.032130732292506
24.68 0.034001238529044
24.69 0.032951205820722
24.7 0.028775247398295
24.71 0.009752766827913
24.72 -0.01537260946601
24.73 -0.012602889228466
24.74 -0.019725074342625
24.75 -0.018258279627243
24.76 -0.019596969064327
24.77 -0.017907733103288
24.78 -0.013602975352015
24.79 -0.006970140595826
24.8 -0.002181513466113
24.81 0.004525549860401
24.82 0.010975104837518
24.83 0.01515728990104
24.84 0.002742447842873
24.85 -0.012549091877143
24.86 -0.010081630501692
24.87 -0.012107558116457
24.88 -0.015874480780254
24.89 -0.013309890438947
24.9 -0.01311547373403
24.91 -0.015192662644438
24.92 -0.011318739342814
24.93 -0.009195324401345
24.94 -0.002195657743855
 
 
 
 
 
 
 
 
 
 
 
 
 
 
 
 
 
 
 
 
 
 
 
 
 
 
 
 
 
 
 
 
 
 
 
 
 
 
 
 
 
 
 
 
 
 
 
 
 
 
 
 
 
 
 
 
 
 
 
 
 
 
 
 
 
 
 
 
 
 
 
 
 
 
 
 
 
 
 
 
 
 
 
 
 
 
 
 
 
 
 
 
 
 
 
 
 
 
 
 
 
 
 
 
 
 
 
 
 
 
 
 
 
 
 
 
 
 
 
 
 
 
 
 
 
 
 
 
 
 
 
 
 
 
 
 
 
 
 
 
 
 
 
 
 
 
 
 
 
 
 
 
 
 
 
 
 
 
 
 
 
 
 
 
 
 
 
 
 
 
 
 
 
 
 
 
 
 
 
 
 
 
 
 
 
 
 
 
 
 
 
 
 
 
 
 
 
 
 
 
 
 
 
 
 
 
 
 
 
 
 
 
 
 
 
 
 
 
 
 
 
 
 
 
 
 
 
 
 
 
 
 
 
 
 
 
 
 
 
 
 
 
 
 
 
 
 
 
 
 
 
 
 
 
 
 
 
 
 
 
 
 
 
 
 
 
 
 
 
 
 
 
 
 
 
 
 
 
 
 
 
 
 
 
 
 
 
 
 
 
 
 
 
 
 
 
 
 
 
 
 
 
 
 
 
 
 
 
 
 
 
 
 
 
 
 
 
 
 
 
 
 
 
 
 
 
 
 
 
 
 
 
 
 
 
 
 
 
 
 
 
 
 
 
 
 
 
 
 
 
 
 
 
 
 
 
 
 
 
 
 
 
 
 
 
 
 
 
 
 
 
 
 
 
 
 
 
 
 
 
 
 
 
 
 
 
 
 
 
 
 
 
 
 
 
 
 
 
 
 
 
 
 
 
 
 
 
 
 
 
 
 
 
 
 
 
 
 
 
 
 
 
 
 
 
 
 
 
 
 
 
 
 
 
 
 
 
 
 
 
 
 
 
 
 
 
 
 
 
 
 
 
 
 
 
 
 
 
 
 
 
 
 
 
 
 
 
 
 
 
 
 
 
 
 
 
 
 
 
 
 
 
 
 
 
 
 
 
 
 
 
 
 
 
 
 
 
 
 
 
 
 
 
 
 
 
 
 
 
 
 
 
 
 
 
 
 
 
 
 
 
 
 
 
 
 
 
 
 
 
 
 
 
 
 
 
 
 
 
 
 
 
 
 
 
 
 
 
 
 
 
 
 
 
 
 
 
 
 
 
 
 
 
 
 
 
 
 
 
 
 
 
 
 
 
 
 
 
 
 
 
 
 
 
 
 
 
 
 
 
 
 
 
 
 
 
 
 
 
 
 
 
 
 
 
 
 
 
 
 
 
 
 
 
 
 
 
 
 
 
 
 
 
 
 
 
 
 
 
 
 
 
 
 
 
 
 
 
 
 
 
 
 
 
 
 
 
 
 
 
 
 
 
 
 
 
 
 
 
 
 
 
 
 
 
 
 
 
 
 
 
 
 
 
 
 
 
 
 
 
 
 
 
 
 
 
 
 
 
 
 
 
 
 
 
 
 
 
 
 
 
 
 
 
 
 
 
 
 
 
 
 
 
 
 
 
 
 
 
 
 
 
 
 
 
 
 
 
 
 
 
 
 
 
 
 
 
 
 
 
 
 
 
 
 
 
 
 
 
 
 
 
 
 
 
 
 
 
 
 
 
 
 
 
 
 
 
 
 
 
 
 
 
 
 
 
 
 
 
 
 
 
 
 
 
 
 
 
 
 
 
 
 
 
 
 
 
 
 
 
 
 
 
 
 
 
 
 
 
 
 
 
 
 
 
 
 
 
 
 
 
 
 
 
 
 
 
 
 
 
 
 
 
 
 
 
 
 
 
 
 
 
 
 
 
 
 
 
 
 
 
 
 
 
 
 
 
 
 
 
 
 
 
 
 
 
 
 
 
 
 
 
 
 
 
 
 
 
 
 
 
 
 
 
 
 
 
 
 
 
 
 
 
 
 
 
 
 
 
 
 
 
 
 
 
 
 
 
 
 
 
 
 
 
 
 
 
 
 
 
 
 
 
 
 
 
 
 
 
 
 
 
 
 
 
 
 
 
 
 
 
 
 
 
 
 
 
 
 
 
 
 
 
 
 
 
 
 
 
 
 
 
 
 
 
 
 
 
 
 
 
 
 
 
 
 
 
 
 
 
 
 
 
 
 
 
 
 
 
 
 
 
 
 
 
 
 
 
 
 
 
 
 
 
 
 
 
 
 
 
 
 
 
 
 
 
 
 
 
 
 
 
 
 
 
 
 
 
 
 
 
 
 
 
 
 
 
 
 
 
 
 
 
 
 
 
 
 
 
 
 
 
 
 
 
 
 
 
 
 
 
 
 
 
 
 
 
 
 
 
 
 
 
 
 
 
 
 
 
 
 
 
 
 
 
 
 
 
 
 
 
 
 
 
 
 
 
 
 
 
 
 
 
 
 
 
 
 
 
 
 
 
 
 
 
 
 
 
 
 
 
 
 
 
 
 
 
 
 
 
 
 
 
 
 
 
 
 
 
 
 
 
 
 
 
 
 
 
 
 
 
 
 
 
 
 
 
 
 
 
 
 
 
 
 
 
 
 
 
 
 
 
 
 
 
 
 
 
 
 
 
 
 
 
 
 
 
 
 
 
 
 
 
 
 
 
 
 
 
 
 
 
 
 
 
 
 
 
 
 
 
 
 
 
 
 
 
 
 
 
 
 
 
 
 
 
 
 
 
 
 
 
 
 
 
 
 
 
 
 
 
 
 
 
 
 
 
 
 
 
 
 
 
 
 
 
 
 
 
 
 
 
 
 
 
 
 
 
 
 
 
 
 
 
 
 
 
 
 
 
 
 
 
 
 
 
 
 
 
 
 
 
 
 
 
 
 
 
 
 
 
 
 
 
 
 
 
 
 
 
 
 
 
 
 
 
 
 
 
 
 
 
 
 
 
 
 
 
 
 
 
 
 
 
 
 
 
 
 
 
 
 
 
 
 
 
 
 
 
 
 
 
 
 
 
 
 
 
 
 
 
 
 
 
 
 
 
 
 
 
 
 
 
 
 
 
 
 
 
 
 
 
 
 
 
 
 
 
 
 
 
 
 
 
 
 
 
 
 
 
 
 
 
 
 
 
 
 
 
 
 
 
 
 
 
 
 
 
 
 
 
 
 
 
 
 
 
 
 
 
 
 
 
 
 
 
 
 
 
 
 
 
 
 
 
 
 
 
 
 
 
 
 
 
 
 
 
 
 
 
 
 
 
 
 
 
 
 
 
 
 
 
 
 
 
 
 
 
 
 
 
 
 
 
 
 
 
 
 
 
 
 
 
 
 
 
 
 
 
 
 
 
 
 
 
 
 
 
 
 
 
 
 
 
 
 
 
 
 
 
 
 
 
 
 
 
 
 
 
 
 
 
 
 
 
 
 
 
 
 
 
 
 
 
 
 
 
 
 
 
 
 
 
 
 
 
 
 
 
 
 
 
 
 
 
 
 
 
 
 
 
 
 
 
 
 
 
 
 
 
 
 
 
 
 
 
 
 
 
 
 
 
 
 
 
 
 
 
 
 
 
 
 
 
 
 
 
 
 
 
 
 
 
 
 
 
 
 
 
 
 
 
 
 
 
 
 
 
 
 
 
 
 
 
 
 
 
 
 
 
 
 
 
 
 
 
 
 
 
 
 
 
 
 
 
 
 
 
 
 
 
 
 
 
 
 
 
 
 
 
 
 
 
 
 
 
 
 
 
 
 
 
 
 
 
 
 
 
 
 
 
 
 
 
 
 
 
 
 
 
 
 
 
 
 
 
 
 
 
 
 
 
 
 
 
 
 
 
 
 
 
 
 
 
 
 
 
 
 
 
 
 
 
 
 
 
 
 
 
 
 
 
 
 
 
 
 
 
 
 
 
 
 
 
 
 
 
 
 
 
 
 
 
 
 
 
 
 
 
 
 
 
 
 
 
 
 
 
 
 
 
 
 
 
 
 
 
 
 
 
 
 
 
 
 
 
 
 
 
 
 
 
 
 
 
 
 
 
 
 
 
 
 
 
 
 
 
 
 
 
 
 
 
 
 
 
 
 
 
 
 
 
 
 
 
 
 
 
 
 
 
 
 
 
 
 
 
 
 
 
 
 
 
 
 
 
 
 
 
 
 
 
 
 
 
 
 
 
 
 
 
 
 
 
 
 
 
 
 
 
 
 
 
 
 
 
 
 
 
 
 
 
 
 
 
 
 
 
 
 
 
 
 
 
 
 
 
 
 
 
 
 
 
 
 
 
 
 
 
 
 
 
 
 
 
 
 
 
 
 
 
 
 
 
 
 
 
 
 
 
 
 
 
 
 
 
 
 
 
 
 
 
 
 
 
 
 
 
 
 
 
 
 
 
 
 
 
 
 
 
 
 
 
 
 
 
 
 
 
 
 
 
 
 
 
 
 
 
 
 
 
 
 
 
 
 
 
 
 
 
 
 
 
 
 
 
 
 
 
 
 
 
 
 
 
 
 
 
 
 
 
 
 
 
 
 
 
 
 
 
 
 
 
 
 
 
 
 
 
 
 
 
 
 
 
 
 
 
 
 
 
 
 
 
 
 
 
 
 
 
 
 
 
 
 
 
 
 
 
 
 
 
 
 
 
 
 
 
 
 
 
 
 
 
 
 
 
 
 
 
 
 
 
 
 
 
 
 
 
 
 
 
 
 
 
 
 
 
 
 
 
 
 
 
 
 
 
 
 
 
 
 
 
 
 
 
 
 
 
 
 
 
 
 
 
 
 
 
 
 
 
 
 
 
 
 
 
 
 
 
 
 
 
 
 
 
 
 
 
 
 
 
 
 
 
 
 
 
 
 
 
 
 
 
 
 
 
 
 
 
 
 
 
 
 
 
 
 
 
 
 
 
 
 
 
 
 
 
 
 
 
 
 
 
 
 
 
 
 
 
 
 
 
 
 
 
 
 
 
 
 
 
 
 
 
 
 
 
 
 
 
 
 
 
 
 
 
 
 
 
 
 
 
 
 
 
 
 
 
 
 
 
 
 
 
 
 
 
 
 
 
 
 
 
 
 
 
 
 
 
 
 
 
 
 
 
 
 
 
 
 
 
 
 
 
 
 
 
 
 
 
 
 
 
 
 
 
 
 
 
 
 
 
 
 
 
 
 
 
 
 
 
 
 
 
 
 
 
 
 
 
 
 
 
 
 
 
 
 
 
 
 
 
 
 
 
 
 
 
 
 
 
 
 
 
 
 
 
 
 
 
 
 
 
 
 
 
 
 
 
 
 
 
 
 
 
 
 
 
 
 
 
 
 
 
 
 
 
 
 
 
 
 
 
 
 
 
 
 
 
 
 
 
 
 
 
 
 
 
 
 
 
 
 
 
 
 
 
 
 
 
 
 
 
 
 
 
 
 
 
 
 
 
 
 
 
 
 
 
 
 
 
 
 
 
 
 
 
 
 
 
 
 
 
 
 
 
 
 
 
 
 
 
 
 
 
 
 
 
 
 
 
 
 
 
 
 
 
 
 
 
 
 
 
 
 
 
 
 
 
 
 
 
 
 
 
 
 
 
 
 
 
 
 
 
 
 
 
 
 
 
 
 
 
 
 
 
 
 
 
 
 
 
 
 
 
 
 
 
 
 
 
 
 
 
 
 
 
 
 
 
 
 
 
 
 
 
 
 
 
 
 
 
 
 
 
 
 
 
 
 
 
 
 
 
 
 
 
 
 
 
 
 
 
 
 
 
 
 
 
 
 
 
 
 
 
 
 
 
 
 
 
 
 
 
 
 
 
 
 
 
 
 
 
 
 
 
 
 
 
 
 
 
 
 
 
 
 
 
 
 
 
 
 
 
 
 
 
 
 
 
 
 
 
 
 
 
 
 
 
 
 
 
 
 
 
 
 
 
 
 
 
 
 
 
 
 
 
 
 
 
 
 
 
 
 
 
 
 
 
 
 
 
 
 
 
 
 
 
 
 
 
 
 
 
 
 
 
 
 
 
 
 
 
 
 
 
 
 
 
 
 
 
 
 
 
 
 
 
 
 
 
 
 
 
 
 
 
 
 
 
 
 
 
 
 
 
 
 
 
 
 
 
 
 
 
 
 
 
 
 
 
 
 
 
 
 
 
 
 
 
 
 
 
 
 
 
 
 
 
 
 
 
 
 
 
 
 
 
 
 
 
 
 
 
 
 
 
 
 
 
 
 
 
 
 
 
 
 
 
 
 
 
 
 
 
 
 
 
 
 
 
 
 
 
 
 
 
 
 
 
 
 
 
 
 
 
 
 
 
 
 
 
 
 
 
 
 
 
 
 
 
 
 
 
 
 
 
 
 
 
 
 
 
 
 
 
 
 
 
 
 
 
 
 
 
 
 
 
 
 
 
 
 
 
 
 
 
 
 
 
 
 
 
 
 
 
 
 
 
 
 
 
 
 
 
 
 
 
 
 
 
 
 
 
 
 
 
 
 
 
 
 
 
 
 
 
 
 
 
 
 
 
 
 
 
 
 
 
 
 
 
 
 
 
 
 
 
 
 
 
 
 
 
 
 
 
 
 
 
 
 
 
 
 
 
 
 
 
 
 
 
 
 
 
 
 
 
 
 
 
 
 
 
 
 
 
 
 
 
 
 
 
 
 
 
 
 
 
 
 
 
 
 
 
 
 
 
 
 
 
 
 
 
 
 
 
 
 
 
 
 
 
 
 
 
 
 
 
 
 
 
 
 
 
 
 
 
 
 
 
 
 
 
 
 
 
 
 
 
 
 
 
 
 
 
 
 
 
 
 
 
 
 
 
 
 
 
 
 
 
 
 
 
 
 
 
 
 
 
 
 
 
 
 
 
 
 
 
 
 
 
 
 
 
 
 
 
 
 
 
 
 
 
 
 
 
 
 
 
 
 
 
 
 
 
 
 
 
 
 
 
 
 
 
 
 
 
 
 
 
 
 
 
 
 
 
 
 
 
 
 
 
 
 
 
 
 
 
 
 
 
 
 
 
 
 
 
 
 
 
 
 
 
 
 
 
 
 
 
 
 
 
 
 
 
 
 
 
 
 
 
 
 
 
 
 
 
 
 
 
 
 
 
 
 
 
 
 
 
 
 
 
 
 
 
 
 
 
 
 
 
 
 
 
 
 
 
 
 
 
 
 
 
 
 
 
 
 
 
 
 
 
 
 
 
 
 
 
 
 
 
 
 
 
 
 
 
 
 
 
 
 
 
 
 
 
 
 
 
 
 
 
 
 
 
 
 
 
 
 
 
 
 
 
 
 
 
 
 
 
 
 
 
 
 
 
 
 
 
 
 
 
 
 
 
 
 
 
 
 
 
 
 
 
 
 
 
 
 
 
 
 
 
 
 
 
 
 
 
 
 
 
 
 
 
 
 
 
 
 
 
 
 
 
 
 
 
 
 
 
 
 
 
 
 
 
 
 
 
 
 
 
 
 
 
 
 
 
 
 
 
 
 
 
 
 
 
 
 
 
 
 
 
 
 
 
 
 
 
 
 
 
 
 
 
 
 
 
 
 
 
 
 
 
 
 
 
 
 
 
 
 
 
 
 
 
 
 
 
 
 
 
 
 
 
 
 
 
 
 
 
 
 
 
 
 
 
 
 
 
 
 
 
 
 
 
 
 
 
 
 
 
 
 
 
 
 
 
 
 
 
 
 
 
 
 
 
 
 
 
 
 
 
 
 
 
 
 
 
 
 
 
 
 
 
 
 
 
 
 
 
 
 
 
 
 
 
 
 
 
 
 
 
 
 
 
 
 
 
 
 
 
 
 
 
 
 
 
 
 
 
 
 
 
 
 
 
 
 
 
 
 
 
 
 
 
 
 
 
 
 
 
 
 
 
 
 
 
 
 
 
 
 
 
 
 
 
 
 
 
 
 
 
 
 
 
 
 
 
 
 
 
 
 
 
 
 
 
 
 
 
 
 
 
 
 
 
 
 
 
 
 
 
 
 
 
 
 
 
 
 
 
 
 
 
 
 
 
 
 
 
 
 
 
 
 
 
 
 
 
 
 
 
 
 
 
 
 
 
 
 
 
 
 
 
 
 
 
 
 
 
 
 
 
 
 
 
 
 
 
 
 
 
 
 
 
 
 
 
 
 
 
 
 
 
 
 
 
 
 
 
 
 
 
 
 
 
 
 
 
 
 
 
 
 
 
 
 
 
 
 
 
 
 
 
 
 
 
 
 
 
 
 
 
 
 
 
 
 
 
 
 
 
 
 
 
 
 
 
 
 
 
 
 
 
 
 
 
 
 
 
 
 
 
 
 
 
 
 
 
 
 
 
 
 
 
 
 
 
 
 
 
 
 
 
 
 
 
 
 
 
 
 
 
 
 
 
 
 
 
 
 
 
 
 
 
 
 
 
 
 
 
 
 
 
 
 
 
 
 
 
 
 
 
 
 
 
 
 
 
 
 
 
 
 
 
 
 
 
 
 
 
 
 
 
 
 
 
 
 
 
 
 
 
 
 
 
 
 
 
 
 
 
 
 
 
 
 
 
 
 
 
 
 
 
 
 
 
 
 
 
 
 
 
 
 
 
 
 
 
 
 
 
 
 
 
 
 
 
 
 
 
 
 
 
 
 
 
 
 
 
 
 
 
 
 
 
 
 
 
 
 
 
 
 
 
 
 
 
 
 
 
 
 
 
 
 
 
 
 
 
 
 
 
 
 
 
 
 
 
 
 
 
 
 
 
 
 
 
 
 
 
 
 
 
 
 
 
 
 
 
 
 
 
 
 
 
 
 
 
 
 
 
 
 
 
 
 
 
 
 
 
 
 
 
 
 
 
 
 
 
 
 
 
 
 
 
 
 
 
 
 
 
 
 
 
 
 
 
 
 
 
 
 
 
 
 
 
 
 
 
 
 
 
 
 
 
 
 
 
 
 
 
 
 
 
 
 
 
 
 
 
 
 
 
 
 
 
 
 
 
 
 
 
 
 
 
 
 
 
 
 
 
 
 
 
 
 
 
 
 
 
 
 
 
 
 
 
 
 
 
 
 
 
 
 
 
 
 
 
 
 
 
 
 
 
 
 
 
 
 
 
 
 
 
 
 
 
 
 
 
 
 
 
 
 
 
 
 
 
 
 
 
 
 
 
 
 
 
 
 
 
 
 
 
 
 
 
 
 
 
 
 
 
 
 
 
 
 
 
 
 
 
 
 
 
 
 
 
 
 
 
 
 
 
 
 
 
 
 
 
 
 
 
 
 
 
 
 
 
 
 
 
 
 
 
 
 
 
 
 
 
 
 
 
 
 
 
 
 
 
 
 
 
 
 
 
 
 
 
 
 
 
 
 
 
 
 
 
 
 
 
 
 
 
 
 
 
 
 
 
 
 
 
 
 
 
 
 
 
 
 
 
 
 
 
 
 
 
 
 
 
 
 
 
 
 
 
 
 
 
 
 
 
 
 
 
 
 
 
 
 
 
 
 
 
 
 
 
 
 
 
 
 
 
 
 
 
 
 
 
 
 
 
 
 
 
 
 
 
 
 
 
 
 
 
 
 
 
 
 
 
 
 
 
 
 
 
 
 
 
 
 
 
 
 
 
 
 
 
 
 
 
 
 
 
 
 
 
 
 
 
 
 
 
 
 
 
 
 
 
 
 
 
 
 
 
 
 
 
 
 
 
 
 
 
 
 
 
 
 
 
 
 
 
 
 
 
 
 
 
 
 
 
 
 
 
 
 
 
 
 
 
 
 
 
 
 
 
 
 
 
 
 
 
 
 
 
 
 
 
 
 
 
 
 
 
 
 
 
 
 
 
 
 
 
 
 
 
 
 
 
 
 
 
 
 
 
 
 
 
 
 
 
 
 
 
 
 
 
 
 
 
 
 
 
 
 
 
 
 
 
 
 
 
 
 
 
 
 
 
 
 
 
 
 
 
 
 
 
 
 
 
 
 
 
 
 
 
 
 
 
 
 
 
 
 
 
 
 
 
 
 
 
 
 
 
 
 
 
 
 
 
 
 
 
 
 
 
 
 
 
 
 
 
 
 
 
 
 
 
 
 
 
 
 
 
 
 
 
 
 
 
 
 
 
 
 
 
 
 
 
 
 
 
 
 
 
 
 
 
 
 
 
 
 
 
 
 
 
 
 
 
 
 
 
 
 
 
 
 
 
 
 
 
 
 
 
 
 
 
 
 
 
 
 
 
 
 
 
 
 
 
 
 
 
 
 
 
 
 
 
 
 
 
 
 
 
 
 
 
 
 
 
 
 
 
 
 
 
 
 
 
 
 
 
 
 
 
 
 
 
 
 
 
 
 
 
 
 
 
 
 
 
 
 
 
 
 
 
 
 
 
 
 
 
 
 
 
 
 
 
 
 
 
 
 
 
 
 
 
 
 
 
 
 
 
 
 
 
 
 
 
 
 
 
 
 
 
 
 
 
 
 
 
 
 
 
 
 
 
 
 
 
 
 
 
 
 
 
 
 
 
 
 
 
 
 
 
 
 
 
 
 
 
 
 
 
 
 
 
 
 
 
 
 
 
 
 
 
 
 
 
 
 
 
 
 
 
 
 
 
 
 
 
 
 
 
 
 
 
 
 
 
 
 
 
 
 
 
 
 
 
 
 
 
 
 
 
 
 
 
 
 
 
 
 
 
 
 
 
 
 
 
 
 
 
 
 
 
 
 
 
 
 
 
 
 
 
 
 
 
 
 
 
 
 
 
 
 
 
 
 
 
 
 
 
 
 
 
 
 
 
 
 
 
 
 
 
 
 
 
 
 
 
 
 
 
 
 
 
 
 
 
 
 
 
 
 
 
 
 
 
 
 
 
 
 
 
 
 
 
 
 
 
 
 
 
 
 
 
 
 
 
 
 
 
 
 
 
 
 
 
 
 
 
 
 
 
 
 
 
 
 
 
 
 
 
 
 
 
 
 
 
 
 
 
 
 
 
 
 
 
 
 
 
 
 
 
 
 
 
 
 
 
 
 
 
 
 
 
 
 
 
 
 
 
 
 
 
 
 
 
 
 
 
 
 
 
 
 
 
 
 
 
 
 
 
 
 
 
 
 
 
 
 
 
 
 
 
 
 
 
 
 
 
 
 
 
 
 
 
 
 
 
 
 
 
 
 
 
 
 
 
 
 
 
 
 
 
 
 
 
 
 
 
 
 
 
 
 
 
 
 
 
 
 
 
 
 
 
 
 
 
 
 
 
 
 
 
 
 
 
 
 
 
 
 
 
 
 
 
 
 
 
 
 
 
 
 
 
 
 
 
 
 
 
 
 
 
 
 
 
 
 
 
 
 
 
 
 
 
 
 
 
 
 
 
 
 
 
 
 
 
 
 
 
 
 
 
 
 
 
 
 
 
 
 
 
 
 
 
 
 
 
 
 
 
 
 
 
 
 
 
 
 
 
 
 
 
 
 
 
 
 
 
 
 
 
 
 
 
 
 
 
 
 
 
 
 
 
 
 
 
 
 
 
 
 
 
 
 
 
 
 
 
 
 
 
 
 
 
 
 
 
 
 
 
 
 
 
 
 
 
 
 
 
 
 
 
 
 
 
 
 
 
 
 
 
 
 
 
 
 
 
 
 
 
 
 
 
 
 
 
 
 
 
 
 
 
 
 
 
 
 
 
 
 
 
 
 
 
 
 
 
 
 
 
 
 
 
 
 
 
 
 
 
 
 
 
 
 
 
 
 
 
 
 
 
 
 
 
 
 
 
 
 
 
 
 
 
 
 
 
 
 
 
 
 
 
 
 
 
 
 
 
 
 
 
 
 
 
 
 
 
 
 
 
 
 
 
 
 
 
 
 
 
 
 
 
 
 
 
 
 
 
 
 
 
 
 
 
 
 
 
 
 
 
 
 
 
 
 
 
 
 
 
 
 
 
 
 
 
 
 
 
 
 
 
 
 
 
 
 
 
 
 
 
 
 
 
 
 
 
 
 
 
 
 
 
 
 
 
 
 
 
 
 
 
 
 
 
 
 
 
 
 
 
 
 
 
 
 
 
 
 
 
 
 
 
 
 
 
 
 
 
 
 
 
 
 
 
 
 
 
 
 
 
 
 
 
 
 
 
 
 
 
 
 
 
 
 
 
 
 
 
 
 
 
 
 
 
 
 
 
 
 
 
 
 
 
 
 
 
 
 
 
 
 
 
 
 
 
 
 
 
 
 
 
 
 
 
 
 
 
 
 
 
 
 
 
 
 
 
 
 
 
 
 
 
 
 
 
 
 
 
 
 
 
 
 
 
 
 
 
 
 
 
 
 
 
 
 
 
 
 
 
 
 
 
 
 
 
 
 
 
 
 
 
 
 
 
 
 
 
 
 
 
 
 
 
 
 
 
 
 
 
 
 
 
 
 
 
 
 
 
 
 
 
 
 
 
 
 
 
 
 
 
 
 
 
 
 
 
 
 
 
 
 
 
 
 
 
 
 
 
 
 
 
 
 
 
 
 
 
 
 
 
 
 
 
 
 
 
 
 
 
 
 
 
 
 
 
 
 
 
 
 
 
 
 
 
 
 
 
 
 
 
 
 
 
 
 
 
 
 
 
 
 
 
 
 
 
 
 
 
 
 
 
 
 
 
 
 
 
 
 
 
 
 
 
 
 
 
 
 
 
 
 
 
 
 
 
 
 
 
 
 
 
 
 
 
 
 
 
 
 
 
 
 
 
 
 
 
 
 
 
 
 
 
 
 
 
 
 
 
 
 
 
 
 
 
 
 
 
 
 
 
 
 
 
 
 
 
 
 
 
 
 
 
 
 
 
 
 
 
 
 
 
 
 
 
 
 
 
 
