0.0 0.0
0.01 2.33722946e-07
0.02 2.34592437e-07
0.03 2.35198765e-07
0.04 2.35593596e-07
0.05 2.3485606e-07
0.06 2.3442908e-07
0.07 2.35333762e-07
0.08 2.26030068e-07
0.09 2.08782387e-07
0.1 2.08249071e-07
0.11 2.20667671e-07
0.12 2.7900215e-07
0.13 3.8595934e-07
0.14 4.19402518e-07
0.15 1.95889176e-07
0.16 -5.39623708e-07
0.17 -1.808253272e-06
0.18 -3.278979956e-06
0.19 -5.064684834e-06
0.2 -7.563425863e-06
0.21 -1.0354687131e-05
0.22 -1.2169499529e-05
0.23 -1.2211655592e-05
0.24 -1.1227760577e-05
0.25 -1.0289638956e-05
0.26 -9.370405282e-06
0.27 -6.631854484e-06
0.28 6.01615619e-07
0.29 1.1393718891e-05
0.3 2.0582519828e-05
0.31 2.1169128979e-05
0.32 7.469661208e-06
0.33 -1.2502611897e-05
0.34 -2.4899467357e-05
0.35 -2.885277859e-05
0.36 -2.3294287521e-05
0.37 -6.547557751e-06
0.38 7.716646739e-06
0.39 8.409282156e-06
0.4 -4.608170838e-06
0.41 -2.6086620419e-05
0.42 -4.2936585386e-05
0.43 -4.6020759971e-05
0.44 -4.3578485225e-05
0.45 -5.6846172453e-05
0.46 -0.000100884214483
0.47 -0.000156643994004
0.48 -0.000175073160914
0.49 -0.00012084679379
0.5 -2.4094101504e-05
0.51 5.4098377997e-05
0.52 0.000102892589582
0.53 0.000126213647836
0.54 0.000123830059478
0.55 0.000120064053106
0.56 8.4871113579e-05
0.57 -3.4180048347e-05
0.58 -0.000167658842462
0.59 -0.000226194714967
0.6 -0.000228425031734
0.61 -0.000192471277073
0.62 -0.000138995639564
0.63 -0.000115107711434
0.64 -9.3208204332e-05
0.65 -6.6236973854e-05
0.66 -6.1822212197e-05
0.67 -4.4231524102e-05
0.68 -7.970782132e-06
0.69 4.7970003644e-05
0.7 0.000132038261527
0.71 0.000152973201478
0.72 5.8733492795e-05
0.73 -6.7450608196e-05
0.74 -0.000122674678224
0.75 -0.000128629979307
0.76 -0.000163498530551
0.77 -0.000132098856083
0.78 -6.135920057e-05
0.79 -0.000115681589175
0.8 -0.000152713037782
0.81 -7.1129677685e-05
0.82 -4.1786047318e-05
0.83 -0.000101528079376
0.84 -0.000184375859363
0.85 -0.000337641534881
0.86 -0.000542065686025
0.87 -0.000638596146603
0.88 -0.000541067986366
0.89 -0.000315299250557
0.9 -0.00011595671848
0.91 7.1598099109e-05
0.92 0.000316354564335
0.93 0.000379979473809
0.94 0.000199489710014
0.95 6.3489273573e-05
0.96 6.20979779e-07
0.97 -9.2908474649e-05
0.98 2.037208872e-05
0.99 0.000319604140533
1.0 0.000323072905065
1.01 6.2337970773e-05
1.02 -0.000166297195656
1.03 -0.000449966571132
1.04 -0.000659079948979
1.05 -0.000603207690143
1.06 -0.000489525197295
1.07 -0.000333586802909
1.08 -8.8002777049e-05
1.09 0.000224303725123
1.1 0.000716029271226
1.11 0.001055842649916
1.12 0.000882956026127
1.13 0.000455774929073
1.14 6.1041071071e-05
1.15 -0.000200901585343
1.16 -0.000319956463191
1.17 -0.000372890029539
1.18 -0.000350270592539
1.19 -0.000224353858914
1.2 -4.0567961794e-05
1.21 0.000189075529945
1.22 0.000464798428958
1.23 0.000534374903534
1.24 0.000317731119496
1.25 0.000246928817056
1.26 0.000373215816033
1.27 0.000350014126246
1.28 0.00033494689048
1.29 0.000400515482466
1.3 0.00028741246112
1.31 -4.093650695e-06
1.32 -0.000550783096253
1.33 -0.001296990006809
1.34 -0.001794563691342
1.35 -0.002276434543786
1.36 -0.002814322128516
1.37 -0.002718055875746
1.38 -0.002064476200894
1.39 -0.001206860505999
1.4 -0.000110051683136
1.41 0.00086740606355
1.42 0.001240472347909
1.43 0.001084820348378
1.44 0.000696550970113
1.45 0.000365786428876
1.46 0.000153214302878
1.47 -0.000271023659057
1.48 -0.000689295590319
1.49 -0.000753767398744
1.5 -0.00095552671522
1.51 -0.001188085444196
1.52 -0.000906908927254
1.53 -0.000487361744185
1.54 -0.000121252974756
1.55 0.000258393206769
1.56 0.000598250644476
1.57 0.001311524669299
1.58 0.002403696425152
1.59 0.003484275088395
1.6 0.004401720580293
1.61 0.004393594114354
1.62 0.003035717488622
1.63 0.001255976974198
1.64 -4.6169439682e-05
1.65 -0.000891260057518
1.66 -0.001723830045718
1.67 -0.002274716308938
1.68 -0.002431858877213
1.69 -0.002277674112305
1.7 -0.001243721808412
1.71 0.000288376117829
1.72 0.001147614090009
1.73 0.001186677471996
1.74 0.000558967320448
1.75 -0.0006676180653
1.76 -0.001637204627423
1.77 -0.00195063509034
1.78 -0.002111103634963
1.79 -0.002060466511687
1.8 -0.001755695185129
1.81 -0.001637462580042
1.82 -0.001851552995312
1.83 -0.002014593740889
1.84 -0.00205182232014
1.85 -0.002267505098085
1.86 -0.002262428864144
1.87 -0.001637337133831
1.88 -0.000744023661519
1.89 0.000462837260936
1.9 0.001922673018447
1.91 0.003198631960692
1.92 0.003985674746799
1.93 0.004114599722355
1.94 0.003332067475921
1.95 0.001987735641346
1.96 0.000610081673234
1.97 -0.000596508094392
1.98 -0.001017703749399
1.99 -0.000358953385801
2.0 0.0004051128614
2.01 0.000715481626107
2.02 0.00118326946146
2.03 0.001587118964183
2.04 0.001866720901365
2.05 0.002579403092507
2.06 0.002769285841969
2.07 0.001645645092411
2.08 0.000313310098588
2.09 -0.000346199723494
2.1 -0.001041502418568
2.11 -0.001683719419009
2.12 -0.001773721025128
2.13 -0.002101093973428
2.14 -0.0026029168656
2.15 -0.002424131860795
2.16 -0.002013140956177
2.17 -0.002196927392673
2.18 -0.002490104871605
2.19 -0.002148193923259
2.2 -0.001561836231094
2.21 -0.001069838092991
2.22 -0.000380562450166
2.23 0.000191136018072
2.24 0.00028147485397
2.25 0.000353229187897
2.26 0.000394307752306
2.27 0.00019089244409
2.28 -0.000218874876317
2.29 -0.00112150959844
2.3 -0.001913106498493
2.31 -0.001849705003451
2.32 -0.000932297805781
2.33 0.00053330880208
2.34 0.002076165571177
2.35 0.003375724799664
2.36 0.00391758660981
2.37 0.004003174710632
2.38 0.004161303941492
2.39 0.003867252294611
2.4 0.002928934003655
2.41 0.001531882428635
2.42 -0.000263196440851
2.43 -0.002119039622485
2.44 -0.003190761871748
2.45 -0.003431147558424
2.46 -0.002980599830142
2.47 -0.001714172474342
2.48 -0.000656089389424
2.49 -0.000205419922693
2.5 0.000449056802488
2.51 0.001254740708502
2.52 0.001783962089386
2.53 0.002439330563819
2.54 0.003116353236507
2.55 0.002669105201315
2.56 0.001231328553542
2.57 -0.000403524160579
2.58 -0.001997938459166
2.59 -0.002989729029388
2.6 -0.002975310571222
2.61 -0.002201882348304
2.62 -0.001223842713005
2.63 -0.000330986794304
2.64 0.000431956123731
2.65 0.000889540679228
2.66 0.000973238318312
2.67 0.000801904351575
2.68 -4.8808022521e-05
2.69 -0.001690609510202
2.7 -0.003517033619533
2.71 -0.005047497739478
2.72 -0.005753649533005
2.73 -0.005604357127829
2.74 -0.004941549043306
2.75 -0.003979560099287
2.76 -0.003055016917791
2.77 -0.001774211769116
2.78 0.000346505079901
2.79 0.003235337488947
2.8 0.005718388875861
2.81 0.007359550621487
2.82 0.009068402169428
2.83 0.009901004930405
2.84 0.009658170721874
2.85 0.008944197921997
2.86 0.006230989188191
2.87 0.00104399937839
2.88 -0.004613382056881
2.89 -0.008590637274398
2.9 -0.010636478127862
2.91 -0.010597289148823
2.92 -0.007632387356333
2.93 -0.003728912640459
2.94 -0.000520423102504
2.95 0.002542598869851
2.96 0.003786214853174
2.97 0.002699147932866
2.98 0.000586819374663
2.99 -0.002204098283917
3.0 -0.004685035533784
3.01 -0.007009609067493
3.02 -0.009568351558951
3.03 -0.011679143444721
3.04 -0.012609325015443
3.05 -0.012696322872979
3.06 -0.011827423412237
3.07 -0.010160901411728
3.08 -0.009577171655393
3.09 -0.008677926691655
3.1 -0.005840904797398
3.11 -0.000638094951829
3.12 0.006965362533337
3.13 0.013931578642967
3.14 0.019371129677418
3.15 0.021050102806553
3.16 0.017041630506436
3.17 0.009921509356179
3.18 0.00184077996969
3.19 -0.00462055233606
3.2 -0.007286476010581
3.21 -0.006457645098328
3.22 -0.0044432466107
3.23 -0.002976370274973
3.24 -0.003617660118223
3.25 -0.004068582558062
3.26 -0.003382909609344
3.27 -0.003195812796179
3.28 -0.002194472255025
3.29 -0.001360634896751
3.3 -0.001326087789988
3.31 -0.000851840118241
3.32 0.00027389899645
3.33 0.002090978239473
3.34 0.003535322210035
3.35 0.004370342649817
3.36 0.003818174079122
3.37 0.001006434562831
3.38 -0.003301627307098
3.39 -0.007285225111727
3.4 -0.008292628450631
3.41 -0.005304246542305
3.42 0.00058861550829
3.43 0.006159190280481
3.44 0.008546518115964
3.45 0.006895652082295
3.46 0.002515045639265
3.47 -0.000780272592289
3.48 -0.001144561708067
3.49 -3.4500931318e-05
3.5 0.001803362944542
3.51 0.003118102579708
3.52 0.001099114717556
3.53 -0.002837249286541
3.54 -0.007091367308293
3.55 -0.011550229655679
3.56 -0.014038265068031
3.57 -0.01537254699672
3.58 -0.015488244331252
3.59 -0.014173337076845
3.6 -0.010664745531233
3.61 -0.002684453114666
3.62 0.008330480762768
3.63 0.018963209721589
3.64 0.025815170991831
3.65 0.027736932315552
3.66 0.023317428745263
3.67 0.016979728920685
3.68 0.011911282598632
3.69 0.008336590634237
3.7 0.007307805231746
3.71 0.007153180398505
3.72 0.005423194976268
3.73 0.00101419241388
3.74 -0.004230073418837
3.75 -0.008976209897158
3.76 -0.011741913600129
3.77 -0.011613170364371
3.78 -0.009334159180494
3.79 -0.002849326202827
3.8 0.00646170911715
3.81 0.015547127533584
3.82 0.023308770128276
3.83 0.027104158210119
3.84 0.024051146718544
3.85 0.013765435467358
3.86 -0.000352365064044
3.87 -0.014158844239169
3.88 -0.024600390417484
3.89 -0.030224972314495
3.9 -0.029544089909204
3.91 -0.024154061229817
3.92 -0.018616395340585
3.93 -0.009430834446084
3.94 0.005461628558669
3.95 0.021151312861649
3.96 0.03487221010977
3.97 0.043496343060058
3.98 0.044430333860977
3.99 0.034935803321813
4.0 0.018447597498271
4.01 0.001715082233749
4.02 -0.01209887650698
4.03 -0.020200037839014
4.04 -0.023596631178436
4.05 -0.024092064475345
4.06 -0.022965343676422
4.07 -0.023510444348452
4.08 -0.019060762868418
4.09 -0.009732265880863
4.1 0.000254063069464
4.11 0.010591378280705
4.12 0.016313640443555
4.13 0.017444456606909
4.14 0.014357289108997
4.15 0.010225445104922
4.16 0.007110357363788
4.17 0.004540391264539
4.18 0.00104257181218
4.19 -0.003921504134517
4.2 -0.008657511339831
4.21 -0.010614502267001
4.22 -0.005320911461968
4.23 0.007386852597515
4.24 0.021187520640556
4.25 0.031572051001185
4.26 0.035434244164007
4.27 0.031409115395381
4.28 0.020074137575249
4.29 0.002464957176525
4.3 -0.011776161666431
4.31 -0.022017560258404
4.32 -0.030817907873157
4.33 -0.030039187803854
4.34 -0.025034860199424
4.35 -0.021961887271245
4.36 -0.015550192749423
4.37 -0.009306091259607
4.38 -0.004029405855841
4.39 0.005208123700098
4.4 0.013833907140878
4.41 0.022920823561715
4.42 0.030113969965001
4.43 0.034125465498168
4.44 0.035637459854561
4.45 0.037320243743839
4.46 0.038569892271039
4.47 0.037628102773376
4.48 0.032353851897028
4.49 0.012925678561879
4.5 -0.012785257165713
4.51 -0.035477834610708
4.52 -0.053587526162727
4.53 -0.064114734721851
4.54 -0.061321753663325
4.55 -0.051665451750501
4.56 -0.032333412362032
4.57 0.00443885154936
4.58 0.033433491827796
4.59 0.060149449040962
4.6 0.083015384971369
4.61 0.085942571233882
4.62 0.087480075461681
4.63 0.089325302205947
4.64 0.080059212978459
4.65 0.072768235784788
4.66 0.05299346296671
4.67 0.013672723230119
4.68 -0.021244449584642
4.69 -0.048659805164213
4.7 -0.084863529205057
4.71 -0.094569576160263
4.72 -0.101605587826222
4.73 -0.11859316841526
4.74 -0.118709451761656
4.75 -0.121641385037957
4.76 -0.115002233694665
4.77 -0.08826115546088
4.78 -0.05502180135586
4.79 -0.014625334553077
4.8 0.024944041538823
4.81 0.06058573316673
4.82 0.084050866103936
4.83 0.107165208164777
4.84 0.128256248412924
4.85 0.14242247346216
4.86 0.155436972458873
4.87 0.167365186557521
4.88 0.169617473081063
4.89 0.167454673988327
4.9 0.15298437000804
4.91 0.137012960703917
4.92 0.113798710441351
4.93 0.083603369894085
4.94 0.072643830811186
4.95 0.06169235838298
4.96 0.061665888569236
4.97 0.076623501613956
4.98 0.078553897805537
4.99 0.072787986563671
5.0 0.050395707541595
5.01 0.030999118098828
5.02 -0.003278157966043
5.03 -0.006662670097859
5.04 -0.024868558051863
5.05 -0.021416472158121
5.06 -0.02287792522501
5.07 -0.026231211760639
5.08 -0.034483267070964
5.09 -0.04765435976534
5.1 -0.05863916134224
5.11 -0.070165615688901
5.12 -0.069580827095099
5.13 -0.057936006086737
5.14 -0.045398172856315
5.15 -0.03628704653952
5.16 -0.036080257264461
5.17 -0.048336451534541
5.18 -0.064006545548306
5.19 -0.077893380367627
5.2 -0.08364466825295
5.21 -0.105922362455872
5.22 -0.128702972678555
5.23 -0.144237105495423
5.24 -0.182061157974141
5.25 -0.197407332336837
5.26 -0.204860965095053
5.27 -0.21061087352582
5.28 -0.193103453902946
5.29 -0.173796076384721
5.3 -0.158510380606346
5.31 -0.143192018506132
5.32 -0.139684282267122
5.33 -0.138224521121628
5.34 -0.114110206436513
5.35 -0.061714256330725
5.36 -0.024048329421693
5.37 0.00889279235781
5.38 0.05702561911246
5.39 0.061892832706682
5.4 0.066591705098729
5.41 0.097978695582568
5.42 0.101778202717619
5.43 0.113459936381195
5.44 0.132565635932451
5.45 0.133741074249181
5.46 0.140169291107301
5.47 0.144705837827943
5.48 0.134350415045073
5.49 0.112459312792285
5.5 0.074985103995463
5.51 0.037027771885202
5.52 0.009666674271887
5.53 -0.014985333892457
5.54 -0.021415047124998
5.55 -0.027022088549515
5.56 -0.029491693938658
5.57 -0.013896084616919
5.58 0.006934570604804
5.59 0.035056559275767
5.6 0.064811647138794
5.61 0.07466213939899
5.62 0.072861215278416
5.63 0.037311122460937
5.64 -0.00803801233594
5.65 -0.039968855218314
5.66 -0.075583705475719
5.67 -0.086291980858194
5.68 -0.083072524741459
5.69 -0.101163356337539
5.7 -0.102180035872139
5.71 -0.100989206830168
5.72 -0.120150077971054
5.73 -0.111781574979822
5.74 -0.119127445576459
5.75 -0.126173718373321
5.76 -0.122317074621688
5.77 -0.130518392452486
5.78 -0.130207639711342
5.79 -0.136425760503929
5.8 -0.145787791359266
5.81 -0.151665700388671
5.82 -0.1622970232934
5.83 -0.164206689503883
5.84 -0.166873493916345
5.85 -0.161086359184986
5.86 -0.138922255920171
5.87 -0.105043634879321
5.88 -0.100904211221372
5.89 -0.078606173851109
5.9 -0.081441432885756
5.91 -0.089775433077167
5.92 -0.070010473797991
5.93 -0.051929363392614
5.94 -0.016041864663154
5.95 -0.002421885637353
5.96 0.026597794887739
5.97 0.030116509346012
5.98 0.024441154684248
5.99 -0.001572136516154
6.0 -0.057681962729214
6.01 -0.095791039438328
6.02 -0.121779635975056
6.03 -0.15069577050006
6.04 -0.112966373014583
6.05 -0.078097675777668
6.06 -0.032226616383315
6.07 0.009248141060679
6.08 0.058636259243994
6.09 0.087480795648538
6.1 0.105890078777298
6.11 0.130490115005129
6.12 0.160438336837133
6.13 0.203324480804842
6.14 0.225767437249282
6.15 0.260514481712006
6.16 0.29758167129615
6.17 0.309330892017915
6.18 0.321969758085608
6.19 0.338315185086046
6.2 0.352323075690754
6.21 0.356524012283176
6.22 0.357654072244544
6.23 0.362396281309278
6.24 0.349403007025763
6.25 0.344390841460057
6.26 0.333689671154251
6.27 0.248145369048725
6.28 0.146303967701406
6.29 0.086350785265396
6.3 0.014239931963593
6.31 -0.044979323577632
6.32 -0.045452149855498
6.33 -0.047968521219479
6.34 -0.075216000085893
6.35 -0.085503057928777
6.36 -0.077227805468831
6.37 -0.089444396765532
6.38 -0.094538403961233
6.39 -0.095088745733023
6.4 -0.089333212192316
6.41 -0.070202715984986
6.42 -0.010328386028274
6.43 0.001693014804885
6.44 0.047173906650354
6.45 0.057890821494952
6.46 0.053273384816873
6.47 0.055747241217441
6.48 0.062638412211561
6.49 0.051914732183526
6.5 0.045921763798062
6.51 0.024830959467384
6.52 0.01093503857508
6.53 -0.018715355793682
6.54 -0.031993605944731
6.55 -0.057624130772823
6.56 -0.082903533838938
6.57 -0.098334795402538
6.58 -0.112829978388939
6.59 -0.117073701717799
6.6 -0.112580109405993
6.61 -0.097083445153732
6.62 -0.091934531900724
6.63 -0.121034276327891
6.64 -0.118921527404214
6.65 -0.174715800574799
6.66 -0.226739372027441
6.67 -0.140601223190025
6.68 -0.040272800470591
6.69 -0.052719659749335
6.7 0.11596524628036
6.71 0.112037315080355
6.72 0.093430263096642
6.73 0.13849199489331
6.74 0.098518687158253
6.75 0.064433789693667
6.76 0.019688545566078
6.77 -0.034787092361776
6.78 -0.058533512147474
6.79 -0.078694917175681
6.8 -0.062982468257087
6.81 -0.038847180569084
6.82 -0.004659704705643
6.83 0.041876737981425
6.84 0.075120533032451
6.85 0.107684128839933
6.86 0.135362874988234
6.87 0.135266514820026
6.88 0.129100971459354
6.89 0.140548957909154
6.9 0.152868023943538
6.91 0.176342564852644
6.92 0.203045535323702
6.93 0.224214766603809
6.94 0.262584707128444
6.95 0.254310648855893
6.96 0.274569102697481
6.97 0.282046559106169
6.98 0.264775175538107
6.99 0.266354060512139
7.0 0.23719048626413
7.01 0.224461866392036
7.02 0.180743008759517
7.03 0.135807515175575
7.04 0.114293981881177
7.05 0.090876520237141
7.06 0.07355278315799
7.07 0.102128533011332
7.08 0.095953636751245
7.09 0.107525931168214
7.1 0.106521360830391
7.11 0.092142127640488
7.12 0.09263758000929
7.13 0.075145592813175
7.14 0.059913054243269
7.15 0.052883743867651
7.16 0.017774247371975
7.17 -0.049348569241015
7.18 -0.093115259526274
7.19 -0.154508079767125
7.2 -0.219599771463587
7.21 -0.264483862931929
7.22 -0.304782884571886
7.23 -0.351066747670234
7.24 -0.402794504268636
7.25 -0.437756328314517
7.26 -0.478777153631268
7.27 -0.5183093287202
7.28 -0.551383357797559
7.29 -0.588053373594588
7.3 -0.622386482201294
7.31 -0.648547129772146
7.32 -0.663831866094202
7.33 -0.666071038607893
7.34 -0.646594070057463
7.35 -0.615142425036207
7.36 -0.549623002217825
7.37 -0.402061087753791
7.38 -0.277085170381631
7.39 -0.206237337690211
7.4 -0.106365171170868
7.41 -0.026378787455677
7.42 -0.005573718695779
7.43 0.002479873455656
7.44 0.046434687606668
7.45 0.091721911054053
7.46 0.10089702264044
7.47 0.118618540490875
7.48 0.154819794339728
7.49 0.183261568530878
7.5 0.207986485501125
7.51 0.23897272680013
7.52 0.27441982609887
7.53 0.302589850368252
7.54 0.322425105630415
7.55 0.341928584565391
7.56 0.349531869681688
7.57 0.351179493461596
7.58 0.341895590499091
7.59 0.334597525733676
7.6 0.334665490748935
7.61 0.335090309286241
7.62 0.336362230313782
7.63 0.341901364565765
7.64 0.347201567302444
7.65 0.345341767761083
7.66 0.351872148862017
7.67 0.330728448060305
7.68 0.290416588683606
7.69 0.262089200277417
7.7 0.183536770992594
7.71 0.125737832411568
7.72 0.062409088161626
7.73 0.01214720595745
7.74 -0.029377218797334
7.75 -0.070422214452302
7.76 -0.09854167858437
7.77 -0.134931192051402
7.78 -0.167704142514126
7.79 -0.206936407420007
7.8 -0.235201397148601
7.81 -0.256677444848164
7.82 -0.277397022731384
7.83 -0.288267134638618
7.84 -0.294303052587213
7.85 -0.286529611136667
7.86 -0.259225025386159
7.87 -0.21569001511887
7.88 -0.173469232563573
7.89 -0.137718465812103
7.9 -0.118748080852816
7.91 -0.119460081111844
7.92 -0.130866798127061
7.93 -0.143115807401683
7.94 -0.143293404793616
7.95 -0.13608091425851
7.96 -0.116239829462207
7.97 -0.106452688313404
7.98 -0.069777774202206
7.99 -0.057401025265926
8.0 -0.055040312669721
8.01 -0.068733710152024
8.02 -0.155455839712672
8.03 -0.180997000502454
8.04 -0.260370703226068
8.05 -0.299196746299541
8.06 -0.290325915404959
8.07 -0.310525188329796
8.08 -0.309639222668892
8.09 -0.283492319286229
8.1 -0.246660310286714
8.11 -0.26993830926216
8.12 -0.280276527463988
8.13 -0.285364125057827
8.14 -0.344088790602403
8.15 -0.364935147832628
8.16 -0.383094413414651
8.17 -0.244095123291071
8.18 -0.161384314736949
8.19 -0.144838122939524
8.2 0.063563633927121
8.21 0.038073560159323
8.22 0.065284120120354
8.23 0.120910021801926
8.24 0.158976473456459
8.25 0.180202052138543
8.26 0.234453969231571
8.27 0.287670081402764
8.28 0.313309433001266
8.29 0.369446351960767
8.3 0.402958249292216
8.31 0.44241081949788
8.32 0.479413321412197
8.33 0.496012249189359
8.34 0.527874785589538
8.35 0.549638548731956
8.36 0.542308796527297
8.37 0.556494598600433
8.38 0.560614246125142
8.39 0.545033084115778
8.4 0.546113017729894
8.41 0.526557848103511
8.42 0.532604001879371
8.43 0.514999078355373
8.44 0.52023066177546
8.45 0.515256499254662
8.46 0.499972113869341
8.47 0.48772788957411
8.48 0.448597863255945
8.49 0.3827288864142
8.5 0.284531445882047
8.51 0.197556462608464
8.52 0.120960476079974
8.53 0.061896608817536
8.54 0.008297843248766
8.55 -0.036512670758874
8.56 -0.077823207343434
8.57 -0.123740841622712
8.58 -0.171768914412034
8.59 -0.225110449030876
8.6 -0.26609145888377
8.61 -0.301290931231286
8.62 -0.336383823370751
8.63 -0.371634963957025
8.64 -0.39731977989242
8.65 -0.416917340658426
8.66 -0.432905609100108
8.67 -0.449413837072012
8.68 -0.463628609854072
8.69 -0.47915459907809
8.7 -0.492692339990383
8.71 -0.507641465359164
8.72 -0.523882307209704
8.73 -0.537506568058542
8.74 -0.546544885025849
8.75 -0.552370674910828
8.76 -0.550983363038047
8.77 -0.543449535872233
8.78 -0.509582587248954
8.79 -0.461572898245008
8.8 -0.403445572538649
8.81 -0.330843465875839
8.82 -0.261535874180394
8.83 -0.187176358583968
8.84 -0.118204518328241
8.85 -0.056019980917011
8.86 -0.002694250943024
8.87 0.039465528915798
8.88 0.080088433890501
8.89 0.114058677546122
8.9 0.148843884735129
8.91 0.181694327452549
8.92 0.212758717248911
8.93 0.240658117679416
8.94 0.263779273847955
8.95 0.280170681288151
8.96 0.291273307766908
8.97 0.297109206017197
8.98 0.29939170806271
8.99 0.284895396767975
9.0 0.264095758526805
9.01 0.242746358230707
9.02 0.218872976649558
9.03 0.207384781937411
9.04 0.210610114650214
9.05 0.231184516017906
9.06 0.252482469114796
9.07 0.279865429803856
9.08 0.292659648030863
9.09 0.285028719060286
9.1 0.283014394540326
9.11 0.260752799894084
9.12 0.292297762818071
9.13 0.278769441136032
9.14 0.291395627298322
9.15 0.281176620531495
9.16 0.243251684947724
9.17 0.254477067853361
9.18 0.222979955949154
9.19 0.248785979962547
9.2 0.234691289807888
9.21 0.221796085369768
9.22 0.160052333423735
9.23 0.084565960018753
9.24 0.042085464566589
9.25 -0.014095875409422
9.26 -0.052201428593753
9.27 -0.082858309932544
9.28 -0.105362273452086
9.29 -0.14116404104395
9.3 -0.185367659237975
9.31 -0.218323639290772
9.32 -0.24705377697914
9.33 -0.283173375597613
9.34 -0.320991297405018
9.35 -0.348630637336184
9.36 -0.372708546253822
9.37 -0.394224625623181
9.38 -0.405129904017343
9.39 -0.404198122397941
9.4 -0.390487507574242
9.41 -0.352536870843075
9.42 -0.292504234236318
9.43 -0.236590123921582
9.44 -0.196602068758665
9.45 -0.175174445069525
9.46 -0.177728290113027
9.47 -0.207082599347185
9.48 -0.247057946532317
9.49 -0.297208237878561
9.5 -0.335261033897821
9.51 -0.368333164262949
9.52 -0.39616955250964
9.53 -0.39232835106551
9.54 -0.388843024707169
9.55 -0.334742713049798
9.56 -0.34546283814916
9.57 -0.330942716426134
9.58 -0.277834178777874
9.59 -0.180156634686693
9.6 -0.139018621908489
9.61 -0.055489080842628
9.62 0.044231118936372
9.63 0.027312184795641
9.64 0.077461183887925
9.65 0.127102656612723
9.66 0.151020985464738
9.67 0.203506481840441
9.68 0.25250307161523
9.69 0.290078659652819
9.7 0.338427526683278
9.71 0.384832381415797
9.72 0.425072291633174
9.73 0.465437056666557
9.74 0.510392576894752
9.75 0.542612962069588
9.76 0.569858879279998
9.77 0.595237871284185
9.78 0.608479273242722
9.79 0.613074467142746
9.8 0.614029581263337
9.81 0.589448537940079
9.82 0.556137366475073
9.83 0.498713651262898
9.84 0.413511318173133
9.85 0.317687688035367
9.86 0.232410493408426
9.87 0.160491981058006
9.88 0.106991614194116
9.89 0.069264137812135
9.9 0.037024468695488
9.91 0.013989522952023
9.92 -0.011599580870281
9.93 -0.037646175119812
9.94 -0.054119517170418
9.95 -0.062116297667069
9.96 -0.068271839299814
9.97 -0.077817060581302
9.98 -0.082391590628342
9.99 -0.092463077096419
10.0 -0.105874197507187
10.01 -0.122765028029966
10.02 -0.14278945243544
10.03 -0.16806938423016
10.04 -0.199137054082461
10.05 -0.228450103707727
10.06 -0.257300751712109
10.07 -0.285410619357909
10.08 -0.309358602704669
10.09 -0.326425209479083
10.1 -0.336794842810774
10.11 -0.339399465115363
10.12 -0.326758631965617
10.13 -0.270282355019356
10.14 -0.20198820470004
10.15 -0.141505894142647
10.16 -0.094074227431269
10.17 -0.073118990466684
10.18 -0.063830172658642
10.19 -0.078014546482454
10.2 -0.085804451227586
10.21 -0.099829579508404
10.22 -0.107342178574438
10.23 -0.081072850164833
10.24 -0.041280069814305
10.25 -0.018352867766925
10.26 0.07533526697903
10.27 0.11083762354167
10.28 0.117609944757037
10.29 0.196458273801162
10.3 0.209668629300349
10.31 0.221350238663772
10.32 0.263845754585755
10.33 0.287160618821456
10.34 0.310619243401407
10.35 0.332300022616058
10.36 0.348194375816509
10.37 0.35456910953579
10.38 0.337546177659803
10.39 0.134460677573008
10.4 0.075658921971906
10.41 0.001852568278128
10.42 -0.16076090682777
10.43 -0.133047760222166
10.44 -0.148234537850645
10.45 -0.183025379443207
10.46 -0.207719584039861
10.47 -0.200588667553214
10.48 -0.196862440989887
10.49 -0.2033518316985
10.5 -0.102771339795998
10.51 -0.066022242156596
10.52 -0.002157546751487
10.53 0.073941181374236
10.54 0.084496812353204
10.55 0.127345067251837
10.56 0.13516080730427
10.57 0.154064980712679
10.58 0.147132245654774
10.59 0.147283628899024
10.6 0.146618111230518
10.61 0.124517036345089
10.62 0.071080262444011
10.63 0.03747363439565
10.64 -0.029698379778629
10.65 -0.090372271672765
10.66 -0.110255751992729
10.67 -0.14502967726344
10.68 -0.171274553757878
10.69 -0.185386870107422
10.7 -0.203824819915875
10.71 -0.216703906705111
10.72 -0.219896440456605
10.73 -0.210335276038521
10.74 -0.215309119083634
10.75 -0.230476374556437
10.76 -0.245583732718856
10.77 -0.298671691606078
10.78 -0.21683551690063
10.79 -0.115143904882417
10.8 -0.116666897362738
10.81 0.039930114585743
10.82 0.025145583691412
10.83 0.028794126191415
10.84 0.006322080886834
10.85 -0.023699433220173
10.86 -0.057773036639103
10.87 -0.085252272149572
10.88 -0.125245908944794
10.89 -0.148312896665178
10.9 -0.179336780616678
10.91 -0.203458436879847
10.92 -0.234634342922622
10.93 -0.238118816056323
10.94 -0.253443884396391
10.95 -0.255062585222593
10.96 -0.256865263965767
10.97 -0.23871821375378
10.98 -0.203347753876609
10.99 -0.159209367791617
11.0 -0.077548780211069
11.01 -0.024589744910155
11.02 0.018929767118926
11.03 0.063594980029695
11.04 0.089429595463828
11.05 0.103508843156361
11.06 0.134562513133917
11.07 0.160632569774947
11.08 0.172240055324101
11.09 0.198913026935489
11.1 0.216599177786769
11.11 0.226206123022714
11.12 0.242781066548602
11.13 0.261632641463824
11.14 0.269128273832154
11.15 0.280753167680489
11.16 0.292563184746334
11.17 0.298457147840415
11.18 0.302209761765141
11.19 0.308219198420861
11.2 0.312649600618068
11.21 0.317992852503613
11.22 0.326014078459001
11.23 0.33503356431022
11.24 0.346202748235445
11.25 0.356951390978703
11.26 0.367992724793209
11.27 0.374364060952568
11.28 0.381319560464699
11.29 0.383473882464389
11.3 0.37996320352314
11.31 0.371295268563155
11.32 0.331741163279213
11.33 0.30386814328767
11.34 0.278509217031135
11.35 0.225184072962833
11.36 0.180191937354905
11.37 0.133471195211039
11.38 0.069866545350295
11.39 0.024725316860549
11.4 -0.006022685616141
11.41 -0.037716235982925
11.42 -0.06874239201538
11.43 -0.099434655507858
11.44 -0.131615102457688
11.45 -0.169201198479296
11.46 -0.204010584768565
11.47 -0.237335187874926
11.48 -0.272305681095882
11.49 -0.30905446542661
11.5 -0.345369685477474
11.51 -0.372366104053147
11.52 -0.398630355769639
11.53 -0.421329769847954
11.54 -0.434696738713824
11.55 -0.44382639036542
11.56 -0.445280272936734
11.57 -0.441453937862311
11.58 -0.411363175202513
11.59 -0.375799852252834
11.6 -0.347793265596267
11.61 -0.312671045736066
11.62 -0.288791300153356
11.63 -0.255337929885071
11.64 -0.218189842982289
11.65 -0.180315090938972
11.66 -0.142609269333054
11.67 -0.11017707137606
11.68 -0.08389419443058
11.69 -0.058030037806563
11.7 -0.032705174386546
11.71 -0.012839335957471
11.72 0.001536477343483
11.73 0.012701191158642
11.74 0.019215512341759
11.75 0.023172871480761
11.76 0.028587907927316
11.77 0.036754683225702
11.78 0.049332713523584
11.79 0.068093955548831
11.8 0.091447572866404
11.81 0.116974301111943
11.82 0.140995686407932
11.83 0.16333980629945
11.84 0.183987870879192
11.85 0.204553185806005
11.86 0.228522029769737
11.87 0.255459756174904
11.88 0.284220627869821
11.89 0.313644992943045
11.9 0.341894649328054
11.91 0.366953585316048
11.92 0.38840833598279
11.93 0.405632746629111
11.94 0.417927364981746
11.95 0.42459552435083
11.96 0.427288666880531
11.97 0.426589773876562
11.98 0.421345489709821
11.99 0.416594735005368
12.0 0.401955089704312
12.01 0.387206522153476
12.02 0.367722771920737
12.03 0.341103019605907
12.04 0.319057018005276
12.05 0.258800350612575
12.06 0.189072509739555
12.07 0.130624194702525
12.08 0.082061282858945
12.09 0.038650077052261
12.1 0.007794430826252
12.11 -0.009986353980826
12.12 -0.029360166793285
12.13 -0.065246224910191
12.14 -0.096935077595472
12.15 -0.117130393394946
12.16 -0.14447476116576
12.17 -0.177705791850916
12.18 -0.205836284211092
12.19 -0.228696121265683
12.2 -0.255159195699471
12.21 -0.281473664436401
12.22 -0.302341261158391
12.23 -0.319308207315669
12.24 -0.335858969058953
12.25 -0.349116873027614
12.26 -0.357614049446606
12.27 -0.363096381526104
12.28 -0.368091768288389
12.29 -0.370544158682089
12.3 -0.370627654584904
12.31 -0.369754106420938
12.32 -0.367652119920677
12.33 -0.363591609921294
12.34 -0.343874431781971
12.35 -0.329505262011621
12.36 -0.300957443105744
12.37 -0.277424075584503
12.38 -0.268909796921603
12.39 -0.25735812220838
12.4 -0.259795740115714
12.41 -0.253492854599357
12.42 -0.250848147391524
12.43 -0.236765341836577
12.44 -0.227938646658419
12.45 -0.213602387952946
12.46 -0.198418991402614
12.47 -0.175769379008302
12.48 -0.151500511811588
12.49 -0.123895050469142
12.5 -0.094398191438061
12.51 -0.077179566185917
12.52 -0.058678910827587
12.53 -0.042218419616631
12.54 -0.025774619136538
12.55 -0.004729928092058
12.56 0.017634348995389
12.57 0.039355470008908
12.58 0.060465658130056
12.59 0.081306444514431
12.6 0.0997584591576
12.61 0.117375999699559
12.62 0.13308168858679
12.63 0.148024118670096
12.64 0.161993351985313
12.65 0.176424770970549
12.66 0.190281640420181
12.67 0.207147938705503
12.68 0.225662816912656
12.69 0.245131171893363
12.7 0.265909312838797
12.71 0.286805952181899
12.72 0.306099952953864
12.73 0.321872758614744
12.74 0.33395062756582
12.75 0.342243269945484
12.76 0.345814957910785
12.77 0.347579736766082
12.78 0.34680179509418
12.79 0.342535907679908
12.8 0.321937111274145
12.81 0.286751640842519
12.82 0.232522519624581
12.83 0.161299403888447
12.84 0.090514668908994
12.85 0.036684306191957
12.86 -0.001761244208168
12.87 -0.032933941042296
12.88 -0.056109825865037
12.89 -0.072608707592702
12.9 -0.08992554240351
12.91 -0.110159236280154
12.92 -0.125092925021337
12.93 -0.132108820587631
12.94 -0.137778212986083
12.95 -0.145074540035126
12.96 -0.146869756008168
12.97 -0.144241588337871
12.98 -0.138298418701163
12.99 -0.127061416248995
13.0 -0.111479731748104
13.01 -0.102815207828873
13.02 -0.101206312874296
13.03 -0.109086467955417
13.04 -0.125050565094855
13.05 -0.138865254353157
13.06 -0.143008838828109
13.07 -0.150279016369004
13.08 -0.137181951521615
13.09 -0.137859351964722
13.1 -0.140915868339717
13.11 -0.130632191633967
13.12 -0.132979496983
13.13 -0.136456607454677
13.14 -0.123794579887843
13.15 -0.140277370443087
13.16 -0.138738679817101
13.17 -0.142963288669786
13.18 -0.142934087810458
13.19 -0.150575134676687
13.2 -0.148504455999193
13.21 -0.099070560981516
13.22 -0.051766686525147
13.23 -0.058938078925558
13.24 0.06490017859906
13.25 -0.007471553583679
13.26 0.053744861671072
13.27 0.041537684321506
13.28 0.045602313478867
13.29 0.060747813761813
13.3 0.049314063235099
13.31 0.054554394122407
13.32 0.044973474588806
13.33 0.033823600189758
13.34 0.013020490712955
13.35 0.000544311751753
13.36 -0.007471973835323
13.37 -0.00404479866476
13.38 0.012282834870364
13.39 0.025583796981823
13.4 0.046930144985763
13.41 0.046680511150651
13.42 0.058862990264233
13.43 0.05613602523105
13.44 0.053606585156747
13.45 0.056197050163448
13.46 0.043482414802208
13.47 0.05851974977635
13.48 0.054028714411248
13.49 0.061370933453898
13.5 0.07498480627042
13.51 0.079187678170482
13.52 0.093868841283911
13.53 0.108215647537571
13.54 0.120219189534525
13.55 0.132924635447213
13.56 0.135875942873919
13.57 0.103846907146682
13.58 0.021586753573679
13.59 0.010817360952274
13.6 -0.049765905897309
13.61 -0.08961734603831
13.62 -0.055080038815807
13.63 -0.0938415609963
13.64 -0.091466704559115
13.65 -0.09206290757085
13.66 -0.111953008674612
13.67 -0.11421261378774
13.68 -0.117322628301873
13.69 -0.134273408876888
13.7 -0.132583499583958
13.71 -0.137967196218677
13.72 -0.145236416584032
13.73 -0.142471060356634
13.74 -0.14796292587102
13.75 -0.149227804861494
13.76 -0.148844701526514
13.77 -0.148557327570242
13.78 -0.137700495001636
13.79 -0.107633389672484
13.8 -0.073614055329196
13.81 -0.04709025610404
13.82 -0.015985035966977
13.83 -0.002167019623717
13.84 0.002439251336379
13.85 0.014703427768378
13.86 0.021783294382474
13.87 0.028388948261674
13.88 0.037442782052885
13.89 0.044618209021713
13.9 0.054800467520581
13.91 0.066693642593377
13.92 0.076615797791467
13.93 0.083632462998916
13.94 0.090473603759213
13.95 0.097284651641698
13.96 0.103406704552
13.97 0.110493527631376
13.98 0.119052332977824
13.99 0.126504890724907
14.0 0.131656701659798
14.01 0.136867960834084
14.02 0.141190060019544
14.03 0.143663164121482
14.04 0.144474201688892
14.05 0.143054083035943
14.06 0.135302031157095
14.07 0.124057898662192
14.08 0.110287451475179
14.09 0.09770262701519
14.1 0.085879241918844
14.11 0.076457237621433
14.12 0.066074906283777
14.13 0.055314905592826
14.14 0.04493291447402
14.15 0.036106975482701
14.16 0.028791988715714
14.17 0.022973843587166
14.18 0.016672706301887
14.19 0.009266037343976
14.2 0.002682277334789
14.21 -0.003718078446849
14.22 -0.008503573291182
14.23 -0.010056503481443
14.24 -0.008881783415934
14.25 -0.006262377741068
14.26 -0.002929135020738
14.27 0.000244286459171
14.28 0.002157535217615
14.29 0.005497100875308
14.3 0.008780905396893
14.31 0.011383733962885
14.32 0.011690036761189
14.33 0.004620014946924
14.34 -0.007552209328405
14.35 -0.018635495006731
14.36 -0.026581536009435
14.37 -0.033058583085013
14.38 -0.048353427503111
14.39 -0.065181446510939
14.4 -0.076391129292279
14.41 -0.097277812746315
14.42 -0.112423551696648
14.43 -0.112942441610959
14.44 -0.123628675100855
14.45 -0.129501106684164
14.46 -0.127134030870204
14.47 -0.129297345890611
14.48 -0.118135043749135
14.49 -0.106865737970149
14.5 -0.091869022646718
14.51 -0.082780285887268
14.52 -0.077948116539942
14.53 -0.084596012333309
14.54 -0.094458874292808
14.55 -0.107240103236197
14.56 -0.121087583970844
14.57 -0.126591723791982
14.58 -0.13050532256893
14.59 -0.129442584704669
14.6 -0.11466910527973
14.61 -0.107184459726333
14.62 -0.100463750264011
14.63 -0.099296654205431
14.64 -0.103739867971124
14.65 -0.11477037757392
14.66 -0.11930639399085
14.67 -0.125106998986888
14.68 -0.126060636280582
14.69 -0.122409150536846
14.7 -0.120980828531758
14.71 -0.116918281331142
14.72 -0.063577905545387
14.73 -0.058068023518757
14.74 -0.02971640427832
14.75 0.017448163890996
14.76 -0.012274228178711
14.77 0.026227579660022
14.78 0.014885002879906
14.79 0.029969170561224
14.8 0.038778135285111
14.81 0.042118895468363
14.82 0.054959596658753
14.83 0.060961410309516
14.84 0.068697139403222
14.85 0.078234740368319
14.86 0.086543624325758
14.87 0.098217627820347
14.88 0.110304034799522
14.89 0.123780584338008
14.9 0.135945684396744
14.91 0.147745731030185
14.92 0.156249173699887
14.93 0.162306468979593
14.94 0.16584022922067
14.95 0.165458783075187
14.96 0.16202731419412
14.97 0.157611046678457
14.98 0.148956501174344
14.99 0.13997242937331
15.0 0.127148707706296
15.01 0.112720652339321
15.02 0.09951475299223
15.03 0.091814488413222
15.04 0.087196391159935
15.05 0.088950115968737
15.06 0.08883945274095
15.07 0.085053519052355
15.08 0.078814762666172
15.09 0.06501148484335
15.1 0.051837548286517
15.11 0.038609300183545
15.12 0.027790678305085
15.13 0.020148578275238
15.14 0.016741040656369
15.15 0.012518521822981
15.16 0.008465474562688
15.17 0.001670817312581
15.18 -0.00865069476972
15.19 -0.022056125762107
15.2 -0.035743848082397
15.21 -0.050111940151721
15.22 -0.064135786852902
15.23 -0.07650697640071
15.24 -0.088550695143016
15.25 -0.099837727801927
15.26 -0.109159602248112
15.27 -0.116714643209165
15.28 -0.122549288972748
15.29 -0.124459585248955
15.3 -0.123282397428907
15.31 -0.114237677938441
15.32 -0.0959944282571
15.33 -0.071947053298147
15.34 -0.05018295491586
15.35 -0.033798372590892
15.36 -0.025387607475711
15.37 -0.02561181440567
15.38 -0.027179227389177
15.39 -0.027852551182572
15.4 -0.026733311470042
15.41 -0.023808904719585
15.42 -0.018132608708644
15.43 -0.010043732817093
15.44 -0.00465618010841
15.45 0.004905348430819
15.46 0.01057766756885
15.47 0.016918539991783
15.48 0.022409383812935
15.49 0.027035072673145
15.5 0.033711184749148
15.51 0.039752906453167
15.52 0.045542726275153
15.53 0.047868749597003
15.54 0.049404552009439
15.55 0.052387670270442
15.56 0.054448411530907
15.57 0.062601825118334
15.58 0.073662518312907
15.59 0.086396089704299
15.6 0.10000110250942
15.61 0.11335283936439
15.62 0.12858559696247
15.63 0.141666692766468
15.64 0.155943215746506
15.65 0.168913668519115
15.66 0.180706153886105
15.67 0.19089364895338
15.68 0.198604827974051
15.69 0.20590035682982
15.7 0.210090271061549
15.71 0.212185105486374
15.72 0.212582134543496
15.73 0.209363078533521
15.74 0.206212194463804
15.75 0.196391164681336
15.76 0.127754471998901
15.77 0.062447851948997
15.78 0.040628182652059
15.79 -0.036601213080812
15.8 -0.054248578666191
15.81 -0.048428920953146
15.82 -0.081450421912266
15.83 -0.106837999438851
15.84 -0.105971177793193
15.85 -0.127861767095997
15.86 -0.149723663855676
15.87 -0.147941979925271
15.88 -0.156803431892479
15.89 -0.163403493736942
15.9 -0.155654025079903
15.91 -0.144698780913227
15.92 -0.126402517061513
15.93 -0.110433498080985
15.94 -0.096941974863441
15.95 -0.090974970528801
15.96 -0.094197624240063
15.97 -0.099281400390939
15.98 -0.113341238541492
15.99 -0.122940146852398
16.0 -0.137275303787152
16.01 -0.147003681228173
16.02 -0.151288487988302
16.03 -0.149289416387231
16.04 -0.136172100951218
16.05 -0.130824987093566
16.06 -0.124306059307927
16.07 -0.092392238296261
16.08 -0.071602749559011
16.09 -0.05868331008639
16.1 -0.011688096872406
16.11 -0.018382817229267
16.12 0.00275259940191
16.13 0.008834250073331
16.14 0.015186058492886
16.15 0.024589641723882
16.16 0.026788807735142
16.17 0.03569565156295
16.18 0.033331411186868
16.19 0.038946915101431
16.2 0.030959694208881
16.21 0.031019424168237
16.22 0.02705178295496
16.23 0.032382210654697
16.24 0.038654930734239
16.25 0.041966196183499
16.26 0.053157149023961
16.27 0.056047831979645
16.28 0.058332391871304
16.29 0.063278321853017
16.3 0.063491771240792
16.31 0.068886314391721
16.32 0.077410175093536
16.33 0.090927298882693
16.34 0.10649411673055
16.35 0.124276860216526
16.36 0.140798571034365
16.37 0.155699031020877
16.38 0.169608455380562
16.39 0.181000295833968
16.4 0.191813344065687
16.41 0.200131873541503
16.42 0.20796086366018
16.43 0.213040097021066
16.44 0.213862028918318
16.45 0.208991129451105
16.46 0.187359729247689
16.47 0.15926406530444
16.48 0.124799026167588
16.49 0.07713459973851
16.5 0.042048382852102
16.51 0.020004225344233
16.52 -0.006721992174962
16.53 -0.023632405911133
16.54 -0.027246167838068
16.55 -0.044285658189086
16.56 -0.060235946930451
16.57 -0.064762018539453
16.58 -0.077556051600588
16.59 -0.088452753994138
16.6 -0.090800457403661
16.61 -0.096811084736024
16.62 -0.100582618567869
16.63 -0.096443749365296
16.64 -0.093855841082348
16.65 -0.085937528702604
16.66 -0.081235777584267
16.67 -0.081179522325467
16.68 -0.083030321708888
16.69 -0.093718493633807
16.7 -0.098688136025937
16.71 -0.102879641199435
16.72 -0.105342112733807
16.73 -0.112409989230452
16.74 -0.123764069717614
16.75 -0.129705142266229
16.76 -0.147272242546276
16.77 -0.160213757322008
16.78 -0.164937249708798
16.79 -0.178724161078866
16.8 -0.184368153851383
16.81 -0.187017406530064
16.82 -0.192415243766525
16.83 -0.188417437008813
16.84 -0.130121695682993
16.85 -0.063903170479116
16.86 -0.057898685943311
16.87 0.033371607857085
16.88 0.024675639370541
16.89 0.019643640350206
16.9 0.06220694475746
16.91 0.046459049663597
16.92 0.060190315912303
16.93 0.071387789968949
16.94 0.063699210856953
16.95 0.070617403844441
16.96 0.05647187712839
16.97 0.035435482991486
16.98 0.00657741325925
16.99 -0.00517503972512
17.0 -0.016021829766371
17.01 -0.006538882236308
17.02 0.01080501981832
17.03 0.021942863882585
17.04 0.034034113449
17.05 0.045375036580236
17.06 0.057484986972489
17.07 0.070722783821985
17.08 0.079159167099684
17.09 0.077607246337674
17.1 0.072990920382516
17.11 0.069513530125212
17.12 0.081982370241218
17.13 0.082558794897063
17.14 0.107066472693661
17.15 0.111988700339462
17.16 0.118053544345706
17.17 0.132617998128711
17.18 0.128370918434842
17.19 0.151542688763988
17.2 0.152599650156784
17.21 0.154963101745257
17.22 0.101102589392927
17.23 0.048518219215661
17.24 0.042914591548797
17.25 -0.046482661461773
17.26 -0.02207819042722
17.27 -0.027950074848915
17.28 -0.058742062195501
17.29 -0.039352470550819
17.3 -0.066109959079707
17.31 -0.061120119614407
17.32 -0.070203137000456
17.33 -0.081222692400903
17.34 -0.079781607622536
17.35 -0.09380289367141
17.36 -0.097224030135004
17.37 -0.109380084733732
17.38 -0.126237111431094
17.39 -0.139397589889308
17.4 -0.159260698698877
17.41 -0.173498085863943
17.42 -0.184561589101148
17.43 -0.191386171500205
17.44 -0.192663958953768
17.45 -0.187923023570524
17.46 -0.179776901692357
17.47 -0.170764304009591
17.48 -0.165308716951813
17.49 -0.155376942055064
17.5 -0.151482222340827
17.51 -0.142266424836582
17.52 -0.127262059561336
17.53 -0.09585909651448
17.54 -0.049670071139696
17.55 -0.013130522263377
17.56 0.019286165891423
17.57 0.052180160371352
17.58 0.068598683401408
17.59 0.077523904647918
17.6 0.102811430665873
17.61 0.122143879849851
17.62 0.134230630144207
17.63 0.150026828156571
17.64 0.164858209897433
17.65 0.172417015201026
17.66 0.177858756327326
17.67 0.183019533122367
17.68 0.182627339789356
17.69 0.178027521305046
17.7 0.168366822399024
17.71 0.14765065212906
17.72 0.123697013426862
17.73 0.09447613537556
17.74 0.068062431227017
17.75 0.0454744063688
17.76 0.030853843231109
17.77 0.022053137325697
17.78 0.017673316589134
17.79 0.022160187373283
17.8 0.028976299466735
17.81 0.043571821842994
17.82 0.061484448041433
17.83 0.076989271706442
17.84 0.090125147242172
17.85 0.092385710657726
17.86 0.074708897897711
17.87 0.045726528060815
17.88 0.010144610105824
17.89 -0.011711061555175
17.9 -0.030102854515466
17.91 -0.037727767917388
17.92 -0.055443442944759
17.93 -0.064468195677833
17.94 -0.070734466881563
17.95 -0.091534731439393
17.96 -0.082288409612882
17.97 -0.078439509312709
17.98 -0.067822421841687
17.99 -0.023434467421905
18.0 0.016207776724856
18.01 0.047442774444557
18.02 0.074417766861153
18.03 0.091835438725775
18.04 0.082083759804412
18.05 0.082207032625841
18.06 0.073660098088139
18.07 0.055246455279196
18.08 0.033001864682807
18.09 0.005053158936058
18.1 -0.019151423397456
18.11 -0.035571923684099
18.12 -0.044120581843952
18.13 -0.045941986066058
18.14 -0.055435922938401
18.15 -0.067572165090553
18.16 -0.075922015147587
18.17 -0.08528223992457
18.18 -0.082477641556255
18.19 -0.035581773694138
18.2 -0.009018928408052
18.21 0.035084451009029
18.22 0.082197006655296
18.23 0.085686733843309
18.24 0.114950727889511
18.25 0.122560510087621
18.26 0.129457524038438
18.27 0.143944935373275
18.28 0.149478687330041
18.29 0.150929215339126
18.3 0.14780619960723
18.31 0.109588414244162
18.32 0.060101974191356
18.33 0.019190231815578
18.34 -0.02531966840848
18.35 -0.056183106635881
18.36 -0.06770475332063
18.37 -0.081025261006991
18.38 -0.098240132502285
18.39 -0.106520676392732
18.4 -0.114891957643494
18.41 -0.120772846409487
18.42 -0.121492091937936
18.43 -0.113623394489442
18.44 -0.094266488926779
18.45 -0.06305401750445
18.46 -0.036202604118516
18.47 -0.011003791030474
18.48 0.006989359480138
18.49 0.011820036759509
18.5 0.016489952377917
18.51 0.02226140039469
18.52 0.023452709500409
18.53 0.019849841791687
18.54 0.001760161065809
18.55 -0.01260518300808
18.56 -0.038193559867859
18.57 -0.055303894365768
18.58 -0.067388580386895
18.59 -0.077685281124009
18.6 -0.08441200807868
18.61 -0.095586998762201
18.62 -0.100367357911031
18.63 -0.112736221510635
18.64 -0.115505562306382
18.65 -0.103827664429257
18.66 -0.07418243273921
18.67 -0.048604747677998
18.68 -0.008839646847623
18.69 0.014589228014037
18.7 0.018429154352023
18.71 0.037496206633778
18.72 0.032817447814562
18.73 0.031299909549823
18.74 0.030547397662314
18.75 0.012819199866955
18.76 0.00525956780321
18.77 -0.013622932625738
18.78 -0.023517835324069
18.79 -0.030245597984923
18.8 -0.034704388177838
18.81 -0.034786295860553
18.82 -0.025734483173509
18.83 -0.022344630674186
18.84 -0.015609729163738
18.85 -0.011152461427864
18.86 -0.005508272540413
18.87 8.3640867709e-05
18.88 0.009061659113387
18.89 0.018492909091703
18.9 0.027389743678849
18.91 0.034755045790938
18.92 0.038785286682034
18.93 0.038905464718467
18.94 0.041816475195924
18.95 0.052145303441641
18.96 0.068293202691742
18.97 0.075580309051757
18.98 0.077494758052208
18.99 0.080821071812161
19.0 0.067020362555693
19.01 0.04986602604869
19.02 0.055426942851934
19.03 0.044307237649008
19.04 0.047909180414772
19.05 0.043986645447091
19.06 0.03681644982964
19.07 0.014856517448799
19.08 -0.014416028378426
19.09 -0.036085795808227
19.1 -0.059885392647554
19.11 -0.07481520288643
19.12 -0.084163872898053
19.13 -0.093226131470567
19.14 -0.104341171349344
19.15 -0.116410711382914
19.16 -0.123518212857718
19.17 -0.127387603148035
19.18 -0.129141278965736
19.19 -0.124241106800748
19.2 -0.121844792050641
19.21 -0.117736976149238
19.22 -0.116847982447045
19.23 -0.117919621824088
19.24 -0.1055525940289
19.25 -0.09115771830303
19.26 -0.059900575472869
19.27 -0.02156936056328
19.28 0.009554867424378
19.29 0.033687230477019
19.3 0.049296880145061
19.31 0.056151997729665
19.32 0.056939682066158
19.33 0.05806592040808
19.34 0.061604821764214
19.35 0.056345909505038
19.36 0.054670015976893
19.37 0.053779609764356
19.38 0.049501722185313
19.39 0.052315226008158
19.4 0.052668405929326
19.41 0.057553818022109
19.42 0.060623706095658
19.43 0.063863183476182
19.44 0.075747153345126
19.45 0.085748321794267
19.46 0.096188657945194
19.47 0.113696855877152
19.48 0.12199404137149
19.49 0.128016449037542
19.5 0.133414398918315
19.51 0.132274305500131
19.52 0.130542571903451
19.53 0.12441605781797
19.54 0.116807023779542
19.55 0.106610369467049
19.56 0.096380442357561
19.57 0.082340483543403
19.58 0.060480833624721
19.59 0.041420533963961
19.6 0.029882951088455
19.61 0.015635322738599
19.62 0.015518095830762
19.63 0.017117461422178
19.64 0.013126667104268
19.65 0.017247146484449
19.66 0.020391953540907
19.67 0.031390484030869
19.68 0.045731567299018
19.69 0.063747649201754
19.7 0.080134289921547
19.71 0.094320595894624
19.72 0.100403794489468
19.73 0.102072974787005
19.74 0.095994364367961
19.75 0.085754954589126
19.76 0.063623970000777
19.77 0.03464491696994
19.78 0.006765086034062
19.79 -0.021931229233223
19.8 -0.045294118370906
19.81 -0.05868265600615
19.82 -0.069091001146464
19.83 -0.08761161122264
19.84 -0.112229630283177
19.85 -0.129877131138863
19.86 -0.147424963189395
19.87 -0.168923093362159
19.88 -0.176316257527136
19.89 -0.177613025397357
19.9 -0.18334101149902
19.91 -0.181684275118131
19.92 -0.167126153216408
19.93 -0.145771196406109
19.94 -0.103283191318012
19.95 -0.056896832194601
19.96 -0.032927608666329
19.97 -0.006665954278933
19.98 0.003203499237996
19.99 -0.009573080639454
20.0 -0.008433842606077
20.01 -0.016406972881067
20.02 -0.024288448252738
20.03 -0.027073991636289
20.04 -0.034648246622167
20.05 -0.039645447934973
20.06 -0.050718377622093
20.07 -0.060291345134218
20.08 -0.074081242530655
20.09 -0.0860475289974
20.1 -0.088031719179549
20.11 -0.075471408160418
20.12 -0.051426230817551
20.13 -0.028138194229833
20.14 0.003372728007279
20.15 0.018228874061306
20.16 0.025120971504407
20.17 0.035922824272157
20.18 0.037571627850483
20.19 0.045593275965645
20.2 0.067675511381399
20.21 0.084130928232399
20.22 0.097659412925474
20.23 0.116703174650534
20.24 0.124471629586806
20.25 0.120998917874075
20.26 0.122163338244459
20.27 0.109988586800744
20.28 0.078194961598934
20.29 0.040981661764925
20.3 0.008002845109856
20.31 -0.013928742296043
20.32 -0.038499833175254
20.33 -0.035849598869149
20.34 -0.033647315344167
20.35 -0.038764675121658
20.36 -0.021988992772055
20.37 -0.01583573995768
20.38 -0.004050693363216
20.39 0.000543359740589
20.4 0.001569731198749
20.41 0.001610697160328
20.42 0.000153740090582
20.43 -0.004211712662504
20.44 -0.008035319298183
20.45 -0.016512122521136
20.46 -0.025417349544915
20.47 -0.030278291463487
20.48 -0.036682984421625
20.49 -0.037332779474221
20.5 -0.033789977818867
20.51 -0.039004200155575
20.52 -0.044571626683858
20.53 -0.051202325606711
20.54 -0.059724424470523
20.55 -0.071443056443191
20.56 -0.076924308624957
20.57 -0.082395755003104
20.58 -0.095692019418321
20.59 -0.095443751073768
20.6 -0.104855294921669
20.61 -0.102329029738004
20.62 -0.096969532549205
20.63 -0.06910684684654
20.64 -0.033302584448658
20.65 -0.016104711422876
20.66 0.016659877214432
20.67 0.027164194466152
20.68 0.024025730622682
20.69 0.039797740457364
20.7 0.037663457186893
20.71 0.041556282583919
20.72 0.044038256700206
20.73 0.038402124284995
20.74 0.040362249351678
20.75 0.035384335023086
20.76 0.037503162738641
20.77 0.037921991089377
20.78 0.040780333923144
20.79 0.041243187729404
20.8 0.04108614484981
20.81 0.041176024030417
20.82 0.035451320042319
20.83 0.032659568848983
20.84 0.029756379162892
20.85 0.027072607338455
20.86 0.026443169611719
20.87 0.026604521314813
20.88 0.027349564810427
20.89 0.028853938382721
20.9 0.03259356393913
20.91 0.038283970704787
20.92 0.041472358551169
20.93 0.044423546029187
20.94 0.046957855072943
20.95 0.045378542977369
20.96 0.046140903944244
20.97 0.042717107493281
20.98 0.037891636976467
20.99 0.02191604561841
21.0 0.00476280224811
21.01 -0.001530105646844
21.02 -0.025243285818716
21.03 -0.029830843220791
21.04 -0.036933502803236
21.05 -0.052765842354329
21.06 -0.054862570416028
21.07 -0.063400745850585
21.08 -0.066479280121388
21.09 -0.06903705975534
21.1 -0.070094122568725
21.11 -0.069568605861485
21.12 -0.067516393413144
21.13 -0.064867676179222
21.14 -0.061491573867261
21.15 -0.057384232398284
21.16 -0.053671016857404
21.17 -0.04762111112689
21.18 -0.041274696316291
21.19 -0.034102681876078
21.2 -0.027453619236719
21.21 -0.020913001213856
21.22 -0.015265128133295
21.23 -0.011284802048443
21.24 -0.006529614979251
21.25 -0.002028679007083
21.26 0.001389961043473
21.27 0.005366176368676
21.28 0.006658129600126
21.29 0.008915517699343
21.3 0.012582955748401
21.31 0.017649601150183
21.32 0.0253389175724
21.33 0.033884114037075
21.34 0.042737085210939
21.35 0.051063957564836
21.36 0.058602768612272
21.37 0.067184921752625
21.38 0.075053371545566
21.39 0.082489298105237
21.4 0.090359947328676
21.41 0.098055127383072
21.42 0.102857445439017
21.43 0.107027516986198
21.44 0.108038275893692
21.45 0.104780406781339
21.46 0.099149818192083
21.47 0.093955688016948
21.48 0.088578760843748
21.49 0.064865761192881
21.5 0.02892635908918
21.51 0.002672482365748
21.52 -0.021775599849377
21.53 -0.044514031025665
21.54 -0.048258217316535
21.55 -0.047934434803317
21.56 -0.058337588426551
21.57 -0.061913041893596
21.58 -0.054686376819287
21.59 -0.054863047904911
21.6 -0.035070006388609
21.61 -0.011351901924028
21.62 0.011850626621313
21.63 0.038036905669657
21.64 0.049784532719231
21.65 0.060980715490469
21.66 0.062279208714422
21.67 0.058908958011737
21.68 0.058028864942735
21.69 0.047309371763525
21.7 0.035682729601725
21.71 0.023969561166761
21.72 0.010320185555386
21.73 0.00087642839335
21.74 -0.008865739365983
21.75 -0.015754278402428
21.76 -0.022442094981757
21.77 -0.030086648377713
21.78 -0.03104919323964
21.79 -0.023421785226862
21.8 -0.004437712313802
21.81 0.010024784376006
21.82 0.022895586349484
21.83 0.036131886797261
21.84 0.032087884615784
21.85 0.027761332209942
21.86 0.025144863555413
21.87 0.008859797437712
21.88 -0.005931033111984
21.89 -0.020056158207518
21.9 -0.036051701499418
21.91 -0.046970121932798
21.92 -0.048718084093446
21.93 -0.050092285829478
21.94 -0.052034795692818
21.95 -0.050545235980105
21.96 -0.044159223857952
21.97 -0.048547101905535
21.98 -0.038566525571468
21.99 -0.038431410025371
22.0 -0.034524016538292
22.01 -0.02696499834784
22.02 -0.017255266971132
22.03 -0.002639730449121
22.04 0.006944786640161
22.05 0.016793349461465
22.06 0.018026616694455
22.07 0.018740369574235
22.08 0.011701219368679
22.09 0.005331565388427
22.1 -0.000618596544308
22.11 -0.005140825302598
22.12 -0.007185328905353
22.13 -0.006546369893974
22.14 -0.002353905188092
22.15 0.002276283355123
22.16 0.010877000584469
22.17 0.015785967043878
22.18 0.015660644543202
22.19 0.007389979294593
22.2 -0.004264343023418
22.21 -0.014244863896131
22.22 -0.024105992456181
22.23 -0.029327861106021
22.24 -0.034890806914608
22.25 -0.038415288349731
22.26 -0.042145522345358
22.27 -0.044780243567389
22.28 -0.045745803971741
22.29 -0.047349225195156
22.3 -0.048370427451224
22.31 -0.047858560035582
22.32 -0.045260350781787
22.33 -0.042176968775026
22.34 -0.035812353340824
22.35 -0.034735080273841
22.36 -0.036269713796998
22.37 -0.035146134779127
22.38 -0.041635771727555
22.39 -0.044574449344
22.4 -0.04556502752111
22.41 -0.049160751658702
22.42 -0.047240091162932
22.43 -0.038764406372396
22.44 -0.03090079619112
22.45 -0.022044542601556
22.46 -0.010178617595754
22.47 -0.006355131594611
22.48 0.001038772898251
22.49 0.005384947271142
22.5 0.007786049913875
22.51 0.004907105538759
22.52 -0.001349269136564
22.53 -0.01381431708936
22.54 -0.027524913777641
22.55 -0.036916163297247
22.56 -0.042974568472632
22.57 -0.045437839019674
22.58 -0.041097779858296
22.59 -0.036849607004148
22.6 -0.029206614248488
22.61 -0.018975567027131
22.62 -0.008438318016759
22.63 0.002626573590383
22.64 0.011685554332148
22.65 0.020239823131916
22.66 0.024709797050848
22.67 0.02800102580062
22.68 0.032780725195662
22.69 0.036339206566227
22.7 0.036788713727786
22.71 0.040390178241754
22.72 0.038600151645988
22.73 0.032926332711322
22.74 0.030020541846361
22.75 0.024478088245024
22.76 0.021318598658894
22.77 0.021034773710425
22.78 0.021538959551301
22.79 0.025508748893266
22.8 0.02851744116449
22.81 0.034145323346051
22.82 0.038170968687447
22.83 0.040973479949224
22.84 0.042008209310096
22.85 0.04113269377715
22.86 0.041268100510345
22.87 0.033502645161594
22.88 0.020990849530528
22.89 0.011484269322989
22.9 -0.005178204699325
22.91 -0.016065932677035
22.92 -0.020581411576141
22.93 -0.026665183653024
22.94 -0.029442334025247
22.95 -0.029375353860819
22.96 -0.027899467361353
22.97 -0.022810635198598
22.98 -0.01489190384403
22.99 -0.00533062086245
23.0 0.004852555393561
23.01 0.011907003178227
23.02 0.016679734261461
23.03 0.018475630387405
23.04 0.018161306956627
23.05 0.017113411413745
23.06 0.018949603964429
23.07 0.019915656079748
23.08 0.023367057148574
23.09 0.029933107373355
23.1 0.036582072310494
23.11 0.043608713656752
23.12 0.049278781502771
23.13 0.052030951731553
23.14 0.052723440423705
23.15 0.052262473842703
23.16 0.052766680267545
23.17 0.053564149375773
23.18 0.055054111297945
23.19 0.054523568868634
23.2 0.052452249814458
23.21 0.049701725549256
23.22 0.047076697720921
23.23 0.04497647250763
23.24 0.047173728662171
23.25 0.048978552661164
23.26 0.047376705825112
23.27 0.042868303283474
23.28 0.02831583560141
23.29 0.00970072485163
23.3 -0.005232832298721
23.31 -0.015908972689724
23.32 -0.023591188381687
23.33 -0.026483723182628
23.34 -0.027381815983254
23.35 -0.031132757903356
23.36 -0.033928151330084
23.37 -0.032178955973581
23.38 -0.034350847234504
23.39 -0.034051310134709
23.4 -0.034541065502892
23.41 -0.036588142607935
23.42 -0.03650215157868
23.43 -0.03712336292433
23.44 -0.036116055532653
23.45 -0.033216694161546
23.46 -0.027831158174028
23.47 -0.02094837673746
23.48 -0.014098883272125
23.49 -0.009403505804296
23.5 -0.006991419274989
23.51 -0.008541329264094
23.52 -0.012392809492219
23.53 -0.01785477606781
23.54 -0.025215326017812
23.55 -0.0323562913113
23.56 -0.037019791420569
23.57 -0.038772029548679
23.58 -0.033907208090422
23.59 -0.022564680996286
23.6 -0.013406564930449
23.61 -0.005897039122885
23.62 0.005640091769482
23.63 0.006303827516627
23.64 0.013726160113163
23.65 0.021654921820304
23.66 0.026142240501895
23.67 0.03155815674032
23.68 0.03546339844531
23.69 0.035743315616832
23.7 0.036017240479426
23.71 0.034141428717012
23.72 0.032057710260809
23.73 0.027944618007087
23.74 0.020519581489203
23.75 0.011419535108837
23.76 0.004220979672195
23.77 -0.000306783992297
23.78 -0.000863628566903
23.79 0.003935647391118
23.8 0.008676882881968
23.81 0.012425837852549
23.82 0.015284056365122
23.83 0.013531567357708
23.84 0.009773268888598
23.85 0.002873865582515
23.86 -0.006393168781664
23.87 -0.013677621057137
23.88 -0.023535640027093
23.89 -0.027256687895322
23.9 -0.029867101638968
23.91 -0.030242803134062
23.92 -0.026105803128435
23.93 -0.022287910757156
23.94 -0.017365203009655
23.95 -0.012794107256177
23.96 -0.009011877138904
23.97 -0.008266115557348
23.98 -0.010345976440624
23.99 -0.014443957382843
24.0 -0.021288900878652
24.01 -0.027568918667266
24.02 -0.031745549719095
24.03 -0.033683769206906
24.04 -0.033417051166403
24.05 -0.033022993158278
24.06 -0.033022102755655
24.07 -0.030571792451708
24.08 -0.031183374959869
24.09 -0.026747603085188
24.1 -0.02307049372641
24.11 -0.016051292616517
24.12 -0.008353487906561
24.13 0.000683996379879
24.14 0.008643009360269
24.15 0.015671403105896
24.16 0.018747353286857
24.17 0.0214760418936
24.18 0.021273021263524
24.19 0.019980195939548
24.2 0.016005482686913
24.21 0.01011223835593
24.22 0.002652943944421
24.23 -0.005372106304248
24.24 -0.012245214339209
24.25 -0.016049352366374
24.26 -0.016360947494094
24.27 -0.01274889467808
24.28 -0.007670210485753
24.29 -0.002406178730818
24.3 0.000245033504799
24.31 0.000278508605331
24.32 -0.002107954745982
24.33 -0.005862295143997
24.34 -0.008852596607925
24.35 -0.01182383188509
24.36 -0.012758248988564
24.37 -0.014470386136815
24.38 -0.016152818907653
24.39 -0.019887344307705
24.4 -0.026577573319567
24.41 -0.030401791691343
24.42 -0.036237146657211
24.43 -0.038321774970005
24.44 -0.038093627220673
24.45 -0.036663451939579
24.46 -0.033612207617892
24.47 -0.026524476629999
24.48 -0.014136891584958
24.49 -0.000735969253012
24.5 0.010629939134076
24.51 0.023550277020254
24.52 0.027332043956335
24.53 0.028919996464521
24.54 0.028667430683157
24.55 0.023678823429777
24.56 0.019123015591851
24.57 0.013648465082071
24.58 0.010418100028988
24.59 0.00861911981707
24.6 0.008870354974639
24.61 0.010493613926934
24.62 0.01258010386813
24.63 0.015134223042719
24.64 0.018202291790226
24.65 0.021158356815792
24.66 0.023920472093458
24.67 0.027338241426021
24.68 0.029508787749497
24.69 0.03023728079462
24.7 0.034619344014382
24.71 0.040251367790647
24.72 0.04157340526271
24.73 0.047019054705438
24.74 0.048999522744676
24.75 0.042052675958876
24.76 0.024414515376907
24.77 -0.002377291762185
24.78 -0.017826036397876
24.79 -0.041500536994848
24.8 -0.050253237945791
24.81 -0.04890268069944
24.82 -0.056258470882134
24.83 -0.056867224073447
24.84 -0.0556290088557
24.85 -0.053637910763107
24.86 -0.044565453608301
24.87 -0.033368619743489
24.88 -0.017992767895217
24.89 -0.004322336322793
24.9 0.004734795127879
24.91 0.0126106560431
24.92 0.015778928605926
24.93 0.016905301204071
24.94 0.019706675714569
 
 
 
 
 
 
 
 
 
 
 
 
 
 
 
 
 
 
 
 
 
 
 
 
 
 
 
 
 
 
 
 
 
 
 
 
 
 
 
 
 
 
 
 
 
 
 
 
 
 
 
 
 
 
 
 
 
 
 
 
 
 
 
 
 
 
 
 
 
 
 
 
 
 
 
 
 
 
 
 
 
 
 
 
 
 
 
 
 
 
 
 
 
 
 
 
 
 
 
 
 
 
 
 
 
 
 
 
 
 
 
 
 
 
 
 
 
 
 
 
 
 
 
 
 
 
 
 
 
 
 
 
 
 
 
 
 
 
 
 
 
 
 
 
 
 
 
 
 
 
 
 
 
 
 
 
 
 
 
 
 
 
 
 
 
 
 
 
 
 
 
 
 
 
 
 
 
 
 
 
 
 
 
 
 
 
 
 
 
 
 
 
 
 
 
 
 
 
 
 
 
 
 
 
 
 
 
 
 
 
 
 
 
 
 
 
 
 
 
 
 
 
 
 
 
 
 
 
 
 
 
 
 
 
 
 
 
 
 
 
 
 
 
 
 
 
 
 
 
 
 
 
 
 
 
 
 
 
 
 
 
 
 
 
 
 
 
 
 
 
 
 
 
 
 
 
 
 
 
 
 
 
 
 
 
 
 
 
 
 
 
 
 
 
 
 
 
 
 
 
 
 
 
 
 
 
 
 
 
 
 
 
 
 
 
 
 
 
 
 
 
 
 
 
 
 
 
 
 
 
 
 
 
 
 
 
 
 
 
 
 
 
 
 
 
 
 
 
 
 
 
 
 
 
 
 
 
 
 
 
 
 
 
 
 
 
 
 
 
 
 
 
 
 
 
 
 
 
 
 
 
 
 
 
 
 
 
 
 
 
 
 
 
 
 
 
 
 
 
 
 
 
 
 
 
 
 
 
 
 
 
 
 
 
 
 
 
 
 
 
 
 
 
 
 
 
 
 
 
 
 
 
 
 
 
 
 
 
 
 
 
 
 
 
 
 
 
 
 
 
 
 
 
 
 
 
 
 
 
 
 
 
 
 
 
 
 
 
 
 
 
 
 
 
 
 
 
 
 
 
 
 
 
 
 
 
 
 
 
 
 
 
 
 
 
 
 
 
 
 
 
 
 
 
 
 
 
 
 
 
 
 
 
 
 
 
 
 
 
 
 
 
 
 
 
 
 
 
 
 
 
 
 
 
 
 
 
 
 
 
 
 
 
 
 
 
 
 
 
 
 
 
 
 
 
 
 
 
 
 
 
 
 
 
 
 
 
 
 
 
 
 
 
 
 
 
 
 
 
 
 
 
 
 
 
 
 
 
 
 
 
 
 
 
 
 
 
 
 
 
 
 
 
 
 
 
 
 
 
 
 
 
 
 
 
 
 
 
 
 
 
 
 
 
 
 
 
 
 
 
 
 
 
 
 
 
 
 
 
 
 
 
 
 
 
 
 
 
 
 
 
 
 
 
 
 
 
 
 
 
 
 
 
 
 
 
 
 
 
 
 
 
 
 
 
 
 
 
 
 
 
 
 
 
 
 
 
 
 
 
 
 
 
 
 
 
 
 
 
 
 
 
 
 
 
 
 
 
 
 
 
 
 
 
 
 
 
 
 
 
 
 
 
 
 
 
 
 
 
 
 
 
 
 
 
 
 
 
 
 
 
 
 
 
 
 
 
 
 
 
 
 
 
 
 
 
 
 
 
 
 
 
 
 
 
 
 
 
 
 
 
 
 
 
 
 
 
 
 
 
 
 
 
 
 
 
 
 
 
 
 
 
 
 
 
 
 
 
 
 
 
 
 
 
 
 
 
 
 
 
 
 
 
 
 
 
 
 
 
 
 
 
 
 
 
 
 
 
 
 
 
 
 
 
 
 
 
 
 
 
 
 
 
 
 
 
 
 
 
 
 
 
 
 
 
 
 
 
 
 
 
 
 
 
 
 
 
 
 
 
 
 
 
 
 
 
 
 
 
 
 
 
 
 
 
 
 
 
 
 
 
 
 
 
 
 
 
 
 
 
 
 
 
 
 
 
 
 
 
 
 
 
 
 
 
 
 
 
 
 
 
 
 
 
 
 
 
 
 
 
 
 
 
 
 
 
 
 
 
 
 
 
 
 
 
 
 
 
 
 
 
 
 
 
 
 
 
 
 
 
 
 
 
 
 
 
 
 
 
 
 
 
 
 
 
 
 
 
 
 
 
 
 
 
 
 
 
 
 
 
 
 
 
 
 
 
 
 
 
 
 
 
 
 
 
 
 
 
 
 
 
 
 
 
 
 
 
 
 
 
 
 
 
 
 
 
 
 
 
 
 
 
 
 
 
 
 
 
 
 
 
 
 
 
 
 
 
 
 
 
 
 
 
 
 
 
 
 
 
 
 
 
 
 
 
 
 
 
 
 
 
 
 
 
 
 
 
 
 
 
 
 
 
 
 
 
 
 
 
 
 
 
 
 
 
 
 
 
 
 
 
 
 
 
 
 
 
 
 
 
 
 
 
 
 
 
 
 
 
 
 
 
 
 
 
 
 
 
 
 
 
 
 
 
 
 
 
 
 
 
 
 
 
 
 
 
 
 
 
 
 
 
 
 
 
 
 
 
 
 
 
 
 
 
 
 
 
 
 
 
 
 
 
 
 
 
 
 
 
 
 
 
 
 
 
 
 
 
 
 
 
 
 
 
 
 
 
 
 
 
 
 
 
 
 
 
 
 
 
 
 
 
 
 
 
 
 
 
 
 
 
 
 
 
 
 
 
 
 
 
 
 
 
 
 
 
 
 
 
 
 
 
 
 
 
 
 
 
 
 
 
 
 
 
 
 
 
 
 
 
 
 
 
 
 
 
 
 
 
 
 
 
 
 
 
 
 
 
 
 
 
 
 
 
 
 
 
 
 
 
 
 
 
 
 
 
 
 
 
 
 
 
 
 
 
 
 
 
 
 
 
 
 
 
 
 
 
 
 
 
 
 
 
 
 
 
 
 
 
 
 
 
 
 
 
 
 
 
 
 
 
 
 
 
 
 
 
 
 
 
 
 
 
 
 
 
 
 
 
 
 
 
 
 
 
 
 
 
 
 
 
 
 
 
 
 
 
 
 
 
 
 
 
 
 
 
 
 
 
 
 
 
 
 
 
 
 
 
 
 
 
 
 
 
 
 
 
 
 
 
 
 
 
 
 
 
 
 
 
 
 
 
 
 
 
 
 
 
 
 
 
 
 
 
 
 
 
 
 
 
 
 
 
 
 
 
 
 
 
 
 
 
 
 
 
 
 
 
 
 
 
 
 
 
 
 
 
 
 
 
 
 
 
 
 
 
 
 
 
 
 
 
 
 
 
 
 
 
 
 
 
 
 
 
 
 
 
 
 
 
 
 
 
 
 
 
 
 
 
 
 
 
 
 
 
 
 
 
 
 
 
 
 
 
 
 
 
 
 
 
 
 
 
 
 
 
 
 
 
 
 
 
 
 
 
 
 
 
 
 
 
 
 
 
 
 
 
 
 
 
 
 
 
 
 
 
 
 
 
 
 
 
 
 
 
 
 
 
 
 
 
 
 
 
 
 
 
 
 
 
 
 
 
 
 
 
 
 
 
 
 
 
 
 
 
 
 
 
 
 
 
 
 
 
 
 
 
 
 
 
 
 
 
 
 
 
 
 
 
 
 
 
 
 
 
 
 
 
 
 
 
 
 
 
 
 
 
 
 
 
 
 
 
 
 
 
 
 
 
 
 
 
 
 
 
 
 
 
 
 
 
 
 
 
 
 
 
 
 
 
 
 
 
 
 
 
 
 
 
 
 
 
 
 
 
 
 
 
 
 
 
 
 
 
 
 
 
 
 
 
 
 
 
 
 
 
 
 
 
 
 
 
 
 
 
 
 
 
 
 
 
 
 
 
 
 
 
 
 
 
 
 
 
 
 
 
 
 
 
 
 
 
 
 
 
 
 
 
 
 
 
 
 
 
 
 
 
 
 
 
 
 
 
 
 
 
 
 
 
 
 
 
 
 
 
 
 
 
 
 
 
 
 
 
 
 
 
 
 
 
 
 
 
 
 
 
 
 
 
 
 
 
 
 
 
 
 
 
 
 
 
 
 
 
 
 
 
 
 
 
 
 
 
 
 
 
 
 
 
 
 
 
 
 
 
 
 
 
 
 
 
 
 
 
 
 
 
 
 
 
 
 
 
 
 
 
 
 
 
 
 
 
 
 
 
 
 
 
 
 
 
 
 
 
 
 
 
 
 
 
 
 
 
 
 
 
 
 
 
 
 
 
 
 
 
 
 
 
 
 
 
 
 
 
 
 
 
 
 
 
 
 
 
 
 
 
 
 
 
 
 
 
 
 
 
 
 
 
 
 
 
 
 
 
 
 
 
 
 
 
 
 
 
 
 
 
 
 
 
 
 
 
 
 
 
 
 
 
 
 
 
 
 
 
 
 
 
 
 
 
 
 
 
 
 
 
 
 
 
 
 
 
 
 
 
 
 
 
 
 
 
 
 
 
 
 
 
 
 
 
 
 
 
 
 
 
 
 
 
 
 
 
 
 
 
 
 
 
 
 
 
 
 
 
 
 
 
 
 
 
 
 
 
 
 
 
 
 
 
 
 
 
 
 
 
 
 
 
 
 
 
 
 
 
 
 
 
 
 
 
 
 
 
 
 
 
 
 
 
 
 
 
 
 
 
 
 
 
 
 
 
 
 
 
 
 
 
 
 
 
 
 
 
 
 
 
 
 
 
 
 
 
 
 
 
 
 
 
 
 
 
 
 
 
 
 
 
 
 
 
 
 
 
 
 
 
 
 
 
 
 
 
 
 
 
 
 
 
 
 
 
 
 
 
 
 
 
 
 
 
 
 
 
 
 
 
 
 
 
 
 
 
 
 
 
 
 
 
 
 
 
 
 
 
 
 
 
 
 
 
 
 
 
 
 
 
 
 
 
 
 
 
 
 
 
 
 
 
 
 
 
 
 
 
 
 
 
 
 
 
 
 
 
 
 
 
 
 
 
 
 
 
 
 
 
 
 
 
 
 
 
 
 
 
 
 
 
 
 
 
 
 
 
 
 
 
 
 
 
 
 
 
 
 
 
 
 
 
 
 
 
 
 
 
 
 
 
 
 
 
 
 
 
 
 
 
 
 
 
 
 
 
 
 
 
 
 
 
 
 
 
 
 
 
 
 
 
 
 
 
 
 
 
 
 
 
 
 
 
 
 
 
 
 
 
 
 
 
 
 
 
 
 
 
 
 
 
 
 
 
 
 
 
 
 
 
 
 
 
 
 
 
 
 
 
 
 
 
 
 
 
 
 
 
 
 
 
 
 
 
 
 
 
 
 
 
 
 
 
 
 
 
 
 
 
 
 
 
 
 
 
 
 
 
 
 
 
 
 
 
 
 
 
 
 
 
 
 
 
 
 
 
 
 
 
 
 
 
 
 
 
 
 
 
 
 
 
 
 
 
 
 
 
 
 
 
 
 
 
 
 
 
 
 
 
 
 
 
 
 
 
 
 
 
 
 
 
 
 
 
 
 
 
 
 
 
 
 
 
 
 
 
 
 
 
 
 
 
 
 
 
 
 
 
 
 
 
 
 
 
 
 
 
 
 
 
 
 
 
 
 
 
 
 
 
 
 
 
 
 
 
 
 
 
 
 
 
 
 
 
 
 
 
 
 
 
 
 
 
 
 
 
 
 
 
 
 
 
 
 
 
 
 
 
 
 
 
 
 
 
 
 
 
 
 
 
 
 
 
 
 
 
 
 
 
 
 
 
 
 
 
 
 
 
 
 
 
 
 
 
 
 
 
 
 
 
 
 
 
 
 
 
 
 
 
 
 
 
 
 
 
 
 
 
 
 
 
 
 
 
 
 
 
 
 
 
 
 
 
 
 
 
 
 
 
 
 
 
 
 
 
 
 
 
 
 
 
 
 
 
 
 
 
 
 
 
 
 
 
 
 
 
 
 
 
 
 
 
 
 
 
 
 
 
 
 
 
 
 
 
 
 
 
 
 
 
 
 
 
 
 
 
 
 
 
 
 
 
 
 
 
 
 
 
 
 
 
 
 
 
 
 
 
 
 
 
 
 
 
 
 
 
 
 
 
 
 
 
 
 
 
 
 
 
 
 
 
 
 
 
 
 
 
 
 
 
 
 
 
 
 
 
 
 
 
 
 
 
 
 
 
 
 
 
 
 
 
 
 
 
 
 
 
 
 
 
 
 
 
 
 
 
 
 
 
 
 
 
 
 
 
 
 
 
 
 
 
 
 
 
 
 
 
 
 
 
 
 
 
 
 
 
 
 
 
 
 
 
 
 
 
 
 
 
 
 
 
 
 
 
 
 
 
 
 
 
 
 
 
 
 
 
 
 
 
 
 
 
 
 
 
 
 
 
 
 
 
 
 
 
 
 
 
 
 
 
 
 
 
 
 
 
 
 
 
 
 
 
 
 
 
 
 
 
 
 
 
 
 
 
 
 
 
 
 
 
 
 
 
 
 
 
 
 
 
 
 
 
 
 
 
 
 
 
 
 
 
 
 
 
 
 
 
 
 
 
 
 
 
 
 
 
 
 
 
 
 
 
 
 
 
 
 
 
 
 
 
 
 
 
 
 
 
 
 
 
 
 
 
 
 
 
 
 
 
 
 
 
 
 
 
 
 
 
 
 
 
 
 
 
 
 
 
 
 
 
 
 
 
 
 
 
 
 
 
 
 
 
 
 
 
 
 
 
 
 
 
 
 
 
 
 
 
 
 
 
 
 
 
 
 
 
 
 
 
 
 
 
 
 
 
 
 
 
 
 
 
 
 
 
 
 
 
 
 
 
 
 
 
 
 
 
 
 
 
 
 
 
 
 
 
 
 
 
 
 
 
 
 
 
 
 
 
 
 
 
 
 
 
 
 
 
 
 
 
 
 
 
 
 
 
 
 
 
 
 
 
 
 
 
 
 
 
 
 
 
 
 
 
 
 
 
 
 
 
 
 
 
 
 
 
 
 
 
 
 
 
 
 
 
 
 
 
 
 
 
 
 
 
 
 
 
 
 
 
 
 
 
 
 
 
 
 
 
 
 
 
 
 
 
 
 
 
 
 
 
 
 
 
 
 
 
 
 
 
 
 
 
 
 
 
 
 
 
 
 
 
 
 
 
 
 
 
 
 
 
 
 
 
 
 
 
 
 
 
 
 
 
 
 
 
 
 
 
 
 
 
 
 
 
 
 
 
 
 
 
 
 
 
 
 
 
 
 
 
 
 
 
 
 
 
 
 
 
 
 
 
 
 
 
 
 
 
 
 
 
 
 
 
 
 
 
 
 
 
 
 
 
 
 
 
 
 
 
 
 
 
 
 
 
 
 
 
 
 
 
 
 
 
 
 
 
 
 
 
 
 
 
 
 
 
 
 
 
 
 
 
 
 
 
 
 
 
 
 
 
 
 
 
 
 
 
 
 
 
 
 
 
 
 
 
 
 
 
 
 
 
 
 
 
 
 
 
 
 
 
 
 
 
 
 
 
 
 
 
 
 
 
 
 
 
 
 
 
 
 
 
 
 
 
 
 
 
 
 
 
 
 
 
 
 
 
 
 
 
 
 
 
 
 
 
 
 
 
 
 
 
 
 
 
 
 
 
 
 
 
 
 
 
 
 
 
 
 
 
 
 
 
 
 
 
 
 
 
 
 
 
 
 
 
 
 
 
 
 
 
 
 
 
 
 
 
 
 
 
 
 
 
 
 
 
 
 
 
 
 
 
 
 
 
 
 
 
 
 
 
 
 
 
 
 
 
 
 
 
 
 
 
 
 
 
 
 
 
 
 
 
 
 
 
 
 
 
 
 
 
 
 
 
 
 
 
 
 
 
 
 
 
 
 
 
 
 
 
 
 
 
 
 
 
 
 
 
 
 
 
 
 
 
 
 
 
 
 
 
 
 
 
 
 
 
 
 
 
 
 
 
 
 
 
 
 
 
 
 
 
 
 
 
 
 
 
 
 
 
 
 
 
 
 
 
 
 
 
 
 
 
 
 
 
 
 
 
 
 
 
 
 
 
 
 
 
 
 
 
 
 
 
 
 
 
 
 
 
 
 
 
 
 
 
 
 
 
 
 
 
 
 
 
 
 
 
 
 
 
 
 
 
 
 
 
 
 
 
 
 
 
 
 
 
 
 
 
 
 
 
 
 
 
 
 
 
 
 
 
 
 
 
 
 
 
 
 
 
 
 
 
 
 
 
 
 
 
 
 
 
 
 
 
 
 
 
 
 
 
 
 
 
 
 
 
 
 
 
 
 
 
 
 
 
 
 
 
 
 
 
 
 
 
 
 
 
 
 
 
 
 
 
 
 
 
 
 
 
 
 
 
 
 
 
 
 
 
 
 
 
 
 
 
 
 
 
 
 
 
 
 
 
 
 
 
 
 
 
 
 
 
 
 
 
 
 
 
 
 
 
 
 
 
 
 
 
 
 
 
 
 
 
 
 
 
 
 
 
 
 
 
 
 
 
 
 
 
 
 
 
 
 
 
 
 
 
 
 
 
 
 
 
 
 
 
 
 
 
 
 
 
 
 
 
 
 
 
 
 
 
 
 
 
 
 
 
 
 
 
 
 
 
 
 
 
 
 
 
 
 
 
 
 
 
 
 
 
 
 
 
 
 
 
 
 
 
 
 
 
 
 
 
 
 
 
 
 
 
 
 
 
 
 
 
 
 
 
 
 
 
 
 
 
 
 
 
 
 
 
 
 
 
 
 
 
 
 
 
 
 
 
 
 
 
 
 
 
 
 
 
 
 
 
 
 
 
 
 
 
 
 
 
 
 
 
 
 
 
 
 
 
 
 
 
 
 
 
 
 
 
 
 
 
 
 
 
 
 
 
 
 
 
 
 
 
 
 
 
 
 
 
 
 
 
 
 
 
 
 
 
 
 
 
 
 
 
 
 
 
 
 
 
 
 
 
 
 
 
 
 
 
 
 
 
 
 
 
 
 
 
 
 
 
 
 
 
 
 
 
 
 
 
 
 
 
 
 
 
 
 
 
 
 
 
 
 
 
 
 
 
 
 
 
 
 
 
 
 
 
 
 
 
 
 
 
 
 
 
 
 
 
 
 
 
 
 
 
 
 
 
 
 
 
 
 
 
 
 
 
 
 
 
 
 
 
 
 
 
 
 
 
 
 
 
 
 
 
 
 
 
 
 
 
 
 
 
 
 
 
 
 
 
 
 
 
 
 
 
 
 
 
 
 
 
 
 
 
 
 
 
 
 
 
 
 
 
 
 
 
 
 
 
 
 
 
 
 
 
 
 
 
 
 
 
 
 
 
 
 
 
 
 
 
 
 
 
 
 
 
 
 
 
 
 
 
 
 
 
 
 
 
 
 
 
 
 
 
 
 
 
 
 
 
 
 
 
 
 
 
 
 
 
 
 
 
 
 
 
 
 
 
 
 
 
 
 
 
 
 
 
 
 
 
 
 
 
 
 
 
 
 
 
 
 
 
 
 
 
 
 
 
 
 
 
 
 
 
 
 
 
 
 
 
 
 
 
 
 
 
 
 
 
 
 
 
 
 
 
 
 
 
 
 
 
 
 
 
 
 
 
 
 
 
 
 
 
 
 
 
 
 
 
 
 
 
 
 
 
 
 
 
 
 
 
 
 
 
 
 
 
 
 
 
 
 
 
 
 
 
 
 
 
 
 
 
 
 
 
 
 
 
 
 
 
 
 
 
 
 
 
 
 
 
 
 
 
 
 
 
 
 
 
 
 
 
 
 
 
 
 
 
 
 
 
 
 
 
 
 
 
 
 
 
 
 
 
 
 
 
 
 
 
 
 
 
 
 
 
 
 
 
 
 
 
 
 
 
 
 
 
 
 
 
 
 
 
 
 
 
 
 
 
 
 
 
 
 
 
 
 
 
 
 
 
 
 
 
 
 
 
 
 
 
 
 
 
 
 
 
 
 
 
 
 
 
 
 
 
 
 
 
 
 
 
 
 
 
 
 
 
 
 
 
 
 
 
 
 
 
 
 
 
 
 
 
 
 
 
 
 
 
 
 
 
 
 
 
 
 
 
 
 
 
 
 
 
 
 
 
 
 
 
 
 
 
 
 
 
 
 
 
 
 
 
 
 
 
 
 
 
 
 
 
 
 
 
 
 
 
 
 
 
 
 
 
 
 
 
 
 
 
 
 
 
 
 
 
 
 
 
 
 
 
 
 
 
 
 
 
 
 
 
 
 
 
 
 
 
 
 
 
 
 
 
 
 
 
 
 
 
 
 
 
 
 
 
 
 
 
 
 
 
 
 
 
 
 
 
 
 
 
 
 
 
 
 
 
 
 
 
 
 
 
 
 
 
 
 
 
 
 
 
 
 
 
 
 
 
 
 
 
 
 
 
 
 
 
 
 
 
 
 
 
 
 
 
 
 
 
 
 
 
 
 
 
 
 
 
 
 
 
 
 
 
 
 
 
 
 
 
 
 
 
 
 
 
 
 
 
 
 
 
 
 
 
 
 
 
 
 
 
 
 
 
 
 
 
 
 
 
 
 
 
 
 
 
 
 
 
 
 
 
 
 
 
 
 
 
 
 
 
 
 
 
 
 
 
 
 
 
 
 
 
 
 
 
 
 
 
 
 
 
 
 
 
 
 
 
 
 
 
 
 
 
 
 
 
 
 
 
 
 
 
 
 
 
 
 
 
 
 
 
 
 
 
 
 
 
 
 
 
 
 
 
 
 
 
 
 
 
 
 
 
 
 
 
 
 
 
 
 
 
 
 
 
 
 
 
 
 
 
 
 
 
 
 
 
 
 
 
 
 
 
 
 
 
 
 
 
 
 
 
 
 
 
 
 
 
 
 
 
 
 
 
 
 
 
 
 
 
 
 
 
 
 
 
 
 
 
 
 
 
 
 
 
 
 
 
 
 
 
 
 
 
 
 
 
 
 
 
 
 
 
 
 
 
 
 
 
 
 
 
 
 
 
 
 
 
 
 
 
 
 
 
 
 
 
 
 
 
 
 
 
 
 
 
 
 
 
 
 
 
 
 
 
 
 
 
 
 
 
 
 
 
 
 
 
 
 
 
 
 
 
 
 
 
 
 
 
 
 
 
 
 
 
 
 
 
 
 
 
 
 
 
 
 
 
 
 
 
 
 
 
 
 
 
 
 
 
 
 
 
 
 
 
 
 
 
 
 
 
 
 
 
 
 
 
 
 
 
 
 
 
 
 
 
 
 
 
 
 
 
 
 
 
 
 
 
 
 
 
 
 
 
 
 
 
 
 
 
 
 
 
 
 
 
 
 
 
 
 
 
 
 
 
 
 
 
 
 
 
 
 
 
 
 
 
 
 
 
 
 
 
 
 
 
 
 
 
 
 
 
 
 
 
 
 
 
 
 
 
 
 
 
 
 
 
 
 
 
 
 
 
 
 
 
 
 
 
 
 
 
 
 
 
 
 
 
 
 
 
 
 
 
 
 
 
 
 
 
 
 
 
 
 
 
 
 
 
 
 
 
 
 
 
 
 
 
 
 
 
 
 
 
 
 
 
 
 
 
 
 
 
 
 
 
 
 
 
 
 
 
 
 
 
 
 
 
 
 
 
 
 
 
 
 
 
 
 
 
 
 
 
 
 
 
 
 
 
 
 
 
 
 
 
 
 
 
 
 
 
 
 
 
 
 
 
 
 
 
 
 
 
 
 
 
 
 
 
 
 
 
 
 
 
 
 
 
 
 
 
 
 
 
 
 
 
 
 
 
 
 
 
 
 
 
 
 
 
 
 
 
 
 
 
 
 
 
 
 
 
 
 
 
 
 
 
 
 
 
 
 
 
 
 
 
 
 
 
 
 
 
 
 
 
 
 
 
 
 
 
 
 
 
 
 
 
 
 
 
 
 
 
 
 
 
 
 
 
 
 
 
 
 
 
 
 
 
 
 
 
 
 
 
 
 
 
 
 
 
 
 
 
 
 
 
 
 
 
 
 
 
 
 
 
 
 
 
 
 
 
 
 
 
 
 
 
 
 
 
 
 
 
 
 
 
 
 
 
 
 
 
 
 
 
 
 
 
 
 
 
 
 
 
 
 
 
 
 
 
 
 
 
 
 
 
 
 
 
 
 
 
 
 
 
 
 
 
 
 
 
 
 
 
 
 
 
 
 
 
 
 
 
 
 
 
 
 
 
 
 
 
 
 
 
 
 
 
 
 
 
 
 
 
 
 
 
 
 
 
 
 
 
 
 
 
 
 
 
 
 
 
 
 
 
 
 
 
 
 
 
 
 
 
 
 
 
 
 
 
 
 
 
 
 
 
 
 
 
 
 
 
 
 
 
 
 
 
 
 
 
 
 
 
 
 
 
 
 
 
 
 
 
 
 
 
 
 
 
 
 
 
 
 
 
 
 
 
 
 
 
 
 
 
 
 
 
 
 
 
 
 
 
 
 
 
 
 
 
 
 
 
 
 
 
 
 
 
 
 
 
 
 
 
 
 
 
 
 
 
 
 
 
 
 
 
 
 
 
 
 
 
 
 
 
 
 
 
 
 
 
 
 
 
 
 
 
 
 
 
 
 
 
 
 
 
 
 
 
 
 
 
 
 
 
 
 
 
 
 
 
 
 
 
 
 
 
 
 
 
 
 
 
 
 
 
 
 
 
 
 
 
 
 
 
 
 
 
 
 
 
 
 
 
 
 
 
 
 
 
 
 
 
 
 
 
 
 
 
 
 
 
 
 
 
 
 
 
 
 
 
 
 
 
 
 
 
 
 
 
 
 
 
 
 
 
 
 
 
 
 
 
 
 
 
 
 
 
 
 
 
