0.0 0.0
0.01 2.33562408e-07
0.02 2.34262524e-07
0.03 2.35903769e-07
0.04 2.37954072e-07
0.05 2.3785524e-07
0.06 2.33907065e-07
0.07 2.29800704e-07
0.08 2.33055121e-07
0.09 2.56792499e-07
0.1 3.17339624e-07
0.11 4.09275715e-07
0.12 4.22142604e-07
0.13 9.7987583e-08
0.14 -6.97343628e-07
0.15 -1.652538006e-06
0.16 -2.374620954e-06
0.17 -3.166431475e-06
0.18 -4.956792595e-06
0.19 -7.343884073e-06
0.2 -8.1097544e-06
0.21 -6.925794214e-06
0.22 -6.476162859e-06
0.23 -8.330107701e-06
0.24 -1.0668277796e-05
0.25 -8.93858907e-06
0.26 -8.74877652e-07
0.27 8.579142094e-06
0.28 1.2406410165e-05
0.29 4.471913257e-06
0.3 -1.385640832e-05
0.31 -2.3607131102e-05
0.32 -1.2940871031e-05
0.33 2.718109949e-06
0.34 1.0163479497e-05
0.35 1.211623664e-05
0.36 7.040958132e-06
0.37 -1.1686084635e-05
0.38 -3.5673497573e-05
0.39 -4.4545591453e-05
0.4 -3.2471529279e-05
0.41 -1.1549982419e-05
0.42 -2.906945554e-06
0.43 -3.4746007528e-05
0.44 -0.000103129330997
0.45 -0.000154067460367
0.46 -0.000124772570273
0.47 -1.8016016097e-05
0.48 5.6925704176e-05
0.49 2.4645924064e-05
0.5 -3.9366623846e-05
0.51 -4.9238657044e-05
0.52 -5.231151595e-06
0.53 5.952224131e-05
0.54 6.4459366101e-05
0.55 -4.3103239694e-05
0.56 -0.000133391901884
0.57 -8.1235213147e-05
0.58 1.281750874e-05
0.59 1.2470071755e-05
0.6 -7.4465664194e-05
0.61 -0.000155361391707
0.62 -0.000170027412222
0.63 -0.000144902341114
0.64 -0.000115581962711
0.65 -8.5621358417e-05
0.66 -4.5631603836e-05
0.67 3.060296592e-05
0.68 9.7503276963e-05
0.69 6.2254796275e-05
0.7 -8.6481946225e-05
0.71 -0.000183139299498
0.72 -5.0173657859e-05
0.73 8.4715507725e-05
0.74 6.329714549e-06
0.75 -4.5241701295e-05
0.76 -2.0544350538e-05
0.77 -0.000136466002962
0.78 -0.000233524297994
0.79 -8.5837988625e-05
0.8 3.2566609035e-05
0.81 -0.000118375517077
0.82 -0.00028839648077
0.83 -0.000341727159156
0.84 -0.000414330054673
0.85 -0.000416405714232
0.86 -0.000190278238426
0.87 1.055300468e-06
0.88 -0.000114409815235
0.89 -0.000224516704783
0.9 -6.7082675105e-05
0.91 -1.9881147644e-05
0.92 -0.000241573102737
0.93 -0.000225946319389
0.94 7.1783087802e-05
0.95 0.00018519201725
0.96 0.000277824798674
0.97 0.000499573495529
0.98 0.000270687445627
0.99 -0.000304651655339
1.0 -0.000479222646705
1.01 -0.00029312656317
1.02 -0.000149095202733
1.03 -7.3364333384e-05
1.04 -4.481180731e-05
1.05 -0.000141005538651
1.06 -0.000258722090752
1.07 -5.5011065725e-05
1.08 0.000408773668456
1.09 0.000524593928768
1.1 7.197123303e-05
1.11 -0.000372648311119
1.12 -0.000174409749612
1.13 0.000363200272339
1.14 0.000516466710442
1.15 0.000262355009508
1.16 2.1800583066e-05
1.17 -4.0651280756e-05
1.18 -9.356536044e-06
1.19 6.2585908628e-05
1.2 0.000203716411327
1.21 0.000111709269142
1.22 -0.000209855371997
1.23 -5.6554114488e-05
1.24 0.000491303699676
1.25 0.00060968655867
1.26 0.000357488820394
1.27 0.00029206254284
1.28 0.000291032264071
1.29 2.3772188737e-05
1.3 -0.000571326729674
1.31 -0.000970249020941
1.32 -0.000919604499181
1.33 -0.001104635565553
1.34 -0.001647993047897
1.35 -0.001687513323967
1.36 -0.001105614010103
1.37 -0.000711031342538
1.38 -0.000665069218712
1.39 -0.000603683225361
1.4 -0.000677796865142
1.41 -0.000937054225235
1.42 -0.00073305512976
1.43 0.000108447215991
1.44 0.000714420470614
1.45 0.00035861830418
1.46 -0.00013485845774
1.47 -0.000101143977434
1.48 -0.000250518177911
1.49 -0.000670740029648
1.5 -0.000601225658867
1.51 -0.000142235587763
1.52 -6.9060592364e-05
1.53 -0.000407594724266
1.54 -0.000286714727515
1.55 0.000652288410189
1.56 0.001741200850539
1.57 0.002533600461626
1.58 0.002834041218666
1.59 0.002219504874522
1.6 0.000930439642998
1.61 0.000228387920234
1.62 0.001187739531777
1.63 0.0021298001722
1.64 0.001313743664386
1.65 -0.000108901526387
1.66 -0.00085148146213
1.67 -0.000970931413374
1.68 -0.000336922966562
1.69 0.000407989727022
1.7 9.495172152e-06
1.71 -0.001176995644642
1.72 -0.001890778382215
1.73 -0.001772978504896
1.74 -0.001049484474327
1.75 -0.000157442499675
1.76 1.192544984e-06
1.77 -0.000679515421315
1.78 -0.001240221387051
1.79 -0.001572852157626
1.8 -0.002202829029472
1.81 -0.00241001842609
1.82 -0.002012084159552
1.83 -0.001984375029252
1.84 -0.002014217625681
1.85 -0.001410357112052
1.86 -0.000568624522517
1.87 -3.5004578294e-05
1.88 0.000536392106328
1.89 0.001153287790689
1.9 0.001493599777286
1.91 0.001421451840987
1.92 0.001169616918771
1.93 0.001006539638378
1.94 0.001128361849427
1.95 0.001295186150624
1.96 0.001671472896489
1.97 0.002356052205805
1.98 0.001996498871558
1.99 0.000566137065414
2.0 -0.000110910932251
2.01 0.000361500729779
2.02 0.001138971115518
2.03 0.001965772627046
2.04 0.002050144904226
2.05 0.000520820176234
2.06 -0.000523640859292
2.07 0.000480747981434
2.08 0.001229594415012
2.09 0.000395696400029
2.1 -0.000363342467673
2.11 -0.000946057067316
2.12 -0.001836998409345
2.13 -0.001887152359376
2.14 -0.001267554146366
2.15 -0.001891867301679
2.16 -0.00301118572497
2.17 -0.002392682270016
2.18 -0.001151709514566
2.19 -0.001041234449829
2.2 -0.001152558788823
2.21 -0.000951136873675
2.22 -0.000895495232025
2.23 -0.000805509846031
2.24 -0.000365929790849
2.25 5.2443462251e-05
2.26 -0.000290369898758
2.27 -0.001122799700804
2.28 -0.001397033750838
2.29 -0.000602479788231
2.3 0.000754175293415
2.31 0.001382187552965
2.32 0.001275351660807
2.33 0.001121481444382
2.34 0.000914557509163
2.35 0.001222870257357
2.36 0.002350052658814
2.37 0.003162411121048
2.38 0.002710505484751
2.39 0.001682924550171
2.4 0.000707637619941
2.41 3.8238091753e-05
2.42 -6.6566400121e-05
2.43 5.9280975631e-05
2.44 7.172014674e-06
2.45 -0.000160144031569
2.46 -0.000872446368569
2.47 -0.001890897352115
2.48 -0.001720192331376
2.49 -0.000315304375988
2.5 0.000655304946435
2.51 0.001214702188131
2.52 0.001845855856142
2.53 0.001417280382946
2.54 -5.2404359256e-05
2.55 -0.000784922774461
2.56 -0.000397294781535
2.57 1.7192672495e-05
2.58 0.000259200654557
2.59 0.000396627377511
2.6 -0.000122061066342
2.61 -0.00101971047601
2.62 -0.001216999441258
2.63 -0.000969038798194
2.64 -0.00063582230066
2.65 -0.000334710112334
2.66 -0.000654550283183
2.67 -0.001673943190373
2.68 -0.002670635362056
2.69 -0.002828235955497
2.7 -0.002362805848532
2.71 -0.002293046276419
2.72 -0.002644053321512
2.73 -0.003329477721495
2.74 -0.003856105216109
2.75 -0.003418827464229
2.76 -0.001391967334099
2.77 0.001349567073093
2.78 0.002433627373231
2.79 0.0025936409956
2.8 0.004013266410656
2.81 0.005638984354281
2.82 0.006390753902279
2.83 0.006583746305149
2.84 0.005342332978015
2.85 0.001575682583626
2.86 -0.001741302014621
2.87 -0.00129037828909
2.88 -0.00029948255916
2.89 -0.000836273603468
2.9 -0.000958269607464
2.91 -0.001545417200251
2.92 -0.002970528201029
2.93 -0.003633855504937
2.94 -0.003461334044032
2.95 -0.003518192786649
2.96 -0.003800763419224
2.97 -0.002826032591017
2.98 -0.00157051564111
2.99 -0.002271789922103
3.0 -0.004706216445422
3.01 -0.007077218647596
3.02 -0.007829512537981
3.03 -0.008255314109844
3.04 -0.008332707355715
3.05 -0.008970103089002
3.06 -0.01056735846978
3.07 -0.011069308456068
3.08 -0.008388554777917
3.09 -0.001666584957467
3.1 0.004084756405038
3.11 0.006894780631039
3.12 0.007858437968361
3.13 0.006724126763317
3.14 0.00375367352801
3.15 0.001968769071974
3.16 0.002583084248773
3.17 0.005320190328439
3.18 0.007906313583514
3.19 0.007998457025737
3.2 0.005572415504992
3.21 -0.000544880781112
3.22 -0.006710727870186
3.23 -0.007353834062528
3.24 -0.004415113072015
3.25 -0.002258624216087
3.26 -0.001926769815026
3.27 -0.002374094698434
3.28 -0.002582552845975
3.29 -0.002500115900295
3.3 -0.000686589890563
3.31 0.00170714031002
3.32 0.002232767637302
3.33 0.001632115041246
3.34 0.000640106173444
3.35 -0.00152920732934
3.36 -0.004019615463002
3.37 -0.004700080125902
3.38 -0.001553383100684
3.39 0.003160873558226
3.4 0.006329991526457
3.41 0.005133874682398
3.42 0.00025536712213
3.43 -0.004675743429494
3.44 -0.006212348234189
3.45 -0.001980493896354
3.46 0.004718672676808
3.47 0.00750393660653
3.48 0.006223344857572
3.49 0.002675827930002
3.5 -0.002191862463082
3.51 -0.005852194840591
3.52 -0.007284561723045
3.53 -0.006475408659786
3.54 -0.006093106582071
3.55 -0.006890474660516
3.56 -0.008513081566777
3.57 -0.010033780769975
3.58 -0.009289320965725
3.59 -0.003167323544384
3.6 0.005073557461126
3.61 0.009055589492968
3.62 0.0087622379711
3.63 0.006025030174061
3.64 0.004512281802239
3.65 0.006780991888981
3.66 0.01315491368195
3.67 0.018350016195385
3.68 0.019011472776277
3.69 0.016120489082877
3.7 0.009816997467734
3.71 0.002063621863181
3.72 -0.003198605563519
3.73 -0.003816466079628
3.74 -0.002169415038851
3.75 -0.001649855581704
3.76 -0.001461562122427
3.77 0.000867650265611
3.78 0.005169093210516
3.79 0.008119228506056
3.8 0.009332250642279
3.81 0.009312508890132
3.82 0.006519214589518
3.83 0.001084765171732
3.84 -0.003809333630683
3.85 -0.003447075030364
3.86 -0.002408730125691
3.87 -0.003450741901563
3.88 -0.003848751703445
3.89 -0.006474088846455
3.9 -0.012421270642055
3.91 -0.013982880341485
3.92 -0.003528216005383
3.93 0.009486921190936
3.94 0.014427529827211
3.95 0.01499292189308
3.96 0.013896498136242
3.97 0.009260848290045
3.98 0.005107039001347
3.99 0.005917989074739
4.0 0.010843104068697
4.01 0.011985822404994
4.02 0.006793052663195
4.03 -0.000236757685961
4.04 -0.010060794529134
4.05 -0.018451267744529
4.06 -0.018794782424972
4.07 -0.010068791587419
4.08 -0.002207411540265
4.09 -0.00069079632851
4.1 -0.00234595151377
4.11 -0.003220294723475
4.12 -0.002564350906831
4.13 0.001458434352179
4.14 0.008893979486597
4.15 0.011449950877991
4.16 0.008133999662238
4.17 0.001224642411262
4.18 -0.003606726216535
4.19 -0.002711224326318
4.2 0.004857693702934
4.21 0.015696828679907
4.22 0.020370076062339
4.23 0.016975883274616
4.24 0.009845845879073
4.25 0.006565028696873
4.26 0.002901497679586
4.27 -0.001689315413718
4.28 0.002111157122805
4.29 0.003130571683204
4.3 -0.000523582040318
4.31 -0.00252374146652
4.32 -0.005302466145045
4.33 -0.012097482970147
4.34 -0.018367401591044
4.35 -0.018954487689828
4.36 -0.012189268140458
4.37 -0.00600037730142
4.38 0.003456262156312
4.39 0.010087106602862
4.4 0.013926260609623
4.41 0.015670746261097
4.42 0.019425056293079
4.43 0.025637108634164
4.44 0.031367658747938
4.45 0.035035601462641
4.46 0.029086329395532
4.47 0.009476925540259
4.48 -0.012193199788764
4.49 -0.01629975375383
4.5 -0.015499671710595
4.51 -0.018134654031656
4.52 -0.017320555736295
4.53 -0.018096146911351
4.54 -0.017423163511037
4.55 0.002438098970762
4.56 0.010442067948518
4.57 0.017911632680264
4.58 0.022147355549252
4.59 0.026482873064114
4.6 0.038602965757714
4.61 0.051027039348955
4.62 0.06555380831565
4.63 0.070466578308632
4.64 0.057386664524391
4.65 0.017139132723391
4.66 -0.000768734410315
4.67 -0.005468583497575
4.68 -0.022217938361539
4.69 -0.028036747897478
4.7 -0.045610533819218
4.71 -0.065326190309081
4.72 -0.088783822306984
4.73 -0.099723298396613
4.74 -0.086871321530771
4.75 -0.074917840935592
4.76 -0.051239214532594
4.77 -0.03298484761785
4.78 -0.018225893957398
4.79 0.002146705406506
4.8 0.011670132248184
4.81 0.036319289118408
4.82 0.066572144945346
4.83 0.092842723597205
4.84 0.114017835848567
4.85 0.124489764242851
4.86 0.1313452043714
4.87 0.129665073838853
4.88 0.124885781257265
4.89 0.131036496127889
4.9 0.122315734808575
4.91 0.10508998612203
4.92 0.111024155041892
4.93 0.110794419952064
4.94 0.111379380018051
4.95 0.104660439013948
4.96 0.093615666936695
4.97 0.059334115350191
4.98 0.02864103184918
4.99 0.015347607090959
5.0 0.021366503911352
5.01 0.02699652075074
5.02 0.030406348032993
5.03 0.024494556341777
5.04 0.011368598835785
5.05 -0.012291245362241
5.06 -0.034002177017946
5.07 -0.052464181081967
5.08 -0.052683369021294
5.09 -0.047524701639959
5.1 -0.039546289776146
5.11 -0.024957779766853
5.12 -0.029614750055713
5.13 -0.042230054155011
5.14 -0.060867489453576
5.15 -0.071144352035467
5.16 -0.074994992756567
5.17 -0.073592426943016
5.18 -0.067485269800886
5.19 -0.099843721117442
5.2 -0.111110054429374
5.21 -0.137979706154231
5.22 -0.149218718451414
5.23 -0.15896916236283
5.24 -0.151474428446608
5.25 -0.138157754812056
5.26 -0.13459336031184
5.27 -0.14594463371628
5.28 -0.162860889097119
5.29 -0.176183203209743
5.3 -0.175492497617478
5.31 -0.171449057025578
5.32 -0.124891165762443
5.33 -0.040772284105199
5.34 -0.044195123104252
5.35 -0.038441253844615
5.36 -0.018201324448729
5.37 -0.024838899561979
5.38 -0.002794673880744
5.39 0.028446882918421
5.4 0.069180442352824
5.41 0.099676167153711
5.42 0.092653205608917
5.43 0.099502772422449
5.44 0.117530289682436
5.45 0.109935542600524
5.46 0.107761609733873
5.47 0.100997464618462
5.48 0.060567117899192
5.49 0.059475499660749
5.5 0.056966601737384
5.51 0.05306127354858
5.52 0.045401656318931
5.53 0.030052729175058
5.54 0.017235642113629
5.55 0.011189801069436
5.56 0.017398383016189
5.57 0.03499812439413
5.58 0.037235549289288
5.59 0.02916382104249
5.6 0.012555738013744
5.61 -0.016692801456928
5.62 -0.031611340788501
5.63 -0.017709765951
5.64 -0.017848819806851
5.65 -0.002856501306783
5.66 -0.020804874387074
5.67 -0.049756096119588
5.68 -0.061214637981109
5.69 -0.097687430685665
5.7 -0.101384666104125
5.71 -0.103775673495627
5.72 -0.110190405067532
5.73 -0.105282869573132
5.74 -0.11979790153801
5.75 -0.124863256534066
5.76 -0.122715175805111
5.77 -0.135394293444602
5.78 -0.145034827843585
5.79 -0.147309778822106
5.8 -0.151069113280561
5.81 -0.147383960931195
5.82 -0.144193095850772
5.83 -0.141668796904513
5.84 -0.123062884513131
5.85 -0.099928840709239
5.86 -0.129136342626781
5.87 -0.124846304496303
5.88 -0.127673509211406
5.89 -0.115412262413763
5.9 -0.090526321426447
5.91 -0.033370135486458
5.92 -0.013895260852821
5.93 -0.030196131720283
5.94 -0.021810404053315
5.95 -0.024711027601086
5.96 -0.034228333775249
5.97 -0.04454872526144
5.98 -0.093982019923839
5.99 -0.064837500831424
6.0 -0.069704549237688
6.01 -0.05270910976676
6.02 -0.030318661379224
6.03 -0.004567821677669
6.04 -0.018643714007517
6.05 -0.037583806805634
6.06 -0.005756158631044
6.07 0.020010250481064
6.08 0.014581614100185
6.09 0.050663468422589
6.1 0.139629436018371
6.11 0.172457333901032
6.12 0.183412497516714
6.13 0.218628064197066
6.14 0.240404664307843
6.15 0.247746029115156
6.16 0.259184683758595
6.17 0.274945680831727
6.18 0.291943714019365
6.19 0.31361724414591
6.2 0.318341442521918
6.21 0.31340580291376
6.22 0.322721159160087
6.23 0.335707374563967
6.24 0.330931815105384
6.25 0.213819111271697
6.26 0.101328062634029
6.27 0.151416947386412
6.28 0.13264823889286
6.29 0.099486395212327
6.3 0.124351860929461
6.31 0.097820442224273
6.32 0.036059023991693
6.33 -0.022474273454062
6.34 -0.065832137981804
6.35 -0.061327409628342
6.36 -0.056001224196793
6.37 -0.080664654141015
6.38 -0.081508961044946
6.39 -0.027756354887965
6.4 -0.010937213120942
6.41 -0.008609752606436
6.42 -0.012856830920109
6.43 -0.013093131611064
6.44 -0.01504635724871
6.45 -0.000419911109711
6.46 0.03163549581112
6.47 0.059154836365632
6.48 0.030172864472363
6.49 0.026568988839171
6.5 0.019873213964689
6.51 0.005487294188901
6.52 -0.005598972940177
6.53 -0.02626853531012
6.54 -0.04432111311076
6.55 -0.064059648213595
6.56 -0.071692050737956
6.57 -0.073214708528787
6.58 -0.06901508802287
6.59 -0.057016010414653
6.6 -0.085287854935929
6.61 -0.152229302495244
6.62 -0.222099261013607
6.63 -0.206063325970057
6.64 -0.154555076529843
6.65 0.010114667266806
6.66 0.041379964585414
6.67 0.007082405486267
6.68 0.026877469468951
6.69 -0.018676658255297
6.7 -0.029327000760354
6.71 -0.043340259858167
6.72 -0.015593410491771
6.73 0.079093387283699
6.74 -0.035004206239766
6.75 0.009421936575033
6.76 0.018072957783206
6.77 0.011113821346042
6.78 0.036490114378026
6.79 0.030713020769681
6.8 0.022894058586543
6.81 0.025408898081526
6.82 0.024174323808713
6.83 0.051661904082933
6.84 0.0570421753259
6.85 0.049129216450138
6.86 0.059688972690235
6.87 0.112698768317837
6.88 0.17799984346413
6.89 0.171787414296194
6.9 0.2022868712283
6.91 0.22135909715651
6.92 0.208422406073095
6.93 0.209313680423491
6.94 0.201282679904527
6.95 0.210339403775738
6.96 0.233045600446164
6.97 0.229823571381247
6.98 0.227684190998204
6.99 0.234763471279134
7.0 0.192753156967286
7.01 0.154997246512356
7.02 0.175696938003303
7.03 0.156697431763565
7.04 0.167981123303307
7.05 0.16106018610502
7.06 0.144956343291773
7.07 0.123355669435262
7.08 0.076537181182366
7.09 0.086814992243777
7.1 0.087233867650275
7.11 0.080279477611705
7.12 0.078372010199097
7.13 0.058229798865782
7.14 0.003268617179222
7.15 -0.064225828820923
7.16 -0.090143704007565
7.17 -0.109303948759935
7.18 -0.14387231917349
7.19 -0.183621926160596
7.2 -0.225484075107582
7.21 -0.254993261624159
7.22 -0.305984937554713
7.23 -0.373814992169307
7.24 -0.415948982142142
7.25 -0.450772600109782
7.26 -0.495076085591577
7.27 -0.532802669374542
7.28 -0.542689313180339
7.29 -0.537780774734015
7.3 -0.531077259699064
7.31 -0.527993925551395
7.32 -0.527153053038735
7.33 -0.529562924514792
7.34 -0.517856274605044
7.35 -0.273707650601738
7.36 -0.30385812104825
7.37 -0.340397604525528
7.38 -0.265579668726737
7.39 -0.232969433505937
7.4 -0.236760970766448
7.41 -0.193670969423495
7.42 -0.114195024442158
7.43 -0.025354755947092
7.44 0.053377590048623
7.45 0.078976583158022
7.46 0.083073448522525
7.47 0.131806798301986
7.48 0.190774854472596
7.49 0.210430398717416
7.5 0.217101754386383
7.51 0.236520734850595
7.52 0.25153488484661
7.53 0.25062438124927
7.54 0.249294438441985
7.55 0.260047957680153
7.56 0.276813455154307
7.57 0.294869874275985
7.58 0.317609941831015
7.59 0.34249384088315
7.6 0.362868499647988
7.61 0.362318625218998
7.62 0.351124271178193
7.63 0.339002821286141
7.64 0.325714757890337
7.65 0.299487378408202
7.66 0.288067256374854
7.67 0.250724066590339
7.68 0.199045864090137
7.69 0.14962775167102
7.7 0.124635595695773
7.71 0.119965910981045
7.72 0.082636930885458
7.73 0.027392335243563
7.74 -0.00909854210793
7.75 -0.048364010277831
7.76 -0.102524461521328
7.77 -0.147435342648022
7.78 -0.169953638571587
7.79 -0.181192749944998
7.8 -0.190246193828552
7.81 -0.202903851767832
7.82 -0.212174217276218
7.83 -0.210209806125281
7.84 -0.20357189012066
7.85 -0.189513966992949
7.86 -0.185396870268439
7.87 -0.190690170506317
7.88 -0.200689462669535
7.89 -0.207411632588662
7.9 -0.203891516528767
7.91 -0.178642049304057
7.92 -0.138413242073411
7.93 -0.107245065920224
7.94 -0.099429185654793
7.95 -0.082421037827273
7.96 -0.079968025123611
7.97 -0.082271384790006
7.98 -0.105786588975963
7.99 -0.14442637346866
8.0 -0.207215992289093
8.01 -0.191396948644144
8.02 -0.21879309119263
8.03 -0.19005386695181
8.04 -0.192480852185715
8.05 -0.206639522081733
8.06 -0.21583646611278
8.07 -0.222109271636481
8.08 -0.237576352252049
8.09 -0.291308677544806
8.1 -0.335538835746095
8.11 -0.369859488791756
8.12 -0.417819369215254
8.13 -0.349365645040949
8.14 -0.285100240584716
8.15 -0.029569459340729
8.16 -0.107724288761958
8.17 -0.108806455412812
8.18 -0.090037522042054
8.19 -0.093382640488652
8.2 -0.085893625888778
8.21 -0.056045904624411
8.22 0.019279380162841
8.23 0.151144361785135
8.24 0.225864786172438
8.25 0.201081601763419
8.26 0.254713387258858
8.27 0.324484969300727
8.28 0.323755855796258
8.29 0.360932414277267
8.3 0.407186446292477
8.31 0.409896562608645
8.32 0.421546457818485
8.33 0.448978642328937
8.34 0.457455825889265
8.35 0.4612624496787
8.36 0.477642462572779
8.37 0.4942042249673
8.38 0.508063250113789
8.39 0.522099155951675
8.4 0.529765069708748
8.41 0.53226935196458
8.42 0.549265519479264
8.43 0.519430132691218
8.44 0.519404085783201
8.45 0.491319394756166
8.46 0.449925244681024
8.47 0.373634827082433
8.48 0.257563600135115
8.49 0.226987581380944
8.5 0.235954703169134
8.51 0.209199595943184
8.52 0.150822194992924
8.53 0.091665492987565
8.54 0.048360166234681
8.55 -0.017695682280615
8.56 -0.103445928868166
8.57 -0.161079226494946
8.58 -0.185152493306445
8.59 -0.201751955370809
8.6 -0.229674165197637
8.61 -0.269812596470414
8.62 -0.304774778113965
8.63 -0.326141097905422
8.64 -0.347212773629711
8.65 -0.377692019371095
8.66 -0.41199346278899
8.67 -0.441480095788905
8.68 -0.463065993735969
8.69 -0.479464321619452
8.7 -0.493379347756956
8.71 -0.502555703664773
8.72 -0.503837768771166
8.73 -0.498332595894791
8.74 -0.490790053473948
8.75 -0.4829476290543
8.76 -0.474804919930181
8.77 -0.448152227233482
8.78 -0.407696785003007
8.79 -0.366254325617756
8.8 -0.306768563746422
8.81 -0.251713532887803
8.82 -0.207038966400367
8.83 -0.172378089657597
8.84 -0.136545827345403
8.85 -0.092073626600831
8.86 -0.041008677215822
8.87 0.009312322685098
8.88 0.053674591982129
8.89 0.095403407988173
8.9 0.136150402843233
8.91 0.167663682843151
8.92 0.185166974094372
8.93 0.194849583955743
8.94 0.204900176239759
8.95 0.216473683965145
8.96 0.225138894297594
8.97 0.229283365319657
8.98 0.231507803556586
8.99 0.238031453253117
9.0 0.244831828268453
9.01 0.247773764963462
9.02 0.260516736900531
9.03 0.275687771214653
9.04 0.268473409782959
9.05 0.267560760802942
9.06 0.256717102860374
9.07 0.239506965071914
9.08 0.225614011323041
9.09 0.27140586582156
9.1 0.302947945120708
9.11 0.293277480064317
9.12 0.276945612688122
9.13 0.25861208425351
9.14 0.244279687052948
9.15 0.253841520058456
9.16 0.254252761063886
9.17 0.291130292239194
9.18 0.252841874210795
9.19 0.227410690368656
9.2 0.1147481674814
9.21 0.063740102352266
9.22 0.095066032996227
9.23 0.082654430772127
9.24 0.045210966617494
9.25 0.015872456546503
9.26 -0.012357399421608
9.27 -0.068120908767168
9.28 -0.139631274641235
9.29 -0.179391096669079
9.3 -0.194216764804844
9.31 -0.219161787509033
9.32 -0.252240545191246
9.33 -0.282081275670389
9.34 -0.300667518858656
9.35 -0.304019069926793
9.36 -0.307381110977982
9.37 -0.314500161934417
9.38 -0.312031212471492
9.39 -0.302689329772612
9.4 -0.269344449369284
9.41 -0.257057254272964
9.42 -0.276377648412868
9.43 -0.287650161859541
9.44 -0.299267549962879
9.45 -0.30254588212463
9.46 -0.301137021066303
9.47 -0.292024660050017
9.48 -0.289961555276844
9.49 -0.301412228359139
9.5 -0.319461707024203
9.51 -0.31173672210605
9.52 -0.280023973458127
9.53 -0.296136118164627
9.54 -0.336994424852047
9.55 -0.393119974959774
9.56 -0.270229093948811
9.57 -0.153345707489367
9.58 -0.172968764510153
9.59 -0.1076732465382
9.6 -0.102237651425632
9.61 -0.07505192001239
9.62 -0.064566180457449
9.63 -0.008803383057725
9.64 0.097766826570907
9.65 0.176122717780696
9.66 0.201228959639119
9.67 0.226314100283526
9.68 0.285051696994237
9.69 0.326376204975556
9.7 0.353479623022538
9.71 0.396755804797056
9.72 0.42916288270955
9.73 0.44406254657463
9.74 0.465415013148962
9.75 0.484661537729809
9.76 0.491120100200083
9.77 0.498609709779576
9.78 0.505455645809935
9.79 0.505330376672628
9.8 0.502491551782175
9.81 0.488206738824594
9.82 0.404549272744536
9.83 0.325824061022788
9.84 0.299877797185233
9.85 0.299336438241454
9.86 0.272570102727759
9.87 0.229951134161919
9.88 0.19097191948661
9.89 0.145373366958363
9.9 0.088233711021408
9.91 0.041701222286897
9.92 0.018643418154453
9.93 0.005808766135493
9.94 -0.009219537410158
9.95 -0.029240870471634
9.96 -0.056409754358686
9.97 -0.08289684081845
9.98 -0.101444480822332
9.99 -0.123320694126967
10.0 -0.152949750041957
10.01 -0.176260071429578
10.02 -0.189772874798873
10.03 -0.203076226470464
10.04 -0.218573714920518
10.05 -0.233273843518755
10.06 -0.244538071812775
10.07 -0.248832527295821
10.08 -0.24644025397926
10.09 -0.241369444587219
10.1 -0.234640912313122
10.11 -0.215544310887891
10.12 -0.164438663904432
10.13 -0.171429933593736
10.14 -0.198000158745549
10.15 -0.196023993408508
10.16 -0.193493442807089
10.17 -0.181291249761784
10.18 -0.154406179163859
10.19 -0.110019488911933
10.2 -0.089665300671632
10.21 -0.045693670029246
10.22 -0.013168762680872
10.23 0.074239454572908
10.24 0.057997766275959
10.25 0.038719584955104
10.26 0.07266848989447
10.27 0.080706050636381
10.28 0.11856950755485
10.29 0.153541533455235
10.3 0.186660079771571
10.31 0.224617001961794
10.32 0.261728936684267
10.33 0.284460781473346
10.34 0.275901757617093
10.35 0.273213425162925
10.36 0.237592825905199
10.37 -0.060491267878296
10.38 0.080007773876342
10.39 0.040372647826602
10.4 0.031927639449461
10.41 0.085379930150717
10.42 0.042466088244782
10.43 -0.00026113539349
10.44 -0.048576179963462
10.45 -0.152583546690629
10.46 -0.1703961562518
10.47 -0.091359502582111
10.48 -0.071461130554193
10.49 -0.039850833888566
10.5 -0.034335058742185
10.51 -0.026794380487946
10.52 -0.010268573922768
10.53 0.007714744010242
10.54 0.021613204440876
10.55 0.045980918650625
10.56 0.089735023170371
10.57 0.102248378624057
10.58 0.115116108252453
10.59 0.113640352628318
10.6 0.050403991517805
10.61 0.046225214593275
10.62 -0.005525909738219
10.63 -0.024409529079882
10.64 -0.02859515688269
10.65 -0.035872908929696
10.66 -0.073146192119197
10.67 -0.113869995572055
10.68 -0.149446610621901
10.69 -0.152573971112445
10.7 -0.151333964349881
10.71 -0.169791510059325
10.72 -0.214003171319784
10.73 -0.2767003006694
10.74 -0.288950281688016
10.75 -0.23399261550399
10.76 -0.099787552498516
10.77 -0.043497350636132
10.78 -0.069580081907865
10.79 -0.054167632374851
10.8 -0.100814563224995
10.81 -0.126668466718197
10.82 -0.158491242257133
10.83 -0.148026408475211
10.84 0.005646265354204
10.85 -0.08734804877418
10.86 -0.057571024010827
10.87 -0.11317861340075
10.88 -0.114707009737646
10.89 -0.157858198406026
10.9 -0.171619930826277
10.91 -0.188236270247568
10.92 -0.187936452423472
10.93 -0.205035433160962
10.94 -0.218304193543915
10.95 -0.205279613500308
10.96 -0.189544029669788
10.97 -0.147962381964891
10.98 -0.081837923503627
10.99 -0.080112361538412
11.0 -0.072147366398415
11.01 -0.046386077165125
11.02 -0.029422099276573
11.03 0.019059525946458
11.04 0.05810263203116
11.05 0.091910659884075
11.06 0.137026661639704
11.07 0.154593235852133
11.08 0.159014465765011
11.09 0.184026547586978
11.1 0.207588080584975
11.11 0.218909343331125
11.12 0.235473530227904
11.13 0.250792500288853
11.14 0.25513006613435
11.15 0.263071037855946
11.16 0.276596414446691
11.17 0.28464013071468
11.18 0.294857365378998
11.19 0.310903221228884
11.2 0.322739183891024
11.21 0.332437896170252
11.22 0.343413672391044
11.23 0.349715981729239
11.24 0.351422718777732
11.25 0.354746483349024
11.26 0.35208623978983
11.27 0.350543195313181
11.28 0.349255267026048
11.29 0.340322197910005
11.3 0.312267491520976
11.31 0.310913391180094
11.32 0.316315192735224
11.33 0.263336871867257
11.34 0.211001525841811
11.35 0.168321449847023
11.36 0.139094936795211
11.37 0.111484140099106
11.38 0.084896042064955
11.39 0.056760587371038
11.4 0.019287351705809
11.41 -0.03149578303916
11.42 -0.082101459278672
11.43 -0.123676983507485
11.44 -0.159766666483774
11.45 -0.188853804692635
11.46 -0.215972961053512
11.47 -0.24974857615565
11.48 -0.285313667638038
11.49 -0.314070293413971
11.5 -0.325967396717595
11.51 -0.33427275243714
11.52 -0.345876356817744
11.53 -0.359978637902757
11.54 -0.364396537124769
11.55 -0.358414510352999
11.56 -0.353973418582037
11.57 -0.359597777088986
11.58 -0.363019298802035
11.59 -0.36718508196012
11.6 -0.341290201610247
11.61 -0.297955605788089
11.62 -0.260191073199789
11.63 -0.227099774749314
11.64 -0.194258544279341
11.65 -0.172790197635766
11.66 -0.151386630656365
11.67 -0.125779106972944
11.68 -0.102128342475643
11.69 -0.077552328568409
11.7 -0.058593053897342
11.71 -0.045898639079926
11.72 -0.033775393884422
11.73 -0.019199000253296
11.74 0.001358244993077
11.75 0.026914181666692
11.76 0.0543637025544
11.77 0.077776004724988
11.78 0.092584080601965
11.79 0.103180675413725
11.8 0.113257876757984
11.81 0.124176664571645
11.82 0.140865032582638
11.83 0.165491035036883
11.84 0.195061548699043
11.85 0.226357671599722
11.86 0.255755477589219
11.87 0.279612262300521
11.88 0.297386196095719
11.89 0.31118868434043
11.9 0.322965310253899
11.91 0.333648431639703
11.92 0.344238792210642
11.93 0.355315280832536
11.94 0.366394122295049
11.95 0.37621987779902
11.96 0.385965408465667
11.97 0.392956534090038
11.98 0.395945171726154
11.99 0.395623735816485
12.0 0.382576961195015
12.01 0.370351739812482
12.02 0.347116863208988
12.03 0.262411599799673
12.04 0.189880717919514
12.05 0.184202856561038
12.06 0.184279097380296
12.07 0.14718836854173
12.08 0.116911571565437
12.09 0.103108729684617
12.1 0.057475752424438
12.11 -0.013317471272132
12.12 -0.061301995241668
12.13 -0.080724225431684
12.14 -0.097889225564679
12.15 -0.125331042483057
12.16 -0.157201241476949
12.17 -0.18346557910424
12.18 -0.201469670967922
12.19 -0.220223091114907
12.2 -0.243869500407693
12.21 -0.263260127300918
12.22 -0.275401001510218
12.23 -0.288400169834767
12.24 -0.304082198105275
12.25 -0.317076201065624
12.26 -0.326734848725444
12.27 -0.336194394868929
12.28 -0.344753419609588
12.29 -0.349267663668278
12.3 -0.350412146069394
12.31 -0.350780935741452
12.32 -0.349099210651436
12.33 -0.328178922456832
12.34 -0.314831960104361
12.35 -0.310363516019338
12.36 -0.310550540773765
12.37 -0.308437604930453
12.38 -0.299872667205273
12.39 -0.279958709079552
12.4 -0.257723688352995
12.41 -0.242063094387333
12.42 -0.230277038103172
12.43 -0.228615377818367
12.44 -0.210362510476704
12.45 -0.189660929954172
12.46 -0.167221946618524
12.47 -0.146873536631993
12.48 -0.135956219004782
12.49 -0.126783473194899
12.5 -0.112859750412691
12.51 -0.091522350501933
12.52 -0.063664162133849
12.53 -0.03316749810466
12.54 -0.010442385512273
12.55 0.009820615345733
12.56 0.027848641970108
12.57 0.041204028729477
12.58 0.056607934623497
12.59 0.072902065515868
12.6 0.089990750148455
12.61 0.109941456766373
12.62 0.127945535389724
12.63 0.144219576609323
12.64 0.163838721553554
12.65 0.186305265817614
12.66 0.208437011333002
12.67 0.227769771858001
12.68 0.243452511744716
12.69 0.256716177935637
12.7 0.267942169395665
12.71 0.276467482921064
12.72 0.282993860509617
12.73 0.289176704238271
12.74 0.297435216613355
12.75 0.306137926420327
12.76 0.31266326405158
12.77 0.314273393266837
12.78 0.30983713561401
12.79 0.279335086005477
12.8 0.23064582720994
12.81 0.165490728858688
12.82 0.129970464621044
12.83 0.132325141302585
12.84 0.125213666727468
12.85 0.089846529923626
12.86 0.051446308986849
12.87 0.022206965145209
12.88 -0.016944679459549
12.89 -0.059584454414253
12.9 -0.083208343714228
12.91 -0.088140729123625
12.92 -0.091626539476052
12.93 -0.103102136232103
12.94 -0.115667809169624
12.95 -0.11998854764249
12.96 -0.117466589444074
12.97 -0.115846588992199
12.98 -0.116050716171045
12.99 -0.117259360924425
13.0 -0.12857625160866
13.01 -0.134984717174865
13.02 -0.142141958577598
13.03 -0.133956669343203
13.04 -0.129944438523578
13.05 -0.117258237618591
13.06 -0.114206684348346
13.07 -0.133290562166473
13.08 -0.137694107782256
13.09 -0.13269919272484
13.1 -0.141838098526406
13.11 -0.133800782237874
13.12 -0.138121475904726
13.13 -0.13367893002946
13.14 -0.149317452277218
13.15 -0.141089431594618
13.16 -0.139820199043696
13.17 -0.165211374648
13.18 -0.156095901738575
13.19 -0.006766738897995
13.2 -0.091628553791265
13.21 -0.030429703311929
13.22 -0.053040550002654
13.23 -0.03892899298346
13.24 -0.043888896804175
13.25 -0.037213799673075
13.26 0.019002287555119
13.27 0.046397108662241
13.28 0.018183172680867
13.29 0.0454987970313
13.3 0.034073673234504
13.31 0.0348259578525
13.32 0.009087007803572
13.33 0.021427869923304
13.34 0.019106989658149
13.35 0.035920991135785
13.36 0.03479626074397
13.37 0.0387912420841
13.38 0.030863006944148
13.39 0.017782469146546
13.4 0.028332108365663
13.41 0.026439053105236
13.42 0.045904919864473
13.43 0.040043312686798
13.44 0.047696759728204
13.45 0.059703432171487
13.46 0.063979266446997
13.47 0.071036625885144
13.48 0.070424688337378
13.49 0.083755529108513
13.5 0.090087765503105
13.51 0.093014215891322
13.52 0.106799824483328
13.53 0.109235600244393
13.54 0.099899863950158
13.55 0.047876664942629
13.56 -0.025696951028176
13.57 0.036023899576831
13.58 0.004902797186505
13.59 0.023262346134982
13.6 0.021977129168965
13.61 -0.003793762203966
13.62 -0.030164839234948
13.63 -0.09654379282984
13.64 -0.099727651537379
13.65 -0.082040981160837
13.66 -0.120821100076173
13.67 -0.111559677457906
13.68 -0.111454101424583
13.69 -0.130925867592405
13.7 -0.121579602793544
13.71 -0.132118149836031
13.72 -0.140158079933641
13.73 -0.13861941229404
13.74 -0.142028473688361
13.75 -0.141369922010759
13.76 -0.132258720829193
13.77 -0.098264778804122
13.78 -0.074374481786228
13.79 -0.0764603220034
13.8 -0.067620332004844
13.81 -0.063818346378902
13.82 -0.055303712661948
13.83 -0.036237334029761
13.84 -0.008603167916548
13.85 0.013022710229711
13.86 0.019679013575832
13.87 0.029056539681652
13.88 0.045308002969876
13.89 0.054518729019864
13.9 0.057595630897326
13.91 0.061369819059127
13.92 0.06895816525462
13.93 0.080304095694538
13.94 0.088388238357489
13.95 0.095957724959478
13.96 0.107100677134588
13.97 0.115053324696607
13.98 0.117624561044789
13.99 0.119240211032817
14.0 0.123682442808991
14.01 0.129862867268926
14.02 0.130953405479029
14.03 0.129127890158154
14.04 0.126650420765416
14.05 0.121393317240678
14.06 0.116511566077631
14.07 0.113357438268748
14.08 0.108490533108956
14.09 0.100648815932941
14.1 0.089022129914232
14.11 0.075041250043376
14.12 0.064025443811016
14.13 0.055767097765088
14.14 0.050036246162127
14.15 0.042807768193986
14.16 0.032709630572975
14.17 0.02212429159125
14.18 0.014498920951682
14.19 0.009422801769789
14.2 0.006805881046482
14.21 0.006363963310104
14.22 0.006337824228873
14.23 0.004278478909885
14.24 0.00058043678967
14.25 -0.002979914541129
14.26 -0.003224086081155
14.27 5.2466352071e-05
14.28 0.003981193521512
14.29 0.006834619969802
14.3 0.004984148461353
14.31 -0.002772781892886
14.32 -0.012572250975623
14.33 -0.0172794604212
14.34 -0.011368713054197
14.35 -0.016417516949161
14.36 -0.044941753179871
14.37 -0.051270330634621
14.38 -0.057935485150596
14.39 -0.077101134583793
14.4 -0.07964793749188
14.41 -0.082259662726881
14.42 -0.086147794561022
14.43 -0.094950051812256
14.44 -0.110071398950512
14.45 -0.109293560574743
14.46 -0.10292595159284
14.47 -0.103300681524286
14.48 -0.09765471888308
14.49 -0.100850130823302
14.5 -0.106076783577389
14.51 -0.109899677796361
14.52 -0.113497370804131
14.53 -0.108120715629285
14.54 -0.109719166651131
14.55 -0.103300295627469
14.56 -0.10805543840054
14.57 -0.103153555877548
14.58 -0.103344435381516
14.59 -0.100975929366182
14.6 -0.114298595118269
14.61 -0.121421617820022
14.62 -0.120828225281658
14.63 -0.125165686873582
14.64 -0.118182280205433
14.65 -0.111685364801227
14.66 -0.111288908802877
14.67 -0.107038301509175
14.68 -0.122373697742425
14.69 -0.119918214013145
14.7 -0.042227940073562
14.71 -0.081049327095601
14.72 -0.04606592768492
14.73 -0.057744095719096
14.74 -0.042688368778344
14.75 -0.041559253148689
14.76 -0.023478224142772
14.77 0.019020720994014
14.78 0.025105762043335
14.79 0.022161429807036
14.8 0.046873661648145
14.81 0.042255852932856
14.82 0.052698423793532
14.83 0.066904081087247
14.84 0.069261709061115
14.85 0.089790098781667
14.86 0.095520770735121
14.87 0.108247755284708
14.88 0.116934315777635
14.89 0.123024375007726
14.9 0.129863573333278
14.91 0.133118754724915
14.92 0.137921181817102
14.93 0.139658350641575
14.94 0.144191075570739
14.95 0.147334357921955
14.96 0.149355019351494
14.97 0.146748561227022
14.98 0.137163724351266
14.99 0.125913516413635
15.0 0.119624901936425
15.01 0.117320091949393
15.02 0.116900925512103
15.03 0.113316196303746
15.04 0.104478989996459
15.05 0.089104902141949
15.06 0.075353503667769
15.07 0.062687277138122
15.08 0.057782350735313
15.09 0.053521163974192
15.1 0.052360514240154
15.11 0.049223198568752
15.12 0.043581401813197
15.13 0.034284025663922
15.14 0.021763316943961
15.15 0.007583082552647
15.16 -0.005897930004241
15.17 -0.017352286013948
15.18 -0.025549298012427
15.19 -0.033066756575184
15.2 -0.041164603497797
15.21 -0.050901450193973
15.22 -0.062063003107936
15.23 -0.07256651779898
15.24 -0.082682404308711
15.25 -0.091345275131502
15.26 -0.09671985746948
15.27 -0.099506484618876
15.28 -0.10001108312298
15.29 -0.097644274459078
15.3 -0.088163761450201
15.31 -0.074341451006796
15.32 -0.070288723147173
15.33 -0.071352155399434
15.34 -0.071606509542249
15.35 -0.068146023037819
15.36 -0.058151992969052
15.37 -0.041966883517316
15.38 -0.02787440544387
15.39 -0.019535434515911
15.4 -0.014999340558066
15.41 -0.01183130529102
15.42 -0.010076035737858
15.43 -0.007163987737034
15.44 -0.002275282423421
15.45 0.002537432506814
15.46 0.006293200103079
15.47 0.013006618893642
15.48 0.023258642247844
15.49 0.030701155244832
15.5 0.032527678705885
15.51 0.032010762559885
15.52 0.035194545506513
15.53 0.043653326309942
15.54 0.051075769787031
15.55 0.06102807120849
15.56 0.074507569849477
15.57 0.084149844792894
15.58 0.089213148571921
15.59 0.096270714390893
15.6 0.106967586866486
15.61 0.119536149074234
15.62 0.131088843009526
15.63 0.143043591214308
15.64 0.154835235527379
15.65 0.164190212228556
15.66 0.172861647425099
15.67 0.179646761057026
15.68 0.186116479051975
15.69 0.189448573408333
15.7 0.192665105803731
15.71 0.195579931790898
15.72 0.199661950995319
15.73 0.201623675279601
15.74 0.086034978623159
15.75 0.065495168757218
15.76 0.093091991137341
15.77 0.044837784688403
15.78 0.055248735130738
15.79 0.046624858954726
15.8 0.004261476961874
15.81 -0.036955474686668
15.82 -0.092598914835415
15.83 -0.103183306712649
15.84 -0.089526345614261
15.85 -0.118161175909123
15.86 -0.127101673484418
15.87 -0.114806446919172
15.88 -0.124583726904824
15.89 -0.127307773656784
15.9 -0.116269350278154
15.91 -0.122913301754852
15.92 -0.123677603684482
15.93 -0.124671153898149
15.94 -0.126091286665309
15.95 -0.124971473130297
15.96 -0.11924387276588
15.97 -0.118352299013285
15.98 -0.121890757936613
15.99 -0.125415581765365
16.0 -0.128559199841865
16.01 -0.119729897101595
16.02 -0.118567819341053
16.03 -0.126828076112411
16.04 -0.141524195619903
16.05 -0.091002768851576
16.06 -0.093788577159009
16.07 -0.071600693490534
16.08 -0.066606030707694
16.09 -0.049276127674707
16.1 -0.050316011500182
16.11 -0.037941227797523
16.12 -0.014721090384191
16.13 0.00671536824526
16.14 0.007955387551131
16.15 0.017168356068649
16.16 0.021315423591957
16.17 0.016382083894843
16.18 0.025291551764181
16.19 0.021197532460238
16.2 0.030923563767646
16.21 0.036963147490147
16.22 0.047566444198532
16.23 0.046934805412171
16.24 0.047009470662332
16.25 0.044783394384602
16.26 0.043949193030061
16.27 0.047200434005839
16.28 0.054356904392426
16.29 0.067196827987428
16.3 0.078196094008827
16.31 0.091853768237402
16.32 0.106119172386893
16.33 0.113352150399132
16.34 0.120095981922259
16.35 0.127135196088576
16.36 0.136247238985523
16.37 0.148361390794308
16.38 0.160714547832711
16.39 0.172219289901357
16.4 0.181087609130324
16.41 0.186609432010688
16.42 0.186678327110945
16.43 0.181740442548471
16.44 0.170783924703832
16.45 0.15403823832376
16.46 0.136428819246284
16.47 0.09984047013194
16.48 0.093502869863296
16.49 0.092029160587485
16.5 0.066224884917201
16.51 0.047156440779799
16.52 0.027213059335959
16.53 -0.002031960275929
16.54 -0.024073458956341
16.55 -0.045737024032274
16.56 -0.053957409689996
16.57 -0.05489296487203
16.58 -0.068263040058509
16.59 -0.075187747254805
16.6 -0.072729599901351
16.61 -0.077656840523591
16.62 -0.080636929829721
16.63 -0.077810895268018
16.64 -0.088972697439074
16.65 -0.089595065231929
16.66 -0.097168585371263
16.67 -0.10028741061373
16.68 -0.098502819954044
16.69 -0.094121911094609
16.7 -0.101670329605886
16.71 -0.114206575005077
16.72 -0.116392434715104
16.73 -0.131173250640915
16.74 -0.139543989456563
16.75 -0.147705705762227
16.76 -0.151358965547242
16.77 -0.151666087850714
16.78 -0.158234980668823
16.79 -0.164474505488798
16.8 -0.167579344299087
16.81 -0.164013640658133
16.82 -0.065213070356165
16.83 -0.065135187891448
16.84 -0.082034244708328
16.85 -0.053210645560198
16.86 -0.07757776182984
16.87 -0.052198998994144
16.88 -0.042706302381349
16.89 0.005366804403945
16.9 0.057618122084803
16.91 0.036457500928377
16.92 0.037291431058876
16.93 0.06114962812974
16.94 0.033104924527515
16.95 0.026973629791226
16.96 0.00718349137858
16.97 0.023315581766654
16.98 0.034934065216526
16.99 0.039016654042764
17.0 0.040298674672964
17.01 0.03054667389528
17.02 0.011442579511225
17.03 0.01985916093502
17.04 0.034309421253442
17.05 0.053756703340449
17.06 0.054812736079441
17.07 0.048935480088035
17.08 0.044372373230592
17.09 0.062302562926758
17.1 0.095431628876485
17.11 0.100939683682745
17.12 0.099160790217863
17.13 0.109666523766625
17.14 0.103351301578237
17.15 0.104670432902521
17.16 0.115591101545876
17.17 0.134210907767432
17.18 0.140302007640014
17.19 0.127378057447141
17.2 0.028053642881011
17.21 0.051688574916109
17.22 0.046448051833517
17.23 0.045475795159037
17.24 0.057705916448133
17.25 0.04271919297504
17.26 0.033540392899997
17.27 -0.020829041649343
17.28 -0.056742678071445
17.29 -0.042456188190787
17.3 -0.055407367626497
17.31 -0.072136696820724
17.32 -0.063448293687663
17.33 -0.082310290302391
17.34 -0.089142201038239
17.35 -0.103021720290255
17.36 -0.121618555102479
17.37 -0.128418681441259
17.38 -0.143885241557233
17.39 -0.145958172880221
17.4 -0.148729374933683
17.41 -0.15130234944845
17.42 -0.148880954635291
17.43 -0.154474365366625
17.44 -0.159638565051639
17.45 -0.167095830571902
17.46 -0.178779167704181
17.47 -0.170788797237079
17.48 -0.166784375055729
17.49 -0.15754029312572
17.5 -0.138516331748902
17.51 -0.095423226451186
17.52 -0.047745860701974
17.53 -0.048812832418429
17.54 -0.038566979967766
17.55 -0.016040364101778
17.56 -0.007489290768155
17.57 0.012484997634298
17.58 0.049986932441569
17.59 0.086786222136419
17.6 0.107614180126768
17.61 0.113957021817252
17.62 0.12148715104523
17.63 0.136125706284557
17.64 0.145222640423641
17.65 0.146585267543184
17.66 0.152526627604776
17.67 0.158111485080432
17.68 0.15422421400374
17.69 0.145321236260171
17.7 0.130223949230947
17.71 0.114307410209866
17.72 0.101191511621912
17.73 0.09148536829547
17.74 0.084806693398298
17.75 0.074976973504933
17.76 0.065078657412999
17.77 0.056385895291456
17.78 0.051387034323772
17.79 0.050102178460525
17.8 0.055597666342815
17.81 0.059759143423029
17.82 0.063532401792853
17.83 0.054036340342064
17.84 0.041414255441968
17.85 0.017046865282431
17.86 0.013099784219634
17.87 0.015579861883379
17.88 0.029434618191294
17.89 0.004860379717707
17.9 -0.015487929111885
17.91 -0.019824204576194
17.92 -0.051093272245121
17.93 -0.058703428351693
17.94 -0.056205596243663
17.95 -0.0493521792123
17.96 -0.038846152599238
17.97 -0.013382348173067
17.98 0.012885977332968
17.99 0.008837842131576
18.0 0.006640263292708
18.01 0.012777832192395
18.02 0.01411737238628
18.03 0.023817169151443
18.04 0.044257153774379
18.05 0.060854886787656
18.06 0.036006827038
18.07 0.019216018795528
18.08 0.013347374001867
18.09 0.010051079715515
18.1 0.011930006511499
18.11 -0.002351100292972
18.12 -0.034095171332693
18.13 -0.054126030471692
18.14 -0.063863736331289
18.15 -0.070277633078288
18.16 -0.050569370902979
18.17 0.000310254530397
18.18 0.004304621375337
18.19 0.021782737332859
18.2 0.016708565874438
18.21 0.02232353607105
18.22 0.037259254270277
18.23 0.052413874823419
18.24 0.090701399708784
18.25 0.112622883908467
18.26 0.11808614016287
18.27 0.128141999915035
18.28 0.119674935710732
18.29 0.079096546451591
18.3 0.043894173430472
18.31 0.037670350943068
18.32 0.035673297969373
18.33 0.025693584249292
18.34 0.01683995257349
18.35 -0.004068370249831
18.36 -0.037605321344871
18.37 -0.073626061109137
18.38 -0.088105409231052
18.39 -0.0869243533035
18.4 -0.088787116475525
18.41 -0.089198775857666
18.42 -0.075160923025301
18.43 -0.057769958903455
18.44 -0.053671972386997
18.45 -0.050250156185071
18.46 -0.046723225156698
18.47 -0.043622322063468
18.48 -0.029752816952853
18.49 -0.008359561770617
18.5 0.007509768942549
18.51 0.00426076212481
18.52 -0.010515447608163
18.53 -0.015366254826008
18.54 -0.024545934165306
18.55 -0.027769461276889
18.56 -0.032630708520911
18.57 -0.03499518391967
18.58 -0.05405560980926
18.59 -0.072001973240031
18.6 -0.085867156792103
18.61 -0.096572607958482
18.62 -0.094600374621511
18.63 -0.078501846655393
18.64 -0.051399664663388
18.65 -0.045765596409172
18.66 -0.029770037888826
18.67 -0.039775923140713
18.68 -0.038882556088827
18.69 -0.027058594302231
18.7 -0.014818538340865
18.71 0.007182478526221
18.72 0.006257827515005
18.73 0.011612741630403
18.74 0.006898662626087
18.75 -0.001228144277128
18.76 -0.001193250851932
18.77 -0.002809375049896
18.78 -0.009093688341788
18.79 -0.010410537557835
18.8 -0.013615606438478
18.81 -0.014459667828272
18.82 -0.023791960945509
18.83 -0.022526107908147
18.84 -0.015855985237775
18.85 -0.009384585408311
18.86 -0.000419404021385
18.87 0.009060519379116
18.88 0.01482512370387
18.89 0.019147884628821
18.9 0.018064444136115
18.91 0.019229630651219
18.92 0.033927515490711
18.93 0.062634247443233
18.94 0.068232970944604
18.95 0.054855017511461
18.96 0.057287979328486
18.97 0.053734404447955
18.98 0.04022617421835
18.99 0.044217795225769
19.0 0.06261606487582
19.01 0.072494977335889
19.02 0.06423326913021
19.03 0.050419797926234
19.04 0.041654705330963
19.05 0.009977518774119
19.06 -0.015562938085553
19.07 -0.014235323954668
19.08 -0.018330960863301
19.09 -0.025844731855082
19.1 -0.038300368346178
19.11 -0.052066697054059
19.12 -0.075728845100675
19.13 -0.098735610165744
19.14 -0.103493380375044
19.15 -0.104310064309015
19.16 -0.100539015134271
19.17 -0.106048142678081
19.18 -0.112970159560779
19.19 -0.11422427858907
19.2 -0.124942775044632
19.21 -0.123579048199645
19.22 -0.110560905909192
19.23 -0.08824149039931
19.24 -0.059983366002818
19.25 -0.031740397295367
19.26 -0.023630359246843
19.27 -0.026004254833463
19.28 -0.019956235182528
19.29 -0.006924860039952
19.3 0.003784986162624
19.31 0.025357955246564
19.32 0.043084207736049
19.33 0.049578083720208
19.34 0.050797696680977
19.35 0.052172622937177
19.36 0.055631846654474
19.37 0.056218018499402
19.38 0.056697187807661
19.39 0.060420587390147
19.4 0.059191725355974
19.41 0.064351178240178
19.42 0.07834189596546
19.43 0.082269780100536
19.44 0.092507054354675
19.45 0.096212618841463
19.46 0.100416826220685
19.47 0.102075100907415
19.48 0.100291829879615
19.49 0.105648949120208
19.5 0.112041181270569
19.51 0.114104234808145
19.52 0.115684021333986
19.53 0.113405960102592
19.54 0.107666314449386
19.55 0.096902740492334
19.56 0.071699844276735
19.57 0.062513263500043
19.58 0.061301894606005
19.59 0.054972266144813
19.6 0.053241136127746
19.61 0.04364929097473
19.62 0.03496949574209
19.63 0.022518876401915
19.64 0.022023078580884
19.65 0.033800986040794
19.66 0.043598888381389
19.67 0.053558462266242
19.68 0.062697008520481
19.69 0.064989775888522
19.7 0.066808246576016
19.71 0.067443992783797
19.72 0.07111983637825
19.73 0.07292335638495
19.74 0.061289650912324
19.75 0.041655383666378
19.76 0.029111848197855
19.77 0.014080587576033
19.78 0.001265245695251
19.79 -0.002276981140145
19.8 -0.016247130380848
19.81 -0.058594116471636
19.82 -0.094079421896064
19.83 -0.102888874609979
19.84 -0.117139067041734
19.85 -0.132027721695014
19.86 -0.13097125658581
19.87 -0.132483835157716
19.88 -0.138919221939159
19.89 -0.145532235751328
19.9 -0.151506494050042
19.91 -0.136237337759564
19.92 -0.095152168751816
19.93 -0.0759595821001
19.94 -0.087334436393432
19.95 -0.080198257584397
19.96 -0.081735227270872
19.97 -0.074457191842735
19.98 -0.056915795451626
19.99 -0.035808174976937
20.0 -0.007343917490351
20.01 -0.023135507175738
20.02 -0.020724917997243
20.03 -0.028933898022276
20.04 -0.04403953375179
20.05 -0.049671067340345
20.06 -0.063636642339644
20.07 -0.068887890216006
20.08 -0.061658808324698
20.09 -0.044083868996976
20.1 -0.029917296622077
20.11 -0.029946948783118
20.12 -0.020910772641425
20.13 -0.023554000781063
20.14 -0.017638457239504
20.15 -0.013751523663741
20.16 0.001628060005076
20.17 0.040172061811146
20.18 0.069322139119099
20.19 0.071751588954767
20.2 0.079021407042544
20.21 0.087427503172753
20.22 0.08217078741383
20.23 0.080734342562657
20.24 0.080762003590262
20.25 0.081050812669094
20.26 0.074861939498868
20.27 0.032507222173359
20.28 0.044038829459379
20.29 0.036520371837696
20.3 0.033624666863225
20.31 0.029033884699155
20.32 0.018665916356058
20.33 0.00206361559595
20.34 -0.014287939200249
20.35 -0.01543573098011
20.36 -0.011567503882562
20.37 -0.02018556002567
20.38 -0.019091353887732
20.39 -0.013212542326553
20.4 -0.008746785695259
20.41 -0.00582467634609
20.42 -0.007131087074938
20.43 -0.012582300175452
20.44 -0.017841814658244
20.45 -0.018791167268335
20.46 -0.021049934248923
20.47 -0.021319846937885
20.48 -0.019592528896646
20.49 -0.037036655682491
20.5 -0.052303792278226
20.51 -0.047645688537896
20.52 -0.059085630469712
20.53 -0.061554198212348
20.54 -0.065708165125934
20.55 -0.067104869126292
20.56 -0.073686896658518
20.57 -0.084354578852159
20.58 -0.086379539393699
20.59 -0.082813858462765
20.6 -0.078923087386576
20.61 -0.051675395720759
20.62 -0.029242043957146
20.63 -0.043856834995213
20.64 -0.029212613454451
20.65 -0.034179372876365
20.66 -0.022678748390991
20.67 -0.009616431911489
20.68 0.014173001526866
20.69 0.033672212576376
20.7 0.02658967867537
20.71 0.029193215690343
20.72 0.035815066313369
20.73 0.034597923004736
20.74 0.042633153159807
20.75 0.040107016634873
20.76 0.044114150715505
20.77 0.039860587668377
20.78 0.038218698918191
20.79 0.036380787968346
20.8 0.033284707868555
20.81 0.032605277262477
20.82 0.034556115253001
20.83 0.03445917983316
20.84 0.033652057704287
20.85 0.03142935835891
20.86 0.031750843779406
20.87 0.029575383177066
20.88 0.032782811883814
20.89 0.037036452467077
20.9 0.036599205760348
20.91 0.038594553925247
20.92 0.037559972826903
20.93 0.039778730377994
20.94 0.039673283941037
20.95 0.0384466852414
20.96 0.039762460387419
20.97 0.018523121072144
20.98 0.012363221970579
20.99 0.015978923335001
21.0 -4.4952937379e-05
21.01 -0.001888544281852
21.02 -0.0133342203618
21.03 -0.023322015004052
21.04 -0.038937723921029
21.05 -0.045435962272451
21.06 -0.044803222332312
21.07 -0.05450394397658
21.08 -0.058956593808217
21.09 -0.058903050354445
21.1 -0.062772211345118
21.11 -0.062754324771402
21.12 -0.063330773864027
21.13 -0.061801217789394
21.14 -0.059010228115842
21.15 -0.054231444491735
21.16 -0.048099933744256
21.17 -0.042724269055817
21.18 -0.038829157582208
21.19 -0.033470102322095
21.2 -0.028777016679441
21.21 -0.024957415664665
21.22 -0.018483310793669
21.23 -0.012286400511275
21.24 -0.007154422135853
21.25 -0.004631332323175
21.26 -0.002835707359456
21.27 0.001608165755104
21.28 0.007580471860805
21.29 0.015119032970088
21.3 0.021917742414228
21.31 0.027528424028703
21.32 0.033124944358938
21.33 0.036956760335682
21.34 0.043459589028584
21.35 0.052746326003193
21.36 0.060349571627956
21.37 0.068397310403776
21.38 0.076013949321098
21.39 0.082174398599345
21.4 0.087153216810929
21.41 0.08916761868518
21.42 0.090143193669434
21.43 0.089815502580251
21.44 0.089336397877847
21.45 0.094705536559798
21.46 0.097822197125771
21.47 0.067558980854774
21.48 0.025569319445458
21.49 0.024352032960271
21.5 0.026799055087223
21.51 0.010098810602747
21.52 0.008265397342082
21.53 0.005178169614038
21.54 -0.024008237650349
21.55 -0.043653572050641
21.56 -0.048900777921238
21.57 -0.037191376222639
21.58 -0.026910787553985
21.59 -0.015521571317747
21.6 0.004545561327342
21.61 0.001735382992991
21.62 0.005383633165658
21.63 0.013344774528957
21.64 0.01766846546392
21.65 0.025774762210709
21.66 0.040958566358743
21.67 0.042361419949418
21.68 0.040239318002853
21.69 0.030565975899904
21.7 0.03020085124883
21.71 0.021785157269395
21.72 0.014988697558666
21.73 0.007159281635269
21.74 -0.003953893261873
21.75 -0.013845983494112
21.76 -0.014513183828023
21.77 -0.00420306040271
21.78 0.010846711033183
21.79 0.006875767539257
21.8 0.001900255301587
21.81 0.005880603460573
21.82 -2.081470072e-06
21.83 0.000739770540272
21.84 0.009829901765769
21.85 0.012776153789641
21.86 -0.00091329351529
21.87 -0.00560199505855
21.88 -0.011812490876929
21.89 -0.018398874561364
21.9 -0.017596530842404
21.91 -0.020148790933162
21.92 -0.038010047553358
21.93 -0.040267826074626
21.94 -0.039997842817048
21.95 -0.047190311606815
21.96 -0.044475742005089
21.97 -0.042303068883945
21.98 -0.03838475613031
21.99 -0.035483414023241
22.0 -0.020082177829941
22.01 -0.010249888662806
22.02 -0.007491134574914
22.03 -0.006382716601558
22.04 -0.006647676219608
22.05 -0.004650300185818
22.06 -0.002955157073349
22.07 5.602468795e-05
22.08 0.00489622012395
22.09 0.006813489710379
22.1 0.005414787412261
22.11 0.004657821360447
22.12 0.005529833019969
22.13 0.005384239874804
22.14 0.007955253122463
22.15 0.00792562672157
22.16 0.002082050354614
22.17 -0.007943277893663
22.18 -0.011757329055222
22.19 -0.008547344828287
22.2 -0.006460918806418
22.21 -0.008755426433892
22.22 -0.015309115545149
22.23 -0.022046092345493
22.24 -0.030346115092756
22.25 -0.035582601212215
22.26 -0.037754679682381
22.27 -0.040629074990302
22.28 -0.043763245303925
22.29 -0.04418206571022
22.3 -0.042368872734647
22.31 -0.040714436679481
22.32 -0.037281033828821
22.33 -0.041308220354574
22.34 -0.045240766301076
22.35 -0.042834869183435
22.36 -0.04349990079032
22.37 -0.043578652201637
22.38 -0.041317733931517
22.39 -0.041166875712203
22.4 -0.041129319122058
22.41 -0.032717668400478
22.42 -0.028810218501369
22.43 -0.028382296737443
22.44 -0.025491110249163
22.45 -0.021691143615932
22.46 -0.018531483684317
22.47 -0.010702871240704
22.48 -0.005572105107686
22.49 -0.007582148034842
22.5 -0.011359717542403
22.51 -0.016366042679704
22.52 -0.022229449538751
22.53 -0.019933084378229
22.54 -0.018808113122433
22.55 -0.020802623638222
22.56 -0.022803036693883
22.57 -0.026282527229972
22.58 -0.028063879135994
22.59 -0.025928318479347
22.6 -0.018128172061041
22.61 -0.012747497412831
22.62 -0.007178511795599
22.63 8.7958758288e-05
22.64 0.003578911651689
22.65 0.009347976256089
22.66 0.020555918946742
22.67 0.026152895738382
22.68 0.028076680928425
22.69 0.031986537452925
22.7 0.030828016058439
22.71 0.029115154372946
22.72 0.026116772661134
22.73 0.02966644679549
22.74 0.030652294651295
22.75 0.029584194745458
22.76 0.030498340414513
22.77 0.030201663163611
22.78 0.029599508055922
22.79 0.030073237880324
22.8 0.032961468319898
22.81 0.033224759550034
22.82 0.032101444261004
22.83 0.034438852403316
22.84 0.037162367516323
22.85 0.029556136361632
22.86 0.020282398112589
22.87 0.016489270276269
22.88 0.010090058919348
22.89 0.005129331959689
22.9 0.004296830847424
22.91 -0.000326885502493
22.92 -0.008926997239567
22.93 -0.017570710139056
22.94 -0.017637637524935
22.95 -0.016756265287823
22.96 -0.015466886139715
22.97 -0.00950972645418
22.98 -0.005929322223722
22.99 -0.00449438308584
23.0 -0.002844281746179
23.01 0.000335725584731
23.02 0.003834582613847
23.03 0.009611195995112
23.04 0.016387459485351
23.05 0.020855793005183
23.06 0.024536782115761
23.07 0.029166102852222
23.08 0.03361456661829
23.09 0.036330110152565
23.1 0.036612174134529
23.11 0.037609175270106
23.12 0.038735389627888
23.13 0.041712133842792
23.14 0.047749414980696
23.15 0.053039865162638
23.16 0.054683390113734
23.17 0.053034820288141
23.18 0.049538360585092
23.19 0.048704898296119
23.2 0.048343562725768
23.21 0.050046869965985
23.22 0.053599406401921
23.23 0.053755955665285
23.24 0.048686405651956
23.25 0.038847221131168
23.26 0.023277456010909
23.27 0.011186769606955
23.28 0.01042483387434
23.29 0.013669470123413
23.3 0.009625301819176
23.31 0.001646108607152
23.32 -0.005661629004034
23.33 -0.01910209002163
23.34 -0.027305156740785
23.35 -0.027808156804561
23.36 -0.027792211706014
23.37 -0.030641815771987
23.38 -0.034895400762494
23.39 -0.03514213430901
23.4 -0.035015437560474
23.41 -0.035423775327495
23.42 -0.033101096054932
23.43 -0.031782511925026
23.44 -0.02728941549578
23.45 -0.02342559397805
23.46 -0.021164435648357
23.47 -0.020895136113672
23.48 -0.020651780450956
23.49 -0.0213251939654
23.5 -0.021124807410227
23.51 -0.020237685289354
23.52 -0.021841632927233
23.53 -0.024245046714285
23.54 -0.025802710049634
23.55 -0.02378197970061
23.56 -0.020440836192058
23.57 -0.01276162335753
23.58 -0.01590602319516
23.59 -0.018065084332673
23.6 -0.014012555251389
23.61 -0.010983908946559
23.62 -0.003413267051168
23.63 0.009222217036196
23.64 0.017225863801269
23.65 0.01950184141513
23.66 0.020172332277731
23.67 0.025216905314733
23.68 0.025285832277848
23.69 0.027723805506903
23.7 0.030489288191272
23.71 0.029081424144378
23.72 0.022627783377028
23.73 0.016088647356839
23.74 0.014291222943243
23.75 0.015604261540046
23.76 0.016464781176339
23.77 0.017957700652168
23.78 0.015360843365964
23.79 0.010021482704478
23.8 0.006206518563847
23.81 0.004230049588146
23.82 0.002714652035145
23.83 -1.6658147356e-05
23.84 -0.003144840121455
23.85 -0.005596247531554
23.86 -0.009909841589726
23.87 -0.010087590685504
23.88 -0.012273784206009
23.89 -0.014392998791403
23.9 -0.016516726066435
23.91 -0.018389349100942
23.92 -0.019114233862846
23.93 -0.020292527081939
23.94 -0.016931963590601
23.95 -0.018276823774801
23.96 -0.019269429502186
23.97 -0.020218036400617
23.98 -0.021498538487332
23.99 -0.022641715759469
24.0 -0.021774852335738
24.01 -0.021569070539094
24.02 -0.021581179334691
24.03 -0.027340060805376
24.04 -0.029192074691497
24.05 -0.031011593879183
24.06 -0.031226749689486
24.07 -0.029201530372721
24.08 -0.024070819191624
24.09 -0.019275534471243
24.1 -0.013933181982952
24.11 -0.009306767855335
24.12 -0.003466121722918
24.13 -0.000800691572334
24.14 0.002070609086659
24.15 0.005206079384537
24.16 0.009561120972667
24.17 0.012325384302151
24.18 0.012299955550106
24.19 0.009993442003022
24.2 0.0068385947514
24.21 0.0024798053333
24.22 0.000105759334022
24.23 -0.001109337219953
24.24 -0.000198411868692
24.25 -0.000183035205967
24.26 -0.001657162317405
24.27 -0.004244137401053
24.28 -0.007973799611869
24.29 -0.009986265807628
24.3 -0.011043531231967
24.31 -0.009376456636514
24.32 -0.007399080584665
24.33 -0.005974293011224
24.34 -0.00590880583778
24.35 -0.008589406177922
24.36 -0.011749909122824
24.37 -0.019460303035485
24.38 -0.023713907056312
24.39 -0.026595335684491
24.4 -0.027130770563521
24.41 -0.027622371278877
24.42 -0.027072071714551
24.43 -0.028068373210756
24.44 -0.02900709511952
24.45 -0.027658434236744
24.46 -0.01511023828986
24.47 -0.00878855541949
24.48 -0.005039070364108
24.49 0.000327956226777
24.5 0.001633548950348
24.51 0.003788005719545
24.52 0.007841676357245
24.53 0.014254255554873
24.54 0.016998058744487
24.55 0.017033650906232
24.56 0.019451913958018
24.57 0.018533630295438
24.58 0.017952839245009
24.59 0.016451864089779
24.6 0.014495906742216
24.61 0.01394963953219
24.62 0.014998195636861
24.63 0.016564241644211
24.64 0.018987554304779
24.65 0.021859458324956
24.66 0.02390187307394
24.67 0.023927656042902
24.68 0.033034181388072
24.69 0.036972151829325
24.7 0.036796213869584
24.71 0.03997906870014
24.72 0.039769504043963
24.73 0.034363883991447
24.74 0.00992503934598
24.75 -0.0043342150432
24.76 0.001598795809425
24.77 -0.006272663524301
24.78 -0.006196288510965
24.79 -0.008894403909377
24.8 -0.02174145439253
24.81 -0.03846000084401
24.82 -0.050172156961003
24.83 -0.044428996295858
24.84 -0.039893357243836
24.85 -0.035895185394303
24.86 -0.02400990664592
24.87 -0.021820648894711
24.88 -0.019927293244257
24.89 -0.015224321339146
24.9 -0.009385526137942
24.91 -0.002205281203555
24.92 0.007407783656765
24.93 0.015352659982208
24.94 0.01759714243768
 
 
 
 
 
 
 
 
 
 
 
 
 
 
 
 
 
 
 
 
 
 
 
 
 
 
 
 
 
 
 
 
 
 
 
 
 
 
 
 
 
 
 
 
 
 
 
 
 
 
 
 
 
 
 
 
 
 
 
 
 
 
 
 
 
 
 
 
 
 
 
 
 
 
 
 
 
 
 
 
 
 
 
 
 
 
 
 
 
 
 
 
 
 
 
 
 
 
 
 
 
 
 
 
 
 
 
 
 
 
 
 
 
 
 
 
 
 
 
 
 
 
 
 
 
 
 
 
 
 
 
 
 
 
 
 
 
 
 
 
 
 
 
 
 
 
 
 
 
 
 
 
 
 
 
 
 
 
 
 
 
 
 
 
 
 
 
 
 
 
 
 
 
 
 
 
 
 
 
 
 
 
 
 
 
 
 
 
 
 
 
 
 
 
 
 
 
 
 
 
 
 
 
 
 
 
 
 
 
 
 
 
 
 
 
 
 
 
 
 
 
 
 
 
 
 
 
 
 
 
 
 
 
 
 
 
 
 
 
 
 
 
 
 
 
 
 
 
 
 
 
 
 
 
 
 
 
 
 
 
 
 
 
 
 
 
 
 
 
 
 
 
 
 
 
 
 
 
 
 
 
 
 
 
 
 
 
 
 
 
 
 
 
 
 
 
 
 
 
 
 
 
 
 
 
 
 
 
 
 
 
 
 
 
 
 
 
 
 
 
 
 
 
 
 
 
 
 
 
 
 
 
 
 
 
 
 
 
 
 
 
 
 
 
 
 
 
 
 
 
 
 
 
 
 
 
 
 
 
 
 
 
 
 
 
 
 
 
 
 
 
 
 
 
 
 
 
 
 
 
 
 
 
 
 
 
 
 
 
 
 
 
 
 
 
 
 
 
 
 
 
 
 
 
 
 
 
 
 
 
 
 
 
 
 
 
 
 
 
 
 
 
 
 
 
 
 
 
 
 
 
 
 
 
 
 
 
 
 
 
 
 
 
 
 
 
 
 
 
 
 
 
 
 
 
 
 
 
 
 
 
 
 
 
 
 
 
 
 
 
 
 
 
 
 
 
 
 
 
 
 
 
 
 
 
 
 
 
 
 
 
 
 
 
 
 
 
 
 
 
 
 
 
 
 
 
 
 
 
 
 
 
 
 
 
 
 
 
 
 
 
 
 
 
 
 
 
 
 
 
 
 
 
 
 
 
 
 
 
 
 
 
 
 
 
 
 
 
 
 
 
 
 
 
 
 
 
 
 
 
 
 
 
 
 
 
 
 
 
 
 
 
 
 
 
 
 
 
 
 
 
 
 
 
 
 
 
 
 
 
 
 
 
 
 
 
 
 
 
 
 
 
 
 
 
 
 
 
 
 
 
 
 
 
 
 
 
 
 
 
 
 
 
 
 
 
 
 
 
 
 
 
 
 
 
 
 
 
 
 
 
 
 
 
 
 
 
 
 
 
 
 
 
 
 
 
 
 
 
 
 
 
 
 
 
 
 
 
 
 
 
 
 
 
 
 
 
 
 
 
 
 
 
 
 
 
 
 
 
 
 
 
 
 
 
 
 
 
 
 
 
 
 
 
 
 
 
 
 
 
 
 
 
 
 
 
 
 
 
 
 
 
 
 
 
 
 
 
 
 
 
 
 
 
 
 
 
 
 
 
 
 
 
 
 
 
 
 
 
 
 
 
 
 
 
 
 
 
 
 
 
 
 
 
 
 
 
 
 
 
 
 
 
 
 
 
 
 
 
 
 
 
 
 
 
 
 
 
 
 
 
 
 
 
 
 
 
 
 
 
 
 
 
 
 
 
 
 
 
 
 
 
 
 
 
 
 
 
 
 
 
 
 
 
 
 
 
 
 
 
 
 
 
 
 
 
 
 
 
 
 
 
 
 
 
 
 
 
 
 
 
 
 
 
 
 
 
 
 
 
 
 
 
 
 
 
 
 
 
 
 
 
 
 
 
 
 
 
 
 
 
 
 
 
 
 
 
 
 
 
 
 
 
 
 
 
 
 
 
 
 
 
 
 
 
 
 
 
 
 
 
 
 
 
 
 
 
 
 
 
 
 
 
 
 
 
 
 
 
 
 
 
 
 
 
 
 
 
 
 
 
 
 
 
 
 
 
 
 
 
 
 
 
 
 
 
 
 
 
 
 
 
 
 
 
 
 
 
 
 
 
 
 
 
 
 
 
 
 
 
 
 
 
 
 
 
 
 
 
 
 
 
 
 
 
 
 
 
 
 
 
 
 
 
 
 
 
 
 
 
 
 
 
 
 
 
 
 
 
 
 
 
 
 
 
 
 
 
 
 
 
 
 
 
 
 
 
 
 
 
 
 
 
 
 
 
 
 
 
 
 
 
 
 
 
 
 
 
 
 
 
 
 
 
 
 
 
 
 
 
 
 
 
 
 
 
 
 
 
 
 
 
 
 
 
 
 
 
 
 
 
 
 
 
 
 
 
 
 
 
 
 
 
 
 
 
 
 
 
 
 
 
 
 
 
 
 
 
 
 
 
 
 
 
 
 
 
 
 
 
 
 
 
 
 
 
 
 
 
 
 
 
 
 
 
 
 
 
 
 
 
 
 
 
 
 
 
 
 
 
 
 
 
 
 
 
 
 
 
 
 
 
 
 
 
 
 
 
 
 
 
 
 
 
 
 
 
 
 
 
 
 
 
 
 
 
 
 
 
 
 
 
 
 
 
 
 
 
 
 
 
 
 
 
 
 
 
 
 
 
 
 
 
 
 
 
 
 
 
 
 
 
 
 
 
 
 
 
 
 
 
 
 
 
 
 
 
 
 
 
 
 
 
 
 
 
 
 
 
 
 
 
 
 
 
 
 
 
 
 
 
 
 
 
 
 
 
 
 
 
 
 
 
 
 
 
 
 
 
 
 
 
 
 
 
 
 
 
 
 
 
 
 
 
 
 
 
 
 
 
 
 
 
 
 
 
 
 
 
 
 
 
 
 
 
 
 
 
 
 
 
 
 
 
 
 
 
 
 
 
 
 
 
 
 
 
 
 
 
 
 
 
 
 
 
 
 
 
 
 
 
 
 
 
 
 
 
 
 
 
 
 
 
 
 
 
 
 
 
 
 
 
 
 
 
 
 
 
 
 
 
 
 
 
 
 
 
 
 
 
 
 
 
 
 
 
 
 
 
 
 
 
 
 
 
 
 
 
 
 
 
 
 
 
 
 
 
 
 
 
 
 
 
 
 
 
 
 
 
 
 
 
 
 
 
 
 
 
 
 
 
 
 
 
 
 
 
 
 
 
 
 
 
 
 
 
 
 
 
 
 
 
 
 
 
 
 
 
 
 
 
 
 
 
 
 
 
 
 
 
 
 
 
 
 
 
 
 
 
 
 
 
 
 
 
 
 
 
 
 
 
 
 
 
 
 
 
 
 
 
 
 
 
 
 
 
 
 
 
 
 
 
 
 
 
 
 
 
 
 
 
 
 
 
 
 
 
 
 
 
 
 
 
 
 
 
 
 
 
 
 
 
 
 
 
 
 
 
 
 
 
 
 
 
 
 
 
 
 
 
 
 
 
 
 
 
 
 
 
 
 
 
 
 
 
 
 
 
 
 
 
 
 
 
 
 
 
 
 
 
 
 
 
 
 
 
 
 
 
 
 
 
 
 
 
 
 
 
 
 
 
 
 
 
 
 
 
 
 
 
 
 
 
 
 
 
 
 
 
 
 
 
 
 
 
 
 
 
 
 
 
 
 
 
 
 
 
 
 
 
 
 
 
 
 
 
 
 
 
 
 
 
 
 
 
 
 
 
 
 
 
 
 
 
 
 
 
 
 
 
 
 
 
 
 
 
 
 
 
 
 
 
 
 
 
 
 
 
 
 
 
 
 
 
 
 
 
 
 
 
 
 
 
 
 
 
 
 
 
 
 
 
 
 
 
 
 
 
 
 
 
 
 
 
 
 
 
 
 
 
 
 
 
 
 
 
 
 
 
 
 
 
 
 
 
 
 
 
 
 
 
 
 
 
 
 
 
 
 
 
 
 
 
 
 
 
 
 
 
 
 
 
 
 
 
 
 
 
 
 
 
 
 
 
 
 
 
 
 
 
 
 
 
 
 
 
 
 
 
 
 
 
 
 
 
 
 
 
 
 
 
 
 
 
 
 
 
 
 
 
 
 
 
 
 
 
 
 
 
 
 
 
 
 
 
 
 
 
 
 
 
 
 
 
 
 
 
 
 
 
 
 
 
 
 
 
 
 
 
 
 
 
 
 
 
 
 
 
 
 
 
 
 
 
 
 
 
 
 
 
 
 
 
 
 
 
 
 
 
 
 
 
 
 
 
 
 
 
 
 
 
 
 
 
 
 
 
 
 
 
 
 
 
 
 
 
 
 
 
 
 
 
 
 
 
 
 
 
 
 
 
 
 
 
 
 
 
 
 
 
 
 
 
 
 
 
 
 
 
 
 
 
 
 
 
 
 
 
 
 
 
 
 
 
 
 
 
 
 
 
 
 
 
 
 
 
 
 
 
 
 
 
 
 
 
 
 
 
 
 
 
 
 
 
 
 
 
 
 
 
 
 
 
 
 
 
 
 
 
 
 
 
 
 
 
 
 
 
 
 
 
 
 
 
 
 
 
 
 
 
 
 
 
 
 
 
 
 
 
 
 
 
 
 
 
 
 
 
 
 
 
 
 
 
 
 
 
 
 
 
 
 
 
 
 
 
 
 
 
 
 
 
 
 
 
 
 
 
 
 
 
 
 
 
 
 
 
 
 
 
 
 
 
 
 
 
 
 
 
 
 
 
 
 
 
 
 
 
 
 
 
 
 
 
 
 
 
 
 
 
 
 
 
 
 
 
 
 
 
 
 
 
 
 
 
 
 
 
 
 
 
 
 
 
 
 
 
 
 
 
 
 
 
 
 
 
 
 
 
 
 
 
 
 
 
 
 
 
 
 
 
 
 
 
 
 
 
 
 
 
 
 
 
 
 
 
 
 
 
 
 
 
 
 
 
 
 
 
 
 
 
 
 
 
 
 
 
 
 
 
 
 
 
 
 
 
 
 
 
 
 
 
 
 
 
 
 
 
 
 
 
 
 
 
 
 
 
 
 
 
 
 
 
 
 
 
 
 
 
 
 
 
 
 
 
 
 
 
 
 
 
 
 
 
 
 
 
 
 
 
 
 
 
 
 
 
 
 
 
 
 
 
 
 
 
 
 
 
 
 
 
 
 
 
 
 
 
 
 
 
 
 
 
 
 
 
 
 
 
 
 
 
 
 
 
 
 
 
 
 
 
 
 
 
 
 
 
 
 
 
 
 
 
 
 
 
 
 
 
 
 
 
 
 
 
 
 
 
 
 
 
 
 
 
 
 
 
 
 
 
 
 
 
 
 
 
 
 
 
 
 
 
 
 
 
 
 
 
 
 
 
 
 
 
 
 
 
 
 
 
 
 
 
 
 
 
 
 
 
 
 
 
 
 
 
 
 
 
 
 
 
 
 
 
 
 
 
 
 
 
 
 
 
 
 
 
 
 
 
 
 
 
 
 
 
 
 
 
 
 
 
 
 
 
 
 
 
 
 
 
 
 
 
 
 
 
 
 
 
 
 
 
 
 
 
 
 
 
 
 
 
 
 
 
 
 
 
 
 
 
 
 
 
 
 
 
 
 
 
 
 
 
 
 
 
 
 
 
 
 
 
 
 
 
 
 
 
 
 
 
 
 
 
 
 
 
 
 
 
 
 
 
 
 
 
 
 
 
 
 
 
 
 
 
 
 
 
 
 
 
 
 
 
 
 
 
 
 
 
 
 
 
 
 
 
 
 
 
 
 
 
 
 
 
 
 
 
 
 
 
 
 
 
 
 
 
 
 
 
 
 
 
 
 
 
 
 
 
 
 
 
 
 
 
 
 
 
 
 
 
 
 
 
 
 
 
 
 
 
 
 
 
 
 
 
 
 
 
 
 
 
 
 
 
 
 
 
 
 
 
 
 
 
 
 
 
 
 
 
 
 
 
 
 
 
 
 
 
 
 
 
 
 
 
 
 
 
 
 
 
 
 
 
 
 
 
 
 
 
 
 
 
 
 
 
 
 
 
 
 
 
 
 
 
 
 
 
 
 
 
 
 
 
 
 
 
 
 
 
 
 
 
 
 
 
 
 
 
 
 
 
 
 
 
 
 
 
 
 
 
 
 
 
 
 
 
 
 
 
 
 
 
 
 
 
 
 
 
 
 
 
 
 
 
 
 
 
 
 
 
 
 
 
 
 
 
 
 
 
 
 
 
 
 
 
 
 
 
 
 
 
 
 
 
 
 
 
 
 
 
 
 
 
 
 
 
 
 
 
 
 
 
 
 
 
 
 
 
 
 
 
 
 
 
 
 
 
 
 
 
 
 
 
 
 
 
 
 
 
 
 
 
 
 
 
 
 
 
 
 
 
 
 
 
 
 
 
 
 
 
 
 
 
 
 
 
 
 
 
 
 
 
 
 
 
 
 
 
 
 
 
 
 
 
 
 
 
 
 
 
 
 
 
 
 
 
 
 
 
 
 
 
 
 
 
 
 
 
 
 
 
 
 
 
 
 
 
 
 
 
 
 
 
 
 
 
 
 
 
 
 
 
 
 
 
 
 
 
 
 
 
 
 
 
 
 
 
 
 
 
 
 
 
 
 
 
 
 
 
 
 
 
 
 
 
 
 
 
 
 
 
 
 
 
 
 
 
 
 
 
 
 
 
 
 
 
 
 
 
 
 
 
 
 
 
 
 
 
 
 
 
 
 
 
 
 
 
 
 
 
 
 
 
 
 
 
 
 
 
 
 
 
 
 
 
 
 
 
 
 
 
 
 
 
 
 
 
 
 
 
 
 
 
 
 
 
 
 
 
 
 
 
 
 
 
 
 
 
 
 
 
 
 
 
 
 
 
 
 
 
 
 
 
 
 
 
 
 
 
 
 
 
 
 
 
 
 
 
 
 
 
 
 
 
 
 
 
 
 
 
 
 
 
 
 
 
 
 
 
 
 
 
 
 
 
 
 
 
 
 
 
 
 
 
 
 
 
 
 
 
 
 
 
 
 
 
 
 
 
 
 
 
 
 
 
 
 
 
 
 
 
 
 
 
 
 
 
 
 
 
 
 
 
 
 
 
 
 
 
 
 
 
 
 
 
 
 
 
 
 
 
 
 
 
 
 
 
 
 
 
 
 
 
 
 
 
 
 
 
 
 
 
 
 
 
 
 
 
 
 
 
 
 
 
 
 
 
 
 
 
 
 
 
 
 
 
 
 
 
 
 
 
 
 
 
 
 
 
 
 
 
 
 
 
 
 
 
 
 
 
 
 
 
 
 
 
 
 
 
 
 
 
 
 
 
 
 
 
 
 
 
 
 
 
 
 
 
 
 
 
 
 
 
 
 
 
 
 
 
 
 
 
 
 
 
 
 
 
 
 
 
 
 
 
 
 
 
 
 
 
 
 
 
 
 
 
 
 
 
 
 
 
 
 
 
 
 
 
 
 
 
 
 
 
 
 
 
 
 
 
 
 
 
 
 
 
 
 
 
 
 
 
 
 
 
 
 
 
 
 
 
 
 
 
 
 
 
 
 
 
 
 
 
 
 
 
 
 
 
 
 
 
 
 
 
 
 
 
 
 
 
 
 
 
 
 
 
 
 
 
 
 
 
 
 
 
 
 
 
 
 
 
 
 
 
 
 
 
 
 
 
 
 
 
 
 
 
 
 
 
 
 
 
 
 
 
 
 
 
 
 
 
 
 
 
 
 
 
 
 
 
 
 
 
 
 
 
 
 
 
 
 
 
 
 
 
 
 
 
 
 
 
 
 
 
 
 
 
 
 
 
 
 
 
 
 
 
 
 
 
 
 
 
 
 
 
 
 
 
 
 
 
 
 
 
 
 
 
 
 
 
 
 
 
 
 
 
 
 
 
 
 
 
 
 
 
 
 
 
 
 
 
 
 
 
 
 
 
 
 
 
 
 
 
 
 
 
 
 
 
 
 
 
 
 
 
 
 
 
 
 
 
 
 
 
 
 
 
 
 
 
 
 
 
 
 
 
 
 
 
 
 
 
 
 
 
 
 
 
 
 
 
 
 
 
 
 
 
 
 
 
 
 
 
 
 
 
 
 
 
 
 
 
 
 
 
 
 
 
 
 
 
 
 
 
 
 
 
 
 
 
 
 
 
 
 
 
 
 
 
 
 
 
 
 
 
 
 
 
 
 
 
 
 
 
 
 
 
 
 
 
 
 
 
 
 
 
 
 
 
 
 
 
 
 
 
 
 
 
 
 
 
 
 
 
 
 
 
 
 
 
 
 
 
 
 
 
 
 
 
 
 
 
 
 
 
 
 
 
 
 
 
 
 
 
 
 
 
 
 
 
 
 
 
 
 
 
 
 
 
 
 
 
 
 
 
 
 
 
 
 
 
 
 
 
 
 
 
 
 
 
 
 
 
 
 
 
 
 
 
 
 
 
 
 
 
 
 
 
 
 
 
 
 
 
 
 
 
 
 
 
 
 
 
 
 
 
 
 
 
 
 
 
 
 
 
 
 
 
 
 
 
 
 
 
 
 
 
 
 
 
 
 
 
 
 
 
 
 
 
 
 
 
 
 
 
 
 
 
 
 
 
 
 
 
 
 
 
 
 
 
 
 
 
 
 
 
 
 
 
 
 
 
 
 
 
 
 
 
 
 
 
 
 
 
 
 
 
 
 
 
 
 
 
 
 
 
 
 
 
 
 
 
 
 
 
 
 
 
 
 
 
 
 
 
 
 
 
 
 
 
 
 
 
 
 
 
 
 
 
 
 
 
 
 
 
 
 
 
 
 
 
 
 
 
 
 
 
 
 
 
 
 
 
 
 
 
 
 
 
 
 
 
 
 
 
 
 
 
 
 
 
 
 
 
 
 
 
 
 
 
 
 
 
 
 
 
 
 
 
 
 
 
 
 
 
 
 
 
 
 
 
 
 
 
 
 
 
 
 
 
 
 
 
 
 
 
 
 
 
 
 
 
 
 
 
 
 
 
 
 
 
 
 
 
 
 
 
 
 
 
 
 
 
 
 
 
 
 
 
 
 
 
 
 
 
 
 
 
 
 
 
 
 
 
 
 
 
 
 
 
 
 
 
 
 
 
 
 
 
 
 
 
 
 
 
 
 
 
 
 
 
 
 
 
 
 
 
 
 
 
 
 
 
 
 
 
 
 
 
 
 
 
 
 
 
 
 
 
 
 
 
 
 
 
 
 
 
 
 
 
 
 
 
 
 
 
 
 
 
 
 
 
 
 
 
 
 
 
 
 
 
 
 
 
 
 
 
 
 
 
 
 
 
 
 
 
 
 
 
 
 
 
 
 
 
 
 
 
 
 
 
 
 
 
 
 
 
 
 
 
 
 
 
 
 
 
 
 
 
 
 
 
 
 
 
 
 
 
 
 
 
 
 
 
 
 
 
 
 
 
 
 
 
 
 
 
 
 
 
 
 
 
 
 
 
 
 
 
 
 
 
 
 
 
 
 
 
 
 
 
 
 
 
 
 
 
 
 
 
 
 
 
 
 
 
 
 
 
 
 
 
 
 
 
 
 
 
 
 
 
 
 
 
 
 
 
 
 
 
 
 
 
 
 
 
 
 
 
 
 
 
 
 
 
 
 
 
 
 
 
 
 
 
 
 
 
 
 
 
 
 
 
 
 
 
 
 
 
 
 
 
 
 
 
 
 
 
 
 
 
 
 
 
 
 
 
 
 
 
 
 
 
 
 
 
 
 
 
 
 
 
 
 
 
 
 
 
 
 
 
 
 
 
 
 
 
 
 
 
 
 
 
 
 
 
 
 
 
 
 
 
 
 
 
 
 
 
 
 
 
 
 
 
 
 
 
 
 
 
 
 
 
 
 
 
 
 
 
 
 
 
 
 
 
 
 
 
 
 
 
 
 
 
 
 
 
 
 
 
 
 
 
 
 
 
 
 
 
 
 
 
 
 
 
 
 
 
 
 
 
 
 
 
 
 
 
 
 
 
 
 
 
 
 
 
 
 
 
 
 
 
 
 
 
 
 
 
 
 
 
 
 
 
 
 
 
 
 
 
 
 
 
 
 
 
 
 
 
 
 
 
 
 
 
 
 
 
 
 
 
 
 
 
 
 
 
 
 
 
 
 
 
 
 
 
 
 
 
 
 
 
 
 
 
 
 
 
 
 
 
 
 
 
 
 
 
 
 
 
 
 
 
 
 
 
 
 
 
 
 
 
 
 
 
 
 
 
 
 
 
 
 
 
 
 
 
 
 
 
 
 
 
 
 
 
 
 
 
 
 
 
 
 
 
 
 
 
 
 
 
 
 
 
 
 
 
 
 
 
 
 
 
 
 
 
 
 
 
 
 
 
 
 
 
 
 
 
 
 
 
 
 
 
 
 
 
 
 
 
 
 
 
 
 
 
 
 
 
 
 
 
 
 
 
 
 
 
 
 
 
 
 
 
 
 
 
 
 
 
 
 
 
 
 
 
 
 
 
 
 
 
 
 
 
 
 
 
 
 
 
 
 
 
 
 
 
 
 
 
 
 
 
 
 
 
 
 
 
 
 
 
 
 
 
 
 
 
 
 
 
 
 
 
 
 
 
 
 
 
 
 
 
 
 
 
 
 
 
 
 
 
 
 
 
 
 
 
 
 
 
 
 
 
 
 
 
 
 
 
 
 
 
 
 
 
 
 
 
 
 
 
 
 
 
 
 
 
 
 
 
 
 
 
 
 
 
 
 
 
 
 
 
 
 
 
 
 
 
 
 
 
 
 
 
 
 
 
 
 
 
 
 
 
 
 
 
 
 
 
 
 
 
 
 
 
 
 
 
 
 
 
 
 
 
 
 
 
 
 
 
 
 
 
 
 
 
 
 
 
 
 
 
 
 
 
 
 
 
 
 
 
 
 
 
 
 
 
 
 
 
 
 
 
 
 
 
 
 
 
 
 
 
 
 
 
 
 
 
 
 
 
 
 
 
 
 
 
 
 
 
 
 
 
 
 
 
 
 
 
 
 
 
 
 
 
 
 
 
 
 
 
 
 
 
 
 
 
 
 
 
 
 
 
 
 
 
 
 
 
 
 
 
 
 
 
 
 
 
 
 
 
 
 
 
 
 
 
 
 
 
 
 
 
 
 
 
 
 
 
 
 
 
 
 
 
 
 
 
 
 
 
 
 
 
 
 
 
 
 
 
 
 
 
 
 
 
 
 
 
 
 
 
 
 
 
 
 
 
 
 
 
 
 
 
 
 
 
 
 
 
 
 
 
 
 
 
 
 
 
 
 
 
 
 
 
 
 
 
 
 
 
 
 
 
 
 
 
 
 
 
 
 
 
 
 
 
 
 
 
 
 
 
 
 
 
 
 
 
 
 
 
 
 
 
 
 
 
 
 
 
 
 
 
 
 
 
 
 
 
 
 
 
 
 
 
 
 
 
 
 
 
 
 
 
 
 
 
 
 
 
 
 
 
 
 
 
 
 
 
 
 
 
 
 
 
 
 
 
 
 
 
 
 
 
 
 
 
 
 
 
 
 
 
 
 
 
 
 
 
 
 
 
 
 
 
 
 
 
 
 
 
 
 
 
 
 
 
 
 
 
 
 
 
 
 
 
 
 
 
 
 
 
 
 
 
 
 
 
 
 
 
 
 
 
 
 
 
 
 
 
 
 
 
 
 
 
 
 
 
 
 
 
 
 
 
 
 
 
 
 
 
 
 
 
 
 
 
 
 
 
 
 
 
 
 
 
 
 
 
 
 
 
 
 
 
 
 
 
 
 
 
 
 
 
 
 
 
 
 
 
 
 
 
 
 
 
 
 
 
 
 
 
 
 
 
 
 
 
 
 
 
 
 
 
 
 
 
 
 
 
 
 
 
 
 
 
 
 
 
 
 
 
 
 
 
 
 
 
 
 
 
 
 
 
 
 
 
 
 
 
 
 
 
 
 
 
 
 
 
 
 
 
 
 
 
 
 
 
 
 
 
 
 
 
 
 
 
 
 
 
 
 
 
 
 
 
 
 
 
 
 
 
 
 
 
 
 
 
 
 
 
 
 
 
 
 
 
 
 
 
 
 
 
 
 
 
 
 
 
 
 
 
 
 
 
 
 
 
 
 
 
 
 
 
 
 
 
 
 
 
 
 
 
 
 
 
 
 
 
 
 
 
 
 
 
 
 
 
 
 
 
 
 
 
 
 
 
 
 
 
 
 
 
 
 
 
 
 
 
 
 
 
 
 
 
 
 
 
 
 
 
 
 
 
 
 
 
 
 
 
 
 
 
 
 
 
 
 
 
 
 
 
 
 
 
 
 
 
 
 
 
 
 
 
 
 
 
 
 
 
 
 
 
 
 
 
 
 
 
 
 
 
 
 
 
 
 
 
 
 
 
 
 
 
 
 
 
 
 
 
 
 
 
 
 
 
 
 
 
 
 
 
 
 
 
 
 
 
 
 
 
 
 
 
 
 
 
 
 
 
 
 
 
 
 
 
 
 
 
 
 
 
 
 
 
 
 
 
 
 
 
 
 
 
 
 
 
 
 
 
 
 
 
 
 
 
 
 
 
 
 
 
 
 
 
 
 
 
 
 
 
 
 
 
 
 
 
 
 
 
 
 
 
 
 
 
 
 
 
 
 
 
 
 
 
 
 
 
 
 
 
 
 
 
 
 
 
 
 
 
 
 
 
 
 
 
 
 
 
 
 
 
 
 
 
 
 
 
 
 
 
 
 
 
 
 
 
 
 
 
 
 
 
 
 
 
 
 
 
 
 
 
 
 
 
 
